1416420 2329.5
1416430 2329.5
1416440 2337.8
1416450 2347.6
1416460 2347.6
1416470 2358.9
1416480 2367.4
1416490 2367.4
1416500 2373.7
1416510 2384.0
1416520 2398.1
1416530 2398.1
1416540 2408.9
1416550 2407.1
1416560 2407.1
1416570 2394.6
1416580 2393.1
1416590 2393.1
1416600 2388.7
1416610 2391.5
1416620 2391.5
1416630 2374.4
1416640 2363.0
1416650 2363.0
1416660 2370.7
1416670 2382.6
1416680 2394.7
1416690 2394.7
1416700 2407.4
1416710 2415.9
1416720 2415.9
1416730 2423.2
1416740 2424.1
1416750 2424.1
1416760 2429.2
1416770 2455.9
1416780 2455.9
1416790 2468.2
1416800 2459.6
1416810 2459.6
1416820 2449.3
1416830 2441.0
1416840 2433.9
1416850 2440.0
1416860 2435.7
1416870 2430.0
1416880 2430.0
1416890 2424.1
1416900 2416.7
1416910 2416.7
1416920 2409.6
1416930 2401.4
1416940 2401.4
1416950 2391.3
1416960 2381.2
1416970 2381.2
1416980 2367.3
1416990 2344.9
1417000 2319.3
1417010 2319.3
1417020 2300.1
1417030 2283.0
1417040 2283.0
1417050 2264.3
1417060 2248.0
1417070 2248.0
1417080 2235.0
1417090 2223.5
1417100 2223.5
1417110 2219.1
1417120 2212.5
1417130 2212.5
1417140 2201.3
1417150 2190.1
1417160 2180.7
1417170 2180.7
1417180 2168.1
1417190 2162.6
1417200 2162.6
1417210 2157.3
1417220 2151.9
1417230 2151.9
1417240 2145.4
1417250 2138.2
1417260 2138.2
1417270 2131.8
1417280 2125.3
1417290 2125.3
1417300 2117.9
1417310 2110.9
1417320 2104.3
1417330 2104.3
1417340 2098.0
1417350 2091.8
1417360 2091.8
1417370 2085.9
1417380 2079.9
1417390 2079.9
1417400 2074.2
1417410 2068.8
1417420 2068.8
1417430 2063.5
1417440 2058.7
1417450 2058.7
1417460 2054.5
1417470 2050.2
1417480 2046.2
1417490 2046.2
1417500 2042.6
1417510 2039.6
1417520 2039.6
1417530 2036.4
1417540 2033.5
1417550 2033.5
1417560 2030.8
1417570 2026.1
1417580 2026.1
1417590 2021.7
1417600 2018.5
1417610 2018.5
1417620 2014.7
1417630 2010.6
1417640 2007.6
1417650 2007.6
1417660 2007.4
1417670 2009.0
1417680 2009.0
1417690 2011.1
1417700 2011.6
1417710 2011.6
1417720 2011.4
1417730 2011.0
1417740 2011.0
1417750 2010.6
1417760 2009.8
1417770 2009.8
1417780 2008.9
1417790 2008.2
1417800 2005.7
1417810 2005.7
1417820 2002.8
1417830 2000.6
1417840 2000.6
1417850 1999.0
1417860 1998.3
1417870 1998.3
1417880 2000.6
1417890 2006.7
1417900 2006.7
1417910 2014.2
1417920 2017.7
1417930 2017.7
1417940 2019.8
1417950 2021.6
1417960 2019.2
1417970 2019.2
1417980 2015.8
1417990 2012.8
1418000 2012.8
1418010 2006.5
1418020 1997.3
1418030 1997.3
1418040 1990.9
1418050 1986.0
1418060 1986.0
1418070 1984.0
1418080 1983.6
1418090 1983.6
1418100 1979.9
1418110 1973.7
1418120 1968.4
1418130 1968.4
1418140 1969.0
1418150 1968.6
1418160 1968.6
1418170 1969.4
1418180 1970.7
1418190 1970.7
1418200 1971.9
1418210 1971.9
1418220 1971.9
1418230 1970.7
1418240 1969.9
1418250 1969.9
1418260 1968.5
1418270 1967.6
1418280 1967.3
1418290 1967.3
1418300 1968.5
1418310 1968.5
1418320 1968.5
1418330 1968.5
1418340 1968.7
1418350 1968.7
1418360 1969.4
1418370 1969.9
1418380 1969.9
1418390 1969.3
1418400 1968.0
1418410 1968.0
1418420 1966.1
1418430 1964.0
1418440 1962.8
1418450 1962.8
1418460 1962.8
1418470 1962.5
1418480 1962.5
1418490 1960.3
1418500 1955.5
1418510 1955.5
1418520 1958.9
1418530 1965.0
1418540 1965.0
1418550 1969.5
1418560 1973.3
1418570 1973.3
1418580 1976.2
1418590 1978.1
1418600 1980.2
1418610 1980.2
1418620 1980.9
1418630 1983.5
1418640 1983.5
1418650 1986.3
1418660 1988.7
1418670 1988.7
1418680 1992.3
1418690 1998.5
1418700 1998.5
1418710 2003.0
1418720 2006.2
1418730 2006.2
1418740 2015.4
1418750 2017.4
1418760 2019.8
1418770 2019.8
1418780 2022.2
1418790 2027.3
1418800 2027.3
1418810 2034.1
1418820 2039.7
1418830 2039.7
1418840 2037.0
1418850 2030.5
1418860 2030.5
1418870 2024.6
1418880 2019.6
1418890 2019.6
1418900 2019.5
1418910 2020.6
1418920 2022.7
1418930 2022.7
1418940 2023.7
1418950 2023.4
1418960 2023.4
1418970 2023.5
1418980 2023.4
1418990 2023.4
1419000 2022.4
1419010 2019.9
1419020 2019.9
1419030 2015.6
