1400000 2135.3
1400010 2131.0
1400020 2131.0
1400030 2126.4
1400040 2121.1
1400050 2115.4
1400060 2115.4
1400070 2109.8
1400080 2104.0
1400090 2104.0
1400100 2098.6
1400110 2093.7
1400120 2093.7
1400130 2089.8
1400140 2086.5
1400150 2086.5
1400160 2084.4
1400170 2082.2
1400180 2082.2
1400190 2079.2
1400200 2074.8
1400210 2070.3
1400220 2070.3
1400230 2066.4
1400240 2062.6
1400250 2062.6
1400260 2058.7
1400270 2055.2
1400280 2055.2
1400290 2053.2
1400300 2050.7
1400310 2050.7
1400320 2047.5
1400330 2046.2
1400340 2046.2
1400350 2046.8
1400360 2046.7
1400370 2045.6
1400380 2045.6
1400390 2045.6
1400400 2044.7
1400410 2044.7
1400420 2042.2
1400430 2043.3
1400440 2043.3
1400450 2039.6
1400460 2034.5
1400470 2034.5
1400480 2029.6
1400490 2023.7
1400500 2023.7
1400510 2016.4
1400520 2011.0
1400530 2006.1
1400540 2006.1
1400550 2001.5
1400560 1998.2
1400570 1998.2
1400580 1995.4
1400590 1992.0
1400600 1987.7
1400610 1985.7
1400620 1985.6
1400630 1985.6
1400640 1985.5
1400650 1983.6
1400660 1983.6
1400670 1979.1
1400680 1976.4
1400690 1974.1
1400700 1974.1
1400710 1970.9
1400720 1968.1
1400730 1968.1
1400740 1965.9
1400750 1964.4
1400760 1964.4
1400770 1965.2
1400780 1967.5
1400790 1967.5
1400800 1970.3
1400810 1973.7
1400820 1973.7
1400830 1977.8
1400840 1983.8
1400850 1986.9
1400860 1986.9
1400870 1986.1
1400880 1983.3
1400890 1983.3
1400900 1977.5
1400910 1977.5
1400920 1977.5
1400930 1983.4
1400940 1990.8
1400950 1990.8
1400960 1993.5
1400970 1998.1
1400980 1998.1
1400990 2005.7
1401000 2009.1
1401010 2011.7
1401020 2011.7
1401030 2015.1
1401040 2019.6
1401050 2019.6
1401060 2023.5
1401070 2027.7
1401080 2027.7
1401090 2032.1
1401100 2034.6
1401110 2034.6
1401120 2038.4
1401130 2045.9
1401140 2045.9
1401150 2048.2
1401160 2048.7
1401170 2051.5
1401180 2051.5
1401190 2057.1
1401200 2059.5
1401210 2059.5
1401220 2057.2
1401230 2056.6
1401240 2056.6
1401250 2065.5
1401260 2070.1
1401270 2070.1
1401280 2074.8
1401290 2078.7
1401300 2078.7
1401310 2081.2
1401320 2083.8
1401330 2087.4
1401340 2087.4
1401350 2086.9
1401360 2083.8
1401370 2083.8
1401380 2073.3
1401390 2065.5
1401400 2065.5
1401410 2070.7
1401420 2070.9
1401430 2070.9
1401440 2066.9
1401450 2062.3
1401460 2062.3
1401470 2054.2
1401480 2045.0
1401490 2038.4
1401500 2038.4
1401510 2033.0
1401520 2039.4
1401530 2039.4
1401540 2049.2
1401550 2051.6
1401560 2051.6
1401570 2051.5
1401580 2050.6
1401590 2050.6
1401600 2047.2
1401610 2047.9
1401620 2047.9
1401630 2045.8
1401640 2042.3
1401650 2041.8
1401660 2041.8
1401670 2044.8
1401680 2050.4
1401690 2050.4
1401700 2054.4
1401710 2055.7
1401720 2055.7
1401730 2056.7
1401740 2060.6
1401750 2060.6
1401760 2067.3
1401770 2075.0
1401780 2075.0
1401790 2082.6
1401800 2088.1
1401810 2093.8
1401820 2093.8
1401830 2099.8
1401840 2105.4
1401850 2105.4
1401860 2110.6
1401870 2114.6
1401880 2114.6
1401890 2118.1
1401900 2120.7
1401910 2120.7
1401920 2122.6
1401930 2124.9
1401940 2124.9
1401950 2129.2
1401960 2134.1
1401970 2138.0
1401980 2138.0
1401990 2140.6
1402000 2142.9
1402010 2142.9
1402020 2144.2
1402030 2145.1
1402040 2145.1
1402050 2145.5
1402060 2145.4
1402070 2145.4
1402080 2146.0
1402090 2147.9
1402100 2147.9
1402110 2144.4
1402120 2148.2
1402130 2153.0
1402140 2153.0
1402150 2157.6
1402160 2161.8
1402170 2161.8
1402180 2166.8
1402190 2172.3
1402200 2172.3
1402210 2175.6
1402220 2179.0
1402230 2179.0
1402240 2183.2
1402250 2186.9
1402260 2186.9
1402270 2189.9
1402280 2192.2
1402290 2194.1
1402300 2194.1
1402310 2195.3
1402320 2196.1
1402330 2196.1
1402340 2196.7
1402350 2196.9
1402360 2196.9
1402370 2196.7
1402380 2195.2
1402390 2195.2
1402400 2193.6
1402410 2191.9
1402420 2191.9
1402430 2190.9
1402440 2188.6
1402450 2185.1
1402460 2185.1
1402470 2182.5
1402480 2179.7
1402490 2179.7
1402500 2177.5
1402510 2176.2
1402520 2176.2
1402530 2175.7
1402540 2175.8
1402550 2175.8
1402560 2175.5
1402570 2174.7
1402580 2174.7
1402590 2172.6
1402600 2171.1
1402610 2171.1
1402620 2171.1
1402630 2171.3
1402640 2172.1
1402650 2172.1
1402660 2172.5
1402670 2173.2
1402680 2173.2
1402690 2173.6
1402700 2173.5
1402710 2173.5
1402720 2174.6
1402730 2176.2
1402740 2176.2
1402750 2177.7
1402760 2179.2
1402770 2181.2
1402780 2181.2
1402790 2184.0
1402800 2187.0
1402810 2187.0
1402820 2190.3
1402830 2193.9
1402840 2193.9
1402850 2198.0
1402860 2202.6
1402870 2202.6
1402880 2206.6
1402890 2210.0
1402900 2210.0
1402910 2213.1
1402920 2215.7
1402930 2219.0
1402940 2219.0
1402950 2222.6
1402960 2226.9
1402970 2226.9
1402980 2231.5
1402990 2236.6
1403000 2236.6
1403010 2242.3
1403020 2247.8
1403030 2247.8
1403040 2254.8
1403050 2261.5
1403060 2261.5
1403070 2269.0
1403080 2277.5
1403090 2285.3
1403100 2285.3
1403110 2293.2
1403120 2302.1
1403130 2302.1
1403140 2312.6
1403150 2322.5
1403160 2322.5
1403170 2328.9
1403180 2334.4
1403190 2334.4
1403200 2337.9
1403210 2336.8
1403220 2336.8
1403230 2334.9
1403240 2331.8
1403250 2329.2
1403260 2329.2
1403270 2327.0
1403280 2322.5
1403290 2322.5
1403300 2318.4
1403310 2314.6
1403320 2314.6
1403330 2310.3
1403340 2305.7
1403350 2305.7
1403360 2301.6
1403370 2296.9
1403380 2296.9
1403390 2291.3
1403400 2284.4
1403410 2277.4
1403420 2277.4
1403430 2270.1
1403440 2261.4
1403450 2261.4
1403460 2253.8
1403470 2246.1
1403480 2246.1
1403490 2239.1
1403500 2233.1
1403510 2233.1
1403520 2227.2
1403530 2221.8
1403540 2221.8
1403550 2217.5
1403560 2216.6
1403570 2218.8
1403580 2218.8
1403590 2221.9
1403600 2222.5
1403610 2222.5
1403620 2222.6
1403630 2223.2
1403640 2223.2
1403650 2216.6
1403660 2211.4
1403670 2211.4
1403680 2207.6
1403690 2204.6
1403700 2204.6
1403710 2203.4
1403720 2202.8
1403730 2201.4
1403740 2201.4
1403750 2199.0
1403760 2195.1
1403770 2195.1
1403780 2192.3
1403790 2189.9
1403800 2189.9
1403810 2187.3
1403820 2183.1
1403830 2183.1
1403840 2178.0
1403850 2172.9
1403860 2172.9
1403870 2167.8
1403880 2162.8
1403890 2156.6
1403900 2156.6
1403910 2150.0
1403920 2144.3
1403930 2144.3
1403940 2138.4
1403950 2130.8
1403960 2130.8
1403970 2124.1
1403980 2120.2
1403990 2120.2
1404000 2116.4
1404010 2112.6
1404020 2112.6
1404030 2108.0
1404040 2104.1
1404070 2102.8
1405670 2104.9
1405680 2105.1
1405690 2105.1
1405700 2106.7
1405710 2108.7
1405720 2108.7
1405730 2110.9
1405740 2114.9
1405750 2114.9
1405760 2118.6
1405770 2121.9
1405780 2121.9
1405790 2124.1
1405800 2126.2
1405810 2126.2
1405820 2128.6
1405830 2131.7
1405840 2134.7
1405850 2134.7
1405860 2136.0
1405870 2134.4
1405880 2134.4
1405890 2136.3
1405900 2143.5
1405910 2143.5
1405920 2149.6
1405930 2152.9
1405940 2152.9
1405950 2157.1
1405960 2161.2
1405970 2161.2
1405980 2165.5
1405990 2169.9
1406000 2174.5
1406010 2174.5
1406020 2178.2
1406030 2182.3
1406040 2182.3
1406050 2187.3
1406060 2192.1
1406070 2192.1
1406080 2197.1
1406090 2202.5
1406100 2202.5
1406110 2208.1
1406120 2213.9
1406130 2213.9
1406140 2218.5
1406150 2223.2
1406160 2228.7
1406170 2228.7
1406180 2234.1
1406190 2239.4
1406200 2239.4
1406210 2245.3
1406220 2251.6
1406230 2251.6
1406240 2258.1
1406250 2264.5
1406260 2264.5
1406270 2272.6
1406280 2280.5
1406290 2280.5
1406300 2288.4
1406310 2291.7
1406320 2289.5
1406330 2289.5
1406340 2286.6
1406350 2283.0
1406360 2283.0
1406370 2278.9
1406380 2274.6
1406390 2274.6
1406400 2270.9
1406410 2267.1
1406420 2267.1
1406430 2262.5
1406440 2256.9
1406450 2256.9
1406460 2253.9
1406470 2253.2
1406480 2252.3
1406490 2252.3
1406500 2251.6
1406510 2251.0
1406520 2251.0
1406530 2251.5
1406540 2252.7
1406550 2252.7
1406560 2254.4
1406570 2257.8
1406580 2257.8
1406590 2262.1
1406600 2263.4
1406610 2263.4
1406620 2262.7
1406630 2261.8
1406640 2259.5
1406650 2259.5
1406660 2256.6
1406670 2254.5
1406680 2254.5
1406690 2253.6
1406700 2256.5
1406710 2256.5
1406720 2259.2
1406730 2258.2
1406740 2258.2
1406750 2255.9
1406760 2253.8
1406770 2253.8
1406780 2252.8
1406790 2252.1
1406800 2251.0
1406810 2251.0
1406820 2249.4
1406830 2250.2
1406840 2250.2
1406850 2248.9
1406860 2246.5
1406870 2246.5
1406880 2243.8
1406890 2242.8
1406900 2242.8
1406910 2245.5
1406920 2247.7
1406930 2247.7
1406940 2247.5
1406950 2247.4
1406960 2248.5
1406970 2248.5
1406980 2248.9
1406990 2249.6
1407000 2249.6
1407010 2250.6
1407020 2252.0
1407030 2252.0
1407040 2253.4
1407050 2255.2
1407060 2255.2
1407070 2258.4
1407080 2257.5
1407090 2257.5
1407100 2250.2
1407110 2242.3
1407120 2235.8
1407130 2235.8
1407140 2230.6
1407150 2224.3
1407160 2224.3
1407170 2217.4
1407180 2212.1
1407190 2212.1
1407200 2208.0
1407210 2205.1
1407220 2205.1
1407230 2201.7
1407240 2198.7
1407250 2198.7
1407260 2193.4
1407270 2188.7
1407280 2185.9
1407290 2185.9
1407300 2187.3
1407310 2186.7
1407320 2186.7
1407330 2186.1
1407340 2186.4
1407350 2186.4
1407360 2186.5
1407370 2185.7
1407380 2185.7
1407390 2183.7
1407400 2185.0
1407410 2185.0
1407420 2187.3
1407430 2188.9
1407440 2190.8
1407450 2190.8
1407460 2188.0
1407470 2186.4
1407480 2186.4
1407490 2186.8
1407500 2188.7
1407510 2188.7
1407520 2189.4
1407530 2189.1
1407540 2189.1
1407550 2188.0
1407560 2187.4
1407570 2187.4
1407580 2188.2
1407590 2187.6
1407600 2186.8
1407610 2186.8
1407620 2186.7
1407630 2184.7
1407640 2184.7
1407650 2179.3
1407660 2175.8
1407670 2175.8
1407680 2174.4
1407690 2175.6
1407700 2175.6
1407710 2178.7
1407720 2182.1
1407730 2182.1
1407740 2190.4
1407750 2196.5
1407760 2201.8
1407770 2201.8
1407780 2209.8
1407790 2213.6
1407800 2213.6
1407810 2216.8
1407820 2222.2
1407830 2222.2
1407840 2228.8
1407850 2235.4
1407860 2235.4
1407870 2241.7
1407880 2248.4
1407890 2248.4
1407900 2255.1
1407910 2262.9
1407920 2269.3
1407930 2269.3
1407940 2268.8
1407950 2265.3
1407960 2265.3
1407970 2260.5
1407980 2258.4
1407990 2258.4
1408000 2260.3
1408010 2265.9
1408020 2265.9
1408030 2276.5
1408040 2289.9
1408050 2289.9
1408060 2302.4
1408070 2313.9
1408080 2314.9
1408090 2314.9
1408100 2309.9
1408110 2303.0
1408120 2303.0
1408130 2299.7
1408140 2303.9
1408150 2303.9
1408160 2315.0
1408170 2327.2
1408180 2327.2
1408190 2341.9
1408200 2353.9
1408210 2353.9
1408220 2370.3
1408230 2381.6
1408240 2377.9
1408250 2377.9
1408260 2373.4
1408270 2374.0
1408280 2374.0
1408290 2383.5
1408300 2396.1
1408310 2396.1
1408320 2407.1
1408330 2402.3
1408340 2402.3
1408350 2400.7
1408360 2405.1
1408370 2405.1
1408380 2399.3
1408390 2392.1
1408400 2386.5
1408410 2386.5
1408420 2379.3
1408430 2372.5
1408440 2372.5
1408450 2366.9
1408460 2359.2
1408470 2359.2
1408480 2357.9
1408490 2355.7
1408500 2355.7
1408510 2353.5
1408520 2351.3
1408530 2351.3
1408540 2347.4
1408550 2343.1
1408560 2338.4
1408570 2338.4
1408580 2333.5
1408590 2328.8
1408600 2328.8
1408610 2325.0
1408620 2321.0
1408630 2321.0
1408640 2316.0
1408650 2310.5
1408660 2310.5
1408670 2304.2
1408680 2300.9
1408690 2300.9
1408700 2299.9
1408710 2298.9
1408720 2296.1
1408730 2296.1
1408740 2294.4
1408750 2290.8
1408760 2290.8
1408770 2287.1
1408780 2284.1
1408790 2284.1
1408800 2281.2
1408810 2278.1
1408820 2278.1
1408830 2275.6
1408840 2274.2
1408850 2274.2
1408860 2270.5
1408870 2265.8
1408880 2261.0
1408890 2261.0
1408900 2257.8
1408910 2255.4
1408920 2255.4
1408930 2252.5
1408940 2248.6
1408950 2248.6
1408960 2244.1
1408970 2238.8
1408980 2238.8
1408990 2232.8
1409000 2226.4
1409010 2226.4
1409020 2222.0
1409030 2218.8
1409040 2215.0
1409050 2215.0
1409060 2210.5
1409070 2205.9
1409080 2205.9
1409090 2201.4
1409100 2197.5
1409110 2197.5
1409120 2194.7
1409130 2190.6
1409140 2190.6
1409150 2185.0
1409160 2180.0
1409170 2180.0
1409180 2179.3
1409190 2179.5
1409200 2177.3
1409210 2177.3
1409220 2172.7
1409230 2167.7
1409240 2167.7
1409250 2163.3
1409260 2161.6
1409270 2161.6
1409280 2160.0
1409290 2156.9
1409300 2156.9
1409310 2152.4
1409320 2149.4
1409330 2149.4
1409340 2148.2
1409350 2147.1
1409360 2146.5
1409370 2146.5
1409380 2147.2
1409390 2148.3
1409400 2148.3
1409410 2149.8
1409420 2151.7
1409430 2151.7
1409440 2153.6
1409450 2155.4
1409460 2155.4
1409470 2157.4
1409480 2159.7
1409490 2159.7
1409500 2162.5
1409510 2165.2
1409520 2167.7
1409530 2167.7
1409540 2170.5
1409550 2173.1
1409560 2173.1
1409570 2175.7
1409580 2178.0
1409590 2178.0
1409600 2180.3
1409610 2182.5
1409620 2182.5
1409630 2184.9
1409640 2187.3
1409650 2187.3
1409660 2190.0
1409670 2193.1
1409680 2196.8
1409690 2196.8
1409700 2200.2
1409710 2203.7
1409720 2203.7
1409730 2207.7
1409740 2212.0
1409750 2212.0
1409760 2216.5
1409770 2221.1
1409780 2221.1
1409790 2225.6
1409800 2230.3
1409810 2230.3
1409820 2235.3
1409830 2240.2
1409840 2245.4
1409850 2245.4
1409860 2251.2
1409870 2257.1
1409880 2257.1
1409890 2263.4
1409900 2270.0
1409910 2270.0
1409920 2277.4
1409930 2285.8
1409940 2285.8
1409950 2293.9
1409960 2301.7
1409970 2301.7
1409980 2309.3
1409990 2316.8
1410000 2326.8
1410010 2326.8
1410020 2337.5
1410030 2346.1
1410040 2346.1
1410050 2352.9
1410060 2361.9
1410070 2361.9
1410080 2371.1
1410090 2379.3
1410100 2379.3
1410110 2387.4
1410120 2395.8
1410130 2395.8
1410140 2403.5
1410150 2405.8
1410160 2401.6
1410170 2401.6
1410180 2396.6
1410190 2391.2
1410200 2391.2
1410210 2385.8
1410220 2383.2
1410230 2383.2
1410240 2382.7
1410250 2380.3
1410260 2380.3
1410270 2377.2
1410280 2373.6
1410290 2373.6
1410300 2369.4
1410310 2365.4
1410320 2362.2
1410330 2362.2
1410340 2361.4
1410350 2360.9
1410360 2360.9
1410370 2360.6
1410380 2363.5
1410390 2363.5
1410400 2367.7
1410410 2373.6
1410420 2373.6
1410430 2381.4
1410440 2386.4
1410450 2386.4
1410460 2384.1
1410470 2380.1
1410480 2375.9
1410490 2375.9
1410500 2371.6
1410510 2367.0
1410520 2367.0
1410530 2362.8
1410540 2358.1
1410550 2358.1
1410560 2353.6
1410570 2348.9
1410580 2348.9
1410590 2343.1
1410600 2336.4
1410610 2336.4
1410620 2330.1
1410630 2323.1
1410640 2315.7
1410650 2315.7
1410660 2308.7
1410670 2302.2
1410680 2302.2
1410690 2295.7
1410700 2289.6
1410710 2289.6
1410720 2283.7
1410730 2278.0
1410740 2278.0
1410750 2272.5
1410760 2268.2
1410770 2268.2
1410780 2264.0
1410790 2259.9
1410800 2256.4
1410810 2256.4
1410820 2253.7
1410830 2251.2
1410840 2251.2
1410850 2248.9
1410860 2247.1
1410870 2247.1
1410880 2245.5
1410890 2244.0
1410900 2244.0
1410910 2242.5
1410920 2240.5
1410930 2240.5
1410940 2237.9
1410950 2235.3
1410960 2232.6
1410970 2232.6
1410980 2229.9
1410990 2227.2
1411000 2227.2
1411010 2224.2
1411020 2221.3
1411030 2221.3
1411040 2219.0
1411050 2218.1
1411060 2218.1
1411070 2217.4
1411080 2216.0
1411090 2216.0
1411100 2214.6
1411110 2212.1
1411120 2208.5
1411130 2208.5
1411140 2206.7
1411150 2205.4
1411160 2205.4
1411170 2204.4
1411180 2203.8
1411190 2203.8
1411200 2203.5
1411210 2204.1
1411220 2204.1
1411230 2205.4
1411240 2206.8
1411250 2206.8
1411260 2208.9
1411270 2209.1
1411280 2207.6
1411290 2207.6
1411300 2207.6
1411310 2208.7
1411320 2208.7
1411330 2211.9
1411340 2216.9
1411350 2216.9
1411360 2222.8
1411370 2229.4
1411380 2229.4
1411390 2238.2
1411400 2246.8
1411410 2246.8
1411420 2253.8
1411430 2258.4
1411440 2261.5
1411450 2261.5
1411460 2266.3
1411470 2270.8
1411480 2270.8
1411490 2272.3
1411500 2272.5
1411510 2272.5
1411520 2272.0
1411530 2271.0
1411540 2271.0
1411550 2269.4
1411560 2267.3
1411570 2267.3
1411580 2267.1
1411590 2265.4
1411600 2264.2
1411610 2264.2
1411620 2259.5
1411630 2254.3
1411640 2254.3
1411650 2251.1
1411660 2249.3
1411670 2249.3
1411680 2247.4
1411690 2243.8
1411700 2243.8
1411710 2239.3
1411720 2236.3
1411730 2236.3
1411740 2232.9
1411750 2231.7
1411760 2232.5
1411770 2232.5
1411780 2235.0
1411790 2237.8
1411800 2237.8
1411810 2240.3
1411820 2242.2
1411830 2242.2
1411840 2230.7
1411850 2231.8
1411860 2231.8
1411870 2233.1
1411880 2234.5
1411890 2234.5
1411900 2236.3
1411910 2237.3
1411920 2239.2
1411930 2239.2
1411940 2241.5
1411950 2243.8
1411960 2243.8
1411970 2248.2
1411980 2252.2
1411990 2252.2
1412000 2256.8
1412010 2261.6
1412020 2261.6
1412030 2268.8
1412040 2278.7
1412050 2278.7
1412060 2282.7
1412070 2277.9
1412080 2272.0
1412090 2272.0
1412100 2267.4
1412110 2264.2
1412120 2264.2
1412130 2265.0
1412140 2265.0
1412150 2265.0
1412160 2262.4
1412170 2259.0
1412180 2259.0
1412190 2255.9
1412200 2253.4
1412210 2253.4
1412220 2251.4
1412230 2250.1
1412240 2249.0
1412250 2249.0
1412260 2247.1
1412270 2245.4
1412280 2245.4
1412290 2244.8
1412300 2244.2
1412310 2244.2
1412320 2244.0
1412330 2245.4
1412340 2245.4
1412350 2246.8
1412360 2249.1
1412370 2249.1
1412380 2250.5
1412390 2251.5
1412400 2252.2
1412410 2252.2
1412420 2252.9
1412430 2253.7
1412440 2253.7
1412450 2255.9
1412460 2258.7
1412470 2258.7
1412480 2260.7
1412490 2261.9
1412500 2261.9
1412510 2266.0
1412520 2271.1
1412530 2271.1
1412540 2276.1
1412550 2281.1
1412560 2283.7
1412570 2283.7
1412580 2286.8
1412590 2291.7
1412600 2291.7
1412610 2298.2
1412620 2304.4
1412630 2304.4
1412640 2300.5
1412650 2297.5
1412660 2297.5
1412670 2304.6
1412680 2314.3
1412690 2314.3
1412700 2318.6
1412710 2321.3
1412720 2324.0
1412730 2324.0
1412740 2327.3
1412750 2332.2
1412760 2332.2
1412770 2337.1
1412780 2342.9
1412790 2342.9
1412800 2350.8
1412810 2358.5
1412820 2358.5
1412830 2366.7
1412840 2372.8
1412850 2372.8
1412860 2378.2
1412870 2382.4
1412880 2386.5
1412890 2386.5
1412900 2391.8
1412910 2397.4
1412920 2397.4
1412930 2401.7
1412940 2404.8
1412950 2404.8
1412960 2409.5
1412970 2414.7
1412980 2414.7
1412990 2418.8
1413000 2423.5
1413010 2423.5
1413020 2429.3
1413030 2435.3
1413040 2441.8
1413050 2441.8
1413060 2448.8
1413070 2455.8
1413080 2455.8
1413090 2462.1
1413100 2467.9
1413110 2467.9
1413120 2473.0
1413130 2476.9
1413140 2476.9
1413150 2480.0
1413160 2482.0
1413170 2482.0
1413180 2482.7
1413190 2480.6
1413200 2474.1
1413210 2474.1
1413220 2466.6
1413230 2461.3
1413240 2461.3
1413250 2458.0
1413260 2454.2
1413270 2454.2
1413280 2448.6
1413290 2443.5
1413300 2443.5
1413310 2440.1
1413320 2434.0
1413330 2434.0
1413340 2425.9
1413350 2415.5
1413360 2403.3
1413370 2403.3
1413380 2392.1
1413390 2383.1
1413400 2383.1
1413410 2376.8
1413420 2371.2
1413430 2371.2
1413440 2365.7
1413450 2360.4
1413460 2360.4
1413470 2356.5
1413480 2353.8
1413490 2353.8
1413500 2351.2
1413510 2349.0
1413520 2347.6
1413530 2347.6
1413540 2348.1
1413550 2350.3
1413560 2350.3
1413570 2351.7
1413580 2352.9
1413590 2361.8
1413600 2360.5
1413610 2359.5
1413620 2359.5
1413630 2358.6
1413640 2357.0
1413650 2357.0
1413660 2354.9
1413670 2351.7
1413680 2346.4
1413690 2346.4
1413700 2339.3
1413710 2330.2
1413720 2330.2
1413730 2319.9
1413740 2308.9
1413750 2308.9
1413760 2299.5
1413770 2290.7
1413780 2290.7
1413790 2283.3
1413800 2276.5
1413810 2276.5
1413820 2269.9
1413830 2263.7
1413840 2258.1
1413850 2258.1
1413860 2253.5
1413870 2250.4
1413880 2250.4
1413890 2247.5
1413900 2245.8
1413910 2245.8
1413920 2244.1
1413930 2243.7
1413940 2243.7
1413950 2243.4
1413960 2243.2
1413970 2243.2
1413980 2242.8
1413990 2241.6
1414000 2239.9
1414010 2239.9
1414020 2239.2
1414030 2237.2
1414040 2237.2
1414050 2235.9
1414060 2235.4
1414070 2235.4
1414080 2235.4
1414090 2234.7
1414100 2234.7
1414110 2234.3
1414120 2234.7
1414130 2234.7
1414140 2235.0
1414150 2233.2
1414160 2230.2
1414170 2230.2
1414180 2227.1
1414190 2223.0
1414200 2223.0
1414210 2218.0
1414220 2213.8
1414230 2213.8
1414240 2211.6
1414250 2210.3
1414260 2210.3
1414270 2206.3
1414280 2202.9
1414290 2202.9
1414300 2199.1
1414310 2196.4
1414320 2194.4
1414330 2194.4
1414340 2192.8
1414350 2191.7
1414360 2191.7
1414370 2192.1
1414380 2192.0
1414390 2192.0
1414400 2189.3
1414410 2185.7
1414420 2185.7
1414430 2182.9
1414440 2181.6
1414450 2181.6
1414460 2178.6
1414470 2177.1
1414480 2176.4
1414490 2176.4
1414500 2176.9
1414510 2177.8
1414520 2177.8
1414530 2178.5
1414540 2179.4
1414550 2179.4
1414560 2179.7
1414570 2180.1
1414580 2180.1
1414590 2179.9
1414600 2177.8
1414610 2177.8
1414620 2177.2
1414630 2177.9
1414640 2178.4
1414650 2178.4
1414660 2179.1
1414670 2179.7
1414680 2179.7
1414690 2181.3
1414700 2182.3
1414710 2182.3
1414720 2182.6
1414730 2182.8
1414740 2182.8
1414750 2182.3
1414760 2181.0
1414770 2181.0
1414780 2180.6
1414790 2180.9
1414800 2180.6
1414810 2180.6
1414820 2179.4
1414830 2178.3
1414840 2178.3
1414850 2177.9
1414860 2178.1
1414870 2178.1
1414880 2179.1
1414890 2179.8
1414900 2179.8
1414910 2181.2
1414920 2183.2
1414930 2183.2
1414940 2184.7
1414950 2186.2
1414960 2189.9
1414970 2189.9
1414980 2199.9
1414990 2209.6
1415000 2209.6
1415010 2215.0
1415020 2224.3
1415030 2224.3
1415040 2234.6
1415050 2239.4
1415060 2239.4
1415070 2246.9
1415080 2255.5
1415090 2255.5
1415100 2261.1
1415110 2267.0
1415120 2270.4
1415130 2270.4
1415140 2275.8
1415150 2281.7
1415160 2281.7
1415170 2281.6
1415180 2279.1
1415190 2279.1
1415200 2278.1
1415210 2277.3
1415220 2277.3
1415230 2274.9
1415240 2272.6
1415250 2272.6
1415260 2270.6
1415270 2268.6
1415280 2266.6
1415290 2266.6
1415300 2265.6
1415310 2264.9
1415320 2264.9
1415330 2264.0
1415340 2262.2
1415350 2262.2
1415360 2259.2
1415370 2255.7
1415380 2255.7
1415390 2250.3
1415400 2242.0
1415410 2242.0
1415420 2233.3
1415430 2226.8
1415440 2221.7
1415450 2221.7
1415460 2217.0
1415470 2211.3
1415480 2211.3
1415490 2205.4
1415500 2199.0
1415510 2199.0
1415520 2193.2
1415530 2187.5
1415540 2187.5
1415550 2181.4
1415560 2175.8
1415570 2175.8
1415580 2171.1
1415590 2166.3
1415600 2163.5
1415610 2163.5
1415620 2162.2
1415630 2160.7
1415640 2160.7
1415650 2159.1
1415660 2157.8
1415670 2157.8
1415680 2157.0
1415690 2158.1
1415700 2158.1
1415710 2159.1
1415720 2157.6
1415730 2157.6
1415740 2155.7
1415750 2154.3
1415760 2154.3
1415770 2151.8
1415780 2148.1
1415790 2145.1
1415800 2145.1
1415810 2144.1
1415820 2144.1
1415830 2144.1
1415840 2142.9
1415850 2140.3
1415860 2140.3
1415870 2140.1
1415880 2140.7
1415890 2140.7
1415900 2140.4
1415910 2140.3
1415920 2140.3
1415930 2139.5
1415940 2137.2
1415950 2134.0
1415960 2134.0
1415970 2131.3
1415980 2128.9
1415990 2128.9
1416000 2126.1
1416010 2123.4
1416020 2123.4
1416030 2119.0
1416040 2112.4
1416050 2112.4
1416060 2105.4
1416070 2099.0
1416080 2099.0
1416090 2092.7
1416100 2086.6
1416110 2080.2
1416120 2080.2
1416130 2073.6
1416140 2067.7
1416150 2067.7
1416160 2062.5
1416170 2057.0
1416180 2057.0
1416190 2052.0
1416200 2048.2
1416210 2048.2
1416220 2043.7
1416230 2039.8
1416240 2039.8
1416250 2037.5
1416260 2033.6
1416270 2029.7
1416280 2029.7
1416290 2027.3
1416300 2025.3
1416310 2025.3
1416320 2023.6
1416330 2022.7
1416340 2022.7
1416350 2022.6
1416360 2021.0
1416370 2021.0
1416380 2019.6
1416390 2018.3
1416400 2018.3
1416410 2017.0
1416420 2015.5
1416430 2014.3
1416440 2014.3
1416450 2012.9
1416460 2011.1
1416470 2011.1
1416480 2009.3
1416490 2007.5
1416500 2007.5
1416510 2006.0
1416520 2005.9
1416530 2005.9
1416540 2006.0
1416550 2004.2
1416560 2004.2
1416570 2000.3
1416580 1997.1
1416590 1995.9
1416600 1995.9
1416610 1995.6
1416620 1997.1
1416630 1997.1
1416640 1999.2
1416650 2000.4
1416660 2000.4
1416670 2001.2
1416680 2002.2
1416690 2002.2
1416700 2003.8
1416710 2005.9
1416720 2005.9
1416730 2008.2
1416740 2009.9
1416750 2010.2
1416760 2010.2
1416770 2009.4
1416780 2008.6
1416790 2008.6
1416800 2007.9
1416810 2003.9
1416820 2003.9
1416830 2002.4
1416840 2002.6
1416850 2002.6
1416860 2001.1
1416870 1998.4
1416880 1998.4
1416890 1992.4
1416900 1986.3
1416910 1988.7
1416920 1988.7
1416930 1995.4
1416940 2002.4
1416950 2002.4
1416960 2006.1
1416970 2007.0
1416980 2007.0
1416990 2008.1
1417000 2009.2
1417010 2009.2
1417020 2008.1
1417030 2005.2
1417040 2005.2
1417050 2005.8
1417060 2012.4
1417070 2019.5
1417080 2019.5
1417090 2025.3
1417100 2028.0
1417110 2028.0
1417120 2029.0
1417130 2028.8
1417140 2028.8
1417150 2026.3
1417160 2019.4
1417170 2019.4
1417180 2020.4
1417190 2027.1
1417200 2027.1
1417210 2032.0
1417220 2034.2
1417230 2028.6
1417240 2028.6
1417250 2029.9
1417260 2029.0
1417270 2029.0
1417280 2026.4
1417290 2026.3
1417300 2026.3
1417310 2027.4
1417320 2026.8
1417330 2026.8
1417340 2024.4
1417350 2019.8
1417360 2019.8
1417370 2014.8
1417380 2011.3
1417390 2008.4
1417400 2008.4
1417410 2005.1
1417420 2001.5
1417430 2001.5
1417440 1997.6
1417450 1993.8
1417460 1993.8
1417470 1990.4
1417480 1986.9
1417490 1986.9
1417500 1983.1
1417510 1979.0
1417520 1979.0
1417530 1974.4
1417540 1970.0
1417550 1965.1
1417560 1965.1
1417570 1957.3
1417580 1946.2
1417590 1946.2
1417600 1936.4
1417610 1927.5
1417620 1927.5
1417630 1915.3
1417640 1905.3
1417650 1905.3
1417660 1894.4
1417670 1886.7
1417680 1886.7
1417690 1884.2
1417700 1881.6
1417710 1878.7
1417720 1878.7
1417730 1875.2
1417740 1871.1
1417750 1871.1
1417760 1868.0
1417770 1866.2
1417780 1866.2
1417790 1862.7
1417800 1859.2
1417810 1859.2
1417820 1852.6
1417830 1846.6
1417840 1846.6
1417850 1843.4
1417860 1845.9
1417870 1845.9
1417880 1845.9
1417890 1842.9
1417900 1840.0
1417910 1840.0
1417920 1836.8
1417930 1832.6
1417940 1832.6
1417950 1826.9
1417960 1821.8
1417970 1821.8
1417980 1817.0
1417990 1811.3
1418000 1811.3
1418010 1806.2
1418020 1801.8
1418030 1794.9
1418040 1794.9
1418050 1787.7
1418060 1784.1
1418070 1784.1
1418080 1778.8
1418090 1772.9
1418100 1772.9
1418110 1768.4
1418120 1764.4
1418130 1764.4
1418140 1760.3
1418150 1754.2
1418160 1754.2
1418170 1748.4
1418180 1742.7
1418190 1737.4
1418200 1737.4
1418210 1733.0
1418220 1729.2
1418230 1729.2
1418240 1725.9
1418250 1723.2
1418260 1723.2
1418270 1720.5
1418280 1717.9
1418290 1717.9
1418300 1715.7
1418310 1713.9
1418320 1713.9
1418330 1714.4
1418340 1715.9
1418350 1715.3
1418360 1715.3
1418370 1713.0
1418380 1714.4
1418390 1714.4
1418400 1713.7
1418410 1712.6
1418420 1712.6
1418430 1710.6
1418440 1706.1
1418450 1706.1
1418460 1706.7
1418470 1705.9
1418480 1705.9
1418490 1703.7
1418500 1701.1
1418510 1698.7
1418520 1698.7
1418530 1697.0
1418540 1695.2
1418550 1695.2
1418560 1693.9
1418570 1691.3
1418580 1691.3
1418590 1687.5
1418600 1682.8
1418610 1682.8
1418620 1678.7
1418630 1674.9
1418640 1674.9
1418650 1671.1
1418660 1668.1
1418670 1665.5
1418680 1665.5
1418690 1662.8
1418700 1660.6
1418710 1660.6
1418720 1658.8
1418730 1656.2
1418740 1656.2
1418750 1653.4
1418760 1650.1
1418770 1650.1
1418780 1647.1
1418790 1643.9
1418800 1643.9
1418810 1640.6
1418820 1637.8
1418830 1634.2
1418840 1634.2
1418850 1627.7
1418860 1622.9
1418870 1622.9
1418880 1621.3
1418890 1617.4
1418900 1617.4
1418910 1613.3
1418920 1609.3
1418930 1609.3
1418940 1605.3
1418950 1600.8
1418960 1600.8
1418970 1596.5
1418980 1592.4
1418990 1588.6
1419000 1588.6
1419010 1584.6
1419020 1580.6
1419030 1580.6
1419040 1576.0
1419050 1572.9
1419060 1572.9
1419070 1571.6
1419080 1570.7
1419090 1570.7
1419100 1569.5
1419110 1568.3
1419120 1568.3
1419130 1575.5
1419140 1579.4
1419150 1580.0
1419160 1580.0
1419170 1580.2
1419180 1580.4
1419190 1580.4
1419200 1578.7
1419210 1577.0
1419220 1577.0
1419230 1577.4
1419240 1576.0
1419250 1576.0
1419260 1574.7
1419270 1573.0
1419280 1573.0
1419290 1572.5
1419300 1573.4
1419310 1574.5
1419320 1574.5
1419330 1576.3
1419340 1576.2
1419350 1576.2
1419360 1578.0
1419370 1579.5
1419380 1579.5
1419390 1579.3
1419400 1578.7
1419410 1578.7
1419420 1579.1
1419430 1580.3
1419440 1580.3
1419450 1581.0
1419460 1583.3
1419470 1585.7
1419480 1585.7
1419490 1587.9
1419500 1590.7
1419510 1590.7
1419520 1593.8
1419530 1596.1
1419540 1596.1
1419550 1598.8
1419560 1599.9
1419570 1599.9
1419580 1601.5
1419590 1602.4
1419600 1602.4
1419610 1603.7
1419620 1604.8
1419630 1605.3
1419640 1605.3
1419650 1605.3
1419660 1604.3
1419670 1604.3
1419680 1604.6
1419690 1605.3
1419700 1605.3
1419710 1606.8
1419720 1607.3
1419730 1607.3
1419740 1609.3
1419750 1611.3
1419760 1611.3
1419770 1613.2
1419780 1614.2
1419790 1616.0
1419800 1616.0
1419810 1618.6
1419820 1621.5
1419830 1621.5
1419840 1624.2
1419850 1627.1
1419860 1627.1
1419870 1630.1
1419880 1632.8
1419890 1632.8
1419900 1635.7
1419910 1638.8
1419920 1638.8
1419930 1641.8
1419940 1645.3
1419950 1649.2
1419960 1649.2
1419970 1653.6
1419980 1657.3
1419990 1657.3
