1400000 1721.8
1400010 1720.7
1400020 1720.7
1400030 1720.7
1400040 1721.4
1400050 1721.4
1400060 1722.1
1400070 1722.0
1400080 1722.0
1400090 1722.2
1400100 1725.4
1400110 1729.6
1400120 1729.6
1400130 1733.4
1400140 1735.3
1400150 1735.3
1400160 1741.3
1400170 1745.0
1400180 1745.0
1400190 1748.8
1400200 1753.9
1400210 1753.9
1400220 1758.9
1400230 1761.8
1400240 1761.8
1400250 1765.5
1400260 1769.0
1400270 1770.8
1400280 1770.8
1400290 1773.8
1400300 1778.3
1400310 1778.3
1400320 1782.9
1400330 1787.3
1400340 1787.3
1400350 1791.9
1400360 1795.9
1400370 1795.9
1400380 1799.6
1400390 1803.8
1400400 1803.8
1400410 1807.4
1400420 1812.7
1400430 1817.1
1400440 1817.1
1400450 1820.5
1400460 1825.0
1400470 1825.0
1400480 1829.2
1400490 1832.7
1400500 1832.7
1400510 1835.4
1400520 1837.6
1400530 1837.6
1400540 1840.4
1400550 1843.7
1400560 1843.7
1400570 1845.6
1400580 1847.6
1400590 1849.6
1400600 1849.6
1400610 1852.2
1400620 1856.3
1400630 1856.3
1400640 1859.7
1400650 1861.4
1400660 1861.4
1400670 1862.4
1400680 1863.5
1400690 1863.5
1400700 1863.1
1400710 1862.3
1400720 1862.3
1400730 1862.2
1400740 1862.7
1400750 1862.7
1400760 1863.2
1400770 1863.8
1400780 1864.3
1400790 1864.3
1400800 1864.5
1400810 1864.5
1400820 1864.5
1400830 1864.4
1400840 1863.6
1400850 1863.6
1400860 1863.6
1400870 1866.0
1400880 1866.0
1400890 1868.9
1400900 1870.4
1400910 1870.4
1400920 1872.0
1400930 1874.2
1400940 1876.0
1400950 1876.0
1400960 1876.2
1400970 1877.5
1400980 1877.5
1400990 1881.3
1401000 1884.7
1401010 1884.7
1401020 1885.8
1401030 1888.4
1401040 1888.4
1401050 1892.9
1401060 1898.8
1401070 1898.8
1401080 1905.3
1401090 1912.6
1401100 1919.6
1401110 1919.6
1401120 1925.0
1401130 1929.4
1401140 1929.4
1401150 1934.9
1401160 1940.7
1401170 1940.7
1401180 1946.1
1401190 1951.0
1401200 1951.0
1401210 1953.9
1401220 1955.8
1401230 1955.8
1401240 1956.7
1401250 1959.0
1401260 1961.2
1401270 1961.2
1401280 1964.3
1401290 1966.9
1401300 1966.9
1401310 1970.3
1401320 1974.1
1401330 1974.1
1401340 1975.8
1401350 1978.4
1401360 1978.4
1401370 1980.7
1401380 1981.1
1401390 1981.1
1401400 1979.7
1401410 1978.5
1401420 1977.7
1401430 1977.7
1401440 1977.3
1401450 1978.3
1401460 1978.3
1401470 1980.2
1401480 1981.9
1401490 1981.9
1401500 1984.1
1401510 1986.7
1401520 1986.7
1401530 1989.6
1401540 1992.6
1401550 1992.6
1401560 1995.9
1401570 1999.3
1401580 2004.8
1401590 2004.8
1401600 2012.0
1401610 2017.6
1401620 2017.6
1401630 2022.3
1401640 2028.4
1401650 2028.4
1401660 2032.8
1401670 2036.9
1401680 2036.9
1401690 2041.5
1401700 2046.4
1401710 2046.4
1401720 2051.3
1401730 2057.3
1401740 2061.7
1401750 2061.7
1401760 2065.6
1401770 2070.4
1401780 2070.4
1401790 2075.0
1401800 2078.7
1401810 2078.7
1401820 2081.0
1401830 2081.2
1401840 2081.2
1401850 2079.0
1401860 2077.1
1401870 2077.1
1401880 2077.8
1401890 2079.7
1401900 2082.6
1401910 2082.6
1401920 2088.2
1401930 2095.1
1401940 2095.1
1401950 2101.5
1401960 2105.5
1401970 2105.5
1401980 2104.7
1401990 2099.6
1402000 2099.6
1402010 2095.1
1402020 2093.1
1402030 2093.1
1402040 2093.2
1402050 2095.0
1402060 2093.3
1402070 2093.3
1402080 2088.2
1402090 2081.1
1402100 2081.1
1402110 2072.7
1402120 2063.6
1402130 2063.6
1402140 2055.0
1402150 2046.9
1402160 2046.9
1402170 2039.3
1402180 2031.6
1402190 2031.6
1402200 2023.1
1402210 2014.7
1402220 2005.2
1402230 2005.2
1402240 1997.3
1402250 1993.6
1402260 1993.6
1402270 1994.2
1402280 1994.8
1402290 1994.8
1402300 1993.5
1402310 1991.8
1402320 1991.8
1402330 1990.9
1402340 1989.2
1402350 1989.2
1402360 1986.8
1402370 1984.5
1402380 1984.4
1402390 1984.4
1402400 1982.4
1402410 1980.2
1402420 1980.2
1402430 1977.9
1402440 1980.1
1402450 1980.1
1402460 1978.4
1402470 1976.3
1402480 1976.3
1402490 1975.9
1402500 1973.8
1402510 1973.8
1402520 1972.6
1402530 1967.8
1402540 1960.0
1402550 1960.0
1402560 1953.9
1402570 1950.8
1402580 1950.8
1402590 1949.2
1402600 1946.3
1402610 1946.3
1402620 1943.8
1402630 1941.0
1402640 1941.0
1402650 1937.1
1402660 1937.3
1402670 1937.3
1402680 1947.3
1402690 1956.9
1402700 1970.6
1402710 1970.6
1402720 1978.4
1402730 1985.3
1402740 1985.3
1402750 1994.3
1402760 1999.1
1402770 1999.1
1402780 2001.3
1402790 2002.7
1402800 2002.7
1402810 2002.0
1402820 2001.9
1402830 2001.9
1402840 2002.6
1402850 2005.8
1402860 2007.9
1402870 2007.9
1402880 2001.3
1402890 2001.5
1402900 2001.5
1402910 2011.8
1402920 2019.2
1402930 2019.2
1402940 2022.7
1402950 2027.5
1402960 2027.5
1402970 2034.4
1402980 2035.9
1402990 2035.9
1403000 2034.0
1403010 2027.8
1403020 2019.5
1403030 2019.5
1403040 2012.5
1403050 2008.0
1403060 2008.0
1403070 2005.3
1403080 2003.0
1403090 2003.0
1403100 2001.7
1403110 2000.3
1403120 2000.3
1403130 1997.3
1403140 1991.2
1403150 1991.2
1403160 1984.7
1403170 1985.2
1403180 1986.7
1403190 1986.7
1403200 1999.5
1403210 2003.6
1403220 2003.6
1403230 2007.5
1403240 2011.1
1403250 2011.1
1403260 2012.7
1403270 2015.0
1403280 2015.0
1403290 2017.5
1403300 2018.0
1403310 2018.0
1403320 2023.1
1403330 2030.2
1403340 2033.8
1403350 2033.8
1403360 2037.2
1403370 2039.8
1403380 2039.8
1403390 2042.5
1403400 2045.8
1403410 2045.8
1403420 2048.7
1403430 2051.6
1403440 2051.6
1403450 2055.9
1403460 2062.1
1403470 2062.1
1403480 2067.9
1403490 2072.3
1403500 2075.6
1403510 2075.6
1403520 2077.6
1403530 2078.6
1403540 2078.6
1403550 2078.1
1403560 2077.7
1403570 2077.7
1403580 2079.8
1403590 2080.8
1403600 2080.8
1403610 2081.3
1403620 2080.9
1403630 2080.9
1403640 2079.4
1403650 2078.3
1403660 2078.7
1403670 2078.7
1403680 2080.9
1403690 2084.5
1403700 2084.5
1403710 2088.9
1403720 2093.7
1403730 2093.7
1403740 2098.5
1403750 2102.0
1403760 2102.0
1403770 2104.6
1403780 2107.1
1403790 2107.1
1403800 2109.5
1403810 2111.5
1403820 2113.7
1403830 2113.7
1403840 2117.0
1403850 2121.3
1403860 2121.3
1403870 2124.7
1403880 2127.0
1403890 2127.0
1403900 2127.9
1403910 2129.3
1403920 2129.3
1403930 2131.5
1403940 2131.6
1403950 2131.6
1403960 2132.0
1403970 2133.0
1403980 2134.1
1403990 2134.1
1404000 2137.2
1404010 2141.9
1404020 2141.9
1404030 2147.1
1404040 2153.0
1404050 2153.0
1404060 2159.2
1404070 2164.3
1404080 2164.3
1404090 2168.0
1404100 2171.3
1404110 2171.3
1404120 2175.1
1404130 2179.0
1404140 2182.5
1404150 2182.5
1404160 2185.9
1404170 2189.2
1404180 2189.2
1404190 2192.2
1404200 2194.7
1404210 2194.7
1404220 2196.4
1404230 2198.1
1404240 2198.1
1404250 2201.6
1404260 2204.9
1404270 2204.9
1404280 2207.6
1404290 2211.2
1404300 2214.5
1404310 2214.5
1404320 2217.8
1404330 2221.9
1404340 2221.9
1404350 2227.1
1404360 2233.0
1404370 2233.0
1404380 2239.3
1404390 2245.6
1404400 2245.6
1404410 2251.7
1404420 2258.3
1404430 2258.3
1404440 2265.0
1404450 2271.4
1404460 2277.5
1404470 2277.5
1404480 2283.1
1404490 2288.6
1404500 2288.6
1404510 2294.7
1404520 2301.6
1404530 2301.6
1404540 2308.4
1404550 2315.2
1404560 2315.2
1404570 2322.0
1404580 2329.1
1404590 2329.1
1404600 2336.2
1404610 2343.2
1404620 2343.2
1404630 2349.3
1404640 2350.3
1404650 2349.7
1404660 2349.7
1404670 2349.4
1404680 2350.0
1404690 2350.0
1404700 2350.8
1404710 2351.6
1404720 2351.6
1404730 2352.0
1404740 2352.4
1404750 2352.4
1404760 2347.8
1404770 2347.6
1404780 2347.6
1404790 2347.1
1404800 2345.8
1404810 2345.4
1404820 2345.4
1404830 2345.6
1404840 2345.2
1404850 2345.2
1404860 2343.7
1404870 2340.9
1404880 2340.9
1404890 2337.4
1404900 2336.8
1404910 2336.8
1404920 2335.2
1404930 2331.1
1404940 2331.1
1404950 2327.8
1404960 2325.5
1404970 2325.5
1404980 2325.5
1404990 2326.2
1405000 2325.2
1405010 2325.2
1405020 2323.0
1405030 2320.5
1405040 2320.5
1405050 2316.1
1405060 2310.3
1405070 2310.3
1405080 2304.6
1405090 2299.5
1405100 2299.5
1405110 2294.6
1405120 2291.2
1405130 2290.6
1405140 2290.6
1405150 2286.5
1405160 2286.0
1405170 2286.0
1405180 2289.5
1405190 2285.9
1405200 2285.9
1405210 2280.6
1405220 2276.0
1405230 2276.0
1405240 2279.1
1405250 2279.0
1405260 2279.0
1405270 2285.2
1405280 2288.2
1405290 2289.4
1405300 2289.4
1405310 2290.0
1405320 2289.7
1405330 2289.7
1405340 2290.5
1405350 2292.8
1405360 2292.8
1405370 2296.3
1405380 2299.4
1405390 2299.4
1405400 2300.6
1405410 2301.3
1405420 2301.3
1405430 2301.6
1405440 2301.2
1405450 2301.2
1405460 2301.2
1405470 2302.2
1405480 2303.7
1405490 2303.7
1405500 2305.9
1405510 2300.4
1405520 2300.4
1405530 2296.2
1405540 2297.5
1405550 2297.5
1405560 2295.6
1405570 2293.9
1405580 2293.9
1405590 2290.1
1405600 2284.9
1405610 2277.0
1405620 2277.0
1405630 2270.6
1405640 2266.1
1405650 2266.1
1405660 2263.3
1405670 2261.6
1405680 2261.6
1405690 2259.2
1405700 2259.6
1405710 2259.6
1405720 2263.0
1405730 2268.4
1405740 2268.4
1405750 2271.0
1405760 2275.6
1405770 2282.5
1405780 2282.5
1405790 2294.4
1405800 2308.3
1405810 2308.3
1405820 2307.3
1405830 2306.7
1405840 2306.7
1405850 2309.9
1405860 2316.1
1405870 2316.1
1405880 2322.8
1405890 2330.2
1405900 2330.2
1405910 2338.2
1405920 2345.9
1405930 2353.4
1405940 2353.4
1405950 2359.8
1405960 2366.0
1405970 2366.0
1405980 2372.7
1405990 2379.7
1406000 2379.7
1406010 2386.2
1406020 2392.4
1406030 2392.4
1406040 2398.6
1406050 2404.8
1406060 2404.8
1406070 2410.6
1406080 2415.1
1406090 2417.0
1406100 2417.0
1406110 2411.6
1406120 2403.6
1406130 2403.6
1406140 2394.9
1406150 2386.1
1406160 2386.1
1406170 2377.8
1406180 2369.6
1406190 2369.6
1406200 2362.2
1406210 2355.0
1406220 2355.0
1406230 2348.0
1406240 2341.4
1406250 2334.5
1406260 2334.5
1406270 2328.5
1406280 2321.6
1406290 2321.6
1406300 2314.8
1406310 2308.2
1406320 2308.2
1406330 2302.0
1406340 2295.6
1406350 2293.6
1406360 2287.1
1406370 2283.1
1406380 2283.1
1406390 2278.6
1406400 2274.4
1406410 2270.9
1406420 2270.9
1406430 2266.8
1406440 2262.1
1406450 2262.1
1406460 2257.3
1406470 2253.3
1406480 2253.3
1406490 2247.1
1406500 2241.1
1406510 2241.1
1406520 2236.3
1406530 2231.4
1406540 2231.4
1406550 2225.9
1406560 2220.9
1406570 2216.6
1406580 2216.6
1406590 2212.6
1406600 2207.7
1406610 2207.7
1406620 2202.4
1406630 2197.0
1406640 2197.0
1406650 2191.6
1406660 2186.5
1406670 2186.5
1406680 2180.9
1406690 2175.1
1406700 2175.1
1406710 2169.2
1406720 2163.6
1406730 2158.1
1406740 2158.1
1406750 2153.0
1406760 2147.6
1406770 2147.6
1406780 2145.2
1406790 2142.3
1406800 2142.3
1406810 2138.7
1406820 2135.7
1406830 2135.7
1406840 2134.4
1406850 2132.0
1406860 2132.0
1406870 2127.5
1406880 2122.6
1406890 2117.6
1406900 2117.6
1406910 2112.8
1406920 2107.7
1406930 2107.7
1406940 2102.0
1406950 2098.6
1406960 2098.6
1406970 2094.6
1406980 2088.2
1406990 2088.2
1407000 2082.0
1407010 2076.4
1407020 2076.4
1407030 2071.3
1407040 2066.3
1407050 2062.9
1407060 2062.9
1407070 2058.7
1407080 2055.1
1407090 2055.1
1407100 2050.6
1407110 2044.7
1407120 2044.7
1407130 2039.6
1407140 2034.1
1407150 2034.1
1407160 2029.6
1407170 2025.5
1407180 2025.5
1407190 2020.8
1407200 2015.9
1407210 2010.2
1407220 2010.2
1407230 2005.0
1407240 2000.5
1407250 2000.5
1407260 1995.5
1407270 1990.2
1407280 1990.2
1407290 1985.7
1407300 1981.6
1407310 1981.6
1407320 1976.6
1407330 1971.8
1407340 1971.8
1407350 1967.6
1407360 1963.6
1407370 1959.5
1407380 1959.5
1407390 1955.5
1407400 1950.9
1407410 1950.9
1407420 1946.2
1407430 1941.2
1407440 1941.2
1407450 1936.3
1407460 1931.0
1407470 1931.0
1407480 1925.5
1407490 1919.4
1407500 1919.4
1407510 1912.9
1407520 1907.7
1407530 1902.8
1407540 1902.8
1407550 1899.0
1407560 1896.0
1407570 1896.0
1407580 1891.4
1407590 1887.1
1407600 1887.1
1407610 1882.4
1407620 1876.2
1407630 1876.2
1407640 1868.5
1407650 1860.5
1407660 1860.5
1407670 1851.8
1407680 1843.2
1407690 1835.7
1407700 1835.7
1407710 1828.3
1407720 1821.5
1407730 1821.5
1407740 1815.6
1407750 1814.0
1407760 1814.0
1407770 1819.9
1407780 1826.9
1407790 1826.9
1407800 1832.6
1407810 1842.1
1407820 1842.1
1407830 1850.9
1407840 1853.6
1407850 1853.8
1407860 1853.8
1407870 1856.1
1407880 1861.2
1407890 1861.2
1407900 1866.2
1407910 1871.2
1407920 1871.2
1407930 1875.4
1407940 1877.8
1407950 1877.8
1407960 1880.9
1407970 1884.6
1407980 1903.9
1407990 1910.9
1408000 1911.0
1408010 1908.3
1408020 1908.3
1408030 1913.1
1408040 1917.5
1408050 1917.5
1408060 1920.2
1408070 1923.8
1408080 1923.8
1408090 1927.3
1408100 1929.6
1408110 1929.6
1408120 1930.6
1408130 1930.6
1408140 1930.6
1408150 1930.0
1408160 1930.6
1408170 1932.3
1408180 1932.3
1408190 1933.7
1408200 1935.9
1408210 1935.9
1408220 1938.5
1408230 1941.4
1408240 1941.4
1408250 1944.0
1408260 1945.3
1408270 1945.3
1408280 1946.2
1408290 1947.3
1408300 1947.3
1408310 1946.6
1408320 1944.0
1408330 1946.4
1408340 1946.4
1408350 1947.8
1408360 1948.8
1408370 1948.8
1408380 1950.5
1408390 1953.1
1408400 1953.1
1408410 1956.3
1408420 1961.8
1408430 1961.8
1408440 1975.7
1408450 1987.7
1408460 1987.7
1408470 1988.6
1408480 1981.1
1408490 1981.1
1408500 1970.7
1408510 1959.2
1408520 1952.7
1408530 1952.7
1408540 1944.2
1408550 1941.9
1408560 1941.9
1408570 1943.0
1408580 1941.8
1408590 1941.8
1408600 1940.7
1408610 1945.4
1408620 1945.4
1408630 1953.9
1408640 1960.2
1408650 1960.2
1408660 1966.8
1408670 1973.6
1408680 1982.3
1408690 1982.3
1408700 1999.5
1408710 2020.2
1408720 2020.2
1408730 2026.7
1408740 2035.5
1408750 2035.5
1408760 2043.7
1408770 2048.4
1408780 2048.4
1408790 2052.5
1408800 2062.2
1408810 2062.2
1408820 2079.5
1408830 2084.5
1408840 2076.9
1408850 2076.9
1408860 2069.8
1408870 2063.7
1408880 2063.7
1408890 2058.9
1408900 2055.3
1408910 2055.3
1408920 2052.9
1408930 2051.4
1408940 2051.4
1408950 2050.0
1408960 2049.5
1408970 2049.5
1408980 2049.7
1408990 2049.6
1409000 2050.4
1409010 2050.4
1409020 2052.6
1409030 2055.0
1409040 2055.0
1409050 2056.3
1409060 2057.4
1409070 2057.4
1409080 2058.0
1409090 2058.0
1409100 2058.0
1409110 2059.3
1409120 2061.5
1409130 2061.5
1409140 2063.1
1409150 2064.4
1409160 2065.7
1409170 2065.7
1409180 2067.6
1409190 2069.6
1409200 2069.6
1409210 2071.6
1409220 2074.9
1409230 2074.9
1409240 2078.0
1409250 2078.8
1409260 2078.8
1409270 2079.0
1409280 2083.1
1409290 2083.1
1409300 2091.3
1409310 2099.3
1409320 2105.5
1409330 2105.5
1409340 2111.1
1409350 2116.2
1409360 2116.2
1409370 2120.1
1409380 2123.6
1409390 2123.6
1409400 2127.5
1409410 2131.7
1409420 2131.7
1409430 2135.8
1409440 2139.7
1409450 2139.7
1409460 2143.2
1409470 2146.2
1409480 2148.9
1409490 2148.9
1409500 2152.3
1409510 2157.5
1409520 2157.5
1409530 2163.7
1409540 2170.1
1409550 2170.1
1409560 2176.3
1409570 2181.9
1409580 2181.9
1409590 2188.7
1409600 2195.0
1409610 2195.0
1409620 2199.7
1409630 2206.4
1409640 2214.2
1409650 2214.2
1409660 2220.1
1409670 2226.1
1409680 2226.1
1409690 2232.0
1409700 2240.4
1409710 2240.4
1409720 2248.2
1409730 2256.4
1409740 2256.4
1409750 2265.0
1409760 2272.4
1409770 2272.4
1409780 2276.5
1409790 2281.7
1409800 2285.9
1409810 2285.9
1409820 2288.5
1409830 2292.2
1409840 2292.2
1409850 2295.4
1409860 2299.1
1409870 2299.1
1409880 2305.1
1409890 2311.4
1409900 2311.4
1409910 2316.5
1409920 2330.0
1409930 2330.0
1409940 2341.0
1409950 2343.6
1409960 2346.1
1409970 2346.1
1409980 2342.2
1409990 2340.9
1410000 2340.9
1410010 2346.3
1410020 2352.9
1410030 2352.9
1410040 2361.5
1410050 2374.4
1410060 2374.4
1410070 2387.3
1410080 2398.5
1410090 2398.5
1410100 2410.9
1410110 2417.6
1410120 2411.0
1410130 2411.0
1410140 2398.5
1410150 2386.5
1410160 2386.5
1410170 2376.9
1410180 2367.8
1410190 2367.8
1410200 2358.8
1410210 2350.2
1410220 2350.2
1410230 2341.7
1410240 2332.9
1410250 2332.9
1410260 2323.2
1410270 2316.6
1410280 2312.9
1410290 2312.9
1410300 2304.9
1410310 2298.4
1410320 2298.4
1410330 2296.7
1410340 2291.4
1410350 2291.4
1410360 2289.0
1410370 2287.0
1410380 2287.0
1410390 2277.2
1410400 2262.2
1410410 2262.2
1410420 2250.6
1410430 2245.2
1410440 2239.8
1410450 2239.8
1410460 2233.7
1410470 2228.1
1410480 2228.1
1410490 2225.3
1410500 2221.9
1410510 2221.9
1410520 2217.5
1410530 2212.8
1410540 2212.8
1410550 2209.4
1410560 2206.6
1410570 2206.6
1410580 2203.6
1410590 2198.9
1410600 2193.4
1410610 2193.4
1410620 2188.2
1410630 2182.1
1410640 2182.1
1410650 2175.7
1410660 2170.7
1410670 2170.7
1410680 2166.9
1410690 2163.3
1410700 2163.3
1410710 2159.6
1410720 2156.2
1410730 2156.2
1410740 2152.9
1410750 2149.4
1410760 2145.4
1410770 2145.4
1410780 2141.7
1410790 2137.6
1410800 2137.6
1410810 2132.5
1410820 2127.8
1410830 2127.8
1410840 2122.3
1410850 2116.2
1410860 2116.2
1410870 2110.9
1410880 2106.2
1410890 2106.2
1410900 2101.2
1410910 2098.7
1410920 2093.8
1410930 2093.8
1410940 2086.1
1410950 2083.0
1410960 2083.0
1410970 2081.5
1410980 2077.5
1410990 2077.5
1411000 2071.6
1411010 2065.6
1411020 2065.6
1411030 2059.4
1411040 2052.6
1411050 2052.6
1411060 2047.2
1411070 2042.6
1411080 2038.2
1411090 2038.2
1411100 2033.9
1411110 2029.9
1411120 2029.9
1411130 2029.0
1411140 2030.3
1411150 2030.3
1411160 2029.4
1411170 2028.0
1411180 2028.0
1411190 2027.4
1411200 2026.7
1411210 2026.7
1411220 2025.8
1411230 2025.0
1411240 2025.1
1411250 2025.1
1411260 2025.7
1411270 2026.2
1411280 2026.2
1411290 2026.3
1411300 2027.5
1411310 2027.5
1411320 2028.4
1411330 2029.3
1411340 2034.0
1411350 2035.0
1411360 2036.0
1411370 2036.0
1411380 2037.5
1411390 2038.3
1411400 2038.7
1411410 2038.7
1411420 2039.4
1411430 2039.9
1411440 2039.9
1411450 2041.0
1411460 2040.1
1411470 2040.1
1411480 2039.5
1411490 2039.7
1411500 2039.7
1411510 2039.1
1411520 2039.1
1411530 2039.1
1411540 2038.8
1411550 2039.4
1411560 2041.5
1411570 2041.5
1411580 2043.6
1411590 2046.9
1411600 2046.9
1411610 2051.2
1411620 2056.1
1411630 2056.1
1411640 2061.6
1411650 2067.4
1411660 2067.4
1411670 2073.4
1411680 2079.7
1411690 2079.7
1411700 2086.1
1411710 2093.0
1411720 2100.7
1411730 2100.7
1411740 2108.5
1411750 2116.7
1411760 2116.7
1411770 2124.7
1411780 2133.1
1411790 2133.1
1411800 2143.9
1411810 2157.8
1411820 2157.8
1411830 2169.6
1411840 2181.4
1411850 2181.4
1411860 2191.9
1411870 2203.5
1411880 2213.9
1411890 2213.9
1411900 2230.5
1411910 2245.2
1411920 2245.2
1411930 2241.7
1411940 2233.5
1411950 2233.5
1411960 2227.6
1411970 2228.0
1411980 2228.0
1411990 2230.4
1412000 2231.6
1412010 2231.6
1412020 2234.0
1412030 2238.9
1412040 2237.5
1412050 2237.5
1412060 2235.3
1412070 2233.4
1412080 2233.4
1412090 2231.2
1412100 2229.0
1412110 2229.0
1412120 2223.1
1412130 2217.9
1412140 2217.9
1412150 2215.4
1412160 2212.6
1412170 2212.6
1412180 2212.9
1412190 2215.4
1412200 2217.6
1412210 2217.6
1412220 2222.7
1412230 2222.5
1412240 2222.5
1412250 2231.2
1412260 2239.6
1412270 2239.6
1412280 2250.4
1412290 2253.4
1412300 2253.4
1412310 2253.3
1412320 2251.1
1412330 2251.1
1412340 2246.9
1412350 2243.8
1412360 2237.9
1412370 2237.9
1412380 2230.6
1412390 2225.0
1412400 2225.0
1412410 2219.1
1412420 2213.0
1412430 2213.0
1412440 2207.3
1412450 2201.2
1412460 2201.2
1412470 2196.4
1412480 2193.0
1412490 2193.0
1412500 2190.0
1412510 2186.5
1412520 2183.8
1412530 2183.8
1412540 2182.1
1412550 2183.0
1412560 2183.0
1412570 2185.2
1412580 2187.6
1412590 2187.6
1412600 2190.5
1412610 2194.3
1412620 2194.3
1412630 2198.5
1412640 2202.8
1412650 2202.8
1412660 2207.5
1412670 2212.0
1412680 2212.0
1412690 2216.3
1412700 2220.9
1412710 2226.4
1412720 2226.4
1412730 2232.4
1412740 2238.6
1412750 2238.6
1412760 2245.0
1412770 2252.2
1412780 2252.2
1412790 2260.2
1412800 2266.4
1412810 2266.4
1412820 2273.9
1412830 2287.5
1412840 2287.5
1412850 2299.0
1412860 2308.5
1412870 2318.7
1412880 2318.7
1412890 2335.6
1412900 2345.3
1412910 2345.3
1412920 2357.4
1412930 2378.9
1412940 2378.9
1412950 2394.8
1412960 2412.6
1412970 2412.6
1412980 2428.7
1412990 2434.4
1413000 2434.4
1413010 2428.0
1413020 2420.1
1413030 2412.3
1413040 2412.3
1413050 2406.2
1413060 2398.9
1413070 2398.0
1413080 2391.7
1413090 2385.7
1413100 2385.7
1413110 2379.8
1413120 2374.2
1413130 2374.2
1413140 2369.2
1413150 2364.6
1413160 2364.6
1413170 2358.1
1413180 2351.1
1413190 2345.9
1413200 2345.9
1413210 2342.2
1413220 2342.2
1413230 2342.2
1413240 2343.2
1413250 2344.1
1413260 2344.1
1413270 2344.7
1413280 2339.9
1413290 2339.9
1413300 2330.8
1413310 2327.6
1413320 2327.6
1413330 2325.7
1413340 2320.7
1413350 2311.5
1413360 2311.5
1413370 2304.8
1413380 2299.3
1413390 2299.3
1413400 2294.3
1413410 2290.1
1413420 2290.1
1413430 2285.7
1413440 2281.0
1413450 2281.0
1413460 2276.4
1413470 2272.4
1413480 2272.4
1413490 2269.7
1413500 2263.3
1413510 2253.1
1413520 2253.1
1413530 2246.5
1413540 2241.3
1413550 2241.3
1413560 2238.3
1413570 2235.8
1413580 2235.8
1413590 2233.6
1413600 2230.9
1413610 2230.9
1413620 2226.0
1413630 2221.1
1413640 2221.1
1413650 2217.3
1413660 2214.0
1413670 2211.3
1413680 2211.3
1413690 2207.4
1413700 2202.1
1413710 2202.1
1413720 2200.4
1413730 2198.9
1413740 2198.9
1413750 2195.7
1413760 2190.7
1413770 2190.7
1413780 2184.8
1413790 2178.5
1413800 2178.5
1413810 2171.8
1413820 2166.0
1413830 2161.1
1413840 2161.1
1413850 2157.4
1413860 2146.1
1413870 2146.1
1413880 2137.8
1413890 2133.5
1413900 2133.5
1413910 2128.8
1413920 2125.3
1413930 2125.3
1413940 2121.3
1413950 2117.3
1413960 2117.3
1413970 2113.8
1413980 2106.6
1413990 2101.1
1414000 2101.1
1414010 2095.3
1414020 2083.6
1414030 2083.6
1414040 2074.4
1414050 2069.0
1414060 2069.0
1414070 2064.7
1414080 2060.8
1414090 2060.8
1414100 2055.8
1414110 2047.4
1414120 2047.4
1414130 2041.2
1414140 2037.0
1414150 2031.5
1414160 2031.5
1414170 2020.9
1414180 2012.5
1414190 2012.5
1414200 2009.6
1414210 2004.7
1414220 2004.7
1414230 1998.3
1414240 1993.9
1414250 1993.9
1414260 1990.3
1414270 1987.2
1414280 1987.2
1414290 1982.9
1414300 1975.4
1414310 1968.6
1414320 1968.6
1414330 1961.9
1414340 1959.5
1414350 1959.5
1414360 1956.2
1414370 1951.2
1414380 1951.2
1414390 1946.4
1414400 1938.8
1414410 1938.8
1414420 1932.6
1414430 1929.0
1414440 1929.0
1414450 1925.6
1414460 1922.6
1414470 1919.5
1414480 1919.5
1414490 1916.2
1414500 1914.1
1414510 1914.1
1414520 1912.9
1414530 1911.2
1414540 1911.2
1414550 1909.5
1414560 1908.9
1414570 1908.9
1414580 1912.3
1414590 1917.1
1414600 1917.1
1414610 1917.7
1414620 1916.5
1414630 1915.9
1414640 1915.9
1414650 1919.6
1414660 1921.3
1414670 1921.3
1414680 1922.2
1414690 1926.1
1414700 1926.1
1414710 1931.9
1414720 1936.9
1414730 1936.9
1414740 1942.1
1414750 1949.9
1414760 1949.9
1414770 1966.0
1414780 1978.1
1414790 1983.9
1414800 1983.9
1414810 1980.2
1414820 1968.4
1414830 1968.4
1414840 1957.4
1414850 1942.1
1414860 1944.9
1414870 1928.3
1414880 1940.7
1414890 1940.7
1414900 1957.2
1414910 1968.7
1414920 1968.7
1414930 1979.3
1414940 1979.5
1414950 1968.9
1414960 1968.9
1414970 1953.4
1414980 1934.0
1414990 1934.0
1415000 1917.9
1415010 1914.1
1415020 1914.1
1415030 1911.1
1415040 1908.1
1415050 1908.1
1415060 1905.5
1415070 1903.5
1415080 1903.5
1415090 1901.4
1415100 1899.9
1415110 1899.4
1415120 1899.4
1415130 1899.7
1415140 1900.2
1415150 1900.2
1415160 1902.2
1415170 1905.6
1415180 1905.6
1415190 1908.9
1415200 1911.7
1415210 1911.7
1415220 1914.5
1415230 1916.8
1415240 1916.8
1415250 1919.7
1415260 1924.5
1415270 1931.4
1415280 1931.4
1415290 1940.9
1415300 1951.4
1415310 1951.4
1415320 1960.8
1415330 1961.3
1415340 1961.3
1415350 1964.1
1415360 1967.3
1415370 1967.3
1415380 1967.6
1415390 1972.4
1415400 1972.4
1415410 1979.6
1415420 1988.8
1415430 1997.0
1415440 1997.0
1415450 2004.8
1415460 2013.3
1415470 2013.3
1415480 2022.2
1415490 2030.5
1415500 2030.5
1415510 2039.0
1415520 2048.1
1415530 2048.1
1415540 2057.7
1415550 2067.2
1415560 2067.2
1415570 2076.4
1415580 2086.5
1415590 2098.8
1415600 2098.8
1415610 2111.0
1415620 2120.6
1415630 2120.6
1415640 2126.8
1415650 2133.3
1415660 2133.3
1415670 2140.5
1415680 2148.3
1415690 2148.3
1415700 2158.1
1415710 2167.3
1415720 2167.3
1415730 2177.8
1415740 2192.4
1415750 2208.0
1415760 2208.0
1415770 2224.4
1415780 2234.2
1415790 2234.2
1415800 2235.4
1415810 2235.4
1415820 2235.4
1415830 2232.0
1415840 2229.8
1415850 2229.8
1415860 2227.8
1415870 2225.8
1415880 2225.8
1415890 2234.8
1415900 2255.2
1415910 2267.7
1415920 2267.7
1415930 2279.7
1415940 2287.2
1415950 2287.2
1415960 2285.1
1415970 2278.9
1415980 2278.9
1415990 2276.9
1416000 2275.4
1416010 2275.4
1416020 2272.1
1416030 2263.2
1416040 2263.2
1416050 2251.2
1416060 2244.2
1416070 2244.8
1416080 2244.8
1416090 2243.9
1416100 2242.7
1416110 2242.7
1416120 2243.9
1416130 2245.5
1416140 2245.5
1416150 2247.2
1416160 2249.6
1416170 2249.6
1416180 2252.9
1416190 2257.2
1416200 2257.2
1416210 2260.0
1416220 2263.6
1416230 2268.0
1416240 2268.0
1416250 2272.3
1416260 2276.4
1416270 2276.4
1416280 2279.8
1416290 2282.6
1416300 2282.6
1416310 2284.7
1416320 2287.0
1416330 2287.0
1416340 2291.9
1416350 2297.9
1416360 2297.9
1416370 2303.8
1416380 2309.6
1416390 2309.6
1416400 2315.5
1416410 2321.4
1416420 2328.5
1416430 2328.5
1416440 2337.7
1416450 2351.6
1416460 2351.6
1416470 2361.9
1416480 2369.1
1416490 2369.1
1416500 2377.7
1416510 2383.9
1416520 2383.9
1416530 2396.0
1416540 2414.9
1416550 2414.9
1416560 2415.3
1416570 2420.4
1416580 2425.9
1416590 2425.9
1416600 2432.6
1416610 2438.7
1416620 2438.7
1416630 2446.7
1416640 2453.3
1416650 2453.3
1416660 2457.6
1416670 2464.6
1416680 2464.6
1416690 2484.2
1416700 2488.7
1416710 2488.7
1416720 2491.9
1416730 2498.9
1416740 2509.1
1416750 2509.1
1416760 2519.1
1416770 2522.9
1416780 2522.9
1416790 2518.9
1416800 2517.2
1416810 2517.2
1416820 2521.5
1416830 2526.3
1416840 2526.3
1416850 2529.6
1416860 2533.9
1416870 2533.9
1416880 2536.9
1416890 2539.7
1416900 2540.0
1416910 2540.0
1416920 2533.7
1416930 2526.2
1416940 2526.2
1416950 2520.9
1416960 2516.2
1416970 2516.2
1416980 2511.5
1416990 2508.6
1417000 2508.6
1417010 2501.7
1417020 2491.1
1417030 2491.1
1417040 2484.7
1417050 2477.0
1417060 2466.7
1417070 2466.7
1417080 2456.5
1417090 2446.5
1417100 2446.5
1417110 2435.7
1417120 2418.0
1417130 2418.0
1417140 2404.6
1417150 2395.5
1417160 2395.5
1417170 2383.1
1417180 2367.3
1417190 2367.3
1417200 2350.6
1417210 2338.9
1417220 2325.1
1417230 2325.1
1417240 2316.5
1417250 2314.4
1417260 2314.4
1417270 2317.1
1417280 2326.0
1417290 2326.0
1417300 2333.8
1417310 2335.5
1417320 2335.5
1417330 2336.4
1417340 2332.3
1417350 2332.3
1417360 2328.2
1417370 2319.7
1417380 2309.9
1417390 2309.9
1417400 2302.5
1417410 2289.5
1417420 2289.5
1417430 2272.8
1417440 2262.1
1417450 2262.1
1417460 2265.4
1417470 2266.0
1417480 2266.0
1417490 2262.7
1417500 2254.1
1417510 2254.1
1417520 2246.2
1417530 2238.8
1417540 2234.6
1417550 2234.6
1417560 2232.9
1417570 2228.8
1417580 2228.8
1417590 2224.9
1417600 2223.1
1417610 2223.1
1417620 2222.1
1417630 2219.8
1417640 2219.8
1417650 2216.4
1417660 2213.1
1417670 2213.1
1417680 2213.4
1417690 2211.1
1417700 2209.6
1417710 2209.6
1417720 2207.1
1417730 2204.5
1417740 2204.5
1417750 2201.5
1417760 2198.8
1417770 2198.8
1417780 2198.1
1417790 2199.0
1417800 2199.0
1417810 2201.1
1417820 2204.4
1417830 2204.4
1417840 2206.8
1417850 2207.9
1417860 2208.0
1417870 2208.0
1417880 2207.3
1417890 2206.5
1417900 2206.5
1417910 2205.0
1417920 2202.7
1417930 2202.7
1417940 2201.1
1417950 2195.3
1417960 2195.3
1417970 2187.7
1417980 2177.6
1417990 2177.6
1418000 2166.8
1418010 2158.4
1418020 2151.4
1418030 2151.4
1418040 2144.5
1418050 2138.5
1418060 2138.5
1418070 2133.4
1418080 2129.2
1418090 2129.2
1418100 2126.1
1418110 2122.5
1418120 2122.5
1418130 2118.7
1418140 2115.9
1418150 2115.9
1418160 2113.2
1418170 2110.9
1418180 2108.5
1418190 2108.5
1418200 2106.8
1418210 2105.7
1418220 2105.7
1418230 2104.7
1418240 2103.8
1418250 2103.8
1418260 2103.2
1418270 2102.4
1418280 2102.4
1418290 2100.9
1418300 2097.2
1418310 2097.2
1418320 2092.4
1418330 2090.0
1418340 2086.4
1418350 2086.4
1418360 2082.8
1418370 2080.0
1418380 2080.0
1418390 2077.4
1418400 2075.5
1418410 2075.5
1418420 2073.3
1418430 2070.3
1418440 2070.3
1418450 2066.4
1418460 2061.8
1418470 2061.8
1418480 2056.2
1418490 2050.4
1418500 2044.7
1418510 2044.7
1418520 2039.6
1418530 2035.2
1418540 2035.2
1418550 2028.9
1418560 2021.8
1418570 2030.3
1418580 2025.3
1418590 2015.4
1418600 2015.4
1418610 2002.6
1418620 1993.4
1418630 1993.4
1418640 1984.9
1418650 1977.3
1418660 1969.5
1418670 1969.5
1418680 1961.2
1418690 1953.7
1418700 1953.7
1418710 1946.9
1418720 1941.8
1418730 1941.8
1418740 1937.6
1418750 1933.3
1418760 1933.3
1418770 1927.7
1418780 1921.1
1418790 1921.1
1418800 1917.0
1418810 1913.6
1418820 1907.1
1418830 1907.1
1418840 1901.2
1418850 1895.7
1418860 1895.7
1418870 1890.0
1418880 1883.3
1418890 1883.3
1418900 1875.3
1418910 1868.6
1418920 1868.6
1418930 1862.8
1418940 1857.2
1418950 1857.2
1418960 1850.6
1418970 1842.9
1418980 1835.3
1418990 1835.3
1419000 1829.2
1419010 1824.0
1419020 1824.0
1419030 1820.3
1419040 1815.2
1419050 1815.2
1419060 1807.3
1419070 1801.4
1419080 1801.4
1419090 1793.9
1419100 1783.1
1419110 1783.1
1419120 1770.0
1419130 1756.8
1419140 1757.3
1419150 1757.3
1419160 1762.8
1419170 1760.0
1419180 1760.0
1419190 1757.9
1419200 1755.2
1419210 1755.2
1419220 1751.9
1419230 1748.2
1419240 1748.2
1419250 1745.4
1419260 1742.1
1419270 1742.1
1419280 1736.3
1419290 1729.9
1419300 1725.2
1419310 1725.2
1419320 1721.7
1419330 1717.4
1419340 1717.4
1419350 1711.9
1419360 1705.5
1419370 1705.5
1419380 1698.7
1419390 1692.3
1419400 1692.3
1419410 1687.9
1419420 1684.7
1419430 1684.7
1419440 1681.5
1419450 1677.9
1419460 1674.3
1419470 1674.3
1419480 1670.2
1419490 1664.8
1419500 1664.8
1419510 1659.9
1419520 1655.6
1419530 1655.6
1419540 1649.3
1419550 1642.4
1419560 1642.4
1419570 1637.2
1419580 1633.5
1419590 1633.5
1419600 1628.7
1419610 1622.7
1419620 1614.1
1419630 1614.1
1419640 1604.9
1419650 1596.9
1419660 1596.9
1419670 1590.3
1419680 1584.7
1419690 1584.7
1419700 1578.2
1419710 1570.5
1419720 1570.5
1419730 1564.4
1419740 1559.2
1419750 1559.2
1419760 1552.8
1419770 1545.2
1419780 1537.0
1419790 1537.0
1419800 1530.2
1419810 1524.3
1419820 1524.3
1419830 1519.2
1419840 1513.4
1419850 1513.4
1419860 1506.4
1419870 1499.0
1419880 1499.0
1419890 1493.0
1419900 1489.6
1419910 1489.6
1419920 1484.8
1419930 1478.6
1419940 1472.7
1419950 1472.7
1419960 1466.2
1419970 1460.0
1419980 1460.0
1419990 1454.2
