1400000 1723.4
1400010 1722.8
1400020 1722.8
1400030 1724.0
1400040 1726.1
1400050 1726.1
1400060 1727.0
1400070 1726.8
1400080 1726.8
1400090 1726.5
1400100 1729.1
1400110 1733.9
1400120 1733.9
1400130 1736.9
1400140 1738.9
1400150 1738.9
1400160 1741.3
1400170 1745.0
1400180 1745.0
1400190 1748.8
1400200 1753.9
1400210 1753.9
1400220 1758.9
1400230 1761.8
1400240 1761.8
1400250 1765.5
1400260 1769.0
1400270 1769.0
1400280 1770.8
1400290 1773.8
1400300 1778.3
1400310 1778.3
1400320 1782.9
1400330 1787.3
1400340 1787.3
1400350 1791.9
1400360 1795.9
1400370 1795.9
1400380 1799.6
1400390 1803.8
1400400 1803.8
1400410 1807.4
1400420 1812.7
1400430 1812.7
1400440 1817.1
1400450 1820.5
1400460 1825.0
1400470 1825.0
1400480 1829.2
1400490 1832.7
1400500 1832.7
1400510 1835.4
1400520 1837.6
1400530 1837.6
1400540 1840.4
1400550 1843.7
1400560 1843.7
1400570 1845.6
1400580 1847.6
1400590 1847.6
1400600 1849.6
1400610 1852.2
1400620 1856.3
1400630 1858.5
1400640 1862.0
1400650 1863.9
1400660 1863.9
1400670 1865.2
1400680 1866.7
1400690 1866.7
1400700 1866.9
1400710 1866.3
1400720 1866.3
1400730 1866.2
1400740 1866.3
1400750 1866.3
1400760 1866.5
1400770 1867.0
1400780 1867.6
1400790 1867.6
1400800 1868.0
1400810 1867.8
1400820 1867.8
1400830 1867.2
1400840 1866.6
1400850 1866.6
1400860 1867.1
1400870 1868.6
1400880 1868.6
1400890 1871.5
1400900 1874.9
1400910 1874.9
1400920 1876.8
1400930 1877.7
1400940 1878.2
1400950 1878.2
1400960 1879.8
1400970 1882.4
1400980 1882.4
1400990 1885.4
1401000 1887.1
1401010 1887.1
1401020 1888.4
1401030 1890.4
1401040 1890.4
1401050 1893.9
1401060 1899.1
1401070 1899.1
1401080 1905.1
1401090 1912.2
1401100 1919.5
1401110 1919.5
1401120 1925.5
1401130 1930.7
1401140 1930.7
1401150 1937.2
1401160 1943.9
1401170 1943.9
1401180 1949.8
1401190 1954.0
1401200 1954.0
1401210 1956.8
1401220 1958.7
1401230 1958.7
1401240 1960.4
1401250 1962.6
1401260 1965.8
1401270 1965.8
1401280 1968.7
1401290 1971.5
1401300 1971.5
1401310 1974.9
1401320 1979.2
1401330 1979.2
1401340 1982.0
1401350 1983.5
1401360 1983.5
1401370 1985.2
1401380 1986.3
1401390 1986.3
1401400 1985.6
1401410 1984.1
1401420 1983.1
1401430 1983.1
1401440 1982.3
1401450 1982.2
1401460 1982.2
1401470 1982.9
1401480 1984.7
1401490 1984.7
1401500 1988.0
1401510 1992.1
1401520 1992.1
1401530 1995.7
1401540 1999.3
1401550 1999.3
1401560 2002.4
1401570 2005.0
1401580 2007.8
1401590 2007.8
1401600 2012.2
1401610 2017.0
1401620 2017.0
1401630 2022.6
1401640 2028.8
1401650 2028.8
1401660 2032.8
1401670 2036.9
1401680 2036.9
1401690 2041.5
1401700 2046.4
1401710 2046.4
1401720 2051.3
1401730 2057.3
1401740 2061.7
1401750 2061.7
1401760 2065.6
1401770 2070.4
1401780 2070.4
1401790 2075.0
1401800 2078.7
1401810 2078.7
1401820 2081.0
1401830 2081.2
1401840 2081.2
1401850 2079.0
1401860 2077.1
1401870 2077.1
1401880 2077.8
1401890 2079.7
1401900 2082.6
1401910 2082.6
1401920 2088.2
1401930 2095.1
1401940 2095.1
1401950 2101.5
1401960 2105.5
1401970 2105.5
1401980 2104.7
1401990 2099.6
1402000 2099.6
1402010 2095.1
1402020 2093.1
1402030 2093.1
1402040 2093.2
1402050 2095.0
1402060 2093.3
1402070 2093.3
1402080 2088.2
1402090 2081.1
1402100 2081.1
1402110 2072.7
1402120 2063.6
1402130 2063.6
1402140 2057.6
1402150 2050.2
1402160 2050.2
1402170 2042.8
1402180 2035.0
1402190 2035.0
1402200 2026.2
1402210 2017.3
1402220 2008.4
1402230 2008.4
1402240 2002.1
1402250 2001.7
1402260 2001.7
1402270 2002.8
1402280 2002.2
1402290 2002.2
1402300 1999.8
1402310 1997.8
1402320 1997.8
1402330 1997.5
1402340 1995.7
1402350 1995.7
1402360 1992.9
1402370 1990.9
1402380 1989.4
1402390 1989.4
1402400 1987.5
1402410 1985.6
1402420 1985.6
1402430 1983.6
1402440 1985.7
1402450 1985.7
1402460 1983.7
1402470 1982.0
1402480 1982.0
1402490 1980.5
1402500 1978.8
1402510 1978.8
1402520 1977.1
1402530 1970.7
1402540 1964.0
1402550 1964.0
1402560 1958.6
1402570 1957.2
1402580 1957.2
1402590 1954.8
1402600 1954.3
1402610 1954.3
1402620 1954.1
1402630 1947.7
1402640 1947.7
1402650 1942.6
1402660 1942.4
1402670 1942.4
1402680 1954.7
1402690 1967.8
1402700 1978.3
1402710 1978.3
1402720 1986.5
1402730 1993.1
1402740 1993.1
1402750 2003.9
1402760 2011.7
1402770 2011.7
1402780 2014.0
1402790 2016.0
1402800 2016.0
1402810 2016.9
1402820 2019.0
1402830 2019.0
1402840 2019.6
1402850 2020.1
1402860 2017.9
1402870 2017.9
1402880 2010.0
1402890 2007.9
1402900 2007.9
1402910 2017.6
1402920 2028.0
1402930 2028.0
1402940 2034.7
1402950 2037.9
1402960 2037.9
1402970 2042.1
1402980 2043.9
1402990 2043.9
1403000 2039.2
1403010 2030.9
1403020 2023.0
1403030 2023.0
1403040 2017.6
1403050 2013.8
1403060 2013.8
1403070 2011.4
1403080 2010.7
1403090 2010.7
1403100 2009.4
1403110 2006.4
1403120 2006.4
1403130 2001.8
1403140 1994.0
1403150 1994.0
1403160 1989.5
1403170 1997.9
1403180 1997.5
1403190 1997.5
1403200 1999.5
1403210 2003.6
1403220 2003.6
1403230 2007.5
1403240 2011.1
1403250 2011.1
1403260 2012.7
1403270 2015.0
1403280 2015.0
1403290 2017.5
1403300 2018.0
1403310 2018.0
1403320 2023.1
1403330 2030.2
1403340 2033.8
1403350 2033.8
1403360 2037.2
1403370 2039.8
1403380 2039.8
1403390 2042.5
1403400 2045.8
1403410 2045.8
1403420 2048.7
1403430 2051.6
1403440 2051.6
1403450 2055.9
1403460 2062.1
1403470 2062.1
1403480 2067.9
1403490 2072.3
1403500 2075.6
1403510 2075.6
1403520 2077.6
1403530 2078.6
1403540 2078.6
1403550 2078.1
1403560 2077.7
1403570 2077.7
1403580 2079.8
1403590 2080.8
1403600 2080.8
1403610 2081.3
1403620 2080.9
1403630 2080.9
1403640 2079.4
1403650 2078.3
1403660 2078.7
1403670 2078.7
1403680 2085.7
1403690 2087.3
1403700 2087.3
1403710 2089.1
1403720 2091.2
1403730 2091.2
1403740 2095.2
1403750 2099.7
1403760 2099.7
1403770 2104.1
1403780 2107.3
1403790 2107.3
1403800 2109.9
1403810 2112.2
1403820 2114.5
1403830 2114.5
1403840 2116.7
1403850 2120.2
1403860 2120.2
1403870 2124.4
1403880 2127.4
1403890 2127.4
1403900 2128.9
1403910 2130.4
1403920 2130.4
1403930 2132.5
1403940 2132.4
1403950 2132.4
1403960 2132.7
1403970 2134.0
1403980 2135.5
1403990 2135.5
1404000 2137.9
1404010 2142.1
1404020 2142.1
1404030 2147.3
1404040 2153.0
1404050 2153.0
1404060 2159.2
1404070 2165.2
1404080 2165.2
1404090 2170.1
1404100 2174.2
1404110 2174.2
1404120 2178.2
1404130 2182.1
1404140 2182.1
1404150 2185.5
1404160 2188.8
1404170 2192.1
1404180 2192.1
1404190 2194.9
1404200 2197.2
1404210 2197.2
1404220 2198.6
1404230 2200.3
1404240 2200.3
1404250 2204.3
1404260 2207.1
1404270 2207.1
1404280 2209.2
1404290 2212.3
1404300 2212.3
1404310 2215.9
1404320 2219.6
1404330 2223.5
1404340 2223.5
1404350 2227.8
1404360 2232.8
1404370 2232.8
1404380 2238.6
1404390 2244.4
1404400 2244.4
1404410 2250.9
1404420 2257.6
1404430 2257.6
1404440 2264.4
1404450 2270.9
1404460 2270.9
1404470 2277.7
1404480 2284.4
1404490 2290.3
1404500 2290.3
1404510 2296.0
1404520 2302.5
1404530 2302.5
1404540 2309.4
1404550 2316.1
1404560 2316.1
1404570 2322.8
1404580 2329.5
1404590 2329.5
1404600 2336.3
1404610 2342.2
1404620 2342.2
1404630 2344.7
1404640 2343.6
1404650 2343.4
1404660 2343.4
1404670 2343.5
1404680 2344.5
1404690 2344.5
1404700 2345.7
1404710 2346.4
1404720 2346.4
1404730 2347.1
1404740 2347.7
1404750 2347.7
1404760 2347.8
1404770 2347.6
1404780 2347.6
1404790 2347.1
1404800 2345.8
1404810 2345.4
1404820 2345.4
1404830 2345.6
1404840 2345.2
1404850 2345.2
1404860 2343.7
1404870 2340.9
1404880 2340.9
1404890 2337.4
1404900 2336.8
1404910 2336.8
1404920 2335.2
1404930 2331.1
1404940 2331.1
1404950 2327.8
1404960 2325.5
1404970 2325.5
1404980 2325.5
1404990 2326.2
1405000 2325.2
1405010 2325.2
1405020 2323.0
1405030 2320.5
1405040 2320.5
1405050 2316.1
1405060 2310.3
1405070 2310.3
1405080 2304.6
1405090 2299.5
1405100 2299.5
1405110 2294.6
1405120 2291.2
1405130 2290.6
1405140 2290.6
1405150 2286.5
1405160 2286.0
1405170 2286.0
1405180 2289.5
1405190 2285.9
1405200 2285.9
1405210 2280.6
1405220 2276.0
1405230 2276.0
1405240 2279.1
1405250 2279.0
1405260 2285.8
1405270 2285.0
1405280 2286.7
1405290 2290.4
1405300 2290.4
1405310 2292.5
1405320 2292.2
1405330 2292.2
1405340 2292.2
1405350 2292.2
1405360 2292.2
1405370 2293.9
1405380 2297.1
1405390 2297.1
1405400 2297.6
1405410 2297.4
1405420 2297.4
1405430 2297.0
1405440 2296.3
1405450 2295.7
1405460 2295.7
1405470 2296.6
1405480 2297.9
1405490 2297.9
1405500 2301.2
1405510 2304.4
1405520 2304.4
1405530 2305.2
1405540 2302.7
1405550 2302.7
1405560 2299.3
1405570 2296.7
1405580 2296.7
1405590 2294.3
1405600 2292.4
1405610 2289.0
1405620 2289.0
1405630 2282.0
1405640 2275.6
1405650 2275.6
1405660 2271.3
1405670 2271.6
1405680 2271.6
1405690 2269.7
1405700 2266.4
1405710 2266.4
1405720 2268.8
1405730 2273.4
1405740 2273.4
1405750 2278.0
1405760 2282.9
1405770 2288.6
1405780 2288.6
1405790 2296.3
1405800 2307.5
1405810 2307.5
1405820 2315.6
1405830 2318.1
1405840 2318.1
1405850 2317.7
1405860 2323.0
1405870 2323.0
1405880 2330.5
1405890 2335.6
1405900 2335.6
1405910 2341.4
1405920 2348.5
1405930 2356.1
1405940 2356.1
1405950 2363.7
1405960 2371.2
1405970 2371.2
1405980 2378.2
1405990 2384.5
1406000 2384.5
1406010 2389.6
1406020 2395.4
1406030 2395.4
1406040 2401.3
1406050 2407.5
1406060 2407.5
1406070 2412.7
1406080 2416.5
1406090 2418.7
1406100 2418.7
1406110 2413.5
1406120 2405.4
1406130 2405.4
1406140 2396.6
1406150 2387.7
1406160 2387.7
1406170 2378.6
1406180 2370.2
1406190 2370.2
1406200 2362.6
1406210 2356.0
1406220 2356.0
1406230 2349.5
1406240 2343.2
1406250 2336.2
1406260 2336.2
1406270 2329.0
1406280 2321.5
1406290 2321.5
1406300 2313.5
1406310 2306.5
1406320 2306.5
1406330 2300.1
1406340 2293.6
1406350 2293.6
1406360 2287.1
1406370 2283.1
1406380 2283.1
1406390 2278.6
1406400 2274.4
1406410 2270.9
1406420 2270.9
1406430 2266.8
1406440 2262.1
1406450 2262.1
1406460 2257.3
1406470 2253.3
1406480 2253.3
1406490 2247.1
1406500 2241.1
1406510 2241.1
1406520 2236.3
1406530 2231.4
1406540 2231.4
1406550 2225.9
1406560 2220.9
1406570 2216.6
1406580 2216.6
1406590 2212.6
1406600 2207.7
1406610 2207.7
1406620 2202.4
1406630 2197.0
1406640 2197.0
1406650 2191.6
1406660 2186.5
1406670 2186.5
1406680 2180.9
1406690 2175.1
1406700 2175.1
1406710 2169.2
1406720 2163.6
1406730 2158.1
1406740 2158.1
1406750 2153.0
1406760 2147.6
1406770 2147.6
1406780 2145.2
1406790 2142.3
1406800 2142.3
1406810 2138.7
1406820 2135.7
1406830 2135.7
1406840 2134.4
1406850 2132.0
1406860 2132.0
1406870 2127.2
1406880 2121.9
1406890 2117.2
1406900 2117.2
1406910 2112.9
1406920 2107.9
1406930 2107.9
1406940 2102.1
1406950 2098.4
1406960 2098.4
1406970 2094.4
1406980 2088.4
1406990 2088.4
1407000 2082.1
1407010 2075.7
1407020 2075.7
1407030 2071.2
1407040 2066.1
1407050 2061.8
1407060 2061.8
1407070 2057.4
1407080 2053.4
1407090 2053.4
1407100 2049.4
1407110 2043.9
1407120 2043.9
1407130 2038.5
1407140 2033.4
1407150 2033.4
1407160 2029.1
1407170 2024.8
1407180 2024.8
1407190 2020.6
1407200 2015.8
1407210 2010.3
1407220 2010.3
1407230 2005.2
1407240 2000.6
1407250 2000.6
1407260 1996.0
1407270 1991.1
1407280 1991.1
1407290 1987.0
1407300 1982.8
1407310 1982.8
1407320 1977.4
1407330 1972.3
1407340 1972.3
1407350 1967.8
1407360 1963.2
1407370 1958.9
1407380 1958.9
1407390 1954.8
1407400 1950.7
1407410 1950.7
1407420 1946.3
1407430 1941.5
1407440 1941.5
1407450 1936.9
1407460 1931.3
1407470 1931.3
1407480 1925.4
1407490 1919.6
1407500 1919.6
1407510 1912.9
1407520 1907.5
1407530 1902.9
1407540 1902.9
1407550 1899.3
1407560 1896.3
1407570 1896.3
1407580 1891.9
1407590 1888.1
1407600 1888.1
1407610 1883.2
1407620 1876.4
1407630 1876.4
1407640 1867.7
1407650 1859.0
1407660 1859.0
1407670 1850.3
1407680 1842.5
1407690 1835.6
1407700 1835.6
1407710 1829.0
1407720 1823.3
1407730 1823.3
1407740 1817.8
1407750 1820.0
1407760 1820.0
1407770 1826.3
1407780 1833.6
1407790 1833.6
1407800 1841.5
1407810 1847.8
1407820 1847.8
1407830 1858.9
1407840 1864.2
1407850 1864.8
1407860 1864.8
1407870 1873.2
1407880 1878.6
1407890 1878.6
1407900 1877.1
1407910 1877.9
1407920 1877.9
1407930 1882.4
1407940 1886.8
1407950 1886.8
1407960 1894.7
1407970 1903.9
1407980 1903.9
1407990 1910.9
1408000 1911.0
1408010 1908.3
1408020 1908.3
1408030 1913.1
1408040 1917.5
1408050 1917.5
1408060 1920.2
1408070 1923.8
1408080 1923.8
1408090 1927.3
1408100 1929.6
1408110 1929.6
1408120 1930.6
1408130 1930.6
1408140 1930.6
1408150 1930.0
1408160 1930.6
1408170 1930.6
1408180 1932.3
1408190 1933.7
1408200 1935.9
1408210 1935.9
1408220 1938.5
1408230 1941.4
1408240 1941.4
1408250 1944.0
1408260 1945.3
1408270 1945.3
1408280 1946.2
1408290 1947.3
1408300 1947.3
1408310 1946.6
1408320 1944.0
1408330 1944.0
1408340 1946.4
1408350 1947.8
1408360 1948.8
1408370 1948.8
1408380 1950.5
1408390 1953.1
1408400 1953.1
1408410 1956.3
1408420 1961.8
1408430 1961.8
1408440 1975.7
1408450 1987.7
1408460 1987.7
1408470 1988.6
1408480 1981.1
1408490 1981.1
1408500 1973.0
1408510 1966.5
1408520 1960.8
1408530 1960.8
1408540 1951.8
1408550 1950.1
1408560 1950.1
1408570 1951.2
1408580 1949.2
1408590 1949.2
1408600 1949.0
1408610 1950.3
1408620 1950.3
1408630 1957.3
1408640 1965.3
1408650 1965.3
1408660 1971.8
1408670 1978.2
1408680 1984.5
1408690 1984.5
1408700 1997.8
1408710 2023.2
1408720 2023.2
1408730 2035.9
1408740 2041.1
1408750 2041.1
1408760 2049.8
1408770 2056.2
1408780 2056.2
1408790 2060.3
1408800 2066.5
1408810 2066.5
1408820 2081.8
1408830 2088.6
1408840 2081.6
1408850 2081.6
1408860 2075.0
1408870 2068.4
1408880 2068.4
1408890 2064.1
1408900 2060.8
1408910 2060.8
1408920 2058.9
1408930 2057.6
1408940 2057.6
1408950 2055.8
1408960 2054.9
1408970 2054.9
1408980 2055.0
1408990 2054.9
1409000 2055.7
1409010 2055.7
1409020 2057.8
1409030 2059.3
1409040 2059.3
1409050 2060.0
1409060 2060.6
1409070 2060.6
1409080 2061.0
1409090 2061.2
1409100 2061.2
1409110 2061.5
1409120 2062.5
1409130 2062.5
1409140 2064.3
1409150 2065.9
1409160 2067.1
1409170 2067.1
1409180 2069.2
1409190 2071.6
1409200 2071.6
1409210 2073.6
1409220 2075.8
1409230 2075.8
1409240 2078.7
1409250 2080.7
1409260 2080.7
1409270 2081.3
1409280 2085.5
1409290 2085.5
1409300 2094.0
1409310 2101.8
1409320 2106.8
1409330 2106.8
1409340 2113.4
1409350 2118.8
1409360 2118.8
1409370 2122.8
1409380 2126.5
1409390 2126.5
1409400 2130.7
1409410 2135.2
1409420 2135.2
1409430 2139.4
1409440 2143.2
1409450 2143.2
1409460 2146.4
1409470 2149.2
1409480 2151.8
1409490 2151.8
1409500 2155.4
1409510 2160.1
1409520 2160.1
1409530 2165.8
1409540 2171.8
1409550 2171.8
1409560 2177.6
1409570 2183.4
1409580 2183.4
1409590 2189.6
1409600 2195.7
1409610 2195.7
1409620 2200.6
1409630 2206.9
1409640 2214.2
1409650 2214.2
1409660 2220.1
1409670 2226.1
1409680 2226.1
1409690 2232.0
1409700 2240.4
1409710 2240.4
1409720 2248.2
1409730 2256.4
1409740 2256.4
1409750 2265.0
1409760 2272.4
1409770 2272.4
1409780 2276.5
1409790 2281.7
1409800 2285.9
1409810 2285.9
1409820 2288.5
1409830 2292.2
1409840 2292.2
1409850 2295.4
1409860 2299.1
1409870 2299.1
1409880 2305.1
1409890 2311.4
1409900 2311.4
1409910 2316.5
1409920 2330.0
1409930 2330.0
1409940 2341.0
1409950 2343.6
1409960 2346.1
1409970 2346.1
1409980 2342.2
1409990 2340.9
1410000 2340.9
1410010 2346.3
1410020 2352.9
1410030 2352.9
1410040 2361.5
1410050 2374.4
1410060 2374.4
1410070 2387.3
1410080 2398.5
1410090 2398.5
1410100 2410.9
1410110 2417.6
1410120 2411.0
1410130 2411.0
1410140 2398.5
1410150 2386.5
1410160 2386.5
1410170 2382.9
1410180 2373.8
1410190 2373.8
1410200 2363.9
1410210 2355.7
1410220 2355.7
1410230 2347.2
1410240 2338.6
1410250 2338.6
1410260 2332.8
1410270 2326.6
1410280 2320.9
1410290 2320.9
1410300 2314.1
1410310 2310.0
1410320 2310.0
1410330 2306.1
1410340 2301.1
1410350 2301.1
1410360 2296.2
1410370 2289.0
1410380 2289.0
1410390 2279.9
1410400 2267.5
1410410 2267.5
1410420 2257.6
1410430 2252.4
1410440 2245.6
1410450 2245.6
1410460 2239.0
1410470 2234.9
1410480 2234.9
1410490 2232.4
1410500 2229.9
1410510 2229.9
1410520 2226.3
1410530 2222.0
1410540 2222.0
1410550 2218.8
1410560 2216.3
1410570 2216.3
1410580 2211.6
1410590 2204.6
1410600 2198.4
1410610 2198.4
1410620 2193.6
1410630 2188.5
1410640 2188.5
1410650 2183.2
1410660 2178.5
1410670 2178.5
1410680 2173.5
1410690 2168.5
1410700 2168.5
1410710 2165.6
1410720 2162.7
1410730 2162.7
1410740 2159.6
1410750 2155.9
1410760 2151.2
1410770 2151.2
1410780 2146.4
1410790 2141.5
1410800 2141.5
1410810 2136.9
1410820 2132.2
1410830 2132.2
1410840 2127.0
1410850 2121.6
1410860 2121.6
1410870 2116.5
1410880 2110.1
1410890 2110.1
1410900 2105.2
1410910 2103.5
1410920 2100.1
1410930 2100.1
1410940 2094.3
1410950 2092.2
1410960 2092.2
1410970 2089.8
1410980 2084.7
1410990 2084.7
1411000 2078.2
1411010 2072.1
1411020 2072.1
1411030 2064.9
1411040 2057.7
1411050 2057.7
1411060 2052.6
1411070 2047.6
1411080 2043.4
1411090 2043.4
1411100 2038.9
1411110 2035.1
1411120 2035.1
1411130 2033.9
1411140 2035.0
1411150 2035.0
1411160 2034.0
1411170 2032.6
1411180 2032.6
1411190 2031.8
1411200 2031.0
1411210 2031.0
1411220 2029.7
1411230 2028.7
1411240 2028.9
1411250 2028.9
1411260 2029.8
1411270 2030.5
1411280 2030.5
1411290 2030.8
1411300 2031.7
1411310 2031.7
1411320 2032.8
1411330 2034.0
1411340 2034.0
1411350 2035.0
1411360 2036.0
1411370 2036.0
1411380 2037.5
1411390 2038.3
1411400 2038.7
1411410 2038.7
1411420 2039.4
1411430 2039.9
1411440 2039.9
1411450 2041.0
1411460 2040.1
1411470 2040.1
1411480 2039.5
1411490 2039.7
1411500 2039.7
1411510 2039.1
1411520 2039.1
1411530 2039.1
1411540 2038.8
1411550 2039.4
1411560 2041.5
1411570 2041.5
1411580 2043.6
1411590 2046.9
1411600 2046.9
1411610 2051.2
1411620 2056.1
1411630 2056.1
1411640 2061.6
1411650 2067.4
1411660 2067.4
1411670 2073.4
1411680 2079.7
1411690 2079.7
1411700 2086.1
1411710 2093.0
1411720 2100.7
1411730 2100.7
1411740 2108.5
1411750 2116.7
1411760 2116.7
1411770 2124.7
1411780 2133.1
1411790 2133.1
1411800 2143.9
1411810 2157.8
1411820 2157.8
1411830 2169.6
1411840 2181.4
1411850 2181.4
1411860 2191.9
1411870 2203.5
1411880 2209.6
1411890 2209.6
1411900 2225.7
1411910 2245.7
1411920 2245.7
1411930 2244.4
1411940 2238.7
1411950 2238.7
1411960 2242.0
1411970 2250.0
1411980 2250.0
1411990 2251.0
1412000 2248.7
1412010 2248.7
1412020 2242.6
1412030 2245.2
1412040 2244.2
1412050 2244.2
1412060 2242.1
1412070 2241.6
1412080 2241.6
1412090 2240.1
1412100 2236.0
1412110 2236.0
1412120 2229.7
1412130 2225.9
1412140 2225.9
1412150 2223.9
1412160 2225.5
1412170 2225.5
1412180 2224.7
1412190 2228.1
1412200 2228.1
1412210 2237.6
1412220 2239.3
1412230 2234.0
1412240 2234.0
1412250 2243.1
1412260 2251.1
1412270 2251.1
1412280 2259.3
1412290 2262.1
1412300 2262.1
1412310 2259.8
1412320 2256.1
1412330 2256.1
1412340 2251.6
1412350 2247.9
1412360 2247.9
1412370 2244.2
1412380 2239.5
1412390 2232.4
1412400 2232.4
1412410 2224.7
1412420 2217.2
1412430 2217.2
1412440 2211.0
1412450 2206.1
1412460 2206.1
1412470 2201.5
1412480 2196.8
1412490 2196.8
1412500 2193.1
1412510 2189.7
1412520 2189.7
1412530 2186.8
1412540 2185.5
1412550 2186.1
1412560 2186.1
1412570 2188.3
1412580 2190.8
1412590 2190.8
1412600 2193.7
1412610 2197.4
1412620 2197.4
1412630 2201.5
1412640 2206.0
1412650 2206.0
1412660 2210.6
1412670 2215.3
1412680 2215.3
1412690 2219.6
1412700 2223.9
1412710 2228.7
1412720 2228.7
1412730 2234.2
1412740 2240.3
1412750 2240.3
1412760 2246.8
1412770 2254.4
1412780 2254.4
1412790 2262.0
1412800 2268.5
1412810 2268.5
1412820 2275.7
1412830 2293.3
1412840 2293.3
1412850 2303.0
1412860 2312.9
1412870 2326.0
1412880 2326.0
1412890 2335.1
1412900 2343.9
1412910 2343.9
1412920 2367.4
1412930 2393.5
1412940 2393.5
1412950 2412.2
1412960 2428.7
1412970 2428.7
1412980 2439.1
1412990 2435.6
1413000 2435.6
1413010 2428.4
1413020 2421.1
1413030 2414.2
1413040 2414.2
1413050 2405.1
1413060 2398.0
1413070 2398.0
1413080 2391.7
1413090 2385.7
1413100 2385.7
1413110 2379.8
1413120 2374.2
1413130 2374.2
1413140 2369.2
1413150 2364.6
1413160 2364.6
1413170 2358.1
1413180 2351.1
1413190 2345.9
1413200 2345.9
1413210 2342.2
1413220 2342.2
1413230 2342.2
1413240 2343.2
1413250 2344.1
1413260 2344.1
1413270 2344.7
1413280 2339.9
1413290 2339.9
1413300 2330.8
1413310 2327.6
1413320 2327.6
1413330 2325.7
1413340 2320.7
1413350 2311.5
1413360 2311.5
1413370 2304.8
1413380 2299.3
1413390 2299.3
1413400 2294.3
1413410 2290.1
1413420 2290.1
1413430 2285.7
1413440 2281.0
1413450 2281.0
1413460 2276.4
1413470 2272.4
1413480 2272.4
1413490 2269.7
1413500 2263.3
1413510 2253.1
1413520 2253.1
1413530 2246.5
1413540 2241.3
1413550 2241.3
1413560 2238.3
1413570 2235.8
1413580 2235.8
1413590 2233.6
1413600 2230.9
1413610 2230.9
1413620 2226.0
1413630 2222.1
1413640 2222.1
1413650 2217.5
1413660 2213.5
1413670 2210.8
1413680 2210.8
1413690 2208.6
1413700 2205.7
1413710 2205.7
1413720 2201.9
1413730 2200.5
1413740 2200.5
1413750 2196.8
1413760 2192.3
1413770 2192.3
1413780 2186.8
1413790 2180.3
1413800 2180.3
1413810 2175.5
1413820 2169.6
1413830 2164.5
1413840 2164.5
1413850 2159.6
1413860 2151.7
1413870 2151.7
1413880 2143.8
1413890 2139.1
1413900 2139.1
1413910 2133.1
1413920 2129.4
1413930 2129.4
1413940 2125.1
1413950 2120.0
1413960 2120.0
1413970 2115.8
1413980 2110.9
1413990 2104.0
1414000 2104.0
1414010 2093.9
1414020 2082.8
1414030 2082.8
1414040 2075.7
1414050 2069.4
1414060 2069.4
1414070 2063.3
1414080 2059.1
1414090 2059.1
1414100 2055.9
1414110 2049.3
1414120 2049.3
1414130 2042.1
1414140 2036.0
1414150 2027.3
1414160 2027.3
1414170 2017.2
1414180 2017.1
1414190 2017.1
1414200 2013.1
1414210 2005.8
1414220 2005.8
1414230 2000.7
1414240 1997.3
1414250 1997.3
1414260 1994.7
1414270 1990.9
1414280 1990.9
1414290 1984.1
1414300 1979.7
1414310 1971.1
1414320 1971.1
1414330 1963.9
1414340 1960.3
1414350 1960.3
1414360 1956.2
1414370 1951.8
1414380 1951.8
1414390 1947.8
1414400 1940.9
1414410 1940.9
1414420 1934.8
1414430 1931.1
1414440 1931.1
1414450 1928.4
1414460 1925.4
1414470 1922.5
1414480 1922.5
1414490 1920.1
1414500 1919.2
1414510 1919.2
1414520 1918.4
1414530 1916.7
1414540 1916.7
1414550 1915.0
1414560 1917.1
1414570 1917.1
1414580 1920.4
1414590 1922.6
1414600 1922.6
1414610 1923.0
1414620 1922.1
1414630 1922.0
1414640 1922.0
1414650 1924.4
1414660 1925.1
1414670 1925.1
1414680 1926.0
1414690 1929.9
1414700 1929.9
1414710 1934.8
1414720 1940.7
1414730 1940.7
1414740 1947.0
1414750 1959.2
1414760 1959.2
1414770 1975.0
1414780 1986.6
1414790 1988.7
1414800 1988.7
1414810 1986.0
1414820 1978.2
1414830 1978.2
1414840 1964.1
1414850 1944.9
1414860 1944.9
1414870 1928.3
1414880 1940.7
1414890 1940.7
1414900 1957.2
1414910 1968.7
1414920 1968.7
1414930 1979.3
1414940 1979.5
1414950 1968.9
1414960 1968.9
1414970 1953.4
1414980 1934.0
1414990 1934.0
1415000 1917.9
1415010 1914.1
1415020 1914.1
1415030 1911.1
1415040 1908.1
1415050 1908.1
1415060 1905.5
1415070 1903.5
1415080 1903.5
1415090 1901.4
1415100 1899.9
1415110 1899.4
1415120 1899.4
1415130 1899.7
1415140 1900.2
1415150 1900.2
1415160 1902.2
1415170 1905.6
1415180 1905.6
1415190 1908.9
1415200 1911.7
1415210 1911.7
1415220 1914.5
1415230 1916.8
1415240 1916.8
1415250 1919.7
1415260 1924.5
1415270 1931.4
1415280 1931.4
1415290 1940.9
1415300 1951.4
1415310 1951.4
1415320 1960.8
1415330 1961.3
1415340 1961.3
1415350 1964.1
1415360 1967.3
1415370 1967.3
1415380 1967.6
1415390 1972.4
1415400 1972.4
1415410 1979.6
1415420 1988.8
1415430 1995.9
1415440 1995.9
1415450 2003.4
1415460 2012.4
1415470 2012.4
1415480 2023.4
1415490 2030.8
1415500 2030.8
1415510 2038.7
1415520 2048.0
1415530 2048.0
1415540 2057.4
1415550 2065.4
1415560 2065.4
1415570 2073.5
1415580 2088.7
1415590 2099.8
1415600 2099.8
1415610 2112.6
1415620 2120.8
1415630 2120.8
1415640 2126.4
1415650 2132.0
1415660 2132.0
1415670 2137.8
1415680 2143.4
1415690 2143.4
1415700 2152.9
1415710 2161.8
1415720 2161.8
1415730 2174.9
1415740 2189.5
1415750 2204.2
1415760 2204.2
1415770 2217.5
1415780 2230.3
1415790 2230.3
1415800 2241.3
1415810 2246.6
1415820 2246.6
1415830 2247.2
1415840 2245.1
1415850 2245.1
1415860 2243.0
1415870 2242.7
1415880 2242.7
1415890 2242.8
1415900 2248.9
1415910 2264.3
1415920 2264.3
1415930 2279.4
1415940 2292.8
1415950 2292.8
1415960 2294.6
1415970 2292.3
1415980 2292.3
1415990 2292.8
1416000 2290.2
1416010 2290.2
1416020 2287.4
1416030 2272.1
1416040 2272.1
1416050 2257.1
1416060 2252.9
1416070 2252.9
1416080 2252.7
1416090 2251.8
1416100 2250.1
1416110 2250.1
1416120 2251.4
1416130 2252.9
1416140 2252.9
1416150 2254.5
1416160 2256.4
1416170 2256.4
1416180 2259.0
1416190 2263.2
1416200 2263.2
1416210 2266.5
1416220 2269.3
1416230 2269.3
1416240 2273.7
1416250 2278.1
1416260 2282.4
1416270 2282.4
1416280 2286.0
1416290 2289.5
1416300 2289.5
1416310 2291.8
1416320 2292.9
1416330 2292.9
1416340 2295.7
1416350 2301.5
1416360 2301.5
1416370 2307.8
1416380 2313.7
1416390 2313.7
1416400 2319.3
1416410 2325.0
1416420 2331.2
1416430 2331.2
1416440 2338.4
1416450 2348.4
1416460 2348.4
1416470 2359.6
1416480 2367.9
1416490 2367.9
1416500 2382.7
1416510 2394.2
1416520 2394.2
1416530 2404.8
1416540 2422.7
1416550 2422.7
1416560 2428.3
1416570 2432.9
1416580 2440.3
1416590 2440.3
1416600 2445.9
1416610 2451.1
1416620 2451.1
1416630 2459.2
1416640 2469.2
1416650 2469.2
1416660 2475.4
1416670 2476.4
1416680 2476.4
1416690 2484.2
1416700 2488.7
1416710 2488.7
1416720 2491.9
1416730 2498.9
1416740 2509.1
1416750 2509.1
1416760 2519.1
1416770 2522.9
1416780 2522.9
1416790 2518.9
1416800 2517.2
1416810 2517.2
1416820 2521.5
1416830 2526.3
1416840 2526.3
1416850 2529.6
1416860 2533.9
1416870 2533.9
1416880 2536.9
1416890 2539.7
1416900 2540.0
1416910 2540.0
1416920 2533.7
1416930 2526.2
1416940 2526.2
1416950 2520.9
1416960 2516.2
1416970 2516.2
1416980 2511.5
1416990 2508.6
1417000 2508.6
1417010 2501.7
1417020 2491.1
1417030 2491.1
1417040 2484.7
1417050 2477.0
1417060 2466.7
1417070 2466.7
1417080 2456.5
1417090 2446.5
1417100 2446.5
1417110 2435.7
1417120 2418.0
1417130 2418.0
1417140 2404.6
1417150 2395.5
1417160 2395.5
1417170 2383.1
1417180 2367.3
1417190 2367.3
1417200 2350.6
1417210 2338.9
1417220 2325.1
1417230 2325.1
1417240 2316.5
1417250 2314.4
1417260 2314.4
1417270 2317.1
1417280 2314.0
1417290 2314.0
1417300 2322.5
1417310 2324.9
1417320 2324.9
1417330 2328.3
1417340 2322.3
1417350 2322.3
1417360 2321.9
1417370 2314.9
1417380 2306.2
1417390 2306.2
1417400 2295.5
1417410 2284.8
1417420 2284.8
1417430 2273.1
1417440 2258.8
1417450 2258.8
1417460 2251.2
1417470 2254.1
1417480 2254.1
1417490 2254.3
1417500 2248.4
1417510 2248.4
1417520 2241.0
1417530 2233.7
1417540 2228.0
1417550 2228.0
1417560 2225.2
1417570 2223.7
1417580 2223.7
1417590 2218.4
1417600 2216.4
1417610 2216.4
1417620 2216.2
1417630 2212.1
1417640 2212.1
1417650 2209.5
1417660 2207.2
1417670 2207.2
1417680 2207.8
1417690 2205.4
1417700 2203.9
1417710 2203.9
1417720 2201.9
1417730 2199.4
1417740 2199.4
1417750 2197.1
1417760 2195.1
1417770 2195.1
1417780 2194.4
1417790 2194.6
1417800 2194.6
1417810 2195.9
1417820 2198.6
1417830 2198.6
1417840 2202.4
1417850 2205.3
1417860 2206.6
1417870 2206.6
1417880 2207.1
1417890 2206.9
1417900 2206.9
1417910 2206.3
1417920 2203.9
1417930 2203.9
1417940 2201.1
1417950 2195.3
1417960 2195.3
1417970 2188.2
1417980 2176.0
1417990 2176.0
1418000 2166.1
1418010 2158.8
1418020 2152.2
1418030 2152.2
1418040 2145.7
1418050 2140.1
1418060 2140.1
1418070 2134.9
1418080 2130.2
1418090 2130.2
1418100 2126.0
1418110 2122.5
1418120 2122.5
1418130 2119.6
1418140 2116.8
1418150 2116.8
1418160 2113.9
1418170 2111.9
1418180 2109.6
1418190 2109.6
1418200 2107.6
1418210 2106.5
1418220 2106.5
1418230 2105.9
1418240 2105.4
1418250 2105.4
1418260 2104.5
1418270 2102.4
1418280 2102.4
1418290 2099.0
1418300 2094.8
1418310 2094.8
1418320 2090.5
1418330 2085.8
1418340 2082.5
1418350 2082.5
1418360 2080.2
1418370 2078.2
1418380 2078.2
1418390 2075.1
1418400 2072.2
1418410 2072.2
1418420 2070.2
1418430 2067.6
1418440 2067.6
1418450 2064.6
1418460 2060.8
1418470 2060.8
1418480 2056.6
1418490 2051.7
1418500 2046.8
1418510 2046.8
1418520 2042.6
1418530 2038.9
1418540 2038.9
1418550 2035.7
1418560 2030.3
1418570 2030.3
1418580 2025.3
1418590 2015.4
1418600 2015.4
1418610 2002.6
1418620 1993.4
1418630 1993.4
1418640 1984.9
1418650 1977.3
1418660 1969.5
1418670 1969.5
1418680 1961.2
1418690 1953.7
1418700 1953.7
1418710 1946.9
1418720 1941.8
1418730 1941.8
1418740 1937.6
1418750 1933.3
1418760 1933.3
1418770 1927.7
1418780 1921.1
1418790 1921.1
1418800 1917.0
1418810 1913.6
1418820 1907.1
1418830 1907.1
1418840 1901.2
1418850 1895.7
1418860 1895.7
1418870 1890.0
1418880 1883.3
1418890 1883.3
1418900 1875.3
1418910 1868.6
1418920 1868.6
1418930 1862.8
1418940 1857.2
1418950 1857.2
1418960 1850.6
1418970 1842.9
1418980 1835.3
1418990 1835.3
1419000 1829.2
1419010 1824.0
1419020 1824.0
1419030 1820.3
1419040 1815.2
1419050 1815.2
1419060 1807.3
1419070 1801.4
1419080 1801.4
1419090 1793.9
1419100 1783.1
1419110 1783.1
1419120 1770.0
1419130 1756.8
1419140 1757.3
1419150 1757.3
1419160 1762.8
1419170 1760.0
1419180 1750.7
1419190 1749.5
1419200 1746.9
1419210 1746.9
1419220 1743.6
1419230 1740.7
1419240 1740.7
1419250 1737.9
1419260 1734.7
1419270 1734.7
1419280 1728.9
1419290 1722.6
1419300 1717.2
1419310 1717.2
1419320 1713.6
1419330 1710.1
1419340 1710.1
1419350 1705.2
1419360 1699.1
1419370 1699.1
1419380 1692.8
1419390 1687.3
1419400 1687.3
1419410 1683.9
1419420 1680.8
1419430 1680.8
1419440 1677.2
1419450 1673.5
1419460 1669.1
1419470 1669.1
1419480 1664.9
1419490 1660.3
1419500 1660.3
1419510 1656.0
1419520 1651.0
1419530 1651.0
1419540 1643.6
1419550 1635.0
1419560 1635.0
1419570 1629.1
1419580 1624.9
1419590 1624.9
1419600 1621.5
1419610 1615.2
1419620 1610.8
1419630 1610.8
1419640 1602.3
1419650 1594.3
1419660 1594.3
1419670 1586.5
1419680 1579.9
1419690 1579.9
1419700 1572.9
1419710 1565.6
1419720 1565.6
1419730 1559.7
1419740 1553.7
1419750 1553.7
1419760 1547.7
1419770 1540.2
1419780 1533.3
1419790 1533.3
1419800 1526.9
1419810 1521.0
1419820 1521.0
1419830 1515.5
1419840 1510.3
1419850 1510.3
1419860 1503.6
1419870 1496.6
1419880 1496.6
1419890 1489.5
1419900 1483.8
1419910 1483.8
1419920 1481.0
1419930 1476.9
1419940 1471.7
1419950 1471.7
1419960 1466.0
1419970 1460.2
1419980 1460.2
1419990 1454.4
