1400000 1735.3
1400010 1730.9
1400020 1725.5
1400030 1725.5
1400040 1719.4
1400050 1713.3
1400060 1713.3
1400070 1707.5
1400080 1701.6
1400090 1701.6
1400100 1696.0
1400110 1691.5
1400120 1691.5
1400130 1690.2
1400140 1689.2
1400150 1687.9
1400160 1687.9
1400170 1686.5
1400180 1685.1
1400190 1685.1
1400200 1684.0
1400210 1683.2
1400220 1683.2
1400230 1682.3
1400240 1681.6
1400250 1681.6
1400260 1681.0
1400270 1680.5
1400280 1680.5
1400290 1680.1
1400300 1679.7
1400310 1679.6
1400320 1679.6
1400330 1679.4
1400340 1679.1
1400350 1679.1
1400360 1678.9
1400370 1678.6
1400380 1678.6
1400390 1678.3
1400400 1677.9
1400410 1677.9
1400420 1678.0
1400430 1679.0
1400440 1679.0
1400450 1680.1
1400460 1681.6
1400470 1683.4
1400480 1683.4
1400490 1685.6
1400500 1688.3
1400510 1688.3
1400520 1691.1
1400530 1694.6
1400540 1694.6
1400550 1697.1
1400560 1703.9
1400570 1703.9
1400580 1712.9
1400590 1718.8
1400600 1718.8
1400610 1722.8
1400620 1727.9
1400630 1734.1
1400640 1734.1
1400650 1739.4
1400660 1744.7
1400670 1744.7
1400680 1750.8
1400690 1757.3
1400700 1757.3
1400710 1763.5
1400720 1768.9
1400730 1768.9
1400740 1773.8
1400750 1778.3
1400760 1778.3
1400770 1781.4
1400780 1784.6
1400790 1787.4
1400800 1787.4
1400810 1790.3
1400820 1793.0
1400830 1793.0
1400840 1795.2
1400850 1797.5
1400860 1797.5
1400870 1800.7
1400880 1803.1
1400890 1803.1
1400900 1804.2
1400910 1805.5
1400920 1805.5
1400930 1805.3
1400940 1803.9
1400950 1802.1
1400960 1802.1
1400970 1798.9
1400980 1798.7
1400990 1798.7
1401000 1798.3
1401010 1797.4
1401020 1797.4
1401030 1798.5
1401040 1798.3
1401050 1798.3
1401060 1800.1
1401070 1803.5
1401080 1803.5
1401090 1806.0
1401100 1807.9
1401110 1808.9
1401120 1808.9
1401130 1808.2
1401140 1807.0
1401150 1807.0
1401160 1808.7
1401170 1810.8
1401180 1810.8
1401190 1811.5
1401200 1812.6
1401210 1812.6
1401220 1813.0
1401230 1814.6
1401240 1814.6
1401250 1815.7
1401260 1816.8
1401270 1817.9
1401280 1817.9
1401290 1819.2
1401300 1820.8
1401310 1820.8
1401320 1823.8
1401330 1825.7
1401340 1825.7
1401350 1826.4
1401360 1828.8
1401370 1828.8
1401380 1832.0
1401390 1834.9
1401400 1834.9
1401410 1840.2
1401420 1841.5
1401430 1842.6
1401440 1842.6
1401450 1844.1
1401460 1846.5
1401470 1846.5
1401480 1848.5
1401490 1851.4
1401500 1851.4
1401510 1855.6
1401520 1859.8
1401530 1859.8
1401540 1864.0
1401550 1867.9
1401560 1867.9
1401570 1871.2
1401580 1873.7
1401590 1877.6
1401600 1877.6
1401610 1880.5
1401620 1882.0
1401630 1882.0
1401640 1882.9
1401650 1883.2
1401660 1883.2
1401670 1883.1
1401680 1885.5
1401690 1885.5
1401700 1888.6
1401710 1890.7
1401720 1890.7
1401730 1894.1
1401740 1899.9
1401750 1899.9
1401760 1899.9
1401770 1895.0
1401780 1889.3
1401790 1889.3
1401800 1884.2
1401810 1879.0
1401820 1879.0
1401830 1873.9
1401840 1871.3
1401850 1871.3
1401860 1870.7
1401870 1870.7
1401880 1870.7
1401890 1870.6
1401900 1870.1
1401910 1869.3
1401920 1869.3
1401930 1868.0
1401940 1866.6
1401950 1866.6
1401960 1865.8
1401970 1864.4
1401980 1864.4
1401990 1863.0
1402000 1861.5
1402010 1861.5
1402020 1859.7
1402030 1857.5
1402040 1857.5
1402050 1854.7
1402060 1852.1
1402070 1849.7
1402080 1849.7
1402090 1848.2
1402100 1847.8
1402110 1847.8
1402120 1848.0
1402130 1848.7
1402140 1848.7
1402150 1847.7
1402160 1847.2
1402170 1847.2
1402180 1845.6
1402190 1843.5
1402200 1843.5
1402210 1840.5
1402220 1837.1
1402230 1833.3
1402240 1833.3
1402250 1829.5
1402260 1826.1
1402270 1826.1
1402280 1822.2
1402290 1818.6
1402300 1818.6
1402310 1815.6
1402320 1812.9
1402330 1812.9
1402340 1811.7
1402350 1811.4
1402360 1811.4
1402370 1811.4
1402380 1809.1
1402390 1809.1
1402400 1809.1
1402410 1808.7
1402420 1807.7
1402430 1807.7
1402440 1805.2
1402450 1802.2
1402460 1802.2
1402470 1802.0
1402480 1803.3
1402490 1803.3
1402500 1804.6
1402510 1805.2
1402520 1805.2
1402530 1804.6
1402540 1802.1
1402550 1796.3
1402560 1796.3
1402570 1790.7
1402580 1788.6
1402590 1788.6
1402600 1788.6
1402610 1789.5
1402620 1789.5
1402630 1790.9
1402640 1789.6
1402650 1789.6
1402660 1788.7
1402670 1795.4
1402680 1795.4
1402690 1803.4
1402700 1811.3
1402710 1813.1
1402720 1813.1
1402730 1812.2
1402740 1810.2
1402750 1810.2
1402760 1805.8
1402770 1802.4
1402780 1802.4
1402790 1798.2
1402800 1792.6
1402810 1792.6
1402820 1788.4
1402830 1787.7
1402840 1787.7
1402850 1787.6
1402860 1788.4
1402870 1793.6
1402880 1793.6
1402890 1801.2
1402900 1808.9
1402910 1808.9
1402920 1816.4
1402930 1818.0
1402940 1818.0
1402950 1822.9
1402960 1826.6
1402970 1826.6
1402980 1830.8
1402990 1835.9
1403000 1835.9
1403010 1841.6
1403020 1846.9
1403030 1852.3
1403040 1852.3
1403050 1858.4
1403060 1865.0
1403070 1865.0
1403080 1873.0
1403090 1880.8
1403100 1880.8
1403110 1885.9
1403120 1890.7
1403130 1890.7
1403140 1896.1
1403150 1901.6
1403160 1901.6
1403170 1907.2
1403180 1911.7
1403190 1911.7
1403200 1915.6
1403210 1919.0
1403220 1921.7
1403230 1921.7
1403240 1924.3
1403250 1927.4
1403260 1927.4
1403270 1929.9
1403280 1932.4
1403290 1932.4
1403300 1935.2
1403310 1938.3
1403320 1938.3
1403330 1942.3
1403340 1946.6
1403350 1946.6
1403360 1951.1
1403370 1955.9
1403380 1962.8
1403390 1962.8
1403400 1970.4
1403410 1978.1
1403420 1978.1
1403430 1986.2
1403440 1993.1
1403450 1993.1
1403460 1999.2
1403470 2004.9
1403480 2004.9
1403490 2010.0
1403500 2014.8
1403510 2014.8
1403520 2019.6
1403530 2024.2
1403540 2029.5
1403550 2029.5
1403560 2034.0
1403570 2038.7
1403580 2038.7
1403590 2044.2
1403600 2050.1
1403610 2050.1
1403620 2057.6
1403630 2065.6
1403640 2065.6
1403650 2071.8
1403660 2077.6
1403670 2077.6
1403680 2083.1
1403690 2087.4
1403700 2092.4
1403710 2092.4
1403720 2097.2
1403730 2102.4
1403740 2102.4
1403750 2108.6
1403760 2115.3
1403770 2115.3
1403780 2121.9
1403790 2128.5
1403800 2128.5
1403810 2135.0
1403820 2142.0
1403830 2142.0
1403840 2149.4
1403850 2156.5
1403860 2164.1
1403870 2164.1
1403880 2171.7
1403890 2179.2
1403900 2179.2
1403910 2186.9
1403920 2195.4
1403930 2195.4
1403940 2205.1
1403950 2214.8
1403960 2214.8
1403970 2224.2
1403980 2232.9
1403990 2232.9
1404000 2241.5
1404010 2249.7
1404020 2258.2
1404030 2258.2
1404040 2267.5
1404050 2277.3
1404060 2277.3
1404070 2289.6
1404080 2299.6
1404090 2299.6
1404100 2307.8
1404110 2309.0
1404120 2309.0
1404130 2308.8
1404140 2307.7
1404150 2307.7
1404160 2304.9
1404170 2302.8
1404180 2301.9
1404190 2301.9
1404200 2301.3
1404210 2301.1
1404220 2301.1
1404230 2302.1
1404240 2304.9
1404250 2304.9
1404260 2308.4
1404270 2311.4
1404280 2311.4
1404290 2314.0
1404300 2316.6
1404310 2316.6
1404320 2319.2
1404330 2321.6
1404340 2324.8
1404350 2324.8
1404360 2326.8
1404370 2328.5
1404380 2328.5
1404390 2329.5
1404400 2329.0
1404410 2329.0
1404420 2328.5
1404430 2328.3
1404440 2328.3
1404450 2329.0
1404460 2331.2
1404470 2331.2
1404480 2334.0
1404490 2335.1
1404500 2333.4
1404510 2333.4
1404520 2328.3
1404530 2331.2
1404540 2331.2
1404550 2326.7
1404560 2317.9
1404570 2317.9
1404580 2311.4
1404590 2304.7
1404600 2304.7
1404610 2298.7
1404620 2293.5
1404630 2293.5
1404640 2291.3
1404650 2291.3
1404660 2288.2
1404670 2288.2
1404680 2280.9
1404690 2270.3
1404700 2270.3
1404710 2261.5
1404720 2252.8
1404730 2252.8
1404740 2243.1
1404750 2231.7
1404760 2231.7
1404770 2220.8
1404780 2212.3
1404790 2212.3
1404800 2205.4
1404810 2200.5
1404820 2195.9
1404830 2195.9
1404840 2192.3
1404850 2185.7
1404860 2185.7
1404870 2176.5
1404880 2168.8
1404890 2168.8
1404900 2162.7
1404910 2156.2
1404920 2156.2
1404930 2151.8
1404940 2142.1
1404950 2142.1
1404960 2133.4
1404970 2126.9
1404980 2123.5
1404990 2123.5
1405000 2120.3
1405010 2114.0
1405020 2114.0
1405030 2110.5
1405040 2107.0
1405050 2107.0
1405060 2101.5
1405070 2096.3
1405080 2096.3
1405090 2090.5
1405100 2084.9
1405110 2084.9
1405120 2079.1
1405130 2074.0
1405140 2070.4
1405150 2070.4
1405160 2071.0
1405170 2069.6
1405180 2069.6
1405190 2067.1
1405200 2065.6
1405210 2065.6
1405220 2064.6
1405230 2063.3
1405240 2063.3
1405250 2062.0
1405260 2060.3
1405270 2060.3
1405280 2058.9
1405290 2056.8
1405300 2055.1
1405310 2055.1
1405320 2054.3
1405330 2053.2
1405340 2053.2
1405350 2054.1
1405360 2055.4
1405370 2055.4
1405380 2054.6
1405390 2054.1
1405400 2054.1
1405410 2054.4
1405420 2056.4
1405430 2056.4
1405440 2058.8
1405450 2062.8
1405460 2066.5
1405470 2066.5
1405480 2067.6
1405490 2070.8
1405500 2070.8
1405510 2075.2
1405520 2077.2
1405530 2077.2
1405540 2079.5
1405550 2083.3
1405560 2083.3
1405570 2088.8
1405580 2094.5
1405590 2094.5
1405600 2098.8
1405610 2104.1
1405620 2110.0
1405630 2110.0
1405640 2116.5
1405650 2128.7
1405660 2128.7
1405670 2139.2
1405680 2143.0
1405690 2143.0
1405700 2144.7
1405710 2148.2
1405720 2148.2
1405730 2154.0
1405740 2160.2
1405750 2160.2
1405760 2169.0
1405770 2182.0
1405780 2193.7
1405790 2193.7
1405800 2207.6
1405810 2215.7
1405820 2215.7
1405830 2221.1
1405840 2227.0
1405850 2227.0
1405860 2232.2
1405870 2234.3
1405880 2234.3
1405890 2241.0
1405900 2251.1
1405910 2251.1
1405920 2260.2
1405930 2265.7
1405940 2268.7
1405950 2268.7
1405960 2273.6
1405970 2279.6
1405980 2279.6
1405990 2279.3
1406000 2276.2
1406010 2276.2
1406020 2277.3
1406030 2280.6
1406040 2280.6
1406050 2284.7
1406060 2285.4
1406070 2285.4
1406080 2295.3
1406090 2302.0
1406100 2309.8
1406110 2309.8
1406120 2316.2
1406130 2321.8
1406140 2321.8
1406150 2327.6
1406160 2331.8
1406170 2331.8
1406180 2336.7
1406190 2342.4
1406200 2342.4
1406210 2346.9
1406220 2348.5
1406230 2348.5
1406240 2346.5
1406250 2341.4
1406260 2336.0
1406270 2336.0
1406280 2330.5
1406290 2324.6
1406300 2324.6
1406310 2319.7
1406320 2315.2
1406330 2315.2
1406340 2309.4
1406350 2304.1
1406360 2304.1
1406370 2302.3
1406380 2300.7
1406390 2300.7
1406400 2296.2
1406410 2291.5
1406420 2291.5
1406430 2286.4
1406440 2280.3
1406450 2273.8
1406460 2273.8
1406470 2267.7
1406480 2262.1
1406490 2262.1
1406500 2256.6
1406510 2250.8
1406520 2250.8
1406530 2244.4
1406540 2237.1
1406550 2237.1
1406560 2229.4
1406570 2221.6
1406580 2221.6
1406590 2213.9
1406600 2207.1
1406610 2200.6
1406620 2200.6
1406630 2193.6
1406640 2186.7
1406650 2186.7
1406660 2179.3
1406670 2171.5
1406680 2171.5
1406690 2163.6
1406700 2156.1
1406710 2156.1
1406720 2148.8
1406730 2141.9
1406740 2141.9
1406750 2135.2
1406760 2128.2
1406770 2121.0
1406780 2121.0
1406790 2113.6
1406800 2105.8
1406810 2105.8
1406820 2098.4
1406830 2092.2
1406840 2092.2
1406850 2086.3
1406860 2081.1
1406870 2081.1
1406880 2076.4
1406890 2072.1
1406900 2072.1
1406910 2067.9
1406920 2063.2
1406930 2058.6
1406940 2058.6
1406950 2054.1
1406960 2049.2
1406970 2049.2
1406980 2044.3
1406990 2039.2
1407000 2039.2
1407010 2033.9
1407020 2029.3
1407030 2029.3
1407040 2025.1
1407050 2019.9
1407060 2019.9
1407070 2013.8
1407080 2007.5
1407090 2002.6
1407100 2002.6
1407110 1997.6
1407120 1993.6
1407130 1993.6
1407140 1990.2
1407150 1987.3
1407160 1987.3
1407170 1985.9
1407180 1984.1
1407190 1984.1
1407200 1981.5
1407210 1978.6
1407220 1978.6
1407230 1975.0
1407240 1971.0
1407250 1964.3
1407260 1964.3
1407270 1958.1
1407280 1951.9
1407290 1951.9
1407300 1945.1
1407310 1938.1
1407320 1938.1
1407330 1931.2
1407340 1925.1
1407350 1925.1
1407360 1919.3
1407370 1913.3
1407380 1913.3
1407390 1907.7
1407400 1901.6
1407410 1895.4
1407420 1895.4
1407430 1888.5
1407440 1881.8
1407450 1881.8
1407460 1875.0
1407470 1869.6
1407480 1869.6
1407490 1865.8
1407500 1858.6
1407510 1858.6
1407520 1848.4
1407530 1838.2
1407540 1838.2
1407550 1828.2
1407560 1820.0
1407570 1812.3
1407580 1812.3
1407590 1806.1
1407600 1800.8
1407610 1800.8
1407620 1795.8
1407630 1790.7
1407640 1790.7
1407650 1785.4
1407660 1779.9
1407670 1779.9
1407680 1774.4
1407690 1769.1
1407700 1772.7
1407710 1768.2
1407720 1763.9
1407730 1759.8
1407740 1759.8
1407750 1754.8
1407760 1749.9
1407770 1749.9
1407780 1744.5
1407790 1740.8
1407800 1740.8
1407810 1738.5
1407820 1736.7
1407830 1736.7
1407840 1734.4
1407850 1732.1
1407860 1732.1
1407870 1730.4
1407880 1727.6
1407890 1726.8
1407900 1726.8
1407910 1727.3
1407920 1728.4
1407930 1728.4
1407940 1730.8
1407950 1735.3
1407960 1735.3
1407970 1740.5
1407980 1745.3
1407990 1745.3
1408000 1748.6
1408010 1750.6
1408020 1750.6
1408030 1750.9
1408040 1751.7
1408050 1752.2
1408060 1752.2
1408070 1752.8
1408080 1754.6
1408090 1754.6
1408100 1755.9
1408110 1757.5
1408120 1757.5
1408130 1758.9
1408140 1759.4
1408150 1759.4
1408160 1760.6
1408170 1762.0
1408180 1762.0
1408190 1764.1
1408200 1767.3
1408210 1769.1
1408220 1769.1
1408230 1769.9
1408240 1769.7
1408250 1769.7
1408260 1768.9
1408270 1769.0
1408280 1769.0
1408290 1768.7
1408300 1765.9
1408310 1765.9
1408320 1763.6
1408330 1764.4
1408340 1764.4
1408350 1765.0
1408360 1763.6
1408370 1760.8
1408380 1760.8
1408390 1758.4
1408400 1758.7
1408410 1758.7
1408420 1758.9
1408430 1757.7
1408440 1757.7
1408450 1762.0
1408460 1764.5
1408470 1764.5
1408480 1767.1
1408490 1773.0
1408500 1773.0
1408510 1775.4
1408520 1775.5
1408530 1777.1
1408540 1777.1
1408550 1779.2
1408560 1782.6
1408570 1782.6
1408580 1785.7
1408590 1788.6
1408600 1788.6
1408610 1791.5
1408620 1795.4
1408630 1795.4
1408640 1803.0
1408650 1808.1
1408660 1808.1
1408670 1817.3
1408680 1825.1
1408690 1831.8
1408700 1831.8
1408710 1837.1
1408720 1839.8
1408730 1839.8
1408740 1842.1
1408750 1845.7
1408760 1845.7
1408770 1849.1
1408780 1849.4
1408790 1849.4
1408800 1851.3
1408810 1852.7
1408820 1852.7
1408830 1854.5
1408840 1857.3
1408850 1860.0
1408860 1860.0
1408870 1862.9
1408880 1864.9
1408890 1864.9
1408900 1865.4
1408910 1864.7
1408920 1864.7
1408930 1864.8
1408940 1868.7
1408950 1868.7
1408960 1875.2
1408970 1883.2
1408980 1883.2
1408990 1891.7
1409000 1900.8
1409010 1909.9
1409020 1909.9
1409030 1918.4
1409040 1923.7
1409050 1923.7
1409060 1924.3
1409070 1924.2
1409080 1924.2
1409090 1928.1
1409100 1935.4
1409110 1935.4
1409120 1941.0
1409130 1945.3
1409140 1945.3
1409150 1951.5
1409160 1958.8
1409170 1965.5
1409180 1965.5
1409190 1973.4
1409200 1981.3
1409210 1981.3
1409220 1989.2
1409230 1995.7
1409240 1995.7
1409250 1999.5
1409260 2003.5
1409270 2003.5
1409280 2008.1
1409290 2010.7
1409300 2010.7
1409310 2016.1
1409320 2023.0
1409330 2030.2
1409340 2030.2
1409350 2037.9
1409360 2050.5
1409370 2050.5
1409380 2061.6
1409390 2075.0
1409400 2075.0
1409410 2082.5
1409420 2089.0
1409430 2089.0
1409440 2091.7
1409450 2094.3
1409460 2094.3
1409470 2096.5
1409480 2099.8
1409490 2102.9
1409500 2102.9
1409510 2106.3
1409520 2111.4
1409530 2111.4
1409540 2117.7
1409550 2127.4
1409560 2127.4
1409570 2139.2
1409580 2151.1
1409590 2151.1
1409600 2165.6
1409610 2176.5
1409620 2176.5
1409630 2181.7
1409640 2184.3
1409650 2184.3
1409660 2189.0
1409670 2198.7
1409680 2205.8
1409690 2205.8
1409700 2213.3
1409710 2215.4
1409720 2215.4
1409730 2213.7
1409740 2218.7
1409750 2218.7
1409760 2222.1
1409770 2223.7
1409780 2223.7
1409790 2221.9
1409800 2222.3
1409810 2222.3
1409820 2228.4
1409830 2233.8
1409840 2234.2
1409850 2234.2
1409860 2233.1
1409870 2238.0
1409880 2238.0
1409890 2243.0
1409900 2246.6
1409910 2246.6
1409920 2253.8
1409930 2262.8
1409940 2262.8
1409950 2270.1
1409960 2273.9
1409970 2273.9
1409980 2274.7
1409990 2274.3
1410000 2272.1
1410010 2272.1
1410020 2275.4
1410030 2279.7
1410040 2279.7
1410050 2281.4
1410060 2285.7
1410070 2285.7
1410080 2288.3
1410090 2286.7
1410100 2286.7
1410110 2277.8
1410120 2268.5
1410130 2268.5
1410140 2260.9
1410150 2263.2
1410160 2261.9
1410170 2261.9
1410180 2251.4
1410190 2243.1
1410200 2243.1
1410210 2240.6
1410220 2236.8
1410230 2236.8
1410240 2230.8
1410250 2225.0
1410260 2225.0
1410270 2220.2
1410280 2217.8
1410290 2217.8
1410300 2213.7
1410310 2206.6
1410320 2198.5
1410330 2198.5
1410340 2192.9
1410350 2187.8
1410360 2187.8
1410370 2183.4
1410380 2180.8
1410390 2180.8
1410400 2178.2
1410410 2174.5
1410420 2174.5
1410430 2172.1
1410440 2171.8
1410450 2171.8
1410460 2171.4
1410470 2170.0
1410480 2168.1
1410490 2168.1
1410500 2167.4
1410510 2166.6
1410520 2166.6
1410530 2164.8
1410540 2163.3
1410550 2163.3
1410560 2161.8
1410570 2162.8
1410580 2162.8
1410590 2164.4
1410600 2163.7
1410610 2163.7
1410620 2160.9
1410630 2155.8
1410640 2152.2
1410650 2152.2
1410660 2149.2
1410670 2146.7
1410680 2146.7
1410690 2144.2
1410700 2141.6
1410710 2141.6
1410720 2140.3
1410730 2140.1
1410740 2140.1
1410750 2141.3
1410760 2142.0
1410770 2142.0
1410780 2140.7
1410790 2137.9
1410800 2134.2
1410810 2134.2
1410820 2129.1
1410830 2123.3
1410840 2123.3
1410850 2115.9
1410860 2108.2
1410870 2108.2
1410880 2099.8
1410890 2092.0
1410900 2092.0
1410910 2080.4
1410920 2068.8
1410930 2068.8
1410940 2059.3
1410950 2054.8
1410960 2044.5
1410970 2044.5
1410980 2031.2
1410990 2023.3
1411000 2023.3
1411010 2016.1
1411020 2009.5
1411030 2009.5
1411040 2003.0
1411050 1995.9
1411060 1995.9
1411070 1993.1
1411080 1992.6
1411090 1992.6
1411100 1992.1
1411110 1988.5
1411120 1981.8
1411130 1981.8
1411140 1974.3
1411150 1967.7
1411160 1967.7
1411170 1966.6
1411180 1966.1
1411190 1966.1
1411200 1965.5
1411210 1966.3
1411220 1966.3
1411230 1968.3
1411240 1971.2
1411250 1971.2
1411260 1972.6
1411270 1972.0
1411280 1971.5
1411290 1971.5
1411300 1971.8
1411310 1970.5
1411320 1970.5
1411330 1968.6
1411340 1967.1
1411350 1967.1
1411360 1967.5
1411370 1967.6
1411380 1967.6
1411390 1967.6
1411400 1967.9
1411410 1967.9
1411420 1968.1
1411430 1967.1
1411440 1967.8
1411450 1967.8
1411460 1971.1
1411470 1973.0
1411480 1973.0
1411490 1972.6
1411500 1970.9
1411510 1970.9
1411520 1969.8
1411530 1970.9
1411540 1970.9
1411550 1972.9
1411560 1974.4
1411570 1974.4
1411580 1977.1
1411590 1980.3
1411600 1982.1
1411610 1982.1
1411620 1983.8
1411630 1991.6
1411640 1991.6
1411650 2007.9
1411660 2024.5
1411670 2024.5
1411680 2033.7
1411690 2037.5
1411700 2037.5
1411710 2045.5
1411720 2051.5
1411730 2051.5
1411740 2055.0
1411750 2062.1
1411760 2070.7
1411770 2070.7
1411780 2077.9
1411790 2080.2
1411800 2080.2
1411810 2075.1
1411820 2079.0
1411830 2079.0
1411840 2088.8
1411850 2099.4
1411860 2099.4
1411870 2111.2
1411880 2123.6
1411890 2123.6
1411900 2138.3
1411910 2148.0
1411920 2155.6
1411930 2155.6
1411940 2167.5
1411950 2170.9
1411960 2170.9
1411970 2166.1
1411980 2155.7
1411990 2155.7
1412000 2143.5
1412010 2130.3
1412020 2130.3
1412030 2120.6
1412040 2111.7
1412050 2111.7
1412060 2103.5
1412070 2097.8
1412080 2090.9
1412090 2090.9
1412100 2086.9
1412110 2084.2
1412120 2084.2
1412130 2083.4
1412140 2080.0
1412150 2080.0
1412160 2073.6
1412170 2067.7
1412180 2067.7
1412190 2066.1
1412200 2064.8
1412210 2064.8
1412220 2064.6
1412230 2067.3
1412240 2070.1
1412250 2070.1
1412260 2073.9
1412270 2077.3
1412280 2077.3
1412290 2080.8
1412300 2083.0
1412310 2083.0
1412320 2082.7
1412330 2079.0
1412340 2079.0
1412350 2074.2
1412360 2069.9
1412370 2069.9
1412380 2067.5
1412390 2067.3
1412400 2068.9
1412410 2068.9
1412420 2070.9
1412430 2071.7
1412440 2071.7
1412450 2072.7
1412460 2074.7
1412470 2074.7
1412480 2077.7
1412490 2080.3
1412500 2080.3
1412510 2084.7
1412520 2089.3
1412530 2089.3
1412540 2093.4
1412550 2098.2
1412560 2103.1
1412570 2103.1
1412580 2107.7
1412590 2112.5
1412600 2112.5
1412610 2117.8
1412620 2123.2
1412630 2123.2
1412640 2128.9
1412650 2135.1
1412660 2135.1
1412670 2141.9
1412680 2149.4
1412690 2149.4
1412700 2157.1
1412710 2165.7
1412720 2184.3
1412730 2184.3
1412740 2200.1
1412750 2214.7
1412760 2214.7
1412770 2240.1
1412780 2260.5
1412790 2260.5
1412800 2267.1
1412810 2276.6
1412820 2276.6
1412830 2282.8
1412840 2284.8
1412850 2284.8
1412860 2285.7
1412870 2291.5
1412880 2301.7
1412890 2301.7
1412900 2308.3
1412910 2313.5
1412920 2313.5
1412930 2317.6
1412940 2324.1
1412950 2324.1
1412960 2329.7
1412970 2335.8
1412980 2335.8
1412990 2343.9
1413000 2351.1
1413010 2351.1
1413020 2356.9
1413030 2361.9
1413040 2361.9
1413050 2367.1
1413060 2373.5
1413070 2379.2
1413080 2379.2
1413090 2383.5
1413100 2374.3
1413110 2374.3
1413120 2365.8
1413130 2354.9
1413140 2354.9
1413150 2348.8
1413160 2348.2
1413170 2348.2
1413180 2338.7
1413190 2332.2
1413200 2332.2
1413210 2330.7
1413220 2321.4
1413230 2308.9
1413240 2308.9
1413250 2299.0
1413260 2298.4
1413270 2298.4
1413280 2298.9
1413290 2292.6
1413300 2292.6
1413310 2281.6
1413320 2270.9
1413330 2270.9
1413340 2262.0
1413350 2252.1
1413360 2252.1
1413370 2243.3
1413380 2235.6
1413390 2227.6
1413400 2227.6
1413410 2220.0
1413420 2214.0
1413430 2214.0
1413440 2208.2
1413450 2195.4
1413460 2195.4
1413470 2183.1
1413480 2173.0
1413490 2173.0
1413500 2163.9
1413510 2154.2
1413520 2154.2
1413530 2144.1
1413540 2133.4
1413550 2123.5
1413560 2123.5
1413570 2115.5
1413580 2110.4
1413590 2110.4
1413600 2105.8
1413610 2100.6
1413620 2100.6
1413630 2094.9
1413640 2088.7
1413650 2088.7
1413660 2082.4
1413670 2076.2
1413680 2076.2
1413690 2069.8
1413700 2063.4
1413710 2057.5
1413720 2057.5
1413730 2051.8
1413740 2045.8
1413750 2045.8
1413760 2040.3
1413770 2035.0
1413780 2035.0
1413790 2030.0
1413800 2024.3
1413810 2024.3
1413820 2017.9
1413830 2010.7
1413840 2010.7
1413850 2004.6
1413860 1998.7
1413870 1992.9
1413880 1992.9
1413890 1987.4
1413900 1981.9
1413910 1981.9
1413920 1977.0
1413930 1972.5
1413940 1972.5
1413950 1968.0
1413960 1963.5
1413970 1963.5
1413980 1958.5
1413990 1952.4
1414000 1952.4
1414010 1946.1
1414020 1940.0
1414030 1933.8
1414040 1933.8
1414050 1927.7
1414060 1921.9
1414070 1921.9
1414080 1916.3
1414090 1910.3
1414100 1910.3
1414110 1904.1
1414120 1897.5
1414130 1897.5
1414140 1890.6
1414150 1884.2
1414160 1884.2
1414170 1877.7
1414180 1869.9
1414190 1863.0
1414200 1863.0
1414210 1856.3
1414220 1849.9
1414230 1849.9
1414240 1843.6
1414250 1837.4
1414260 1837.4
1414270 1830.4
1414280 1824.3
1414290 1824.3
1414300 1817.6
1414310 1810.9
1414320 1810.9
1414330 1803.4
1414340 1797.0
1414350 1790.1
1414360 1790.1
1414370 1783.7
1414380 1777.3
1414390 1777.3
1414400 1770.3
1414410 1763.4
1414420 1763.4
1414430 1756.4
1414440 1749.5
1414450 1749.5
1414460 1742.9
1414470 1736.6
1414480 1736.6
1414490 1730.8
1414500 1725.6
1414510 1720.7
1414520 1720.7
1414530 1715.5
1414540 1710.2
1414550 1710.2
1414560 1704.2
1414570 1698.9
1414580 1698.9
1414590 1693.2
1414600 1688.0
1414610 1688.0
1414620 1683.7
1414630 1680.7
1414640 1680.7
1414650 1678.1
1414660 1675.5
1414670 1675.1
1414680 1675.1
1414690 1674.3
1414700 1676.2
1414710 1676.2
1414720 1678.1
1414730 1680.5
1414740 1680.5
1414750 1682.7
1414760 1685.7
1414770 1685.7
1414780 1689.1
1414790 1693.3
1414800 1693.3
1414810 1698.5
1414820 1704.7
1414830 1708.7
1414840 1708.7
1414850 1703.3
1414860 1690.0
1414870 1690.0
1414880 1685.0
1414890 1690.4
1414900 1690.4
1414910 1695.8
1414920 1696.4
1414930 1696.4
1414940 1700.7
1414950 1708.5
1414960 1708.5
1414970 1715.9
1414980 1723.3
1414990 1731.7
1415000 1731.7
1415010 1738.5
1415020 1746.7
1415030 1746.7
1415040 1755.0
1415050 1763.4
1415060 1763.4
1415070 1774.6
1415080 1790.6
1415090 1790.6
1415100 1808.3
1415110 1818.5
1415120 1818.5
1415130 1817.5
1415140 1811.7
1415150 1805.7
1415160 1805.7
1415170 1807.8
1415180 1821.5
1415190 1821.5
1415200 1829.7
1415210 1829.4
1415220 1829.4
1415230 1824.2
1415240 1827.7
1415250 1827.7
1415260 1846.8
1415270 1865.4
1415280 1865.4
1415290 1873.0
1415300 1879.4
1415310 1887.0
1415320 1887.0
1415330 1894.9
1415340 1903.5
1415350 1903.5
1415360 1924.2
1415370 1944.1
1415380 1944.1
1415390 1961.7
1415400 1977.1
1415410 1977.1
1415420 1979.5
1415430 1965.4
1415440 1965.4
1415450 1967.6
1415460 1984.3
1415470 2005.4
1415480 2005.4
1415490 2019.6
1415500 2020.0
1415510 2020.0
1415520 2016.4
1415530 2010.7
1415540 2010.7
1415550 2005.5
1415560 2002.5
1415570 2002.5
1415580 2000.4
1415590 1998.8
1415600 1998.8
1415610 1994.1
1415620 1983.6
1415630 1970.6
1415640 1970.6
1415650 1959.6
1415660 1948.9
1415670 1948.9
1415680 1934.8
1415690 1934.5
1415700 1934.5
1415710 1931.6
1415720 1933.5
1415730 1933.5
1415740 1937.7
1415750 1942.7
1415760 1942.7
1415770 1951.5
1415780 1968.9
1415790 1993.3
1415800 1993.3
1415810 2012.9
1415820 2020.7
1415830 2020.7
1415840 2028.2
1415850 2035.4
1415860 2035.4
1415870 2042.8
1415880 2062.6
1415890 2062.6
1415900 2079.2
1415910 2088.0
1415920 2088.0
1415930 2093.4
1415940 2101.3
1415950 2110.2
1415960 2110.2
1415970 2117.8
1415980 2125.2
1415990 2125.2
1416000 2132.6
1416010 2140.0
1416020 2140.0
1416030 2146.8
1416040 2152.5
1416050 2152.5
1416060 2158.1
1416070 2165.3
1416080 2165.3
1416090 2184.2
1416100 2206.3
1416110 2206.3
1416120 2223.3
1416130 2239.2
1416140 2256.5
1416150 2256.5
1416160 2264.2
1416170 2271.9
1416180 2271.9
1416190 2279.2
1416200 2287.6
1416210 2287.6
1416220 2294.6
1416230 2299.3
1416240 2299.3
1416250 2302.2
1416260 2309.8
1416270 2309.8
1416280 2313.0
1416290 2312.7
1416300 2311.9
1416310 2311.9
1416320 2310.6
1416330 2310.8
1416340 2310.8
1416350 2311.2
1416360 2310.8
1416370 2310.8
1416380 2319.1
1416390 2318.4
1416400 2318.4
1416410 2315.8
1416420 2314.2
1416430 2314.2
1416440 2315.4
1416450 2317.1
1416460 2318.5
1416470 2318.5
1416480 2319.1
1416490 2318.9
1416500 2318.9
1416510 2318.2
1416520 2318.9
1416530 2318.9
1416540 2321.4
1416550 2331.2
1416560 2331.2
1416570 2342.1
1416580 2343.2
1416590 2343.2
1416600 2338.0
1416610 2335.1
1416620 2328.8
1416630 2328.8
1416640 2323.8
1416650 2319.6
1416660 2319.6
1416670 2314.6
1416680 2315.1
1416690 2315.1
1416700 2312.5
1416710 2309.8
1416720 2309.8
1416730 2307.6
1416740 2311.3
1416750 2311.3
1416760 2336.1
1416770 2360.1
1416780 2401.6
1416790 2401.6
1416800 2423.1
1416810 2438.3
1416820 2438.3
1416830 2438.0
1416840 2432.5
1416850 2432.5
1416860 2428.5
1416870 2425.4
1416880 2425.4
1416890 2420.8
1416900 2421.0
1416910 2421.0
1416920 2441.4
1416930 2462.7
1416940 2468.5
1416950 2468.5
1416960 2475.8
1416970 2479.7
1416980 2479.7
1416990 2480.2
1417000 2470.8
1417010 2470.8
1417020 2472.6
1417030 2481.3
1417040 2481.3
1417050 2482.4
1417060 2476.7
1417070 2476.7
1417080 2473.1
1417090 2469.5
1417100 2465.8
1417110 2465.8
1417120 2467.8
1417130 2486.5
1417140 2486.5
1417150 2488.8
1417160 2490.1
1417170 2490.1
1417180 2493.2
1417190 2493.3
1417200 2493.3
1417210 2504.5
1417220 2520.1
1417230 2520.1
1417240 2529.7
1417250 2530.3
1417260 2528.0
1417270 2528.0
1417280 2524.8
1417290 2523.1
1417300 2523.1
1417310 2522.0
1417320 2521.5
1417330 2521.5
1417340 2519.1
1417350 2515.0
1417360 2515.0
1417370 2509.7
1417380 2506.7
1417390 2506.7
1417400 2504.8
1417410 2504.2
1417420 2503.1
1417430 2503.1
1417440 2502.6
1417450 2498.7
1417460 2498.7
1417470 2496.4
1417480 2496.3
1417490 2496.3
1417500 2495.2
1417510 2493.5
1417520 2493.5
1417530 2489.7
1417540 2484.6
1417550 2484.6
1417560 2474.0
1417570 2461.3
1417580 2450.1
1417590 2450.1
1417600 2436.7
1417610 2424.1
1417620 2424.1
1417630 2415.5
1417640 2407.5
1417650 2407.5
1417660 2398.4
1417670 2392.7
1417680 2392.7
1417690 2396.6
1417700 2404.8
1417710 2404.8
1417720 2401.2
1417730 2389.6
1417740 2383.0
1417750 2383.0
1417760 2366.7
1417770 2355.1
1417780 2355.1
1417790 2357.9
1417800 2358.4
1417810 2358.4
1417820 2358.1
1417830 2353.7
1417840 2353.7
1417850 2347.5
1417860 2339.8
1417870 2339.8
1417880 2334.1
1417890 2328.3
1417900 2322.0
1417910 2322.0
1417920 2314.4
1417930 2309.6
1417940 2309.6
1417950 2307.4
1417960 2304.3
1417970 2304.3
1417980 2294.6
1417990 2284.1
1418000 2284.1
1418010 2282.0
1418020 2281.5
1418030 2281.5
1418040 2283.1
1418050 2282.6
1418060 2282.9
1418070 2282.9
1418080 2284.3
1418090 2290.8
1418100 2290.8
1418110 2295.3
1418120 2298.1
1418130 2298.1
1418140 2294.3
1418150 2290.5
1418160 2290.5
1418170 2287.0
1418180 2279.4
1418190 2279.4
1418200 2277.5
1418210 2278.0
1418220 2275.2
1418230 2275.2
1418240 2272.5
1418250 2259.7
1418260 2259.7
1418270 2254.2
1418280 2250.7
1418290 2250.7
1418300 2247.9
1418310 2247.8
1418320 2247.8
1418330 2251.2
1418340 2249.9
1418350 2249.9
1418360 2249.1
1418370 2247.2
1418380 2244.0
1418390 2244.0
1418400 2241.0
1418410 2236.1
1418420 2236.1
1418430 2227.7
1418440 2219.7
1418450 2219.7
1418460 2212.4
1418470 2205.1
1418480 2205.1
1418490 2200.2
1418500 2198.2
1418510 2198.2
1418520 2196.5
1418530 2193.1
1418540 2183.0
1418550 2183.0
1418560 2166.1
1418570 2156.0
1418580 2156.0
1418590 2145.8
1418600 2132.4
1418610 2132.4
1418620 2116.2
1418630 2099.4
1418640 2099.4
1418650 2084.4
1418660 2071.5
1418670 2071.5
1418680 2052.5
1418690 2037.9
1418700 2040.1
1418710 2040.1
1418720 2044.0
1418730 2046.8
1418740 2046.8
1418750 2045.4
1418760 2045.4
1418770 2045.4
1418780 2049.3
1418790 2052.8
1418800 2052.8
1418810 2056.3
1418820 2060.5
1418830 2060.5
1418840 2063.2
1418850 2063.1
1418860 2060.1
1418870 2060.1
1418880 2053.1
1418890 2046.5
1418900 2046.5
1418910 2041.9
1418920 2036.1
1418930 2036.1
1418940 2024.2
1418950 2012.2
1418960 2012.2
1418970 2003.0
1418980 1994.8
1418990 1994.8
1419000 1987.8
1419010 1980.6
1419020 1974.1
1419030 1974.1
1419040 1969.1
1419050 1965.4
1419060 1965.4
1419070 1962.1
1419080 1958.5
1419090 1958.5
1419100 1956.1
1419110 1948.0
1419120 1948.0
1419130 1941.8
1419140 1939.8
1419150 1939.8
1419160 1938.2
1419170 1935.1
1419180 1935.1
1419190 1928.8
1419200 1924.6
1419210 1929.3
1419220 1929.3
1419230 1938.7
1419240 1941.6
1419250 1941.6
1419260 1937.7
1419270 1932.6
1419280 1932.6
1419290 1937.1
1419300 1934.0
1419310 1934.0
1419320 1924.8
1419330 1915.1
1419340 1915.1
1419350 1911.5
1419360 1904.1
1419370 1896.2
1419380 1896.2
1419390 1890.0
1419400 1878.4
1419410 1878.4
1419420 1868.3
1419430 1862.9
1419440 1862.9
1419450 1856.4
1419460 1847.3
1419470 1847.3
1419480 1835.1
1419490 1818.5
1419500 1818.5
1419510 1799.8
1419520 1785.2
1419530 1771.8
1419540 1771.8
1419550 1759.1
1419560 1744.1
1419570 1744.1
1419580 1736.0
1419590 1732.1
1419600 1732.1
1419610 1731.6
1419620 1729.7
1419630 1729.7
1419640 1725.9
1419650 1720.1
1419660 1720.1
1419670 1712.7
1419680 1704.2
1419690 1695.8
1419700 1695.8
1419710 1688.1
1419720 1680.3
1419730 1680.3
1419740 1672.6
1419750 1665.3
1419760 1665.3
1419770 1658.3
1419780 1651.9
1419790 1651.9
1419800 1645.1
1419810 1638.1
1419820 1638.1
1419830 1630.9
1419840 1624.1
1419850 1615.8
1419860 1615.8
1419870 1604.7
1419880 1595.4
1419890 1595.4
1419900 1588.1
1419910 1582.1
1419920 1582.1
1419930 1575.9
1419940 1569.8
1419950 1569.8
1419960 1562.4
1419970 1554.6
1419980 1554.6
1419990 1546.7
