1400000 2241.3
1400010 2246.5
1400020 2251.1
1400030 2251.1
1400040 2252.8
1400050 2251.1
1400060 2248.8
1400070 2248.8
1400080 2248.7
1400090 2247.5
1400100 2247.5
1400110 2246.8
1400120 2247.1
1400130 2247.1
1400140 2248.2
1400150 2251.0
1400160 2251.0
1400170 2253.8
1400180 2256.1
1400190 2256.1
1400200 2258.9
1400210 2264.1
1400220 2271.9
1400230 2271.9
1400240 2276.4
1400250 2281.2
1400260 2281.2
1400270 2288.4
1400280 2297.0
1400290 2297.0
1400300 2305.9
1400310 2312.0
1400320 2312.0
1400330 2310.2
1400340 2305.6
1400350 2305.6
1400360 2296.8
1400370 2287.1
1400380 2279.8
1400390 2279.8
1400400 2272.8
1400410 2265.5
1400420 2265.5
1400430 2257.9
1400440 2251.3
1400450 2251.3
1400460 2244.2
1400470 2238.2
1400480 2238.2
1400490 2233.6
1400500 2230.3
1400510 2230.3
1400520 2223.8
1400530 2215.8
1400540 2208.4
1400550 2208.4
1400560 2201.3
1400570 2194.7
1400580 2194.7
1400590 2189.4
1400600 2184.3
1400610 2184.3
1400620 2180.2
1400630 2175.7
1400640 2175.7
1400650 2169.9
1400660 2162.8
1400670 2162.8
1400680 2156.5
1400690 2151.7
1400700 2147.3
1400710 2147.3
1400720 2142.8
1400730 2139.0
1400740 2139.0
1400750 2135.1
1400760 2131.1
1400770 2131.1
1400780 2127.0
1400790 2123.4
1400800 2123.4
1400810 2119.3
1400820 2115.3
1400830 2115.3
1400840 2111.9
1400850 2108.9
1400860 2105.3
1400870 2105.3
1400880 2101.8
1400890 2098.5
1400900 2098.5
1400910 2095.9
1400920 2093.4
1400930 2093.4
1400940 2089.6
1400950 2084.7
1400960 2084.7
1400970 2080.9
1400980 2077.0
1400990 2077.0
1401000 2074.3
1401010 2069.9
1401020 2066.0
1401030 2066.0
1401040 2061.5
1401050 2055.9
1401060 2055.9
1401070 2049.3
1401080 2042.7
1401090 2042.7
1401100 2037.4
1401110 2032.2
1401120 2032.2
1401130 2027.1
1401140 2022.3
1401150 2022.3
1401160 2019.3
1401170 2017.2
1401180 2011.3
1401190 2011.3
1401200 2003.9
1401210 1998.6
1401220 1998.6
1401230 1994.7
1401240 1990.9
1401250 1990.9
1401260 1986.3
1401270 1980.2
1401280 1980.2
1401290 1973.0
1401300 1966.7
1401310 1966.7
1401320 1961.3
1401330 1955.7
1401340 1955.7
1401350 1949.9
1401360 1943.4
1401370 1938.0
1401380 1938.0
1401390 1931.8
1401400 1923.5
1401410 1923.5
1401420 1911.5
1401430 1904.5
1401440 1904.5
1401450 1899.2
1401460 1895.4
1401470 1895.4
1401480 1890.7
1401490 1880.0
1401500 1880.0
1401510 1867.5
1401520 1859.1
1401530 1846.9
1401540 1846.9
1401550 1834.4
1401560 1828.6
1401570 1828.6
1401580 1825.8
1401590 1823.3
1401600 1823.3
1401610 1818.0
1401620 1813.0
1401630 1813.0
1401640 1805.4
1401650 1794.0
1401660 1794.0
1401670 1782.7
1401680 1775.0
1401690 1765.2
1401700 1765.2
1401710 1752.0
1401720 1736.2
1401730 1736.2
1401740 1713.7
1401750 1695.5
1401760 1695.5
1401770 1688.2
1401780 1683.8
1401790 1683.8
1401800 1681.0
1401810 1672.4
1401820 1672.4
1401830 1661.7
1401840 1652.2
1401850 1644.0
1401860 1644.0
1401870 1633.4
1401880 1619.2
1401890 1619.2
1401900 1609.3
1401910 1600.5
1401920 1600.5
1401930 1592.0
1401940 1584.4
1401950 1584.4
1401960 1577.4
1401970 1570.4
1401980 1570.4
1401990 1563.7
1402000 1556.9
1402010 1550.4
1402020 1550.4
1402030 1544.1
1402040 1537.8
1402050 1537.8
1402060 1531.5
1402070 1526.1
1402080 1526.1
1402090 1522.0
1402100 1518.1
1402110 1518.1
1402120 1513.7
1402130 1509.5
1402140 1509.5
1402150 1506.0
1402160 1502.2
1402170 1497.4
1402180 1497.4
1402190 1492.0
1402200 1489.1
1402210 1489.1
1402220 1487.5
1402230 1485.0
1402240 1485.0
1402250 1481.4
1402260 1478.3
1402270 1478.3
1402280 1475.5
1402290 1471.6
1402300 1471.6
1402310 1469.5
1402320 1466.2
1402330 1460.2
1402340 1460.2
1402350 1453.1
1402360 1449.7
1402370 1449.7
1402380 1449.9
1402390 1449.9
1402400 1449.9
1402410 1449.1
1402420 1449.4
1402430 1449.4
1402440 1451.2
1402450 1452.9
1402460 1452.9
1402470 1455.2
1402480 1459.1
1402490 1464.5
1402500 1464.5
1402510 1469.4
1402520 1474.7
1402530 1474.7
1402540 1482.0
1402550 1489.0
1402560 1489.0
1402570 1494.9
1402580 1501.8
1402590 1501.8
1402600 1506.5
1402610 1508.6
1402620 1508.6
1402630 1509.5
1402640 1512.0
1402650 1512.0
1402660 1515.0
1402670 1517.9
1402680 1518.8
1402690 1518.8
1402700 1521.5
1402710 1525.7
1402720 1525.7
1402730 1530.3
1402740 1536.5
1402750 1536.5
1402760 1542.9
1402770 1548.6
1402780 1548.6
1402790 1555.1
1402800 1558.8
1402810 1558.8
1402820 1562.6
1402830 1569.5
1402840 1572.9
1402850 1572.9
1402860 1574.6
1402870 1576.9
1402880 1576.9
1402890 1578.2
1402900 1580.3
1402910 1580.3
1402920 1584.9
1402930 1590.3
1402940 1590.3
1402950 1595.4
1402960 1599.3
1402970 1599.3
1402980 1603.6
1402990 1607.4
1403000 1611.7
1403010 1611.7
1403020 1615.4
1403030 1621.5
1403040 1621.5
1403050 1629.0
1403060 1636.7
1403070 1636.7
1403080 1644.7
1403090 1653.9
1403100 1653.9
1403110 1659.6
1403120 1665.3
1403130 1665.3
1403140 1669.4
1403150 1675.7
1403160 1681.2
1403170 1681.2
1403180 1687.0
1403190 1693.5
1403200 1693.5
1403210 1698.5
1403220 1702.5
1403230 1702.5
1403240 1706.2
1403250 1710.1
1403260 1710.1
1403270 1717.0
1403280 1725.8
1403290 1725.8
1403300 1733.8
1403310 1741.2
1403320 1747.8
1403330 1747.8
1403340 1752.9
1403350 1758.4
1403360 1758.4
1403370 1764.7
1403380 1770.8
1403390 1770.8
1403400 1775.6
1403410 1781.3
1403420 1781.3
1403430 1787.4
1403440 1794.6
1403450 1794.6
1403460 1802.1
1403470 1807.6
1403480 1814.2
1403490 1814.2
1403500 1820.7
1403510 1825.8
1403520 1825.8
1403530 1831.4
1403540 1838.0
1403550 1838.0
1403560 1844.5
1403570 1851.5
1403580 1851.5
1403590 1858.4
1403600 1865.2
1403610 1865.2
1403620 1873.0
1403630 1881.1
1403640 1890.8
1403650 1890.8
1403660 1900.1
1403670 1907.8
1403680 1907.8
1403690 1915.6
1403700 1922.4
1403710 1922.4
1403720 1929.4
1403730 1935.6
1403740 1935.6
1403750 1941.9
1403760 1949.2
1403770 1949.2
1403780 1956.9
1403790 1964.7
1403800 1973.4
1403810 1973.4
1403820 1981.9
1403830 1989.2
1403840 1989.2
1403850 1994.8
1403860 1998.7
1403870 1998.7
1403880 2002.2
1403890 2005.7
1403900 2005.7
1403910 2009.3
1403920 2011.9
1403930 2011.9
1403940 2014.1
1403950 2017.2
1403960 2022.7
1403970 2022.7
1403980 2028.7
1403990 2032.3
1404000 2032.3
1404010 2034.9
1404020 2038.3
1404030 2038.3
1404040 2042.8
1404050 2046.2
1404060 2046.2
1404070 2049.9
1404080 2052.6
1404090 2052.6
1404100 2055.3
1404110 2057.8
1404120 2057.8
1404130 2060.7
1404140 2064.1
1404150 2066.8
1404160 2066.8
1404170 2068.9
1404180 2070.6
1404190 2070.6
1404200 2072.5
1404210 2074.0
1404220 2074.0
1404230 2073.6
1404240 2072.1
1404250 2072.1
1404260 2072.3
1404270 2072.5
1404280 2072.5
1404290 2071.7
1404300 2071.4
1404310 2070.4
1404320 2070.4
1404330 2069.1
1404340 2068.4
1404350 2068.4
1404360 2065.1
1404370 2061.6
1404380 2061.6
1404390 2056.7
1404400 2050.7
1404410 2050.7
1404420 2043.2
1404430 2035.1
1404440 2035.1
1404450 2028.4
1404460 2022.0
1404470 2014.8
1404480 2014.8
1404490 2005.4
1404500 1996.5
1404510 1996.5
1404520 1988.1
1404530 1981.4
1404540 1981.4
1404550 1977.9
1404560 1975.0
1404570 1975.0
1404580 1972.4
1404590 1969.9
1404600 1969.9
1404610 1971.5
1404620 1972.8
1404630 1972.5
1404640 1972.5
1404650 1969.5
1404660 1967.5
1404670 1967.5
1404680 1963.6
1404690 1956.8
1404700 1956.8
1404710 1953.4
1404720 1949.7
1404730 1949.7
1404740 1944.6
1404750 1938.3
1404760 1938.3
1404770 1933.3
1404780 1928.4
1404790 1921.9
1404800 1921.9
1404810 1915.0
1404820 1907.1
1404830 1907.1
1404840 1901.8
1404850 1896.6
1404860 1896.6
1404870 1892.0
1404880 1886.5
1404890 1886.5
1404900 1882.6
1404910 1879.3
1404920 1879.3
1404930 1872.9
1404940 1865.8
1404950 1860.8
1404960 1860.8
1404970 1857.0
1404980 1856.7
1404990 1856.7
1405000 1852.4
1405010 1850.2
1405020 1850.2
1405030 1844.2
1405040 1836.4
1405050 1836.4
1405060 1828.7
1405070 1820.7
1405080 1820.7
1405090 1809.8
1405100 1799.4
1405110 1789.8
1405120 1789.8
1405130 1780.4
1405140 1769.4
1405150 1769.4
1405160 1761.0
1405170 1754.0
1405180 1754.0
1405190 1745.4
1405200 1737.7
1405210 1737.7
1405220 1729.9
1405230 1722.7
1405240 1722.7
1405250 1715.4
1405260 1708.8
1405270 1703.4
1405280 1703.4
1405290 1700.1
1405300 1694.9
1405310 1694.9
1405320 1689.5
1405330 1681.1
1405340 1681.1
1405350 1670.9
1405360 1658.6
1405370 1658.6
1405380 1646.9
1405390 1635.4
1405400 1635.4
1405410 1625.6
1405420 1615.2
1405430 1615.2
1405440 1604.5
1405450 1593.6
1405460 1585.2
1405470 1585.2
1405480 1577.4
1405490 1569.8
1405500 1569.8
1405510 1562.0
1405520 1554.7
1405530 1554.7
1405540 1547.6
1405550 1540.8
1405560 1540.8
1405570 1534.1
1405580 1527.1
1405590 1527.1
1405600 1521.9
1405610 1515.6
1405620 1509.7
1405630 1509.7
1405640 1503.9
1405650 1497.9
1405660 1497.9
1405670 1492.5
1405680 1487.3
1405690 1487.3
1405700 1482.4
1405710 1478.2
1405720 1478.2
1405730 1474.6
1405740 1472.2
1405750 1472.2
1405760 1471.1
1405770 1474.0
1405780 1477.9
1405790 1477.9
1405800 1481.3
1405810 1484.9
1405820 1484.9
1405830 1488.6
1405840 1492.9
1405850 1492.9
1405860 1497.5
1405870 1502.5
1405880 1502.5
1405890 1507.9
1405900 1513.5
1405910 1513.5
1405920 1519.1
1405930 1524.8
1405940 1530.2
1405950 1530.2
1405960 1535.7
1405970 1541.4
1405980 1541.4
1405990 1547.2
1406000 1552.8
1406010 1552.8
1406020 1558.6
1406030 1564.7
1406040 1564.7
1406050 1571.1
1406060 1577.8
1406070 1577.8
1406080 1584.7
1406090 1591.7
1406100 1598.6
1406110 1598.6
1406120 1606.0
1406130 1614.0
1406140 1614.0
1406150 1623.4
1406160 1632.1
1406170 1632.1
1406180 1640.7
1406190 1649.2
1406200 1649.2
1406210 1657.0
1406220 1665.1
1406230 1665.1
1406240 1672.4
1406250 1682.0
1406260 1692.9
1406270 1692.9
1406280 1703.0
1406290 1710.2
1406300 1710.2
1406310 1718.1
1406320 1728.0
1406330 1728.0
1406340 1736.7
1406350 1745.2
1406360 1745.2
1406370 1752.6
1406380 1760.7
1406390 1760.7
1406400 1770.1
1406410 1779.5
1406420 1783.9
1406430 1783.9
1406440 1789.0
1406450 1799.2
1406460 1799.2
1406470 1813.5
1406480 1820.7
1406490 1820.7
1406500 1822.1
1406510 1829.7
1406520 1829.7
1406530 1832.7
1406540 1833.7
1406550 1833.7
1406560 1832.9
1406570 1836.8
1406580 1848.5
1406590 1848.5
1406600 1857.5
1406610 1866.4
1406620 1866.4
1406630 1875.4
1406640 1883.2
1406650 1883.2
1406660 1889.7
1406670 1895.6
1406680 1895.6
1406690 1900.7
1406700 1906.0
1406710 1906.0
1406720 1911.5
1406730 1917.7
1406740 1921.7
1406750 1921.7
1406760 1924.8
1406770 1927.6
1406780 1927.6
1406790 1929.2
1406800 1931.4
1406810 1931.4
1406820 1935.3
1406830 1940.4
1406840 1940.4
1406850 1946.1
1406860 1952.4
1406870 1952.4
1406880 1957.4
1406890 1961.4
1406900 1961.4
1406910 1964.7
1406920 1968.2
1406930 1971.7
1406940 1971.7
1406950 1976.3
1406960 1980.2
1406970 1980.2
1406980 1982.8
1406990 1985.4
1407000 1985.4
1407010 1990.3
1407020 1998.3
1407030 1998.3
1407040 2008.4
1407050 2016.5
1407060 2016.5
1407070 2021.3
1407080 2022.7
1407090 2022.6
1407100 2022.6
1407110 2021.3
1407120 2018.4
1407130 2018.4
1407140 2015.3
1407150 2013.3
1407160 2013.3
1407170 2010.6
1407180 2007.6
1407190 2007.6
1407200 2006.2
1407210 2005.5
1407220 2005.5
1407230 2003.7
1407240 1999.6
1407250 1995.5
1407260 1995.5
1407270 1991.4
1407280 1986.5
1407290 1986.5
1407300 1981.2
1407310 1976.8
1407320 1976.8
1407330 1972.5
1407340 1968.3
1407350 1968.3
1407360 1965.0
1407370 1963.3
1407380 1963.3
1407390 1962.1
1407400 1958.8
1407410 1954.7
1407420 1954.7
1407430 1949.4
1407440 1943.9
1407450 1943.9
1407460 1939.8
1407470 1938.0
1407480 1938.0
1407490 1935.5
1407500 1930.5
1407510 1930.5
1407520 1923.0
1407530 1914.5
1407540 1914.5
1407550 1906.3
1407560 1898.4
1407570 1891.7
1407580 1891.7
1407590 1885.7
1407600 1879.9
1407610 1879.9
1407620 1874.5
1407630 1868.8
1407640 1868.8
1407650 1863.0
1407660 1858.3
1407670 1858.3
1407680 1853.3
1407690 1847.6
1407700 1847.6
1407710 1841.4
1407720 1835.3
1407730 1829.4
1407740 1829.4
1407750 1824.1
1407760 1819.2
1407770 1819.2
1407780 1814.7
1407790 1810.4
1407800 1810.4
1407810 1806.0
1407820 1802.5
1407830 1802.5
1407840 1798.8
1407850 1792.7
1407860 1792.7
1407870 1785.4
1407880 1778.5
1407890 1772.5
1407900 1772.5
1407910 1766.7
1407920 1760.8
1407930 1760.8
1407940 1753.9
1407950 1747.3
1407960 1747.3
1407970 1740.7
1407980 1733.7
1407990 1733.7
1408000 1727.2
1408010 1722.6
1408020 1722.6
1408030 1718.4
1408040 1713.6
1408050 1707.6
1408060 1707.6
1408070 1700.2
1408080 1692.6
1408090 1692.6
1408100 1685.0
1408110 1676.8
1408120 1676.8
1408130 1669.8
1408140 1664.6
1408150 1664.6
1408160 1657.9
1408170 1650.6
1408180 1650.6
1408190 1643.3
1408200 1634.4
1408210 1633.6
1408220 1624.7
1408230 1616.9
1408240 1608.3
1408250 1608.3
1408260 1597.1
1408270 1586.1
1408280 1586.1
1408290 1578.3
1408300 1573.5
1408310 1573.5
1408320 1566.4
1408330 1558.5
1408340 1558.5
1408350 1551.4
1408360 1544.2
1408370 1544.2
1408380 1536.2
1408390 1526.9
1408400 1518.1
1408410 1518.1
1408420 1511.0
1408430 1505.2
1408440 1505.2
1408450 1499.8
1408460 1493.9
1408470 1493.9
1408480 1487.9
1408490 1482.2
1408500 1482.2
1408510 1477.8
1408520 1473.6
1408530 1473.6
1408540 1468.9
1408550 1463.4
1408560 1457.2
1408570 1457.2
1408580 1450.5
1408590 1443.5
1408600 1443.5
1408610 1436.8
1408620 1429.8
1408630 1429.8
1408640 1422.4
1408650 1414.5
1408660 1414.5
1408670 1406.2
1408680 1398.7
1408690 1398.7
1408700 1395.8
1408710 1397.0
1408720 1398.9
1408730 1398.9
1408740 1402.8
1408750 1410.3
1408760 1410.3
1408770 1416.9
1408780 1421.6
1408790 1421.6
1408800 1425.2
1408810 1428.2
1408820 1428.2
1408830 1432.9
1408840 1437.7
1408850 1437.7
1408860 1441.5
1408870 1444.6
1408880 1447.1
1408890 1447.1
1408900 1450.1
1408910 1453.7
1408920 1453.7
1408930 1458.2
1408940 1462.9
1408950 1462.9
1408960 1466.1
1408970 1468.1
1408980 1468.1
1408990 1470.0
1409000 1472.2
1409010 1472.2
1409020 1474.8
1409030 1472.8
1409040 1471.9
1409050 1471.9
1409060 1475.0
1409070 1480.4
1409080 1480.4
1409090 1488.4
1409100 1496.7
1409110 1496.7
1409120 1505.2
1409130 1511.7
1409140 1511.7
1409150 1514.9
1409160 1517.7
1409170 1517.7
1409180 1522.5
1409190 1528.1
1409200 1535.2
1409210 1535.2
1409220 1543.3
1409230 1550.4
1409240 1550.4
1409250 1556.5
1409260 1562.5
1409270 1562.5
1409280 1568.8
1409290 1575.8
1409300 1575.8
1409310 1582.4
1409320 1589.9
1409330 1589.9
1409340 1597.5
1409350 1605.4
1409360 1614.4
1409370 1614.4
1409380 1622.7
1409390 1630.8
1409400 1630.8
1409410 1638.6
1409420 1644.1
1409430 1644.1
1409440 1650.3
1409450 1657.5
1409460 1657.5
1409470 1664.6
1409480 1671.3
1409490 1671.3
1409500 1677.6
1409510 1684.9
1409520 1692.8
1409530 1692.8
1409540 1699.9
1409550 1706.4
1409560 1706.4
1409570 1713.1
1409580 1720.1
1409590 1720.1
1409600 1726.8
1409610 1733.4
1409620 1733.4
1409630 1739.4
1409640 1744.9
1409650 1744.9
1409660 1749.9
1409670 1754.9
1409680 1754.9
1409690 1760.2
1409700 1765.8
1409710 1771.2
1409720 1771.2
1409730 1776.4
1409740 1781.8
1409750 1781.8
1409760 1787.6
1409770 1793.6
1409780 1793.6
1409790 1799.6
1409800 1805.8
1409810 1805.8
1409820 1811.9
1409830 1818.4
1409840 1818.4
1409850 1824.9
1409860 1830.6
1409870 1836.1
1409880 1832.4
1409890 1838.3
1409900 1844.1
1409910 1844.1
1409920 1849.8
1409930 1855.3
1409940 1855.3
1409950 1861.1
1409960 1867.0
1409970 1867.0
1409980 1872.6
1409990 1876.1
1410000 1876.1
1410010 1876.3
1410020 1875.1
1410030 1872.1
1410040 1872.1
1410050 1866.8
1410060 1861.4
1410070 1861.4
1410080 1856.7
1410090 1852.6
1410100 1852.6
1410110 1848.3
1410120 1843.0
1410130 1843.0
1410140 1838.4
1410150 1832.6
1410160 1832.6
1410170 1824.9
1410180 1817.7
1410190 1810.4
1410200 1810.4
1410210 1802.8
1410220 1794.6
1410230 1794.6
1410240 1786.5
1410250 1778.9
1410260 1778.9
1410270 1771.6
1410280 1765.0
1410290 1765.0
1410300 1758.8
1410310 1752.0
1410320 1752.0
1410330 1745.3
1410340 1738.6
1410350 1731.7
1410360 1731.7
1410370 1723.9
1410380 1717.1
1410390 1717.1
1410400 1709.9
1410410 1703.1
1410420 1703.1
1410430 1694.4
1410440 1684.1
1410450 1684.1
1410460 1676.7
1410470 1670.3
1410480 1670.3
1410490 1661.4
1410500 1651.1
1410510 1641.8
1410520 1641.8
1410530 1638.1
1410540 1633.1
1410550 1633.1
1410560 1627.7
1410570 1621.5
1410580 1621.5
1410590 1614.4
1410600 1607.1
1410610 1607.1
1410620 1598.1
1410630 1590.6
1410640 1590.6
1410650 1584.3
1410660 1577.8
1410670 1571.7
1410680 1571.7
1410690 1565.4
1410700 1558.8
1410710 1558.8
1410720 1551.7
1410730 1543.2
1410740 1543.2
1410750 1533.7
1410760 1524.7
1410770 1524.7
1410780 1516.6
1410790 1507.9
1410800 1507.9
1410810 1497.1
1410820 1481.0
1410830 1468.7
1410840 1468.7
1410850 1460.4
1410860 1452.7
1410870 1452.7
1410880 1446.3
1410890 1441.6
1410900 1441.6
1410910 1437.1
1410920 1432.3
1410930 1432.3
1410940 1427.4
1410950 1422.5
1410960 1422.5
1410970 1417.8
1410980 1413.2
1410990 1413.2
1411000 1409.0
1411010 1405.3
1411020 1402.3
1411030 1402.3
1411040 1400.1
1411050 1397.9
1411060 1397.9
1411070 1393.8
1411080 1391.8
1411090 1391.8
1411100 1390.7
1411110 1391.5
1411120 1391.5
1411130 1392.8
1411140 1393.9
1411150 1393.9
1411160 1394.9
1411170 1396.1
1411180 1397.5
1411190 1397.5
1411200 1400.0
1411210 1402.8
1411220 1402.8
1411230 1403.8
1411240 1404.6
1411250 1404.6
1411260 1406.6
1411270 1410.5
1411280 1410.5
1411290 1415.3
1411300 1421.2
1411310 1421.2
1411320 1427.4
1411330 1434.3
1411340 1441.5
1411350 1441.5
1411360 1449.2
1411370 1456.6
1411380 1456.6
1411390 1463.7
1411400 1471.4
1411410 1471.4
1411420 1478.8
1411430 1485.6
1411440 1485.6
1411450 1492.3
1411460 1498.6
1411470 1498.6
1411480 1505.1
1411490 1513.0
1411500 1521.3
1411510 1521.3
1411520 1533.5
1411530 1545.7
1411540 1545.7
1411550 1556.8
1411560 1570.0
1411570 1570.0
1411580 1584.7
1411590 1593.6
1411600 1593.6
1411610 1600.0
1411620 1604.5
1411630 1604.5
1411640 1610.0
1411650 1615.6
1411660 1628.1
1411670 1628.1
1411680 1642.3
1411690 1657.5
1411700 1657.5
1411710 1672.6
1411720 1695.9
1411730 1695.9
1411740 1715.3
1411750 1729.7
1411760 1729.7
1411770 1746.7
1411780 1759.9
1411790 1759.9
1411800 1772.5
1411810 1786.4
1411820 1799.4
1411830 1799.4
1411840 1808.6
1411850 1815.6
1411860 1815.6
1411870 1822.1
1411880 1828.7
1411890 1828.7
1411900 1833.5
1411910 1837.3
1411920 1837.3
1411930 1841.5
1411940 1845.1
1411950 1845.1
1411960 1847.2
1411970 1847.1
1411980 1841.1
1411990 1841.1
1412000 1843.2
1412010 1852.9
1412020 1852.9
1412030 1864.7
1412040 1869.1
1412050 1869.1
1412060 1874.3
1412070 1880.9
1412080 1880.9
1412090 1887.3
1412100 1892.7
1412110 1892.7
1412120 1898.4
1412130 1903.9
1412140 1908.7
1412150 1908.7
1412160 1913.6
1412170 1921.2
1412180 1921.2
1412190 1927.9
1412200 1934.5
1412210 1934.5
1412220 1941.1
1412230 1948.4
1412240 1948.4
1412250 1955.2
1412260 1962.1
1412270 1962.1
1412280 1969.2
1412290 1975.7
1412300 1982.2
1412310 1982.2
1412320 1988.9
1412330 1995.7
1412340 1995.7
1412350 2002.6
1412360 2008.2
1412370 2008.2
1412380 2013.7
1412390 2019.4
1412400 2019.4
1412410 2024.9
1412420 2029.5
1412430 2029.5
1412440 2032.2
1412450 2034.4
1412460 2034.4
1412470 2037.3
1412480 2039.8
1412490 2041.2
1412500 2041.2
1412510 2042.1
1412520 2043.1
1412530 2043.1
1412540 2045.2
1412550 2046.6
1412560 2046.6
1412570 2045.3
1412580 2043.0
1412590 2043.0
1412600 2040.8
1412610 2037.1
1412620 2037.1
1412630 2032.3
1412640 2025.6
1412650 2018.1
1412660 2018.1
1412670 2011.7
1412680 2008.2
1412690 2008.2
1412700 2006.9
1412710 2002.7
1412720 2002.7
1412730 1995.8
1412740 1987.7
1412750 1987.7
1412760 1980.0
1412770 1972.6
1412780 1972.6
1412790 1965.6
1412800 1959.5
1412810 1952.6
1412820 1952.6
1412830 1948.4
1412840 1946.7
1412850 1946.7
1412860 1944.7
1412870 1940.2
1412880 1940.2
1412890 1939.1
1412900 1939.3
1412910 1939.3
1412920 1936.7
1412930 1934.2
1412940 1934.2
1412950 1931.4
1412960 1929.5
1412970 1926.6
1412980 1926.6
1412990 1923.8
1413000 1921.8
1413010 1921.8
1413020 1918.8
1413030 1917.0
1413040 1917.0
1413050 1916.2
1413060 1916.1
1413070 1916.1
1413080 1916.8
1413090 1916.6
1413100 1916.6
1413110 1916.1
1413120 1915.5
1413130 1914.7
1413140 1914.7
1413150 1913.4
1413160 1912.7
1413170 1912.7
1413180 1911.9
1413190 1911.7
1413200 1911.7
1413210 1912.1
1413220 1913.1
1413230 1913.1
1413240 1914.8
1413250 1916.7
1413260 1916.7
1413270 1918.7
1413280 1920.6
1413290 1923.1
1413300 1923.1
1413310 1926.0
1413320 1928.7
1413330 1931.1
1413340 1934.9
1413350 1940.0
1413360 1940.0
1413370 1946.1
1413380 1953.3
1413390 1953.3
1413400 1960.3
1413410 1966.3
1413420 1966.3
1413430 1971.4
1413440 1975.6
1413450 1979.6
1413460 1979.6
1413470 1983.6
1413480 1988.1
1413490 1988.1
1413500 1994.1
1413510 2001.6
1413520 2001.6
1413530 2009.6
1413540 2016.8
1413550 2016.8
1413560 2024.8
1413570 2031.7
1413580 2031.7
1413590 2037.4
1413600 2041.7
1413610 2045.6
1413620 2045.6
1413630 2049.5
1413640 2053.1
1413650 2053.1
1413660 2057.2
1413670 2059.7
1413680 2059.7
1413690 2061.8
1413700 2064.9
1413710 2064.9
1413720 2068.9
1413730 2074.8
1413740 2074.8
1413750 2081.9
1413760 2086.3
1413770 2086.3
1413780 2088.4
1413790 2090.2
1413800 2091.4
1413810 2091.4
1413820 2092.4
1413830 2093.6
1413840 2093.6
1413850 2094.4
1413860 2094.8
1413870 2094.8
1413880 2094.7
1413890 2093.9
1413900 2093.9
1413910 2091.6
1413920 2087.2
1413930 2087.2
1413940 2082.1
1413950 2077.8
1413960 2074.2
1413970 2074.2
1413980 2071.5
1413990 2068.0
1414000 2068.0
1414010 2064.4
1414020 2060.5
1414030 2060.5
1414040 2056.9
1414050 2054.2
1414060 2054.2
1414070 2052.0
1414080 2049.0
1414090 2049.0
1414100 2043.2
1414110 2037.2
1414120 2031.9
1414130 2031.9
1414140 2027.2
1414150 2023.3
1414160 2023.3
1414170 2019.9
1414180 2016.3
1414190 2016.3
1414200 2012.1
1414210 2007.5
1414220 2007.5
1414230 2003.6
1414240 1999.9
1414250 1999.9
1414260 1996.2
1414270 1993.1
1414280 1991.4
1414290 1991.4
1414300 1988.1
1414310 1984.5
1414320 1984.5
1414330 1980.8
1414340 1976.8
1414350 1976.8
1414360 1973.0
1414370 1969.1
1414380 1969.1
1414390 1964.3
1414400 1958.5
1414410 1958.5
1414420 1953.9
1414430 1950.2
1414440 1947.1
1414450 1947.1
1414460 1944.1
1414470 1940.8
1414480 1940.8
1414490 1935.9
1414500 1927.8
1414510 1927.8
1414520 1919.6
1414530 1912.6
1414540 1912.6
1414550 1906.2
1414560 1898.9
1414570 1898.9
1414580 1891.8
1414590 1884.3
1414600 1877.5
1414610 1877.5
1414620 1872.1
1414630 1865.3
1414640 1865.3
1414650 1858.5
1414660 1851.9
1414670 1851.9
1414680 1845.6
1414690 1840.0
1414700 1840.0
1414710 1834.2
1414720 1827.9
1414730 1827.9
1414740 1821.1
1414750 1813.8
1414760 1807.4
1414770 1807.4
1414780 1802.8
1414790 1798.9
1414800 1798.9
1414810 1795.5
1414820 1791.0
1414830 1791.0
1414840 1785.3
1414850 1779.0
1414860 1779.0
1414870 1772.0
1414880 1765.6
1414890 1765.6
1414900 1759.1
1414910 1752.9
1414920 1746.4
1414930 1746.4
1414940 1739.2
1414950 1731.1
1414960 1731.1
1414970 1722.2
1414980 1709.0
1414990 1709.0
1415000 1692.4
1415010 1676.4
1415020 1676.4
1415030 1662.2
1415040 1653.6
1415050 1653.6
1415060 1651.3
1415070 1647.9
1415080 1640.6
1415090 1640.6
1415100 1632.2
1415110 1623.7
1415120 1623.2
1415130 1619.0
1415140 1613.5
1415150 1613.5
1415160 1606.7
1415170 1597.9
1415180 1597.9
1415190 1588.9
1415200 1578.1
1415210 1578.1
1415220 1568.0
1415230 1555.9
1415240 1555.9
1415250 1544.1
1415260 1533.1
1415270 1523.0
1415280 1523.0
1415290 1515.4
1415300 1504.9
1415310 1504.9
1415320 1494.2
1415330 1484.6
1415340 1484.6
1415350 1475.6
1415360 1466.9
1415370 1466.9
1415380 1457.7
1415390 1448.7
1415400 1448.7
1415410 1440.6
1415420 1432.9
1415430 1425.2
1415440 1425.2
1415450 1418.1
1415460 1411.1
1415470 1411.1
1415480 1404.6
1415490 1398.1
1415500 1398.1
1415510 1392.1
1415520 1386.1
1415530 1386.1
1415540 1380.1
1415550 1374.0
1415560 1374.0
1415570 1367.8
1415580 1361.6
1415590 1355.3
1415600 1355.3
1415610 1349.1
1415620 1343.2
1415630 1343.2
1415640 1337.6
1415650 1332.2
1415660 1332.2
1415670 1326.8
1415680 1322.7
1415690 1322.7
1415700 1319.4
1415710 1315.9
1415720 1315.9
1415730 1313.3
1415740 1311.2
1415750 1309.2
1415760 1309.2
1415770 1307.4
1415780 1305.8
1415790 1305.8
1415800 1303.6
1415810 1299.5
1415820 1299.5
1415830 1294.5
1415840 1293.2
1415850 1293.2
1415860 1292.5
1415870 1291.8
1415880 1291.8
1415890 1290.7
1415900 1289.7
1415910 1290.0
1415920 1290.0
1415930 1290.0
1415940 1290.3
1415950 1290.3
1415960 1290.2
1415970 1290.8
1415980 1290.8
1415990 1291.7
1416000 1292.5
1416010 1292.5
1416020 1294.5
1416030 1297.5
1416040 1297.5
1416050 1300.3
1416060 1303.7
1416070 1307.8
1416080 1307.8
1416090 1312.0
1416100 1316.2
1416110 1316.2
1416120 1321.0
1416130 1326.5
1416140 1326.5
1416150 1333.7
1416160 1341.9
1416170 1341.9
1416180 1347.5
1416190 1352.4
1416200 1352.4
1416210 1357.3
1416220 1362.2
1416230 1367.1
1416240 1367.1
1416250 1373.2
1416260 1378.9
1416270 1378.9
1416280 1384.7
1416290 1390.2
1416300 1390.2
1416310 1394.6
1416320 1399.0
1416330 1399.0
1416340 1405.6
1416350 1414.4
1416360 1414.4
1416370 1422.7
1416380 1429.4
1416390 1435.5
1416400 1435.5
1416410 1441.7
1416420 1448.1
1416430 1448.1
1416440 1455.5
1416450 1462.2
1416460 1462.2
1416470 1468.9
1416480 1475.5
1416490 1475.5
1416500 1482.1
1416510 1488.5
1416520 1488.5
1416530 1495.5
1416540 1503.2
1416550 1503.2
1416560 1510.5
1416570 1518.4
1416580 1526.8
1416590 1526.8
1416600 1536.3
1416610 1544.2
1416620 1544.2
1416630 1550.0
1416640 1555.1
1416650 1555.1
1416660 1560.4
1416670 1564.9
1416680 1564.9
1416690 1569.6
1416700 1574.8
1416710 1574.8
1416720 1580.4
1416730 1585.2
1416740 1589.3
1416750 1589.3
1416760 1593.6
1416770 1598.1
1416780 1598.1
1416790 1602.0
1416800 1608.4
1416810 1608.4
1416820 1615.6
1416830 1620.8
1416840 1620.8
1416850 1624.2
1416860 1628.7
1416870 1628.7
1416880 1632.5
1416890 1637.9
1416900 1644.4
1416910 1644.4
1416920 1650.1
1416930 1654.9
1416940 1654.9
1416950 1659.7
1416960 1667.2
1416970 1667.2
1416980 1669.9
1416990 1670.6
1417000 1670.6
1417010 1672.2
1417020 1675.6
1417030 1675.6
1417040 1680.6
1417050 1686.9
1417060 1693.7
1417070 1693.7
1417080 1699.7
1417090 1706.0
1417100 1706.0
1417110 1712.3
1417120 1719.0
1417130 1719.0
1417140 1726.4
1417150 1735.1
1417160 1735.1
1417170 1741.9
1417180 1745.8
1417190 1745.8
1417200 1748.7
1417210 1751.9
1417220 1754.2
1417230 1754.2
1417240 1754.5
1417250 1753.8
1417260 1753.8
1417270 1754.3
1417280 1754.2
1417290 1754.2
1417300 1752.6
1417310 1745.6
1417320 1745.6
1417330 1737.0
1417340 1729.8
1417350 1729.8
1417360 1723.1
1417370 1715.6
1417380 1703.4
1417390 1703.4
1417400 1690.9
1417410 1676.8
1417420 1676.8
1417430 1667.8
1417440 1659.6
1417450 1659.6
1417460 1649.8
1417470 1639.8
1417480 1639.8
1417490 1630.2
1417500 1626.4
1417510 1626.4
1417520 1620.4
1417530 1609.1
1417540 1597.7
1417550 1597.7
1417560 1587.4
1417570 1578.1
1417580 1578.1
1417590 1569.2
1417600 1561.3
1417610 1561.3
1417620 1554.8
1417630 1548.3
1417640 1548.3
1417650 1542.5
1417660 1536.7
1417670 1536.7
1417680 1530.7
1417690 1524.6
1417700 1518.6
1417710 1518.6
1417720 1512.6
1417730 1506.8
1417740 1506.8
1417750 1501.0
1417760 1495.2
1417770 1495.2
1417780 1489.1
1417790 1484.8
1417800 1484.8
1417810 1478.6
1417820 1472.9
1417830 1472.9
1417840 1467.5
1417850 1462.1
1417860 1462.1
1417870 1456.5
1417880 1450.4
1417890 1444.5
1417900 1444.5
1417910 1439.0
1417920 1433.4
1417930 1433.4
1417940 1427.2
1417950 1420.3
1417960 1420.3
1417970 1411.4
1417980 1403.7
1417990 1403.7
1418000 1397.1
1418010 1392.0
1418020 1392.0
1418030 1389.5
1418040 1387.0
1418050 1388.1
1418060 1388.1
1418070 1393.1
1418080 1399.8
1418090 1399.8
1418100 1406.8
1418110 1412.6
1418120 1412.6
1418130 1418.1
1418140 1423.3
1418150 1423.3
1418160 1428.5
1418170 1434.4
1418180 1434.4
1418190 1441.1
1418200 1447.6
1418210 1453.8
1418220 1453.8
1418230 1459.8
1418240 1466.1
1418250 1466.1
1418260 1472.7
1418270 1479.5
1418280 1479.5
1418290 1486.8
1418300 1493.1
1418310 1493.1
1418320 1500.5
1418330 1508.0
1418340 1508.0
1418350 1513.1
1418360 1519.3
1418370 1524.4
1418380 1524.4
1418390 1530.7
1418400 1537.7
1418410 1537.7
1418420 1543.0
1418430 1546.9
1418440 1546.9
1418450 1553.9
1418460 1562.4
1418470 1562.4
1418480 1570.0
1418490 1575.6
1418500 1575.6
1418510 1579.7
1418520 1582.9
1418530 1587.1
1418540 1587.1
1418550 1593.6
1418560 1599.9
1418570 1599.9
1418580 1605.5
1418590 1610.4
1418600 1610.4
1418610 1613.6
1418620 1614.7
1418630 1614.7
1418640 1615.8
1418650 1617.4
1418660 1617.4
1418670 1619.8
1418680 1622.5
1418690 1625.5
1418700 1625.5
1418710 1628.3
1418720 1630.5
1418730 1630.5
1418740 1632.8
1418750 1635.6
1418760 1635.6
1418770 1639.6
1418780 1644.2
1418790 1644.2
1418800 1649.6
1418810 1655.8
1418820 1655.8
1418830 1661.5
1418840 1668.7
1418850 1673.3
1418860 1673.3
1418870 1678.5
1418880 1681.8
1418890 1681.8
1418900 1685.9
1418910 1690.3
1418920 1690.3
1418930 1694.8
1418940 1699.4
1418950 1699.4
1418960 1704.3
1418970 1709.6
1418980 1709.6
1418990 1715.6
1419000 1721.6
1419010 1727.3
1419020 1727.3
1419030 1732.5
1419040 1737.3
1419050 1737.3
1419060 1741.6
1419070 1745.8
1419080 1745.8
1419090 1750.0
1419100 1754.0
1419110 1754.0
1419120 1758.6
1419130 1762.7
1419140 1762.7
1419150 1765.4
1419160 1767.2
1419170 1768.6
1419180 1768.6
1419190 1770.0
1419200 1771.5
1419210 1771.5
1419220 1772.6
1419230 1773.9
1419240 1773.9
1419250 1775.8
1419260 1778.7
1419270 1778.7
1419280 1781.5
1419290 1783.6
1419300 1783.6
1419310 1785.1
1419320 1786.9
1419330 1786.9
1419340 1788.3
1419350 1789.8
1419360 1791.2
1419370 1791.2
1419380 1791.9
1419390 1792.0
1419400 1792.0
1419410 1791.2
1419420 1789.3
1419430 1789.3
1419440 1787.1
1419450 1785.7
1419460 1785.7
1419470 1784.7
1419480 1783.9
1419490 1783.9
1419500 1783.0
1419510 1782.2
1419520 1781.2
1419530 1781.2
1419540 1779.8
1419550 1777.5
1419560 1777.5
1419570 1774.0
1419580 1769.7
1419590 1769.7
1419600 1765.9
1419610 1762.9
1419620 1762.9
1419630 1760.0
1419640 1756.1
1419650 1756.1
1419660 1751.7
1419670 1747.2
1419680 1742.6
1419690 1742.6
1419700 1738.6
1419710 1734.5
1419720 1734.5
1419730 1730.1
1419740 1725.6
1419750 1725.6
1419760 1720.9
1419770 1715.4
1419780 1715.4
1419790 1709.7
1419800 1703.5
1419810 1703.5
1419820 1697.0
1419830 1689.3
1419840 1682.1
1419850 1682.1
1419860 1675.3
1419870 1668.5
1419880 1668.5
1419890 1660.9
1419900 1653.5
1419910 1653.5
1419920 1646.1
1419930 1638.8
1419940 1638.8
1419950 1631.6
1419960 1623.7
1419970 1623.7
1419980 1615.3
1419990 1605.2
