1400000 2172.5
1400010 2172.5
1400020 2175.8
1400030 2180.0
1400040 2180.0
1400050 2184.6
1400060 2189.1
1400070 2189.1
1400080 2194.8
1400090 2201.0
1400100 2201.0
1400110 2207.3
1400120 2213.8
1400130 2220.4
1400140 2220.4
1400150 2227.5
1400160 2230.2
1400170 2230.2
1400180 2236.6
1400190 2243.1
1400200 2243.1
1400210 2249.9
1400220 2257.6
1400230 2257.6
1400240 2265.0
1400250 2271.9
1400260 2271.9
1400270 2278.3
1400280 2284.5
1400290 2289.8
1400300 2289.8
1400310 2295.4
1400320 2300.5
1400330 2300.5
1400340 2302.8
1400350 2299.2
1400360 2299.2
1400370 2293.9
1400380 2287.7
1400390 2287.7
1400400 2281.1
1400410 2274.0
1400420 2274.0
1400430 2266.8
1400440 2259.3
1400450 2250.2
1400460 2250.2
1400470 2242.3
1400480 2235.3
1400490 2235.3
1400500 2226.3
1400510 2216.5
1400520 2216.5
1400530 2208.4
1400540 2200.5
1400550 2200.5
1400560 2192.5
1400570 2184.3
1400580 2184.3
1400590 2176.5
1400600 2169.8
1400610 2162.5
1400620 2162.5
1400630 2155.2
1400640 2147.9
1400650 2147.9
1400660 2140.7
1400670 2133.7
1400680 2133.7
1400690 2126.5
1400700 2118.7
1400710 2118.7
1400720 2111.5
1400730 2105.4
1400740 2105.4
1400750 2098.6
1400760 2090.9
1400770 2083.0
1400780 2083.0
1400790 2074.1
1400800 2064.2
1400810 2064.2
1400820 2055.8
1400830 2048.0
1400840 2048.0
1400850 2040.0
1400860 2032.1
1400870 2032.1
1400880 2024.2
1400890 2016.7
1400900 2016.7
1400910 2010.1
1400920 2004.8
1400930 1999.5
1400940 1999.5
1400950 1994.4
1400960 1989.4
1400970 1989.4
1400980 1984.6
1400990 1980.2
1401000 1980.2
1401010 1975.2
1401020 1970.0
1401030 1970.0
1401040 1963.2
1401050 1956.3
1401060 1956.3
1401070 1949.7
1401080 1942.9
1401090 1936.5
1401100 1936.5
1401110 1931.0
1401120 1925.7
1401130 1925.7
1401140 1920.1
1401150 1914.5
1401160 1914.5
1401170 1909.0
1401180 1903.6
1401190 1903.6
1401200 1898.3
1401210 1893.0
1401220 1893.0
1401230 1887.5
1401240 1881.9
1401250 1876.5
1401260 1876.5
1401270 1870.8
1401280 1865.2
1401290 1865.2
1401300 1860.5
1401310 1855.4
1401320 1855.4
1401330 1849.6
1401340 1843.7
1401350 1843.7
1401360 1838.9
1401370 1834.8
1401380 1834.8
1401390 1830.8
1401400 1826.0
1401410 1826.0
1401420 1821.1
1401430 1815.3
1401440 1809.8
1401450 1809.8
1401460 1805.0
1401470 1801.3
1401480 1801.3
1401490 1797.5
1401500 1791.3
1401510 1791.3
1401520 1784.1
1401530 1776.7
1401540 1776.7
1401550 1771.3
1401560 1767.9
1401570 1767.9
1401580 1764.4
1401590 1758.1
1401600 1755.4
1401610 1755.4
1401620 1753.6
1401630 1747.8
1401640 1747.8
1401650 1740.0
1401660 1729.1
1401670 1729.1
1401680 1724.3
1401690 1720.4
1401700 1720.4
1401710 1715.3
1401720 1708.9
1401730 1708.9
1401740 1704.8
1401750 1700.1
1401760 1695.6
1401770 1695.6
1401780 1691.8
1401790 1686.6
1401800 1686.6
1401810 1679.5
1401820 1672.9
1401830 1672.9
1401840 1666.9
1401850 1661.4
1401860 1661.4
1401870 1657.2
1401880 1653.9
1401890 1653.9
1401900 1651.8
1401910 1650.6
1401920 1647.7
1401930 1647.7
1401940 1642.8
1401950 1636.1
1401960 1636.1
1401970 1628.7
1401980 1621.6
1401990 1621.6
1402000 1614.7
1402010 1608.4
1402020 1608.4
1402030 1605.5
1402040 1610.3
1402050 1610.3
1402060 1620.6
1402070 1623.6
1402080 1619.8
1402090 1619.8
1402100 1613.2
1402110 1603.2
1402120 1603.2
1402130 1592.8
1402140 1583.1
1402150 1583.1
1402160 1578.2
1402170 1571.1
1402180 1571.1
1402190 1561.6
1402200 1552.9
1402210 1552.9
1402220 1546.2
1402230 1537.5
1402240 1528.1
1402250 1528.1
1402260 1518.8
1402270 1509.9
1402280 1509.9
1402290 1502.2
1402300 1495.9
1402310 1495.9
1402320 1490.7
1402330 1485.9
1402340 1485.9
1402350 1480.1
1402360 1474.1
1402370 1474.1
1402380 1468.3
1402390 1462.6
1402400 1456.8
1402410 1456.8
1402420 1451.3
1402430 1445.8
1402440 1445.8
1402450 1440.2
1402460 1434.7
1402470 1434.7
1402480 1431.5
1402490 1431.0
1402500 1431.0
1402510 1430.5
1402520 1430.2
1402530 1430.2
1402540 1429.3
1402550 1427.9
1402560 1426.2
1402570 1426.2
1402580 1425.4
1402590 1426.5
1402600 1426.5
1402610 1428.2
1402620 1428.1
1402630 1428.1
1402640 1427.3
1402650 1426.9
1402660 1426.9
1402670 1429.1
1402680 1432.1
1402690 1432.1
1402700 1434.7
1402710 1437.8
1402720 1437.8
1402730 1443.2
1402740 1449.8
1402750 1455.5
1402760 1455.5
1402770 1460.8
1402780 1465.8
1402790 1465.8
1402800 1470.5
1402810 1476.0
1402820 1476.0
1402830 1483.1
1402840 1490.1
1402850 1490.1
1402860 1496.4
1402870 1503.1
1402880 1503.1
1402890 1509.2
1402900 1514.9
1402910 1521.0
1402920 1521.0
1402930 1527.1
1402940 1534.2
1402950 1534.2
1402960 1541.0
1402970 1545.9
1402980 1545.9
1402990 1550.8
1403000 1556.9
1403010 1556.9
1403020 1563.2
1403030 1569.7
1403040 1569.7
1403050 1578.4
1403060 1584.8
1403070 1589.6
1403080 1589.6
1403090 1595.1
1403100 1600.3
1403110 1600.3
1403120 1605.2
1403130 1609.3
1403140 1609.3
1403150 1613.1
1403160 1616.8
1403170 1616.8
1403180 1619.8
1403190 1623.3
1403200 1627.4
1403210 1632.4
1403220 1637.6
1403230 1642.8
1403240 1642.8
1403250 1647.8
1403260 1652.6
1403270 1652.6
1403280 1658.4
1403290 1664.6
1403300 1664.6
1403310 1670.3
1403320 1676.0
1403330 1676.0
1403340 1681.2
1403350 1686.2
1403360 1686.2
1403370 1691.9
1403380 1698.4
1403390 1704.6
1403400 1704.6
1403410 1711.1
1403420 1720.8
1403430 1720.8
1403440 1732.3
1403450 1748.8
1403460 1748.8
1403470 1766.5
1403480 1776.5
1403490 1776.5
1403500 1784.0
1403510 1792.2
1403520 1792.2
1403530 1800.2
1403540 1811.4
1403550 1825.7
1403560 1825.7
1403570 1834.5
1403580 1842.7
1403590 1842.7
1403600 1850.0
1403610 1856.7
1403620 1856.7
1403630 1861.2
1403640 1863.4
1403650 1863.4
1403660 1867.6
1403670 1872.2
1403680 1872.2
1403690 1875.2
1403700 1878.0
1403710 1881.9
1403720 1881.9
1403730 1885.6
1403740 1888.7
1403750 1888.7
1403760 1891.1
1403770 1892.1
1403780 1892.1
1403790 1892.0
1403800 1894.0
1403810 1894.0
1403820 1897.1
1403830 1902.8
1403840 1902.8
1403850 1906.7
1403860 1910.4
1403870 1913.8
1403880 1913.8
1403890 1916.6
1403900 1920.6
1403910 1920.6
1403920 1924.5
1403930 1928.0
1403940 1928.0
1403950 1931.8
1403960 1934.9
1403970 1934.9
1403980 1937.9
1403990 1941.2
1404000 1941.2
1404010 1945.5
1404020 1947.0
1404030 1947.0
1404040 1943.3
1404050 1938.5
1404060 1938.1
1404070 1938.1
1404080 1941.0
1404090 1944.5
1404100 1944.5
1404110 1948.4
1404120 1951.5
1404130 1951.5
1404140 1954.2
1404150 1957.7
1404160 1957.7
1404170 1961.8
1404180 1965.9
1404190 1965.9
1404200 1970.1
1404210 1974.0
1404220 1977.2
1404230 1977.2
1404240 1979.3
1404250 1979.7
1404260 1979.7
1404270 1979.0
1404280 1976.2
1404290 1976.2
1404300 1975.3
1404310 1973.4
1404320 1973.4
1404330 1969.0
1404340 1964.0
1404350 1964.0
1404360 1961.8
1404370 1960.3
1404380 1959.2
1404390 1959.2
1404400 1959.4
1404410 1959.8
1404420 1959.8
1404430 1959.4
1404440 1957.2
1404450 1957.2
1404460 1956.0
1404470 1955.4
1404480 1955.4
1404490 1953.9
1404500 1951.8
1404510 1951.8
1404520 1950.1
1404530 1948.4
1404540 1946.4
1404550 1946.4
1404560 1943.7
1404570 1940.7
1404580 1940.7
1404590 1937.7
1404600 1934.4
1404610 1934.4
1404620 1930.7
1404630 1927.5
1404640 1927.5
1404650 1924.3
1404660 1919.8
1404670 1919.8
1404680 1913.8
1404690 1907.1
1404700 1900.1
1404710 1900.1
1404720 1893.8
1404730 1888.5
1404740 1888.5
1404750 1884.2
1404760 1882.3
1404770 1882.3
1404780 1878.6
1404790 1874.3
1404800 1874.3
1404810 1869.4
1404820 1864.9
1404830 1864.9
1404840 1861.3
1404850 1857.6
1404860 1852.7
1404870 1852.7
1404880 1847.7
1404890 1843.3
1404900 1843.3
1404910 1837.4
1404920 1830.5
1404930 1830.5
1404940 1824.4
1404950 1819.1
1404960 1819.1
1404970 1812.8
1404980 1805.6
1404990 1805.6
1405000 1800.8
1405010 1797.0
1405020 1791.7
1405030 1791.7
1405040 1783.9
1405050 1776.0
1405060 1776.0
1405070 1769.5
1405080 1763.8
1405090 1763.8
1405100 1760.6
1405110 1756.5
1405120 1756.5
1405130 1752.7
1405140 1750.6
1405150 1750.6
1405160 1745.1
1405170 1736.8
1405180 1727.2
1405190 1727.2
1405200 1714.5
1405210 1704.4
1405220 1704.4
1405230 1698.1
1405240 1685.9
1405250 1685.9
1405260 1673.8
1405270 1664.2
1405280 1664.2
1405290 1658.7
1405300 1651.2
1405310 1651.2
1405320 1644.5
1405330 1635.8
1405340 1635.8
1405350 1624.2
1405360 1613.3
1405370 1602.6
1405380 1602.6
1405390 1594.5
1405400 1585.8
1405410 1585.8
1405420 1575.4
1405430 1566.8
1405440 1566.8
1405450 1558.3
1405460 1550.7
1405470 1550.7
1405480 1543.6
1405490 1536.9
1405500 1536.9
1405510 1530.7
1405520 1523.7
1405530 1517.5
1405540 1517.5
1405550 1510.2
1405560 1502.9
1405570 1502.9
1405580 1496.0
1405590 1489.3
1405600 1489.3
1405610 1483.2
1405620 1477.8
1405630 1477.8
1405640 1472.1
1405650 1465.8
1405660 1465.8
1405670 1461.8
1405680 1457.3
1405690 1453.2
1405700 1453.2
1405710 1450.8
1405720 1450.8
1405730 1450.8
1405740 1451.2
1405750 1450.6
1405760 1450.6
1405770 1449.9
1405780 1452.1
1405790 1452.1
1405800 1455.2
1405810 1458.2
1405820 1458.2
1405830 1460.8
1405840 1463.2
1405850 1466.2
1405860 1466.2
1405870 1469.5
1405880 1473.2
1405890 1473.2
1405900 1478.1
1405910 1483.6
1405920 1483.6
1405930 1489.0
1405940 1493.8
1405950 1493.8
1405960 1498.9
1405970 1503.9
1405980 1503.9
1405990 1508.7
1406000 1513.2
1406010 1518.9
1406020 1518.9
1406030 1525.2
1406040 1531.2
1406050 1531.2
1406060 1537.6
1406070 1544.9
1406080 1544.9
1406090 1556.8
1406100 1571.7
1406110 1571.7
1406120 1580.8
1406130 1589.6
1406140 1589.6
1406150 1597.4
1406160 1606.1
1406170 1615.1
1406180 1615.1
1406190 1622.0
1406200 1629.5
1406210 1629.5
1406220 1637.4
1406230 1646.2
1406240 1646.2
1406250 1655.3
1406260 1665.1
1406270 1665.1
1406280 1675.0
1406290 1684.2
1406300 1684.2
1406310 1693.3
1406320 1700.4
1406330 1705.2
1406340 1705.2
1406350 1708.7
1406360 1721.5
1406370 1721.5
1406380 1722.4
1406390 1723.3
1406400 1723.3
1406410 1725.0
1406420 1727.2
1406430 1727.2
1406440 1731.2
1406450 1738.1
1406460 1738.1
1406470 1747.9
1406480 1754.8
1406490 1758.4
1406500 1758.4
1406510 1763.3
1406520 1771.6
1406530 1771.6
1406540 1781.4
1406550 1790.3
1406560 1790.3
1406570 1798.6
1406580 1802.6
1406590 1802.6
1406600 1805.1
1406610 1808.3
1406620 1808.3
1406630 1813.8
1406640 1820.6
1406650 1820.6
1406660 1826.8
1406670 1831.0
1406680 1835.5
1406690 1835.5
1406700 1840.3
1406710 1844.6
1406720 1844.6
1406730 1847.9
1406740 1852.7
1406750 1852.7
1406760 1858.4
1406770 1862.6
1406780 1862.6
1406790 1866.4
1406800 1870.2
1406810 1870.2
1406820 1873.9
1406830 1877.9
1406840 1881.8
1406850 1881.8
1406860 1885.1
1406870 1887.7
1406880 1887.7
1406890 1890.0
1406900 1893.4
1406910 1893.4
1406920 1897.2
1406930 1900.7
1406940 1900.7
1406950 1904.7
1406960 1909.4
1406970 1909.4
1406980 1913.9
1406990 1918.3
1407000 1922.7
1407010 1922.7
1407020 1926.8
1407030 1930.2
1407040 1930.2
1407050 1932.5
1407060 1934.8
1407070 1934.8
1407080 1937.4
1407090 1939.2
1407100 1939.2
1407110 1940.7
1407120 1941.6
1407130 1941.6
1407140 1942.1
1407150 1943.3
1407160 1943.8
1407170 1943.8
1407180 1943.8
1407190 1944.3
1407200 1944.3
1407210 1945.3
1407220 1946.2
1407230 1946.2
1407240 1946.3
1407250 1945.5
1407260 1945.5
1407270 1944.5
1407280 1943.1
1407290 1943.1
1407300 1941.3
1407310 1939.2
1407320 1936.9
1407330 1936.9
1407340 1934.3
1407350 1931.6
1407360 1931.6
1407370 1929.2
1407380 1930.0
1407390 1930.0
1407400 1929.3
1407410 1927.0
1407420 1927.0
1407430 1923.9
1407440 1920.9
1407450 1920.9
1407460 1918.0
1407470 1914.8
1407480 1912.2
1407490 1912.2
1407500 1909.2
1407510 1905.8
1407520 1905.8
1407530 1902.5
1407540 1899.0
1407550 1899.0
1407560 1895.3
1407570 1890.6
1407580 1890.6
1407590 1885.9
1407600 1881.6
1407610 1881.6
1407620 1877.5
1407630 1873.2
1407640 1868.9
1407650 1868.9
1407660 1864.3
1407670 1860.5
1407680 1860.5
1407690 1857.5
1407700 1854.6
1407710 1854.6
1407720 1852.0
1407730 1848.4
1407740 1848.4
1407750 1844.4
1407760 1839.8
1407770 1839.8
1407780 1834.8
1407790 1829.2
1407800 1823.2
1407810 1823.2
1407820 1816.6
1407830 1809.3
1407840 1809.3
1407850 1802.8
1407860 1797.0
1407870 1797.0
1407880 1791.2
1407890 1784.5
1407900 1784.5
1407910 1778.5
1407920 1772.7
1407930 1772.7
1407940 1767.0
1407950 1761.7
1407960 1761.7
1407970 1756.4
1407980 1751.8
1407990 1745.9
1408000 1745.9
1408010 1739.8
1408020 1734.5
1408030 1734.5
1408040 1729.4
1408050 1722.5
1408060 1722.5
1408070 1713.5
1408080 1707.3
1408090 1707.3
1408100 1701.4
1408110 1696.5
1408120 1696.5
1408130 1692.1
1408140 1687.8
1408150 1682.9
1408160 1682.9
1408170 1677.2
1408180 1671.4
1408190 1671.4
1408200 1666.0
1408210 1660.1
1408220 1660.1
1408230 1653.0
1408240 1645.9
1408250 1645.9
1408260 1637.9
1408270 1629.9
1408280 1629.9
1408290 1622.5
1408300 1613.4
1408310 1603.4
1408320 1603.4
1408330 1594.8
1408340 1588.2
1408350 1588.2
1408360 1579.1
1408370 1569.5
1408380 1569.5
1408390 1559.0
1408400 1550.5
1408410 1550.5
1408420 1543.3
1408430 1536.4
1408440 1536.4
1408450 1529.9
1408460 1523.9
1408470 1518.2
1408480 1518.2
1408490 1512.3
1408500 1506.6
1408510 1506.6
1408520 1501.2
1408530 1496.0
1408540 1496.0
1408550 1491.4
1408560 1485.9
1408570 1485.9
1408580 1479.7
1408590 1474.3
1408600 1474.3
1408610 1467.0
1408620 1459.7
1408630 1452.4
1408640 1452.4
1408650 1448.2
1408660 1445.2
1408670 1445.2
1408680 1439.6
1408690 1433.4
1408700 1433.4
1408710 1428.7
1408720 1422.2
1408730 1422.2
1408740 1414.7
1408750 1407.6
1408760 1407.6
1408770 1400.9
1408780 1395.3
1408790 1388.7
1408800 1388.7
1408810 1382.4
1408820 1377.5
1408830 1377.5
1408840 1376.7
1408850 1379.6
1408860 1379.6
1408870 1384.0
1408880 1386.4
1408890 1386.4
1408900 1387.4
1408910 1388.7
1408920 1388.7
1408930 1392.5
1408940 1398.3
1408950 1404.3
1408960 1404.3
1408970 1410.2
1408980 1415.4
1408990 1415.4
1409000 1419.7
1409010 1423.0
1409020 1423.0
1409030 1426.8
1409040 1431.9
1409050 1431.9
1409060 1437.1
1409070 1442.2
1409080 1442.2
1409090 1447.9
1409100 1454.5
1409110 1461.9
1409120 1461.9
1409130 1470.5
1409140 1480.7
1409150 1480.7
1409160 1489.5
1409170 1497.4
1409180 1497.4
1409190 1505.2
1409200 1513.5
1409210 1513.5
1409220 1522.4
1409230 1531.2
1409240 1531.2
1409250 1540.1
1409260 1549.6
1409270 1549.6
1409280 1558.5
1409290 1566.8
1409300 1573.8
1409310 1573.8
1409320 1580.4
1409330 1585.8
1409340 1585.8
1409350 1592.7
1409360 1600.3
1409370 1600.3
1409380 1607.1
1409390 1613.7
1409400 1613.7
1409410 1622.7
1409420 1631.7
1409430 1631.7
1409440 1638.8
1409450 1645.9
1409460 1651.9
1409470 1651.9
1409480 1657.2
1409490 1664.5
1409500 1664.5
1409510 1672.6
1409520 1680.4
1409530 1680.4
1409540 1688.2
1409550 1695.8
1409560 1695.8
1409570 1706.3
1409580 1714.7
1409590 1714.7
1409600 1722.5
1409610 1729.3
1409620 1735.9
1409630 1735.9
1409640 1742.9
1409650 1748.9
1409660 1748.9
1409670 1754.4
1409680 1759.0
1409690 1759.0
1409700 1763.2
1409710 1767.3
1409720 1767.3
1409730 1773.8
1409740 1781.5
1409750 1781.5
1409760 1788.2
1409770 1792.0
1409780 1794.6
1409790 1794.6
1409800 1797.0
1409810 1799.9
1409820 1799.9
1409830 1804.2
1409840 1810.0
1409850 1810.0
1409860 1813.7
1409870 1815.9
1409880 1815.9
1409890 1818.3
1409900 1821.4
1409910 1821.4
1409920 1823.9
1409930 1826.1
1409940 1829.1
1409950 1829.1
1409960 1832.4
1409970 1836.2
1409980 1836.2
1409990 1838.5
1410000 1838.8
1410010 1838.8
1410020 1838.8
1410030 1838.3
1410040 1838.3
1410050 1837.0
1410060 1834.7
1410070 1834.7
1410080 1831.9
1410090 1828.6
1410100 1824.6
1410110 1824.6
1410120 1821.1
1410130 1817.3
1410140 1817.3
1410150 1812.7
1410160 1806.1
1410170 1806.1
1410180 1798.4
1410190 1790.6
1410200 1790.6
1410210 1783.2
1410220 1775.8
1410230 1775.8
1410240 1768.7
1410250 1761.6
1410260 1754.9
1410270 1754.9
1410280 1748.0
1410290 1742.6
1410300 1742.6
1410310 1738.1
1410320 1733.7
1410330 1733.7
1410340 1728.8
1410350 1723.5
1410360 1723.5
1410370 1718.2
1410380 1714.5
1410390 1714.5
1410400 1707.1
1410410 1696.1
1410420 1686.3
1410430 1686.3
1410440 1681.3
1410450 1676.4
1410460 1676.4
1410470 1668.5
1410480 1657.7
1410490 1657.7
1410500 1645.8
1410510 1636.2
1410520 1636.2
1410530 1623.6
1410540 1612.1
1410550 1612.1
1410560 1605.6
1410570 1597.4
1410580 1597.4
1410590 1588.3
1410600 1579.1
1410610 1567.9
1410620 1567.9
1410630 1559.6
1410640 1551.7
1410650 1551.7
1410660 1541.1
1410670 1530.6
1410680 1530.6
1410690 1521.5
1410700 1513.9
1410710 1513.9
1410720 1506.8
1410730 1499.7
1410740 1499.7
1410750 1493.6
1410760 1486.8
1410770 1479.9
1410780 1479.9
1410790 1472.9
1410800 1465.7
1410810 1465.7
1410820 1458.7
1410830 1451.9
1410840 1451.9
1410850 1445.3
1410860 1439.1
1410870 1439.1
1410880 1432.9
1410890 1426.5
1410900 1426.5
1410910 1420.5
1410920 1414.3
1410930 1408.4
1410940 1408.4
1410950 1403.0
1410960 1398.0
1410970 1398.0
1410980 1393.0
1410990 1388.7
1411000 1388.7
1411010 1384.9
1411020 1381.8
1411030 1381.8
1411040 1379.6
1411050 1379.2
1411060 1379.2
1411070 1378.5
1411080 1377.5
1411090 1376.8
1411100 1376.8
1411110 1376.6
1411120 1376.8
1411130 1376.8
1411140 1377.9
1411150 1379.8
1411160 1379.8
1411170 1382.6
1411180 1385.4
1411190 1385.4
1411200 1388.0
1411210 1390.6
1411220 1390.6
1411230 1393.9
1411240 1397.4
1411250 1401.0
1411260 1401.0
1411270 1404.7
1411280 1408.4
1411290 1408.4
1411300 1412.1
1411310 1415.9
1411320 1415.9
1411330 1419.8
1411340 1423.1
1411350 1423.1
1411360 1428.6
1411370 1434.6
1411380 1434.6
1411390 1440.5
1411400 1446.7
1411410 1452.7
1411420 1452.7
1411430 1459.2
1411440 1466.2
1411450 1466.2
1411460 1473.3
1411470 1481.1
1411480 1481.1
1411490 1489.0
1411500 1497.1
1411510 1497.1
1411520 1505.2
1411530 1513.0
1411540 1513.0
1411550 1521.8
1411560 1529.5
1411570 1538.0
1411580 1538.0
1411590 1548.3
1411600 1556.8
1411610 1556.8
1411620 1562.6
1411630 1568.6
1411640 1568.6
1411650 1573.6
1411660 1577.2
1411670 1577.2
1411680 1583.6
1411690 1584.3
1411700 1584.3
1411710 1598.4
1411720 1617.7
1411730 1621.5
1411740 1621.5
1411750 1626.5
1411760 1639.1
1411770 1639.1
1411780 1662.5
1411790 1675.9
1411800 1675.9
1411810 1687.8
1411820 1704.7
1411830 1704.7
1411840 1717.4
1411850 1726.0
1411860 1726.0
1411870 1734.7
1411880 1747.0
1411890 1747.0
1411900 1761.6
1411910 1774.9
1411920 1784.5
1411930 1784.5
1411940 1791.5
1411950 1795.3
1411960 1795.3
1411970 1800.2
1411980 1806.5
1411990 1806.5
1412000 1812.3
1412010 1819.3
1412020 1819.3
1412030 1828.1
1412040 1834.6
1412050 1834.6
1412060 1841.2
1412070 1847.9
1412080 1854.8
1412090 1854.8
1412100 1861.6
1412110 1867.2
1412120 1867.2
1412130 1870.6
1412140 1873.9
1412150 1873.9
1412160 1878.6
1412170 1884.6
1412180 1884.6
1412190 1890.5
1412200 1896.2
1412210 1896.2
1412220 1901.6
1412230 1907.1
1412240 1913.5
1412250 1913.5
1412260 1920.5
1412270 1928.2
1412280 1928.2
1412290 1933.9
1412300 1939.5
1412310 1939.5
1412320 1944.8
1412330 1949.9
1412340 1949.9
1412350 1955.3
1412360 1960.7
1412370 1960.7
1412380 1965.7
1412390 1969.6
1412400 1972.6
1412410 1972.6
1412420 1974.8
1412430 1976.4
1412440 1976.4
1412450 1977.7
1412460 1978.5
1412470 1978.5
1412480 1978.2
1412490 1977.2
1412500 1977.2
1412510 1972.9
1412520 1966.6
1412530 1966.6
1412540 1958.7
1412550 1952.2
1412560 1945.8
1412570 1945.8
1412580 1936.8
1412590 1927.2
1412600 1927.2
1412610 1918.4
1412620 1914.8
1412630 1914.8
1412640 1912.7
1412650 1904.1
1412660 1904.1
1412670 1895.8
1412680 1891.7
1412690 1891.7
1412700 1888.6
1412710 1886.7
1412720 1882.7
1412730 1882.7
1412740 1874.3
1412750 1865.6
1412760 1865.6
1412770 1857.3
1412780 1850.2
1412790 1850.2
1412800 1843.5
1412810 1836.1
1412820 1836.1
1412830 1829.3
1412840 1823.3
1412850 1823.3
1412860 1820.5
1412870 1820.8
1412880 1814.8
1412890 1814.8
1412900 1810.6
1412910 1813.5
1412920 1813.5
1412930 1817.3
1412940 1819.1
1412950 1819.1
1412960 1821.5
1412970 1822.0
1412980 1822.0
1412990 1821.4
1413000 1820.7
1413010 1820.7
1413020 1820.5
1413030 1820.0
1413040 1819.0
1413050 1819.0
1413060 1820.0
1413070 1823.7
1413080 1830.7
1413090 1833.0
1413100 1833.6
1413110 1833.6
1413120 1835.0
1413130 1835.9
1413140 1835.9
1413150 1837.1
1413160 1837.7
1413170 1837.7
1413180 1838.5
1413190 1839.4
1413200 1839.4
1413210 1840.4
1413220 1842.6
1413230 1844.6
1413240 1844.6
1413250 1847.5
1413260 1850.3
1413270 1850.3
1413280 1853.2
1413290 1856.3
1413300 1856.3
1413310 1860.0
1413320 1862.9
1413330 1862.9
1413340 1865.6
1413350 1868.7
1413360 1868.7
1413370 1872.8
1413380 1877.5
1413390 1882.4
1413400 1882.4
1413410 1887.3
1413420 1892.5
1413430 1892.5
1413440 1897.6
1413450 1902.5
1413460 1902.5
1413470 1907.0
1413480 1912.0
1413490 1912.0
1413500 1916.7
1413510 1921.3
1413520 1921.3
1413530 1925.6
1413540 1930.6
1413550 1935.7
1413560 1935.7
1413570 1940.7
1413580 1946.4
1413590 1946.4
1413600 1952.2
1413610 1957.5
1413620 1957.5
1413630 1962.0
1413640 1966.9
1413650 1966.9
1413660 1971.6
1413670 1975.3
1413680 1975.3
1413690 1978.8
1413700 1982.6
1413710 1986.4
1413720 1986.4
1413730 1990.5
1413740 1994.1
1413750 1994.1
1413760 1997.2
1413770 2000.2
1413780 2000.2
1413790 2003.4
1413800 2006.1
1413810 2006.1
1413820 2008.4
1413830 2009.9
1413840 2009.9
1413850 2011.2
1413860 2012.7
1413870 2014.4
1413880 2014.4
1413890 2015.5
1413900 2015.9
1413910 2015.9
1413920 2016.4
1413930 2017.0
1413940 2017.0
1413950 2017.3
1413960 2016.8
1413970 2016.8
1413980 2015.8
1413990 2014.9
1414000 2014.9
1414010 2013.9
1414020 2012.0
1414030 2008.2
1414040 2008.2
1414050 2003.8
1414060 1999.3
1414070 1999.3
1414080 1994.5
1414090 1989.3
1414100 1989.3
1414110 1983.8
1414120 1979.7
1414130 1979.7
1414140 1976.9
1414150 1973.8
1414160 1973.8
1414170 1970.4
1414180 1967.2
1414190 1964.0
1414200 1964.0
1414210 1961.1
1414220 1957.8
1414230 1957.8
1414240 1954.2
1414250 1950.5
1414260 1950.5
1414270 1945.4
1414280 1939.4
1414290 1939.4
1414300 1933.2
1414310 1926.6
1414320 1926.6
1414330 1920.0
1414340 1912.8
1414350 1905.6
1414360 1905.6
1414370 1897.7
1414380 1892.2
1414390 1892.2
1414400 1885.8
1414410 1877.8
1414420 1877.8
1414430 1868.0
1414440 1859.9
1414450 1859.9
1414460 1853.2
1414470 1847.5
1414480 1847.5
1414490 1839.6
1414500 1832.2
1414510 1832.2
1414520 1826.3
1414530 1818.6
1414540 1811.4
1414550 1811.4
1414560 1804.3
1414570 1798.1
1414580 1798.1
1414590 1792.7
1414600 1788.7
1414610 1788.7
1414620 1784.6
1414630 1779.6
1414640 1779.6
1414650 1775.5
1414660 1769.6
1414670 1769.6
1414680 1764.4
1414690 1759.8
1414700 1754.0
1414710 1754.0
1414720 1751.2
1414730 1749.6
1414740 1749.6
1414750 1743.3
1414760 1738.3
1414770 1738.3
1414780 1737.4
1414790 1734.5
1414800 1734.5
1414810 1731.0
1414820 1727.8
1414830 1727.8
1414840 1725.4
1414850 1719.6
1414860 1713.6
1414870 1706.0
1414880 1701.7
1414890 1696.2
1414900 1696.2
1414910 1692.1
1414920 1686.0
1414930 1686.0
1414940 1678.6
1414950 1670.5
1414960 1670.5
1414970 1663.9
1414980 1657.4
1414990 1657.4
1415000 1649.4
1415010 1640.3
1415020 1631.4
1415030 1631.4
1415040 1626.7
1415050 1622.0
1415060 1622.0
1415070 1616.8
1415080 1612.7
1415090 1612.7
1415100 1606.0
1415110 1597.9
1415120 1597.9
1415130 1588.8
1415140 1579.8
1415150 1579.8
1415160 1571.4
1415170 1562.9
1415180 1552.7
1415190 1552.7
1415200 1544.5
1415210 1539.1
1415220 1539.1
1415230 1535.9
1415240 1535.0
1415250 1535.0
1415260 1532.2
1415270 1524.6
1415280 1524.6
1415290 1513.9
1415300 1504.4
1415310 1504.4
1415320 1496.8
1415330 1489.8
1415340 1482.5
1415350 1482.5
1415360 1474.5
1415370 1465.7
1415380 1465.7
1415390 1456.6
1415400 1446.9
1415410 1446.9
1415420 1437.7
1415430 1430.1
1415440 1430.1
1415450 1423.1
1415460 1417.7
1415470 1417.7
1415480 1413.8
1415490 1411.0
1415500 1409.1
1415510 1409.1
1415520 1405.0
1415530 1400.5
1415540 1400.5
1415550 1395.9
1415560 1391.6
1415570 1391.6
1415580 1386.3
1415590 1380.9
1415600 1380.9
1415610 1375.7
1415620 1369.9
1415630 1369.9
1415640 1363.3
1415650 1356.0
1415660 1349.1
1415670 1349.1
1415680 1343.3
1415690 1338.6
1415700 1338.6
1415710 1333.9
1415720 1328.3
1415730 1328.3
1415740 1322.5
1415750 1318.4
1415760 1318.4
1415770 1316.9
1415780 1315.9
1415790 1315.9
1415800 1314.7
1415810 1312.9
1415820 1311.1
1415830 1311.1
1415840 1309.3
1415850 1307.3
1415860 1307.3
1415870 1305.3
1415880 1303.2
1415890 1303.2
1415900 1301.2
1415910 1298.9
1415920 1298.9
1415930 1295.7
1415940 1291.2
1415950 1291.2
1415960 1286.5
1415970 1280.2
1415980 1280.2
1415990 1277.3
1416000 1276.3
1416010 1275.7
1416020 1275.7
1416030 1274.9
1416040 1273.7
1416050 1273.7
1416060 1271.9
1416070 1271.0
1416080 1271.0
1416090 1274.5
1416100 1278.7
1416110 1278.7
1416120 1281.8
1416130 1282.6
1416140 1282.6
1416150 1280.7
1416160 1280.2
1416170 1280.5
1416180 1280.5
1416190 1281.8
1416200 1283.8
1416210 1283.8
1416220 1286.3
1416230 1290.5
1416240 1290.5
1416250 1295.7
1416260 1300.5
1416270 1300.5
1416280 1306.5
1416290 1313.2
1416300 1313.2
1416310 1319.1
1416320 1324.0
1416330 1327.3
1416340 1327.3
1416350 1331.2
1416360 1335.5
1416370 1335.5
1416380 1339.9
1416390 1344.7
1416400 1344.7
1416410 1349.5
1416420 1354.9
1416430 1354.9
1416440 1358.8
1416450 1364.0
1416460 1364.0
1416470 1368.7
1416480 1373.1
1416490 1378.2
1416500 1378.2
1416510 1382.9
1416520 1388.8
1416530 1388.8
1416540 1395.9
1416550 1403.3
1416560 1403.3
1416570 1409.9
1416580 1416.6
1416590 1416.6
1416600 1423.2
1416610 1430.4
1416620 1430.4
1416630 1437.2
1416640 1444.2
1416650 1450.4
1416660 1450.4
1416670 1456.5
1416680 1460.8
1416690 1460.8
1416700 1470.5
1416710 1473.6
1416720 1473.6
1416730 1477.7
1416740 1483.2
1416750 1483.2
1416760 1488.5
1416770 1493.2
1416780 1493.2
1416790 1497.1
1416800 1500.3
1416810 1500.5
1416820 1500.5
1416830 1501.3
1416840 1504.1
1416850 1504.1
1416860 1507.1
1416870 1512.0
1416880 1512.0
1416890 1517.3
1416900 1521.7
1416910 1521.7
1416920 1526.3
1416930 1532.7
1416940 1532.7
1416950 1540.4
1416960 1548.9
1416970 1558.6
1416980 1558.6
1416990 1567.9
1417000 1576.7
1417010 1576.7
1417020 1584.7
1417030 1593.2
1417040 1593.2
1417050 1599.2
1417060 1606.6
1417070 1606.6
1417080 1613.8
1417090 1620.3
1417100 1620.3
1417110 1626.4
1417120 1632.8
1417130 1639.5
1417140 1639.5
1417150 1645.8
1417160 1651.6
1417170 1651.6
1417180 1655.7
1417190 1659.2
1417200 1659.2
1417210 1663.9
1417220 1668.2
1417230 1668.2
1417240 1671.3
1417250 1673.8
1417260 1673.8
1417270 1675.9
1417280 1677.1
1417290 1677.1
1417300 1677.3
1417310 1675.6
1417320 1670.9
1417330 1670.9
1417340 1665.2
1417350 1661.3
1417360 1661.3
1417370 1657.7
1417380 1651.5
1417390 1651.5
1417400 1643.3
1417410 1636.2
1417420 1636.2
1417430 1626.9
1417440 1616.7
1417450 1616.7
1417460 1606.2
1417470 1591.3
1417480 1578.5
1417490 1578.5
1417500 1568.5
1417510 1558.2
1417520 1558.2
1417530 1548.6
1417540 1539.2
1417550 1539.2
1417560 1530.7
1417570 1523.4
1417580 1523.4
1417590 1516.4
1417600 1511.2
1417610 1511.2
1417620 1506.9
1417630 1503.4
1417640 1499.8
1417650 1499.8
1417660 1495.5
1417670 1491.3
1417680 1491.3
1417690 1485.7
1417700 1479.4
1417710 1479.4
1417720 1472.9
1417730 1465.9
1417740 1465.9
1417750 1458.6
1417760 1450.9
1417770 1450.9
1417780 1443.8
1417790 1437.1
1417800 1431.9
1417810 1431.9
1417820 1428.6
1417830 1425.1
1417840 1425.1
1417850 1420.8
1417860 1416.7
1417870 1416.7
1417880 1411.2
1417890 1405.0
1417900 1405.0
1417910 1400.7
1417920 1394.9
1417930 1394.9
1417940 1389.6
1417950 1384.5
1417960 1379.4
1417970 1379.4
1417980 1374.5
1417990 1369.8
1418000 1369.8
1418010 1366.1
1418020 1363.5
1418030 1363.5
1418040 1362.3
1418050 1361.8
1418060 1361.8
1418070 1361.2
1418080 1359.1
1418090 1359.1
1418100 1358.2
1418110 1356.2
1418120 1359.4
1418130 1359.4
1418140 1364.0
1418150 1367.7
1418160 1367.7
1418170 1370.9
1418180 1373.4
1418190 1373.4
1418200 1377.6
1418210 1381.7
1418220 1381.7
1418230 1386.5
1418240 1391.8
1418250 1391.8
1418260 1396.7
1418270 1402.6
1418280 1408.2
1418290 1408.2
1418300 1412.1
1418310 1415.1
1418320 1415.1
1418330 1419.6
1418340 1425.0
1418350 1425.0
1418360 1431.8
1418370 1439.5
1418380 1439.5
1418390 1446.4
1418400 1453.0
1418410 1453.0
1418420 1459.4
1418430 1465.4
1418440 1471.1
1418450 1471.1
1418460 1477.3
1418470 1483.2
1418480 1483.2
1418490 1489.6
1418500 1496.3
1418510 1496.3
1418520 1502.6
1418530 1508.3
1418540 1508.3
1418550 1514.0
1418560 1519.7
1418570 1519.7
1418580 1530.8
1418590 1537.6
1418600 1537.6
1418610 1543.3
1418620 1547.8
1418630 1553.5
1418640 1553.5
1418650 1559.7
1418660 1565.5
1418670 1565.5
1418680 1570.7
1418690 1576.7
1418700 1576.7
1418710 1581.8
1418720 1585.1
1418730 1585.1
1418740 1589.1
1418750 1592.5
1418760 1592.5
1418770 1596.0
1418780 1598.4
1418790 1601.2
1418800 1601.2
1418810 1604.7
1418820 1608.8
1418830 1608.8
1418840 1612.4
1418850 1615.5
1418860 1615.5
1418870 1618.3
1418880 1621.3
1418890 1621.3
1418900 1625.2
1418910 1629.3
1418920 1629.3
1418930 1633.7
1418940 1638.0
1418950 1642.5
1418960 1642.5
1418970 1646.6
1418980 1651.0
1418990 1651.0
1419000 1655.3
1419010 1658.5
1419020 1658.5
1419030 1661.2
1419040 1663.5
1419050 1663.5
1419060 1665.7
1419070 1667.1
1419080 1667.1
1419090 1668.9
1419100 1671.3
1419110 1673.8
1419120 1673.8
1419130 1674.1
1419140 1673.0
1419150 1673.0
1419160 1671.9
1419170 1670.7
1419180 1670.7
1419190 1669.7
1419200 1669.9
1419210 1669.9
1419220 1671.1
1419230 1672.5
1419240 1672.5
1419250 1674.0
1419260 1675.1
1419270 1676.9
1419280 1676.9
1419290 1678.6
1419300 1679.6
1419310 1679.6
1419320 1680.2
1419330 1681.3
1419340 1681.3
1419350 1682.3
1419360 1682.9
1419370 1682.9
1419380 1683.7
1419390 1683.8
1419400 1683.8
1419410 1683.5
1419420 1683.2
1419430 1682.6
1419440 1682.6
1419450 1681.3
1419460 1679.0
1419470 1679.0
1419480 1675.4
1419490 1672.8
1419500 1672.8
1419510 1671.1
1419520 1670.0
1419530 1670.0
1419540 1668.9
1419550 1666.9
1419560 1666.9
1419570 1665.6
1419580 1664.5
1419590 1662.7
1419600 1662.7
1419610 1660.5
1419620 1658.8
1419630 1658.8
1419640 1656.9
1419650 1654.5
1419660 1654.5
1419670 1651.4
1419680 1648.4
1419690 1648.4
1419700 1645.5
1419710 1642.3
1419720 1642.3
1419730 1638.9
1419740 1634.6
1419750 1629.2
1419760 1629.2
1419770 1624.3
1419780 1619.9
1419790 1619.9
1419800 1615.2
1419810 1610.3
1419820 1610.3
1419830 1604.9
1419840 1599.7
1419850 1599.7
1419860 1594.3
1419870 1588.6
1419880 1588.6
1419890 1583.2
1419900 1578.1
1419910 1578.1
1419920 1572.5
1419930 1566.2
1419940 1560.2
1419950 1560.2
1419960 1554.8
1419970 1549.2
1419980 1549.2
1419990 1542.9
