1400000 2085.9
1400010 2090.4
1400020 2090.4
1400030 2093.4
1400040 2095.2
1400050 2098.6
1400060 2098.6
1400070 2102.2
1400080 2105.9
1400090 2105.9
1400100 2108.5
1400110 2109.6
1400120 2109.6
1400130 2110.4
1400140 2112.1
1400150 2112.1
1400160 2113.4
1400170 2113.3
1400180 2113.3
1400190 2114.6
1400200 2116.1
1400210 2116.1
1400220 2117.6
1400230 2119.2
1400240 2120.5
1400250 2120.5
1400260 2121.3
1400270 2122.3
1400280 2122.3
1400290 2123.4
1400300 2125.1
1400310 2125.1
1400320 2127.5
1400330 2130.2
1400340 2130.2
1400350 2132.5
1400360 2133.7
1400370 2133.7
1400380 2134.3
1400390 2134.5
1400400 2134.4
1400410 2134.4
1400420 2134.9
1400430 2136.8
1400440 2136.8
1400450 2139.6
1400460 2144.2
1400470 2144.2
1400480 2148.9
1400490 2155.6
1400500 2155.6
1400510 2161.6
1400520 2164.5
1400530 2164.5
1400540 2165.3
1400550 2166.1
1400560 2166.8
1400570 2166.8
1400580 2167.6
1400590 2169.0
1400600 2169.0
1400610 2169.1
1400620 2167.9
1400630 2167.9
1400640 2165.4
1400650 2162.0
1400660 2162.0
1400670 2157.2
1400680 2153.4
1400690 2153.4
1400700 2150.0
1400710 2147.0
1400720 2145.0
1400730 2145.0
1400740 2142.6
1400750 2141.5
1400760 2141.5
1400770 2141.0
1400780 2139.6
1400790 2139.6
1400800 2138.1
1400810 2135.2
1400820 2135.2
1400830 2131.4
1400840 2128.5
1400850 2128.5
1400860 2125.1
1400870 2123.6
1400880 2122.7
1400890 2122.7
1400900 2122.3
1400910 2120.8
1400920 2120.8
1400930 2117.9
1400940 2114.6
1400950 2114.6
1400960 2111.7
1400970 2108.8
1400980 2108.8
1400990 2105.8
1401000 2103.2
1401010 2103.2
1401020 2100.1
1401030 2095.5
1401040 2090.4
1401050 2090.4
1401060 2085.2
1401070 2080.8
1401080 2080.8
1401090 2076.5
1401100 2073.2
1401110 2073.2
1401120 2069.7
1401130 2066.3
1401140 2066.3
1401150 2063.7
1401160 2061.4
1401170 2061.4
1401180 2058.7
1401190 2056.4
1401200 2054.5
1401210 2054.5
1401220 2052.9
1401230 2051.5
1401240 2051.5
1401250 2049.2
1401260 2046.6
1401270 2046.6
1401280 2043.6
1401290 2039.7
1401300 2039.7
1401310 2035.0
1401320 2029.1
1401330 2029.1
1401340 2023.0
1401350 2017.3
1401360 2017.3
1401370 2011.5
1401380 2005.0
1401390 1998.6
1401400 1998.6
1401410 1992.9
1401420 1986.9
1401430 1986.9
1401440 1981.4
1401450 1975.3
1401460 1975.3
1401470 1968.3
1401480 1960.9
1401490 1960.9
1401500 1953.8
1401510 1946.4
1401520 1946.4
1401530 1939.7
1401540 1933.0
1401550 1926.3
1401560 1926.3
1401570 1920.0
1401580 1913.3
1401590 1913.3
1401600 1907.3
1401610 1902.0
1401620 1902.0
1401630 1896.2
1401640 1890.6
1401650 1890.6
1401660 1885.4
1401670 1879.9
1401680 1879.9
1401690 1873.0
1401700 1866.5
1401710 1861.6
1401720 1861.6
1401730 1856.3
1401740 1851.2
1401750 1851.2
1401760 1846.4
1401770 1841.7
1401780 1841.7
1401790 1836.5
1401800 1831.1
1401810 1831.1
1401820 1826.0
1401830 1821.2
1401840 1821.2
1401850 1816.5
1401860 1811.1
1401870 1805.0
1401880 1805.0
1401890 1798.9
1401900 1792.6
1401910 1792.6
1401920 1785.9
1401930 1778.1
1401940 1778.1
1401950 1771.0
1401960 1764.6
1401970 1770.2
1401980 1764.1
1401990 1759.2
1402000 1759.2
1402010 1755.3
1402020 1750.2
1402030 1744.9
1402040 1744.9
1402050 1739.1
1402060 1734.0
1402070 1734.0
1402080 1729.4
1402090 1723.8
1402100 1723.8
1402110 1717.4
1402120 1710.8
1402130 1710.8
1402140 1703.7
1402150 1695.4
1402160 1695.4
1402170 1687.6
1402180 1678.5
1402190 1665.9
1402200 1665.9
1402210 1656.4
1402220 1646.8
1402230 1646.8
1402240 1636.0
1402250 1626.3
1402260 1626.3
1402270 1617.2
1402280 1605.9
1402290 1605.9
1402300 1598.2
1402310 1589.5
1402320 1589.5
1402330 1579.7
1402340 1571.7
1402350 1568.6
1402360 1568.6
1402370 1572.5
1402380 1573.8
1402390 1573.8
1402400 1575.1
1402410 1574.2
1402420 1574.2
1402430 1573.0
1402440 1567.3
1402450 1567.3
1402460 1559.4
1402470 1551.5
1402480 1551.5
1402490 1542.4
1402500 1533.8
1402510 1533.8
1402520 1526.7
1402530 1519.9
1402540 1513.5
1402550 1513.5
1402560 1507.1
1402570 1500.7
1402580 1500.7
1402590 1494.2
1402600 1487.6
1402610 1487.6
1402620 1481.4
1402630 1475.5
1402640 1475.5
1402650 1469.7
1402660 1464.0
1402670 1464.0
1402680 1458.6
1402690 1453.8
1402700 1449.4
1402710 1449.4
1402720 1445.1
1402730 1440.7
1402740 1440.7
1402750 1435.4
1402760 1429.8
1402770 1429.8
1402780 1424.0
1402790 1417.6
1402800 1417.6
1402810 1411.5
1402820 1405.4
1402830 1405.4
1402840 1399.6
1402850 1393.2
1402860 1391.1
1402870 1391.1
1402880 1390.7
1402890 1389.8
1402900 1389.8
1402910 1388.8
1402920 1387.6
1402930 1387.6
1402940 1388.0
1402950 1389.1
1402960 1389.1
1402970 1392.2
1402980 1396.3
1402990 1396.3
1403000 1400.5
1403010 1403.7
1403020 1406.6
1403030 1406.6
1403040 1409.7
1403050 1413.4
1403060 1413.4
1403070 1417.1
1403080 1421.3
1403090 1421.3
1403100 1425.4
1403110 1429.7
1403120 1429.7
1403130 1434.3
1403140 1438.8
1403150 1438.8
1403160 1443.2
1403170 1446.9
1403180 1450.9
1403190 1450.9
1403200 1454.9
1403210 1458.3
1403220 1458.3
1403230 1461.8
1403240 1465.6
1403250 1465.6
1403260 1469.4
1403270 1473.5
1403280 1473.5
1403290 1477.4
1403300 1481.3
1403310 1481.3
1403320 1486.2
1403330 1491.1
1403340 1496.0
1403350 1496.0
1403360 1501.1
1403370 1506.8
1403380 1506.8
1403390 1513.0
1403400 1518.9
1403410 1518.9
1403420 1525.2
1403430 1532.4
1403440 1532.4
1403450 1540.2
1403460 1546.7
1403470 1546.7
1403480 1553.2
1403490 1561.1
1403500 1570.5
1403510 1574.9
1403520 1585.2
1403530 1593.3
1403540 1593.3
1403550 1601.4
1403560 1609.3
1403570 1609.3
1403580 1615.7
1403590 1621.4
1403600 1621.4
1403610 1624.9
1403620 1629.0
1403630 1629.0
1403640 1634.4
1403650 1638.9
1403660 1638.9
1403670 1642.8
1403680 1646.3
1403690 1649.5
1403700 1649.5
1403710 1653.0
1403720 1656.0
1403730 1656.0
1403740 1660.1
1403750 1664.1
1403760 1664.1
1403770 1666.2
1403780 1669.4
1403790 1669.4
1403800 1672.3
1403810 1675.9
1403820 1675.9
1403830 1679.4
1403840 1684.4
1403850 1690.3
1403860 1690.3
1403870 1696.9
1403880 1702.9
1403890 1702.9
1403900 1706.1
1403910 1711.2
1403920 1711.2
1403930 1717.0
1403940 1723.7
1403950 1723.7
1403960 1730.2
1403970 1735.5
1403980 1735.5
1403990 1740.3
1404000 1744.3
1404010 1747.8
1404020 1747.8
1404030 1751.4
1404040 1755.3
1404050 1755.3
1404060 1759.2
1404070 1762.7
1404080 1762.7
1404090 1765.6
1404100 1768.4
1404110 1768.4
1404120 1771.3
1404130 1774.7
1404140 1774.7
1404150 1778.2
1404160 1782.0
1404170 1786.3
1404180 1786.3
1404190 1790.5
1404200 1794.8
1404210 1794.8
1404220 1798.8
1404230 1802.9
1404240 1802.9
1404250 1806.6
1404260 1811.1
1404270 1811.1
1404280 1815.4
1404290 1819.7
1404300 1819.7
1404310 1824.2
1404320 1828.9
1404330 1833.6
1404340 1833.6
1404350 1838.1
1404360 1842.7
1404370 1842.7
1404380 1847.4
1404390 1851.8
1404400 1851.8
1404410 1856.5
1404420 1861.3
1404430 1861.3
1404440 1865.7
1404450 1869.1
1404460 1869.1
1404470 1871.0
1404480 1871.5
1404490 1868.6
1404500 1868.6
1404510 1863.8
1404520 1862.4
1404530 1862.4
1404540 1860.6
1404550 1859.4
1404560 1859.4
1404570 1859.1
1404580 1859.2
1404590 1859.2
1404600 1858.2
1404610 1856.3
1404620 1856.3
1404630 1853.1
1404640 1849.3
1404650 1845.6
1404660 1845.6
1404670 1843.8
1404680 1841.6
1404690 1841.6
1404700 1837.4
1404710 1832.0
1404720 1832.0
1404730 1826.3
1404740 1820.6
1404750 1820.6
1404760 1815.3
1404770 1809.4
1404780 1809.4
1404790 1805.5
1404800 1801.0
1404810 1795.7
1404820 1795.7
1404830 1790.9
1404840 1785.9
1404850 1785.9
1404860 1780.8
1404870 1775.5
1404880 1775.5
1404890 1769.6
1404900 1763.6
1404910 1763.6
1404920 1757.9
1404930 1753.1
1404940 1753.1
1404950 1747.7
1404960 1742.6
1404970 1742.6
1404980 1736.6
1404990 1730.5
1405000 1724.8
1405010 1724.8
1405020 1718.9
1405030 1712.9
1405040 1712.9
1405050 1707.0
1405060 1701.3
1405070 1698.5
1405080 1692.3
1405090 1686.6
1405100 1686.6
1405110 1681.6
1405120 1675.9
1405130 1675.9
1405140 1668.4
1405150 1661.7
1405160 1654.5
1405170 1654.5
1405180 1647.1
1405190 1640.5
1405200 1640.5
1405210 1631.6
1405220 1622.2
1405230 1622.2
1405240 1614.1
1405250 1606.6
1405260 1606.6
1405270 1600.3
1405280 1595.3
1405290 1595.3
1405300 1587.8
1405310 1580.7
1405320 1573.2
1405330 1573.2
1405340 1566.2
1405350 1559.3
1405360 1559.3
1405370 1551.7
1405380 1544.5
1405390 1544.5
1405400 1538.0
1405410 1531.9
1405420 1531.9
1405430 1526.1
1405440 1520.3
1405450 1520.3
1405460 1514.8
1405470 1509.9
1405480 1505.0
1405490 1505.0
1405500 1500.1
1405510 1494.9
1405520 1494.9
1405530 1490.1
1405540 1485.5
1405550 1485.5
1405560 1480.7
1405570 1476.1
1405580 1476.1
1405590 1471.5
1405600 1466.9
1405610 1466.9
1405620 1462.5
1405630 1458.3
1405640 1454.2
1405650 1454.2
1405660 1450.4
1405670 1446.7
1405680 1446.7
1405690 1443.0
1405700 1439.9
1405710 1439.9
1405720 1436.2
1405730 1431.3
1405740 1431.3
1405750 1424.6
1405760 1418.4
1405770 1418.4
1405780 1416.5
1405790 1418.8
1405800 1423.7
1405810 1423.7
1405820 1429.8
1405830 1434.6
1405840 1434.6
1405850 1437.5
1405860 1439.5
1405870 1439.5
1405880 1442.1
1405890 1446.2
1405900 1446.2
1405910 1450.3
1405920 1454.6
1405930 1454.6
1405940 1458.5
1405950 1462.1
1405960 1466.2
1405970 1466.2
1405980 1470.4
1405990 1475.0
1406000 1475.0
1406010 1479.2
1406020 1482.7
1406030 1482.7
1406040 1486.4
1406050 1490.4
1406060 1490.4
1406070 1493.5
1406080 1497.2
1406090 1497.2
1406100 1502.9
1406110 1509.1
1406120 1509.1
1406130 1514.5
1406140 1519.3
1406150 1523.7
1406160 1523.7
1406170 1527.6
1406180 1530.6
1406190 1530.6
1406200 1533.0
1406210 1535.3
1406220 1535.3
1406230 1537.7
1406240 1540.7
1406250 1540.7
1406260 1544.6
1406270 1548.8
1406280 1548.8
1406290 1553.0
1406300 1557.1
1406310 1560.8
1406320 1560.8
1406330 1565.6
1406340 1572.8
1406350 1572.8
1406360 1580.9
1406370 1589.1
1406380 1589.1
1406390 1597.5
1406400 1606.5
1406410 1606.5
1406420 1614.1
1406430 1621.0
1406440 1621.0
1406450 1626.8
1406460 1632.5
1406470 1637.7
1406480 1637.7
1406490 1642.0
1406500 1646.7
1406510 1646.7
1406520 1651.5
1406530 1656.5
1406540 1656.5
1406550 1662.0
1406560 1667.3
1406570 1667.3
1406580 1672.8
1406590 1678.6
1406600 1678.6
1406610 1684.5
1406620 1691.5
1406630 1698.1
1406640 1698.1
1406650 1704.4
1406660 1710.1
1406670 1710.1
1406680 1717.7
1406690 1723.0
1406700 1723.0
1406710 1727.4
1406720 1731.7
1406730 1731.7
1406740 1735.7
1406750 1738.7
1406760 1738.7
1406770 1741.9
1406780 1744.1
1406790 1746.6
1406800 1746.6
1406810 1748.5
1406820 1750.9
1406830 1750.9
1406840 1753.6
1406850 1755.8
1406860 1755.8
1406870 1757.6
1406880 1759.3
1406890 1759.3
1406900 1761.3
1406910 1764.0
1406920 1764.0
1406930 1766.2
1406940 1767.9
1406950 1769.5
1406960 1769.5
1406970 1769.9
1406980 1768.9
1406990 1768.9
1407000 1766.5
1407010 1763.7
1407020 1763.7
1407030 1761.0
1407040 1757.9
1407050 1757.9
1407060 1754.1
1407070 1750.3
1407080 1750.3
1407090 1746.9
1407100 1743.4
1407110 1738.9
1407120 1738.9
1407130 1734.4
1407140 1730.5
1407150 1730.5
1407160 1726.3
1407170 1723.1
1407180 1723.1
1407190 1720.6
1407200 1718.4
1407210 1718.4
1407220 1716.8
1407230 1715.6
1407240 1715.6
1407250 1713.4
1407260 1710.5
1407270 1710.5
1407280 1708.2
1407290 1704.8
1407300 1701.1
1407310 1701.1
1407320 1697.5
1407330 1692.5
1407340 1692.5
1407350 1683.5
1407360 1677.1
1407370 1677.1
1407380 1678.4
1407390 1683.0
1407400 1683.0
1407410 1686.8
1407420 1688.8
1407430 1688.8
1407440 1688.7
1407450 1688.3
1407460 1687.8
1407470 1687.8
1407480 1687.2
1407490 1686.4
1407500 1686.4
1407510 1683.2
1407520 1679.6
1407530 1679.6
1407540 1680.8
1407550 1684.5
1407560 1684.5
1407570 1686.0
1407580 1685.9
1407590 1685.9
1407600 1685.5
1407610 1684.9
1407620 1684.4
1407630 1684.4
1407640 1683.9
1407650 1683.1
1407660 1683.1
1407670 1681.8
1407680 1681.3
1407690 1681.3
1407700 1681.3
1407710 1681.7
1407720 1681.7
1407730 1682.0
1407740 1682.4
1407750 1682.4
1407760 1682.7
1407770 1683.2
1407780 1684.1
1407790 1684.1
1407800 1685.2
1407810 1686.1
1407820 1686.1
1407830 1686.6
1407840 1687.0
1407850 1687.0
1407860 1686.9
1407870 1686.0
1407880 1686.0
1407890 1684.8
1407900 1683.6
1407910 1683.6
1407920 1681.9
1407930 1679.9
1407940 1677.6
1407950 1677.6
1407960 1674.6
1407970 1671.1
1407980 1671.1
1407990 1667.3
1408000 1663.0
1408010 1663.0
1408020 1659.3
1408030 1655.0
1408040 1655.0
1408050 1651.2
1408060 1646.4
1408070 1646.4
1408080 1640.1
1408090 1632.9
1408100 1626.0
1408110 1626.0
1408120 1619.0
1408130 1612.5
1408140 1612.5
1408150 1606.5
1408160 1601.4
1408170 1601.4
1408180 1597.3
1408190 1593.0
1408200 1593.0
1408210 1588.6
1408220 1584.4
1408230 1584.4
1408240 1580.2
1408250 1575.8
1408260 1571.7
1408270 1571.7
1408280 1566.6
1408290 1560.9
1408300 1560.9
1408310 1556.4
1408320 1548.9
1408330 1548.9
1408340 1541.1
1408350 1532.7
1408360 1532.7
1408370 1525.7
1408380 1517.3
1408390 1517.3
1408400 1510.0
1408410 1503.5
1408420 1497.2
1408430 1497.2
1408440 1491.3
1408450 1485.5
1408460 1485.5
1408470 1479.9
1408480 1474.3
1408490 1474.3
1408500 1468.1
1408510 1461.4
1408520 1461.4
1408530 1454.8
1408540 1448.5
1408550 1448.5
1408560 1441.8
1408570 1435.3
1408580 1435.3
1408590 1429.9
1408600 1425.0
1408610 1419.7
1408620 1419.7
1408630 1414.1
1408640 1408.3
1408650 1408.3
1408660 1402.3
1408670 1397.0
1408680 1397.0
1408690 1393.7
1408700 1392.1
1408710 1392.1
1408720 1390.0
1408730 1387.8
1408740 1387.8
1408750 1384.9
1408760 1382.0
1408770 1380.1
1408780 1380.1
1408790 1377.9
1408800 1373.7
1408810 1373.7
1408820 1369.4
1408830 1364.9
1408840 1364.9
1408850 1360.8
1408860 1356.3
1408870 1356.3
1408880 1350.8
1408890 1345.3
1408900 1345.3
1408910 1340.6
1408920 1335.5
1408930 1330.2
1408940 1330.2
1408950 1326.5
1408960 1327.9
1408970 1327.9
1408980 1333.6
1408990 1342.9
1409000 1342.9
1409010 1350.4
1409020 1356.0
1409030 1356.0
1409040 1362.6
1409050 1370.3
1409060 1370.3
1409070 1378.7
1409080 1386.8
1409090 1396.4
1409100 1396.4
1409110 1406.1
1409120 1415.3
1409130 1415.3
1409140 1423.7
1409150 1431.9
1409160 1431.9
1409170 1439.7
1409180 1446.2
1409190 1446.2
1409200 1454.6
1409210 1462.8
1409220 1462.8
1409230 1469.8
1409240 1478.9
1409250 1487.8
1409260 1487.8
1409270 1496.3
1409280 1503.8
1409290 1503.8
1409300 1510.5
1409310 1515.2
1409320 1515.2
1409330 1519.7
1409340 1526.1
1409350 1526.1
1409360 1531.2
1409370 1536.6
1409380 1536.6
1409390 1541.6
1409400 1546.5
1409410 1550.6
1409420 1550.6
1409430 1555.9
1409440 1562.8
1409450 1562.8
1409460 1569.6
1409470 1575.6
1409480 1575.6
1409490 1581.4
1409500 1586.5
1409510 1586.5
1409520 1591.4
1409530 1596.5
1409540 1596.5
1409550 1602.0
1409560 1607.0
1409570 1611.4
1409580 1611.4
1409590 1615.1
1409600 1619.2
1409610 1619.2
1409620 1623.0
1409630 1626.3
1409640 1626.3
1409650 1629.4
1409660 1632.0
1409670 1632.0
1409680 1634.1
1409690 1636.5
1409700 1636.5
1409710 1639.2
1409720 1642.2
1409730 1642.2
1409740 1645.1
1409750 1648.5
1409760 1650.7
1409770 1650.7
1409780 1652.5
1409790 1655.0
1409800 1655.0
1409810 1656.9
1409820 1658.5
1409830 1658.5
1409840 1660.3
1409850 1662.4
1409860 1662.4
1409870 1664.1
1409880 1665.5
1409890 1665.5
1409900 1666.9
1409910 1669.3
1409920 1672.6
1409930 1672.6
1409940 1675.9
1409950 1678.8
1409960 1678.8
1409970 1681.1
1409980 1689.9
1409990 1689.9
1410000 1691.8
1410010 1693.9
1410020 1693.9
1410030 1694.9
1410040 1695.0
1410050 1695.0
1410060 1694.2
1410070 1691.9
1410080 1688.1
1410090 1688.1
1410100 1682.0
1410110 1675.4
1410120 1675.4
1410130 1671.0
1410140 1665.7
1410150 1665.7
1410160 1658.8
1410170 1652.3
1410180 1652.3
1410190 1645.4
1410200 1638.9
1410210 1638.9
1410220 1632.2
1410230 1623.6
1410240 1615.3
1410250 1615.3
1410260 1607.8
1410270 1600.5
1410280 1600.5
1410290 1590.8
1410300 1580.0
1410310 1580.0
1410320 1570.7
1410330 1561.5
1410340 1561.5
1410350 1553.3
1410360 1548.9
1410370 1548.9
1410380 1543.9
1410390 1536.5
1410400 1528.9
1410410 1528.9
1410420 1522.2
1410430 1515.8
1410440 1515.8
1410450 1509.0
1410460 1501.7
1410470 1501.7
1410480 1494.3
1410490 1487.4
1410500 1487.4
1410510 1480.3
1410520 1474.8
1410530 1474.8
1410540 1470.2
1410550 1465.8
1410560 1461.2
1410570 1461.2
1410580 1456.5
1410590 1452.1
1410600 1452.1
1410610 1448.1
1410620 1444.8
1410630 1444.8
1410640 1441.3
1410650 1437.5
1410660 1437.5
1410670 1434.6
1410680 1431.2
1410690 1431.2
1410700 1428.3
1410710 1426.0
1410720 1423.9
1410730 1423.9
1410740 1421.2
1410750 1418.9
1410760 1418.9
1410770 1417.6
1410780 1415.7
1410790 1415.7
1410800 1413.0
1410810 1410.3
1410820 1410.3
1410830 1407.5
1410840 1404.9
1410850 1404.9
1410860 1402.8
1410870 1402.3
1410880 1402.3
1410890 1403.6
1410900 1400.6
1410910 1395.8
1410920 1395.8
1410930 1391.4
1410940 1388.5
1410950 1388.5
1410960 1385.9
1410970 1384.2
1410980 1384.2
1410990 1382.2
1411000 1379.0
1411010 1379.0
1411020 1375.9
1411030 1373.3
1411040 1373.3
1411050 1370.9
1411060 1369.0
1411070 1368.5
1411080 1368.5
1411090 1368.5
1411100 1366.8
1411110 1366.8
1411120 1361.5
1411130 1355.9
1411140 1355.9
1411150 1352.7
1411160 1351.4
1411170 1351.4
1411180 1351.3
1411190 1353.6
1411200 1353.6
1411210 1359.0
1411220 1362.4
1411230 1364.9
1411240 1364.9
1411250 1370.5
1411260 1375.6
1411270 1375.6
1411280 1379.5
1411290 1382.9
1411300 1382.9
1411310 1386.6
1411320 1389.6
1411330 1389.6
1411340 1394.6
1411350 1398.9
1411360 1398.9
1411370 1403.2
1411380 1407.4
1411390 1411.7
1411400 1411.7
1411410 1416.2
1411420 1420.8
1411430 1420.8
1411440 1425.3
1411450 1430.1
1411460 1430.1
1411470 1435.4
1411480 1441.7
1411490 1441.7
1411500 1448.1
1411510 1455.7
1411520 1455.7
1411530 1462.7
1411540 1469.6
1411550 1475.9
1411560 1475.9
1411570 1482.1
1411580 1488.0
1411590 1488.0
1411600 1493.9
1411610 1499.8
1411620 1499.8
1411630 1506.2
1411640 1513.0
1411650 1513.0
1411660 1519.5
1411670 1526.1
1411680 1522.8
1411690 1530.4
1411700 1538.4
1411710 1546.9
1411720 1546.9
1411730 1555.7
1411740 1564.1
1411750 1564.1
1411760 1571.7
1411770 1578.5
1411780 1578.5
1411790 1585.4
1411800 1592.6
1411810 1592.6
1411820 1599.3
1411830 1606.1
1411840 1606.1
1411850 1611.9
1411860 1616.2
1411870 1622.1
1411880 1622.1
1411890 1629.0
1411900 1635.4
1411910 1635.4
1411920 1641.2
1411930 1645.8
1411940 1645.8
1411950 1651.5
1411960 1657.6
1411970 1657.6
1411980 1663.2
1411990 1668.6
1412000 1668.6
1412010 1669.6
1412020 1676.5
1412030 1676.5
1412040 1683.1
1412050 1687.7
1412060 1692.8
1412070 1692.8
1412080 1697.9
1412090 1701.9
1412100 1701.9
1412110 1705.1
1412120 1709.7
1412130 1709.7
1412140 1714.4
1412150 1718.3
1412160 1718.3
1412170 1721.8
1412180 1724.6
1412190 1724.6
1412200 1727.3
1412210 1730.1
1412220 1732.9
1412230 1732.9
1412240 1735.7
1412250 1738.2
1412260 1738.2
1412270 1740.1
1412280 1741.7
1412290 1741.7
1412300 1743.5
1412310 1745.6
1412320 1745.6
1412330 1748.2
1412340 1750.9
1412350 1750.9
1412360 1753.4
1412370 1756.0
1412380 1758.6
1412390 1758.6
1412400 1760.4
1412410 1761.5
1412420 1761.5
1412430 1762.5
1412440 1761.9
1412450 1761.9
1412460 1758.7
1412470 1752.2
1412480 1752.2
1412490 1743.2
1412500 1734.5
1412510 1734.5
1412520 1726.6
1412530 1718.8
1412540 1711.3
1412550 1711.3
1412560 1704.6
1412570 1697.7
1412580 1697.7
1412590 1690.3
1412600 1683.1
1412610 1683.1
1412620 1675.6
1412630 1668.2
1412640 1668.2
1412650 1660.1
1412660 1651.9
1412670 1651.9
1412680 1643.7
1412690 1637.2
1412700 1631.4
1412710 1631.4
1412720 1625.6
1412730 1619.4
1412740 1619.4
1412750 1611.9
1412760 1605.7
1412770 1605.7
1412780 1599.7
1412790 1594.9
1412800 1594.9
1412810 1590.6
1412820 1586.8
1412830 1586.8
1412840 1584.1
1412850 1582.4
1412860 1577.8
1412870 1577.8
1412880 1571.2
1412890 1566.2
1412900 1566.2
1412910 1560.9
1412920 1555.2
1412930 1555.2
1412940 1555.2
1412950 1564.1
1412960 1564.1
1412970 1570.8
1412980 1579.4
1412990 1579.4
1413000 1587.1
1413010 1590.4
1413020 1588.4
1413030 1588.4
1413040 1586.3
1413050 1582.9
1413060 1582.9
1413070 1581.7
1413080 1585.1
1413090 1585.1
1413100 1589.0
1413110 1592.4
1413120 1592.4
1413130 1595.0
1413140 1596.7
1413150 1596.7
1413160 1599.1
1413170 1602.5
1413180 1602.5
1413190 1605.8
1413200 1609.7
1413210 1614.9
1413220 1614.9
1413230 1621.1
1413240 1625.8
1413250 1625.8
1413260 1628.1
1413270 1630.4
1413280 1630.4
1413290 1635.2
1413300 1640.7
1413310 1640.7
1413320 1645.9
1413330 1651.7
1413340 1651.7
1413350 1656.3
1413360 1661.7
1413370 1668.7
1413380 1668.7
1413390 1674.4
1413400 1676.1
1413410 1676.1
1413420 1674.8
1413430 1683.3
1413440 1683.3
1413450 1684.6
1413460 1687.0
1413470 1687.0
1413480 1693.3
1413490 1703.3
1413500 1703.3
1413510 1713.0
1413520 1721.6
1413530 1729.9
1413540 1729.9
1413550 1737.4
1413560 1743.7
1413570 1743.7
1413580 1747.8
1413590 1751.3
1413600 1751.3
1413610 1754.9
1413620 1757.8
1413630 1757.8
1413640 1759.8
1413650 1761.9
1413660 1761.9
1413670 1764.3
1413680 1766.8
1413690 1769.4
1413700 1769.4
1413710 1773.0
1413720 1777.5
1413730 1777.5
1413740 1781.0
1413750 1783.4
1413760 1783.4
1413770 1785.4
1413780 1787.8
1413790 1787.8
1413800 1790.6
1413810 1793.8
1413820 1793.8
1413830 1796.1
1413840 1796.9
1413850 1798.6
1413860 1798.6
1413870 1802.0
1413880 1807.0
1413890 1807.0
1413900 1809.8
1413910 1812.1
1413920 1812.1
1413930 1814.7
1413940 1817.3
1413950 1817.3
1413960 1819.3
1413970 1821.1
1413980 1821.1
1413990 1823.0
1414000 1824.7
1414010 1826.5
1414020 1826.5
1414030 1828.3
1414040 1830.2
1414050 1830.2
1414060 1831.8
1414070 1833.4
1414080 1833.4
1414090 1835.3
1414100 1837.1
1414110 1837.1
1414120 1838.5
1414130 1839.3
1414140 1839.3
1414150 1839.9
1414160 1840.5
1414170 1841.1
1414180 1841.1
1414190 1841.5
1414200 1841.3
1414210 1841.3
1414220 1840.2
1414230 1839.1
1414240 1839.1
1414250 1838.2
1414260 1838.0
1414270 1838.0
1414280 1837.7
1414290 1836.7
1414300 1836.7
1414310 1835.5
1414320 1835.0
1414330 1835.0
1414340 1834.7
1414350 1834.3
1414360 1834.1
1414370 1834.1
1414380 1834.1
1414390 1833.8
1414400 1833.8
1414410 1833.9
1414420 1834.3
1414430 1834.3
1414440 1834.8
1414450 1834.9
1414460 1834.9
1414470 1835.2
1414480 1835.2
1414490 1835.2
1414500 1834.9
1414510 1834.3
1414520 1833.7
1414530 1833.7
1414540 1832.5
1414550 1831.0
1414560 1831.0
1414570 1829.9
1414580 1828.4
1414590 1828.4
1414600 1827.0
1414610 1825.7
1414620 1825.7
1414630 1824.3
1414640 1822.8
1414650 1822.8
1414660 1821.3
1414670 1819.7
1414680 1816.9
1414690 1816.9
1414700 1813.5
1414710 1810.1
1414720 1810.1
1414730 1806.7
1414740 1803.8
1414750 1803.8
1414760 1799.6
1414770 1793.1
1414780 1793.1
1414790 1784.2
1414800 1776.6
1414810 1776.6
1414820 1769.2
1414830 1762.3
1414840 1756.7
1414850 1756.7
1414860 1750.8
1414870 1745.6
1414880 1745.6
1414890 1739.0
1414900 1732.3
1414910 1732.3
1414920 1724.6
1414930 1717.5
1414940 1717.5
1414950 1711.0
1414960 1704.4
1414970 1704.4
1414980 1698.4
1414990 1693.0
1415000 1687.4
1415010 1687.4
1415020 1680.9
1415030 1673.9
1415040 1673.9
1415050 1666.8
1415060 1659.0
1415070 1659.0
1415080 1651.2
1415090 1643.2
1415100 1643.2
1415110 1635.2
1415120 1627.6
1415130 1627.6
1415140 1619.3
1415150 1610.6
1415160 1603.3
1415170 1603.3
1415180 1595.3
1415190 1586.4
1415200 1586.4
1415210 1578.6
1415220 1573.9
1415230 1568.3
1415240 1562.5
1415250 1555.8
1415260 1555.8
1415270 1548.3
1415280 1541.4
1415290 1541.4
1415300 1535.2
1415310 1528.0
1415320 1521.1
1415330 1521.1
1415340 1514.9
1415350 1509.3
1415360 1509.3
1415370 1504.8
1415380 1500.1
1415390 1500.1
1415400 1495.0
1415410 1489.2
1415420 1489.2
1415430 1483.4
1415440 1477.9
1415450 1477.9
1415460 1472.4
1415470 1467.3
1415480 1462.4
1415490 1462.4
1415500 1457.7
1415510 1453.1
1415520 1453.1
1415530 1448.4
1415540 1443.7
1415550 1443.7
1415560 1439.3
1415570 1434.8
1415580 1434.8
1415590 1430.4
1415600 1426.4
1415610 1426.4
1415620 1422.8
1415630 1419.4
1415640 1419.4
1415650 1416.5
1415660 1412.4
1415670 1407.8
1415680 1407.8
1415690 1403.1
1415700 1398.7
1415710 1398.7
1415720 1395.2
1415730 1391.9
1415740 1391.9
1415750 1389.0
1415760 1386.9
1415770 1386.9
1415780 1383.9
1415790 1381.4
1415800 1381.4
1415810 1378.8
1415820 1375.7
1415830 1372.2
1415840 1372.2
1415850 1368.0
1415860 1364.9
1415870 1364.9
1415880 1361.7
1415890 1357.8
1415900 1357.8
1415910 1354.5
1415920 1350.5
1415930 1350.5
1415940 1345.6
1415950 1341.6
1415960 1341.6
1415970 1340.4
1415980 1340.8
1415990 1339.9
1416000 1339.9
1416010 1337.1
1416020 1335.7
1416030 1335.7
1416040 1331.9
1416050 1326.4
1416060 1326.4
1416070 1322.5
1416080 1319.0
1416090 1319.0
1416100 1314.7
1416110 1310.2
1416120 1310.2
1416130 1304.2
1416140 1298.5
1416150 1294.1
1416160 1294.1
1416170 1292.6
1416180 1290.8
1416190 1290.8
1416200 1287.8
1416210 1283.1
1416220 1283.1
1416230 1277.8
1416240 1274.7
1416250 1274.7
1416260 1272.9
1416270 1271.6
1416280 1271.6
1416290 1270.3
1416300 1269.5
1416310 1268.7
1416320 1268.7
1416330 1268.7
1416340 1268.1
1416350 1268.1
1416360 1265.8
1416370 1259.5
1416380 1259.5
1416390 1252.3
1416400 1245.4
1416410 1245.4
1416420 1238.3
1416430 1232.8
1416440 1232.8
1416450 1230.7
1416460 1232.1
1416470 1233.3
1416480 1233.3
1416490 1232.9
1416500 1234.1
1416510 1234.1
1416520 1237.3
1416530 1240.9
1416540 1240.9
1416550 1244.7
1416560 1250.3
1416570 1250.3
1416580 1258.1
1416590 1263.5
1416600 1263.5
1416610 1265.1
1416620 1266.0
1416630 1266.5
1416640 1266.5
1416650 1267.6
1416660 1270.7
1416670 1270.7
1416680 1276.9
1416690 1284.3
1416700 1284.3
1416710 1290.6
1416720 1296.8
1416730 1296.8
1416740 1300.5
1416750 1300.0
1416760 1300.0
1416770 1300.2
1416780 1303.1
1416790 1303.1
1416800 1306.5
1416810 1311.0
1416820 1315.6
1416830 1315.6
1416840 1320.7
1416850 1326.6
1416860 1326.6
1416870 1331.6
1416880 1335.3
1416890 1335.3
1416900 1339.0
1416910 1343.7
1416920 1343.7
1416930 1349.6
1416940 1354.6
1416950 1354.6
1416960 1358.4
1416970 1361.9
1416980 1365.4
1416990 1365.4
1417000 1370.7
1417010 1377.7
1417020 1377.7
1417030 1383.5
1417040 1386.2
1417050 1386.2
1417060 1383.6
1417070 1392.2
1417080 1392.2
1417090 1392.8
1417100 1394.0
1417110 1394.0
1417120 1399.4
1417130 1402.5
1417140 1405.2
1417150 1405.2
1417160 1410.3
1417170 1415.4
1417180 1415.4
1417190 1420.2
1417200 1425.5
1417210 1425.5
1417220 1428.9
1417230 1431.2
1417240 1431.2
1417250 1435.3
1417260 1440.4
1417270 1440.4
1417280 1448.6
1417290 1453.2
1417300 1457.9
1417310 1457.9
1417320 1463.9
1417330 1470.1
1417340 1470.1
1417350 1476.1
1417360 1478.3
1417370 1478.3
1417380 1479.6
1417390 1481.1
1417400 1481.1
1417410 1482.1
1417420 1482.5
1417430 1482.5
1417440 1482.5
1417450 1483.0
1417460 1483.5
1417470 1483.5
1417480 1484.1
1417490 1484.9
1417500 1484.9
1417510 1485.2
1417520 1485.4
1417530 1485.4
1417540 1485.2
1417550 1484.0
1417560 1484.0
1417570 1480.8
1417580 1476.2
1417590 1476.2
1417600 1471.3
1417610 1466.7
1417620 1463.1
1417630 1463.1
1417640 1458.4
1417650 1453.1
1417660 1453.1
1417670 1447.4
1417680 1441.8
1417690 1441.8
1417700 1437.0
1417710 1432.2
1417720 1432.2
1417730 1427.9
1417740 1423.4
1417750 1423.4
1417760 1418.2
1417770 1413.0
1417780 1407.3
1417790 1407.3
1417800 1401.4
1417810 1396.4
1417820 1396.4
1417830 1391.5
1417840 1386.8
1417850 1386.8
1417860 1382.2
1417870 1378.2
1417880 1378.2
1417890 1374.7
1417900 1371.8
1417910 1371.8
1417920 1369.2
1417930 1366.6
1417940 1366.6
1417950 1363.6
1417960 1360.8
1417970 1357.5
1417980 1357.5
1417990 1354.1
1418000 1351.2
1418010 1351.2
1418020 1350.4
1418030 1352.6
1418040 1352.6
1418050 1354.6
1418060 1354.5
1418070 1354.5
1418080 1351.4
1418090 1346.4
1418100 1346.4
1418110 1339.9
1418120 1333.0
1418130 1327.5
1418140 1327.5
1418150 1322.1
1418160 1316.7
1418170 1316.7
1418180 1311.4
1418190 1306.3
1418200 1306.3
1418210 1300.8
1418220 1299.4
1418230 1299.4
1418240 1301.7
1418250 1304.5
1418260 1304.5
1418270 1304.6
1418280 1305.2
1418290 1306.7
1418300 1306.7
1418310 1310.2
1418320 1315.0
1418330 1315.0
1418340 1318.5
1418350 1320.2
1418360 1320.2
1418370 1320.2
1418380 1322.1
1418390 1322.1
1418400 1327.0
1418410 1332.1
1418420 1332.1
1418430 1336.7
1418440 1339.4
1418450 1341.6
1418460 1341.6
1418470 1343.7
1418480 1344.0
1418490 1344.0
1418500 1343.8
1418510 1343.6
1418520 1343.6
1418530 1340.9
1418540 1340.6
1418550 1340.6
1418560 1336.8
1418570 1335.7
1418580 1335.7
1418590 1335.2
1418600 1342.2
1418610 1350.3
1418620 1350.3
1418630 1353.5
1418640 1356.5
1418650 1356.5
1418660 1360.1
1418670 1362.8
1418680 1362.8
1418690 1363.3
1418700 1364.7
1418710 1364.7
1418720 1370.5
1418730 1372.9
1418740 1372.9
1418750 1371.4
1418760 1378.5
1418770 1385.1
1418780 1385.1
1418790 1391.2
1418800 1396.1
1418810 1396.1
1418820 1402.3
1418830 1409.2
1418840 1409.2
1418850 1414.7
1418860 1419.8
1418870 1419.8
1418880 1424.9
1418890 1429.7
1418900 1429.7
1418910 1434.6
1418920 1439.4
1418930 1443.6
1418940 1443.6
1418950 1447.0
1418960 1453.9
1418970 1453.9
1418980 1454.5
1418990 1455.2
1419000 1455.2
1419010 1455.8
1419020 1456.3
1419030 1456.3
1419040 1456.7
1419050 1456.8
1419060 1456.8
1419070 1457.0
1419080 1457.0
1419090 1456.7
1419100 1456.7
1419110 1456.2
1419120 1456.3
1419130 1456.3
1419140 1455.3
1419150 1455.3
1419160 1455.3
1419170 1456.0
1419180 1456.2
1419190 1456.2
1419200 1456.6
1419210 1457.1
1419220 1457.1
1419230 1457.5
1419240 1457.6
1419250 1457.6
1419260 1456.8
1419270 1457.1
1419280 1458.7
1419290 1458.7
1419300 1461.0
1419310 1462.4
1419320 1462.4
1419330 1463.4
1419340 1466.5
1419350 1466.5
1419360 1468.7
1419370 1469.0
1419380 1469.0
1419390 1469.5
1419400 1470.1
1419410 1470.1
1419420 1471.1
1419430 1471.3
1419440 1470.9
1419450 1470.9
1419460 1470.0
1419470 1468.2
1419480 1468.2
1419490 1468.9
1419500 1469.4
1419510 1469.4
1419520 1469.9
1419530 1470.4
1419540 1470.4
1419550 1470.8
1419560 1471.1
1419570 1471.1
1419580 1471.2
1419590 1471.2
1419600 1471.2
1419610 1471.2
1419620 1470.9
1419630 1470.7
1419640 1470.7
1419650 1470.5
1419660 1470.2
1419670 1470.2
1419680 1469.7
1419690 1469.5
1419700 1469.5
1419710 1469.2
1419720 1469.0
1419730 1469.0
1419740 1468.8
1419750 1468.5
1419760 1468.5
1419770 1468.5
1419780 1468.2
1419790 1468.4
1419800 1468.4
1419810 1469.2
1419820 1470.2
1419830 1470.2
1419840 1471.3
1419850 1471.8
1419860 1471.8
1419870 1472.1
1419880 1472.9
1419890 1472.9
1419900 1474.3
1419910 1475.7
1419920 1476.7
1419930 1476.7
1419940 1477.4
1419950 1478.1
1419960 1478.1
1419970 1479.1
1419980 1480.1
1419990 1480.1
