1400000 2009.5
1400010 2004.4
1400020 2004.4
1400030 1996.1
1400040 1987.3
1400050 1987.3
1400060 1979.4
1400070 1972.2
1400080 1972.2
1400090 1966.5
1400100 1961.1
1400110 1961.1
1400120 1954.5
1400130 1948.0
1400140 1941.7
1400150 1941.7
1400160 1933.0
1400170 1924.3
1400180 1924.3
1400190 1916.9
1400200 1909.9
1400210 1909.9
1400220 1905.0
1400230 1899.8
1400240 1899.8
1400250 1892.8
1400260 1884.3
1400270 1884.3
1400280 1873.7
1400290 1864.8
1400300 1859.3
1400310 1859.3
1400320 1855.7
1400330 1850.2
1400340 1850.2
1400350 1842.5
1400360 1835.7
1400370 1835.7
1400380 1830.5
1400390 1826.1
1400400 1826.1
1400410 1822.3
1400420 1819.1
1400430 1819.1
1400440 1815.6
1400450 1812.5
1400460 1809.7
1400470 1809.7
1400480 1806.4
1400490 1803.2
1400500 1803.2
1400510 1801.2
1400520 1799.3
1400530 1799.3
1400540 1796.6
1400550 1793.4
1400560 1793.4
1400570 1789.1
1400580 1781.7
1400590 1781.7
1400600 1779.5
1400610 1786.1
1400620 1793.9
1400630 1793.9
1400640 1801.2
1400650 1807.7
1400660 1807.7
1400670 1813.2
1400680 1818.2
1400690 1818.2
1400700 1824.0
1400710 1828.9
1400720 1828.9
1400730 1835.2
1400740 1841.6
1400750 1841.6
1400760 1847.6
1400770 1853.5
1400780 1859.1
1400790 1859.1
1400800 1863.2
1400810 1867.5
1400820 1867.5
1400830 1871.8
1400840 1874.5
1400850 1874.5
1400860 1876.9
1400870 1879.9
1400880 1879.9
1400890 1882.1
1400900 1882.6
1400910 1882.6
1400920 1881.6
1400930 1880.5
1400940 1880.5
1400950 1885.7
1400960 1892.5
1400970 1898.4
1400980 1898.4
1400990 1903.7
1401000 1907.8
1401010 1907.8
1401020 1910.1
1401030 1910.8
1401040 1910.8
1401050 1910.6
1401060 1909.8
1401070 1909.8
1401080 1909.2
1401090 1908.7
1401100 1908.7
1401110 1907.5
1401120 1905.2
1401130 1901.5
1401140 1901.5
1401150 1896.6
1401160 1890.7
1401170 1890.7
1401180 1885.0
1401190 1879.1
1401200 1879.1
1401210 1873.2
1401220 1867.3
1401230 1867.3
1401240 1860.8
1401250 1853.9
1401260 1853.9
1401270 1844.5
1401280 1833.3
1401290 1824.7
1401300 1824.7
1401310 1820.6
1401320 1815.3
1401330 1815.3
1401340 1813.5
1401350 1820.1
1401360 1820.1
1401370 1828.0
1401380 1833.0
1401390 1833.0
1401400 1834.4
1401410 1831.9
1401420 1831.9
1401430 1830.1
1401440 1820.9
1401450 1814.2
1401460 1814.2
1401470 1816.0
1401480 1818.3
1401490 1818.3
1401500 1820.8
1401510 1826.2
1401520 1826.2
1401530 1833.4
1401540 1837.2
1401550 1837.2
1401560 1839.8
1401570 1844.0
1401580 1844.0
1401590 1847.5
1401600 1849.6
1401610 1849.7
1401620 1849.7
1401630 1849.1
1401640 1848.2
1401650 1848.2
1401660 1847.1
1401670 1845.6
1401680 1845.6
1401690 1844.3
1401700 1844.0
1401710 1844.0
1401720 1844.2
1401730 1844.5
1401740 1844.5
1401750 1844.3
1401760 1844.7
1401770 1845.5
1401780 1845.5
1401790 1846.5
1401800 1847.3
1401810 1847.3
1401820 1847.8
1401830 1848.3
1401840 1848.3
1401850 1850.3
1401860 1851.7
1401870 1851.7
1401880 1852.3
1401890 1851.9
1401900 1851.9
1401910 1850.7
1401920 1848.8
1401930 1848.8
1401940 1846.8
1401950 1845.2
1401960 1843.7
1401970 1843.7
1401980 1841.8
1401990 1839.8
1402000 1839.8
1402010 1838.0
1402020 1837.1
1402030 1837.1
1402040 1836.0
1402050 1834.6
1402060 1834.6
1402070 1832.8
1402080 1830.9
1402090 1830.9
1402100 1828.8
1402110 1826.8
1402120 1824.8
1402130 1824.8
1402140 1822.8
1402150 1820.5
1402160 1820.5
1402170 1818.2
1402180 1815.3
1402190 1815.3
1402200 1811.5
1402210 1807.3
1402220 1807.3
1402230 1804.2
1402240 1800.9
1402250 1800.9
1402260 1797.4
1402270 1793.9
1402280 1790.8
1402290 1790.8
1402300 1787.2
1402310 1783.9
1402320 1783.9
1402330 1779.9
1402340 1775.9
1402350 1775.9
1402360 1772.2
1402370 1769.1
1402380 1769.1
1402390 1765.6
1402400 1762.2
1402410 1762.2
1402420 1759.0
1402430 1755.2
1402440 1751.2
1402450 1751.2
1402460 1746.6
1402470 1742.1
1402480 1742.1
1402490 1734.9
1402500 1723.5
1402510 1723.5
1402520 1712.3
1402530 1703.3
1402540 1703.3
1402550 1694.5
1402560 1686.2
1402570 1686.2
1402580 1678.5
1402590 1671.5
1402600 1666.4
1402610 1666.4
1402620 1663.0
1402630 1661.0
1402640 1661.0
1402650 1655.1
1402660 1645.8
1402670 1645.8
1402680 1636.2
1402690 1626.2
1402700 1626.2
1402710 1617.2
1402720 1607.6
1402730 1607.6
1402740 1597.3
1402750 1585.2
1402760 1575.3
1402770 1575.3
1402780 1565.7
1402790 1556.7
1402800 1556.7
1402810 1548.1
1402820 1539.5
1402830 1539.5
1402840 1531.2
1402850 1522.8
1402860 1522.8
1402870 1515.2
1402880 1509.0
1402890 1509.0
1402900 1503.5
1402910 1497.6
1402920 1497.6
1402930 1490.7
1402940 1484.7
1402950 1479.6
1402960 1478.4
1402970 1472.2
1402980 1465.8
1402990 1465.8
1403000 1459.3
1403010 1452.6
1403020 1452.6
1403030 1446.1
1403040 1440.1
1403050 1440.1
1403060 1434.5
1403070 1429.4
1403080 1429.4
1403090 1424.3
1403100 1419.5
1403110 1415.1
1403120 1415.1
1403130 1411.0
1403140 1407.1
1403150 1407.1
1403160 1403.3
1403170 1399.6
1403180 1399.6
1403190 1395.9
1403200 1392.4
1403210 1392.4
1403220 1389.0
1403230 1386.2
1403240 1386.2
1403250 1383.4
1403260 1380.8
1403270 1378.2
1403280 1378.2
1403290 1375.5
1403300 1373.0
1403310 1373.0
1403320 1370.1
1403330 1368.7
1403340 1368.7
1403350 1365.8
1403360 1362.3
1403370 1362.3
1403380 1358.5
1403390 1353.8
1403400 1353.8
1403410 1348.5
1403420 1344.4
1403430 1343.7
1403440 1343.7
1403450 1343.0
1403460 1340.8
1403470 1340.8
1403480 1340.4
1403490 1341.6
1403500 1341.6
1403510 1344.4
1403520 1351.3
1403530 1351.3
1403540 1357.9
1403550 1361.9
1403560 1361.9
1403570 1364.5
1403580 1365.7
1403590 1366.0
1403600 1366.0
1403610 1366.1
1403620 1366.2
1403630 1366.2
1403640 1366.8
1403650 1367.8
1403660 1367.8
1403670 1368.5
1403680 1369.5
1403690 1369.5
1403700 1370.8
1403710 1372.1
1403720 1372.1
1403730 1374.6
1403740 1376.8
1403750 1378.2
1403760 1378.2
1403770 1379.3
1403780 1380.1
1403790 1380.1
1403800 1381.2
1403810 1383.5
1403820 1383.5
1403830 1386.4
1403840 1389.0
1403850 1389.0
1403860 1390.0
1403870 1390.7
1403880 1390.7
1403890 1391.4
1403900 1392.6
1403910 1392.6
1403920 1393.6
1403930 1394.7
1403940 1396.1
1403950 1396.1
1403960 1398.2
1403970 1400.3
1403980 1400.3
1403990 1402.6
1404000 1405.5
1404010 1405.5
1404020 1408.2
1404030 1411.3
1404040 1411.3
1404050 1414.3
1404060 1415.7
1404070 1415.7
1404080 1414.8
1404090 1415.9
1404100 1417.3
1404110 1417.3
1404120 1418.3
1404130 1420.7
1404140 1420.7
1404150 1424.9
1404160 1429.3
1404170 1429.3
1404180 1434.4
1404190 1439.2
1404200 1439.2
1404210 1442.4
1404220 1447.0
1404230 1447.0
1404240 1451.2
1404250 1455.0
1404260 1458.1
1404270 1458.1
1404280 1460.8
1404290 1462.8
1404300 1462.8
1404310 1464.8
1404320 1467.0
1404330 1467.0
1404340 1469.9
1404350 1472.8
1404360 1472.8
1404370 1477.6
1404380 1482.7
1404390 1482.7
1404400 1486.4
1404410 1489.8
1404420 1492.7
1404430 1492.7
1404440 1495.1
1404450 1497.3
1404460 1497.3
1404470 1498.8
1404480 1500.0
1404490 1500.0
1404500 1501.6
1404510 1502.8
1404520 1507.1
1404530 1507.9
1404540 1508.7
1404550 1508.7
1404560 1509.3
1404570 1509.6
1404580 1510.0
1404590 1510.0
1404600 1511.4
1404610 1512.6
1404620 1512.6
1404630 1513.6
1404640 1514.5
1404650 1514.5
1404660 1515.5
1404670 1516.4
1404680 1516.4
1404690 1517.0
1404700 1517.0
1404710 1517.0
1404720 1516.2
1404730 1514.1
1404740 1511.6
1404750 1511.6
1404760 1510.6
1404770 1509.9
1404780 1509.9
1404790 1509.4
1404800 1508.0
1404810 1508.0
1404820 1505.0
1404830 1501.9
1404840 1501.9
1404850 1503.8
1404860 1510.0
1404870 1510.0
1404880 1514.6
1404890 1519.5
1404900 1519.5
1404910 1525.7
1404920 1530.2
1404930 1531.6
1404940 1531.6
1404950 1531.5
1404960 1531.1
1404970 1531.1
1404980 1530.5
1404990 1529.7
1405000 1529.7
1405010 1528.8
1405020 1527.1
1405030 1527.1
1405040 1525.6
1405050 1525.4
1405060 1525.4
1405070 1525.2
1405080 1524.5
1405090 1523.8
1405100 1523.8
1405110 1523.3
1405120 1522.6
1405130 1522.6
1405140 1521.9
1405150 1520.5
1405160 1520.5
1405170 1518.6
1405180 1517.0
1405190 1517.0
1405200 1515.8
1405210 1514.6
1405220 1514.6
1405230 1513.9
1405240 1513.2
1405250 1512.0
1405260 1512.0
1405270 1509.4
1405280 1505.5
1405290 1505.5
1405300 1501.2
1405310 1497.5
1405320 1497.5
1405330 1496.4
1405340 1495.6
1405350 1495.6
1405360 1494.5
1405370 1491.9
1405380 1491.9
1405390 1488.1
1405400 1482.9
1405410 1476.1
1405420 1476.1
1405430 1469.9
1405440 1464.3
1405450 1464.3
1405460 1460.1
1405470 1455.6
1405480 1455.6
1405490 1450.3
1405500 1444.4
1405510 1444.4
1405520 1438.7
1405530 1433.6
1405540 1433.6
1405550 1429.3
1405560 1425.0
1405570 1420.2
1405580 1420.2
1405590 1414.6
1405600 1408.9
1405610 1408.9
1405620 1403.7
1405630 1398.1
1405640 1398.1
1405650 1392.3
1405660 1387.6
1405670 1387.6
1405680 1384.0
1405690 1380.5
1405700 1380.5
1405710 1377.0
1405720 1372.0
1405730 1367.4
1405740 1367.4
1405750 1365.1
1405760 1362.9
1405770 1362.9
1405780 1360.6
1405790 1358.4
1405800 1358.4
1405810 1356.0
1405820 1353.1
1405830 1353.1
1405840 1350.1
1405850 1347.4
1405860 1347.4
1405870 1344.0
1405880 1340.3
1405890 1340.3
1405900 1338.8
1405910 1339.9
1405920 1342.1
1405930 1342.1
1405940 1345.1
1405950 1347.2
1405960 1347.2
1405970 1346.7
1405980 1345.1
1405990 1345.1
1406000 1343.9
1406010 1342.8
1406020 1342.8
1406030 1342.2
1406040 1341.9
1406050 1341.9
1406060 1341.7
1406070 1342.6
1406080 1343.5
1406090 1343.5
1406100 1343.3
1406110 1343.8
1406120 1343.8
1406130 1343.7
1406140 1340.6
1406150 1340.6
1406160 1333.9
1406170 1326.0
1406180 1326.0
1406190 1317.8
1406200 1308.3
1406210 1308.3
1406220 1301.6
1406230 1301.6
1406240 1302.0
1406250 1302.0
1406260 1304.1
1406270 1308.9
1406280 1308.9
1406290 1313.2
1406300 1317.4
1406310 1317.4
1406320 1322.7
1406330 1328.6
1406340 1328.6
1406350 1333.3
1406360 1336.0
1406370 1336.0
1406380 1338.9
1406390 1341.6
1406400 1340.6
1406410 1340.6
1406420 1338.4
1406430 1343.2
1406440 1343.2
1406450 1345.7
1406460 1346.3
1406470 1346.3
1406480 1346.7
1406490 1350.6
1406500 1350.6
1406510 1352.4
1406520 1354.7
1406530 1354.7
1406540 1357.3
1406550 1359.4
1406560 1360.7
1406570 1360.7
1406580 1361.6
1406590 1361.6
1406600 1361.6
1406610 1362.0
1406620 1362.3
1406630 1362.3
1406640 1362.5
1406650 1363.0
1406660 1363.0
1406670 1361.7
1406680 1356.5
1406690 1356.5
1406700 1352.7
1406710 1348.2
1406720 1342.5
1406730 1342.5
1406740 1338.5
1406750 1336.0
1406760 1336.0
1406770 1333.2
1406780 1329.7
1406790 1329.7
1406800 1326.0
1406810 1323.2
1406820 1323.2
1406830 1322.3
1406840 1320.6
1406850 1320.6
1406860 1317.3
1406870 1315.6
1406880 1315.6
1406890 1314.8
1406900 1314.0
1406910 1316.7
1406920 1316.7
1406930 1318.6
1406940 1320.2
1406950 1320.2
1406960 1320.8
1406970 1320.8
1406980 1320.8
1406990 1319.1
1407000 1316.7
1407010 1316.7
1407020 1315.3
1407030 1314.7
1407040 1314.7
1407050 1313.7
1407060 1313.0
1407070 1310.1
1407080 1310.1
1407090 1302.4
1407100 1294.9
1407110 1294.9
1407120 1298.0
1407130 1298.0
1407140 1298.0
1407150 1293.3
1407160 1290.0
1407170 1290.0
1407180 1285.7
1407190 1282.9
1407200 1282.9
1407210 1282.3
1407220 1281.0
1407230 1280.8
1407240 1280.8
1407250 1282.9
1407260 1286.0
1407270 1286.0
1407280 1287.9
1407290 1291.5
1407300 1291.5
1407310 1291.1
1407320 1285.5
1407330 1285.5
1407340 1286.4
1407350 1289.7
1407360 1289.7
1407370 1290.8
1407380 1288.7
1407390 1287.2
1407400 1287.2
1407410 1289.7
1407420 1289.7
1407430 1289.7
1407440 1285.9
1407450 1282.9
1407460 1282.9
1407470 1278.8
1407480 1275.0
1407490 1275.0
1407500 1272.8
1407510 1271.3
1407520 1271.3
1407530 1270.3
1407540 1270.1
1407550 1270.8
1407560 1270.8
1407570 1269.3
1407580 1265.2
1407590 1265.2
1407600 1265.3
1407610 1267.0
1407620 1267.0
1407630 1268.1
1407640 1267.6
1407650 1267.6
1407660 1265.2
1407670 1261.8
1407680 1261.8
1407690 1257.9
1407700 1255.6
1407710 1254.0
1407720 1254.0
1407730 1254.8
1407740 1253.5
1407750 1253.5
1407760 1252.5
1407770 1252.0
1407780 1252.0
1407790 1251.7
1407800 1251.9
1407810 1251.9
1407820 1252.1
1407830 1251.8
1407840 1251.8
1407850 1252.0
1407860 1252.6
1407870 1252.6
1407880 1252.8
1407890 1252.8
1407900 1252.4
1407910 1252.4
1407920 1251.9
1407930 1251.5
1407940 1251.5
1407950 1251.5
1407960 1251.2
1407970 1251.2
1407980 1250.9
1407990 1250.8
1408000 1250.8
1408010 1250.8
1408020 1250.4
1408030 1250.4
1408040 1250.2
1408050 1250.0
1408060 1249.7
1408070 1249.7
1408080 1249.5
1408090 1249.2
1408100 1249.2
1408110 1248.8
1408120 1248.5
1408130 1248.5
1408140 1248.2
1408150 1247.9
1408160 1247.9
1408170 1247.6
1408180 1247.4
1408190 1247.4
1408200 1247.3
1408210 1247.1
1408220 1246.7
1408230 1246.7
1408240 1246.7
1408250 1246.8
1408260 1246.8
1408270 1246.8
1408280 1246.4
1408290 1246.4
1408300 1245.8
1408310 1245.7
1408320 1245.7
1408330 1245.6
1408340 1245.4
1408350 1245.4
1408360 1245.2
1408370 1244.9
1408380 1244.7
1408390 1244.7
1408400 1244.4
1408410 1244.2
1408420 1244.2
1408430 1243.8
1408440 1243.1
1408450 1243.1
1408460 1243.1
1408470 1243.2
1408480 1243.2
1408490 1243.4
1408500 1243.3
1408510 1243.3
1408520 1243.0
1408530 1242.6
1408540 1242.1
1408550 1242.1
1408560 1241.4
1408570 1240.5
1408580 1240.5
1408590 1240.1
1408600 1240.0
1408610 1240.0
1408620 1240.2
1408630 1240.5
1408640 1240.5
1408650 1240.9
1408660 1241.3
1408670 1241.3
1408680 1241.7
1408690 1242.5
1408700 1243.9
1408710 1243.9
1408720 1244.1
1408730 1242.5
1408740 1242.5
1408750 1240.8
1408760 1240.0
1408770 1240.0
1408780 1239.5
1408790 1239.1
1408800 1239.1
1408810 1239.1
1408820 1239.7
1408830 1239.7
1408840 1241.5
1408850 1245.4
1408860 1245.4
1408870 1248.7
1408880 1248.9
1408890 1249.0
1408900 1249.0
1408910 1248.7
1408920 1247.4
1408930 1247.4
1408940 1244.8
1408950 1243.5
1408960 1243.5
1408970 1242.2
1408980 1242.9
1408990 1242.9
1409000 1243.2
1409010 1244.4
1409020 1244.4
1409030 1246.1
1409040 1246.2
1409050 1245.9
1409060 1245.9
1409070 1245.2
1409080 1245.0
1409090 1245.0
1409100 1245.3
1409110 1244.9
1409120 1244.9
1409130 1244.1
1409140 1243.2
1409150 1243.2
1409160 1242.3
1409170 1241.4
1409180 1241.4
1409190 1241.5
1409200 1241.5
1409210 1241.5
1409220 1241.5
1409230 1241.2
1409240 1240.8
1409250 1240.8
1409260 1240.2
1409270 1239.6
1409280 1239.6
1409290 1239.0
1409300 1238.5
1409310 1238.5
1409320 1237.2
1409330 1236.5
1409340 1236.5
1409350 1236.5
1409360 1236.5
1409370 1236.5
1409380 1237.6
1409390 1237.4
1409400 1237.3
1409410 1237.3
1409420 1237.6
1409430 1238.1
1409440 1238.1
1409450 1238.7
1409460 1238.9
1409470 1238.9
1409480 1238.7
1409490 1238.3
1409500 1238.3
1409510 1237.9
1409520 1237.5
1409530 1237.0
1409540 1237.0
1409550 1236.6
1409560 1236.3
1409570 1236.3
1409580 1236.5
1409590 1237.0
1409600 1237.0
1409610 1237.9
1409620 1238.5
1409630 1238.5
1409640 1239.0
1409650 1240.0
1409660 1240.0
1409670 1241.3
1409680 1242.2
1409690 1242.0
1409700 1242.0
1409710 1241.6
1409720 1240.8
1409730 1240.8
1409740 1239.7
1409750 1239.0
1409760 1239.0
1409770 1238.4
1409780 1237.6
1409790 1237.6
1409800 1237.0
1409810 1237.0
1409820 1237.0
1409830 1237.1
1409840 1237.5
1409850 1237.5
1409860 1238.3
1409870 1239.2
1409880 1240.1
1409890 1240.1
1409900 1241.3
1409910 1242.7
1409920 1242.7
1409930 1243.8
1409940 1244.7
1409950 1244.7
1409960 1245.7
1409970 1247.1
1409980 1247.1
1409990 1248.2
1410000 1249.5
1410010 1249.5
1410020 1250.5
1410030 1251.3
1410040 1252.6
1410050 1252.6
1410060 1253.2
1410070 1254.2
1410080 1254.2
1410090 1255.2
1410100 1256.6
1410110 1256.6
1410120 1258.2
1410130 1258.1
1410140 1258.1
1410150 1258.4
1410160 1258.7
1410170 1258.7
1410180 1259.5
1410190 1259.3
1410200 1258.8
1410210 1258.8
1410220 1260.4
1410230 1263.4
1410240 1263.4
1410250 1266.5
1410260 1269.2
1410270 1269.2
1410280 1270.6
1410290 1271.1
1410300 1271.1
1410310 1270.4
1410320 1269.5
1410330 1269.5
1410340 1267.6
1410350 1266.9
1410360 1266.9
1410370 1266.9
1410380 1267.0
1410390 1266.9
1410400 1266.9
1410410 1266.8
1410420 1267.2
1410430 1267.2
1410440 1268.1
1410450 1268.7
1410460 1268.7
1410470 1268.7
1410480 1268.8
1410490 1268.8
1410500 1268.7
1410510 1268.8
1410520 1269.9
1410530 1269.9
1410540 1270.0
1410550 1269.3
1410560 1269.3
1410570 1268.1
1410580 1266.2
1410590 1266.2
1410600 1265.5
1410610 1265.6
1410620 1265.6
1410630 1265.2
1410640 1265.0
1410650 1265.0
1410660 1265.7
1410670 1267.0
1410680 1267.4
1410690 1267.4
1410700 1266.8
1410710 1264.5
1410720 1264.5
1410730 1262.1
1410740 1261.0
1410750 1261.0
1410760 1259.6
1410770 1257.8
1410780 1257.8
1410790 1255.7
1410800 1254.0
1410810 1254.0
1410820 1253.5
1410830 1253.5
1410840 1253.5
1410850 1252.9
1410860 1252.0
1410870 1251.2
1410880 1251.2
1410890 1249.7
1410900 1247.4
1410910 1247.4
1410920 1248.4
1410930 1251.5
1410940 1251.5
1410950 1254.4
1410960 1258.1
1410970 1258.1
1410980 1258.2
1410990 1256.0
1411000 1256.0
1411010 1254.5
1411020 1254.0
1411030 1252.9
1411040 1252.9
1411050 1250.5
1411060 1247.2
1411070 1248.6
1411080 1246.4
1411090 1244.6
1411100 1244.6
1411110 1245.3
1411120 1250.5
1411130 1250.5
1411140 1256.6
1411150 1262.4
1411160 1262.4
1411170 1266.3
1411180 1269.4
1411190 1269.2
1411200 1269.2
1411210 1271.2
1411220 1274.5
1411230 1274.5
1411240 1275.8
1411250 1277.2
1411260 1277.2
1411270 1279.2
1411280 1282.1
1411290 1282.1
1411300 1284.7
1411310 1287.6
1411320 1287.6
1411330 1291.4
1411340 1294.1
1411350 1296.7
1411360 1296.7
1411370 1299.3
1411380 1301.7
1411390 1301.7
1411400 1304.5
1411410 1307.1
1411420 1307.1
1411430 1309.8
1411440 1312.4
1411450 1312.4
1411460 1314.9
1411470 1316.7
1411480 1316.7
1411490 1318.4
1411500 1319.5
1411510 1321.0
1411520 1321.0
1411530 1323.3
1411540 1325.0
1411550 1325.0
1411560 1326.5
1411570 1327.9
1411580 1327.9
1411590 1329.4
1411600 1328.5
1411610 1328.5
1411620 1327.7
1411630 1331.5
1411640 1331.5
1411650 1333.3
1411660 1333.7
1411670 1334.4
1411680 1334.4
1411690 1334.6
1411700 1334.5
1411710 1334.5
1411720 1334.1
1411730 1333.7
1411740 1333.7
1411750 1334.2
1411760 1334.6
1411770 1334.6
1411780 1335.9
1411790 1338.1
1411800 1338.1
1411810 1340.3
1411820 1342.3
1411830 1342.3
1411840 1343.8
1411850 1344.9
1411860 1346.1
1411870 1346.1
1411880 1347.7
1411890 1349.1
1411900 1349.1
1411910 1350.8
1411920 1351.9
1411930 1351.9
1411940 1353.1
1411950 1353.8
1411960 1353.8
1411970 1355.0
1411980 1356.7
1411990 1356.7
1412000 1358.6
1412010 1360.1
1412020 1361.9
1412030 1361.9
1412040 1364.5
1412050 1366.9
1412060 1366.9
1412070 1368.3
1412080 1370.0
1412090 1370.0
1412100 1371.8
1412110 1372.8
1412120 1372.8
1412130 1373.0
1412140 1373.2
1412150 1373.2
1412160 1373.6
1412170 1375.1
1412180 1376.3
1412190 1376.3
1412200 1376.1
1412210 1374.8
1412220 1374.8
1412230 1376.2
1412240 1376.4
1412250 1376.4
1412260 1376.2
1412270 1378.3
1412280 1378.3
1412290 1381.2
1412300 1384.4
1412310 1384.4
1412320 1388.3
1412330 1390.3
1412340 1393.4
1412350 1393.4
1412360 1396.2
1412370 1397.8
1412380 1397.8
1412390 1398.7
1412400 1399.7
1412410 1399.7
1412420 1401.9
1412430 1403.7
1412440 1403.7
1412450 1405.1
1412460 1407.5
1412470 1407.5
1412480 1410.1
1412490 1412.5
1412500 1414.5
1412510 1414.5
1412520 1415.0
1412530 1415.4
1412540 1415.4
1412550 1416.2
1412560 1417.3
1412570 1417.3
1412580 1418.0
1412590 1418.8
1412600 1418.8
1412610 1419.1
1412620 1419.1
1412630 1419.1
1412640 1418.7
1412650 1418.2
1412660 1418.3
1412670 1418.3
1412680 1418.1
1412690 1417.8
1412700 1417.8
1412710 1416.9
1412720 1415.7
1412730 1415.7
1412740 1414.0
1412750 1409.2
1412760 1409.2
1412770 1399.8
1412780 1389.8
1412790 1389.8
1412800 1381.2
1412810 1378.1
1412820 1378.1
1412830 1369.0
1412840 1360.4
1412850 1353.9
1412860 1353.9
1412870 1350.5
1412880 1348.8
1412890 1348.8
1412900 1345.5
1412910 1338.3
1412920 1338.3
1412930 1330.9
1412940 1324.5
1412950 1324.5
1412960 1319.8
1412970 1317.7
1412980 1317.7
1412990 1315.5
1413000 1309.7
1413010 1300.5
1413020 1300.5
1413030 1307.1
1413040 1320.1
1413050 1320.1
1413060 1328.3
1413070 1333.9
1413080 1333.9
1413090 1340.9
1413100 1348.5
1413110 1348.5
1413120 1355.8
1413130 1362.2
1413140 1362.2
1413150 1368.9
1413160 1376.8
1413170 1384.6
1413180 1384.6
1413190 1390.7
1413200 1396.7
1413210 1396.7
1413220 1404.3
1413230 1411.6
1413240 1411.6
1413250 1420.4
1413260 1427.4
1413270 1427.4
1413280 1432.6
1413290 1438.0
1413300 1438.0
1413310 1442.6
1413320 1446.5
1413330 1450.5
1413340 1450.5
1413350 1454.4
1413360 1457.9
1413370 1457.9
1413380 1461.3
1413390 1464.5
1413400 1464.5
1413410 1466.0
1413420 1467.2
1413430 1467.2
1413440 1471.5
1413450 1474.8
1413460 1474.8
1413470 1477.0
1413480 1479.9
1413490 1483.0
1413500 1483.0
1413510 1485.8
1413520 1488.3
1413530 1488.3
1413540 1490.8
1413550 1492.9
1413560 1492.9
1413570 1495.3
1413580 1497.5
1413590 1497.5
1413600 1499.6
1413610 1501.5
1413620 1501.5
1413630 1503.3
1413640 1504.8
1413650 1506.3
1413660 1506.3
1413670 1507.4
1413680 1508.0
1413690 1508.0
1413700 1508.6
1413710 1509.0
1413720 1509.0
1413730 1509.0
1413740 1509.1
1413750 1509.1
1413760 1509.1
1413770 1509.1
1413780 1509.1
1413790 1508.8
1413800 1508.5
1413810 1508.5
1413820 1508.1
1413830 1507.5
1413840 1506.8
1413850 1506.8
1413860 1506.1
1413870 1505.3
1413880 1505.3
1413890 1504.4
1413900 1504.0
1413910 1504.0
1413920 1503.9
1413930 1503.3
1413940 1503.3
1413950 1503.1
1413960 1503.0
1413970 1503.0
1413980 1503.2
1413990 1503.9
1414000 1504.6
1414010 1504.6
1414020 1505.2
1414030 1505.7
1414040 1505.7
1414050 1505.7
1414060 1505.4
1414070 1505.4
1414080 1505.7
1414090 1506.1
1414100 1506.1
1414110 1507.4
1414120 1508.4
1414130 1508.4
1414140 1508.8
1414150 1510.9
1414160 1512.5
1414170 1512.5
1414180 1513.5
1414190 1513.6
1414200 1513.6
1414210 1511.6
1414220 1506.1
1414230 1506.1
1414240 1499.9
1414250 1502.0
1414260 1502.0
1414270 1507.3
1414280 1513.3
1414290 1513.3
1414300 1517.9
1414310 1519.5
1414320 1519.5
1414330 1519.5
1414340 1519.8
1414350 1521.6
1414360 1521.6
1414370 1522.9
1414380 1523.3
1414390 1523.3
1414400 1523.4
1414410 1523.2
1414420 1523.2
1414430 1522.7
1414440 1522.1
1414450 1522.1
1414460 1522.1
1414470 1521.4
1414480 1520.3
1414490 1520.3
1414500 1519.6
1414510 1519.0
1414520 1519.0
1414530 1519.1
1414540 1518.7
1414550 1518.7
1414560 1518.4
1414570 1517.9
1414580 1517.9
1414590 1524.3
1414600 1524.0
1414610 1524.0
1414620 1523.3
1414630 1522.6
1414640 1521.0
1414650 1521.0
1414660 1518.1
1414670 1516.1
1414680 1516.1
1414690 1513.7
1414700 1510.2
1414710 1510.2
1414720 1509.3
1414730 1508.0
1414740 1508.0
1414750 1506.3
1414760 1504.2
1414770 1504.2
1414780 1502.3
1414790 1500.1
1414800 1500.1
1414810 1498.7
1414820 1495.9
1414830 1492.1
1414840 1492.1
1414850 1487.9
1414860 1482.5
1414870 1482.5
1414880 1481.6
1414890 1484.5
1414900 1484.5
1414910 1488.3
1414920 1492.7
1414930 1492.7
1414940 1493.7
1414950 1494.7
1414960 1494.7
1414970 1495.7
1414980 1497.0
1414990 1497.1
1415000 1497.1
1415010 1494.4
1415020 1495.3
1415030 1495.3
1415040 1495.6
1415050 1494.9
1415060 1494.9
1415070 1493.1
1415080 1491.1
1415090 1491.1
1415100 1489.5
1415110 1488.0
1415120 1488.0
1415130 1487.2
1415140 1485.5
1415150 1484.9
1415160 1484.9
1415170 1483.5
1415180 1481.4
1415190 1481.4
1415200 1480.3
1415210 1478.9
1415220 1478.9
1415230 1477.5
1415240 1477.2
1415250 1477.2
1415260 1476.3
1415270 1475.6
1415280 1475.6
1415290 1474.4
1415300 1473.4
1415310 1472.4
1415320 1472.4
1415330 1470.8
1415340 1469.5
1415350 1469.5
1415360 1468.5
1415370 1467.4
1415380 1467.4
1415390 1465.8
1415400 1464.8
1415410 1464.8
1415420 1463.4
1415430 1461.9
1415440 1461.9
1415450 1460.6
1415460 1459.6
1415470 1458.3
1415480 1458.3
1415490 1456.9
1415500 1456.3
1415510 1456.3
1415520 1454.6
1415530 1452.3
1415540 1452.3
1415550 1451.3
1415560 1450.1
1415570 1450.1
1415580 1448.7
1415590 1447.9
1415600 1447.9
1415610 1446.6
1415620 1445.2
1415630 1443.4
1415640 1443.4
1415650 1439.7
1415660 1435.9
1415670 1435.9
1415680 1432.6
1415690 1429.6
1415700 1429.6
1415710 1425.3
1415720 1421.4
1415730 1421.4
1415740 1419.9
1415750 1419.6
1415760 1419.6
1415770 1420.1
1415780 1420.4
1415790 1420.4
1415800 1421.5
1415810 1422.5
1415820 1423.9
1415830 1423.9
1415840 1424.3
1415850 1423.8
1415860 1423.8
1415870 1422.6
1415880 1421.3
1415890 1421.3
1415900 1420.0
1415910 1419.0
1415920 1419.0
1415930 1417.8
1415940 1416.2
1415950 1416.2
1415960 1414.3
1415970 1412.8
1415980 1411.2
1415990 1411.2
1416000 1409.6
1416010 1407.9
1416020 1407.9
1416030 1406.7
1416040 1405.0
1416050 1405.0
1416060 1403.4
1416070 1402.4
1416080 1402.4
1416090 1400.3
1416100 1397.6
1416110 1397.6
1416120 1394.7
1416130 1393.6
1416140 1391.7
1416150 1391.7
1416160 1390.4
1416170 1389.3
1416180 1389.3
1416190 1386.9
1416200 1384.6
1416210 1384.6
1416220 1382.7
1416230 1379.6
1416240 1379.6
1416250 1376.6
1416260 1373.7
1416270 1373.7
1416280 1370.6
1416290 1368.2
1416300 1365.4
1416310 1365.4
1416320 1361.5
1416330 1356.7
1416340 1356.7
1416350 1352.4
1416360 1349.4
1416370 1349.4
1416380 1347.2
1416390 1343.6
1416400 1343.6
1416410 1334.0
1416420 1327.3
1416430 1327.3
1416440 1320.9
1416450 1315.8
1416460 1310.0
1416470 1310.0
1416480 1304.8
1416490 1300.5
1416500 1300.5
1416510 1296.5
1416520 1291.0
1416530 1291.0
1416540 1285.6
1416550 1280.4
1416560 1280.4
1416570 1273.7
1416580 1268.7
1416590 1268.7
1416600 1264.5
1416610 1261.1
1416620 1257.9
1416630 1257.9
1416640 1257.0
1416650 1253.2
1416660 1253.2
1416670 1247.8
1416680 1242.3
1416690 1242.3
1416700 1237.8
1416710 1231.5
1416720 1231.5
1416730 1223.5
1416740 1215.2
1416750 1215.2
1416760 1207.1
1416770 1198.4
1416780 1198.4
1416790 1190.3
1416800 1184.1
1416810 1180.9
1416820 1180.9
1416830 1176.7
1416840 1171.7
1416850 1171.7
1416860 1166.3
1416870 1163.1
1416880 1163.1
1416890 1159.7
1416900 1160.0
1416910 1160.0
1416920 1162.5
1416930 1164.6
1416940 1164.6
1416950 1167.2
1416960 1169.7
1416970 1172.3
1416980 1172.3
1416990 1173.9
1417000 1176.3
1417010 1176.3
1417020 1177.2
1417030 1175.1
1417040 1175.1
1417050 1173.4
1417060 1171.3
1417070 1171.3
1417080 1169.8
1417090 1169.3
1417100 1169.3
1417110 1168.2
1417120 1168.1
1417130 1169.0
1417140 1169.0
1417150 1168.6
1417160 1169.8
1417170 1169.8
1417180 1171.1
1417190 1172.7
1417200 1172.7
1417210 1173.8
1417220 1174.3
1417230 1174.3
1417240 1174.9
1417250 1175.0
1417260 1175.0
1417270 1174.7
1417280 1174.9
1417290 1175.5
1417300 1175.5
1417310 1176.6
1417320 1177.9
1417330 1177.9
1417340 1179.4
1417350 1181.3
1417360 1181.3
1417370 1184.1
1417380 1186.4
1417390 1186.4
1417400 1188.1
1417410 1189.3
1417420 1189.3
1417430 1190.0
1417440 1190.5
1417450 1191.4
1417460 1191.4
1417470 1192.9
1417480 1196.1
1417490 1196.1
1417500 1201.3
1417510 1207.1
1417520 1207.1
1417530 1214.1
1417540 1215.6
1417550 1215.6
1417560 1215.9
1417570 1216.9
1417580 1216.9
1417590 1218.1
1417600 1220.2
1417610 1222.8
1417620 1222.8
1417630 1226.3
1417640 1227.7
1417650 1227.7
1417660 1231.3
1417670 1236.8
1417680 1236.8
1417690 1239.5
1417700 1243.8
1417710 1243.8
1417720 1249.4
1417730 1252.9
1417740 1252.9
1417750 1256.0
1417760 1259.1
1417770 1259.1
1417780 1262.2
1417790 1264.0
1417800 1265.1
1417810 1265.1
1417820 1265.4
1417830 1266.0
1417840 1266.0
1417850 1266.7
1417860 1266.4
1417870 1266.4
1417880 1266.7
1417890 1267.1
1417900 1267.1
1417910 1266.7
1417920 1266.4
1417930 1266.4
1417940 1267.5
1417950 1269.2
1417960 1270.5
1417970 1270.5
1417980 1271.4
1417990 1271.4
1418000 1271.4
1418010 1270.7
1418020 1270.2
1418030 1270.2
1418040 1270.4
1418050 1270.5
1418060 1270.5
1418070 1270.2
1418080 1270.1
1418090 1270.1
1418100 1269.9
1418110 1269.3
1418120 1268.2
1418130 1268.2
1418140 1267.3
1418150 1266.8
1418160 1266.8
1418170 1266.0
1418180 1265.7
1418190 1265.7
1418200 1265.2
1418210 1264.4
1418220 1264.4
1418230 1263.6
1418240 1262.6
1418250 1262.6
1418260 1261.9
1418270 1261.2
1418280 1260.3
1418290 1264.8
1418300 1263.8
1418310 1262.3
1418320 1262.3
1418330 1260.0
1418340 1256.7
1418350 1256.7
1418360 1252.3
1418370 1246.7
1418380 1246.7
1418390 1241.1
1418400 1234.8
1418410 1234.8
1418420 1228.8
1418430 1223.2
1418440 1216.1
1418450 1216.1
1418460 1207.7
1418470 1198.3
1418480 1198.3
1418490 1188.5
1418500 1178.4
1418510 1178.4
1418520 1172.2
1418530 1164.6
1418540 1164.6
1418550 1159.3
1418560 1157.6
1418570 1157.6
1418580 1158.0
1418590 1159.4
1418600 1161.8
1418610 1161.8
1418620 1163.8
1418630 1166.3
1418640 1166.3
1418650 1168.2
1418660 1170.1
1418670 1170.1
1418680 1171.5
1418690 1172.4
1418700 1172.4
1418710 1172.8
1418720 1172.0
1418730 1172.0
1418740 1170.5
1418750 1168.8
1418760 1167.4
1418770 1167.4
1418780 1166.8
1418790 1166.2
1418800 1166.2
1418810 1166.1
1418820 1166.7
1418830 1166.7
1418840 1167.5
1418850 1168.9
1418860 1168.9
1418870 1170.9
1418880 1172.5
1418890 1172.5
1418900 1173.8
1418910 1173.9
1418920 1173.9
1418930 1173.3
1418940 1174.5
1418950 1175.8
1418960 1175.8
1418970 1177.1
1418980 1180.5
1418990 1180.5
1419000 1183.2
1419010 1184.8
1419020 1184.8
1419030 1186.3
1419040 1188.7
1419050 1188.7
1419060 1190.6
1419070 1190.2
1419080 1190.2
1419090 1187.9
1419100 1185.2
1419110 1181.8
1419120 1181.8
1419130 1178.5
1419140 1175.9
1419150 1175.9
1419160 1174.1
1419170 1172.3
1419180 1172.3
1419190 1171.7
1419200 1168.8
1419210 1168.8
1419220 1164.5
1419230 1162.2
1419240 1162.2
1419250 1161.6
1419260 1161.1
1419270 1160.4
1419280 1160.4
1419290 1158.1
1419300 1155.7
1419310 1155.7
1419320 1153.2
1419330 1150.5
1419340 1150.5
1419350 1149.2
1419360 1148.0
1419370 1148.0
1419380 1144.2
1419390 1142.5
1419400 1142.5
1419410 1144.3
1419420 1147.3
1419430 1150.7
1419440 1150.7
1419450 1153.0
1419460 1155.4
1419470 1155.4
1419480 1157.2
1419490 1157.4
1419500 1157.4
1419510 1157.1
1419520 1156.6
1419530 1156.6
1419540 1157.1
1419550 1162.5
1419560 1162.5
1419570 1169.0
1419580 1176.0
1419590 1182.5
1419600 1182.5
1419610 1187.1
1419620 1189.7
1419630 1189.7
1419640 1190.4
1419650 1189.2
1419660 1189.2
1419670 1189.6
1419680 1195.7
1419690 1195.7
1419700 1199.9
1419710 1203.0
1419720 1203.0
1419730 1205.2
1419740 1206.0
1419750 1204.1
1419760 1204.1
1419770 1200.7
1419780 1208.1
1419790 1208.1
1419800 1209.9
1419810 1210.1
1419820 1210.1
1419830 1211.1
1419840 1212.5
1419850 1212.5
1419860 1213.3
1419870 1212.1
1419880 1212.1
1419890 1211.7
1419900 1211.6
1419910 1211.6
1419920 1211.7
1419930 1211.6
1419940 1211.6
1419950 1211.6
1419960 1211.1
1419970 1210.6
1419980 1210.6
1419990 1210.1
