1400000 2077.8
1400010 2077.8
1400020 2074.1
1400030 2072.7
1400040 2072.7
1400050 2071.0
1400060 2070.4
1400070 2070.4
1400080 2070.2
1400090 2070.2
1400100 2070.2
1400110 2070.1
1400120 2069.9
1400130 2069.9
1400140 2069.7
1400150 2068.7
1400160 2068.4
1400170 2068.4
1400180 2069.2
1400190 2069.6
1400200 2069.6
1400210 2070.1
1400220 2070.4
1400230 2070.4
1400240 2070.2
1400250 2071.1
1400260 2071.1
1400270 2072.2
1400280 2071.8
1400290 2071.8
1400300 2069.5
1400310 2065.2
1400320 2058.8
1400330 2058.8
1400340 2052.4
1400350 2047.6
1400360 2047.6
1400370 2045.4
1400380 2045.7
1400390 2045.7
1400400 2045.9
1400410 2045.5
1400420 2045.5
1400430 2044.0
1400440 2041.7
1400450 2041.7
1400460 2040.3
1400470 2037.9
1400480 2037.9
1400490 2035.7
1400500 2034.4
1400510 2032.0
1400520 2032.0
1400530 2029.5
1400540 2026.8
1400550 2026.8
1400560 2023.4
1400570 2021.1
1400580 2021.1
1400590 2019.6
1400600 2018.9
1400610 2018.9
1400620 2018.4
1400630 2018.8
1400640 2018.8
1400650 2020.3
1400660 2022.7
1400670 2024.8
1400680 2024.8
1400690 2027.0
1400700 2029.3
1400710 2029.3
1400720 2031.7
1400730 2035.3
1400740 2035.3
1400750 2038.8
1400760 2041.6
1400770 2041.6
1400780 2044.1
1400790 2046.3
1400800 2046.3
1400810 2048.4
1400820 2050.0
1400830 2051.3
1400840 2051.3
1400850 2052.4
1400860 2053.3
1400870 2053.3
1400880 2054.9
1400890 2057.5
1400900 2057.5
1400910 2061.4
1400920 2066.6
1400930 2066.6
1400940 2071.7
1400950 2076.7
1400960 2076.7
1400970 2082.2
1400980 2085.2
1400990 2085.2
1401000 2085.2
1401010 2084.5
1401020 2084.1
1401030 2084.1
1401040 2083.2
1401050 2080.8
1401060 2080.8
1401070 2078.3
1401080 2077.2
1401090 2077.2
1401100 2076.4
1401110 2074.7
1401120 2074.7
1401130 2070.9
1401140 2066.4
1401150 2061.0
1401160 2061.0
1401170 2055.5
1401180 2050.3
1401190 2050.3
1401200 2046.3
1401210 2043.5
1401220 2043.5
1401230 2040.7
1401240 2037.7
1401250 2037.7
1401260 2033.6
1401270 2028.8
1401280 2028.8
1401290 2025.2
1401300 2022.1
1401310 2018.8
1401320 2018.8
1401330 2015.2
1401340 2012.1
1401350 2012.1
1401360 2009.2
1401370 2005.8
1401380 2005.8
1401390 2002.5
1401400 1998.7
1401410 1998.7
1401420 1994.5
1401430 1989.7
1401440 1989.7
1401450 1984.6
1401460 1979.5
1401470 1979.5
1401480 1973.9
1401490 1967.7
1401500 1961.8
1401510 1961.8
1401520 1956.1
1401530 1950.2
1401540 1950.2
1401550 1944.8
1401560 1939.9
1401570 1939.9
1401580 1932.7
1401590 1926.2
1401600 1926.2
1401610 1920.3
1401620 1914.2
1401630 1914.2
1401640 1907.4
1401650 1901.4
1401660 1896.3
1401670 1896.3
1401680 1890.9
1401690 1885.7
1401700 1885.7
1401710 1880.3
1401720 1874.5
1401730 1874.5
1401740 1869.4
1401750 1863.8
1401760 1863.8
1401770 1858.6
1401780 1854.8
1401790 1853.4
1401800 1848.3
1401810 1843.5
1401820 1839.1
1401830 1839.1
1401840 1833.7
1401850 1828.0
1401860 1828.0
1401870 1825.6
1401880 1822.3
1401890 1822.3
1401900 1816.7
1401910 1811.5
1401920 1811.5
1401930 1806.3
1401940 1801.3
1401950 1801.3
1401960 1796.7
1401970 1792.8
1401980 1789.1
1401990 1789.1
1402000 1784.8
1402010 1780.3
1402020 1780.3
1402030 1777.2
1402040 1773.0
1402050 1773.0
1402060 1767.3
1402070 1761.5
1402080 1761.5
1402090 1756.4
1402100 1750.4
1402110 1750.4
1402120 1744.8
1402130 1738.2
1402140 1733.9
1402150 1733.9
1402160 1731.4
1402170 1727.1
1402180 1727.1
1402190 1722.0
1402200 1714.7
1402210 1714.7
1402220 1711.1
1402230 1712.4
1402240 1712.4
1402250 1713.3
1402260 1713.0
1402270 1713.0
1402280 1711.7
1402290 1710.8
1402300 1709.7
1402310 1709.7
1402320 1707.9
1402330 1705.8
1402340 1705.8
1402350 1703.7
1402360 1701.6
1402370 1701.6
1402380 1698.9
1402390 1695.5
1402400 1695.5
1402410 1691.8
1402420 1688.1
1402430 1688.1
1402440 1683.9
1402450 1677.6
1402460 1677.6
1402470 1665.3
1402480 1652.7
1402490 1642.1
1402500 1642.1
1402510 1633.6
1402520 1631.3
1402530 1631.3
1402540 1626.8
1402550 1618.6
1402560 1618.6
1402570 1609.1
1402580 1603.5
1402590 1603.5
1402600 1595.0
1402610 1585.2
1402620 1585.2
1402630 1576.6
1402640 1565.8
1402650 1553.0
1402660 1553.0
1402670 1544.9
1402680 1537.7
1402690 1537.7
1402700 1530.6
1402710 1524.9
1402720 1524.9
1402730 1519.1
1402740 1513.0
1402750 1513.0
1402760 1506.3
1402770 1499.3
1402780 1499.3
1402790 1493.6
1402800 1488.2
1402810 1483.1
1402820 1483.1
1402830 1478.0
1402840 1472.8
1402850 1472.8
1402860 1467.5
1402870 1462.9
1402880 1462.9
1402890 1459.2
1402900 1455.2
1402910 1455.2
1402920 1450.7
1402930 1445.7
1402940 1445.7
1402950 1440.5
1402960 1435.5
1402970 1430.8
1402980 1430.8
1402990 1426.0
1403000 1419.7
1403010 1419.7
1403020 1413.5
1403030 1409.2
1403040 1409.2
1403050 1405.8
1403060 1402.8
1403070 1402.8
1403080 1399.2
1403090 1396.8
1403100 1396.8
1403110 1394.7
1403120 1392.1
1403130 1388.9
1403140 1388.9
1403150 1385.5
1403160 1381.5
1403170 1381.5
1403180 1377.5
1403190 1371.2
1403200 1371.2
1403210 1365.7
1403220 1365.7
1403230 1365.7
1403240 1370.9
1403250 1376.3
1403260 1376.3
1403270 1382.0
1403280 1387.8
1403290 1393.7
1403300 1393.7
1403310 1400.4
1403320 1404.8
1403330 1404.8
1403340 1406.3
1403350 1407.8
1403360 1407.8
1403370 1409.6
1403380 1412.6
1403390 1412.6
1403400 1416.8
1403410 1421.5
1403420 1421.5
1403430 1426.1
1403440 1429.6
1403450 1432.6
1403460 1432.6
1403470 1435.6
1403480 1440.3
1403490 1440.3
1403500 1444.8
1403510 1448.7
1403520 1448.7
1403530 1452.2
1403540 1454.6
1403550 1454.6
1403560 1456.5
1403570 1458.0
1403580 1458.0
1403590 1459.1
1403600 1462.2
1403610 1462.2
1403620 1466.8
1403630 1472.1
1403640 1477.0
1403650 1477.0
1403660 1481.1
1403670 1482.9
1403680 1482.9
1403690 1483.9
1403700 1486.8
1403710 1486.8
1403720 1488.7
1403730 1491.4
1403740 1491.4
1403750 1496.5
1403760 1501.7
1403770 1501.7
1403780 1506.1
1403790 1510.1
1403800 1514.2
1403810 1514.2
1403820 1518.3
1403830 1520.6
1403840 1520.6
1403850 1522.2
1403860 1525.9
1403870 1525.9
1403880 1532.0
1403890 1538.3
1403900 1538.3
1403910 1543.5
1403920 1549.2
1403930 1549.2
1403940 1557.5
1403950 1563.8
1403960 1565.7
1403970 1565.7
1403980 1565.9
1403990 1567.9
1404000 1567.9
1404010 1570.3
1404020 1573.2
1404030 1573.2
1404040 1576.8
1404050 1579.8
1404060 1579.8
1404070 1579.6
1404080 1580.0
1404090 1580.0
1404100 1582.5
1404110 1584.8
1404120 1584.5
1404130 1584.5
1404140 1582.7
1404150 1581.2
1404160 1581.2
1404170 1581.2
1404180 1583.3
1404190 1583.3
1404200 1585.9
1404210 1590.0
1404220 1590.0
1404230 1595.6
1404240 1602.1
1404250 1602.1
1404260 1607.2
1404270 1611.6
1404280 1617.0
1404290 1617.0
1404300 1622.8
1404310 1629.2
1404320 1629.2
1404330 1635.6
1404340 1641.9
1404350 1641.9
1404360 1647.8
1404370 1653.5
1404380 1653.5
1404390 1658.8
1404400 1663.4
1404410 1663.4
1404420 1666.5
1404430 1670.1
1404440 1674.2
1404450 1674.2
1404460 1677.9
1404470 1680.6
1404480 1680.6
1404490 1683.1
1404500 1686.9
1404510 1686.9
1404520 1691.2
1404530 1694.5
1404540 1694.5
1404550 1697.8
1404560 1700.6
1404570 1700.6
1404580 1704.0
1404590 1707.6
1404600 1707.6
1404610 1710.4
1404620 1712.2
1404630 1712.9
1404640 1712.9
1404650 1713.7
1404660 1713.9
1404670 1713.9
1404680 1713.8
1404690 1713.9
1404700 1713.9
1404710 1714.3
1404720 1714.8
1404730 1714.8
1404740 1716.2
1404750 1718.2
1404760 1718.2
1404770 1719.3
1404780 1719.9
1404790 1719.9
1404800 1719.9
1404810 1719.3
1404820 1718.1
1404830 1718.1
1404840 1716.8
1404850 1715.3
1404860 1715.3
1404870 1713.5
1404880 1717.0
1404890 1717.0
1404900 1715.3
1404910 1713.1
1404920 1713.1
1404930 1711.3
1404940 1708.4
1404950 1704.8
1404960 1704.8
1404970 1701.8
1404980 1699.2
1404990 1699.2
1405000 1697.3
1405010 1694.9
1405020 1694.9
1405030 1692.8
1405040 1690.5
1405050 1690.5
1405060 1688.4
1405070 1686.4
1405080 1686.4
1405090 1683.8
1405100 1680.5
1405110 1677.7
1405120 1677.7
1405130 1674.7
1405140 1671.3
1405150 1671.3
1405160 1667.7
1405170 1663.3
1405180 1663.3
1405190 1657.9
1405200 1651.2
1405210 1651.2
1405220 1643.9
1405230 1636.7
1405240 1636.7
1405250 1629.5
1405260 1622.2
1405270 1614.4
1405280 1614.4
1405290 1605.6
1405300 1596.6
1405310 1596.6
1405320 1586.5
1405330 1577.5
1405340 1577.5
1405350 1571.3
1405360 1564.4
1405370 1564.4
1405380 1557.1
1405390 1549.5
1405400 1549.5
1405410 1541.6
1405420 1533.4
1405430 1524.9
1405440 1524.9
1405450 1517.0
1405460 1509.8
1405470 1509.8
1405480 1502.3
1405490 1494.1
1405500 1494.1
1405510 1486.8
1405520 1479.6
1405530 1479.6
1405540 1472.5
1405550 1465.6
1405560 1465.6
1405570 1458.5
1405580 1454.6
1405590 1448.6
1405600 1448.6
1405610 1442.4
1405620 1436.9
1405630 1436.9
1405640 1432.1
1405650 1427.6
1405660 1427.6
1405670 1423.6
1405680 1419.6
1405690 1419.6
1405700 1416.2
1405710 1413.2
1405720 1413.2
1405730 1410.2
1405740 1407.6
1405750 1407.6
1405760 1405.3
1405770 1403.0
1405780 1400.4
1405790 1400.4
1405800 1396.9
1405810 1394.0
1405820 1394.0
1405830 1391.6
1405840 1389.9
1405850 1389.9
1405860 1388.0
1405870 1385.6
1405880 1385.6
1405890 1382.7
1405900 1380.8
1405910 1380.8
1405920 1378.7
1405930 1376.8
1405940 1372.5
1405950 1372.5
1405960 1368.6
1405970 1366.6
1405980 1366.6
1405990 1365.9
1406000 1366.9
1406010 1366.9
1406020 1366.1
1406030 1365.8
1406040 1365.8
1406050 1368.0
1406060 1372.8
1406070 1372.8
1406080 1379.1
1406090 1385.4
1406100 1391.7
1406110 1391.7
1406120 1397.9
1406130 1406.4
1406140 1406.4
1406150 1415.2
1406160 1421.7
1406170 1421.7
1406180 1427.3
1406190 1433.4
1406200 1433.4
1406210 1439.4
1406220 1445.6
1406230 1445.6
1406240 1451.7
1406250 1457.8
1406260 1463.5
1406270 1463.5
1406280 1469.1
1406290 1475.6
1406300 1475.6
1406310 1482.3
1406320 1488.5
1406330 1488.5
1406340 1494.6
1406350 1501.2
1406360 1501.2
1406370 1509.0
1406380 1514.0
1406390 1514.0
1406400 1516.0
1406410 1516.6
1406420 1517.5
1406430 1517.5
1406440 1519.9
1406450 1521.5
1406460 1521.5
1406470 1523.6
1406480 1530.6
1406490 1530.6
1406500 1533.4
1406510 1537.3
1406520 1537.3
1406530 1541.4
1406540 1545.6
1406550 1545.6
1406560 1548.2
1406570 1548.7
1406580 1548.5
1406590 1548.5
1406600 1547.9
1406610 1547.1
1406620 1547.1
1406630 1546.0
1406640 1545.6
1406650 1545.6
1406660 1544.8
1406670 1543.5
1406680 1543.5
1406690 1541.4
1406700 1539.0
1406710 1539.0
1406720 1538.2
1406730 1537.9
1406740 1537.4
1406750 1537.4
1406760 1536.1
1406770 1535.4
1406780 1535.4
1406790 1535.0
1406800 1533.9
1406810 1533.9
1406820 1532.2
1406830 1530.0
1406840 1530.0
1406850 1527.8
1406860 1526.4
1406870 1526.4
1406880 1525.7
1406890 1525.2
1406900 1525.2
1406910 1525.7
1406920 1526.4
1406930 1526.0
1406940 1526.0
1406950 1524.7
1406960 1522.4
1406970 1522.4
1406980 1521.0
1406990 1520.2
1407000 1520.2
1407010 1519.2
1407020 1518.4
1407030 1518.4
1407040 1518.6
1407050 1517.5
1407060 1517.5
1407070 1515.6
1407080 1513.8
1407090 1512.5
1407100 1512.5
1407110 1511.2
1407120 1510.5
1407130 1510.5
1407140 1509.9
1407150 1509.3
1407160 1509.3
1407170 1508.1
1407180 1506.3
1407190 1506.3
1407200 1504.2
1407210 1503.6
1407220 1503.6
1407230 1503.1
1407240 1502.9
1407250 1502.2
1407260 1502.2
1407270 1501.8
1407280 1500.4
1407290 1500.4
1407300 1500.1
1407310 1500.0
1407320 1500.0
1407330 1496.1
1407340 1487.5
1407350 1487.5
1407360 1480.0
1407370 1472.1
1407380 1472.1
1407390 1461.6
1407400 1450.1
1407410 1438.6
1407420 1438.6
1407430 1429.6
1407440 1421.7
1407450 1421.7
1407460 1417.3
1407470 1422.0
1407480 1422.0
1407490 1428.8
1407500 1438.8
1407510 1438.8
1407520 1449.4
1407530 1457.9
1407540 1457.9
1407550 1462.2
1407560 1461.1
1407570 1461.6
1407580 1461.6
1407590 1463.7
1407600 1463.6
1407610 1463.6
1407620 1456.9
1407630 1446.4
1407640 1446.4
1407650 1437.8
1407660 1437.4
1407670 1437.4
1407680 1443.0
1407690 1449.8
1407700 1449.8
1407710 1457.6
1407720 1464.5
1407730 1469.7
1407740 1469.7
1407750 1474.4
1407760 1477.8
1407770 1477.8
1407780 1478.5
1407790 1478.4
1407800 1478.4
1407810 1477.6
1407820 1476.6
1407830 1476.6
1407840 1476.2
1407850 1475.5
1407860 1475.5
1407870 1474.1
1407880 1472.4
1407890 1472.4
1407900 1470.8
1407910 1470.1
1407920 1468.7
1407930 1468.7
1407940 1467.4
1407950 1465.6
1407960 1465.6
1407970 1462.9
1407980 1460.5
1407990 1460.5
1408000 1458.4
1408010 1457.1
1408020 1457.1
1408030 1453.7
1408040 1450.4
1408050 1450.4
1408060 1449.0
1408070 1446.5
1408080 1442.6
1408090 1442.6
1408100 1438.6
1408110 1440.1
1408120 1440.1
1408130 1437.5
1408140 1433.4
1408150 1433.4
1408160 1429.1
1408170 1425.5
1408180 1425.5
1408190 1421.1
1408200 1416.5
1408210 1416.5
1408220 1411.6
1408230 1407.1
1408240 1403.2
1408250 1403.2
1408260 1399.7
1408270 1395.8
1408280 1395.8
1408290 1391.9
1408300 1387.5
1408310 1387.5
1408320 1382.2
1408330 1376.4
1408340 1376.4
1408350 1371.3
1408360 1366.9
1408370 1366.9
1408380 1363.8
1408390 1361.0
1408400 1358.3
1408410 1358.3
1408420 1356.3
1408430 1354.5
1408440 1354.5
1408450 1353.0
1408460 1350.5
1408470 1350.5
1408480 1348.2
1408490 1345.5
1408500 1345.5
1408510 1344.0
1408520 1341.4
1408530 1341.4
1408540 1340.6
1408550 1342.8
1408560 1343.0
1408570 1343.0
1408580 1339.6
1408590 1333.7
1408600 1333.7
1408610 1329.1
1408620 1325.8
1408630 1325.8
1408640 1322.6
1408650 1317.3
1408660 1317.3
1408670 1311.4
1408680 1307.9
1408690 1307.9
1408700 1303.4
1408710 1301.0
1408720 1300.9
1408730 1300.9
1408740 1297.9
1408750 1293.0
1408760 1293.0
1408770 1289.9
1408780 1287.5
1408790 1287.5
1408800 1283.8
1408810 1281.9
1408820 1281.9
1408830 1280.4
1408840 1282.2
1408850 1282.2
1408860 1282.5
1408870 1283.6
1408880 1284.9
1408890 1284.9
1408900 1285.9
1408910 1287.3
1408920 1287.3
1408930 1293.0
1408940 1299.2
1408950 1299.2
1408960 1306.7
1408970 1312.0
1408980 1312.0
1408990 1313.1
1409000 1314.6
1409010 1314.6
1409020 1316.2
1409030 1318.3
1409040 1318.3
1409050 1321.0
1409060 1323.9
1409070 1326.8
1409080 1326.8
1409090 1329.2
1409100 1332.6
1409110 1332.6
1409120 1337.1
1409130 1342.4
1409140 1342.4
1409150 1347.8
1409160 1352.7
1409170 1352.7
1409180 1358.2
1409190 1364.2
1409200 1364.2
1409210 1371.7
1409220 1378.9
1409230 1385.6
1409240 1385.6
1409250 1389.9
1409260 1393.2
1409270 1393.2
1409280 1395.5
1409290 1397.6
1409300 1397.6
1409310 1399.6
1409320 1401.7
1409330 1401.7
1409340 1404.3
1409350 1407.0
1409360 1407.0
1409370 1409.9
1409380 1413.5
1409390 1416.7
1409400 1416.7
1409410 1419.5
1409420 1421.9
1409430 1421.9
1409440 1424.2
1409450 1426.7
1409460 1426.7
1409470 1428.4
1409480 1430.0
1409490 1430.0
1409500 1431.2
1409510 1432.0
1409520 1432.0
1409530 1432.3
1409540 1432.5
1409550 1431.0
1409560 1431.0
1409570 1428.8
1409580 1427.0
1409590 1427.0
1409600 1425.8
1409610 1425.9
1409620 1425.9
1409630 1427.9
1409640 1430.9
1409650 1430.9
1409660 1433.9
1409670 1436.1
1409680 1436.1
1409690 1437.0
1409700 1438.3
1409710 1440.3
1409720 1440.3
1409730 1441.6
1409740 1441.6
1409750 1441.6
1409760 1441.6
1409770 1448.5
1409780 1448.5
1409790 1448.5
1409800 1447.0
1409810 1447.0
1409820 1448.1
1409830 1450.3
1409840 1450.3
1409850 1451.2
1409860 1451.8
1409870 1451.4
1409880 1451.4
1409890 1450.3
1409900 1448.2
1409910 1448.2
1409920 1446.6
1409930 1445.0
1409940 1445.0
1409950 1444.0
1409960 1443.3
1409970 1443.3
1409980 1442.1
1409990 1440.8
1410000 1440.8
1410010 1439.3
1410020 1434.4
1410030 1434.4
1410040 1425.6
1410050 1417.8
1410060 1410.4
1410070 1410.4
1410080 1403.2
1410090 1397.3
1410100 1397.3
1410110 1400.1
1410120 1405.0
1410130 1405.0
1410140 1407.1
1410150 1408.7
1410160 1408.7
1410170 1408.9
1410180 1407.7
1410190 1407.7
1410200 1405.6
1410210 1404.3
1410220 1402.4
1410230 1402.4
1410240 1399.9
1410250 1398.3
1410260 1398.3
1410270 1397.4
1410280 1396.1
1410290 1396.1
1410300 1396.0
1410310 1396.5
1410320 1396.5
1410330 1396.9
1410340 1395.9
1410350 1395.9
1410360 1393.8
1410370 1391.3
1410380 1388.9
1410390 1388.9
1410400 1387.1
1410410 1386.4
1410420 1386.4
1410430 1384.9
1410440 1382.4
1410450 1382.4
1410460 1378.8
1410470 1375.2
1410480 1375.2
1410490 1371.5
1410500 1368.5
1410510 1368.5
1410520 1366.7
1410530 1365.1
1410540 1363.2
1410550 1363.2
1410560 1361.0
1410570 1359.3
1410580 1359.3
1410590 1357.4
1410600 1355.5
1410610 1355.5
1410620 1352.8
1410630 1350.3
1410640 1350.3
1410650 1348.5
1410660 1346.5
1410670 1346.5
1410680 1344.5
1410690 1341.5
1410700 1339.3
1410710 1339.3
1410720 1337.1
1410730 1336.0
1410740 1336.0
1410750 1334.2
1410760 1332.0
1410770 1332.0
1410780 1329.0
1410790 1327.0
1410800 1327.0
1410810 1326.1
1410820 1323.6
1410830 1323.6
1410840 1320.8
1410850 1318.4
1410860 1315.8
1410870 1315.8
1410880 1313.7
1410890 1310.2
1410900 1310.2
1410910 1306.9
1410920 1304.4
1410930 1304.4
1410940 1302.7
1410950 1300.5
1410960 1300.5
1410970 1297.4
1410980 1295.7
1410990 1295.7
1411000 1295.7
1411010 1295.6
1411020 1292.9
1411030 1292.9
1411040 1290.8
1411050 1293.3
1411060 1293.3
1411070 1298.5
1411080 1302.8
1411090 1302.8
1411100 1305.4
1411110 1308.9
1411120 1308.9
1411130 1313.4
1411140 1317.6
1411150 1317.6
1411160 1319.8
1411170 1323.0
1411180 1323.0
1411190 1327.7
1411200 1332.4
1411210 1336.9
1411220 1336.9
1411230 1341.3
1411240 1346.1
1411250 1346.1
1411260 1352.0
1411270 1357.2
1411280 1357.2
1411290 1361.9
1411300 1366.8
1411310 1366.8
1411320 1371.9
1411330 1376.9
1411340 1376.9
1411350 1380.8
1411360 1384.3
1411370 1387.4
1411380 1387.4
1411390 1390.8
1411400 1396.9
1411410 1396.9
1411420 1403.8
1411430 1410.2
1411440 1410.2
1411450 1416.2
1411460 1422.6
1411470 1422.6
1411480 1429.8
1411490 1436.2
1411500 1436.2
1411510 1441.5
1411520 1447.4
1411530 1454.0
1411540 1454.0
1411550 1460.8
1411560 1466.2
1411570 1466.2
1411580 1471.2
1411590 1475.7
1411600 1475.7
1411610 1480.3
1411620 1484.5
1411630 1484.5
1411640 1488.3
1411650 1491.5
1411660 1491.5
1411670 1493.9
1411680 1496.1
1411690 1498.1
1411700 1498.1
1411710 1499.9
1411720 1501.0
1411730 1501.0
1411740 1502.1
1411750 1503.6
1411760 1503.6
1411770 1505.1
1411780 1506.8
1411790 1506.8
1411800 1508.6
1411810 1510.0
1411820 1510.0
1411830 1511.0
1411840 1513.4
1411850 1516.0
1411860 1516.0
1411870 1518.1
1411880 1519.7
1411890 1519.7
1411900 1521.7
1411910 1523.9
1411920 1523.9
1411930 1526.8
1411940 1530.8
1411950 1530.8
1411960 1535.4
1411970 1540.1
1411980 1540.1
1411990 1543.2
1412000 1546.4
1412010 1549.6
1412020 1549.6
1412030 1552.0
1412040 1554.7
1412050 1554.7
1412060 1557.1
1412070 1559.6
1412080 1559.6
1412090 1562.8
1412100 1565.5
1412110 1565.5
1412120 1567.7
1412130 1569.2
1412140 1569.2
1412150 1570.9
1412160 1573.4
1412170 1573.4
1412180 1575.3
1412190 1576.8
1412200 1578.0
1412210 1578.0
1412220 1579.1
1412230 1580.1
1412240 1580.1
1412250 1581.2
1412260 1582.4
1412270 1582.4
1412280 1583.5
1412290 1584.2
1412300 1584.2
1412310 1584.5
1412320 1584.5
1412330 1584.5
1412340 1584.4
1412350 1584.2
1412360 1583.8
1412370 1583.8
1412380 1583.5
1412390 1583.3
1412400 1583.3
1412410 1583.0
1412420 1582.8
1412430 1582.8
1412440 1582.7
1412450 1582.9
1412460 1582.9
1412470 1582.5
1412480 1582.0
1412490 1582.0
1412500 1581.5
1412510 1580.4
1412520 1578.9
1412530 1578.9
1412540 1577.0
1412550 1575.1
1412560 1575.1
1412570 1572.7
1412580 1569.2
1412590 1569.2
1412600 1562.6
1412610 1554.8
1412620 1554.8
1412630 1546.9
1412640 1538.7
1412650 1538.7
1412660 1530.4
1412670 1525.3
1412680 1517.8
1412690 1517.8
1412700 1510.6
1412710 1504.1
1412720 1504.1
1412730 1498.3
1412740 1492.7
1412750 1492.7
1412760 1487.5
1412770 1481.8
1412780 1481.8
1412790 1476.7
1412800 1471.6
1412810 1471.6
1412820 1466.5
1412830 1461.2
1412840 1455.7
1412850 1455.7
1412860 1450.1
1412870 1444.7
1412880 1444.7
1412890 1440.1
1412900 1436.3
1412910 1436.3
1412920 1433.2
1412930 1431.9
1412940 1431.9
1412950 1427.8
1412960 1420.0
1412970 1420.0
1412980 1412.4
1412990 1405.9
1413000 1401.8
1413010 1401.8
1413020 1400.4
1413030 1402.0
1413040 1402.0
1413050 1405.9
1413060 1407.7
1413070 1407.7
1413080 1412.3
1413090 1419.2
1413100 1419.2
1413110 1425.0
1413120 1428.9
1413130 1428.9
1413140 1428.7
1413150 1427.4
1413160 1425.4
1413170 1425.4
1413180 1426.4
1413190 1432.6
1413200 1432.6
1413210 1439.7
1413220 1441.0
1413230 1441.0
1413240 1448.5
1413250 1456.8
1413260 1456.8
1413270 1466.3
1413280 1475.9
1413290 1475.9
1413300 1484.7
1413310 1491.9
1413320 1491.9
1413330 1499.1
1413340 1505.8
1413350 1512.4
1413360 1512.4
1413370 1520.4
1413380 1528.6
1413390 1528.6
1413400 1536.8
1413410 1544.3
1413420 1544.3
1413430 1549.6
1413440 1554.6
1413450 1554.6
1413460 1556.9
1413470 1552.4
1413480 1552.4
1413490 1546.1
1413500 1541.4
1413510 1541.8
1413520 1541.8
1413530 1547.2
1413540 1554.4
1413550 1554.4
1413560 1562.5
1413570 1572.2
1413580 1572.2
1413590 1577.8
1413600 1581.1
1413610 1581.1
1413620 1584.8
1413630 1581.8
1413640 1581.8
1413650 1580.9
1413660 1587.8
1413670 1592.5
1413680 1592.5
1413690 1595.0
1413700 1600.1
1413710 1600.1
1413720 1605.2
1413730 1611.1
1413740 1611.1
1413750 1614.0
1413760 1616.8
1413770 1616.8
1413780 1619.9
1413790 1622.7
1413800 1622.7
1413810 1625.8
1413820 1628.4
1413830 1630.8
1413840 1630.8
1413850 1632.9
1413860 1634.9
1413870 1634.9
1413880 1636.8
1413890 1638.7
1413900 1638.7
1413910 1640.5
1413920 1641.8
1413930 1641.8
1413940 1643.1
1413950 1644.6
1413960 1644.6
1413970 1646.7
1413980 1649.1
1413990 1650.9
1414000 1650.9
1414010 1652.3
1414020 1653.7
1414030 1653.7
1414040 1655.0
1414050 1656.6
1414060 1656.6
1414070 1658.2
1414080 1659.4
1414090 1659.4
1414100 1660.2
1414110 1661.1
1414120 1661.1
1414130 1661.7
1414140 1662.5
1414150 1663.3
1414160 1663.3
1414170 1664.4
1414180 1665.3
1414190 1665.3
1414200 1665.6
1414210 1665.4
1414220 1665.4
1414230 1664.6
1414240 1662.2
1414250 1662.2
1414260 1661.5
1414270 1664.7
1414280 1664.7
1414290 1668.4
1414300 1671.5
1414310 1671.5
1414320 1673.5
1414330 1674.1
1414340 1674.8
1414350 1674.8
1414360 1677.1
1414370 1678.3
1414380 1678.3
1414390 1679.3
1414400 1679.8
1414410 1679.8
1414420 1680.3
1414430 1680.5
1414440 1680.5
1414450 1679.3
1414460 1678.0
1414470 1678.0
1414480 1677.4
1414490 1677.4
1414500 1677.2
1414510 1677.2
1414520 1676.8
1414530 1676.1
1414540 1676.1
1414550 1675.4
1414560 1674.9
1414570 1674.9
1414580 1674.7
1414590 1674.4
1414600 1674.4
1414610 1674.2
1414620 1673.2
1414630 1673.2
1414640 1672.1
1414650 1670.8
1414660 1669.9
1414670 1669.9
1414680 1669.4
1414690 1668.9
1414700 1668.9
1414710 1667.9
1414720 1667.3
1414730 1667.3
1414740 1666.7
1414750 1666.3
1414760 1666.3
1414770 1665.7
1414780 1665.0
1414790 1665.0
1414800 1664.2
1414810 1663.2
1414820 1662.2
1414830 1662.2
1414840 1660.9
1414850 1659.3
1414860 1659.3
1414870 1656.8
1414880 1650.6
1414890 1650.6
1414900 1642.3
1414910 1634.2
1414920 1634.2
1414930 1626.1
1414940 1617.8
1414950 1617.8
1414960 1610.5
1414970 1604.0
1414980 1597.7
1414990 1597.7
1415000 1591.6
1415010 1582.0
1415020 1582.0
1415030 1576.5
1415040 1575.7
1415050 1575.7
1415060 1573.8
1415070 1577.8
1415080 1577.8
1415090 1582.1
1415100 1583.3
1415110 1583.3
1415120 1587.1
1415130 1588.1
1415140 1590.3
1415150 1590.3
1415160 1595.1
1415170 1600.6
1415180 1600.6
1415190 1603.6
1415200 1609.0
1415210 1609.0
1415220 1614.1
1415230 1618.5
1415240 1618.5
1415250 1618.2
1415260 1615.2
1415270 1615.2
1415280 1611.7
1415290 1607.4
1415300 1604.1
1415310 1604.1
1415320 1603.9
1415330 1605.8
1415340 1605.8
1415350 1606.3
1415360 1604.4
1415370 1604.4
1415380 1601.7
1415390 1598.6
1415400 1598.6
1415410 1595.4
1415420 1591.8
1415430 1591.8
1415440 1588.8
1415450 1585.3
1415460 1585.3
1415470 1581.2
1415480 1576.8
1415490 1572.8
1415500 1572.8
1415510 1569.2
1415520 1565.6
1415530 1565.6
1415540 1561.6
1415550 1558.4
1415560 1558.4
1415570 1555.0
1415580 1551.1
1415590 1551.1
1415600 1546.5
1415610 1541.4
1415620 1541.4
1415630 1536.6
1415640 1531.8
1415650 1527.1
1415660 1527.1
1415670 1522.2
1415680 1516.0
1415690 1516.0
1415700 1508.3
1415710 1500.4
1415720 1500.4
1415730 1494.4
1415740 1489.6
1415750 1489.6
1415760 1483.1
1415770 1477.8
1415780 1477.8
1415790 1473.0
1415800 1468.8
1415810 1464.8
1415820 1464.8
1415830 1460.7
1415840 1455.9
1415850 1455.9
1415860 1450.0
1415870 1443.9
1415880 1443.9
1415890 1438.1
1415900 1432.2
1415910 1432.2
1415920 1425.4
1415930 1419.5
1415940 1419.5
1415950 1413.6
1415960 1408.1
1415970 1402.6
1415980 1402.6
1415990 1397.8
1416000 1392.0
1416010 1392.0
1416020 1385.7
1416030 1378.6
1416040 1378.6
1416050 1369.9
1416060 1360.9
1416070 1360.9
1416080 1352.7
1416090 1345.5
1416100 1345.5
1416110 1337.8
1416120 1331.3
1416130 1324.8
1416140 1324.8
1416150 1317.4
1416160 1309.5
1416170 1309.5
1416180 1301.1
1416190 1294.5
1416200 1294.5
1416210 1288.6
1416220 1279.5
1416230 1279.5
1416240 1272.2
1416250 1267.2
1416260 1267.2
1416270 1262.3
1416280 1261.2
1416290 1261.6
1416300 1261.6
1416310 1262.8
1416320 1261.2
1416330 1261.2
1416340 1261.9
1416350 1261.8
1416360 1261.8
1416370 1261.2
1416380 1261.5
1416390 1261.5
1416400 1262.0
1416410 1261.6
1416420 1261.6
1416430 1260.4
1416440 1258.7
1416450 1253.2
1416460 1253.2
1416470 1246.9
1416480 1240.7
1416490 1240.7
1416500 1235.0
1416510 1229.2
1416520 1229.2
1416530 1223.9
1416540 1219.3
1416550 1219.3
1416560 1214.5
1416570 1212.1
1416580 1212.1
1416590 1210.8
1416600 1209.9
1416610 1209.9
1416620 1208.3
1416630 1205.0
1416640 1202.8
1416650 1202.8
1416660 1198.3
1416670 1197.8
1416680 1197.8
1416690 1196.2
1416700 1198.3
1416710 1198.3
1416720 1200.4
1416730 1201.4
1416740 1201.4
1416750 1206.1
1416760 1208.7
1416770 1208.7
1416780 1211.3
1416790 1215.1
1416800 1219.9
1416810 1219.9
1416820 1224.4
1416830 1229.0
1416840 1228.8
1416850 1233.3
1416860 1239.2
1416870 1239.2
1416880 1244.8
1416890 1249.3
1416900 1249.3
1416910 1252.3
1416920 1255.0
1416930 1255.0
1416940 1256.6
1416950 1257.1
1416960 1258.0
1416970 1258.0
1416980 1260.6
1416990 1262.9
1417000 1262.9
1417010 1265.0
1417020 1266.4
1417030 1266.4
1417040 1269.2
1417050 1272.5
1417060 1272.5
1417070 1274.7
1417080 1276.6
1417090 1276.6
1417100 1278.0
1417110 1280.2
1417120 1284.1
1417130 1284.1
1417140 1287.7
1417150 1290.5
1417160 1290.5
1417170 1293.3
1417180 1295.7
1417190 1295.7
1417200 1297.7
1417210 1299.5
1417220 1299.5
1417230 1302.9
1417240 1306.3
1417250 1306.3
1417260 1309.3
1417270 1311.5
1417280 1312.7
1417290 1312.7
1417300 1314.5
1417310 1317.4
1417320 1317.4
1417330 1319.6
1417340 1321.8
1417350 1321.8
1417360 1323.2
1417370 1324.3
1417380 1324.3
1417390 1325.9
1417400 1327.6
1417410 1327.6
1417420 1329.8
1417430 1331.6
1417440 1333.7
1417450 1333.7
1417460 1336.3
1417470 1338.0
1417480 1338.0
1417490 1340.0
1417500 1341.5
1417510 1341.5
1417520 1343.2
1417530 1345.6
1417540 1345.6
1417550 1348.0
1417560 1350.4
1417570 1350.4
1417580 1352.8
1417590 1354.8
1417600 1354.8
1417610 1356.6
1417620 1358.8
1417630 1361.0
1417640 1361.0
1417650 1362.3
1417660 1363.8
1417670 1363.8
1417680 1365.1
1417690 1366.1
1417700 1366.1
1417710 1366.8
1417720 1367.3
1417730 1367.3
1417740 1368.8
1417750 1369.7
1417760 1369.7
1417770 1370.0
1417780 1369.9
1417790 1369.7
1417800 1369.7
1417810 1369.2
1417820 1368.5
1417830 1368.5
1417840 1367.5
1417850 1366.3
1417860 1366.3
1417870 1365.4
1417880 1364.6
1417890 1364.6
1417900 1363.5
1417910 1362.6
1417920 1362.6
1417930 1361.6
1417940 1360.2
1417950 1358.5
1417960 1358.5
1417970 1356.7
1417980 1353.6
1417990 1353.6
1418000 1349.1
1418010 1344.0
1418020 1344.0
1418030 1339.9
1418040 1336.5
1418050 1336.5
1418060 1332.8
1418070 1329.3
1418080 1329.3
1418090 1326.6
1418100 1323.6
1418110 1320.1
1418120 1320.1
1418130 1316.1
1418140 1313.1
1418150 1313.1
1418160 1311.7
1418170 1311.9
1418180 1311.9
1418190 1311.9
1418200 1310.0
1418210 1310.0
1418220 1306.9
1418230 1304.8
1418240 1304.8
1418250 1304.2
1418260 1303.3
1418270 1300.5
1418280 1300.5
1418290 1297.7
1418300 1294.5
1418310 1294.5
1418320 1289.8
1418330 1284.9
1418340 1284.9
1418350 1279.8
1418360 1274.4
1418370 1274.4
1418380 1269.7
1418390 1269.5
1418400 1269.5
1418410 1270.2
1418420 1268.7
1418430 1266.2
1418440 1266.2
1418450 1263.6
1418460 1260.8
1418470 1260.8
1418480 1257.9
1418490 1254.7
1418500 1254.7
1418510 1249.9
1418520 1242.6
1418530 1242.6
1418540 1236.3
1418550 1231.5
1418560 1231.5
1418570 1228.1
1418580 1226.2
1418590 1221.2
1418600 1221.2
1418610 1215.4
1418620 1220.8
1418630 1220.8
1418640 1230.3
1418650 1240.4
1418660 1240.4
1418670 1250.8
1418680 1259.1
1418690 1259.1
1418700 1268.6
1418710 1277.9
1418720 1277.9
1418730 1290.2
1418740 1298.3
1418750 1298.3
1418760 1302.8
1418770 1304.0
1418780 1304.2
1418790 1304.2
1418800 1307.7
1418810 1311.5
1418820 1311.5
1418830 1313.4
1418840 1312.8
1418850 1312.8
1418860 1312.7
1418870 1314.1
1418880 1314.1
1418890 1317.1
1418900 1317.0
1418910 1317.0
1418920 1317.0
1418930 1318.3
1418940 1317.5
1418950 1317.5
1418960 1316.2
1418970 1316.6
1418980 1316.6
1418990 1317.2
1419000 1317.1
1419010 1317.1
1419020 1316.8
1419030 1316.1
1419040 1316.1
1419050 1315.4
1419060 1313.3
1419070 1313.3
1419080 1312.4
1419090 1312.4
1419100 1311.2
1419110 1311.2
1419120 1308.2
1419130 1305.1
1419140 1305.1
1419150 1304.8
1419160 1304.1
1419170 1304.1
1419180 1302.2
1419190 1299.9
1419200 1299.9
1419210 1297.8
1419220 1297.8
1419230 1297.8
1419240 1299.8
1419250 1303.1
1419260 1304.6
1419270 1304.6
1419280 1305.2
1419290 1305.3
1419300 1305.3
1419310 1304.8
1419320 1303.0
1419330 1303.0
1419340 1301.1
1419350 1299.3
1419360 1299.3
1419370 1298.5
1419380 1295.5
1419390 1295.5
1419400 1289.5
1419410 1280.1
1419420 1269.3
1419430 1269.3
1419440 1262.0
1419450 1267.5
1419460 1267.5
1419470 1274.1
1419480 1276.4
1419490 1276.4
1419500 1272.3
1419510 1271.1
1419520 1271.1
1419530 1278.8
1419540 1288.2
1419550 1288.2
1419560 1295.4
1419570 1301.1
1419580 1304.7
1419590 1304.7
1419600 1309.6
1419610 1313.7
1419620 1313.7
1419630 1316.7
1419640 1319.9
1419650 1319.9
1419660 1323.7
1419670 1327.3
1419680 1327.3
1419690 1330.7
1419700 1332.6
1419710 1332.6
1419720 1332.0
1419730 1334.3
1419740 1339.2
1419750 1339.2
1419760 1345.1
1419770 1349.4
1419780 1349.4
1419790 1352.6
1419800 1355.8
1419810 1355.8
1419820 1359.5
1419830 1362.4
1419840 1362.4
1419850 1365.0
1419860 1367.4
1419870 1367.4
1419880 1369.4
1419890 1371.7
1419900 1371.7
1419910 1373.9
1419920 1375.7
1419930 1377.5
1419940 1377.5
1419950 1379.2
1419960 1380.3
1419970 1380.3
1419980 1381.5
1419990 1382.6
