1400000 1573.8
1400010 1573.8
1400020 1573.0
1400030 1573.8
1400040 1574.1
1400050 1574.1
1400060 1574.2
1400070 1573.8
1400080 1573.8
1400090 1573.2
1400100 1572.2
1400110 1572.2
1400120 1571.4
1400130 1570.6
1400140 1570.6
1400150 1569.6
1400160 1568.7
1400170 1568.7
1400180 1568.0
1400190 1567.2
1400200 1566.2
1400210 1566.2
1400220 1565.1
1400230 1563.6
1400240 1563.6
1400250 1560.8
1400260 1558.6
1400270 1558.6
1400280 1557.6
1400290 1556.8
1400300 1556.8
1400310 1555.0
1400320 1551.6
1400330 1551.6
1400340 1545.7
1400350 1540.1
1400360 1535.5
1400370 1535.5
1400380 1531.8
1400390 1529.2
1400400 1529.2
1400410 1527.0
1400420 1525.1
1400430 1525.1
1400440 1524.2
1400450 1524.7
1400460 1524.7
1400470 1525.1
1400480 1524.8
1400490 1524.8
1400500 1524.6
1400510 1524.2
1400520 1523.1
1400530 1523.1
1400540 1521.2
1400550 1518.7
1400560 1518.7
1400570 1516.4
1400580 1513.4
1400590 1513.4
1400600 1508.6
1400610 1503.4
1400620 1503.4
1400630 1498.5
1400640 1493.4
1400650 1493.4
1400660 1488.6
1400670 1483.9
1400680 1483.9
1400690 1479.7
1400700 1476.1
1400710 1474.1
1400720 1474.1
1400730 1472.9
1400740 1470.9
1400750 1470.9
1400760 1468.7
1400770 1465.7
1400780 1465.7
1400790 1461.2
1400800 1457.6
1400810 1457.6
1400820 1455.3
1400830 1455.0
1400840 1455.0
1400850 1456.9
1400860 1461.2
1400870 1467.7
1400880 1467.7
1400890 1474.9
1400900 1481.5
1400910 1481.5
1400920 1486.9
1400930 1486.9
1400940 1486.9
1400950 1485.1
1400960 1484.1
1400970 1484.1
1400980 1484.5
1400990 1487.1
1401000 1487.1
1401010 1490.5
1401020 1494.2
1401030 1498.1
1401040 1498.1
1401050 1502.6
1401060 1507.4
1401070 1507.4
1401080 1511.9
1401090 1515.5
1401100 1515.5
1401110 1516.6
1401120 1515.8
1401130 1515.8
1401140 1514.5
1401150 1512.6
1401160 1512.6
1401170 1510.6
1401180 1508.7
1401190 1505.4
1401200 1505.4
1401210 1500.7
1401220 1497.1
1401230 1497.1
1401240 1496.0
1401250 1495.8
1401260 1495.8
1401270 1494.0
1401280 1490.7
1401290 1490.7
1401300 1486.2
1401310 1478.5
1401320 1478.5
1401330 1470.1
1401340 1461.7
1401350 1453.4
1401360 1453.4
1401370 1450.3
1401380 1451.3
1401390 1451.3
1401400 1450.8
1401410 1452.2
1401420 1452.2
1401430 1456.0
1401440 1461.8
1401450 1461.8
1401460 1456.6
1401470 1455.8
1401480 1455.8
1401490 1455.7
1401500 1453.7
1401510 1453.7
1401520 1451.3
1401530 1449.0
1401540 1448.6
1401550 1448.6
1401560 1448.3
1401570 1446.6
1401580 1446.6
1401590 1444.0
1401600 1441.0
1401610 1441.0
1401620 1436.2
1401630 1433.0
1401640 1433.0
1401650 1433.8
1401660 1434.4
1401670 1434.4
1401680 1434.3
1401690 1433.9
1401700 1432.9
1401710 1432.9
1401720 1431.9
1401730 1431.1
1401740 1431.1
1401750 1430.3
1401760 1428.9
1401770 1428.9
1401780 1427.4
1401790 1426.1
1401800 1426.1
1401810 1423.9
1401820 1420.7
1401830 1420.7
1401840 1416.8
1401850 1416.5
1401860 1417.1
1401870 1417.1
1401880 1416.8
1401890 1416.3
1401900 1416.3
1401910 1415.4
1401920 1414.3
1401930 1414.3
1401940 1412.8
1401950 1411.5
1401960 1411.5
1401970 1409.8
1401980 1408.2
1401990 1408.2
1402000 1406.5
1402010 1403.7
1402020 1401.2
1402030 1401.2
1402040 1399.7
1402050 1399.6
1402060 1399.6
1402070 1399.3
1402080 1398.1
1402090 1398.1
1402100 1393.8
1402110 1390.3
1402120 1390.3
1402130 1386.4
1402140 1383.3
1402150 1383.3
1402160 1383.4
1402170 1383.2
1402180 1380.8
1402190 1380.8
1402200 1378.7
1402210 1376.6
1402220 1376.6
1402230 1372.9
1402240 1370.2
1402250 1370.2
1402260 1369.3
1402270 1368.7
1402280 1368.7
1402290 1368.0
1402300 1367.6
1402310 1367.6
1402320 1367.5
1402330 1367.4
1402340 1367.4
1402350 1367.6
1402360 1367.7
1402370 1367.8
1402380 1367.8
1402390 1367.8
1402400 1367.8
1402410 1367.8
1402420 1367.9
1402430 1368.2
1402440 1368.2
1402450 1368.3
1402460 1368.5
1402470 1368.5
1402480 1368.8
1402490 1368.7
1402500 1368.7
1402510 1369.0
1402520 1369.3
1402530 1369.9
1402540 1369.9
1402550 1370.5
1402560 1371.0
1402570 1371.0
1402580 1371.8
1402590 1372.5
1402600 1372.5
1402610 1373.1
1402620 1373.7
1402630 1373.7
1402640 1374.3
1402650 1374.8
1402660 1374.8
1402670 1375.3
1402680 1375.9
1402690 1376.4
1402700 1376.4
1402710 1376.8
1402720 1376.5
1402730 1376.5
1402740 1375.7
1402750 1375.5
1402760 1375.5
1402770 1375.8
1402780 1375.7
1402790 1375.7
1402800 1376.7
1402810 1378.2
1402820 1378.2
1402830 1379.8
1402840 1380.5
1402850 1381.1
1402860 1381.1
1402870 1381.7
1402880 1382.3
1402890 1382.3
1402900 1382.9
1402910 1383.6
1402920 1383.6
1402930 1384.1
1402940 1384.6
1402950 1384.6
1402960 1385.0
1402970 1385.2
1402980 1385.2
1402990 1386.1
1403000 1387.1
1403010 1387.9
1403020 1387.9
1403030 1388.7
1403040 1389.3
1403050 1389.3
1403060 1390.0
1403070 1390.4
1403080 1390.4
1403090 1390.7
1403100 1391.3
1403110 1391.3
1403120 1391.9
1403130 1392.4
1403140 1392.4
1403150 1392.9
1403160 1393.5
1403170 1394.1
1403180 1394.1
1403190 1394.5
1403200 1395.1
1403210 1395.1
1403220 1395.8
1403230 1396.6
1403240 1396.6
1403250 1397.4
1403260 1398.0
1403270 1398.0
1403280 1398.6
1403290 1399.1
1403300 1399.1
1403310 1399.6
1403320 1400.0
1403330 1400.0
1403340 1400.4
1403350 1400.7
1403360 1401.3
1403370 1401.3
1403380 1402.1
1403390 1402.8
1403400 1402.8
1403410 1403.3
1403420 1404.0
1403430 1404.0
1403440 1404.9
1403450 1405.6
1403460 1405.6
1403470 1405.8
1403480 1406.1
1403490 1406.1
1403500 1406.5
1403510 1406.5
1403520 1406.6
1403530 1406.6
1403540 1406.9
1403550 1407.2
1403560 1407.2
1403570 1407.4
1403580 1407.5
1403590 1407.5
1403600 1407.8
1403610 1408.1
1403620 1408.1
1403630 1408.1
1403640 1408.2
1403650 1408.2
1403660 1408.4
1403670 1408.5
1403680 1408.9
1403690 1408.9
1403700 1409.2
1403710 1409.1
1403720 1409.1
1403730 1409.1
1403740 1409.2
1403750 1409.2
1403760 1409.4
1403770 1409.6
1403780 1409.6
1403790 1409.9
1403800 1410.1
1403810 1410.1
1403820 1410.2
1403830 1410.1
1403840 1409.9
1403850 1409.9
1403860 1409.7
1403870 1409.3
1403880 1409.3
1403890 1409.1
1403900 1409.1
1403910 1409.1
1403920 1409.1
1403930 1409.0
1403940 1409.0
1403950 1408.9
1403960 1408.5
1403970 1408.5
1403980 1407.9
1403990 1407.4
1404000 1406.9
1404010 1406.9
1404020 1406.7
1404030 1406.8
1404040 1406.8
1404050 1406.8
1404060 1406.3
1404070 1406.3
1404080 1405.8
1404090 1405.5
1404100 1405.5
1404110 1405.2
1404120 1405.0
1404130 1405.0
1404140 1405.0
1404150 1404.9
1404160 1404.9
1404170 1404.2
1404180 1403.8
1404190 1403.6
1404200 1403.6
1404210 1403.5
1404220 1403.4
1404230 1403.4
1404240 1402.8
1404250 1402.0
1404260 1402.0
1404270 1401.5
1404280 1401.1
1404290 1401.1
1404300 1400.9
1404310 1400.8
1404320 1400.8
1404330 1400.7
1404340 1400.3
1404350 1399.9
1404360 1399.9
1404370 1399.7
1404380 1399.6
1404390 1399.6
1404400 1399.6
1404410 1399.5
1404420 1399.5
1404430 1399.3
1404440 1399.0
1404450 1399.0
1404460 1398.6
1404470 1398.2
1404480 1398.2
1404490 1397.5
1404500 1396.9
1404510 1396.5
1404520 1396.5
1404530 1394.8
1404540 1394.4
1404550 1394.4
1404560 1394.2
1404570 1394.5
1404580 1394.5
1404590 1394.7
1404600 1394.2
1404610 1394.2
1404620 1393.3
1404630 1392.2
1404640 1392.2
1404650 1390.9
1404660 1389.6
1404670 1388.5
1404680 1388.5
1404690 1387.6
1404700 1386.9
1404710 1386.9
1404720 1386.3
1404730 1385.8
1404740 1385.8
1404750 1385.3
1404760 1384.9
1404770 1384.9
1404780 1383.9
1404790 1382.6
1404800 1382.6
1404810 1381.7
1404820 1380.9
1404830 1380.1
1404840 1380.1
1404850 1379.4
1404860 1378.7
1404870 1378.7
1404880 1378.1
1404890 1377.4
1404900 1377.4
1404910 1376.7
1404920 1376.1
1404930 1376.1
1404940 1375.1
1404950 1374.1
1404960 1374.1
1404970 1373.2
1404980 1372.4
1404990 1372.4
1405000 1371.4
1405010 1370.7
1405020 1369.9
1405030 1369.9
1405040 1369.0
1405050 1368.0
1405060 1368.0
1405070 1367.0
1405080 1366.1
1405090 1366.1
1405100 1365.2
1405110 1364.4
1405120 1364.4
1405130 1363.7
1405140 1362.9
1405150 1362.9
1405160 1362.0
1405170 1361.0
1405180 1360.0
1405190 1360.0
1405200 1359.3
1405210 1358.5
1405220 1358.5
1405230 1357.6
1405240 1356.6
1405250 1356.6
1405260 1355.7
1405270 1354.6
1405280 1354.6
1405290 1353.6
1405300 1352.5
1405310 1352.5
1405320 1351.4
1405330 1350.3
1405340 1349.4
1405350 1349.4
1405360 1348.4
1405370 1347.7
1405380 1347.7
1405390 1346.7
1405400 1346.2
1405410 1346.2
1405420 1345.5
1405430 1344.5
1405440 1344.5
1405450 1343.8
1405460 1343.0
1405470 1343.0
1405480 1342.2
1405490 1341.5
1405500 1340.7
1405510 1340.7
1405520 1339.7
1405530 1338.9
1405540 1338.9
1405550 1338.1
1405560 1337.4
1405570 1337.4
1405580 1336.5
1405590 1335.7
1405600 1335.7
1405610 1335.0
1405620 1334.4
1405630 1334.4
1405640 1333.7
1405650 1333.1
1405660 1332.7
1405670 1332.7
1405680 1332.5
1405690 1331.6
1405700 1331.6
1405710 1330.6
1405720 1329.6
1405730 1329.6
1405740 1328.5
1405750 1327.7
1405760 1327.7
1405770 1327.0
1405780 1326.3
1405790 1326.3
1405800 1325.8
1405810 1325.2
1405820 1325.2
1405830 1324.5
1405840 1323.8
1405850 1323.0
1405860 1323.0
1405870 1322.1
1405880 1321.1
1405890 1321.1
1405900 1320.4
1405910 1319.8
1405920 1319.8
1405930 1319.1
1405940 1318.3
1405950 1318.3
1405960 1317.3
1405970 1316.3
1405980 1316.3
1405990 1315.3
1406000 1314.2
1406010 1313.3
1406020 1313.3
1406030 1312.2
1406040 1311.0
1406050 1311.0
1406060 1309.9
1406070 1308.8
1406080 1308.8
1406090 1308.3
1406100 1309.4
1406110 1309.4
1406120 1308.2
1406130 1309.0
1406140 1309.0
1406150 1309.5
1406160 1310.0
1406170 1310.8
1406180 1310.8
1406190 1311.9
1406200 1312.9
1406210 1312.9
1406220 1313.8
1406230 1314.9
1406240 1314.9
1406250 1315.9
1406260 1316.3
1406270 1316.3
1406280 1316.8
1406290 1317.6
1406300 1317.6
1406310 1318.1
1406320 1318.3
1406330 1318.2
1406340 1318.2
1406350 1317.6
1406360 1316.8
1406370 1316.8
1406380 1316.1
1406390 1314.7
1406400 1314.7
1406410 1314.2
1406420 1315.1
1406430 1315.1
1406440 1318.3
1406450 1323.2
1406460 1323.2
1406470 1327.6
1406480 1330.0
1406490 1330.8
1406500 1330.8
1406510 1330.6
1406520 1330.1
1406530 1330.1
1406540 1330.2
1406550 1331.2
1406560 1331.2
1406570 1333.5
1406580 1336.7
1406590 1336.7
1406600 1339.6
1406610 1341.6
1406620 1341.6
1406630 1344.4
1406640 1348.4
1406650 1348.4
1406660 1351.0
1406670 1354.4
1406680 1357.8
1406690 1357.8
1406700 1360.6
1406710 1365.3
1406720 1365.3
1406730 1371.7
1406740 1376.8
1406750 1376.8
1406760 1380.4
1406770 1382.8
1406780 1382.8
1406790 1385.1
1406800 1387.5
1406810 1387.5
1406820 1389.0
1406830 1390.7
1406840 1391.5
1406850 1391.5
1406860 1392.3
1406870 1392.7
1406880 1392.7
1406890 1392.6
1406900 1391.8
1406910 1391.8
1406920 1391.1
1406930 1390.6
1406940 1390.6
1406950 1390.0
1406960 1389.3
1406970 1389.3
1406980 1388.8
1406990 1388.2
1407000 1387.9
1407010 1387.9
1407020 1387.3
1407030 1386.0
1407040 1386.0
1407050 1384.6
1407060 1383.0
1407070 1383.0
1407080 1382.0
1407090 1382.0
1407100 1382.0
1407110 1382.9
1407120 1383.5
1407130 1383.5
1407140 1383.9
1407150 1384.0
1407160 1383.9
1407170 1383.9
1407180 1384.1
1407190 1384.9
1407200 1384.9
1407210 1384.8
1407220 1381.8
1407230 1381.8
1407240 1376.3
1407250 1367.1
1407260 1367.1
1407270 1357.6
1407280 1349.2
1407290 1349.2
1407300 1340.5
1407310 1334.5
1407320 1331.6
1407330 1331.6
1407340 1330.6
1407350 1330.4
1407360 1330.4
1407370 1330.7
1407380 1329.6
1407390 1329.6
1407400 1328.6
1407410 1327.0
1407420 1327.0
1407430 1331.9
1407440 1340.0
1407450 1340.0
1407460 1349.9
1407470 1356.2
1407480 1356.2
1407490 1363.1
1407500 1372.5
1407510 1380.3
1407520 1380.3
1407530 1388.3
1407540 1395.5
1407550 1395.5
1407560 1400.7
1407570 1406.5
1407580 1406.5
1407590 1412.4
1407600 1417.1
1407610 1417.1
1407620 1421.3
1407630 1425.5
1407640 1425.5
1407650 1429.5
1407660 1433.3
1407670 1437.4
1407680 1437.4
1407690 1441.4
1407700 1444.9
1407710 1444.9
1407720 1448.0
1407730 1451.4
1407740 1448.7
1407750 1451.6
1407760 1454.2
1407770 1454.2
1407780 1457.0
1407790 1459.8
1407800 1459.8
1407810 1462.3
1407820 1464.6
1407830 1466.6
1407840 1466.6
1407850 1468.6
1407860 1470.7
1407870 1470.7
1407880 1472.6
1407890 1474.7
1407900 1474.7
1407910 1476.2
1407920 1477.5
1407930 1477.5
1407940 1478.6
1407950 1480.8
1407960 1480.8
1407970 1483.3
1407980 1485.6
1407990 1487.8
1408000 1487.8
1408010 1488.9
1408020 1490.6
1408030 1490.6
1408040 1492.6
1408050 1494.4
1408060 1494.4
1408070 1496.3
1408080 1498.3
1408090 1498.3
1408100 1500.3
1408110 1502.0
1408120 1502.0
1408130 1503.5
1408140 1504.7
1408150 1505.7
1408160 1505.7
1408170 1506.3
1408180 1506.7
1408190 1506.7
1408200 1506.6
1408210 1507.0
1408220 1507.0
1408230 1507.8
1408240 1508.9
1408250 1508.9
1408260 1510.4
1408270 1511.5
1408280 1511.5
1408290 1512.0
1408300 1512.7
1408310 1513.3
1408320 1513.3
1408330 1513.6
1408340 1513.7
1408350 1513.7
1408360 1513.9
1408370 1514.5
1408380 1514.5
1408390 1515.3
1408400 1516.1
1408410 1516.1
1408420 1516.9
1408430 1517.9
1408440 1517.9
1408450 1518.0
1408460 1516.1
1408470 1516.1
1408480 1515.6
1408490 1517.3
1408500 1518.2
1408510 1518.2
1408520 1517.0
1408530 1513.6
1408540 1513.6
1408550 1510.0
1408560 1507.5
1408570 1507.5
1408580 1504.3
1408590 1501.0
1408600 1501.0
1408610 1499.1
1408620 1497.6
1408630 1497.6
1408640 1496.7
1408650 1496.2
1408660 1495.9
1408670 1495.9
1408680 1495.6
1408690 1495.5
1408700 1495.5
1408710 1496.3
1408720 1497.6
1408730 1497.6
1408740 1497.7
1408750 1497.3
1408760 1497.3
1408770 1496.8
1408780 1496.3
1408790 1496.3
1408800 1495.9
1408810 1495.7
1408820 1495.8
1408830 1495.8
1408840 1496.1
1408850 1495.4
1408860 1495.4
1408870 1489.2
1408880 1481.6
1408890 1481.6
1408900 1474.5
1408910 1465.4
1408920 1465.4
1408930 1457.9
1408940 1451.8
1408950 1451.8
1408960 1444.9
1408970 1437.8
1408980 1433.5
1408990 1433.5
1409000 1433.5
1409010 1433.5
1409020 1433.5
1409030 1429.0
1409040 1435.1
1409050 1435.1
1409060 1445.4
1409070 1456.7
1409080 1456.7
1409090 1468.1
1409100 1477.7
1409110 1477.7
1409120 1486.6
1409130 1497.5
1409140 1503.7
1409150 1503.7
1409160 1506.7
1409170 1509.5
1409180 1509.5
1409190 1511.8
1409200 1512.2
1409210 1512.2
1409220 1512.0
1409230 1514.3
1409240 1514.3
1409250 1516.3
1409260 1516.7
1409270 1516.7
1409280 1517.0
1409290 1517.3
1409300 1517.3
1409310 1517.5
1409320 1518.0
1409330 1518.3
1409340 1518.3
1409350 1518.0
1409360 1516.8
1409370 1516.8
1409380 1516.5
1409390 1513.0
1409400 1513.0
1409410 1513.1
1409420 1513.0
1409430 1513.0
1409440 1512.9
1409450 1512.3
1409460 1512.3
1409470 1511.9
1409480 1511.3
1409490 1510.7
1409500 1510.7
1409510 1510.4
1409520 1510.2
1409530 1510.2
1409540 1510.1
1409550 1509.4
1409560 1509.4
1409570 1508.8
1409580 1508.1
1409590 1508.1
1409600 1507.7
1409610 1507.1
1409620 1507.1
1409630 1506.0
1409640 1505.0
1409650 1504.2
1409660 1504.2
1409670 1502.6
1409680 1498.4
1409690 1498.4
1409700 1491.3
1409710 1484.4
1409720 1484.4
1409730 1476.2
1409740 1469.9
1409750 1469.9
1409760 1475.4
1409770 1483.4
1409780 1483.4
1409790 1490.6
1409800 1494.9
1409810 1495.8
1409820 1495.8
1409830 1494.8
1409840 1487.7
1409850 1487.7
1409860 1476.8
1409870 1478.7
1409880 1478.7
1409890 1488.6
1409900 1490.4
1409910 1490.4
1409920 1489.8
1409930 1488.3
1409940 1488.3
1409950 1486.3
1409960 1484.7
1409970 1483.2
1409980 1483.2
1409990 1482.1
1410000 1480.8
1410010 1480.8
1410020 1479.4
1410030 1478.5
1410040 1478.5
1410050 1478.1
1410060 1477.6
1410070 1477.6
1410080 1476.4
1410090 1474.4
1410100 1474.4
1410110 1472.8
1410120 1471.0
1410130 1471.0
1410140 1469.5
1410150 1468.4
1410160 1467.5
1410170 1467.5
1410180 1465.6
1410190 1464.0
1410200 1464.0
1410210 1462.4
1410220 1460.8
1410230 1460.8
1410240 1458.8
1410250 1457.5
1410260 1457.5
1410270 1455.8
1410280 1453.8
1410290 1453.8
1410300 1451.8
1410310 1449.9
1410320 1448.4
1410330 1448.4
1410340 1446.5
1410350 1444.6
1410360 1444.6
1410370 1443.7
1410380 1443.9
1410390 1443.9
1410400 1443.0
1410410 1441.1
1410420 1441.1
1410430 1439.7
1410440 1438.4
1410450 1438.4
1410460 1436.7
1410470 1434.6
1410480 1432.4
1410490 1432.4
1410500 1429.5
1410510 1426.2
1410520 1426.2
1410530 1423.2
1410540 1420.2
1410550 1420.2
1410560 1417.5
1410570 1414.8
1410580 1414.8
1410590 1412.1
1410600 1408.8
1410610 1408.8
1410620 1405.6
1410630 1401.3
1410640 1397.3
1410650 1397.3
1410660 1393.2
1410670 1391.1
1410680 1391.1
1410690 1389.9
1410700 1387.9
1410710 1387.9
1410720 1385.7
1410730 1383.5
1410740 1383.5
1410750 1381.4
1410760 1379.4
1410770 1379.4
1410780 1376.9
1410790 1373.8
1410800 1370.7
1410810 1370.7
1410820 1368.7
1410830 1366.9
1410840 1366.9
1410850 1364.2
1410860 1360.4
1410870 1360.4
1410880 1356.0
1410890 1351.6
1410900 1351.6
1410910 1347.9
1410920 1344.3
1410930 1344.3
1410940 1341.2
1410950 1338.5
1410960 1338.5
1410970 1335.5
1410980 1330.6
1410990 1324.1
1411000 1324.1
1411010 1316.3
1411020 1307.3
1411030 1307.3
1411040 1300.2
1411050 1293.0
1411060 1293.0
1411070 1285.4
1411080 1282.3
1411090 1282.3
1411100 1272.9
1411110 1270.1
1411120 1270.1
1411130 1273.5
1411140 1275.9
1411150 1277.9
1411160 1277.9
1411170 1281.9
1411180 1286.9
1411190 1286.9
1411200 1293.5
1411210 1301.4
1411220 1301.4
1411230 1308.1
1411240 1315.9
1411250 1315.9
1411260 1323.0
1411270 1328.0
1411280 1328.0
1411290 1331.1
1411300 1333.3
1411310 1334.9
1411320 1334.9
1411330 1336.0
1411340 1335.7
1411350 1335.7
1411360 1332.7
1411370 1328.4
1411380 1328.4
1411390 1324.5
1411400 1322.0
1411410 1322.0
1411420 1320.5
1411430 1318.1
1411440 1318.1
1411450 1318.9
1411460 1320.8
1411470 1322.7
1411480 1322.7
1411490 1325.6
1411500 1328.2
1411510 1328.2
1411520 1329.0
1411530 1329.1
1411540 1329.1
1411550 1329.9
1411560 1331.6
1411570 1331.6
1411580 1332.6
1411590 1332.2
1411600 1332.2
1411610 1331.2
1411620 1329.1
1411630 1329.7
1411640 1329.7
1411650 1331.7
1411660 1332.6
1411670 1332.6
1411680 1334.7
1411690 1336.7
1411700 1336.7
1411710 1337.6
1411720 1338.0
1411730 1338.0
1411740 1338.6
1411750 1340.1
1411760 1340.1
1411770 1340.3
1411780 1342.0
1411790 1342.0
1411800 1346.5
1411810 1349.7
1411820 1353.8
1411830 1353.8
1411840 1357.8
1411850 1361.2
1411860 1361.2
1411870 1365.1
1411880 1368.5
1411890 1368.5
1411900 1372.2
1411910 1375.0
1411920 1375.0
1411930 1376.0
1411940 1376.9
1411950 1376.9
1411960 1378.0
1411970 1378.4
1411980 1378.3
1411990 1378.3
1412000 1378.3
1412010 1378.3
1412020 1378.3
1412030 1378.4
1412040 1378.5
1412050 1378.5
1412060 1378.1
1412070 1373.0
1412080 1373.0
1412090 1360.6
1412100 1349.4
1412110 1349.4
1412120 1339.4
1412130 1329.9
1412140 1320.9
1412150 1320.9
1412160 1315.0
1412170 1316.9
1412180 1316.9
1412190 1322.4
1412200 1325.8
1412210 1325.8
1412220 1326.6
1412230 1330.7
1412240 1330.7
1412250 1333.5
1412260 1337.3
1412270 1337.3
1412280 1341.9
1412290 1345.2
1412300 1344.1
1412310 1344.1
1412320 1341.8
1412330 1338.3
1412340 1338.3
1412350 1333.6
1412360 1327.2
1412370 1327.2
1412380 1325.3
1412390 1330.2
1412400 1330.2
1412410 1333.8
1412420 1335.9
1412430 1335.9
1412440 1336.6
1412450 1336.6
1412460 1336.1
1412470 1336.1
1412480 1335.5
1412490 1332.9
1412500 1332.9
1412510 1333.8
1412520 1333.7
1412530 1333.7
1412540 1333.4
1412550 1332.6
1412560 1332.6
1412570 1331.5
1412580 1330.4
1412590 1330.4
1412600 1327.4
1412610 1326.0
1412620 1326.0
1412630 1328.8
1412640 1327.9
1412650 1328.8
1412660 1328.8
1412670 1329.3
1412680 1327.8
1412690 1327.8
1412700 1327.8
1412710 1324.2
1412720 1324.2
1412730 1325.8
1412740 1325.8
1412750 1325.8
1412760 1324.8
1412770 1325.0
1412780 1325.0
1412790 1324.9
1412800 1324.0
1412810 1322.5
1412820 1316.1
1412830 1314.9
1412840 1314.0
1412850 1314.0
1412860 1312.6
1412870 1305.4
1412880 1305.4
1412890 1292.3
1412900 1279.6
1412910 1279.6
1412920 1281.5
1412930 1292.7
1412940 1292.7
1412950 1300.7
1412960 1305.2
1412970 1304.1
1412980 1304.1
1412990 1301.9
1413000 1300.5
1413010 1300.5
1413020 1296.1
1413030 1287.9
1413040 1287.9
1413050 1279.6
1413060 1283.1
1413070 1283.1
1413080 1288.6
1413090 1290.7
1413100 1290.7
1413110 1288.9
1413120 1287.1
1413130 1285.3
1413140 1285.3
1413150 1283.9
1413160 1282.3
1413170 1282.3
1413180 1280.5
1413190 1278.2
1413200 1278.2
1413210 1276.6
1413220 1274.8
1413230 1274.8
1413240 1268.0
1413250 1262.1
1413260 1262.1
1413270 1267.6
1413280 1269.6
1413290 1267.9
1413300 1267.9
1413310 1265.8
1413320 1265.6
1413330 1265.6
1413340 1265.4
1413350 1262.9
1413360 1262.9
1413370 1260.3
1413380 1261.5
1413390 1261.5
1413400 1260.0
1413410 1257.8
1413420 1257.8
1413430 1255.7
1413440 1249.8
1413450 1249.8
1413460 1245.0
1413470 1249.0
1413480 1253.3
1413490 1253.3
1413500 1250.5
1413510 1249.7
1413520 1249.7
1413530 1250.8
1413540 1249.5
1413550 1249.5
1413560 1248.7
1413570 1247.6
1413580 1247.6
1413590 1249.6
1413600 1250.4
1413610 1250.4
1413620 1251.0
1413630 1250.1
1413640 1252.8
1413650 1252.8
1413660 1252.5
1413670 1251.5
1413680 1251.5
1413690 1251.0
1413700 1250.9
1413710 1250.9
1413720 1249.9
1413730 1247.1
1413740 1247.1
1413750 1244.5
1413760 1239.9
1413770 1239.9
1413780 1235.9
1413790 1241.7
1413800 1245.5
1413810 1245.5
1413820 1245.7
1413830 1243.9
1413840 1243.9
1413850 1240.3
1413860 1236.7
1413870 1236.7
1413880 1231.4
1413890 1225.2
1413900 1225.2
1413910 1221.4
1413920 1221.7
1413930 1221.7
1413940 1224.6
1413950 1227.5
1413960 1228.2
1413970 1228.2
1413980 1228.3
1413990 1227.6
1414000 1227.6
1414010 1226.4
1414020 1225.8
1414030 1225.8
1414040 1225.0
1414050 1221.7
1414060 1221.7
1414070 1214.4
1414080 1214.1
1414090 1214.1
1414100 1222.8
1414110 1225.9
1414120 1224.9
1414130 1224.9
1414140 1222.4
1414150 1217.8
1414160 1217.8
1414170 1210.5
1414180 1212.0
1414190 1212.0
1414200 1218.1
1414210 1219.4
1414220 1219.4
1414230 1218.7
1414240 1217.5
1414250 1217.5
1414260 1216.4
1414270 1215.8
1414280 1215.8
1414290 1214.3
1414300 1213.1
1414310 1212.1
1414320 1212.1
1414330 1210.8
1414340 1210.0
1414350 1210.0
1414360 1206.4
1414370 1198.1
1414380 1198.1
1414390 1195.0
1414400 1197.1
1414410 1197.1
1414420 1197.0
1414430 1196.2
1414440 1196.2
1414450 1194.7
1414460 1194.0
1414470 1192.4
1414480 1192.4
1414490 1191.2
1414500 1189.6
1414510 1189.6
1414520 1191.2
1414530 1191.3
1414540 1191.3
1414550 1191.6
1414560 1195.6
1414570 1195.6
1414580 1201.9
1414590 1201.8
1414600 1195.9
1414610 1196.3
1414620 1196.0
1414630 1196.2
1414640 1196.2
1414650 1196.8
1414660 1197.2
1414670 1197.2
1414680 1197.4
1414690 1197.6
1414700 1197.6
1414710 1198.8
1414720 1199.4
1414730 1199.4
1414740 1200.4
1414750 1201.4
1414760 1201.4
1414770 1200.9
1414780 1201.8
1414790 1203.4
1414800 1203.4
1414810 1204.9
1414820 1206.2
1414830 1206.2
1414840 1207.0
1414850 1206.8
1414860 1206.8
1414870 1205.3
1414880 1204.6
1414890 1204.6
1414900 1207.6
1414910 1208.7
1414920 1208.7
1414930 1209.3
1414940 1210.3
1414950 1211.9
1414960 1211.9
1414970 1214.1
1414980 1216.1
1414990 1216.1
1415000 1217.4
1415010 1218.5
1415020 1218.5
1415030 1219.2
1415040 1219.8
1415050 1219.8
1415060 1221.1
1415070 1223.2
1415080 1223.2
1415090 1224.6
1415100 1225.9
1415110 1225.9
1415120 1225.8
1415130 1226.3
1415140 1227.8
1415150 1227.8
1415160 1231.3
1415170 1234.3
1415180 1234.3
1415190 1237.8
1415200 1241.0
1415210 1241.0
1415220 1242.5
1415230 1244.5
1415240 1244.5
1415250 1249.8
1415260 1253.5
1415270 1253.5
1415280 1252.9
1415290 1253.6
1415300 1256.5
1415310 1256.5
1415320 1259.4
1415330 1260.8
1415340 1260.8
1415350 1261.6
1415360 1262.3
1415370 1262.3
1415380 1263.1
1415390 1264.2
1415400 1264.2
1415410 1265.2
1415420 1266.3
1415430 1266.3
1415440 1267.7
1415450 1269.2
1415460 1270.5
1415470 1270.5
1415480 1271.3
1415490 1271.7
1415500 1271.7
1415510 1272.1
1415520 1272.6
1415530 1272.6
1415540 1273.1
1415550 1273.5
1415560 1273.5
1415570 1273.8
1415580 1274.2
1415590 1274.2
1415600 1273.4
1415610 1271.1
1415620 1269.2
1415630 1269.2
1415640 1266.2
1415650 1263.6
1415660 1263.6
1415670 1260.5
1415680 1257.3
1415690 1257.3
1415700 1254.5
1415710 1251.3
1415720 1251.3
1415730 1247.7
1415740 1242.9
1415750 1242.9
1415760 1236.6
1415770 1229.5
1415780 1222.2
1415790 1222.2
1415800 1213.1
1415810 1203.3
1415820 1203.3
1415830 1193.4
1415840 1182.2
1415850 1182.2
1415860 1173.4
1415870 1165.4
1415880 1165.4
1415890 1161.8
1415900 1162.7
1415910 1162.7
1415920 1164.2
1415930 1164.3
1415940 1164.4
1415950 1164.4
1415960 1165.1
1415970 1165.4
1415980 1165.4
1415990 1173.1
1416000 1183.7
1416010 1183.7
1416020 1195.0
1416030 1205.1
1416040 1205.1
1416050 1212.5
1416060 1218.8
1416070 1218.8
1416080 1224.3
1416090 1230.2
1416100 1230.2
1416110 1235.4
1416120 1238.0
1416130 1239.1
1416140 1239.1
1416150 1239.3
1416160 1238.5
1416170 1238.5
1416180 1236.7
1416190 1233.9
1416200 1233.9
1416210 1230.2
1416220 1226.0
1416230 1226.0
1416240 1221.5
1416250 1217.5
1416260 1217.5
1416270 1213.9
1416280 1212.1
1416290 1210.9
1416300 1210.9
1416310 1209.1
1416320 1208.5
1416330 1208.5
1416340 1207.9
1416350 1206.4
1416360 1206.4
1416370 1204.7
1416380 1203.6
1416390 1203.6
1416400 1201.9
1416410 1199.8
1416420 1193.2
1416430 1191.6
1416440 1190.7
1416450 1191.7
1416460 1191.7
1416470 1191.2
1416480 1191.6
1416490 1191.6
1416500 1193.8
1416510 1195.2
1416520 1195.2
1416530 1196.3
1416540 1197.0
1416550 1197.0
1416560 1196.3
1416570 1197.4
1416580 1197.4
1416590 1200.4
1416600 1202.3
1416610 1204.1
1416620 1204.1
1416630 1205.3
1416640 1204.9
1416650 1204.9
1416660 1202.9
1416670 1199.3
1416680 1199.3
1416690 1194.7
1416700 1191.0
1416710 1191.0
1416720 1187.5
1416730 1180.4
1416740 1180.4
1416750 1174.0
1416760 1177.6
1416770 1182.5
1416780 1182.5
1416790 1184.0
1416800 1183.7
1416810 1183.7
1416820 1182.3
1416830 1181.0
1416840 1181.0
1416850 1179.8
1416860 1178.8
1416870 1178.8
1416880 1178.4
1416890 1178.3
1416900 1178.3
1416910 1176.6
1416920 1174.3
1416930 1174.3
1416940 1175.9
1416950 1176.8
1416960 1176.1
1416970 1176.1
1416980 1176.2
1416990 1177.1
1417000 1177.1
1417010 1178.5
1417020 1178.2
1417030 1178.2
1417040 1177.9
1417050 1179.8
1417060 1179.8
1417070 1178.9
1417080 1177.6
1417090 1177.6
1417100 1176.5
1417110 1175.9
1417120 1175.4
1417130 1175.4
1417140 1175.0
1417150 1174.9
1417160 1174.9
1417170 1174.8
1417180 1175.5
1417190 1175.5
1417200 1175.6
1417210 1175.6
1417220 1175.6
1417230 1175.3
1417240 1174.6
1417250 1174.6
1417260 1174.0
1417270 1173.6
1417280 1173.1
1417290 1173.1
1417300 1172.6
1417310 1172.5
1417320 1172.5
1417330 1172.6
1417340 1172.9
1417350 1172.9
1417360 1173.1
1417370 1173.6
1417380 1173.6
1417390 1173.6
1417400 1173.4
1417410 1173.4
1417420 1173.6
1417430 1174.5
1417440 1175.6
1417450 1175.6
1417460 1176.8
1417470 1177.9
1417480 1177.9
1417490 1179.3
1417500 1180.8
1417510 1180.8
1417520 1181.5
1417530 1181.4
1417540 1181.4
1417550 1179.4
1417560 1176.1
1417570 1176.1
1417580 1174.3
1417590 1173.3
1417600 1171.1
1417610 1171.1
1417620 1174.0
1417630 1181.6
1417640 1181.6
1417650 1188.8
1417660 1190.6
1417670 1190.6
1417680 1191.1
1417690 1191.3
1417700 1191.3
1417710 1191.4
1417720 1191.3
1417730 1191.3
1417740 1191.1
1417750 1190.7
1417760 1190.4
1417770 1190.4
1417780 1190.3
1417790 1190.0
1417800 1190.0
1417810 1189.1
1417820 1187.7
1417830 1187.7
1417840 1186.3
1417850 1184.7
1417860 1184.7
1417870 1183.0
1417880 1181.1
1417890 1181.1
1417900 1179.6
1417910 1178.4
1417920 1178.4
1417930 1177.8
1417940 1177.6
1417950 1177.5
1417960 1177.5
1417970 1178.2
1417980 1179.8
1417990 1179.8
1418000 1181.5
1418010 1183.5
1418020 1183.5
1418030 1185.3
1418040 1187.7
1418050 1187.7
1418060 1189.4
1418070 1190.6
1418080 1190.6
1418090 1190.2
1418100 1189.9
1418110 1188.9
1418120 1188.9
1418130 1187.5
1418140 1186.8
1418150 1186.8
1418160 1186.3
1418170 1186.0
1418180 1186.0
1418190 1186.6
1418200 1188.2
1418210 1188.2
1418220 1190.5
1418230 1193.5
1418240 1193.5
1418250 1196.5
1418260 1198.9
1418270 1201.6
1418280 1201.6
1418290 1204.6
1418300 1200.5
1418310 1200.5
1418320 1202.1
1418330 1203.7
1418340 1203.7
1418350 1205.4
1418360 1206.5
1418370 1206.5
1418380 1206.6
1418390 1206.6
1418400 1206.6
1418410 1207.2
1418420 1206.8
1418430 1204.9
1418440 1204.9
1418450 1201.3
1418460 1197.8
1418470 1197.8
1418480 1199.0
1418490 1203.0
1418500 1203.0
1418510 1211.6
1418520 1215.8
1418530 1215.8
1418540 1217.9
1418550 1221.6
1418560 1221.6
1418570 1226.9
1418580 1232.3
1418590 1232.5
1418600 1232.5
1418610 1227.7
1418620 1220.0
1418630 1220.0
1418640 1222.8
1418650 1236.4
1418660 1236.4
1418670 1250.3
1418680 1259.0
1418690 1259.0
1418700 1265.8
1418710 1271.6
1418720 1271.6
1418730 1278.3
1418740 1285.7
1418750 1285.7
1418760 1292.8
1418770 1297.6
1418780 1301.6
1418790 1301.6
1418800 1304.5
1418810 1303.4
1418820 1303.4
1418830 1305.1
1418840 1309.2
1418850 1309.2
1418860 1314.8
1418870 1322.9
1418880 1322.9
1418890 1328.8
1418900 1332.3
1418910 1332.3
1418920 1334.5
1418930 1337.3
1418940 1340.6
1418950 1340.6
1418960 1343.6
1418970 1346.4
1418980 1346.4
1418990 1349.2
1419000 1351.4
1419010 1351.4
1419020 1353.2
1419030 1355.7
1419040 1355.7
1419050 1358.3
1419060 1361.2
1419070 1361.2
1419080 1363.0
1419090 1366.0
1419100 1368.6
1419110 1368.6
1419120 1370.8
1419130 1373.1
1419140 1373.1
1419150 1375.1
1419160 1376.7
1419170 1376.7
1419180 1378.4
1419190 1379.9
1419200 1379.9
1419210 1381.3
1419220 1382.5
1419230 1382.5
1419240 1383.5
1419250 1384.3
1419260 1385.0
1419270 1385.0
1419280 1385.6
1419290 1386.0
1419300 1386.0
1419310 1386.0
1419320 1386.1
1419330 1386.1
1419340 1386.0
1419350 1386.1
1419360 1386.1
1419370 1386.2
1419380 1386.3
1419390 1386.3
1419400 1386.2
1419410 1386.1
1419420 1386.2
1419430 1386.2
1419440 1386.3
1419450 1386.3
1419460 1386.3
1419470 1386.9
1419480 1386.5
1419490 1386.5
1419500 1385.6
1419510 1385.5
1419520 1385.5
1419530 1385.5
1419540 1385.5
1419550 1385.5
1419560 1385.8
1419570 1385.4
1419580 1385.4
1419590 1384.4
1419600 1382.3
1419610 1379.4
1419620 1379.4
1419630 1376.3
1419640 1373.2
1419650 1373.2
1419660 1370.3
1419670 1367.8
1419680 1367.8
1419690 1364.9
1419700 1360.0
1419710 1360.0
1419720 1356.3
1419730 1354.6
1419740 1354.6
1419750 1351.8
1419760 1345.6
1419770 1338.4
1419780 1338.4
1419790 1330.8
1419800 1323.1
1419810 1323.1
1419820 1315.4
1419830 1307.0
1419840 1307.0
1419850 1298.5
1419860 1290.0
1419870 1290.0
1419880 1283.4
1419890 1280.6
1419900 1280.6
1419910 1280.5
1419920 1279.2
1419930 1271.8
1419940 1271.8
1419950 1259.8
1419960 1248.1
1419970 1248.1
1419980 1256.3
1419990 1265.6
