1400000 1422.0
1400010 1422.0
1400020 1422.6
1400030 1422.6
1400040 1423.9
1400050 1424.7
1400060 1424.7
1400070 1424.4
1400080 1422.9
1400090 1422.9
1400100 1421.2
1400110 1419.3
1400120 1419.3
1400130 1416.9
1400140 1414.9
1400150 1414.9
1400160 1413.4
1400170 1413.6
1400180 1414.1
1400190 1414.1
1400200 1413.3
1400210 1411.9
1400220 1411.9
1400230 1410.3
1400240 1408.5
1400250 1408.5
1400260 1406.2
1400270 1404.4
1400280 1404.4
1400290 1403.3
1400300 1402.1
1400310 1402.1
1400320 1400.6
1400330 1398.4
1400340 1398.4
1400350 1397.1
1400360 1397.1
1400370 1396.9
1400380 1396.9
1400390 1396.7
1400400 1396.5
1400410 1396.5
1400420 1396.3
1400430 1396.1
1400440 1396.1
1400450 1396.5
1400460 1397.3
1400470 1397.3
1400480 1396.7
1400490 1396.5
1400500 1396.5
1400510 1396.1
1400520 1395.6
1400530 1396.1
1400540 1396.1
1400550 1397.1
1400560 1397.3
1400570 1397.3
1400580 1397.3
1400590 1397.5
1400600 1397.5
1400610 1397.6
1400620 1397.3
1400630 1397.3
1400640 1395.6
1400650 1394.5
1400660 1394.5
1400670 1394.5
1400680 1393.6
1400690 1394.9
1400700 1394.9
1400710 1396.9
1400720 1397.2
1400730 1397.2
1400740 1396.5
1400750 1396.4
1400760 1396.4
1400770 1397.6
1400780 1397.6
1400790 1397.6
1400800 1397.1
1400810 1396.4
1400820 1396.4
1400830 1395.4
1400840 1395.5
1400850 1394.5
1400860 1394.5
1400870 1393.2
1400880 1391.5
1400890 1391.5
1400900 1390.0
1400910 1388.6
1400920 1388.6
1400930 1388.7
1400940 1388.9
1400950 1388.9
1400960 1389.0
1400970 1389.1
1400980 1389.1
1400990 1389.0
1401000 1388.9
1401010 1388.6
1401020 1388.6
1401030 1388.4
1401040 1388.2
1401050 1388.2
1401060 1388.0
1401070 1387.9
1401080 1387.9
1401090 1387.7
1401100 1388.4
1401110 1388.4
1401120 1389.2
1401130 1390.9
1401140 1390.9
1401150 1392.5
1401160 1391.5
1401170 1391.5
1401180 1390.0
1401190 1388.9
1401200 1388.3
1401210 1388.3
1401220 1388.6
1401230 1389.1
1401240 1389.1
1401250 1389.8
1401260 1389.7
1401270 1389.7
1401280 1389.7
1401290 1390.0
1401300 1390.0
1401310 1390.5
1401320 1390.7
1401330 1390.7
1401340 1390.8
1401350 1390.9
1401360 1391.1
1401370 1391.1
1401380 1391.3
1401390 1391.2
1401400 1391.2
1401410 1391.2
1401420 1391.3
1401430 1391.3
1401440 1391.3
1401450 1391.1
1401460 1391.1
1401470 1391.4
1401480 1393.1
1401490 1393.1
1401500 1392.7
1401510 1386.8
1401520 1385.6
1401530 1385.6
1401540 1385.4
1401550 1385.3
1401560 1385.3
1401570 1385.3
1401580 1385.6
1401590 1385.6
1401600 1386.2
1401610 1386.5
1401620 1386.5
1401630 1386.3
1401640 1386.2
1401650 1386.2
1401660 1386.2
1401670 1386.0
1401680 1385.2
1401690 1385.2
1401700 1385.0
1401710 1385.6
1401720 1385.6
1401730 1385.5
1401740 1385.3
1401750 1385.3
1401760 1384.7
1401770 1383.4
1401780 1383.4
1401790 1382.6
1401800 1382.2
1401810 1382.2
1401820 1382.1
1401830 1382.1
1401840 1382.1
1401850 1382.1
1401860 1382.2
1401870 1382.3
1401880 1382.3
1401890 1382.5
1401900 1383.0
1401910 1383.0
1401920 1383.1
1401930 1383.2
1401940 1383.2
1401950 1383.4
1401960 1383.7
1401970 1383.7
1401980 1384.2
1401990 1384.6
1402000 1384.6
1402010 1385.2
1402020 1385.9
1402030 1386.5
1402040 1386.5
1402050 1387.1
1402060 1387.8
1402070 1387.8
1402080 1388.6
1402090 1389.4
1402100 1389.4
1402110 1390.1
1402120 1390.8
1402130 1390.8
1402140 1391.6
1402150 1392.4
1402160 1392.4
1402170 1393.0
1402180 1393.6
1402190 1394.2
1402200 1394.2
1402210 1394.6
1402220 1395.0
1402230 1395.0
1402240 1395.6
1402250 1396.4
1402260 1396.4
1402270 1397.2
1402280 1397.4
1402290 1397.4
1402300 1396.6
1402310 1396.5
1402320 1396.5
1402330 1396.5
1402340 1396.3
1402350 1395.0
1402360 1395.0
1402370 1395.2
1402380 1395.3
1402390 1395.3
1402400 1395.2
1402410 1395.1
1402420 1395.1
1402430 1394.7
1402440 1394.3
1402450 1394.3
1402460 1394.4
1402470 1394.6
1402480 1394.6
1402490 1394.9
1402500 1394.9
1402510 1394.9
1402520 1394.9
1402530 1394.7
1402540 1394.2
1402550 1394.2
1402560 1393.5
1402570 1393.0
1402580 1393.0
1402590 1392.7
1402600 1392.3
1402610 1392.3
1402620 1392.0
1402630 1392.0
1402640 1392.0
1402650 1392.2
1402660 1392.5
1402670 1393.3
1402680 1393.3
1402690 1394.1
1402700 1394.8
1402710 1394.8
1402720 1395.4
1402730 1396.1
1402740 1396.1
1402750 1396.8
1402760 1397.7
1402770 1397.7
1402780 1398.5
1402790 1399.3
1402800 1399.3
1402810 1399.9
1402820 1400.7
1402830 1400.7
1402840 1401.4
1402850 1402.4
1402860 1403.3
1402870 1403.3
1402880 1404.0
1402890 1404.5
1402900 1404.5
1402910 1405.1
1402920 1406.0
1402930 1406.0
1402940 1407.0
1402950 1407.8
1402960 1407.8
1402970 1408.6
1402980 1409.3
1402990 1409.3
1403000 1409.9
1403010 1410.6
1403020 1411.4
1403030 1411.4
1403040 1412.2
1403050 1413.3
1403060 1413.3
1403070 1414.7
1403080 1416.3
1403090 1416.3
1403100 1417.7
1403110 1419.0
1403120 1419.0
1403130 1420.1
1403140 1421.5
1403150 1421.5
1403160 1422.7
1403170 1423.6
1403180 1424.4
1403190 1424.4
1403200 1425.1
1403210 1425.8
1403220 1425.8
1403230 1426.4
1403240 1427.1
1403250 1427.1
1403260 1428.0
1403270 1428.9
1403280 1428.9
1403290 1430.0
1403300 1431.4
1403310 1431.4
1403320 1432.5
1403330 1433.5
1403340 1434.8
1403350 1434.8
1403360 1435.3
1403370 1434.4
1403380 1434.4
1403390 1435.3
1403400 1438.1
1403410 1438.1
1403420 1439.6
1403430 1440.4
1403440 1440.4
1403450 1441.7
1403460 1443.4
1403470 1443.4
1403480 1444.6
1403490 1445.6
1403500 1445.6
1403510 1446.4
1403520 1446.9
1403530 1447.2
1403540 1447.2
1403550 1447.9
1403560 1449.0
1403570 1449.0
1403580 1449.6
1403590 1449.7
1403600 1449.7
1403610 1450.0
1403620 1450.2
1403630 1450.2
1403640 1450.5
1403650 1450.6
1403660 1450.6
1403670 1450.6
1403680 1450.9
1403690 1451.5
1403700 1451.5
1403710 1452.6
1403720 1453.5
1403730 1453.5
1403740 1454.2
1403750 1454.9
1403760 1454.9
1403770 1455.7
1403780 1456.3
1403790 1456.3
1403800 1456.6
1403810 1456.5
1403820 1456.5
1403830 1456.4
1403840 1456.7
1403850 1457.0
1403860 1457.0
1403870 1456.9
1403880 1457.0
1403890 1457.0
1403900 1455.6
1403910 1455.5
1403920 1455.5
1403930 1454.9
1403940 1454.6
1403950 1454.6
1403960 1454.2
1403970 1453.9
1403980 1453.9
1403990 1453.9
1404000 1453.6
1404010 1453.4
1404020 1453.4
1404030 1453.1
1404040 1452.1
1404050 1452.1
1404060 1452.1
1404070 1451.9
1404080 1451.9
1404090 1451.2
1404100 1451.5
1404110 1451.5
1404120 1451.7
1404130 1451.4
1404140 1451.4
1404150 1451.3
1404160 1450.7
1404170 1450.0
1404180 1450.0
1404190 1449.4
1404200 1447.9
1404210 1447.9
1404220 1447.2
1404230 1447.2
1404240 1447.2
1404250 1447.0
1404260 1446.8
1404270 1446.8
1404280 1446.5
1404290 1446.1
1404300 1446.1
1404310 1445.6
1404320 1445.1
1404330 1445.1
1404340 1444.3
1404350 1443.1
1404360 1442.0
1404370 1442.0
1404380 1441.3
1404390 1440.5
1404400 1440.5
1404410 1439.9
1404420 1439.0
1404430 1439.0
1404440 1437.3
1404450 1436.0
1404460 1436.0
1404470 1434.2
1404480 1433.4
1404490 1433.4
1404500 1432.8
1404510 1431.7
1404520 1430.5
1404530 1430.5
1404540 1430.0
1404550 1429.4
1404560 1429.4
1404570 1428.6
1404580 1427.5
1404590 1427.5
1404600 1426.2
1404610 1424.8
1404620 1424.8
1404630 1423.3
1404640 1421.7
1404650 1421.7
1404660 1421.2
1404670 1420.5
1404680 1419.4
1404690 1419.4
1404700 1417.9
1404710 1416.7
1404720 1416.7
1404730 1415.5
1404740 1414.3
1404750 1414.3
1404760 1413.1
1404770 1412.0
1404780 1412.0
1404790 1411.0
1404800 1410.2
1404810 1410.2
1404820 1409.6
1404830 1409.2
1404840 1408.9
1404850 1408.9
1404860 1408.5
1404870 1407.8
1404880 1407.8
1404890 1407.0
1404900 1406.1
1404910 1406.1
1404920 1405.1
1404930 1404.0
1404940 1404.0
1404950 1403.1
1404960 1402.3
1404970 1402.3
1404980 1401.4
1404990 1400.4
1405000 1399.4
1405010 1399.4
1405020 1398.5
1405030 1397.7
1405040 1397.7
1405050 1397.0
1405060 1396.4
1405070 1396.4
1405080 1396.0
1405090 1395.7
1405100 1395.7
1405110 1395.7
1405120 1395.9
1405130 1395.9
1405140 1396.3
1405150 1396.9
1405160 1396.9
1405170 1398.0
1405180 1398.9
1405190 1399.0
1405200 1399.0
1405210 1398.9
1405220 1399.6
1405230 1399.6
1405240 1400.4
1405250 1400.5
1405260 1400.5
1405270 1400.4
1405280 1400.7
1405290 1400.7
1405300 1400.6
1405310 1402.2
1405320 1402.2
1405330 1403.5
1405340 1405.2
1405350 1408.8
1405360 1408.8
1405370 1411.8
1405380 1413.3
1405390 1413.3
1405400 1414.8
1405410 1418.7
1405420 1418.7
1405430 1416.3
1405440 1417.9
1405450 1417.9
1405460 1425.5
1405470 1429.9
1405480 1422.8
1405490 1424.0
1405500 1422.0
1405510 1418.6
1405520 1418.6
1405530 1420.4
1405540 1428.2
1405550 1428.2
1405560 1430.9
1405570 1427.3
1405580 1427.3
1405590 1425.7
1405600 1432.7
1405610 1432.7
1405620 1442.6
1405630 1441.2
1405640 1441.2
1405650 1432.8
1405660 1436.0
1405670 1446.6
1405680 1446.6
1405690 1454.0
1405700 1460.5
1405710 1460.5
1405720 1464.4
1405730 1467.8
1405740 1467.8
1405750 1470.7
1405760 1472.6
1405770 1472.6
1405780 1472.8
1405790 1473.8
1405800 1473.8
1405810 1476.1
1405820 1480.4
1405830 1484.7
1405840 1484.7
1405850 1487.5
1405860 1489.8
1405870 1489.8
1405880 1490.4
1405890 1487.4
1405900 1487.4
1405910 1490.1
1405920 1492.8
1405930 1492.8
1405940 1491.2
1405950 1488.7
1405960 1488.7
1405970 1491.1
1405980 1496.9
1405990 1496.9
1406000 1498.8
1406010 1499.3
1406020 1501.2
1406030 1501.2
1406040 1502.7
1406050 1505.6
1406060 1505.6
1406070 1509.1
1406080 1513.7
1406090 1513.7
1406100 1518.9
1406110 1521.5
1406120 1521.5
1406130 1523.0
1406140 1524.1
1406150 1524.1
1406160 1525.1
1406170 1526.0
1406180 1526.4
1406190 1526.4
1406200 1525.5
1406210 1523.2
1406220 1523.2
1406230 1518.1
1406240 1516.2
1406250 1516.2
1406260 1518.1
1406270 1517.9
1406280 1517.9
1406290 1516.1
1406300 1514.9
1406310 1514.9
1406320 1514.5
1406330 1514.0
1406340 1513.4
1406350 1513.4
1406360 1513.0
1406370 1512.5
1406380 1512.5
1406390 1512.0
1406400 1511.8
1406410 1511.8
1406420 1511.3
1406430 1510.5
1406440 1510.5
1406450 1510.0
1406460 1509.6
1406470 1509.6
1406480 1508.3
1406490 1506.9
1406500 1505.7
1406510 1505.7
1406520 1505.0
1406530 1504.7
1406540 1504.7
1406550 1504.6
1406560 1504.5
1406570 1504.5
1406580 1504.3
1406590 1504.3
1406600 1504.3
1406610 1504.6
1406620 1505.2
1406630 1505.2
1406640 1505.0
1406650 1504.2
1406660 1503.6
1406670 1503.6
1406680 1502.7
1406690 1501.7
1406700 1501.7
1406710 1501.2
1406720 1500.7
1406730 1500.7
1406740 1500.4
1406750 1499.7
1406760 1499.7
1406770 1498.5
1406780 1496.3
1406790 1496.3
1406800 1494.4
1406810 1492.8
1406820 1492.8
1406830 1491.9
1406840 1491.0
1406850 1489.8
1406860 1489.8
1406870 1488.5
1406880 1487.1
1406890 1487.1
1406900 1485.8
1406910 1484.7
1406920 1484.7
1406930 1483.2
1406940 1480.6
1406950 1480.6
1406960 1476.9
1406970 1472.2
1406980 1472.2
1406990 1467.1
1407000 1461.5
1407010 1455.9
1407020 1455.9
1407030 1449.3
1407040 1441.7
1407050 1441.7
1407060 1434.3
1407070 1426.8
1407080 1422.7
1407090 1415.2
1407100 1408.0
1407110 1408.0
1407120 1402.2
1407130 1395.6
1407140 1395.6
1407150 1389.1
1407160 1381.5
1407170 1374.5
1407180 1374.5
1407190 1371.1
1407200 1368.2
1407210 1368.2
1407220 1365.4
1407230 1366.0
1407240 1366.0
1407250 1367.9
1407260 1368.2
1407270 1368.2
1407280 1368.9
1407290 1374.7
1407300 1374.7
1407310 1382.6
1407320 1389.3
1407330 1395.1
1407340 1395.1
1407350 1402.6
1407360 1413.2
1407370 1413.2
1407380 1420.1
1407390 1425.2
1407400 1425.2
1407410 1430.7
1407420 1437.4
1407430 1437.4
1407440 1444.2
1407450 1450.7
1407460 1450.7
1407470 1457.0
1407480 1464.1
1407490 1471.0
1407500 1471.0
1407510 1477.6
1407520 1483.9
1407530 1483.9
1407540 1490.3
1407550 1496.2
1407560 1496.2
1407570 1502.0
1407580 1507.5
1407590 1507.5
1407600 1512.8
1407610 1517.9
1407620 1517.9
1407630 1522.9
1407640 1526.3
1407650 1526.3
1407660 1530.4
1407670 1534.0
1407680 1535.8
1407690 1535.8
1407700 1538.3
1407710 1542.9
1407720 1542.9
1407730 1546.8
1407740 1550.6
1407750 1550.6
1407760 1555.2
1407770 1559.3
1407780 1559.3
1407790 1562.4
1407800 1566.0
1407810 1566.0
1407820 1570.5
1407830 1574.7
1407840 1578.9
1407850 1578.9
1407860 1582.5
1407870 1585.6
1407880 1585.6
1407890 1588.7
1407900 1591.3
1407910 1591.3
1407920 1593.6
1407930 1595.9
1407940 1595.9
1407950 1598.1
1407960 1600.1
1407970 1600.1
1407980 1601.8
1407990 1603.4
1408000 1604.6
1408010 1604.6
1408020 1606.0
1408030 1607.4
1408040 1607.4
1408050 1608.6
1408060 1609.6
1408070 1609.6
1408080 1611.1
1408090 1612.9
1408100 1612.9
1408110 1615.3
1408120 1617.9
1408130 1617.9
1408140 1620.6
1408150 1622.6
1408160 1625.0
1408170 1625.0
1408180 1628.4
1408190 1631.9
1408200 1631.9
1408210 1635.7
1408220 1639.4
1408230 1639.4
1408240 1642.7
1408250 1645.6
1408260 1645.6
1408270 1648.7
1408280 1652.1
1408290 1652.1
1408300 1655.7
1408310 1659.5
1408320 1662.3
1408330 1662.3
1408340 1664.5
1408350 1666.1
1408360 1666.1
1408370 1667.8
1408380 1669.5
1408390 1669.5
1408400 1669.8
1408410 1670.4
1408420 1670.4
1408430 1671.0
1408440 1671.5
1408450 1671.5
1408460 1672.1
1408470 1672.6
1408480 1672.6
1408490 1673.0
1408500 1673.2
1408510 1673.5
1408520 1673.5
1408530 1674.0
1408540 1674.1
1408550 1674.1
1408560 1674.1
1408570 1674.0
1408580 1674.0
1408590 1673.5
1408600 1672.7
1408610 1672.7
1408620 1671.9
1408630 1671.9
1408640 1671.9
1408650 1672.2
1408660 1672.0
1408670 1671.5
1408680 1671.5
1408690 1671.3
1408700 1671.2
1408710 1671.2
1408720 1668.5
1408730 1668.3
1408740 1668.3
1408750 1668.1
1408760 1668.2
1408770 1668.2
1408780 1668.3
1408790 1668.8
1408800 1668.8
1408810 1669.6
1408820 1670.3
1408830 1670.7
1408840 1670.7
1408850 1671.0
1408860 1671.5
1408870 1671.5
1408880 1671.8
1408890 1672.2
1408900 1672.2
1408910 1671.7
1408920 1667.3
1408930 1667.3
1408940 1659.8
1408950 1656.2
1408960 1656.2
1408970 1657.2
1408980 1659.6
1408990 1664.3
1409000 1664.3
1409010 1665.3
1409020 1659.4
1409030 1659.4
1409040 1649.9
1409050 1640.6
1409060 1640.6
1409070 1640.4
1409080 1653.7
1409090 1653.7
1409100 1661.5
1409110 1661.0
1409120 1661.0
1409130 1659.1
1409140 1659.4
1409150 1662.7
1409160 1662.7
1409170 1666.5
1409180 1671.0
1409190 1671.0
1409200 1672.8
1409210 1672.7
1409220 1672.7
1409230 1672.4
1409240 1672.4
1409250 1672.4
1409260 1672.4
1409270 1672.3
1409280 1672.3
1409290 1672.1
1409300 1672.0
1409310 1672.0
1409320 1671.7
1409330 1670.8
1409340 1670.1
1409350 1670.1
1409360 1670.4
1409370 1670.3
1409380 1670.3
1409390 1670.0
1409400 1669.4
1409410 1669.4
1409420 1668.7
1409430 1667.6
1409440 1667.6
1409450 1666.5
1409460 1665.1
1409470 1665.1
1409480 1663.6
1409490 1661.9
1409500 1660.1
1409510 1660.1
1409520 1659.1
1409530 1658.3
1409540 1658.3
1409550 1657.6
1409560 1656.8
1409570 1656.8
1409580 1656.1
1409590 1655.7
1409600 1655.7
1409610 1655.2
1409620 1654.1
1409630 1654.1
1409640 1653.3
1409650 1652.4
1409660 1651.0
1409670 1651.0
1409680 1647.6
1409690 1641.3
1409700 1641.3
1409710 1642.0
1409720 1647.8
1409730 1647.8
1409740 1650.1
1409750 1648.7
1409760 1648.7
1409770 1646.8
1409780 1645.9
1409790 1645.9
1409800 1645.1
1409810 1644.1
1409820 1643.0
1409830 1643.0
1409840 1641.7
1409850 1640.4
1409860 1640.4
1409870 1639.0
1409880 1637.7
1409890 1637.7
1409900 1636.2
1409910 1634.2
1409920 1634.2
1409930 1632.6
1409940 1630.9
1409950 1630.9
1409960 1629.2
1409970 1628.1
1409980 1628.1
1409990 1627.1
1410000 1625.5
1410010 1623.6
1410020 1623.6
1410030 1622.1
1410040 1620.0
1410050 1620.0
1410060 1618.6
1410070 1617.9
1410080 1617.9
1410090 1616.5
1410100 1614.8
1410110 1614.8
1410120 1613.2
1410130 1611.5
1410140 1611.5
1410150 1609.7
1410160 1606.4
1410170 1604.8
1410180 1604.8
1410190 1602.6
1410200 1599.8
1410210 1599.8
1410220 1596.7
1410230 1593.7
1410240 1593.7
1410250 1590.8
1410260 1587.0
1410270 1587.0
1410280 1583.0
1410290 1579.7
1410300 1579.7
1410310 1577.1
1410320 1573.8
1410330 1570.1
1410340 1570.1
1410350 1565.7
1410360 1561.1
1410370 1561.1
1410380 1557.3
1410390 1554.1
1410400 1550.7
1410410 1546.9
1410420 1543.3
1410430 1543.3
1410440 1538.7
1410450 1534.7
1410460 1534.7
1410470 1530.3
1410480 1525.9
1410490 1521.7
1410500 1521.7
1410510 1518.8
1410520 1516.4
1410530 1516.4
1410540 1513.9
1410550 1511.7
1410560 1511.7
1410570 1508.9
1410580 1506.2
1410590 1506.2
1410600 1503.0
1410610 1499.4
1410620 1499.4
1410630 1495.3
1410640 1491.1
1410650 1487.5
1410660 1487.5
1410670 1485.3
1410680 1483.5
1410690 1483.5
1410700 1481.3
1410710 1477.1
1410720 1477.1
1410730 1473.0
1410740 1469.6
1410750 1469.6
1410760 1467.2
1410770 1465.5
1410780 1465.5
1410790 1462.7
1410800 1458.3
1410810 1458.3
1410820 1450.7
1410830 1441.9
1410840 1433.3
1410850 1433.3
1410860 1424.3
1410870 1414.6
1410880 1414.6
1410890 1403.5
1410900 1392.5
1410910 1392.5
1410920 1382.2
1410930 1372.9
1410940 1372.9
1410950 1365.2
1410960 1359.0
1410970 1359.0
1410980 1351.9
1410990 1341.5
1411000 1333.0
1411010 1333.0
1411020 1337.6
1411030 1346.6
1411040 1346.6
1411050 1356.8
1411060 1367.1
1411070 1367.1
1411080 1376.9
1411090 1384.6
1411100 1384.6
1411110 1392.3
1411120 1401.0
1411130 1401.0
1411140 1412.0
1411150 1422.3
1411160 1430.1
1411170 1430.1
1411180 1434.0
1411190 1436.0
1411200 1436.0
1411210 1438.2
1411220 1442.8
1411230 1442.8
1411240 1450.8
1411250 1459.6
1411260 1459.6
1411270 1465.6
1411280 1472.3
1411290 1472.3
1411300 1478.4
1411310 1484.0
1411320 1489.7
1411330 1489.7
1411340 1495.2
1411350 1499.8
1411360 1499.8
1411370 1503.8
1411380 1507.0
1411390 1507.0
1411400 1510.0
1411410 1512.9
1411420 1512.9
1411430 1516.5
1411440 1520.6
1411450 1520.6
1411460 1523.8
1411470 1526.6
1411480 1529.3
1411490 1529.3
1411500 1531.5
1411510 1533.2
1411520 1533.2
1411530 1534.5
1411540 1535.7
1411550 1535.7
1411560 1537.1
1411570 1538.3
1411580 1538.3
1411590 1539.4
1411600 1540.7
1411610 1540.7
1411620 1541.9
1411630 1542.8
1411640 1542.8
1411650 1543.7
1411660 1544.1
1411670 1544.7
1411680 1544.7
1411690 1544.9
1411700 1545.4
1411710 1545.4
1411720 1545.6
1411730 1544.4
1411740 1544.4
1411750 1541.9
1411760 1539.6
1411770 1539.6
1411780 1538.4
1411790 1536.8
1411800 1536.8
1411810 1533.5
1411820 1528.8
1411830 1524.2
1411840 1524.2
1411850 1523.2
1411860 1524.2
1411870 1524.2
1411880 1523.9
1411890 1520.4
1411900 1520.4
1411910 1514.5
1411920 1508.9
1411930 1508.9
1411940 1499.5
1411950 1489.3
1411960 1489.3
1411970 1492.6
1411980 1501.3
1411990 1509.7
1412000 1509.7
1412010 1516.3
1412020 1522.4
1412030 1522.4
1412040 1529.1
1412050 1535.8
1412060 1535.8
1412070 1539.4
1412080 1540.9
1412090 1540.9
1412100 1542.0
1412110 1542.9
1412120 1535.8
1412130 1537.5
1412140 1539.2
1412150 1540.2
1412160 1540.2
1412170 1540.9
1412180 1541.5
1412190 1541.5
1412200 1541.9
1412210 1542.2
1412220 1542.2
1412230 1542.7
1412240 1542.8
1412250 1542.8
1412260 1542.9
1412270 1544.8
1412280 1544.8
1412290 1545.7
1412300 1546.8
1412310 1548.0
1412320 1548.0
1412330 1549.1
1412340 1550.0
1412350 1550.0
1412360 1549.7
1412370 1546.5
1412380 1546.5
1412390 1545.4
1412400 1545.6
1412410 1545.6
1412420 1545.1
1412430 1544.6
1412440 1544.6
1412450 1542.5
1412460 1540.3
1412470 1540.3
1412480 1539.2
1412490 1539.4
1412500 1540.2
1412510 1540.2
1412520 1540.7
1412530 1542.6
1412540 1542.6
1412550 1543.7
1412560 1544.1
1412570 1544.1
1412580 1543.9
1412590 1543.7
1412600 1543.7
1412610 1543.8
1412620 1543.9
1412630 1543.9
1412640 1544.0
1412650 1544.1
1412660 1544.2
1412670 1544.2
1412680 1544.5
1412690 1545.3
1412700 1545.3
1412710 1545.7
1412720 1545.6
1412730 1545.6
1412740 1546.5
1412750 1548.8
1412760 1548.8
1412770 1550.4
1412780 1550.6
1412790 1550.6
1412800 1550.0
1412810 1549.1
1412820 1550.5
1412830 1550.5
1412840 1551.0
1412850 1550.0
1412860 1550.0
1412870 1545.6
1412880 1540.2
1412890 1540.2
1412900 1543.4
1412910 1546.6
1412920 1546.6
1412930 1547.8
1412940 1547.6
1412950 1547.6
1412960 1546.1
1412970 1545.4
1412980 1545.1
1412990 1545.1
1413000 1544.2
1413010 1542.9
1413020 1542.9
1413030 1541.4
1413040 1539.4
1413050 1539.4
1413060 1536.7
1413070 1535.9
1413080 1535.9
1413090 1534.7
1413100 1537.1
1413110 1537.1
1413120 1537.7
1413130 1537.2
1413140 1536.2
1413150 1536.2
1413160 1535.3
1413170 1533.9
1413180 1533.9
1413190 1532.9
1413200 1531.8
1413210 1531.8
1413220 1530.8
1413230 1529.4
1413240 1529.4
1413250 1529.2
1413260 1527.9
1413270 1527.9
1413280 1525.6
1413290 1521.3
1413300 1521.3
1413310 1514.6
1413320 1514.3
1413330 1516.6
1413340 1516.6
1413350 1517.5
1413360 1518.2
1413370 1518.2
1413380 1520.0
1413390 1520.5
1413400 1520.5
1413410 1520.1
1413420 1519.1
1413430 1519.1
1413440 1518.3
1413450 1517.7
1413460 1517.7
1413470 1517.3
1413480 1516.2
1413490 1515.2
1413500 1515.2
1413510 1514.6
1413520 1513.9
1413530 1513.9
1413540 1513.2
1413550 1512.2
1413560 1512.2
1413570 1511.1
1413580 1509.7
1413590 1509.7
1413600 1508.1
1413610 1506.1
1413620 1506.1
1413630 1503.9
1413640 1501.3
1413650 1498.8
1413660 1498.8
1413670 1496.1
1413680 1492.5
1413690 1492.5
1413700 1488.2
1413710 1481.5
1413720 1481.5
1413730 1477.5
1413740 1474.8
1413750 1474.8
1413760 1471.8
1413770 1465.0
1413780 1465.0
1413790 1456.6
1413800 1458.0
1413810 1461.1
1413820 1461.1
1413830 1460.9
1413840 1459.9
1413850 1459.9
1413860 1457.3
1413870 1457.1
1413880 1453.5
1413890 1455.5
1413900 1456.5
1413910 1456.5
1413920 1454.7
1413930 1451.6
1413940 1451.6
1413950 1448.5
1413960 1445.5
1413970 1445.5
1413980 1442.5
1413990 1439.2
1414000 1435.9
1414010 1435.9
1414020 1433.9
1414030 1434.1
1414040 1434.1
1414050 1434.5
1414060 1434.7
1414070 1434.7
1414080 1434.6
1414090 1434.2
1414100 1434.2
1414110 1433.8
1414120 1433.5
1414130 1433.5
1414140 1432.7
1414150 1431.6
1414160 1431.3
1414170 1431.3
1414180 1431.8
1414190 1432.5
1414200 1432.5
1414210 1433.8
1414220 1435.8
1414230 1435.8
1414240 1437.1
1414250 1437.6
1414260 1437.6
1414270 1437.5
1414280 1437.4
1414290 1437.4
1414300 1437.4
1414310 1437.3
1414320 1436.6
1414330 1436.6
1414340 1435.5
1414350 1434.5
1414360 1434.5
1414370 1433.5
1414380 1432.6
1414390 1432.6
1414400 1431.8
1414410 1431.5
1414420 1431.5
1414430 1431.4
1414440 1430.9
1414450 1430.9
1414460 1430.3
1414470 1430.1
1414480 1429.7
1414490 1429.7
1414500 1429.3
1414510 1428.9
1414520 1428.9
1414530 1428.6
1414540 1428.5
1414550 1428.5
1414560 1428.3
1414570 1427.5
1414580 1427.5
1414590 1425.8
1414600 1423.7
1414610 1423.7
1414620 1422.0
1414630 1420.3
1414640 1418.5
1414650 1418.5
1414660 1416.3
1414670 1413.1
1414680 1413.1
1414690 1409.2
1414700 1406.6
1414710 1406.6
1414720 1404.6
1414730 1403.2
1414740 1403.2
1414750 1402.7
1414760 1402.4
1414770 1402.4
1414780 1401.8
1414790 1401.1
1414800 1401.1
1414810 1400.2
1414820 1399.3
1414830 1398.0
1414840 1398.0
1414850 1396.2
1414860 1394.0
1414870 1394.0
1414880 1391.5
1414890 1388.5
1414900 1388.5
1414910 1385.3
1414920 1382.1
1414930 1382.1
1414940 1378.8
1414950 1375.2
1414960 1375.2
1414970 1373.3
1414980 1371.7
1414990 1369.3
1415000 1369.3
1415010 1367.3
1415020 1365.9
1415030 1365.9
1415040 1363.7
1415050 1361.5
1415060 1361.5
1415070 1358.9
1415080 1356.7
1415090 1356.7
1415100 1353.9
1415110 1352.0
1415120 1352.0
1415130 1350.4
1415140 1348.8
1415150 1347.1
1415160 1347.1
1415170 1345.7
1415180 1344.1
1415190 1344.1
1415200 1341.4
1415210 1336.8
1415220 1336.8
1415230 1330.4
1415240 1322.9
1415250 1322.9
1415260 1315.7
1415270 1309.4
1415280 1309.4
1415290 1303.9
1415300 1298.5
1415310 1291.5
1415320 1291.5
1415330 1283.1
1415340 1275.1
1415350 1275.1
1415360 1266.6
1415370 1257.9
1415380 1257.9
1415390 1255.0
1415400 1248.7
1415410 1248.7
1415420 1239.7
1415430 1229.3
1415440 1229.3
1415450 1220.3
1415460 1213.7
1415470 1207.9
1415480 1207.9
1415490 1205.7
1415500 1205.0
1415510 1205.0
1415520 1206.6
1415530 1207.3
1415540 1207.3
1415550 1210.3
1415560 1218.3
1415570 1218.3
1415580 1228.4
1415590 1235.9
1415600 1235.9
1415610 1241.8
1415620 1246.5
1415630 1246.5
1415640 1249.6
1415650 1252.6
1415660 1253.8
1415670 1253.8
1415680 1244.3
1415690 1242.7
1415700 1242.7
1415710 1248.2
1415720 1257.9
1415730 1257.9
1415740 1265.3
1415750 1270.9
1415760 1270.9
1415770 1275.0
1415780 1278.6
1415790 1278.6
1415800 1280.6
1415810 1286.1
1415820 1293.6
1415830 1293.6
1415840 1299.9
1415850 1307.1
1415860 1307.1
1415870 1315.8
1415880 1324.3
1415890 1324.3
1415900 1330.4
1415910 1334.9
1415920 1334.9
1415930 1338.1
1415940 1339.7
1415950 1339.7
1415960 1341.1
1415970 1343.7
1415980 1347.6
1415990 1347.6
1416000 1352.3
1416010 1357.2
1416020 1357.2
1416030 1359.7
1416040 1362.2
1416050 1362.2
1416060 1364.2
1416070 1366.3
1416080 1366.3
1416090 1368.6
1416100 1371.1
1416110 1371.1
1416120 1372.0
1416130 1371.1
1416140 1370.2
1416150 1370.2
1416160 1371.2
1416170 1373.8
1416180 1373.8
1416190 1377.9
1416200 1382.2
1416210 1382.2
1416220 1387.3
1416230 1393.0
1416240 1393.0
1416250 1396.3
1416260 1397.5
1416270 1397.5
1416280 1398.8
1416290 1400.4
1416300 1402.8
1416310 1402.8
1416320 1403.8
1416330 1404.7
1416340 1404.7
1416350 1406.6
1416360 1407.2
1416370 1407.2
1416380 1407.7
1416390 1407.9
1416400 1407.9
1416410 1408.2
1416420 1408.6
1416430 1408.6
1416440 1409.5
1416450 1409.4
1416460 1409.4
1416470 1409.5
1416480 1410.0
1416490 1410.4
1416500 1410.4
1416510 1411.0
1416520 1411.7
1416530 1411.7
1416540 1412.1
1416550 1412.2
1416560 1412.2
1416570 1412.3
1416580 1413.1
1416590 1413.1
1416600 1414.2
1416610 1415.4
1416620 1415.4
1416630 1416.1
1416640 1416.3
1416650 1417.1
1416660 1417.1
1416670 1418.4
1416680 1418.8
1416690 1418.8
1416700 1418.7
1416710 1419.0
1416720 1419.0
1416730 1417.0
1416740 1413.2
1416750 1413.2
1416760 1414.8
1416770 1419.5
1416780 1419.5
1416790 1423.1
1416800 1425.8
1416810 1427.5
1416820 1427.5
1416830 1428.2
1416840 1429.0
1416850 1429.0
1416860 1429.2
1416870 1429.9
1416880 1429.9
1416890 1431.1
1416900 1431.3
1416910 1431.3
1416920 1431.0
1416930 1431.6
1416940 1431.6
1416950 1432.3
1416960 1432.7
1416970 1432.3
1416980 1432.3
1416990 1431.9
1417000 1432.0
1417010 1432.0
1417020 1431.7
1417030 1429.7
1417040 1429.7
1417050 1426.5
1417060 1426.8
1417070 1426.8
1417080 1426.3
1417090 1424.6
1417100 1424.6
1417110 1423.8
1417120 1422.9
1417130 1423.0
1417140 1423.0
1417150 1423.6
1417160 1423.8
1417170 1423.8
1417180 1423.5
1417190 1422.6
1417200 1422.6
1417210 1421.5
1417220 1420.4
1417230 1420.4
1417240 1419.2
1417250 1418.3
1417260 1418.3
1417270 1417.8
1417280 1416.8
1417290 1416.8
1417300 1414.6
1417310 1412.1
1417320 1409.2
1417330 1409.2
1417340 1405.8
1417350 1402.6
1417360 1402.6
1417370 1397.9
1417380 1394.0
1417390 1394.0
1417400 1389.6
1417410 1384.6
1417420 1384.6
1417430 1377.7
1417440 1371.3
1417450 1371.3
1417460 1365.7
1417470 1361.9
1417480 1358.4
1417490 1358.4
1417500 1353.9
1417510 1352.0
1417520 1352.0
1417530 1345.9
1417540 1337.1
1417550 1337.1
1417560 1330.0
1417570 1322.0
1417580 1322.0
1417590 1314.7
1417600 1310.3
1417610 1310.3
1417620 1306.0
1417630 1301.3
1417640 1297.4
1417650 1297.4
1417660 1296.3
1417670 1299.1
1417680 1299.1
1417690 1301.3
1417700 1300.0
1417710 1300.0
1417720 1293.0
1417730 1280.9
1417740 1280.9
1417750 1267.2
1417760 1260.9
1417770 1260.9
1417780 1263.5
1417790 1270.5
1417800 1278.4
1417810 1278.4
1417820 1288.5
1417830 1298.3
1417840 1298.3
1417850 1309.1
1417860 1320.4
1417870 1320.4
1417880 1331.0
1417890 1340.1
1417900 1340.1
1417910 1347.6
1417920 1353.9
1417930 1353.9
1417940 1356.2
1417950 1357.8
1417960 1359.7
1417970 1359.7
1417980 1362.2
1417990 1365.4
1418000 1365.4
1418010 1367.3
1418020 1366.1
1418030 1366.1
1418040 1365.3
1418050 1361.2
1418060 1361.2
1418070 1358.3
1418080 1367.2
1418090 1367.2
1418100 1378.4
1418110 1386.7
1418120 1386.7
1418130 1391.8
1418140 1394.4
1418150 1393.2
1418160 1393.2
1418170 1391.1
1418180 1398.3
1418190 1398.3
1418200 1406.9
1418210 1410.6
1418220 1410.6
1418230 1412.7
1418240 1413.7
1418250 1413.7
1418260 1415.1
1418270 1416.1
1418280 1416.1
1418290 1415.8
1418300 1419.1
1418310 1427.0
1418320 1427.0
1418330 1433.8
1418340 1439.3
1418350 1439.3
1418360 1442.8
1418370 1445.5
1418380 1445.5
1418390 1447.9
1418400 1450.0
1418410 1450.0
1418420 1451.7
1418430 1452.9
1418440 1452.9
1418450 1454.2
1418460 1455.1
1418470 1456.6
1418480 1456.6
1418490 1456.7
1418500 1452.6
1418510 1452.6
1418520 1446.1
1418530 1439.6
1418540 1439.6
1418550 1432.5
1418560 1424.4
1418570 1424.4
1418580 1411.4
1418590 1413.7
1418600 1413.7
1418610 1426.4
1418620 1438.0
1418630 1447.3
1418640 1447.3
1418650 1453.7
1418660 1456.7
1418670 1456.7
1418680 1460.1
1418690 1463.9
1418700 1463.9
1418710 1467.0
1418720 1469.0
1418730 1469.0
1418740 1469.7
1418750 1472.4
1418760 1472.4
1418770 1474.5
1418780 1475.0
1418790 1476.4
1418800 1476.4
1418810 1478.3
1418820 1476.4
1418830 1476.4
1418840 1471.1
1418850 1469.5
1418860 1469.5
1418870 1476.5
1418880 1482.2
1418890 1482.2
1418900 1484.1
1418910 1482.7
1418920 1482.7
1418930 1482.1
1418940 1487.2
1418950 1487.2
1418960 1491.8
1418970 1499.4
1418980 1506.7
1418990 1506.7
1419000 1511.8
1419010 1515.8
1419020 1515.8
1419030 1518.9
1419040 1522.7
1419050 1522.7
1419060 1527.9
1419070 1532.8
1419080 1532.8
1419090 1536.4
1419100 1538.6
1419110 1538.6
1419120 1540.8
1419130 1543.0
1419140 1545.2
1419150 1545.2
1419160 1547.5
1419170 1549.1
1419180 1549.1
1419190 1550.0
1419200 1550.5
1419210 1550.5
1419220 1550.7
1419230 1551.8
1419240 1551.8
1419250 1553.9
1419260 1555.5
1419270 1555.5
1419280 1557.1
1419290 1557.5
1419300 1557.7
1419310 1557.7
1419320 1558.0
1419330 1558.2
1419340 1558.2
1419350 1558.7
1419360 1558.7
1419370 1558.7
1419380 1558.7
1419390 1557.8
1419400 1557.8
1419410 1556.7
1419420 1555.8
1419430 1555.8
1419440 1554.7
1419450 1550.2
1419460 1548.5
1419470 1548.5
1419480 1546.5
1419490 1544.7
1419500 1544.7
1419510 1543.1
1419520 1542.2
1419530 1542.2
1419540 1540.5
1419550 1538.1
1419560 1538.1
1419570 1535.6
1419580 1531.6
1419590 1531.6
1419600 1523.2
1419610 1513.7
1419620 1511.3
1419630 1511.3
1419640 1513.5
1419650 1515.0
1419660 1515.0
1419670 1515.6
1419680 1515.2
1419690 1515.2
1419700 1514.0
1419710 1512.9
1419720 1512.9
1419730 1511.1
1419740 1508.1
1419750 1508.1
1419760 1505.0
1419770 1501.2
1419780 1501.2
1419790 1495.9
1419800 1487.0
1419810 1475.5
1419820 1475.5
1419830 1468.0
1419840 1459.8
1419850 1459.8
1419860 1448.7
1419870 1450.5
1419880 1450.5
1419890 1456.0
1419900 1459.2
1419910 1459.2
1419920 1457.7
1419930 1454.8
1419940 1454.8
1419950 1458.0
1419960 1459.3
1419970 1458.3
1419980 1458.3
1419990 1459.6
