1400000 1403.1
1400010 1402.9
1400020 1402.8
1400030 1402.8
1400040 1402.6
1400050 1402.3
1400060 1402.3
1400070 1401.8
1400080 1401.4
1400090 1401.1
1400100 1401.1
1400110 1400.9
1400120 1400.4
1400130 1400.4
1400140 1401.0
1400150 1402.3
1400160 1402.3
1400170 1402.9
1400180 1403.7
1400190 1403.7
1400200 1404.7
1400210 1405.8
1400220 1405.8
1400230 1406.9
1400240 1407.9
1400250 1409.0
1400260 1409.0
1400270 1409.8
1400280 1410.5
1400290 1410.5
1400300 1411.5
1400310 1412.1
1400320 1412.1
1400330 1412.9
1400340 1413.8
1400350 1413.8
1400360 1414.4
1400370 1415.2
1400380 1415.2
1400390 1416.3
1400400 1416.8
1400410 1416.8
1400420 1417.3
1400430 1418.0
1400440 1419.5
1400450 1419.5
1400460 1420.4
1400470 1420.4
1400480 1420.4
1400490 1420.8
1400500 1421.8
1400510 1421.8
1400520 1422.8
1400530 1423.6
1400540 1423.6
1400550 1424.5
1400560 1425.3
1400570 1425.3
1400580 1425.7
1400590 1426.1
1400600 1426.7
1400610 1424.9
1400620 1425.4
1400630 1425.8
1400640 1425.8
1400650 1426.5
1400660 1426.7
1400670 1426.7
1400680 1426.2
1400690 1426.1
1400700 1426.1
1400710 1426.2
1400720 1426.1
1400730 1426.1
1400740 1426.3
1400750 1426.7
1400760 1427.1
1400770 1427.1
1400780 1427.4
1400790 1427.6
1400800 1427.6
1400810 1427.7
1400820 1427.6
1400830 1427.6
1400840 1427.4
1400850 1427.2
1400860 1427.2
1400870 1427.4
1400880 1427.9
1400890 1427.9
1400900 1427.9
1400910 1427.6
1400920 1427.4
1400930 1427.4
1400940 1427.5
1400950 1428.2
1400960 1428.2
1400970 1428.4
1400980 1428.8
1400990 1428.8
1401000 1428.7
1401010 1428.4
1401020 1428.4
1401030 1428.1
1401040 1427.9
1401050 1427.9
1401060 1427.6
1401070 1427.4
1401080 1427.0
1401090 1427.0
1401100 1426.8
1401110 1426.6
1401120 1426.6
1401130 1426.0
1401140 1425.4
1401150 1425.4
1401160 1425.0
1401170 1424.3
1401180 1424.3
1401190 1423.4
1401200 1422.7
1401210 1422.7
1401220 1421.9
1401230 1421.3
1401240 1421.3
1401250 1420.3
1401260 1419.5
1401270 1419.0
1401280 1419.0
1401290 1418.4
1401300 1417.9
1401310 1417.9
1401320 1417.8
1401330 1417.5
1401340 1417.5
1401350 1417.1
1401360 1416.7
1401370 1416.7
1401380 1416.5
1401390 1416.6
1401400 1416.6
1401410 1416.1
1401420 1416.2
1401430 1416.1
1401440 1416.1
1401450 1415.6
1401460 1415.7
1401470 1415.7
1401480 1414.8
1401490 1413.6
1401500 1413.6
1401510 1412.4
1401520 1411.6
1401530 1411.6
1401540 1410.9
1401550 1409.8
1401560 1409.8
1401570 1409.6
1401580 1409.1
1401590 1408.1
1401600 1408.1
1401610 1407.0
1401620 1406.3
1401630 1406.3
1401640 1405.8
1401650 1404.8
1401660 1404.8
1401670 1404.1
1401680 1403.6
1401690 1403.6
1401700 1403.1
1401710 1402.6
1401720 1402.6
1401730 1402.1
1401740 1401.6
1401750 1401.0
1401760 1401.0
1401770 1400.5
1401780 1399.8
1401790 1399.8
1401800 1398.9
1401810 1398.3
1401820 1398.3
1401830 1397.8
1401840 1397.2
1401850 1397.2
1401860 1396.4
1401870 1395.9
1401880 1395.9
1401890 1395.3
1401900 1394.9
1401910 1394.9
1401920 1394.7
1401930 1395.1
1401940 1395.9
1401950 1395.9
1401960 1396.9
1401970 1398.3
1401980 1398.3
1401990 1399.6
1402000 1401.3
1402010 1401.3
1402020 1403.1
1402030 1404.4
1402040 1404.4
1402050 1406.0
1402060 1407.5
1402070 1407.5
1402080 1409.1
1402090 1410.5
1402100 1412.2
1402110 1412.2
1402120 1413.6
1402130 1413.6
1402140 1413.6
1402150 1415.5
1402160 1416.1
1402170 1416.1
1402180 1416.6
1402190 1417.5
1402200 1417.5
1402210 1419.6
1402220 1420.6
1402230 1420.6
1402240 1422.2
1402250 1423.8
1402260 1424.4
1402270 1424.4
1402280 1425.0
1402290 1425.3
1402300 1425.3
1402310 1426.8
1402320 1428.3
1402330 1428.3
1402340 1427.8
1402350 1427.0
1402360 1427.0
1402370 1427.0
1402380 1427.2
1402390 1427.2
1402400 1427.4
1402410 1427.5
1402420 1428.5
1402430 1428.5
1402440 1428.0
1402450 1426.4
1402460 1426.4
1402470 1424.9
1402480 1423.7
1402490 1423.7
1402500 1422.9
1402510 1423.6
1402520 1423.6
1402530 1425.9
1402540 1427.8
1402550 1427.8
1402560 1428.9
1402570 1430.3
1402580 1432.4
1402590 1432.4
1402600 1434.9
1402610 1437.2
1402620 1437.2
1402630 1438.9
1402640 1439.7
1402650 1439.7
1402660 1439.9
1402670 1440.4
1402680 1440.4
1402690 1441.3
1402700 1442.6
1402710 1442.6
1402720 1444.3
1402730 1446.3
1402740 1446.3
1402750 1447.9
1402760 1448.9
1402770 1449.1
1402780 1449.1
1402790 1448.6
1402800 1448.8
1402810 1448.8
1402820 1452.4
1402830 1457.9
1402840 1457.9
1402850 1461.2
1402860 1463.6
1402870 1463.6
1402880 1465.1
1402890 1466.0
1402900 1466.0
1402910 1467.0
1402920 1468.2
1402930 1469.9
1402940 1469.9
1402950 1471.0
1402960 1472.2
1402970 1472.2
1402980 1473.5
1402990 1474.1
1403000 1474.1
1403010 1474.2
1403020 1477.2
1403030 1477.2
1403040 1478.7
1403050 1477.9
1403060 1477.9
1403070 1474.4
1403080 1478.8
1403090 1484.2
1403100 1484.2
1403110 1486.1
1403120 1488.2
1403130 1488.2
1403140 1490.0
1403150 1491.6
1403160 1491.6
1403170 1492.4
1403180 1494.7
1403190 1494.7
1403200 1496.0
1403210 1495.0
1403220 1495.0
1403230 1493.0
1403240 1493.6
1403250 1493.8
1403260 1493.8
1403270 1493.1
1403280 1491.6
1403290 1491.6
1403300 1487.6
1403310 1487.9
1403320 1487.9
1403330 1485.4
1403340 1486.5
1403350 1486.5
1403360 1487.6
1403370 1487.6
1403380 1487.6
1403390 1489.8
1403400 1490.3
1403410 1488.7
1403420 1488.7
1403430 1485.1
1403440 1484.8
1403450 1484.8
1403460 1483.9
1403470 1480.5
1403480 1480.5
1403490 1477.9
1403500 1475.9
1403510 1475.9
1403520 1475.0
1403530 1474.8
1403540 1474.8
1403550 1475.1
1403560 1476.4
1403570 1476.4
1403580 1478.5
1403590 1478.8
1403600 1476.5
1403610 1476.5
1403620 1476.5
1403630 1478.3
1403640 1478.3
1403650 1479.0
1403660 1480.6
1403670 1478.9
1403680 1479.8
1403690 1480.3
1403700 1480.3
1403710 1480.9
1403720 1481.5
1403730 1481.5
1403740 1481.9
1403750 1482.7
1403760 1483.6
1403770 1483.6
1403780 1484.2
1403790 1484.7
1403800 1484.7
1403810 1485.5
1403820 1486.0
1403830 1486.0
1403840 1486.1
1403850 1486.3
1403860 1486.3
1403870 1486.5
1403880 1486.4
1403890 1486.4
1403900 1486.0
1403910 1485.4
1403920 1485.3
1403930 1485.3
1403940 1485.3
1403950 1485.3
1403960 1485.3
1403970 1485.3
1403980 1485.2
1403990 1485.2
1404000 1484.7
1404010 1484.2
1404020 1484.2
1404030 1483.8
1404040 1483.4
1404050 1483.4
1404060 1482.8
1404070 1482.2
1404080 1481.5
1404090 1481.5
1404100 1480.8
1404110 1480.2
1404120 1480.2
1404130 1479.6
1404140 1479.3
1404150 1479.3
1404160 1479.2
1404170 1479.0
1404180 1479.0
1404190 1478.4
1404200 1477.8
1404210 1477.8
1404220 1476.9
1404230 1475.5
1404240 1474.3
1404250 1474.3
1404260 1473.2
1404270 1472.1
1404280 1472.1
1404290 1470.7
1404300 1469.5
1404310 1469.5
1404320 1468.5
1404330 1466.7
1404340 1466.7
1404350 1464.9
1404360 1463.4
1404370 1463.4
1404380 1461.7
1404390 1460.4
1404400 1460.4
1404410 1458.8
1404420 1457.6
1404430 1456.8
1404440 1456.8
1404450 1455.4
1404460 1454.9
1404470 1454.9
1404480 1453.9
1404490 1452.7
1404500 1452.7
1404510 1452.0
1404520 1451.9
1404530 1451.9
1404540 1451.7
1404550 1451.0
1404560 1451.0
1404570 1450.6
1404580 1449.7
1404590 1448.6
1404600 1448.6
1404610 1446.7
1404620 1444.8
1404630 1444.8
1404640 1444.4
1404650 1444.8
1404660 1444.8
1404670 1445.5
1404680 1446.5
1404690 1446.5
1404700 1447.6
1404710 1449.1
1404720 1449.1
1404730 1449.9
1404740 1451.0
1404750 1452.2
1404760 1452.2
1404770 1453.2
1404780 1453.7
1404790 1453.7
1404800 1454.1
1404810 1453.7
1404820 1453.7
1404830 1451.7
1404840 1451.1
1404850 1451.1
1404860 1448.6
1404870 1447.3
1404880 1447.3
1404890 1449.4
1404900 1453.3
1404910 1456.5
1404920 1456.5
1404930 1459.3
1404940 1462.1
1404950 1462.1
1404960 1464.0
1404970 1467.9
1404980 1467.9
1404990 1470.5
1405000 1471.4
1405010 1471.4
1405020 1471.2
1405030 1476.2
1405040 1476.2
1405050 1480.2
1405060 1482.8
1405070 1482.8
1405080 1482.7
1405090 1478.5
1405100 1479.3
1405110 1479.3
1405120 1487.6
1405130 1492.2
1405140 1492.2
1405150 1492.7
1405160 1498.4
1405170 1498.4
1405180 1503.0
1405190 1502.9
1405200 1502.9
1405210 1502.8
1405220 1511.8
1405230 1511.8
1405240 1516.9
1405250 1514.7
1405260 1507.0
1405270 1507.0
1405280 1499.8
1405290 1495.3
1405300 1495.3
1405310 1498.2
1405320 1506.4
1405330 1506.4
1405340 1514.7
1405350 1524.8
1405360 1524.8
1405370 1536.2
1405380 1543.0
1405390 1543.0
1405400 1544.4
1405410 1543.5
1405420 1545.3
1405430 1545.3
1405440 1543.7
1405450 1545.0
1405460 1545.0
1405470 1546.9
1405480 1554.4
1405490 1554.4
1405500 1558.1
1405510 1559.0
1405520 1559.0
1405530 1561.2
1405540 1562.7
1405550 1562.7
1405560 1567.2
1405570 1569.9
1405580 1572.6
1405590 1572.6
1405600 1574.7
1405610 1576.4
1405620 1576.4
1405630 1576.3
1405640 1578.2
1405650 1578.2
1405660 1580.6
1405670 1580.8
1405680 1580.8
1405690 1582.7
1405700 1584.6
1405710 1584.6
1405720 1585.7
1405730 1587.5
1405740 1588.6
1405750 1588.6
1405760 1589.0
1405770 1590.7
1405780 1590.7
1405790 1592.3
1405800 1594.2
1405810 1594.2
1405820 1595.8
1405830 1596.9
1405840 1596.9
1405850 1597.9
1405860 1598.9
1405870 1598.9
1405880 1599.8
1405890 1600.4
1405900 1600.4
1405910 1601.2
1405920 1601.6
1405930 1601.6
1405940 1601.6
1405950 1601.2
1405960 1599.1
1405970 1599.1
1405980 1597.0
1405990 1595.7
1406000 1595.7
1406010 1595.5
1406020 1595.6
1406030 1595.6
1406040 1594.5
1406050 1593.0
1406060 1593.0
1406070 1591.2
1406080 1589.4
1406090 1587.8
1406100 1587.8
1406110 1586.8
1406120 1586.0
1406130 1586.0
1406140 1584.9
1406150 1583.2
1406160 1583.2
1406170 1581.3
1406180 1579.2
1406190 1579.2
1406200 1577.2
1406210 1575.0
1406220 1575.0
1406230 1572.7
1406240 1570.7
1406250 1568.5
1406260 1568.5
1406270 1566.3
1406280 1564.7
1406290 1564.7
1406300 1563.2
1406310 1562.1
1406320 1562.1
1406330 1561.4
1406340 1560.4
1406350 1560.4
1406360 1558.9
1406370 1558.0
1406380 1558.0
1406390 1557.5
1406400 1555.2
1406410 1550.7
1406420 1550.7
1406430 1545.4
1406440 1541.5
1406450 1541.5
1406460 1539.3
1406470 1537.6
1406480 1537.6
1406490 1537.0
1406500 1536.5
1406510 1536.5
1406520 1535.7
1406530 1534.6
1406540 1534.6
1406550 1533.1
1406560 1531.2
1406570 1528.8
1406580 1528.8
1406590 1526.9
1406600 1525.1
1406610 1525.1
1406620 1523.3
1406630 1519.9
1406640 1519.9
1406650 1514.4
1406660 1509.2
1406670 1509.2
1406680 1504.2
1406690 1498.2
1406700 1498.2
1406710 1491.4
1406720 1484.0
1406730 1484.0
1406740 1476.7
1406750 1470.2
1406760 1464.9
1406770 1464.9
1406780 1460.0
1406790 1454.8
1406800 1454.8
1406810 1449.3
1406820 1443.6
1406830 1443.6
1406840 1443.5
1406850 1438.6
1406860 1438.6
1406870 1432.7
1406880 1425.9
1406890 1425.9
1406900 1418.9
1406910 1412.1
1406920 1407.0
1406930 1407.0
1406940 1401.6
1406950 1396.7
1406960 1396.7
1406970 1394.9
1406980 1394.2
1406990 1394.2
1407000 1394.5
1407010 1395.3
1407020 1395.3
1407030 1396.3
1407040 1399.5
1407050 1399.5
1407060 1404.1
1407070 1404.0
1407080 1405.5
1407090 1405.5
1407100 1409.8
1407110 1412.3
1407120 1412.3
1407130 1414.4
1407140 1419.6
1407150 1419.6
1407160 1425.6
1407170 1430.1
1407180 1430.1
1407190 1433.1
1407200 1435.8
1407210 1435.8
1407220 1438.8
1407230 1441.5
1407240 1443.2
1407250 1443.2
1407260 1444.5
1407270 1447.5
1407280 1447.5
1407290 1452.5
1407300 1458.2
1407310 1458.2
1407320 1463.7
1407330 1467.6
1407340 1467.6
1407350 1468.5
1407360 1469.6
1407370 1469.6
1407380 1471.5
1407390 1469.8
1407400 1469.8
1407410 1466.8
1407420 1460.8
1407430 1456.5
1407440 1456.5
1407450 1453.9
1407460 1448.6
1407470 1448.6
1407480 1444.4
1407490 1441.4
1407500 1441.4
1407510 1441.5
1407520 1447.1
1407530 1447.1
1407540 1454.2
1407550 1460.0
1407560 1460.0
1407570 1466.8
1407580 1474.8
1407590 1483.2
1407600 1483.2
1407610 1492.8
1407620 1502.0
1407630 1502.0
1407640 1510.2
1407650 1518.9
1407660 1518.9
1407670 1529.8
1407680 1537.5
1407690 1537.5
1407700 1543.7
1407710 1549.8
1407720 1549.8
1407730 1556.3
1407740 1562.5
1407750 1567.8
1407760 1567.8
1407770 1573.1
1407780 1579.1
1407790 1579.1
1407800 1584.6
1407810 1590.0
1407820 1590.0
1407830 1596.0
1407840 1602.2
1407850 1602.2
1407860 1607.9
1407870 1614.4
1407880 1614.4
1407890 1620.8
1407900 1626.9
1407910 1633.1
1407920 1633.1
1407930 1638.9
1407940 1644.1
1407950 1644.1
1407960 1649.6
1407970 1655.5
1407980 1655.5
1407990 1661.0
1408000 1666.6
1408010 1666.6
1408020 1671.4
1408030 1676.8
1408040 1676.8
1408050 1682.5
1408060 1687.6
1408070 1692.3
1408080 1692.3
1408090 1695.1
1408100 1697.9
1408110 1697.9
1408120 1700.7
1408130 1704.3
1408140 1704.3
1408150 1706.0
1408160 1708.0
1408170 1708.0
1408180 1711.2
1408190 1714.0
1408200 1714.0
1408210 1716.9
1408220 1720.1
1408230 1720.1
1408240 1723.3
1408250 1726.1
1408260 1729.1
1408270 1729.1
1408280 1732.3
1408290 1735.6
1408300 1735.6
1408310 1739.1
1408320 1742.6
1408330 1742.6
1408340 1746.6
1408350 1749.7
1408360 1749.7
1408370 1751.7
1408380 1753.4
1408390 1753.4
1408400 1754.8
1408410 1756.0
1408420 1756.5
1408430 1756.5
1408440 1756.9
1408450 1757.2
1408460 1757.2
1408470 1757.1
1408480 1752.0
1408490 1752.0
1408500 1752.0
1408510 1752.7
1408520 1752.7
1408530 1753.4
1408540 1754.3
1408550 1754.3
1408560 1755.2
1408570 1756.6
1408580 1758.3
1408590 1758.3
1408600 1759.3
1408610 1760.4
1408620 1760.4
1408630 1762.2
1408640 1764.4
1408650 1764.4
1408660 1766.5
1408670 1767.6
1408680 1767.6
1408690 1769.7
1408700 1771.4
1408710 1771.4
1408720 1772.2
1408730 1772.7
1408740 1773.5
1408750 1773.5
1408760 1773.9
1408770 1774.3
1408780 1774.3
1408790 1774.5
1408800 1774.7
1408810 1774.7
1408820 1774.2
1408830 1773.0
1408840 1773.0
1408850 1772.6
1408860 1772.2
1408870 1772.2
1408880 1770.8
1408890 1768.6
1408900 1768.2
1408910 1768.2
1408920 1769.1
1408930 1769.6
1408940 1769.6
1408950 1771.2
1408960 1772.0
1408970 1772.0
1408980 1771.4
1408990 1772.0
1409000 1772.0
1409010 1773.0
1409020 1773.0
1409030 1773.0
1409040 1773.6
1409050 1772.8
1409060 1772.8
1409070 1769.2
1409080 1771.2
1409090 1771.3
1409100 1771.3
1409110 1764.8
1409120 1761.8
1409130 1761.8
1409140 1766.9
1409150 1771.6
1409160 1771.6
1409170 1772.3
1409180 1772.7
1409190 1772.7
1409200 1771.8
1409210 1769.6
1409220 1769.6
1409230 1770.8
1409240 1771.4
1409250 1771.1
1409260 1771.1
1409270 1770.1
1409280 1768.2
1409290 1768.2
1409300 1766.2
1409310 1764.4
1409320 1764.4
1409330 1765.2
1409340 1765.2
1409350 1765.2
1409360 1764.6
1409370 1764.6
1409380 1764.6
1409390 1764.0
1409400 1763.3
1409410 1762.7
1409420 1762.7
1409430 1761.6
1409440 1759.8
1409450 1759.8
1409460 1758.1
1409470 1756.9
1409480 1756.9
1409490 1755.8
1409500 1754.7
1409510 1754.7
1409520 1753.4
1409530 1752.5
1409540 1752.5
1409550 1751.8
1409560 1750.3
1409570 1748.0
1409580 1748.0
1409590 1744.9
1409600 1739.3
1409610 1739.3
1409620 1732.5
1409630 1724.1
1409640 1724.1
1409650 1714.8
1409660 1711.5
1409670 1711.5
1409680 1717.0
1409690 1721.0
1409700 1721.0
1409710 1725.2
1409720 1729.9
1409730 1735.2
1409740 1735.2
1409750 1740.2
1409760 1742.7
1409770 1742.7
1409780 1742.1
1409790 1740.9
1409800 1740.9
1409810 1739.5
1409820 1738.2
1409830 1738.2
1409840 1737.0
1409850 1735.6
1409860 1735.6
1409870 1733.8
1409880 1732.3
1409890 1732.3
1409900 1730.8
1409910 1728.7
1409920 1725.5
1409930 1725.5
1409940 1722.2
1409950 1719.0
1409960 1719.0
1409970 1714.8
1409980 1709.9
1409990 1709.9
1410000 1705.6
1410010 1701.7
1410020 1701.7
1410030 1698.5
1410040 1695.5
1410050 1695.5
1410060 1692.3
1410070 1688.6
1410080 1684.9
1410090 1684.9
1410100 1680.5
1410110 1676.1
1410120 1676.1
1410130 1671.3
1410140 1666.2
1410150 1662.1
1410160 1657.7
1410170 1652.0
1410180 1652.0
1410190 1645.8
1410200 1639.9
1410210 1639.9
1410220 1634.3
1410230 1628.9
1410240 1626.3
1410250 1626.3
1410260 1622.6
1410270 1618.5
1410280 1618.5
1410290 1613.5
1410300 1608.5
1410310 1608.5
1410320 1603.0
1410330 1597.2
1410340 1597.2
1410350 1591.8
1410360 1585.7
1410370 1585.7
1410380 1579.0
1410390 1575.7
1410400 1571.3
1410410 1571.3
1410420 1567.9
1410430 1564.6
1410440 1564.6
1410450 1561.2
1410460 1557.7
1410470 1557.7
1410480 1554.4
1410490 1550.6
1410500 1550.6
1410510 1546.8
1410520 1543.6
1410530 1543.6
1410540 1541.4
1410550 1538.9
1410560 1538.9
1410570 1535.3
1410580 1531.0
1410590 1525.9
1410600 1525.9
1410610 1520.4
1410620 1515.4
1410630 1515.4
1410640 1510.5
1410650 1503.8
1410660 1503.8
1410670 1496.6
1410680 1488.5
1410690 1488.5
1410700 1480.3
1410710 1470.9
1410720 1470.9
1410730 1459.8
1410740 1451.7
1410750 1447.9
1410760 1447.9
1410770 1441.5
1410780 1433.2
1410790 1433.2
1410800 1424.8
1410810 1416.8
1410820 1416.8
1410830 1409.5
1410840 1402.2
1410850 1402.2
1410860 1395.4
1410870 1387.3
1410880 1387.3
1410890 1378.9
1410900 1373.0
1410910 1374.2
1410920 1374.2
1410930 1381.3
1410940 1390.6
1410950 1390.6
1410960 1401.4
1410970 1411.9
1410980 1411.9
1410990 1422.6
1411000 1433.1
1411010 1433.1
1411020 1441.5
1411030 1449.2
1411040 1449.2
1411050 1455.4
1411060 1461.4
1411070 1468.4
1411080 1468.4
1411090 1474.4
1411100 1482.6
1411110 1482.6
1411120 1490.3
1411130 1495.9
1411140 1495.9
1411150 1499.7
1411160 1503.8
1411170 1503.8
1411180 1509.0
1411190 1514.5
1411200 1514.5
1411210 1518.3
1411220 1521.4
1411230 1525.4
1411240 1525.4
1411250 1530.7
1411260 1537.4
1411270 1537.4
1411280 1544.1
1411290 1551.2
1411300 1551.2
1411310 1556.2
1411320 1560.0
1411330 1560.0
1411340 1563.8
1411350 1567.5
1411360 1567.5
1411370 1570.1
1411380 1573.0
1411390 1573.0
1411400 1575.7
1411410 1578.8
1411420 1581.5
1411430 1581.5
1411440 1584.1
1411450 1586.4
1411460 1586.4
1411470 1589.2
1411480 1591.8
1411490 1591.8
1411500 1594.4
1411510 1597.0
1411520 1597.0
1411530 1599.7
1411540 1602.8
1411550 1602.8
1411560 1605.5
1411570 1608.4
1411580 1611.0
1411590 1611.0
1411600 1613.5
1411610 1615.5
1411620 1615.5
1411630 1616.9
1411640 1617.9
1411650 1617.9
1411660 1618.7
1411670 1619.2
1411680 1619.2
1411690 1619.8
1411700 1620.3
1411710 1620.3
1411720 1620.4
1411730 1619.3
1411740 1617.2
1411750 1617.2
1411760 1614.4
1411770 1611.8
1411780 1611.8
1411790 1608.4
1411800 1602.1
1411810 1602.1
1411820 1594.3
1411830 1586.0
1411840 1586.0
1411850 1576.1
1411860 1563.6
1411870 1563.6
1411880 1558.4
1411890 1566.3
1411900 1573.9
1411910 1573.9
1411920 1582.4
1411930 1590.0
1411940 1590.0
1411950 1596.6
1411960 1602.1
1411970 1602.1
1411980 1606.3
1411990 1609.1
1412000 1609.1
1412010 1611.2
1412020 1612.9
1412030 1612.9
1412040 1614.2
1412050 1615.1
1412060 1616.3
1412070 1616.3
1412080 1617.9
1412090 1619.8
1412100 1619.8
1412110 1621.4
1412120 1622.8
1412130 1622.8
1412140 1624.1
1412150 1625.4
1412160 1625.4
1412170 1625.7
1412180 1626.1
1412190 1626.1
1412200 1627.1
1412210 1628.1
1412220 1628.1
1412230 1628.8
1412240 1629.7
1412250 1630.3
1412260 1630.3
1412270 1631.1
1412280 1631.1
1412290 1631.1
1412300 1630.6
1412310 1631.0
1412320 1631.0
1412330 1633.2
1412340 1634.4
1412350 1634.4
1412360 1634.7
1412370 1635.5
1412380 1635.5
1412390 1636.2
1412400 1636.6
1412410 1637.3
1412420 1637.3
1412430 1637.7
1412440 1638.3
1412450 1638.3
1412460 1638.8
1412470 1638.9
1412480 1638.9
1412490 1639.2
1412500 1639.6
1412510 1639.6
1412520 1640.0
1412530 1640.6
1412540 1640.6
1412550 1641.5
1412560 1642.2
1412570 1642.8
1412580 1642.8
1412590 1643.0
1412600 1642.8
1412610 1642.8
1412620 1642.3
1412630 1642.4
1412640 1642.4
1412650 1642.8
1412660 1642.9
1412670 1642.9
1412680 1643.1
1412690 1643.4
1412700 1643.4
1412710 1643.8
1412720 1644.3
1412730 1644.7
1412740 1644.7
1412750 1645.2
1412760 1645.5
1412770 1645.5
1412780 1645.8
1412790 1646.0
1412800 1646.0
1412810 1646.4
1412820 1646.8
1412830 1646.8
1412840 1647.0
1412850 1647.2
1412860 1647.2
1412870 1647.6
1412880 1647.8
1412890 1647.8
1412900 1648.4
1412910 1649.0
1412920 1648.9
1412930 1648.9
1412940 1648.5
1412950 1648.8
1412960 1648.8
1412970 1649.7
1412980 1650.4
1412990 1650.4
1413000 1650.0
1413010 1647.9
1413020 1647.9
1413030 1647.9
1413040 1649.1
1413050 1649.1
1413060 1649.3
1413070 1648.2
1413080 1646.5
1413090 1646.5
1413100 1644.1
1413110 1642.3
1413120 1642.3
1413130 1641.2
1413140 1639.6
1413150 1639.6
1413160 1637.1
1413170 1635.2
1413180 1635.2
1413190 1635.8
1413200 1635.6
1413210 1635.6
1413220 1634.0
1413230 1631.7
1413240 1631.7
1413250 1631.7
1413260 1631.0
1413270 1628.8
1413280 1628.8
1413290 1625.9
1413300 1625.3
1413310 1625.3
1413320 1625.7
1413330 1624.4
1413340 1624.4
1413350 1621.3
1413360 1617.0
1413370 1617.0
1413380 1612.9
1413390 1609.0
1413400 1605.8
1413410 1605.8
1413420 1603.9
1413430 1602.8
1413440 1602.8
1413450 1602.6
1413460 1601.8
1413470 1601.8
1413480 1600.1
1413490 1597.7
1413500 1597.7
1413510 1594.9
1413520 1591.8
1413530 1591.8
1413540 1587.8
1413550 1583.1
1413560 1582.7
1413570 1582.7
1413580 1580.8
1413590 1574.1
1413600 1574.1
1413610 1565.7
1413620 1561.2
1413630 1561.2
1413640 1567.2
1413650 1572.0
1413660 1572.0
1413670 1575.2
1413680 1576.1
1413690 1576.1
1413700 1575.7
1413710 1575.4
1413720 1575.4
1413730 1575.2
1413740 1574.3
1413750 1572.7
1413760 1572.7
1413770 1571.2
1413780 1569.7
1413790 1569.7
1413800 1567.8
1413810 1565.8
1413820 1565.8
1413830 1563.9
1413840 1560.8
1413850 1560.8
1413860 1558.6
1413870 1556.1
1413880 1556.1
1413890 1554.0
1413900 1553.2
1413910 1553.4
1413920 1553.4
1413930 1552.6
1413940 1551.8
1413950 1551.8
1413960 1551.4
1413970 1550.7
1413980 1550.7
1413990 1549.9
1414000 1547.9
1414010 1547.9
1414020 1545.4
1414030 1542.7
1414040 1542.7
1414050 1540.5
1414060 1539.0
1414070 1537.4
1414080 1537.4
1414090 1535.7
1414100 1533.7
1414110 1533.7
1414120 1531.5
1414130 1529.0
1414140 1529.0
1414150 1526.9
1414160 1526.7
1414170 1526.7
1414180 1526.1
1414190 1523.8
1414200 1523.8
1414210 1522.1
1414220 1518.9
1414230 1515.1
1414240 1515.1
1414250 1511.0
1414260 1507.6
1414270 1507.6
1414280 1504.5
1414290 1501.7
1414300 1501.7
1414310 1499.2
1414320 1497.1
1414330 1497.1
1414340 1494.5
1414350 1492.0
1414360 1492.0
1414370 1489.4
1414380 1488.4
1414390 1488.2
1414400 1488.2
1414410 1487.6
1414420 1486.0
1414430 1486.0
1414440 1483.2
1414450 1479.1
1414460 1479.1
1414470 1474.7
1414480 1470.8
1414490 1470.8
1414500 1468.2
1414510 1466.7
1414520 1466.7
1414530 1466.2
1414540 1465.2
1414550 1465.2
1414560 1462.9
1414570 1459.8
1414580 1456.7
1414590 1456.7
1414600 1453.3
1414610 1449.7
1414620 1449.7
1414630 1445.8
1414640 1442.1
1414650 1442.1
1414660 1439.0
1414670 1436.9
1414680 1436.9
1414690 1434.3
1414700 1430.9
1414710 1430.9
1414720 1427.8
1414730 1425.2
1414740 1421.6
1414750 1421.6
1414760 1417.7
1414770 1414.4
1414780 1414.4
1414790 1411.9
1414800 1410.3
1414810 1410.3
1414820 1408.6
1414830 1405.7
1414840 1405.7
1414850 1402.8
1414860 1400.0
1414870 1400.0
1414880 1397.1
1414890 1393.8
1414900 1390.0
1414910 1390.0
1414920 1386.6
1414930 1383.3
1414940 1383.3
1414950 1380.3
1414960 1377.7
1414970 1377.7
1414980 1374.6
1414990 1371.8
1415000 1371.8
1415010 1369.7
1415020 1367.0
1415030 1367.0
1415040 1363.4
1415050 1359.7
1415060 1355.8
1415070 1355.8
1415080 1351.1
1415090 1346.5
1415100 1346.5
1415110 1342.3
1415120 1337.9
1415130 1337.9
1415140 1333.5
1415150 1330.9
1415160 1330.9
1415170 1328.8
1415180 1324.9
1415190 1324.9
1415200 1319.1
1415210 1309.4
1415220 1309.4
1415230 1288.8
1415240 1272.1
1415250 1262.4
1415260 1262.4
1415270 1254.8
1415280 1248.0
1415290 1248.0
1415300 1241.6
1415310 1236.9
1415320 1236.9
1415330 1236.3
1415340 1236.4
1415350 1236.4
1415360 1239.8
1415370 1245.6
1415380 1245.6
1415390 1255.0
1415400 1261.9
1415410 1272.1
1415420 1272.1
1415430 1282.3
1415440 1291.1
1415450 1291.1
1415460 1297.5
1415470 1303.2
1415480 1303.2
1415490 1309.7
1415500 1316.7
1415510 1316.7
1415520 1322.2
1415530 1324.4
1415540 1324.4
1415550 1325.9
1415560 1326.9
1415570 1328.0
1415580 1328.0
1415590 1329.8
1415600 1332.0
1415610 1332.0
1415620 1333.9
1415630 1336.5
1415640 1336.5
1415650 1340.9
1415660 1345.3
1415670 1345.3
1415680 1350.3
1415690 1353.8
1415700 1353.8
1415710 1356.1
1415720 1357.7
1415730 1359.5
1415740 1359.5
1415750 1361.6
1415760 1365.1
1415770 1365.1
1415780 1368.1
1415790 1371.3
1415800 1371.3
1415810 1374.7
1415820 1378.2
1415830 1378.2
1415840 1381.1
1415850 1384.2
1415860 1384.2
1415870 1388.6
1415880 1392.1
1415890 1395.3
1415900 1395.3
1415910 1398.9
1415920 1402.4
1415930 1402.4
1415940 1405.7
1415950 1409.6
1415960 1409.6
1415970 1413.7
1415980 1417.3
1415990 1417.3
1416000 1421.2
1416010 1424.3
1416020 1424.3
1416030 1427.7
1416040 1431.0
1416050 1431.0
1416060 1434.2
1416070 1437.2
1416080 1439.8
1416090 1439.8
1416100 1441.7
1416110 1444.3
1416120 1444.3
1416130 1447.8
1416140 1449.8
1416150 1449.8
1416160 1452.4
1416170 1455.3
1416180 1455.3
1416190 1457.5
1416200 1459.6
1416210 1459.6
1416220 1461.6
1416230 1463.8
1416240 1465.4
1416250 1465.4
1416260 1466.8
1416270 1468.4
1416280 1468.4
1416290 1469.8
1416300 1471.0
1416310 1471.0
1416320 1472.4
1416330 1473.9
1416340 1473.9
1416350 1475.1
1416360 1475.6
1416370 1475.6
1416380 1475.9
1416390 1476.8
1416400 1478.1
1416410 1478.1
1416420 1479.5
1416430 1481.4
1416440 1481.4
1416450 1482.8
1416460 1483.7
1416470 1483.7
1416480 1484.4
1416490 1485.7
1416500 1485.7
1416510 1487.5
1416520 1489.0
1416530 1489.0
1416540 1490.2
1416550 1492.4
1416560 1495.0
1416570 1495.0
1416580 1497.3
1416590 1500.1
1416600 1500.1
1416610 1503.0
1416620 1505.8
1416630 1505.8
1416640 1508.4
1416650 1510.7
1416660 1510.7
1416670 1512.4
1416680 1513.6
1416690 1513.6
1416700 1516.0
1416710 1518.4
1416720 1520.8
1416730 1520.8
1416740 1522.6
1416750 1524.5
1416760 1524.5
1416770 1526.2
1416780 1527.8
1416790 1527.8
1416800 1528.9
1416810 1529.5
1416820 1529.5
1416830 1530.4
1416840 1530.8
1416850 1530.8
1416860 1530.6
1416870 1531.0
1416880 1531.0
1416890 1531.0
1416900 1531.0
1416910 1531.1
1416920 1531.1
1416930 1531.2
1416940 1531.3
1416950 1531.3
1416960 1531.5
1416970 1531.4
1416980 1531.4
1416990 1531.1
1417000 1531.2
1417010 1531.2
1417020 1530.9
1417030 1530.3
1417040 1530.3
1417050 1529.9
1417060 1529.3
1417070 1528.9
1417080 1528.9
1417090 1528.1
1417100 1526.5
1417110 1526.5
1417120 1524.5
1417130 1522.6
1417140 1522.6
1417150 1521.0
1417160 1519.5
1417170 1519.5
1417180 1518.2
1417190 1516.9
1417200 1516.9
1417210 1515.3
1417220 1513.3
1417230 1511.4
1417240 1511.4
1417250 1508.9
1417260 1503.1
1417270 1503.1
1417280 1499.9
1417290 1497.6
1417300 1497.6
1417310 1495.3
1417320 1492.0
1417330 1492.0
1417340 1488.3
1417350 1484.7
1417360 1484.7
1417370 1481.3
1417380 1477.8
1417390 1474.3
1417400 1474.3
1417410 1470.3
1417420 1465.7
1417430 1465.7
1417440 1462.4
1417450 1458.8
1417460 1458.8
1417470 1455.2
1417480 1449.7
1417490 1449.7
1417500 1443.6
1417510 1439.4
1417520 1439.4
1417530 1435.4
1417540 1427.1
1417550 1417.8
1417560 1417.8
1417570 1408.5
1417580 1399.6
1417590 1399.6
1417600 1391.0
1417610 1381.4
1417620 1381.4
1417630 1370.3
1417640 1363.9
1417650 1363.9
1417660 1353.9
1417670 1345.2
1417680 1345.2
1417690 1335.9
1417700 1328.0
1417710 1328.0
1417720 1322.0
1417730 1325.1
1417740 1332.9
1417750 1332.9
1417760 1339.7
1417770 1352.4
1417780 1352.4
1417790 1365.8
1417800 1372.7
1417810 1372.7
1417820 1384.9
1417830 1394.3
1417840 1394.3
1417850 1406.5
1417860 1418.4
1417870 1418.4
1417880 1423.9
1417890 1423.9
1417900 1425.7
1417910 1425.7
1417920 1432.0
1417930 1438.3
1417940 1438.3
1417950 1440.8
1417960 1445.2
1417970 1445.2
1417980 1450.8
1417990 1459.1
1418000 1459.1
1418010 1468.4
1418020 1477.4
1418030 1477.4
1418040 1486.4
1418050 1493.9
1418060 1499.7
1418070 1499.7
1418080 1505.3
1418090 1511.9
1418100 1511.9
1418110 1517.2
1418120 1520.9
1418130 1520.9
1418140 1524.5
1418150 1527.6
1418160 1527.6
1418170 1529.6
1418180 1529.7
1418190 1529.7
1418200 1529.7
1418210 1529.0
1418220 1532.8
1418230 1532.8
1418240 1540.8
1418250 1547.4
1418260 1547.4
1418270 1550.6
1418280 1551.5
1418290 1551.5
1418300 1552.2
1418310 1554.5
1418320 1554.5
1418330 1556.6
1418340 1557.0
1418350 1557.0
1418360 1559.8
1418370 1563.3
1418380 1565.2
1418390 1565.2
1418400 1566.6
1418410 1567.8
1418420 1567.8
1418430 1568.8
1418440 1565.7
1418450 1565.7
1418460 1554.0
1418470 1540.7
1418480 1540.7
1418490 1526.9
1418500 1519.7
1418510 1519.7
1418520 1525.5
1418530 1538.8
1418540 1538.8
1418550 1547.3
1418560 1550.0
1418570 1546.9
1418580 1546.9
1418590 1548.7
1418600 1555.6
1418610 1555.6
1418620 1561.5
1418630 1566.1
1418640 1566.1
1418650 1570.5
1418660 1573.2
1418670 1573.2
1418680 1574.2
1418690 1574.9
1418700 1574.9
1418710 1575.9
1418720 1577.0
1418730 1577.6
1418740 1577.6
1418750 1578.1
1418760 1580.0
1418770 1580.0
1418780 1582.3
1418790 1584.4
1418800 1584.4
1418810 1587.3
1418820 1589.3
1418830 1589.3
1418840 1591.3
1418850 1594.1
1418860 1594.1
1418870 1596.5
1418880 1598.7
1418890 1599.6
1418900 1599.6
1418910 1600.3
1418920 1601.8
1418930 1601.8
1418940 1603.8
1418950 1605.9
1418960 1605.9
1418970 1607.6
1418980 1609.3
1418990 1609.3
1419000 1610.6
1419010 1612.2
1419020 1612.2
1419030 1614.9
1419040 1617.6
1419050 1620.2
1419060 1620.2
1419070 1622.9
1419080 1625.6
1419090 1625.6
1419100 1628.1
1419110 1630.2
1419120 1630.2
1419130 1632.2
1419140 1633.6
1419150 1633.6
1419160 1631.7
1419170 1633.0
1419180 1633.0
1419190 1633.5
1419200 1633.7
1419210 1633.7
1419220 1633.7
1419230 1633.6
1419240 1633.8
1419250 1633.8
1419260 1633.8
1419270 1633.7
1419280 1633.7
1419290 1633.7
1419300 1633.7
1419310 1633.7
1419320 1633.2
1419330 1632.6
1419340 1632.6
1419350 1632.3
1419360 1632.3
1419370 1632.3
1419380 1631.8
1419390 1630.4
1419400 1629.2
1419410 1629.2
1419420 1627.5
1419430 1625.8
1419440 1625.8
1419450 1625.3
1419460 1625.2
1419470 1625.2
1419480 1624.6
1419490 1622.9
1419500 1622.9
1419510 1621.3
1419520 1619.4
1419530 1619.4
1419540 1617.6
1419550 1615.6
1419560 1612.7
1419570 1612.7
1419580 1610.6
1419590 1609.3
1419600 1609.3
1419610 1609.2
1419620 1608.1
1419630 1608.1
1419640 1605.6
1419650 1603.3
1419660 1603.3
1419670 1600.3
1419680 1596.0
1419690 1596.0
1419700 1591.9
1419710 1589.2
1419720 1585.8
1419730 1585.8
1419740 1585.0
1419750 1582.9
1419760 1582.9
1419770 1578.7
1419780 1575.2
1419790 1575.2
1419800 1576.0
1419810 1576.1
1419820 1576.1
1419830 1574.7
1419840 1571.8
1419850 1571.8
1419860 1567.9
1419870 1563.3
1419880 1562.7
1419890 1562.7
1419900 1560.3
1419910 1561.8
1419920 1561.8
1419930 1566.3
1419940 1572.2
1419950 1572.2
1419960 1578.2
1419970 1583.0
1419980 1583.0
1419990 1586.8
