1400000 1819.0
1400010 1813.5
1400020 1807.1
1400030 1800.7
1400040 1800.7
1400050 1794.6
1400060 1789.1
1400070 1789.1
1400080 1782.9
1400090 1776.7
1400100 1776.7
1400110 1770.4
1400120 1764.2
1400130 1764.2
1400140 1761.6
1400150 1761.8
1400160 1761.8
1400170 1758.2
1400180 1753.6
1400190 1750.6
1400200 1750.6
1400210 1748.7
1400220 1746.5
1400230 1746.5
1400240 1742.3
1400250 1737.7
1400260 1737.7
1400270 1736.9
1400280 1741.4
1400290 1741.4
1400300 1749.4
1400310 1757.5
1400320 1757.5
1400330 1765.5
1400340 1773.3
1400350 1782.3
1400360 1782.3
1400370 1790.4
1400380 1798.4
1400390 1798.4
1400400 1805.8
1400410 1812.3
1400420 1812.3
1400430 1817.9
1400440 1823.4
1400450 1823.4
1400460 1829.6
1400470 1836.7
1400480 1836.7
1400490 1843.1
1400500 1849.4
1400510 1854.9
1400520 1854.9
1400530 1858.7
1400540 1862.6
1400550 1862.6
1400560 1867.0
1400570 1871.1
1400580 1871.1
1400590 1875.5
1400600 1879.9
1400610 1879.9
1400620 1884.2
1400630 1888.1
1400640 1888.1
1400650 1891.7
1400660 1894.7
1400670 1894.7
1400680 1897.1
1400690 1899.0
1400700 1900.7
1400710 1900.7
1400720 1902.3
1400730 1903.6
1400740 1903.6
1400750 1904.6
1400760 1904.6
1400770 1904.6
1400780 1903.2
1400790 1898.5
1400800 1898.5
1400810 1891.2
1400820 1884.0
1400830 1884.0
1400840 1878.2
1400850 1873.1
1400860 1867.7
1400870 1867.7
1400880 1862.1
1400890 1855.7
1400900 1855.7
1400910 1848.9
1400920 1841.4
1400930 1841.4
1400940 1832.9
1400950 1825.0
1400960 1825.0
1400970 1817.3
1400980 1810.2
1400990 1810.2
1401000 1804.1
1401010 1800.0
1401020 1799.1
1401030 1799.1
1401040 1801.2
1401050 1803.6
1401060 1803.6
1401070 1804.4
1401080 1800.3
1401090 1800.3
1401100 1789.7
1401110 1779.4
1401120 1779.4
1401130 1769.3
1401140 1759.8
1401150 1759.8
1401160 1751.0
1401170 1741.4
1401180 1731.7
1401190 1731.7
1401200 1728.1
1401210 1735.3
1401220 1735.3
1401230 1743.7
1401240 1746.3
1401250 1746.3
1401260 1753.4
1401270 1760.1
1401280 1760.1
1401290 1762.4
1401300 1762.7
1401310 1762.7
1401320 1760.7
1401330 1755.1
1401340 1755.1
1401350 1750.5
1401360 1745.9
1401370 1741.2
1401380 1741.2
1401390 1744.7
1401400 1754.4
1401410 1754.4
1401420 1766.5
1401430 1776.5
1401440 1776.5
1401450 1783.7
1401460 1785.5
1401470 1785.5
1401480 1786.9
1401490 1788.0
1401500 1788.0
1401510 1788.1
1401520 1789.1
1401530 1787.6
1401540 1787.6
1401550 1787.6
1401560 1790.0
1401570 1790.0
1401580 1791.3
1401590 1792.0
1401600 1792.0
1401610 1794.3
1401620 1794.9
1401630 1794.9
1401640 1796.0
1401650 1796.3
1401660 1796.3
1401670 1799.3
1401680 1803.0
1401690 1808.0
1401700 1808.0
1401710 1815.1
1401720 1821.6
1401730 1821.6
1401740 1829.8
1401750 1837.8
1401760 1837.8
1401770 1845.1
1401780 1851.6
1401790 1851.6
1401800 1857.4
1401810 1863.3
1401820 1863.3
1401830 1869.7
1401840 1874.3
1401850 1877.1
1401860 1877.1
1401870 1881.0
1401880 1883.1
1401890 1883.1
1401900 1886.1
1401910 1890.3
1401920 1890.3
1401930 1896.2
1401940 1903.8
1401950 1903.8
1401960 1911.9
1401970 1920.0
1401980 1920.0
1401990 1927.9
1402000 1936.4
1402010 1936.4
1402020 1945.0
1402030 1951.9
1402040 1958.1
1402050 1958.1
1402060 1965.7
1402070 1974.1
1402080 1974.1
1402090 1982.2
1402100 1986.2
1402110 1986.2
1402120 1986.7
1402130 1989.6
1402140 1989.6
1402150 1992.1
1402160 1989.4
1402170 1989.4
1402180 1984.5
1402190 1979.2
1402200 1973.2
1402210 1973.2
1402220 1966.6
1402230 1957.9
1402240 1957.9
1402250 1949.9
1402260 1943.2
1402270 1943.2
1402280 1937.2
1402290 1931.8
1402300 1931.8
1402310 1927.2
1402320 1921.6
1402330 1921.6
1402340 1914.8
1402350 1907.7
1402360 1900.6
1402370 1900.6
1402380 1893.7
1402390 1887.0
1402400 1887.0
1402410 1880.8
1402420 1874.5
1402430 1874.5
1402440 1866.5
1402450 1857.9
1402460 1857.9
1402470 1849.0
1402480 1840.6
1402490 1840.6
1402500 1834.0
1402510 1827.6
1402520 1820.1
1402530 1820.1
1402540 1812.4
1402550 1805.1
1402560 1805.1
1402570 1797.6
1402580 1789.4
1402590 1789.4
1402600 1778.7
1402610 1769.2
1402620 1769.2
1402630 1768.9
1402640 1780.4
1402650 1780.4
1402660 1797.3
1402670 1809.8
1402680 1809.8
1402690 1818.9
1402700 1827.4
1402710 1835.8
1402720 1835.8
1402730 1840.9
1402740 1842.3
1402750 1842.3
1402760 1835.4
1402770 1843.9
1402780 1843.9
1402790 1849.1
1402800 1850.4
1402810 1850.4
1402820 1851.6
1402830 1850.6
1402840 1850.6
1402850 1850.4
1402860 1851.0
1402870 1855.0
1402880 1855.0
1402890 1855.8
1402900 1855.8
1402910 1855.8
1402920 1862.8
1402930 1873.4
1402940 1873.4
1402950 1880.6
1402960 1884.4
1402970 1884.4
1402980 1888.5
1402990 1891.8
1403000 1891.8
1403010 1893.5
1403020 1896.9
1403030 1899.6
1403040 1899.6
1403050 1903.2
1403060 1908.8
1403070 1908.8
1403080 1915.3
1403090 1922.0
1403100 1922.0
1403110 1928.4
1403120 1934.3
1403130 1934.3
1403140 1939.9
1403150 1946.1
1403160 1946.1
1403170 1953.2
1403180 1960.1
1403190 1967.2
1403200 1967.2
1403210 1973.7
1403220 1976.7
1403230 1976.7
1403240 1980.0
1403250 1985.3
1403260 1985.3
1403270 1988.5
1403280 1986.3
1403290 1986.3
1403300 1981.7
1403310 1977.5
1403320 1977.5
1403330 1975.8
1403340 1970.9
1403350 1970.9
1403360 1965.5
1403370 1957.9
1403380 1951.5
1403390 1951.5
1403400 1942.0
1403410 1932.0
1403420 1932.0
1403430 1920.3
1403440 1911.8
1403450 1911.8
1403460 1905.8
1403470 1900.3
1403480 1900.3
1403490 1893.3
1403500 1886.6
1403510 1886.6
1403520 1880.7
1403530 1875.2
1403540 1870.7
1403550 1870.7
1403560 1866.1
1403570 1861.8
1403580 1861.8
1403590 1857.7
1403600 1853.0
1403610 1853.0
1403620 1848.2
1403630 1843.3
1403640 1843.3
1403650 1838.5
1403660 1832.4
1403670 1832.4
1403680 1824.7
1403690 1816.6
1403700 1808.5
1403710 1808.5
1403720 1800.3
1403730 1792.4
1403740 1792.4
1403750 1784.9
1403760 1777.2
1403770 1777.2
1403780 1769.7
1403790 1762.4
1403800 1762.4
1403810 1755.4
1403820 1748.5
1403830 1748.5
1403840 1742.1
1403850 1739.1
1403860 1738.0
1403870 1738.0
1403880 1736.9
1403890 1735.7
1403900 1735.7
1403910 1734.6
1403920 1734.4
1403930 1734.4
1403940 1734.2
1403950 1735.2
1403960 1735.2
1403970 1740.8
1403980 1748.2
1403990 1748.2
1404000 1756.1
1404010 1759.9
1404020 1759.9
1404030 1759.7
1404040 1758.6
1404050 1756.9
1404060 1756.9
1404070 1754.4
1404080 1750.9
1404090 1750.9
1404100 1749.1
1404110 1747.9
1404120 1747.9
1404130 1747.2
1404140 1748.4
1404150 1748.4
1404160 1749.6
1404170 1752.6
1404180 1752.6
1404190 1755.5
1404200 1761.5
1404210 1770.5
1404220 1770.5
1404230 1779.4
1404240 1787.2
1404250 1787.2
1404260 1794.7
1404270 1802.3
1404280 1802.3
1404290 1809.8
1404300 1817.0
1404310 1817.2
1404320 1825.1
1404330 1832.2
1404340 1832.2
1404350 1837.7
1404360 1841.1
1404370 1843.6
1404380 1843.6
1404390 1841.1
1404400 1835.3
1404410 1835.3
1404420 1827.7
1404430 1820.1
1404440 1820.1
1404450 1813.4
1404460 1807.8
1404470 1807.8
1404480 1803.8
1404490 1798.5
1404500 1798.5
1404510 1793.3
1404520 1789.7
1404530 1786.0
1404540 1786.0
1404550 1779.0
1404560 1772.1
1404570 1772.1
1404580 1770.4
1404590 1774.6
1404600 1774.6
1404610 1781.6
1404620 1787.9
1404630 1787.9
1404640 1793.8
1404650 1799.5
1404660 1799.5
1404670 1804.0
1404680 1810.1
1404690 1810.1
1404700 1817.7
1404710 1825.1
1404720 1832.3
1404730 1832.3
1404740 1838.8
1404750 1845.9
1404760 1845.9
1404770 1852.8
1404780 1858.8
1404790 1858.8
1404800 1863.5
1404810 1867.5
1404820 1867.5
1404830 1871.3
1404840 1876.1
1404850 1876.1
1404860 1882.2
1404870 1886.5
1404880 1890.3
1404890 1890.3
1404900 1894.5
1404910 1899.1
1404920 1899.1
1404930 1904.3
1404940 1910.0
1404950 1910.0
1404960 1916.1
1404970 1923.5
1404980 1923.5
1404990 1930.6
1405000 1936.5
1405010 1936.5
1405020 1943.5
1405030 1950.3
1405040 1956.5
1405050 1956.5
1405060 1963.3
1405070 1970.1
1405080 1970.1
1405090 1977.0
1405100 1983.3
1405110 1983.3
1405120 1988.6
1405130 1993.5
1405140 1993.5
1405150 1998.6
1405160 2004.0
1405170 2004.0
1405180 2009.8
1405190 2015.2
1405200 2021.3
1405210 2021.3
1405220 2026.8
1405230 2031.5
1405240 2031.5
1405250 2036.3
1405260 2037.4
1405270 2037.4
1405280 2038.1
1405290 2042.9
1405300 2042.9
1405310 2050.2
1405320 2052.8
1405330 2052.8
1405340 2050.4
1405350 2046.9
1405360 2046.9
1405370 2043.9
1405380 2041.4
1405390 2038.7
1405400 2038.7
1405410 2036.1
1405420 2033.5
1405430 2033.5
1405440 2031.4
1405450 2029.0
1405460 2029.0
1405470 2026.4
1405480 2023.4
1405490 2023.4
1405500 2020.2
1405510 2017.2
1405520 2017.2
1405530 2013.8
1405540 2011.0
1405550 2007.0
1405560 2007.0
1405570 2003.7
1405580 1999.9
1405590 1999.9
1405600 1996.5
1405610 1993.1
1405620 1993.1
1405630 1989.7
1405640 1984.9
1405650 1984.9
1405660 1980.1
1405670 1975.2
1405680 1975.2
1405690 1969.8
1405700 1963.3
1405710 1956.2
1405720 1956.2
1405730 1949.5
1405740 1943.3
1405750 1943.3
1405760 1936.6
1405770 1930.3
1405780 1930.3
1405790 1925.0
1405800 1919.6
1405810 1919.6
1405820 1914.3
1405830 1909.2
1405840 1909.2
1405850 1905.2
1405860 1902.5
1405870 1899.0
1405880 1899.0
1405890 1894.7
1405900 1894.1
1405910 1894.1
1405920 1889.6
1405930 1884.8
1405940 1884.8
1405950 1878.7
1405960 1871.6
1405970 1871.6
1405980 1864.7
1405990 1857.4
1406000 1857.4
1406010 1850.6
1406020 1843.7
1406030 1843.7
1406040 1837.0
1406050 1830.0
1406060 1822.8
1406070 1822.8
1406080 1815.6
1406090 1808.2
1406100 1808.2
1406110 1800.1
1406120 1791.6
1406130 1791.6
1406140 1784.8
1406150 1778.7
1406160 1778.7
1406170 1773.4
1406180 1767.8
1406190 1767.8
1406200 1761.3
1406210 1753.0
1406220 1747.8
1406230 1747.8
1406240 1742.5
1406250 1734.7
1406260 1734.7
1406270 1727.3
1406280 1721.2
1406290 1721.2
1406300 1714.3
1406310 1708.2
1406320 1708.2
1406330 1701.8
1406340 1695.7
1406350 1695.7
1406360 1689.2
1406370 1681.6
1406380 1672.8
1406390 1672.8
1406400 1663.1
1406410 1653.0
1406420 1653.0
1406430 1645.0
1406440 1635.6
1406450 1635.6
1406460 1628.7
1406470 1625.6
1406480 1625.6
1406490 1625.7
1406500 1627.2
1406510 1627.2
1406520 1625.5
1406530 1623.0
1406540 1618.1
1406550 1618.1
1406560 1611.1
1406570 1602.6
1406580 1602.6
1406590 1597.5
1406600 1592.0
1406610 1592.0
1406620 1587.6
1406630 1582.5
1406640 1582.5
1406650 1571.8
1406660 1560.1
1406670 1560.1
1406680 1556.2
1406690 1557.6
1406700 1557.6
1406710 1567.1
1406720 1580.1
1406730 1588.4
1406740 1588.4
1406750 1594.5
1406760 1604.0
1406770 1604.0
1406780 1614.6
1406790 1623.7
1406800 1623.7
1406810 1630.2
1406820 1635.8
1406830 1635.8
1406840 1641.9
1406850 1649.5
1406860 1649.5
1406870 1655.3
1406880 1656.5
1406890 1656.3
1406900 1656.3
1406910 1659.1
1406920 1664.1
1406930 1664.1
1406940 1670.9
1406950 1678.2
1406960 1678.2
1406970 1685.8
1406980 1694.0
1406990 1694.0
1407000 1701.1
1407010 1706.4
1407020 1706.4
1407030 1713.3
1407040 1720.6
1407050 1723.7
1407060 1723.7
1407070 1723.0
1407080 1722.3
1407090 1722.3
1407100 1728.4
1407110 1733.3
1407120 1733.3
1407130 1737.4
1407140 1745.6
1407150 1745.6
1407160 1752.6
1407170 1758.1
1407180 1758.1
1407190 1762.4
1407200 1765.8
1407210 1768.2
1407220 1768.2
1407230 1772.1
1407240 1779.0
1407250 1779.0
1407260 1787.2
1407270 1794.9
1407280 1794.9
1407290 1801.9
1407300 1808.9
1407310 1808.9
1407320 1816.1
1407330 1823.0
1407340 1823.0
1407350 1829.7
1407360 1836.8
1407370 1836.8
1407380 1843.4
1407390 1848.9
1407400 1854.1
1407410 1854.1
1407420 1859.8
1407430 1864.7
1407440 1864.7
1407450 1869.0
1407460 1873.5
1407470 1873.5
1407480 1878.4
1407490 1883.0
1407500 1883.0
1407510 1885.8
1407520 1894.3
1407530 1894.3
1407540 1896.6
1407550 1898.3
1407560 1900.0
1407570 1900.0
1407580 1902.3
1407590 1905.8
1407600 1905.8
1407610 1909.9
1407620 1914.6
1407630 1914.6
1407640 1919.3
1407650 1924.3
1407660 1924.3
1407670 1929.4
1407680 1934.5
1407690 1934.5
1407700 1939.0
1407710 1943.4
1407720 1948.5
1407730 1948.5
1407740 1954.8
1407750 1961.8
1407760 1961.8
1407770 1968.3
1407780 1974.3
1407790 1974.3
1407800 1980.8
1407810 1987.6
1407820 1987.6
1407830 1993.3
1407840 1998.3
1407850 1998.3
1407860 2002.6
1407870 2005.7
1407880 2008.2
1407890 2008.2
1407900 2010.8
1407910 2013.2
1407920 2013.2
1407930 2015.8
1407940 2019.3
1407950 2019.3
1407960 2022.4
1407970 2025.5
1407980 2025.5
1407990 2029.1
1408000 2032.0
1408010 2032.0
1408020 2034.6
1408030 2037.6
1408040 2037.6
1408050 2040.6
1408060 2044.1
1408070 2047.7
1408080 2047.7
1408090 2050.8
1408100 2053.5
1408110 2053.5
1408120 2055.8
1408130 2058.1
1408140 2058.1
1408150 2060.3
1408160 2062.1
1408170 2062.1
1408180 2063.9
1408190 2065.7
1408200 2065.7
1408210 2067.5
1408220 2069.6
1408230 2072.0
1408240 2072.0
1408250 2074.7
1408260 2077.3
1408270 2077.3
1408280 2079.6
1408290 2081.7
1408300 2081.7
1408310 2084.0
1408320 2085.9
1408330 2085.9
1408340 2087.8
1408350 2090.1
1408360 2090.1
1408370 2092.4
1408380 2094.4
1408390 2096.1
1408400 2096.1
1408410 2097.5
1408420 2098.9
1408430 2098.9
1408440 2100.3
1408450 2101.5
1408460 2101.5
1408470 2102.6
1408480 2103.7
1408490 2103.7
1408500 2104.7
1408510 2105.7
1408520 2105.7
1408530 2106.7
1408540 2107.7
1408550 2108.7
1408560 2108.7
1408570 2109.5
1408580 2110.2
1408590 2110.2
1408600 2111.3
1408610 2112.4
1408620 2112.4
1408630 2113.4
1408640 2114.1
1408650 2114.1
1408660 2114.3
1408670 2114.2
1408680 2114.2
1408690 2113.8
1408700 2113.0
1408710 2113.0
1408720 2111.8
1408730 2110.1
1408740 2108.0
1408750 2108.0
1408760 2105.5
1408770 2102.3
1408780 2102.3
1408790 2099.2
1408800 2095.9
1408810 2095.9
1408820 2092.3
1408830 2089.0
1408840 2089.0
1408850 2086.1
1408860 2082.8
1408870 2082.8
1408880 2079.5
1408890 2076.3
1408900 2072.8
1408910 2072.8
1408920 2069.2
1408930 2066.2
1408940 2066.2
1408950 2062.9
1408960 2059.8
1408970 2059.8
1408980 2057.1
1408990 2054.6
1409000 2054.6
1409010 2051.9
1409020 2048.0
1409030 2048.0
1409040 2044.8
1409050 2042.1
1409060 2038.7
1409070 2038.7
1409080 2034.8
1409090 2031.1
1409100 2031.1
1409110 2027.3
1409120 2023.0
1409130 2023.0
1409140 2019.5
1409150 2015.9
1409160 2019.4
1409170 2015.0
1409180 2011.3
1409190 2011.3
1409200 2007.6
1409210 2004.3
1409220 2001.6
1409230 2001.6
1409240 1998.9
1409250 1995.8
1409260 1995.8
1409270 1992.6
1409280 1989.7
1409290 1989.7
1409300 1986.3
1409310 1982.9
1409320 1982.9
1409330 1979.4
1409340 1976.5
1409350 1976.5
1409360 1973.2
1409370 1970.1
1409380 1970.1
1409390 1966.9
1409400 1963.6
1409410 1961.0
1409420 1961.0
1409430 1958.6
1409440 1956.7
1409450 1956.7
1409460 1953.8
1409470 1949.3
1409480 1949.3
1409490 1944.8
1409500 1942.7
1409510 1942.7
1409520 1940.2
1409530 1937.0
1409540 1937.0
1409550 1935.4
1409560 1934.7
1409570 1931.9
1409580 1931.9
1409590 1929.0
1409600 1926.4
1409610 1926.4
1409620 1924.3
1409630 1922.0
1409640 1922.0
1409650 1919.4
1409660 1916.4
1409670 1916.4
1409680 1913.5
1409690 1910.4
1409700 1910.4
1409710 1907.0
1409720 1902.9
1409730 1899.3
1409740 1899.3
1409750 1897.4
1409760 1895.8
1409770 1895.8
1409780 1893.7
1409790 1890.3
1409800 1890.3
1409810 1886.8
1409820 1883.5
1409830 1883.5
1409840 1880.8
1409850 1877.5
1409860 1877.5
1409870 1873.2
1409880 1868.6
1409890 1864.5
1409900 1864.5
1409910 1860.0
1409920 1855.7
1409930 1855.7
1409940 1851.2
1409950 1846.2
1409960 1846.2
1409970 1841.4
1409980 1836.1
1409990 1836.1
1410000 1830.4
1410010 1825.5
1410020 1825.5
1410030 1819.8
1410040 1814.9
1410050 1814.9
1410060 1810.5
1410070 1805.6
1410080 1799.8
1410090 1799.8
1410100 1793.6
1410110 1787.6
1410120 1787.6
1410130 1781.5
1410140 1775.4
1410150 1775.4
1410160 1769.0
1410170 1762.2
1410180 1762.2
1410190 1756.2
1410200 1749.7
1410210 1749.7
1410220 1743.8
1410230 1738.1
1410240 1730.5
1410250 1730.5
1410260 1723.1
1410270 1718.1
1410280 1718.1
1410290 1711.1
1410300 1700.7
1410310 1700.7
1410320 1691.1
1410330 1686.8
1410340 1686.8
1410350 1686.2
1410360 1687.5
1410370 1687.5
1410380 1694.4
1410390 1697.2
1410400 1698.8
1410410 1698.8
1410420 1699.3
1410430 1695.9
1410440 1695.9
1410450 1688.9
1410460 1680.7
1410470 1680.7
1410480 1671.9
1410490 1660.7
1410500 1660.7
1410510 1653.2
1410520 1664.5
1410530 1664.5
1410540 1678.4
1410550 1691.1
1410560 1700.8
1410570 1700.8
1410580 1707.3
1410590 1713.4
1410600 1713.4
1410610 1718.1
1410620 1722.8
1410630 1722.8
1410640 1726.7
1410650 1727.8
1410660 1727.8
1410670 1730.0
1410680 1735.4
1410690 1735.4
1410700 1739.2
1410710 1742.9
1410720 1742.9
1410730 1745.2
1410740 1746.6
1410750 1749.5
1410760 1749.5
1410770 1755.0
1410780 1758.8
1410790 1758.8
1410800 1760.4
1410810 1763.4
1410820 1763.4
1410830 1767.1
1410840 1772.4
1410850 1766.0
1410860 1767.9
1410870 1772.7
1410880 1772.7
1410890 1776.7
1410900 1780.5
1410910 1783.8
1410920 1783.8
1410930 1786.1
1410940 1785.4
1410950 1785.4
1410960 1788.1
1410970 1794.2
1410980 1794.2
1410990 1797.5
1411000 1801.8
1411010 1801.8
1411020 1807.3
1411030 1813.4
1411040 1813.4
1411050 1818.7
1411060 1824.2
1411070 1830.8
1411080 1830.8
1411090 1834.8
1411100 1842.6
1411110 1842.6
1411120 1849.5
1411130 1855.5
1411140 1855.5
1411150 1860.0
1411160 1864.4
1411170 1864.4
1411180 1870.5
1411190 1877.4
1411200 1877.4
1411210 1882.1
1411220 1885.6
1411230 1888.5
1411240 1888.5
1411250 1889.9
1411260 1891.2
1411270 1891.2
1411280 1893.6
1411290 1897.1
1411300 1897.1
1411310 1899.8
1411320 1903.1
1411330 1903.1
1411340 1905.8
1411350 1908.8
1411360 1908.8
1411370 1912.3
1411380 1915.8
1411390 1915.8
1411400 1919.0
1411410 1921.6
1411420 1923.7
1411430 1923.7
1411440 1925.6
1411450 1927.6
1411460 1927.6
1411470 1929.7
1411480 1931.6
1411490 1931.6
1411500 1933.4
1411510 1935.1
1411520 1935.1
1411530 1936.5
1411540 1937.6
1411550 1937.6
1411560 1938.7
1411570 1939.7
1411580 1940.8
1411590 1940.8
1411600 1942.0
1411610 1943.3
1411620 1943.3
1411630 1944.4
1411640 1945.2
1411650 1945.2
1411660 1946.0
1411670 1946.8
1411680 1946.8
1411690 1947.3
1411700 1946.7
1411710 1946.7
1411720 1944.9
1411730 1944.5
1411740 1945.1
1411750 1945.1
1411760 1945.4
1411770 1943.8
1411780 1943.8
1411790 1941.8
1411800 1941.7
1411810 1941.7
1411820 1941.2
1411830 1942.1
1411840 1942.1
1411850 1942.7
1411860 1945.0
1411870 1945.0
1411880 1947.9
1411890 1951.7
1411900 1955.8
1411910 1955.8
1411920 1959.7
1411930 1963.8
1411940 1963.8
1411950 1967.8
1411960 1971.5
1411970 1971.5
1411980 1975.2
1411990 1978.7
1412000 1978.7
1412010 1981.2
1412020 1983.0
1412030 1983.0
1412040 1983.9
1412050 1984.3
1412060 1984.3
1412070 1984.8
1412080 1984.8
1412090 1984.6
1412100 1984.6
1412110 1984.2
1412120 1983.7
1412130 1983.7
1412140 1983.4
1412150 1983.0
1412160 1983.0
1412170 1982.8
1412180 1983.1
1412190 1983.1
1412200 1984.0
1412210 1985.0
1412220 1985.0
1412230 1985.6
1412240 1986.2
1412250 1987.3
1412260 1987.3
1412270 1988.3
1412280 1989.0
1412290 1989.0
1412300 1989.7
1412310 1990.5
1412320 1990.5
1412330 1991.4
1412340 1992.3
1412350 1992.3
1412360 1993.0
1412370 1993.3
1412380 1993.3
1412390 1993.3
1412400 1993.3
1412410 1993.2
1412420 1993.2
1412430 1993.0
1412440 1992.0
1412450 1992.0
1412460 1990.4
1412470 1991.9
1412480 1991.9
1412490 1992.4
1412500 1991.8
1412510 1991.8
1412520 1991.2
1412530 1990.6
1412540 1990.6
1412550 1989.9
1412560 1989.2
1412570 1988.4
1412580 1988.5
1412590 1987.3
1412600 1985.4
1412610 1985.4
1412620 1986.4
1412630 1988.4
1412640 1988.4
1412650 1989.0
1412660 1989.4
1412670 1989.4
1412680 1989.8
1412690 1990.0
1412700 1990.0
1412710 1990.0
1412720 1989.7
1412730 1989.7
1412740 1989.0
1412750 1987.9
1412760 1987.5
1412770 1987.5
1412780 1987.6
1412790 1987.0
1412800 1987.0
1412810 1986.3
1412820 1986.1
1412830 1986.1
1412840 1985.6
1412850 1985.1
1412860 1985.1
1412870 1984.0
1412880 1982.6
1412890 1982.6
1412900 1982.5
1412910 1982.2
1412920 1982.4
1412930 1982.4
1412940 1982.7
1412950 1981.9
1412960 1981.9
1412970 1980.9
1412980 1980.3
1412990 1980.3
1413000 1979.5
1413010 1978.5
1413020 1978.5
1413030 1977.3
1413040 1976.9
1413050 1976.9
1413060 1976.6
1413070 1976.4
1413080 1976.2
1413090 1976.2
1413100 1976.2
1413110 1975.8
1413120 1975.8
1413130 1975.2
1413140 1976.3
1413150 1976.3
1413160 1977.0
1413170 1976.6
1413180 1976.6
1413190 1975.8
1413200 1975.5
1413210 1975.5
1413220 1975.3
1413230 1975.7
1413240 1976.1
1413250 1976.1
1413260 1976.0
1413270 1975.6
1413280 1975.6
1413290 1975.1
1413300 1974.3
1413310 1974.3
1413320 1973.2
1413330 1972.0
1413340 1972.0
1413350 1971.2
1413360 1970.2
1413370 1970.2
1413380 1966.8
1413390 1960.2
1413400 1960.2
1413410 1951.5
1413420 1941.4
1413430 1933.1
1413440 1933.1
1413450 1925.3
1413460 1921.1
1413470 1921.1
1413480 1919.9
1413490 1918.7
1413500 1918.7
1413510 1915.1
1413520 1909.1
1413530 1909.1
1413540 1906.5
1413550 1905.5
1413560 1905.5
1413570 1904.2
1413580 1902.6
1413590 1901.3
1413600 1901.3
1413610 1900.7
1413620 1901.7
1413630 1901.7
1413640 1903.1
1413650 1903.0
1413660 1903.0
1413670 1903.0
1413680 1902.2
1413690 1902.2
1413700 1900.3
1413710 1896.3
1413720 1896.3
1413730 1890.9
1413740 1884.8
1413750 1878.6
1413760 1878.6
1413770 1871.6
1413780 1863.9
1413790 1863.9
1413800 1858.5
1413810 1853.2
1413820 1853.2
1413830 1848.2
1413840 1843.9
1413850 1843.9
1413860 1839.8
1413870 1836.2
1413880 1836.2
1413890 1834.7
1413900 1834.3
1413910 1834.6
1413920 1834.6
1413930 1834.5
1413940 1834.4
1413950 1834.4
1413960 1834.4
1413970 1833.8
1413980 1833.8
1413990 1831.9
1414000 1830.5
1414010 1830.5
1414020 1830.8
1414030 1831.1
1414040 1831.1
1414050 1829.5
1414060 1824.6
1414070 1824.6
1414080 1817.9
1414090 1811.2
1414100 1806.0
1414110 1806.0
1414120 1802.4
1414130 1800.4
1414140 1800.4
1414150 1791.6
1414160 1778.9
1414170 1778.9
1414180 1772.2
1414190 1769.3
1414200 1769.3
1414210 1763.0
1414220 1753.2
1414230 1753.2
1414240 1742.3
1414250 1734.6
1414260 1726.1
1414270 1726.1
1414280 1719.2
1414290 1712.6
1414300 1712.6
1414310 1706.1
1414320 1698.2
1414330 1698.2
1414340 1689.1
1414350 1679.7
1414360 1679.7
1414370 1670.3
1414380 1660.7
1414390 1660.7
1414400 1655.3
1414410 1647.9
1414420 1641.7
1414430 1641.7
1414440 1636.5
1414450 1631.2
1414460 1631.2
1414470 1624.8
1414480 1618.4
1414490 1618.4
1414500 1611.7
1414510 1604.6
1414520 1604.6
1414530 1598.1
1414540 1591.0
1414550 1591.0
1414560 1582.9
1414570 1577.7
1414580 1572.1
1414590 1572.1
1414600 1566.3
1414610 1560.4
1414620 1560.4
1414630 1553.8
1414640 1548.7
1414650 1548.7
1414660 1544.5
1414670 1538.6
1414680 1538.6
1414690 1533.1
1414700 1529.0
1414710 1529.0
1414720 1524.1
1414730 1516.7
1414740 1516.7
1414750 1510.1
1414760 1502.9
1414770 1490.9
1414780 1490.9
1414790 1478.8
1414800 1467.4
1414810 1467.4
1414820 1454.3
1414830 1443.1
1414840 1443.1
1414850 1435.0
1414860 1426.5
1414870 1426.5
1414880 1420.7
1414890 1414.5
1414900 1414.5
1414910 1408.3
1414920 1403.2
1414930 1396.6
1414940 1396.6
1414950 1383.1
1414960 1375.7
1414970 1375.7
1414980 1377.1
1414990 1384.0
1415000 1384.0
1415010 1391.5
1415020 1403.5
1415030 1403.5
1415040 1420.1
1415050 1435.6
1415060 1435.6
1415070 1449.0
1415080 1459.0
1415090 1462.0
1415100 1462.0
1415110 1455.4
1415120 1460.4
1415130 1460.4
1415140 1468.8
1415150 1477.7
1415160 1477.7
1415170 1491.0
1415180 1503.5
1415190 1503.5
1415200 1513.4
1415210 1521.5
1415220 1521.5
1415230 1527.5
1415240 1535.3
1415250 1542.2
1415260 1542.2
1415270 1547.3
1415280 1552.4
1415290 1552.4
1415300 1558.1
1415310 1562.0
1415320 1562.0
1415330 1563.6
1415340 1562.9
1415350 1562.9
1415360 1562.5
1415370 1567.6
1415380 1567.6
1415390 1577.3
1415400 1587.9
1415410 1587.9
1415420 1597.1
1415430 1604.9
1415440 1611.1
1415450 1611.1
1415460 1617.7
1415470 1624.3
1415480 1624.3
1415490 1629.1
1415500 1634.0
1415510 1634.0
1415520 1639.7
1415530 1645.0
1415540 1645.0
1415550 1650.6
1415560 1656.0
1415570 1656.0
1415580 1660.4
1415590 1665.4
1415600 1670.1
1415610 1670.1
1415620 1674.7
1415630 1679.3
1415640 1679.3
1415650 1683.9
1415660 1688.5
1415670 1688.5
1415680 1693.1
1415690 1697.0
1415700 1697.0
1415710 1700.4
1415720 1704.1
1415730 1704.1
1415740 1708.8
1415750 1712.7
1415760 1717.7
1415770 1717.7
1415780 1721.7
1415790 1724.5
1415800 1724.5
1415810 1726.8
1415820 1729.1
1415830 1729.1
1415840 1731.3
1415850 1732.8
1415860 1732.8
1415870 1734.8
1415880 1736.3
1415890 1736.3
1415900 1737.8
1415910 1738.8
1415920 1739.6
1415930 1739.6
1415940 1739.7
1415950 1740.7
1415960 1740.7
1415970 1741.7
1415980 1741.8
1415990 1741.8
1416000 1742.8
1416010 1744.0
1416020 1744.0
1416030 1745.0
1416040 1745.6
1416050 1745.6
1416060 1746.6
1416070 1747.3
1416080 1747.3
1416090 1748.0
1416100 1748.9
1416110 1749.9
1416120 1749.9
1416130 1750.7
1416140 1750.7
1416150 1750.7
1416160 1750.6
1416170 1754.2
1416180 1754.2
1416190 1754.0
1416200 1753.5
1416210 1753.5
1416220 1752.2
1416230 1750.7
1416240 1750.7
1416250 1746.6
1416260 1742.5
1416270 1740.3
1416280 1740.3
1416290 1742.8
1416300 1750.4
1416310 1750.4
1416320 1757.3
1416330 1762.3
1416340 1762.3
1416350 1767.7
1416360 1773.5
1416370 1773.5
1416380 1778.6
1416390 1784.0
1416400 1784.0
1416410 1789.0
1416420 1793.7
1416430 1797.3
1416440 1797.3
1416450 1800.6
1416460 1803.7
1416470 1803.7
1416480 1807.0
1416490 1810.6
1416500 1810.6
1416510 1814.1
1416520 1817.1
1416530 1817.1
1416540 1820.1
1416550 1822.5
1416560 1822.5
1416570 1824.3
1416580 1825.9
1416590 1827.6
1416600 1827.6
1416610 1829.7
1416620 1832.1
1416630 1832.1
1416640 1834.3
1416650 1836.7
1416660 1836.7
1416670 1839.1
1416680 1840.9
1416690 1840.9
1416700 1842.5
1416710 1844.1
1416720 1844.1
1416730 1846.0
1416740 1848.1
1416750 1848.1
1416760 1850.4
1416770 1852.7
1416780 1855.0
1416790 1855.0
1416800 1857.0
1416810 1859.0
1416820 1859.0
1416830 1860.6
1416840 1861.7
1416850 1861.7
1416860 1863.2
1416870 1865.2
1416880 1865.2
1416890 1866.5
1416900 1868.6
1416910 1868.6
1416920 1870.7
1416930 1873.1
1416940 1875.7
1416950 1875.7
1416960 1878.3
1416970 1881.0
1416980 1881.0
1416990 1883.6
1417000 1885.7
1417010 1885.7
1417020 1887.2
1417030 1888.3
1417040 1888.3
1417050 1889.0
1417060 1889.7
1417070 1889.7
1417080 1890.8
1417090 1892.8
1417100 1894.9
1417110 1894.9
1417120 1897.0
1417130 1898.5
1417140 1898.5
1417150 1899.5
1417160 1899.8
1417170 1899.8
1417180 1899.3
1417190 1898.5
1417200 1898.5
1417210 1897.7
1417220 1897.4
1417230 1897.4
1417240 1897.9
1417250 1898.5
1417260 1899.6
1417270 1899.6
1417280 1901.3
1417290 1903.3
1417300 1903.3
1417310 1905.4
1417320 1907.2
1417330 1907.2
1417340 1908.7
1417350 1909.5
1417360 1909.5
1417370 1910.4
1417380 1911.3
1417390 1911.3
1417400 1911.6
1417410 1912.0
1417420 1912.0
1417430 1912.4
1417440 1913.3
1417450 1914.5
1417460 1914.5
1417470 1915.8
1417480 1917.3
1417490 1917.3
1417500 1918.9
1417510 1920.6
1417520 1920.6
1417530 1922.1
1417540 1922.9
1417550 1922.9
1417560 1923.7
1417570 1924.2
1417580 1924.2
1417590 1924.5
1417600 1924.9
1417610 1925.2
1417620 1925.2
1417630 1925.4
1417640 1925.7
1417650 1925.7
1417660 1925.9
1417670 1926.1
1417680 1926.1
1417690 1926.2
1417700 1926.3
1417710 1926.3
1417720 1925.9
1417730 1925.4
1417740 1925.4
1417750 1924.9
1417760 1924.0
1417770 1923.2
1417780 1923.2
1417790 1922.2
1417800 1921.1
1417810 1921.1
1417820 1920.1
1417830 1919.2
1417840 1919.2
1417850 1918.2
1417860 1917.5
1417870 1917.5
1417880 1917.6
1417890 1917.5
1417900 1917.5
1417910 1917.5
1417920 1917.4
1417930 1917.3
1417940 1917.3
1417950 1917.1
1417960 1916.9
1417970 1916.9
1417980 1916.1
1417990 1915.6
1418000 1915.6
1418010 1915.2
1418020 1914.7
1418030 1914.7
1418040 1912.3
1418050 1911.6
1418060 1911.6
1418070 1910.8
1418080 1909.5
1418090 1909.5
1418100 1908.1
1418110 1907.1
1418120 1906.2
1418130 1906.2
1418140 1905.6
1418150 1905.0
1418160 1905.0
1418170 1904.6
1418180 1904.0
1418190 1904.0
1418200 1903.4
1418210 1903.1
1418220 1903.1
1418230 1903.2
1418240 1903.0
1418250 1903.0
1418260 1902.4
1418270 1901.9
1418280 1901.4
1418290 1901.4
1418300 1900.9
1418310 1900.4
1418320 1900.4
1418330 1899.8
1418340 1899.3
1418350 1899.3
1418360 1898.5
1418370 1897.2
1418380 1897.2
1418390 1895.3
1418400 1892.7
1418410 1892.7
1418420 1890.3
1418430 1888.2
1418440 1886.2
1418450 1886.2
1418460 1884.1
1418470 1881.9
1418480 1881.9
1418490 1879.4
1418500 1877.3
1418510 1877.3
1418520 1875.9
1418530 1874.8
1418540 1874.8
1418550 1873.2
1418560 1872.2
1418570 1872.2
1418580 1870.5
1418590 1868.3
1418600 1866.0
1418610 1866.0
1418620 1863.7
1418630 1861.6
1418640 1861.6
1418650 1859.8
1418660 1858.8
1418670 1858.8
1418680 1857.6
1418690 1857.1
1418700 1857.1
1418710 1857.3
1418720 1856.9
1418730 1856.9
1418740 1855.2
1418750 1852.6
1418760 1848.8
1418770 1848.8
1418780 1844.7
1418790 1840.8
1418800 1840.8
1418810 1837.0
1418820 1833.1
1418830 1833.1
1418840 1829.1
1418850 1825.8
1418860 1825.8
1418870 1821.8
1418880 1816.0
1418890 1816.0
1418900 1809.5
1418910 1803.7
1418920 1803.7
1418930 1796.6
1418940 1790.9
1418950 1789.1
1418960 1789.1
1418970 1790.1
1418980 1793.5
1418990 1793.5
1419000 1795.3
1419010 1793.0
1419020 1793.0
1419030 1789.1
1419040 1783.9
1419050 1783.9
1419060 1779.9
1419070 1777.2
1419080 1777.2
1419090 1773.3
1419100 1768.4
1419110 1763.2
1419120 1763.2
1419130 1757.7
1419140 1751.4
1419150 1751.4
1419160 1745.8
1419170 1741.9
1419180 1741.9
1419190 1739.4
1419200 1736.9
1419210 1736.9
1419220 1734.4
1419230 1731.1
1419240 1731.1
1419250 1727.8
1419260 1726.8
1419270 1726.4
1419280 1726.4
1419290 1724.6
1419300 1722.0
1419310 1722.0
1419320 1719.0
1419330 1716.0
1419340 1716.0
1419350 1713.0
1419360 1710.9
1419370 1710.9
1419380 1708.5
1419390 1704.5
1419400 1704.5
1419410 1700.9
1419420 1697.4
1419430 1693.7
1419440 1693.7
1419450 1690.2
1419460 1686.5
1419470 1686.5
1419480 1683.0
1419490 1679.6
1419500 1679.6
1419510 1677.5
1419520 1674.7
1419530 1674.7
1419540 1668.1
1419550 1660.8
1419560 1660.8
1419570 1654.7
1419580 1648.1
1419590 1648.1
1419600 1642.3
1419610 1641.2
1419620 1644.7
1419630 1644.7
1419640 1644.6
1419650 1640.0
1419660 1640.0
1419670 1633.7
1419680 1626.6
1419690 1626.6
1419700 1622.1
1419710 1624.1
1419720 1624.1
1419730 1625.5
1419740 1627.3
1419750 1627.3
1419760 1627.7
1419770 1626.5
1419780 1623.9
1419790 1623.9
1419800 1617.3
1419810 1608.3
1419820 1608.3
1419830 1601.9
1419840 1606.0
1419850 1606.0
1419860 1610.1
1419870 1611.9
1419880 1611.9
1419890 1611.9
1419900 1611.1
1419910 1611.1
1419920 1608.9
1419930 1606.6
1419940 1603.9
1419950 1603.9
1419960 1605.3
1419970 1601.4
1419980 1601.4
1419990 1596.6
