1400000 1787.5
1400010 1787.5
1400020 1780.0
1400030 1771.4
1400040 1769.3
1400050 1758.4
1400060 1748.5
1400070 1739.5
1400080 1739.5
1400090 1731.3
1400100 1723.8
1400110 1723.8
1400120 1717.1
1400130 1710.4
1400140 1710.4
1400150 1702.7
1400160 1694.0
1400170 1694.0
1400180 1685.0
1400190 1675.6
1400200 1675.6
1400210 1664.4
1400220 1648.8
1400230 1634.5
1400240 1634.5
1400250 1618.3
1400260 1604.6
1400270 1604.6
1400280 1595.2
1400290 1588.4
1400300 1588.4
1400310 1580.9
1400320 1570.7
1400330 1570.7
1400340 1558.2
1400350 1546.4
1400360 1546.4
1400370 1538.6
1400380 1531.2
1400390 1524.1
1400400 1524.1
1400410 1516.6
1400420 1508.9
1400430 1508.9
1400440 1500.8
1400450 1493.6
1400460 1493.6
1400470 1486.6
1400480 1479.4
1400490 1479.4
1400500 1472.1
1400510 1465.1
1400520 1465.1
1400530 1457.3
1400540 1449.5
1400550 1449.5
1400560 1442.6
1400570 1434.5
1400580 1422.3
1400590 1422.3
1400600 1411.9
1400610 1403.5
1400620 1403.5
1400630 1395.9
1400640 1388.2
1400650 1388.2
1400660 1381.3
1400670 1374.7
1400680 1374.7
1400690 1368.2
1400700 1361.7
1400710 1361.7
1400720 1356.5
1400730 1350.9
1400740 1344.7
1400750 1344.7
1400760 1338.6
1400770 1333.6
1400780 1333.6
1400790 1330.3
1400800 1326.4
1400810 1326.4
1400820 1319.9
1400830 1312.7
1400840 1312.7
1400850 1305.7
1400860 1298.0
1400870 1298.0
1400880 1290.7
1400890 1285.4
1400900 1287.7
1400910 1287.7
1400920 1293.3
1400930 1294.3
1400940 1294.3
1400950 1292.2
1400960 1290.4
1400970 1290.4
1400980 1287.6
1400990 1282.5
1401000 1282.5
1401010 1279.2
1401020 1279.4
1401030 1279.4
1401040 1281.5
1401050 1285.6
1401060 1285.6
1401070 1290.0
1401080 1293.8
1401090 1300.1
1401100 1300.1
1401110 1306.7
1401120 1311.9
1401130 1311.9
1401140 1316.7
1401150 1322.0
1401160 1322.0
1401170 1328.7
1401180 1335.7
1401190 1335.7
1401200 1343.3
1401210 1351.5
1401220 1351.5
1401230 1357.2
1401240 1361.4
1401250 1365.1
1401260 1365.1
1401270 1369.1
1401280 1373.5
1401290 1373.5
1401300 1378.2
1401310 1382.3
1401320 1382.3
1401330 1386.0
1401340 1388.9
1401350 1388.9
1401360 1391.5
1401370 1394.7
1401380 1394.7
1401390 1397.8
1401400 1400.8
1401410 1403.6
1401420 1403.6
1401430 1406.9
1401440 1410.6
1401450 1410.6
1401460 1414.3
1401470 1418.0
1401480 1418.0
1401490 1421.0
1401500 1424.5
1401510 1424.5
1401520 1428.9
1401530 1433.6
1401540 1433.6
1401550 1436.6
1401560 1441.3
1401570 1441.3
1401580 1445.8
1401590 1450.0
1401600 1454.4
1401610 1454.4
1401620 1459.0
1401630 1463.8
1401640 1463.8
1401650 1468.3
1401660 1472.5
1401670 1472.5
1401680 1476.4
1401690 1479.9
1401700 1479.9
1401710 1483.3
1401720 1486.8
1401730 1486.8
1401740 1490.7
1401750 1495.0
1401760 1499.4
1401770 1499.4
1401780 1503.3
1401790 1506.4
1401800 1506.4
1401810 1508.5
1401820 1511.4
1401830 1511.4
1401840 1514.6
1401850 1518.2
1401860 1518.2
1401870 1521.5
1401880 1524.8
1401890 1524.8
1401900 1528.7
1401910 1532.3
1401920 1535.8
1401930 1535.8
1401940 1539.2
1401950 1542.8
1401960 1542.8
1401970 1546.5
1401980 1549.7
1401990 1549.7
1402000 1552.8
1402010 1555.5
1402020 1555.5
1402030 1558.8
1402040 1561.9
1402050 1561.9
1402060 1565.0
1402070 1568.4
1402080 1568.4
1402090 1572.2
1402100 1575.6
1402110 1579.3
1402120 1579.3
1402130 1582.4
1402140 1585.4
1402150 1585.4
1402160 1589.1
1402170 1593.1
1402180 1593.1
1402190 1596.1
1402200 1598.4
1402210 1598.4
1402220 1600.9
1402230 1604.0
1402240 1604.0
1402250 1607.5
1402260 1610.1
1402270 1611.6
1402280 1611.6
1402290 1612.9
1402300 1614.9
1402310 1614.9
1402320 1616.6
1402330 1618.8
1402340 1618.8
1402350 1622.1
1402360 1625.5
1402370 1625.5
1402380 1630.1
1402390 1634.5
1402400 1634.5
1402410 1639.1
1402420 1643.6
1402430 1643.6
1402440 1648.2
1402450 1653.1
1402460 1657.4
1402470 1657.4
1402480 1661.1
1402490 1665.4
1402500 1665.4
1402510 1670.4
1402520 1675.6
1402530 1675.6
1402540 1681.0
1402550 1686.2
1402560 1686.2
1402570 1691.4
1402580 1696.8
1402590 1696.8
1402600 1702.3
1402610 1707.9
1402620 1713.4
1402630 1713.4
1402640 1718.9
1402650 1724.6
1402660 1724.6
1402670 1730.4
1402680 1736.2
1402690 1736.2
1402700 1742.0
1402710 1747.8
1402720 1747.8
1402730 1753.4
1402740 1759.0
1402750 1759.0
1402760 1764.7
1402770 1770.7
1402780 1776.4
1402790 1776.4
1402800 1781.8
1402810 1787.4
1402820 1787.4
1402830 1793.1
1402840 1798.7
1402850 1798.7
1402860 1804.1
1402870 1809.5
1402880 1809.5
1402890 1815.0
1402900 1819.9
1402910 1819.9
1402920 1824.2
1402930 1828.4
1402940 1828.4
1402950 1832.9
1402960 1837.0
1402970 1840.8
1402980 1840.8
1402990 1844.7
1403000 1848.8
1403010 1848.8
1403020 1851.9
1403030 1854.2
1403040 1854.2
1403050 1856.4
1403060 1858.6
1403070 1858.6
1403080 1867.2
1403090 1870.3
1403100 1870.3
1403110 1874.5
1403120 1879.8
1403130 1885.9
1403140 1885.9
1403150 1892.2
1403160 1898.9
1403170 1898.9
1403180 1905.3
1403190 1911.4
1403200 1911.4
1403210 1917.6
1403220 1924.0
1403230 1924.0
1403240 1930.2
1403250 1935.7
1403260 1935.7
1403270 1941.5
1403280 1946.7
1403290 1949.6
1403300 1949.6
1403310 1952.0
1403320 1959.1
1403330 1959.1
1403340 1966.3
1403350 1968.0
1403360 1968.0
1403370 1971.3
1403380 1972.5
1403390 1972.5
1403400 1976.0
1403410 1981.3
1403420 1981.3
1403430 1986.0
1403440 1991.8
1403450 1991.8
1403460 1995.5
1403470 1998.7
1403480 2008.8
1403490 2008.8
1403500 2011.6
1403510 2016.0
1403520 2016.0
1403530 2030.3
1403540 2037.8
1403550 2037.8
1403560 2028.2
1403570 2033.5
1403580 2033.5
1403590 2052.0
1403600 2066.5
1403610 2066.5
1403620 2070.8
1403630 2066.9
1403640 2062.1
1403650 2062.1
1403660 2056.5
1403670 2049.9
1403680 2049.9
1403690 2043.4
1403700 2037.4
1403710 2037.4
1403720 2031.5
1403730 2024.3
1403740 2024.3
1403750 2015.8
1403760 2008.8
1403770 2008.8
1403780 2002.7
1403790 1998.7
1403800 1994.3
1403810 1994.3
1403820 1991.3
1403830 1990.9
1403840 1990.9
1403850 1987.2
1403860 1983.4
1403870 1983.4
1403880 1979.5
1403890 1976.5
1403900 1976.5
1403910 1973.4
1403920 1970.5
1403930 1970.5
1403940 1967.7
1403950 1964.1
1403960 1964.1
1403970 1959.2
1403980 1954.8
1403990 1952.6
1404000 1952.6
1404010 1950.0
1404020 1948.3
1404030 1948.3
1404040 1945.7
1404050 1942.5
1404060 1942.5
1404070 1939.1
1404080 1937.3
1404090 1937.3
1404100 1936.0
1404110 1933.4
1404120 1933.4
1404130 1928.9
1404140 1924.3
1404150 1920.3
1404160 1920.3
1404170 1916.3
1404180 1913.4
1404190 1913.4
1404200 1909.3
1404210 1904.1
1404220 1904.1
1404230 1898.3
1404240 1891.1
1404250 1891.1
1404260 1883.6
1404270 1874.9
1404280 1874.9
1404290 1863.7
1404300 1855.6
1404310 1855.6
1404320 1849.9
1404330 1845.4
1404340 1836.9
1404350 1836.9
1404360 1827.4
1404370 1817.8
1404380 1817.8
1404390 1810.4
1404400 1801.4
1404410 1801.4
1404420 1791.2
1404430 1784.4
1404440 1784.4
1404450 1779.8
1404460 1775.4
1404470 1775.4
1404480 1769.7
1404490 1762.3
1404500 1755.7
1404510 1755.7
1404520 1750.6
1404530 1745.2
1404540 1745.2
1404550 1739.5
1404560 1732.9
1404570 1732.9
1404580 1727.6
1404590 1724.8
1404600 1724.8
1404610 1720.0
1404620 1713.7
1404630 1713.7
1404640 1704.1
1404650 1698.7
1404660 1693.8
1404670 1693.8
1404680 1688.0
1404690 1681.8
1404700 1681.8
1404710 1676.9
1404720 1672.4
1404730 1672.4
1404740 1668.7
1404750 1663.5
1404760 1663.5
1404770 1658.1
1404780 1653.4
1404790 1653.4
1404800 1648.5
1404810 1643.5
1404820 1643.5
1404830 1638.3
1404840 1634.0
1404850 1631.3
1404860 1631.3
1404870 1628.7
1404880 1625.6
1404890 1625.6
1404900 1621.9
1404910 1619.3
1404920 1619.3
1404930 1616.8
1404940 1613.4
1404950 1613.4
1404960 1609.6
1404970 1606.3
1404980 1606.3
1404990 1605.0
1405000 1604.9
1405010 1605.9
1405020 1605.9
1405030 1605.9
1405040 1605.7
1405050 1605.7
1405060 1606.4
1405070 1605.9
1405080 1605.9
1405090 1606.3
1405100 1606.7
1405110 1606.7
1405120 1608.8
1405130 1612.1
1405140 1612.1
1405150 1612.2
1405160 1613.9
1405170 1615.6
1405180 1615.6
1405190 1617.5
1405200 1614.1
1405210 1614.1
1405220 1607.7
1405230 1602.2
1405240 1602.2
1405250 1597.0
1405260 1592.8
1405270 1592.8
1405280 1591.5
1405290 1590.5
1405300 1590.5
1405310 1586.1
1405320 1580.9
1405330 1580.9
1405340 1585.7
1405350 1589.7
1405360 1592.2
1405370 1592.2
1405380 1590.5
1405390 1593.0
1405400 1593.0
1405410 1596.4
1405420 1598.8
1405430 1598.8
1405440 1598.7
1405450 1600.2
1405460 1600.2
1405470 1602.8
1405480 1605.3
1405490 1605.3
1405500 1607.3
1405510 1606.4
1405520 1602.3
1405530 1602.3
1405540 1597.3
1405550 1600.8
1405560 1600.8
1405570 1603.8
1405580 1605.9
1405590 1605.9
1405600 1612.0
1405610 1619.0
1405620 1619.0
1405630 1623.7
1405640 1627.8
1405650 1627.8
1405660 1632.8
1405670 1637.5
1405680 1642.4
1405690 1642.4
1405700 1647.4
1405710 1652.0
1405720 1652.0
1405730 1653.7
1405740 1654.8
1405750 1654.8
1405760 1659.3
1405770 1663.3
1405780 1663.3
1405790 1669.4
1405800 1677.2
1405810 1677.2
1405820 1685.5
1405830 1693.8
1405840 1693.8
1405850 1701.6
1405860 1709.9
1405870 1717.8
1405880 1717.8
1405890 1725.4
1405900 1733.2
1405910 1733.2
1405920 1741.0
1405930 1748.6
1405940 1748.6
1405950 1755.9
1405960 1761.9
1405970 1761.9
1405980 1768.6
1405990 1776.4
1406000 1776.4
1406010 1784.6
1406020 1795.8
1406030 1806.6
1406040 1806.6
1406050 1819.2
1406060 1836.5
1406070 1836.5
1406080 1847.5
1406090 1855.8
1406100 1855.8
1406110 1863.8
1406120 1874.1
1406130 1874.1
1406140 1881.8
1406150 1885.5
1406160 1885.5
1406170 1884.6
1406180 1877.1
1406190 1877.1
1406200 1876.2
1406210 1873.2
1406220 1868.3
1406230 1874.5
1406240 1867.1
1406250 1849.8
1406260 1849.8
1406270 1838.0
1406280 1830.0
1406290 1830.0
1406300 1827.6
1406310 1826.9
1406320 1826.9
1406330 1822.6
1406340 1818.8
1406350 1818.8
1406360 1815.6
1406370 1812.1
1406380 1808.9
1406390 1808.9
1406400 1805.4
1406410 1803.8
1406420 1803.8
1406430 1809.5
1406440 1818.2
1406450 1818.2
1406460 1823.9
1406470 1822.4
1406480 1822.4
1406490 1822.8
1406500 1826.6
1406510 1826.6
1406520 1834.1
1406530 1840.5
1406540 1842.8
1406550 1842.8
1406560 1845.2
1406570 1850.1
1406580 1850.1
1406590 1856.2
1406600 1862.0
1406610 1862.0
1406620 1866.6
1406630 1872.3
1406640 1872.3
1406650 1876.5
1406660 1878.3
1406670 1878.3
1406680 1882.2
1406690 1886.2
1406700 1886.2
1406710 1890.4
1406720 1895.6
1406730 1901.1
1406740 1901.1
1406750 1906.2
1406760 1910.9
1406770 1910.9
1406780 1916.5
1406790 1922.6
1406800 1922.6
1406810 1928.7
1406820 1934.5
1406830 1934.5
1406840 1939.5
1406850 1943.9
1406860 1943.9
1406870 1947.9
1406880 1953.4
1406890 1960.2
1406900 1960.2
1406910 1967.2
1406920 1974.1
1406930 1974.1
1406940 1980.5
1406950 1987.5
1406960 1987.5
1406970 1997.3
1406980 2009.0
1406990 2009.0
1407000 2025.8
1407010 2054.6
1407020 2054.6
1407030 2062.1
1407040 2058.6
1407050 2086.7
1407060 2086.7
1407070 2102.8
1407080 2106.6
1407090 2106.6
1407100 2109.4
1407110 2114.0
1407120 2114.0
1407130 2127.0
1407140 2135.7
1407150 2135.7
1407160 2138.9
1407170 2142.6
1407180 2142.6
1407190 2152.6
1407200 2155.3
1407210 2155.3
1407220 2156.2
1407230 2157.7
1407240 2159.6
1407250 2159.6
1407260 2167.6
1407270 2178.2
1407280 2178.2
1407290 2188.0
1407300 2197.0
1407310 2197.0
1407320 2205.8
1407330 2213.4
1407340 2213.4
1407350 2215.5
1407360 2222.6
1407370 2222.6
1407380 2232.6
1407390 2248.1
1407400 2252.5
1407410 2252.5
1407420 2243.1
1407430 2244.0
1407440 2244.0
1407450 2253.7
1407460 2258.0
1407470 2258.0
1407480 2259.1
1407490 2259.1
1407500 2259.1
1407510 2261.6
1407520 2267.7
1407530 2267.7
1407540 2275.5
1407550 2279.2
1407560 2279.9
1407570 2279.9
1407580 2282.4
1407590 2285.4
1407600 2285.4
1407610 2284.8
1407620 2286.3
1407630 2286.3
1407640 2290.2
1407650 2292.1
1407660 2292.1
1407670 2295.8
1407680 2303.3
1407690 2303.3
1407700 2310.2
1407710 2313.2
1407720 2313.2
1407730 2312.5
1407740 2307.0
1407750 2300.7
1407760 2300.7
1407770 2298.2
1407780 2295.9
1407790 2295.9
1407800 2289.2
1407810 2273.9
1407820 2273.9
1407830 2259.1
1407840 2254.9
1407850 2254.9
1407860 2256.0
1407870 2239.8
1407880 2239.8
1407890 2226.3
1407900 2217.6
1407910 2215.7
1407920 2215.7
1407930 2219.5
1407940 2220.5
1407950 2220.5
1407960 2215.1
1407970 2209.7
1407980 2209.7
1407990 2205.3
1408000 2197.8
1408010 2197.8
1408020 2191.1
1408030 2188.4
1408040 2188.4
1408050 2185.1
1408060 2176.3
1408070 2172.1
1408080 2172.1
1408090 2170.0
1408100 2168.4
1408110 2168.4
1408120 2161.2
1408130 2153.2
1408140 2153.2
1408150 2150.5
1408160 2144.9
1408170 2144.9
1408180 2134.3
1408190 2121.7
1408200 2121.7
1408210 2106.9
1408220 2089.4
1408230 2089.4
1408240 2087.0
1408250 2092.2
1408260 2095.6
1408270 2095.6
1408280 2095.0
1408290 2091.3
1408300 2091.3
1408310 2087.3
1408320 2087.5
1408330 2087.5
1408340 2085.5
1408350 2080.3
1408360 2080.3
1408370 2069.7
1408380 2059.4
1408390 2059.4
1408400 2049.2
1408410 2043.4
1408420 2039.9
1408430 2039.9
1408440 2034.1
1408450 2027.2
1408460 2027.2
1408470 2016.5
1408480 2006.4
1408490 2006.4
1408500 2004.2
1408510 2004.1
1408520 2004.1
1408530 2004.1
1408540 2001.1
1408550 2001.1
1408560 1998.4
1408570 1989.8
1408580 1989.8
1408590 1984.5
1408600 1985.5
1408610 1983.0
1408620 1983.0
1408630 1976.0
1408640 1968.9
1408650 1968.9
1408660 1965.7
1408670 1964.7
1408680 1964.7
1408690 1960.1
1408700 1954.5
1408710 1954.5
1408720 1950.4
1408730 1949.0
1408740 1949.0
1408750 1943.7
1408760 1937.5
1408770 1935.8
1408780 1935.8
1408790 1936.9
1408800 1938.9
1408810 1938.9
1408820 1935.7
1408830 1930.8
1408840 1930.8
1408850 1925.5
1408860 1920.7
1408870 1920.7
1408880 1917.3
1408890 1915.2
1408900 1915.2
1408910 1913.6
1408920 1912.3
1408930 1909.6
1408940 1909.6
1408950 1905.8
1408960 1897.9
1408970 1897.9
1408980 1884.5
1408990 1853.7
1409000 1853.7
1409010 1820.2
1409020 1808.2
1409030 1808.2
1409040 1798.0
1409050 1790.8
1409060 1790.8
1409070 1783.9
1409080 1776.7
1409090 1776.7
1409100 1769.2
1409110 1761.7
1409120 1754.8
1409130 1754.8
1409140 1747.6
1409150 1739.8
1409160 1739.8
1409170 1732.8
1409180 1726.2
1409190 1726.2
1409200 1719.4
1409210 1712.6
1409220 1712.6
1409230 1706.2
1409240 1700.0
1409250 1700.0
1409260 1693.4
1409270 1687.2
1409280 1681.1
1409290 1681.1
1409300 1675.1
1409310 1669.8
1409320 1669.8
1409330 1665.3
1409340 1661.7
1409350 1661.7
1409360 1659.1
1409370 1656.6
1409380 1656.6
1409390 1650.9
1409400 1641.7
1409410 1641.7
1409420 1644.5
1409430 1650.5
1409440 1656.3
1409450 1656.3
1409460 1661.1
1409470 1665.4
1409480 1665.4
1409490 1670.1
1409500 1674.8
1409510 1679.1
1409520 1683.7
1409530 1689.0
1409540 1689.0
1409550 1695.7
1409560 1703.0
1409570 1703.0
1409580 1711.3
1409590 1720.3
1409600 1720.3
1409610 1729.2
1409620 1737.2
1409630 1746.3
1409640 1746.3
1409650 1756.7
1409660 1763.7
1409670 1763.7
1409680 1759.1
1409690 1753.6
1409700 1753.6
1409710 1750.0
1409720 1745.3
1409730 1745.3
1409740 1740.4
1409750 1736.3
1409760 1736.3
1409770 1732.2
1409780 1728.4
1409790 1722.5
1409800 1722.5
1409810 1718.9
1409820 1714.4
1409830 1714.4
1409840 1711.9
1409850 1710.5
1409860 1710.5
1409870 1711.9
1409880 1707.3
1409890 1707.3
1409900 1698.8
1409910 1690.1
1409920 1690.1
1409930 1686.8
1409940 1685.4
1409950 1675.2
1409960 1675.2
1409970 1673.0
1409980 1682.5
1409990 1682.5
1410000 1680.8
1410010 1678.2
1410020 1678.2
1410030 1669.2
1410040 1669.0
1410050 1669.0
1410060 1664.9
1410070 1657.9
1410080 1657.9
1410090 1654.9
1410100 1653.2
1410110 1653.2
1410120 1649.0
1410130 1648.0
1410140 1643.5
1410150 1643.5
1410160 1639.8
1410170 1640.2
1410180 1640.2
1410190 1643.0
1410200 1639.6
1410210 1639.6
1410220 1637.8
1410230 1642.7
1410240 1642.7
1410250 1642.1
1410260 1639.3
1410270 1639.3
1410280 1636.1
1410290 1633.3
1410300 1631.5
1410310 1631.5
1410320 1629.0
1410330 1626.4
1410340 1626.4
1410350 1628.1
1410360 1629.8
1410370 1629.8
1410380 1625.3
1410390 1626.0
1410400 1626.0
1410410 1628.6
1410420 1628.3
1410430 1628.3
1410440 1629.0
1410450 1628.1
1410460 1628.1
1410470 1626.8
1410480 1624.1
1410490 1621.2
1410500 1621.2
1410510 1616.8
1410520 1608.7
1410530 1608.7
1410540 1604.8
1410550 1604.1
1410560 1604.1
1410570 1601.3
1410580 1605.3
1410590 1605.3
1410600 1614.0
1410610 1621.2
1410620 1621.2
1410630 1628.7
1410640 1636.5
1410650 1637.7
1410660 1637.7
1410670 1636.7
1410680 1638.2
1410690 1638.2
1410700 1639.9
1410710 1641.5
1410720 1641.5
1410730 1643.7
1410740 1647.1
1410750 1647.1
1410760 1653.5
1410770 1661.8
1410780 1661.8
1410790 1669.1
1410800 1679.1
1410810 1691.4
1410820 1691.4
1410830 1706.8
1410840 1714.5
1410850 1714.5
1410860 1719.0
1410870 1722.6
1410880 1722.6
1410890 1727.0
1410900 1733.7
1410910 1733.7
1410920 1738.1
1410930 1738.7
1410940 1738.7
1410950 1736.9
1410960 1735.6
1410970 1735.6
1410980 1738.5
1410990 1743.7
1411000 1749.2
1411010 1749.2
1411020 1754.2
1411030 1759.4
1411040 1759.4
1411050 1764.9
1411060 1770.6
1411070 1770.6
1411080 1775.1
1411090 1779.1
1411100 1779.1
1411110 1783.0
1411120 1787.4
1411130 1787.4
1411140 1792.4
1411150 1797.6
1411160 1802.7
1411170 1802.7
1411180 1807.5
1411190 1812.7
1411200 1812.7
1411210 1820.2
1411220 1826.1
1411230 1826.1
1411240 1832.5
1411250 1839.1
1411260 1839.1
1411270 1846.7
1411280 1855.0
1411290 1855.0
1411300 1863.4
1411310 1871.7
1411320 1881.7
1411330 1881.7
1411340 1893.1
1411350 1903.9
1411360 1903.9
1411370 1911.0
1411380 1916.6
1411390 1916.6
1411400 1922.2
1411410 1928.1
1411420 1928.1
1411430 1931.3
1411440 1931.9
1411450 1931.9
1411460 1935.7
1411470 1940.8
1411480 1940.8
1411490 1947.6
1411500 1955.7
1411510 1965.1
1411520 1965.1
1411530 1979.8
1411540 1995.8
1411550 1995.8
1411560 2009.1
1411570 2026.2
1411580 2026.2
1411590 2033.6
1411600 2040.6
1411610 2040.6
1411620 2049.2
1411630 2066.3
1411640 2066.3
1411650 2076.2
1411660 2087.8
1411670 2099.0
1411680 2099.0
1411690 2106.8
1411700 2113.9
1411710 2113.9
1411720 2121.3
1411730 2129.6
1411740 2129.6
1411750 2135.2
1411760 2138.7
1411770 2138.7
1411780 2143.1
1411790 2148.0
1411800 2148.0
1411810 2152.3
1411820 2157.2
1411830 2159.7
1411840 2159.7
1411850 2161.6
1411860 2165.3
1411870 2165.3
1411880 2169.6
1411890 2173.6
1411900 2173.6
1411910 2176.7
1411920 2174.9
1411930 2174.9
1411940 2165.7
1411950 2154.4
1411960 2154.4
1411970 2143.9
1411980 2135.7
1411990 2135.7
1412000 2127.7
1412010 2121.5
1412020 2116.2
1412030 2116.2
1412040 2108.9
1412050 2103.0
1412060 2103.0
1412070 2102.2
1412080 2099.0
1412090 2099.0
1412100 2096.4
1412110 2093.9
1412120 2093.9
1412130 2088.1
1412140 2081.1
1412150 2081.1
1412160 2077.1
1412170 2067.1
1412180 2060.5
1412190 2060.5
1412200 2057.6
1412210 2055.5
1412220 2055.5
1412230 2052.5
1412240 2049.6
1412250 2049.6
1412260 2045.5
1412270 2041.3
1412280 2041.3
1412290 2039.1
1412300 2036.0
1412310 2036.0
1412320 2032.7
1412330 2030.0
1412340 2030.0
1412350 2027.4
1412360 2025.6
1412370 2024.1
1412380 2024.1
1412390 2022.3
1412400 2021.7
1412410 2021.7
1412420 2022.3
1412430 2023.2
1412440 2023.2
1412450 2024.4
1412460 2025.5
1412470 2025.5
1412480 2026.8
1412490 2027.5
1412500 2027.5
1412510 2028.4
1412520 2029.6
1412530 2030.5
1412540 2030.5
1412550 2029.5
1412560 2031.6
1412570 2031.6
1412580 2030.8
1412590 2028.0
1412600 2028.0
1412610 2026.6
1412620 2022.6
1412630 2022.6
1412640 2020.5
1412650 2018.5
1412660 2018.5
1412670 2012.7
1412680 2008.0
1412690 2003.1
1412700 2003.1
1412710 1997.5
1412720 1991.6
1412730 1991.6
1412740 1986.0
1412750 1980.7
1412760 1980.7
1412770 1974.9
1412780 1968.6
1412790 1968.6
1412800 1962.5
1412810 1956.5
1412820 1956.5
1412830 1950.0
1412840 1943.4
1412850 1943.4
1412860 1936.9
1412870 1929.9
1412880 1921.9
1412890 1921.9
1412900 1914.6
1412910 1909.0
1412920 1909.0
1412930 1902.6
1412940 1896.4
1412950 1902.4
1412960 1897.5
1412970 1891.9
1412980 1891.9
1412990 1884.8
1413000 1878.4
1413010 1878.4
1413020 1873.2
1413030 1868.4
1413040 1863.4
1413050 1863.4
1413060 1858.6
1413070 1854.0
1413080 1854.0
1413090 1848.6
1413100 1842.3
1413110 1842.3
1413120 1835.8
1413130 1829.2
1413140 1829.2
1413150 1822.6
1413160 1816.4
1413170 1816.4
1413180 1810.5
1413190 1804.5
1413200 1798.6
1413210 1798.6
1413220 1793.0
1413230 1786.9
1413240 1786.9
1413250 1781.1
1413260 1776.2
1413270 1776.2
1413280 1771.7
1413290 1766.9
1413300 1766.9
1413310 1763.5
1413320 1759.9
1413330 1759.9
1413340 1756.4
1413350 1752.2
1413360 1752.2
1413370 1748.4
1413380 1747.5
1413390 1748.4
1413400 1748.4
1413410 1752.9
1413420 1757.6
1413430 1757.6
1413440 1761.2
1413450 1764.6
1413460 1764.6
1413470 1770.0
1413480 1774.3
1413490 1774.3
1413500 1778.3
1413510 1782.3
1413520 1782.3
1413530 1783.9
1413540 1785.3
1413550 1788.9
1413560 1788.9
1413570 1793.3
1413580 1799.0
1413590 1799.0
1413600 1806.2
1413610 1812.7
1413620 1812.7
1413630 1816.8
1413640 1822.7
1413650 1822.7
1413660 1829.9
1413670 1837.3
1413680 1837.3
1413690 1844.7
1413700 1851.6
1413710 1856.5
1413720 1856.5
1413730 1861.4
1413740 1865.3
1413750 1865.3
1413760 1871.1
1413770 1879.9
1413780 1879.9
1413790 1887.9
1413800 1895.0
1413810 1895.0
1413820 1898.4
1413830 1894.8
1413840 1894.8
1413850 1892.9
1413860 1896.6
1413870 1896.6
1413880 1902.5
1413890 1911.7
1413900 1921.5
1413910 1921.5
1413920 1930.0
1413930 1936.2
1413940 1936.2
1413950 1946.1
1413960 1958.7
1413970 1958.7
1413980 1966.1
1413990 1971.8
1414000 1971.8
1414010 1976.9
1414020 1982.2
1414030 1982.2
1414040 1987.2
1414050 1990.4
1414060 1989.3
1414070 1989.3
1414080 1988.8
1414090 1989.3
1414100 1989.3
1414110 1991.6
1414120 1993.6
1414130 1993.6
1414140 1996.9
1414150 2002.4
1414160 2002.4
1414170 2010.2
1414180 2018.1
1414190 2018.1
1414200 2026.4
1414210 2035.1
1414220 2043.2
1414230 2043.2
1414240 2050.8
1414250 2057.5
1414260 2057.5
1414270 2064.6
1414280 2071.3
1414290 2071.3
1414300 2077.0
1414310 2082.4
1414320 2082.4
1414330 2087.0
1414340 2090.9
1414350 2090.9
1414360 2094.0
1414370 2097.2
1414380 2097.2
1414390 2101.1
1414400 2105.1
1414410 2109.6
1414420 2109.6
1414430 2113.7
1414440 2117.7
1414450 2117.7
1414460 2122.0
1414470 2124.6
1414480 2124.6
1414490 2126.4
1414500 2125.6
1414510 2125.6
1414520 2122.9
1414530 2119.6
1414540 2119.6
1414550 2114.7
1414560 2109.7
1414570 2104.8
1414580 2104.8
1414590 2103.2
1414600 2104.2
1414610 2104.2
1414620 2109.3
1414630 2117.2
1414640 2117.2
1414650 2123.3
1414660 2125.8
1414670 2125.8
1414680 2127.5
1414690 2126.8
1414700 2126.8
1414710 2128.1
1414720 2127.1
1414730 2122.7
1414740 2118.3
1414750 2120.3
1414760 2122.5
1414770 2122.5
1414780 2121.3
1414790 2117.7
1414800 2117.7
1414810 2111.6
1414820 2105.1
1414830 2105.1
1414840 2098.0
1414850 2091.9
1414860 2091.9
1414870 2087.9
1414880 2083.9
1414890 2083.9
1414900 2080.8
1414910 2077.0
1414920 2073.1
1414930 2073.1
1414940 2069.3
1414950 2066.7
1414960 2066.7
1414970 2063.6
1414980 2060.2
1414990 2060.2
1415000 2056.1
1415010 2052.5
1415020 2052.5
1415030 2050.6
1415040 2048.9
1415050 2048.9
1415060 2047.3
1415070 2044.1
1415080 2040.9
1415090 2040.9
1415100 2039.2
1415110 2035.4
1415120 2035.4
1415130 2036.2
1415140 2038.5
1415150 2038.5
1415160 2037.8
1415170 2039.0
1415180 2039.0
1415190 2044.5
1415200 2049.8
1415210 2049.8
1415220 2044.3
1415230 2041.4
1415240 2041.4
1415250 2040.2
1415260 2039.0
1415270 2038.2
1415280 2038.2
1415290 2035.3
1415300 2030.7
1415310 2030.7
1415320 2025.1
1415330 2020.4
1415340 2020.4
1415350 2016.9
1415360 2014.9
1415370 2014.9
1415380 2013.4
1415390 2011.0
1415400 2011.0
1415410 2011.3
1415420 2012.6
1415430 2009.9
1415440 2009.9
1415450 2008.3
1415460 2007.8
1415470 2007.8
1415480 2008.4
1415490 2010.4
1415500 2010.4
1415510 2010.0
1415520 2007.9
1415530 2007.9
1415540 2008.0
1415550 2007.7
1415560 2007.7
1415570 2008.7
1415580 2014.7
1415590 2016.4
1415600 2016.4
1415610 2016.7
1415620 2017.5
1415630 2017.5
1415640 2018.8
1415650 2020.6
1415660 2020.6
1415670 2024.6
1415680 2031.4
1415690 2031.4
1415700 2038.3
1415710 2045.4
1415720 2045.4
1415730 2052.8
1415740 2060.5
1415750 2060.5
1415760 2068.3
1415770 2076.7
1415780 2085.3
1415790 2085.3
1415800 2093.4
1415810 2100.9
1415820 2100.9
1415830 2108.5
1415840 2115.6
1415850 2115.6
1415860 2122.5
1415870 2128.4
1415880 2128.4
1415890 2133.9
1415900 2139.0
1415910 2139.0
1415920 2144.2
1415930 2148.4
1415940 2152.3
1415950 2152.3
1415960 2157.1
1415970 2161.0
1415980 2161.0
1415990 2165.3
1416000 2169.0
1416010 2169.0
1416020 2172.6
1416030 2175.4
1416040 2175.4
1416050 2176.5
1416060 2174.6
1416070 2174.6
1416080 2174.6
1416090 2173.8
1416100 2172.8
1416110 2172.8
1416120 2174.9
1416130 2178.5
1416140 2178.5
1416150 2177.7
1416160 2170.9
1416170 2170.9
1416180 2164.0
1416190 2163.5
1416200 2163.5
1416210 2168.8
1416220 2175.2
1416230 2175.2
1416240 2178.6
1416250 2179.0
1416260 2179.0
1416270 2188.3
1416280 2192.3
1416290 2195.7
1416300 2195.7
1416310 2193.7
1416320 2193.7
1416330 2193.7
1416340 2195.3
1416350 2194.9
1416360 2194.9
1416370 2192.4
1416380 2186.9
1416390 2186.9
1416400 2167.4
1416410 2159.7
1416420 2159.7
1416430 2167.9
1416440 2179.5
1416450 2190.9
1416460 2190.9
1416470 2200.1
1416480 2207.4
1416490 2207.4
1416500 2211.3
1416510 2215.0
1416520 2215.0
1416530 2221.2
1416540 2228.1
1416550 2222.3
1416560 2229.9
1416570 2236.4
1416580 2236.4
1416590 2242.5
1416600 2237.3
1416610 2237.3
1416620 2228.0
1416630 2230.7
1416640 2236.9
1416650 2236.9
1416660 2243.7
1416670 2257.8
1416680 2257.8
1416690 2270.8
1416700 2281.5
1416710 2281.5
1416720 2290.9
1416730 2297.3
1416740 2297.3
1416750 2302.5
1416760 2307.5
1416770 2307.5
1416780 2311.7
1416790 2305.6
1416800 2297.4
1416810 2297.4
1416820 2290.6
1416830 2283.3
1416840 2283.3
1416850 2278.1
1416860 2274.6
1416870 2274.6
1416880 2275.1
1416890 2272.5
1416900 2272.5
1416910 2262.3
1416920 2255.3
1416930 2255.3
1416940 2257.8
1416950 2257.7
1416960 2256.9
1416970 2256.9
1416980 2258.5
1416990 2258.7
1417000 2258.7
1417010 2263.3
1417020 2271.2
1417030 2271.2
1417040 2281.8
1417050 2294.6
1417060 2294.6
1417070 2304.8
1417080 2312.3
1417090 2312.3
1417100 2317.5
1417110 2320.6
1417120 2320.6
1417130 2322.2
1417140 2324.7
1417150 2328.3
1417160 2328.3
1417170 2330.1
1417180 2328.6
1417190 2328.6
1417200 2325.5
1417210 2321.8
1417220 2321.8
1417230 2315.8
1417240 2315.1
1417250 2315.1
1417260 2316.4
1417270 2314.5
1417280 2314.5
1417290 2308.2
1417300 2295.1
1417310 2303.4
1417320 2303.4
1417330 2316.4
1417340 2313.7
1417350 2313.7
1417360 2317.7
1417370 2329.7
1417380 2329.7
1417390 2339.6
1417400 2347.1
1417410 2347.1
1417420 2351.6
1417430 2355.4
1417440 2355.4
1417450 2358.1
1417460 2357.5
1417470 2353.3
1417480 2353.3
1417490 2346.6
1417500 2336.5
1417510 2336.5
1417520 2320.7
1417530 2298.8
1417540 2298.8
1417550 2305.4
1417560 2317.8
1417570 2317.8
1417580 2305.5
1417590 2291.8
1417600 2291.8
1417610 2281.0
1417620 2275.1
1417630 2275.1
1417640 2272.7
1417650 2271.9
1417660 2271.6
1417670 2271.6
1417680 2267.8
1417690 2262.9
1417700 2262.9
1417710 2257.9
1417720 2252.6
1417730 2252.6
1417740 2247.5
1417750 2242.9
1417760 2242.9
1417770 2238.4
1417780 2236.0
1417790 2236.0
1417800 2237.3
1417810 2239.8
1417820 2242.0
1417830 2242.0
1417840 2244.2
1417850 2246.3
1417860 2246.3
1417870 2248.1
1417880 2249.4
1417890 2249.4
1417900 2251.5
1417910 2254.0
1417920 2254.0
1417930 2256.9
1417940 2259.6
1417950 2259.6
1417960 2261.1
1417970 2262.6
1417980 2264.9
1417990 2264.9
1418000 2267.7
1418010 2270.3
1418020 2270.3
1418030 2273.1
1418040 2276.3
1418050 2276.3
1418060 2280.2
1418070 2284.0
1418080 2284.0
1418090 2287.8
1418100 2291.3
1418110 2291.3
1418120 2294.6
1418130 2298.2
1418140 2298.2
1418150 2303.0
1418160 2316.7
1418170 2340.1
1418180 2340.1
1418190 2361.3
1418200 2368.3
1418210 2368.3
1418220 2364.8
1418230 2361.1
1418240 2361.1
1418250 2366.7
1418260 2378.4
1418270 2378.4
1418280 2388.3
1418290 2405.0
1418300 2405.0
1418310 2425.6
1418320 2435.1
1418330 2443.2
1418340 2443.2
1418350 2452.1
1418360 2460.6
1418370 2460.6
1418380 2467.5
1418390 2474.6
1418400 2474.6
1418410 2483.4
1418420 2492.2
1418430 2496.2
1418440 2502.2
1418450 2509.6
1418460 2509.6
1418470 2517.7
1418480 2526.1
1418490 2533.6
1418500 2533.6
1418510 2541.4
1418520 2548.8
1418530 2548.8
1418540 2533.2
1418550 2507.4
1418560 2507.4
1418570 2491.4
1418580 2489.3
1418590 2489.3
1418600 2499.5
1418610 2499.6
1418620 2499.6
1418630 2465.7
1418640 2433.9
1418650 2433.9
1418660 2417.9
1418670 2410.7
1418680 2403.8
1418690 2403.8
1418700 2396.9
1418710 2390.0
1418720 2390.0
1418730 2383.1
1418740 2376.1
1418750 2376.1
1418760 2369.2
1418770 2362.4
1418780 2362.4
1418790 2355.9
1418800 2350.1
1418810 2350.1
1418820 2345.7
1418830 2341.7
1418840 2337.0
1418850 2337.0
1418860 2332.1
1418870 2327.0
1418880 2327.0
1418890 2321.8
1418900 2316.8
1418910 2316.8
1418920 2312.2
1418930 2308.0
1418940 2308.0
1418950 2303.6
1418960 2299.4
1418970 2299.4
1418980 2295.0
1418990 2290.4
1419000 2290.4
1419010 2285.7
1419020 2280.9
1419030 2276.3
1419040 2276.3
1419050 2271.7
1419060 2267.6
1419070 2267.6
1419080 2264.7
1419090 2261.8
1419100 2261.8
1419110 2259.0
1419120 2256.4
1419130 2256.4
1419140 2253.5
1419150 2250.4
1419160 2250.4
1419170 2247.0
1419180 2244.3
1419190 2241.1
1419200 2241.1
1419210 2237.6
1419220 2234.4
1419230 2234.4
1419240 2231.6
1419250 2229.1
1419260 2229.1
1419270 2226.4
1419280 2223.3
1419290 2223.3
1419300 2220.4
1419310 2217.3
1419320 2217.3
1419330 2214.5
1419340 2213.1
1419350 2212.8
1419360 2212.8
1419370 2211.8
1419380 2210.1
1419390 2210.1
1419400 2208.7
1419410 2206.4
1419420 2206.4
1419430 2204.6
1419440 2204.6
1419450 2204.6
1419460 2203.8
1419470 2203.1
1419480 2203.1
1419490 2201.6
1419500 2201.1
1419510 2201.1
1419520 2201.4
1419530 2201.5
1419540 2200.9
1419550 2200.9
1419560 2201.0
1419570 2201.0
1419580 2201.0
1419590 2201.1
1419600 2201.2
1419610 2201.2
1419620 2201.4
1419630 2201.1
1419640 2201.1
1419650 2201.1
1419660 2202.8
1419670 2202.8
1419680 2205.1
1419690 2205.9
1419700 2205.9
1419710 2205.9
1419720 2206.8
1419730 2208.6
1419740 2208.6
1419750 2211.6
1419760 2214.0
1419770 2214.0
1419780 2215.6
1419790 2216.8
1419800 2216.8
1419810 2217.6
1419820 2219.0
1419830 2219.0
1419840 2220.4
1419850 2221.1
1419860 2222.3
1419870 2222.3
1419880 2224.2
1419890 2227.2
1419900 2227.2
1419910 2229.9
1419920 2231.8
1419930 2231.8
1419940 2232.5
1419950 2231.8
1419960 2231.8
1419970 2230.9
1419980 2230.2
1419990 2230.2
