1400000 1073.9
1400010 1075.9
1400020 1075.9
1400030 1076.1
1400040 1076.1
1400050 1076.1
1400060 1077.8
1400070 1080.0
1400080 1080.0
1400090 1081.4
1400100 1083.3
1400110 1083.3
1400120 1085.9
1400130 1088.5
1400140 1088.5
1400150 1091.5
1400160 1094.4
1400170 1096.9
1400180 1096.9
1400190 1099.4
1400200 1101.7
1400210 1101.7
1400220 1104.4
1400230 1105.0
1400240 1105.0
1400250 1099.5
1400260 1078.4
1400270 1078.4
1400280 1058.8
1400290 1032.0
1400300 1032.0
1400310 1016.8
1400320 1017.2
1400330 1017.2
1400340 1017.7
1400350 1017.3
1400360 1017.8
1400370 1017.8
1400380 1021.1
1400390 1025.6
1400400 1025.6
1400410 1027.5
1400420 1032.6
1400430 1032.6
1400440 1050.6
1400450 1067.6
1400460 1067.6
1400470 1075.5
1400480 1082.8
1400490 1082.8
1400500 1092.0
1400510 1110.5
1400520 1126.2
1400530 1126.2
1400540 1139.0
1400550 1147.1
1400560 1147.1
1400570 1153.8
1400580 1159.9
1400590 1159.9
1400600 1164.8
1400610 1168.4
1400620 1168.4
1400630 1171.7
1400640 1174.8
1400650 1174.8
1400660 1178.4
1400670 1182.5
1400680 1182.5
1400690 1186.1
1400700 1191.0
1400710 1195.8
1400720 1195.8
1400730 1200.4
1400740 1205.0
1400750 1205.0
1400760 1208.6
1400770 1212.7
1400780 1212.7
1400790 1216.6
1400800 1221.6
1400810 1221.6
1400820 1227.3
1400830 1232.4
1400840 1232.4
1400850 1238.1
1400860 1244.5
1400870 1249.7
1400880 1249.7
1400890 1255.1
1400900 1260.2
1400910 1260.2
1400920 1264.9
1400930 1269.3
1400940 1269.3
1400950 1273.7
1400960 1277.8
1400970 1277.8
1400980 1281.5
1400990 1285.4
1401000 1285.4
1401010 1289.6
1401020 1294.0
1401030 1298.2
1401040 1298.2
1401050 1301.9
1401060 1305.5
1401070 1305.5
1401080 1309.3
1401090 1312.8
1401100 1312.8
1401110 1316.1
1401120 1318.6
1401130 1318.6
1401140 1320.1
1401150 1320.9
1401160 1320.9
1401170 1321.0
1401180 1323.0
1401190 1323.0
1401200 1325.1
1401210 1324.9
1401220 1321.3
1401230 1321.3
1401240 1331.3
1401250 1335.2
1401260 1335.2
1401270 1335.3
1401280 1332.5
1401290 1332.5
1401300 1331.9
1401310 1334.5
1401320 1334.5
1401330 1339.9
1401340 1342.8
1401350 1342.8
1401360 1342.8
1401370 1343.2
1401380 1345.8
1401390 1345.8
1401400 1348.3
1401410 1350.8
1401420 1350.8
1401430 1353.7
1401440 1356.2
1401450 1356.2
1401460 1357.9
1401470 1358.3
1401480 1358.3
1401490 1356.1
1401500 1353.2
1401510 1353.2
1401520 1353.2
1401530 1356.3
1401540 1356.3
1401550 1359.7
1401560 1361.8
1401570 1362.7
1401580 1362.7
1401590 1362.1
1401600 1363.0
1401610 1363.0
1401620 1364.4
1401630 1365.6
1401640 1365.6
1401650 1365.4
1401660 1364.1
1401670 1364.1
1401680 1362.9
1401690 1361.5
1401700 1361.5
1401710 1360.3
1401720 1357.9
1401730 1357.9
1401740 1357.9
1401750 1358.4
1401760 1357.7
1401770 1357.7
1401780 1356.2
1401790 1355.5
1401800 1355.5
1401810 1355.1
1401820 1354.8
1401830 1354.8
1401840 1354.9
1401850 1354.1
1401860 1354.1
1401870 1351.3
1401880 1346.9
1401890 1346.9
1401900 1346.4
1401910 1345.7
1401920 1342.8
1401930 1342.8
1401940 1337.8
1401950 1332.3
1401960 1332.3
1401970 1331.4
1401980 1329.5
1401990 1329.5
1402000 1329.1
1402010 1327.4
1402020 1327.4
1402030 1328.1
1402040 1328.8
1402050 1328.8
1402060 1333.7
1402070 1340.7
1402080 1349.6
1402090 1349.6
1402100 1359.3
1402110 1369.1
1402120 1369.1
1402130 1373.2
1402140 1369.9
1402150 1369.9
1402160 1366.9
1402170 1370.1
1402180 1370.1
1402190 1377.6
1402200 1386.2
1402210 1386.2
1402220 1393.6
1402230 1397.6
1402240 1396.9
1402250 1396.9
1402260 1394.7
1402270 1392.8
1402280 1392.8
1402290 1391.4
1402300 1392.1
1402310 1392.1
1402320 1393.5
1402330 1390.6
1402340 1390.6
1402350 1383.3
1402360 1388.4
1402370 1388.4
1402380 1394.7
1402390 1400.3
1402400 1400.3
1402410 1403.0
1402420 1402.5
1402430 1400.8
1402440 1400.8
1402450 1400.2
1402460 1401.2
1402470 1401.2
1402480 1399.8
1402490 1403.1
1402500 1403.1
1402510 1406.8
1402520 1408.0
1402530 1408.0
1402540 1417.4
1402550 1426.8
1402560 1426.8
1402570 1432.8
1402580 1436.8
1402590 1442.2
1402600 1442.2
1402610 1450.3
1402620 1459.4
1402630 1459.4
1402640 1464.7
1402650 1471.7
1402660 1471.7
1402670 1476.1
1402680 1477.9
1402690 1477.9
1402700 1479.3
1402710 1483.7
1402720 1483.7
1402730 1488.3
1402740 1493.8
1402750 1493.8
1402760 1499.2
1402770 1513.1
1402780 1517.9
1402790 1517.9
1402800 1522.1
1402810 1525.6
1402820 1525.6
1402830 1527.9
1402840 1529.8
1402850 1529.8
1402860 1532.5
1402870 1535.5
1402880 1535.5
1402890 1538.0
1402900 1540.1
1402910 1540.1
1402920 1541.8
1402930 1543.6
1402940 1544.1
1402950 1544.1
1402960 1544.3
1402970 1544.3
1402980 1544.3
1402990 1543.8
1403000 1541.9
1403010 1541.9
1403020 1539.4
1403030 1536.2
1403040 1536.2
1403050 1533.6
1403060 1530.5
1403070 1530.5
1403080 1526.3
1403090 1523.4
1403100 1520.9
1403110 1520.9
1403120 1517.8
1403130 1513.3
1403140 1513.3
1403150 1507.1
1403160 1497.5
1403170 1497.5
1403180 1485.8
1403190 1475.0
1403200 1475.0
1403210 1464.5
1403220 1463.5
1403230 1463.5
1403240 1465.8
1403250 1457.0
1403260 1457.0
1403270 1443.9
1403280 1439.2
1403290 1447.1
1403300 1447.1
1403310 1455.1
1403320 1465.5
1403330 1465.5
1403340 1473.3
1403350 1481.7
1403360 1481.7
1403370 1488.6
1403380 1496.6
1403390 1496.6
1403400 1505.2
1403410 1510.2
1403420 1510.2
1403430 1514.0
1403440 1517.0
1403450 1521.3
1403460 1521.3
1403470 1526.7
1403480 1533.4
1403490 1533.4
1403500 1541.1
1403510 1549.2
1403520 1549.2
1403530 1557.9
1403540 1566.7
1403550 1566.7
1403560 1575.0
1403570 1581.4
1403580 1581.4
1403590 1587.0
1403600 1592.2
1403610 1592.2
1403620 1597.4
1403630 1602.3
1403640 1607.3
1403650 1607.3
1403660 1612.2
1403670 1616.9
1403680 1616.9
1403690 1621.0
1403700 1626.0
1403710 1626.0
1403720 1628.3
1403730 1627.1
1403740 1627.1
1403750 1624.4
1403760 1623.1
1403770 1623.1
1403780 1621.3
1403790 1619.6
1403800 1618.3
1403810 1618.3
1403820 1616.8
1403830 1614.8
1403840 1614.8
1403850 1611.2
1403860 1607.9
1403870 1607.9
1403880 1605.8
1403890 1606.3
1403900 1606.3
1403910 1605.4
1403920 1601.0
1403930 1601.0
1403940 1597.5
1403950 1594.5
1403960 1590.8
1403970 1590.8
1403980 1586.7
1403990 1590.0
1404000 1590.0
1404010 1598.0
1404020 1604.4
1404030 1604.4
1404040 1608.1
1404050 1612.5
1404060 1612.5
1404070 1618.0
1404080 1623.9
1404090 1623.9
1404100 1630.4
1404110 1637.5
1404120 1637.5
1404130 1644.3
1404140 1648.5
1404150 1649.7
1404160 1649.7
1404170 1646.5
1404180 1641.7
1404190 1641.7
1404200 1633.1
1404210 1620.4
1404220 1620.4
1404230 1609.3
1404240 1604.8
1404250 1604.8
1404260 1611.7
1404270 1624.3
1404280 1624.3
1404290 1637.2
1404300 1651.2
1404310 1662.7
1404320 1662.7
1404330 1672.1
1404340 1682.8
1404350 1682.8
1404360 1693.5
1404370 1701.4
1404380 1701.4
1404390 1704.7
1404400 1713.9
1404410 1713.9
1404420 1722.8
1404430 1726.3
1404440 1726.3
1404450 1727.7
1404460 1730.0
1404470 1735.7
1404480 1735.7
1404490 1744.5
1404500 1750.9
1404510 1750.9
1404520 1755.5
1404530 1759.4
1404540 1759.4
1404550 1763.3
1404560 1766.2
1404570 1766.2
1404580 1768.5
1404590 1770.8
1404600 1770.8
1404610 1772.7
1404620 1773.5
1404630 1773.5
1404640 1773.8
1404650 1776.1
1404660 1778.7
1404670 1778.7
1404680 1780.4
1404690 1780.5
1404700 1780.5
1404710 1782.1
1404720 1782.7
1404730 1782.7
1404740 1783.6
1404750 1785.4
1404760 1785.4
1404770 1785.9
1404780 1785.4
1404790 1785.4
1404800 1786.3
1404810 1786.5
1404820 1790.9
1404830 1790.9
1404840 1793.6
1404850 1793.7
1404860 1793.7
1404870 1785.7
1404880 1777.7
1404890 1777.7
1404900 1770.6
1404910 1763.3
1404920 1763.3
1404930 1756.0
1404940 1750.4
1404950 1750.4
1404960 1746.7
1404970 1743.6
1404980 1743.6
1404990 1739.5
1405000 1739.9
1405010 1740.5
1405020 1740.5
1405030 1738.1
1405040 1730.7
1405050 1730.7
1405060 1720.6
1405070 1720.6
1405080 1720.6
1405090 1724.8
1405100 1731.9
1405110 1731.9
1405120 1739.7
1405130 1747.7
1405140 1747.7
1405150 1754.9
1405160 1760.6
1405170 1765.9
1405180 1765.9
1405190 1771.1
1405200 1775.6
1405210 1775.6
1405220 1777.6
1405230 1780.1
1405240 1780.1
1405250 1782.0
1405260 1782.2
1405270 1782.2
1405280 1781.9
1405290 1780.2
1405300 1780.2
1405310 1777.1
1405320 1769.1
1405330 1763.2
1405340 1763.2
1405350 1759.2
1405360 1756.0
1405370 1756.0
1405380 1752.6
1405390 1746.0
1405400 1746.0
1405410 1741.1
1405420 1738.1
1405430 1738.1
1405440 1734.4
1405450 1731.6
1405460 1731.6
1405470 1730.6
1405480 1729.2
1405490 1729.2
1405500 1727.0
1405510 1724.4
1405520 1720.9
1405530 1720.9
1405540 1716.1
1405550 1710.3
1405560 1710.3
1405570 1701.1
1405580 1686.5
1405590 1686.5
1405600 1672.3
1405610 1662.1
1405620 1662.1
1405630 1654.2
1405640 1645.3
1405650 1645.3
1405660 1632.9
1405670 1623.1
1405680 1612.2
1405690 1612.2
1405700 1603.2
1405710 1596.3
1405720 1596.3
1405730 1591.7
1405740 1578.2
1405750 1578.2
1405760 1552.1
1405770 1536.1
1405780 1536.1
1405790 1522.2
1405800 1505.9
1405810 1505.9
1405820 1483.7
1405830 1472.6
1405840 1472.6
1405850 1465.4
1405860 1457.3
1405870 1449.6
1405880 1449.6
1405890 1444.2
1405900 1438.9
1405910 1441.5
1405920 1435.0
1405930 1428.9
1405940 1428.9
1405950 1422.2
1405960 1415.7
1405970 1415.7
1405980 1408.4
1405990 1397.1
1406000 1397.1
1406010 1377.0
1406020 1351.7
1406030 1320.2
1406040 1320.2
1406050 1291.5
1406060 1278.3
1406070 1278.3
1406080 1272.8
1406090 1269.8
1406100 1269.8
1406110 1266.5
1406120 1263.3
1406130 1263.3
1406140 1255.7
1406150 1241.8
1406160 1241.8
1406170 1246.1
1406180 1245.6
1406190 1243.7
1406200 1243.7
1406210 1242.9
1406220 1245.7
1406230 1245.7
1406240 1259.2
1406250 1286.5
1406260 1286.5
1406270 1309.3
1406280 1317.1
1406290 1317.1
1406300 1318.2
1406310 1343.8
1406320 1343.8
1406330 1367.7
1406340 1374.6
1406350 1374.6
1406360 1378.8
1406370 1381.7
1406380 1379.9
1406390 1379.9
1406400 1378.0
1406410 1382.9
1406420 1382.9
1406430 1390.8
1406440 1397.7
1406450 1397.7
1406460 1403.0
1406470 1408.3
1406480 1408.3
1406490 1412.0
1406500 1408.1
1406510 1408.1
1406520 1401.4
1406530 1392.2
1406540 1383.6
1406550 1383.6
1406560 1376.6
1406570 1371.5
1406580 1371.5
1406590 1368.6
1406600 1370.8
1406610 1370.8
1406620 1366.7
1406630 1363.9
1406640 1363.9
1406650 1361.8
1406660 1359.9
1406670 1359.9
1406680 1359.5
1406690 1359.5
1406700 1359.5
1406710 1363.4
1406720 1364.2
1406730 1368.2
1406740 1368.2
1406750 1381.0
1406760 1399.6
1406770 1399.6
1406780 1424.9
1406790 1445.9
1406800 1445.9
1406810 1459.9
1406820 1474.0
1406830 1474.0
1406840 1487.5
1406850 1500.1
1406860 1500.1
1406870 1520.8
1406880 1534.9
1406890 1546.5
1406900 1546.5
1406910 1554.0
1406920 1558.3
1406930 1558.3
1406940 1556.2
1406950 1554.3
1406960 1554.3
1406970 1557.6
1406980 1554.3
1406990 1554.3
1407000 1549.8
1407010 1542.1
1407020 1542.1
1407030 1533.3
1407040 1527.7
1407050 1534.2
1407060 1534.2
1407070 1551.4
1407080 1568.8
1407090 1568.8
1407100 1569.6
1407110 1567.8
1407120 1567.8
1407130 1575.0
1407140 1583.0
1407150 1583.0
1407160 1590.3
1407170 1598.8
1407180 1598.8
1407190 1613.7
1407200 1620.9
1407210 1620.9
1407220 1644.2
1407230 1668.0
1407240 1683.0
1407250 1683.0
1407260 1691.9
1407270 1703.9
1407280 1703.9
1407290 1719.4
1407300 1732.2
1407310 1732.2
1407320 1745.5
1407330 1755.8
1407340 1755.8
1407350 1764.7
1407360 1772.8
1407370 1772.8
1407380 1782.6
1407390 1791.3
1407400 1804.9
1407410 1804.9
1407420 1817.6
1407430 1826.3
1407440 1826.3
1407450 1834.8
1407460 1842.8
1407470 1842.8
1407480 1851.4
1407490 1861.0
1407500 1861.0
1407510 1872.6
1407520 1883.7
1407530 1879.7
1407540 1891.4
1407550 1901.0
1407560 1901.0
1407570 1909.5
1407580 1918.3
1407590 1928.8
1407600 1928.8
1407610 1939.1
1407620 1950.2
1407630 1950.2
1407640 1961.4
1407650 1969.1
1407660 1969.1
1407670 1971.4
1407680 1967.9
1407690 1967.9
1407700 1957.6
1407710 1947.0
1407720 1947.0
1407730 1936.2
1407740 1928.0
1407750 1922.8
1407760 1922.8
1407770 1913.9
1407780 1901.9
1407790 1901.9
1407800 1891.6
1407810 1874.7
1407820 1874.7
1407830 1860.4
1407840 1846.5
1407850 1846.5
1407860 1831.6
1407870 1817.2
1407880 1817.2
1407890 1804.6
1407900 1788.6
1407910 1781.7
1407920 1781.7
1407930 1774.5
1407940 1757.3
1407950 1757.3
1407960 1737.7
1407970 1737.1
1407980 1737.1
1407990 1741.4
1408000 1760.0
1408010 1760.0
1408020 1777.5
1408030 1792.3
1408040 1792.3
1408050 1795.8
1408060 1790.6
1408070 1790.6
1408080 1786.9
1408090 1787.7
1408100 1788.8
1408110 1788.8
1408120 1797.4
1408130 1806.3
1408140 1806.3
1408150 1810.0
1408160 1809.0
1408170 1809.0
1408180 1803.6
1408190 1797.2
1408200 1797.2
1408210 1788.8
1408220 1780.5
1408230 1780.5
1408240 1770.8
1408250 1762.8
1408260 1755.5
1408270 1755.5
1408280 1747.8
1408290 1740.9
1408300 1740.9
1408310 1735.8
1408320 1729.9
1408330 1729.9
1408340 1722.9
1408350 1715.0
1408360 1715.0
1408370 1707.1
1408380 1698.3
1408390 1698.3
1408400 1690.5
1408410 1688.0
1408420 1688.0
1408430 1683.1
1408440 1675.1
1408450 1663.4
1408460 1663.4
1408470 1645.9
1408480 1636.2
1408490 1636.2
1408500 1634.5
1408510 1618.1
1408520 1618.1
1408530 1599.7
1408540 1588.5
1408550 1588.5
1408560 1588.4
1408570 1577.6
1408580 1577.6
1408590 1556.1
1408600 1531.4
1408610 1516.7
1408620 1516.7
1408630 1501.9
1408640 1484.6
1408650 1484.6
1408660 1470.5
1408670 1451.8
1408680 1451.8
1408690 1437.6
1408700 1429.0
1408710 1429.0
1408720 1422.2
1408730 1414.0
1408740 1414.0
1408750 1401.4
1408760 1390.3
1408770 1376.7
1408780 1376.7
1408790 1362.4
1408800 1350.5
1408810 1350.5
1408820 1341.9
1408830 1334.5
1408840 1334.5
1408850 1326.8
1408860 1319.3
1408870 1319.3
1408880 1311.3
1408890 1303.5
1408900 1303.5
1408910 1292.6
1408920 1283.5
1408930 1283.5
1408940 1282.2
1408950 1274.2
1408960 1260.6
1408970 1260.6
1408980 1251.8
1408990 1256.3
1409000 1256.3
1409010 1269.7
1409020 1290.6
1409030 1290.6
1409040 1299.1
1409050 1305.0
1409060 1305.0
1409070 1315.5
1409080 1325.3
1409090 1325.3
1409100 1335.8
1409110 1346.4
1409120 1357.8
1409130 1357.8
1409140 1368.3
1409150 1376.9
1409160 1376.9
1409170 1385.2
1409180 1396.4
1409190 1396.4
1409200 1405.4
1409210 1415.0
1409220 1415.0
1409230 1431.5
1409240 1447.9
1409250 1447.9
1409260 1455.7
1409270 1463.7
1409280 1463.7
1409290 1476.1
1409300 1488.3
1409310 1506.9
1409320 1506.9
1409330 1521.6
1409340 1535.9
1409350 1535.9
1409360 1549.6
1409370 1563.1
1409380 1563.1
1409390 1576.3
1409400 1585.2
1409410 1585.2
1409420 1604.7
1409430 1620.4
1409440 1620.4
1409450 1631.7
1409460 1654.5
1409470 1676.7
1409480 1676.7
1409490 1693.2
1409500 1705.0
1409510 1705.0
1409520 1715.3
1409530 1728.7
1409540 1728.7
1409550 1743.7
1409560 1754.1
1409570 1754.1
1409580 1762.8
1409590 1771.7
1409600 1771.7
1409610 1779.8
1409620 1788.0
1409630 1798.7
1409640 1798.7
1409650 1806.2
1409660 1813.1
1409670 1813.1
1409680 1813.4
1409690 1815.8
1409700 1815.8
1409710 1825.7
1409720 1836.1
1409730 1836.1
1409740 1844.9
1409750 1851.2
1409760 1851.2
1409770 1864.0
1409780 1876.5
1409790 1876.5
1409800 1889.4
1409810 1897.3
1409820 1901.3
1409830 1901.3
1409840 1899.8
1409850 1894.4
1409860 1894.4
1409870 1887.9
1409880 1879.7
1409890 1879.7
1409900 1870.7
1409910 1861.1
1409920 1861.1
1409930 1857.3
1409940 1865.3
1409950 1865.3
1409960 1864.4
1409970 1871.8
1409980 1876.9
1409990 1876.9
1410000 1884.7
1410010 1883.2
1410020 1883.2
1410030 1881.5
1410040 1884.4
1410050 1884.4
1410060 1887.5
1410070 1891.1
1410080 1891.1
1410090 1897.5
1410100 1905.7
1410110 1905.7
1410120 1912.2
1410130 1898.9
1410140 1898.9
1410150 1897.9
1410160 1902.6
1410170 1922.0
1410180 1922.0
1410190 1934.4
1410200 1938.7
1410210 1938.7
1410220 1947.1
1410230 1948.7
1410240 1948.7
1410250 1959.7
1410260 1969.9
1410270 1969.9
1410280 1981.4
1410290 1990.1
1410300 1990.1
1410310 1993.6
1410320 1994.1
1410330 2000.3
1410340 2000.3
1410350 2003.3
1410360 2001.8
1410370 2001.8
1410380 1996.8
1410390 2005.8
1410400 2005.8
1410410 2011.8
1410420 2013.7
1410430 2013.7
1410440 2013.9
1410450 2011.7
1410460 2011.7
1410470 1998.9
1410480 1980.3
1410490 1968.4
1410500 1968.4
1410510 1979.4
1410520 1983.9
1410530 1983.9
1410540 1985.1
1410550 1974.1
1410560 1974.1
1410570 1974.8
1410580 1978.2
1410590 1978.2
1410600 1981.8
1410610 1990.6
1410620 1990.6
1410630 2005.5
1410640 1997.0
1410650 1997.0
1410660 1984.6
1410670 1980.7
1410680 1982.7
1410690 1982.7
1410700 1983.4
1410710 1993.7
1410720 1993.7
1410730 1979.9
1410740 1969.6
1410750 1969.6
1410760 1978.9
1410770 1986.6
1410780 1986.6
1410790 1996.2
1410800 1994.1
1410810 1994.1
1410820 1972.7
1410830 1962.0
1410840 1970.7
1410850 1970.7
1410860 1991.2
1410870 1983.0
1410880 1983.0
1410890 1981.4
1410900 1969.1
1410910 1969.1
1410920 1966.1
1410930 1970.0
1410940 1970.0
1410950 1961.9
1410960 1967.9
1410970 1967.9
1410980 1987.5
1410990 2003.8
1411000 2003.8
1411010 2003.7
1411020 1992.9
1411030 1984.3
1411040 1984.3
1411050 1988.5
1411060 1995.8
1411070 1995.8
1411080 2003.1
1411090 2011.4
1411100 2011.4
1411110 2019.7
1411120 2019.8
1411130 2019.8
1411140 2012.9
1411150 2005.9
1411160 2005.9
1411170 1998.7
1411180 1994.3
1411190 1995.1
1411200 1995.1
1411210 1998.9
1411220 2002.8
1411230 2002.8
1411240 2006.2
1411250 2010.8
1411260 2010.8
1411270 2015.1
1411280 2019.7
1411290 2019.7
1411300 2024.7
1411310 2029.1
1411320 2029.1
1411330 2033.9
1411340 2039.0
1411350 2043.2
1411360 2043.2
1411370 2048.5
1411380 2055.7
1411390 2055.7
1411400 2060.3
1411410 2063.3
1411420 2063.3
1411430 2061.3
1411440 2060.6
1411450 2060.6
1411460 2058.3
1411470 2054.6
1411480 2054.6
1411490 2052.0
1411500 2057.7
1411510 2057.7
1411520 2066.0
1411530 2071.4
1411540 2076.3
1411550 2076.3
1411560 2080.3
1411570 2081.2
1411580 2081.2
1411590 2080.2
1411600 2079.3
1411610 2079.3
1411620 2079.4
1411630 2079.8
1411640 2079.8
1411650 2081.5
1411660 2083.8
1411670 2083.8
1411680 2085.2
1411690 2084.9
1411700 2085.8
1411710 2085.8
1411720 2091.7
1411730 2099.7
1411740 2099.7
1411750 2106.8
1411760 2113.4
1411770 2113.4
1411780 2119.9
1411790 2126.4
1411800 2126.4
1411810 2132.6
1411820 2137.0
1411830 2137.0
1411840 2140.8
1411850 2146.2
1411860 2146.2
1411870 2151.8
1411880 2158.9
1411890 2165.1
1411900 2165.1
1411910 2169.1
1411920 2174.0
1411930 2174.0
1411940 2178.5
1411950 2183.4
1411960 2183.4
1411970 2189.8
1411980 2196.4
1411990 2196.4
1412000 2201.4
1412010 2207.0
1412020 2207.0
1412030 2212.2
1412040 2215.8
1412050 2219.2
1412060 2219.2
1412070 2225.4
1412080 2232.0
1412090 2232.0
1412100 2233.7
1412110 2233.5
1412120 2233.5
1412130 2232.2
1412140 2229.9
1412150 2229.9
1412160 2227.8
1412170 2225.4
1412180 2225.4
1412190 2221.7
1412200 2218.5
1412210 2215.1
1412220 2215.1
1412230 2209.6
1412240 2201.7
1412250 2201.7
1412260 2197.6
1412270 2196.4
1412280 2196.4
1412290 2189.8
1412300 2182.1
1412310 2182.1
1412320 2177.0
1412330 2173.6
1412340 2173.6
1412350 2168.7
1412360 2163.8
1412370 2163.8
1412380 2161.4
1412390 2157.5
1412400 2153.0
1412410 2153.0
1412420 2149.7
1412430 2145.8
1412440 2145.8
1412450 2144.1
1412460 2141.6
1412470 2141.6
1412480 2137.2
1412490 2132.1
1412500 2132.1
1412510 2126.7
1412520 2123.9
1412530 2123.9
1412540 2121.8
1412550 2118.9
1412560 2116.6
1412570 2116.6
1412580 2112.5
1412590 2106.4
1412600 2105.6
1412610 2099.2
1412620 2094.0
1412630 2094.0
1412640 2090.3
1412650 2085.5
1412660 2085.5
1412670 2081.5
1412680 2077.6
1412690 2077.6
1412700 2072.0
1412710 2066.4
1412720 2066.4
1412730 2060.8
1412740 2054.4
1412750 2048.1
1412760 2048.1
1412770 2042.1
1412780 2036.6
1412790 2036.6
1412800 2031.1
1412810 2025.9
1412820 2025.9
1412830 2020.9
1412840 2016.3
1412850 2016.3
1412860 2011.2
1412870 2007.2
1412880 2007.2
1412890 2003.7
1412900 1999.3
1412910 1995.6
1412920 1995.6
1412930 1991.9
1412940 1987.8
1412950 1987.8
1412960 1983.3
1412970 1978.7
1412980 1978.7
1412990 1974.3
1413000 1969.8
1413010 1969.8
1413020 1965.3
1413030 1961.3
1413040 1961.3
1413050 1957.3
1413060 1952.9
1413070 1948.7
1413080 1948.7
1413090 1944.5
1413100 1940.5
1413110 1940.5
1413120 1936.0
1413130 1931.3
1413140 1931.3
1413150 1926.4
1413160 1921.7
1413170 1921.7
1413180 1917.2
1413190 1912.5
1413200 1912.5
1413210 1908.2
1413220 1904.0
1413230 1904.0
1413240 1899.6
1413250 1894.6
1413260 1889.6
1413270 1889.6
1413280 1884.5
1413290 1879.7
1413300 1879.7
1413310 1875.9
1413320 1872.7
1413330 1872.7
1413340 1869.6
1413350 1866.5
1413360 1866.5
1413370 1864.0
1413380 1860.7
1413390 1860.7
1413400 1856.0
1413410 1850.9
1413420 1845.2
1413430 1845.2
1413440 1839.7
1413450 1838.2
1413460 1838.2
1413470 1839.3
1413480 1841.8
1413490 1841.8
1413500 1844.3
1413510 1847.0
1413520 1847.0
1413530 1849.8
1413540 1851.6
1413550 1851.6
1413560 1853.9
1413570 1856.0
1413580 1856.0
1413590 1857.1
1413600 1859.8
1413610 1862.9
1413620 1862.9
1413630 1866.6
1413640 1871.3
1413650 1871.3
1413660 1876.2
1413670 1880.1
1413680 1880.1
1413690 1883.2
1413700 1887.3
1413710 1887.3
1413720 1891.4
1413730 1895.1
1413740 1895.1
1413750 1898.7
1413760 1903.8
1413770 1909.4
1413780 1909.4
1413790 1913.5
1413800 1916.7
1413810 1916.7
1413820 1923.2
1413830 1930.6
1413840 1930.6
1413850 1937.3
1413860 1943.2
1413870 1943.2
1413880 1952.1
1413890 1959.7
1413900 1959.7
1413910 1965.7
1413920 1971.2
1413930 1975.2
1413940 1975.2
1413950 1976.1
1413960 1978.1
1413970 1978.1
1413980 1980.2
1413990 1982.3
1414000 1982.3
1414010 1984.4
1414020 1986.3
1414030 1986.3
1414040 1987.8
1414050 1989.0
1414060 1989.0
1414070 1989.8
1414080 1989.9
1414090 1989.9
1414100 1999.9
1414110 2007.8
1414120 2012.5
1414130 2012.5
1414140 2017.6
1414150 2022.1
1414160 2022.1
1414170 2026.6
1414180 2030.4
1414190 2030.4
1414200 2033.5
1414210 2036.8
1414220 2036.8
1414230 2038.8
1414240 2040.9
1414250 2040.9
1414260 2043.5
1414270 2045.0
1414280 2046.0
1414290 2046.0
1414300 2054.0
1414310 2060.4
1414320 2060.4
1414330 2065.1
1414340 2069.2
1414350 2069.2
1414360 2073.7
1414370 2082.2
1414380 2082.2
1414390 2086.0
1414400 2087.8
1414410 2087.8
1414420 2088.8
1414430 2088.9
1414440 2088.9
1414450 2083.9
1414460 2075.4
1414470 2066.6
1414480 2066.6
1414490 2057.3
1414500 2048.4
1414510 2048.4
1414520 2040.5
1414530 2032.9
1414540 2032.9
1414550 2032.9
1414560 2038.2
1414570 2038.2
1414580 2029.1
1414590 2010.7
1414600 2010.7
1414610 2002.0
1414620 2001.7
1414630 2003.2
1414640 2003.2
1414650 2005.6
1414660 1999.3
1414670 1999.3
1414680 1991.8
1414690 1986.2
1414700 1986.2
1414710 1979.6
1414720 1970.3
1414730 1970.3
1414740 1961.3
1414750 1951.8
1414760 1951.8
1414770 1942.2
1414780 1933.5
1414790 1929.0
1414800 1929.0
1414810 1925.7
1414820 1925.4
1414830 1925.4
1414840 1925.3
1414850 1919.6
1414860 1919.6
1414870 1914.9
1414880 1913.6
1414890 1913.6
1414900 1911.1
1414910 1902.7
1414920 1902.7
1414930 1893.2
1414940 1885.0
1414950 1885.0
1414960 1878.1
1414970 1870.8
1414980 1862.1
1414990 1862.1
1415000 1847.9
1415010 1837.2
1415020 1837.2
1415030 1835.4
1415040 1839.8
1415050 1839.8
1415060 1843.3
1415070 1841.4
1415080 1841.4
1415090 1838.0
1415100 1836.0
1415110 1836.0
1415120 1832.9
1415130 1828.3
1415140 1824.9
1415150 1824.9
1415160 1820.7
1415170 1818.7
1415180 1818.7
1415190 1817.7
1415200 1815.8
1415210 1815.8
1415220 1813.0
1415230 1812.2
1415240 1812.2
1415250 1812.9
1415260 1812.3
1415270 1812.3
1415280 1811.8
1415290 1810.9
1415300 1810.9
1415310 1810.2
1415320 1810.4
1415330 1811.4
1415340 1811.4
1415350 1811.7
1415360 1811.7
1415370 1811.7
1415380 1811.2
1415390 1810.8
1415400 1810.8
1415410 1809.9
1415420 1809.2
1415430 1809.2
1415440 1809.9
1415450 1809.6
1415460 1809.6
1415470 1809.6
1415480 1810.4
1415490 1811.4
1415500 1811.4
1415510 1812.0
1415520 1812.3
1415530 1812.3
1415540 1812.7
1415550 1813.8
1415560 1813.8
1415570 1814.8
1415580 1815.3
1415590 1815.3
1415600 1816.3
1415610 1817.6
1415620 1817.6
1415630 1819.2
1415640 1820.9
1415650 1822.6
1415660 1822.6
1415670 1824.4
1415680 1825.7
1415690 1825.7
1415700 1827.6
1415710 1829.7
1415720 1829.7
1415730 1831.3
1415740 1833.8
1415750 1833.8
1415760 1836.5
1415770 1839.0
1415780 1839.0
1415790 1841.3
1415800 1844.1
1415810 1844.1
1415820 1847.1
1415830 1849.7
1415840 1851.9
1415850 1851.9
1415860 1854.0
1415870 1856.4
1415880 1856.4
1415890 1859.0
1415900 1861.2
1415910 1861.2
1415920 1862.8
1415930 1865.0
1415940 1865.0
1415950 1867.7
1415960 1871.1
1415970 1871.1
1415980 1874.4
1415990 1877.5
1416000 1880.8
1416010 1880.8
1416020 1884.0
1416030 1887.0
1416040 1887.0
1416050 1889.6
1416060 1891.7
1416070 1891.7
1416080 1894.3
1416090 1896.2
1416100 1896.2
1416110 1896.8
1416120 1898.6
1416130 1898.6
1416140 1902.6
1416150 1906.3
1416160 1906.3
1416170 1909.6
1416180 1913.9
1416190 1916.3
1416200 1916.3
1416210 1919.7
1416220 1923.0
1416230 1923.0
1416240 1925.7
1416250 1928.5
1416260 1928.5
1416270 1931.7
1416280 1935.2
1416290 1935.2
1416300 1937.8
1416310 1940.7
1416320 1940.7
1416330 1944.3
1416340 1947.6
1416350 1950.8
1416360 1950.8
1416370 1954.3
1416380 1957.7
1416390 1957.7
1416400 1960.6
1416410 1964.4
1416420 1964.4
1416430 1970.8
1416440 1978.0
1416450 1978.0
1416460 1984.7
1416470 1989.5
1416480 1989.5
1416490 1993.8
1416500 1996.2
1416510 1998.3
1416520 1998.3
1416530 1999.4
1416540 1998.6
1416550 1998.6
1416560 2001.8
1416570 2003.4
1416580 2003.4
1416590 2004.2
1416600 2005.4
1416610 2005.4
1416620 2006.8
1416630 2008.3
1416640 2008.3
1416650 2008.8
1416660 2010.5
1416670 2010.5
1416680 2012.6
1416690 2015.1
1416700 2017.8
1416710 2017.8
1416720 2020.1
1416730 2021.7
1416740 2021.7
1416750 2023.3
1416760 2025.4
1416770 2025.4
1416780 2028.0
1416790 2030.8
1416800 2030.8
1416810 2033.6
1416820 2036.8
1416830 2036.8
1416840 2040.3
1416850 2043.9
1416860 2048.3
1416870 2048.3
1416880 2052.4
1416890 2056.7
1416900 2056.7
1416910 2061.6
1416920 2066.0
1416930 2066.0
1416940 2070.9
1416950 2075.5
1416960 2075.5
1416970 2080.7
1416980 2086.3
1416990 2086.3
1417000 2091.9
1417010 2097.7
1417020 2097.7
1417030 2102.9
1417040 2108.4
1417050 2114.5
1417060 2114.5
1417070 2120.5
1417080 2125.6
1417090 2125.6
1417100 2130.4
1417110 2134.7
1417120 2134.7
1417130 2138.5
1417140 2142.9
1417150 2142.9
1417160 2147.8
1417170 2152.8
1417180 2152.8
1417190 2157.0
1417200 2161.6
1417210 2165.1
1417220 2165.1
1417230 2168.0
1417240 2174.6
1417250 2174.6
1417260 2183.3
1417270 2195.0
1417280 2195.0
1417290 2216.9
1417300 2226.6
1417310 2226.6
1417320 2228.8
1417330 2228.6
1417340 2228.6
1417350 2226.8
1417360 2225.2
1417370 2226.6
1417380 2226.6
1417390 2230.2
1417400 2239.2
1417410 2239.2
1417420 2248.5
1417430 2264.6
1417440 2264.6
1417450 2284.5
1417460 2302.1
1417470 2302.1
1417480 2314.2
1417490 2320.2
1417500 2320.2
1417510 2314.1
1417520 2307.2
1417530 2307.2
1417540 2307.7
1417550 2308.2
1417560 2306.0
1417570 2306.0
1417580 2308.5
1417590 2307.2
1417600 2307.2
1417610 2304.4
1417620 2302.8
1417630 2302.8
1417640 2303.1
1417650 2302.9
1417660 2302.9
1417670 2302.8
1417680 2302.6
1417690 2302.6
1417700 2303.1
1417710 2302.8
1417720 2302.3
1417730 2302.3
1417740 2303.8
1417750 2305.6
1417760 2305.6
1417770 2309.3
1417780 2309.0
1417790 2309.0
1417800 2306.0
1417810 2306.7
1417820 2306.7
1417830 2308.7
1417840 2310.8
1417850 2310.8
1417860 2312.9
1417870 2316.0
1417880 2316.0
1417890 2320.1
1417900 2324.5
1417910 2329.0
1417920 2329.0
1417930 2333.9
1417940 2338.9
1417950 2338.9
1417960 2343.3
1417970 2348.2
1417980 2348.2
1417990 2353.4
1418000 2358.7
1418010 2358.7
1418020 2364.0
1418030 2369.2
1418040 2369.2
1418050 2376.0
1418060 2381.4
1418070 2387.2
1418080 2387.2
1418090 2392.7
1418100 2398.2
1418110 2398.2
1418120 2403.7
1418130 2410.5
1418140 2410.5
1418150 2418.5
1418160 2423.2
1418170 2423.2
1418180 2429.3
1418190 2437.0
1418200 2437.0
1418210 2444.2
1418220 2450.4
1418230 2452.6
1418240 2452.6
1418250 2457.9
1418260 2458.0
1418270 2458.0
1418280 2446.1
1418290 2427.3
1418300 2427.3
1418310 2423.2
1418320 2421.4
1418330 2421.4
1418340 2422.6
1418350 2424.0
1418360 2424.0
1418370 2423.9
1418380 2421.7
1418390 2421.7
1418400 2418.5
1418410 2415.8
1418420 2413.9
1418430 2413.9
1418440 2410.0
1418450 2406.7
1418460 2406.7
1418470 2405.2
1418480 2401.6
1418490 2401.6
1418500 2398.2
1418510 2396.6
1418520 2396.6
1418530 2390.6
1418540 2383.2
1418550 2383.2
1418560 2382.0
1418570 2379.6
1418580 2376.4
1418590 2376.4
1418600 2374.0
1418610 2371.5
1418620 2371.5
1418630 2369.8
1418640 2367.4
1418650 2367.4
1418660 2364.3
1418670 2361.4
1418680 2361.4
1418690 2360.4
1418700 2358.8
1418710 2358.8
1418720 2357.2
1418730 2355.7
1418740 2355.7
1418750 2355.0
1418760 2354.5
1418770 2353.6
1418780 2353.6
1418790 2352.4
1418800 2351.3
1418810 2351.3
1418820 2350.4
1418830 2351.0
1418840 2351.0
1418850 2352.1
1418860 2353.6
1418870 2353.6
1418880 2355.0
1418890 2357.0
1418900 2357.0
1418910 2357.9
1418920 2358.8
1418930 2359.6
1418940 2359.6
1418950 2362.0
1418960 2366.2
1418970 2366.2
1418980 2372.8
1418990 2379.9
1419000 2379.9
1419010 2386.7
1419020 2393.2
1419030 2393.2
1419040 2399.6
1419050 2404.6
1419060 2404.6
1419070 2410.0
1419080 2416.1
1419090 2411.4
1419100 2411.4
1419110 2405.8
1419120 2397.4
1419130 2397.4
1419140 2389.6
1419150 2382.7
1419160 2382.7
1419170 2376.9
1419180 2371.3
1419190 2371.3
1419200 2365.9
1419210 2360.6
1419220 2360.6
1419230 2355.6
1419240 2350.7
1419250 2350.7
1419260 2345.8
1419270 2341.4
1419280 2338.1
1419290 2338.1
1419300 2335.4
1419310 2332.4
1419320 2332.4
1419330 2330.1
1419340 2328.1
1419350 2328.1
1419360 2327.1
1419370 2326.4
1419380 2326.4
1419390 2325.6
1419400 2325.5
1419410 2325.5
1419420 2325.5
1419430 2325.9
1419440 2326.7
1419450 2326.7
1419460 2327.3
1419470 2327.3
1419480 2327.3
1419490 2328.1
1419500 2330.7
1419510 2330.7
1419520 2333.5
1419530 2334.4
1419540 2334.4
1419550 2335.7
1419560 2339.0
1419570 2339.0
1419580 2343.8
1419590 2347.8
1419600 2347.8
1419610 2351.6
1419620 2357.4
1419630 2364.4
1419640 2364.4
1419650 2369.6
1419660 2363.2
1419670 2363.2
1419680 2352.7
1419690 2343.7
1419700 2343.7
1419710 2335.6
1419720 2330.3
1419730 2330.3
1419740 2326.8
1419750 2326.0
1419760 2326.0
1419770 2325.3
1419780 2322.4
1419790 2319.2
1419800 2319.2
1419810 2314.6
1419820 2310.9
1419830 2310.9
1419840 2307.7
1419850 2308.3
1419860 2308.3
1419870 2309.3
1419880 2306.1
1419890 2306.1
1419900 2304.0
1419910 2301.1
1419920 2301.1
1419930 2297.3
1419940 2291.7
1419950 2283.3
1419960 2283.3
1419970 2282.7
1419980 2266.6
1419990 2266.6
