1400000 978.5
1400010 978.5
1400020 970.5
1400030 961.5
1400040 954.4
1400050 954.4
1400060 951.1
1400070 953.5
1400080 953.5
1400090 959.1
1400100 967.4
1400110 967.4
1400120 971.3
1400130 973.9
1400140 973.9
1400150 979.5
1400160 987.9
1400170 987.9
1400180 995.9
1400190 994.8
1400200 994.8
1400210 991.2
1400220 987.4
1400230 984.5
1400240 984.5
1400250 981.9
1400260 977.5
1400270 977.5
1400280 969.7
1400290 960.3
1400300 960.3
1400310 950.9
1400320 942.2
1400330 942.2
1400340 935.2
1400350 938.4
1400360 938.4
1400370 939.7
1400380 949.6
1400390 957.2
1400400 957.2
1400410 964.6
1400420 970.4
1400430 970.4
1400440 971.0
1400450 972.8
1400460 972.8
1400470 972.5
1400480 964.9
1400490 964.9
1400500 958.5
1400510 953.2
1400520 953.2
1400530 943.9
1400540 933.1
1400550 933.7
1400560 933.7
1400570 942.7
1400580 949.8
1400590 949.8
1400600 958.2
1400610 965.9
1400620 965.9
1400630 973.4
1400640 978.6
1400650 978.6
1400660 977.4
1400670 973.0
1400680 973.0
1400690 967.2
1400700 961.3
1400710 961.3
1400720 955.5
1400730 948.8
1400740 942.2
1400750 942.2
1400760 932.9
1400770 926.9
1400780 926.9
1400790 934.0
1400800 942.3
1400810 942.3
1400820 949.1
1400830 951.0
1400840 951.0
1400850 947.9
1400860 943.4
1400870 943.4
1400880 938.6
1400890 933.8
1400900 929.7
1400910 929.7
1400920 925.8
1400930 922.6
1400940 922.6
1400950 919.4
1400960 916.2
1400970 916.2
1400980 914.7
1400990 915.8
1401000 915.8
1401010 914.8
1401020 912.7
1401030 912.7
1401040 911.9
1401050 913.5
1401060 913.5
1401070 913.3
1401080 908.5
1401090 904.1
1401100 904.1
1401110 901.7
1401120 901.2
1401130 901.2
1401140 899.9
1401150 897.1
1401160 897.1
1401170 894.5
1401180 892.7
1401190 892.7
1401200 891.5
1401210 890.5
1401220 890.5
1401230 889.9
1401240 889.8
1401250 889.8
1401260 889.8
1401270 890.2
1401280 890.3
1401290 890.3
1401300 890.6
1401310 890.7
1401320 890.7
1401330 891.0
1401340 891.1
1401350 891.1
1401360 891.3
1401370 891.5
1401380 891.5
1401390 891.9
1401400 892.3
1401410 892.3
1401420 892.4
1401430 892.4
1401440 892.5
1401450 892.5
1401460 892.8
1401470 893.2
1401480 893.2
1401490 893.5
1401500 893.3
1401510 893.3
1401520 892.5
1401530 892.2
1401540 892.2
1401550 891.7
1401560 891.1
1401570 891.1
1401580 890.9
1401590 890.1
1401600 889.2
1401610 889.2
1401620 888.9
1401630 888.3
1401640 888.3
1401650 887.4
1401660 886.3
1401670 886.3
1401680 885.1
1401690 884.7
1401700 884.7
1401710 884.1
1401720 883.6
1401730 883.6
1401740 882.9
1401750 882.6
1401760 882.2
1401770 882.2
1401780 881.9
1401790 881.7
1401800 881.7
1401810 881.6
1401820 881.5
1401830 881.5
1401840 881.4
1401850 881.3
1401860 881.3
1401870 881.1
1401880 880.8
1401890 880.8
1401900 880.7
1401910 880.6
1401920 880.6
1401930 880.6
1401940 880.4
1401950 880.4
1401960 880.4
1401970 880.2
1401980 880.2
1401990 880.2
1402000 880.1
1402010 879.9
1402020 879.9
1402030 879.9
1402040 880.0
1402050 880.0
1402060 879.8
1402070 879.1
1402080 879.1
1402090 878.6
1402100 878.5
1402110 878.5
1402120 878.5
1402130 878.3
1402140 878.3
1402150 878.3
1402160 878.3
1402170 878.3
1402180 878.3
1402190 878.3
1402200 878.3
1402210 878.3
1402220 878.3
1402230 878.3
1402240 878.3
1402250 878.4
1402260 878.1
1402270 878.1
1402280 877.7
1402290 877.3
1402300 877.2
1402310 877.2
1402320 876.9
1402330 877.0
1402340 877.0
1402350 877.0
1402360 877.1
1402370 877.1
1402380 877.3
1402390 877.8
1402400 877.8
1402410 877.9
1402420 877.8
1402430 877.8
1402440 876.8
1402450 875.6
1402460 876.1
1402470 876.1
1402480 876.5
1402490 875.9
1402500 875.9
1402510 875.7
1402520 875.9
1402530 875.9
1402540 875.9
1402550 876.3
1402560 876.3
1402570 877.6
1402580 879.2
1402590 879.2
1402600 878.7
1402610 879.1
1402620 879.1
1402630 881.4
1402640 882.8
1402650 881.1
1402660 881.1
1402670 878.9
1402680 878.5
1402690 878.5
1402700 879.9
1402710 881.5
1402720 881.5
1402730 881.9
1402740 881.8
1402750 881.8
1402760 881.2
1402770 880.3
1402780 880.3
1402790 879.6
1402800 878.8
1402810 878.1
1402820 878.1
1402830 877.4
1402840 876.5
1402850 876.5
1402860 875.4
1402870 874.4
1402880 874.4
1402890 873.7
1402900 873.2
1402910 873.2
1402920 873.0
1402930 872.9
1402940 872.9
1402950 873.3
1402960 874.2
1402970 874.2
1402980 874.2
1402990 873.1
1403000 871.5
1403010 871.5
1403020 870.1
1403030 869.6
1403040 869.6
1403050 869.2
1403060 869.4
1403070 869.4
1403080 869.6
1403090 869.2
1403100 869.2
1403110 869.2
1403120 869.1
1403130 869.1
1403140 868.7
1403150 868.1
1403160 867.6
1403170 867.6
1403180 867.2
1403190 866.8
1403200 866.8
1403210 866.5
1403220 866.1
1403230 866.1
1403240 865.6
1403250 865.1
1403260 865.1
1403270 865.1
1403280 866.7
1403290 866.7
1403300 867.6
1403310 867.2
1403320 866.6
1403330 866.6
1403340 866.2
1403350 865.8
1403360 865.8
1403370 865.6
1403380 867.3
1403390 867.3
1403400 873.3
1403410 878.3
1403420 883.9
1403430 889.5
1403440 895.0
1403450 895.0
1403460 899.7
1403470 905.5
1403480 905.5
1403490 912.6
1403500 922.6
1403510 929.2
1403520 929.2
1403530 931.2
1403540 930.3
1403550 930.3
1403560 934.9
1403570 939.2
1403580 939.2
1403590 941.0
1403600 941.3
1403610 941.3
1403620 946.6
1403630 947.6
1403640 947.6
1403650 945.9
1403660 942.8
1403670 941.8
1403680 941.8
1403690 942.7
1403700 944.4
1403710 944.4
1403720 946.3
1403730 946.0
1403740 946.0
1403750 944.7
1403760 945.6
1403770 945.6
1403780 945.5
1403790 946.3
1403800 946.3
1403810 947.1
1403820 947.2
1403830 947.2
1403840 950.1
1403850 953.1
1403860 952.5
1403870 952.5
1403880 952.0
1403890 949.4
1403900 949.4
1403910 944.7
1403920 947.1
1403930 947.1
1403940 951.9
1403950 951.7
1403960 951.7
1403970 940.9
1403980 929.7
1403990 929.7
1404000 952.5
1404010 966.8
1404020 977.1
1404030 977.1
1404040 990.3
1404050 1003.1
1404060 1003.1
1404070 1007.7
1404080 1005.4
1404090 1005.4
1404100 1009.6
1404110 1021.4
1404120 1021.4
1404130 1028.0
1404140 1035.7
1404150 1035.7
1404160 1040.2
1404170 1039.1
1404180 1031.3
1404190 1031.3
1404200 1021.7
1404210 1009.4
1404220 1009.4
1404230 1000.2
1404240 994.8
1404250 994.8
1404260 991.7
1404270 990.6
1404280 990.6
1404290 991.3
1404300 992.6
1404310 992.6
1404320 994.0
1404330 994.5
1404340 994.5
1404350 994.5
1404360 994.3
1404370 994.1
1404380 994.1
1404390 993.6
1404400 994.9
1404410 994.9
1404420 997.6
1404430 999.0
1404440 999.0
1404450 999.5
1404460 1000.7
1404470 1000.7
1404480 1004.1
1404490 1007.6
1404500 1007.6
1404510 1010.3
1404520 1012.9
1404530 1013.4
1404540 1013.4
1404550 1017.4
1404560 1025.0
1404570 1025.0
1404580 1031.6
1404590 1036.8
1404600 1036.8
1404610 1042.6
1404620 1051.9
1404630 1051.9
1404640 1059.7
1404650 1062.7
1404660 1062.7
1404670 1065.6
1404680 1067.9
1404690 1067.9
1404700 1069.6
1404710 1070.2
1404720 1070.9
1404730 1070.9
1404740 1073.1
1404750 1075.3
1404760 1075.3
1404770 1076.4
1404780 1077.7
1404790 1077.7
1404800 1078.0
1404810 1077.4
1404820 1077.4
1404830 1081.8
1404840 1085.4
1404850 1085.4
1404860 1086.3
1404870 1087.4
1404880 1088.1
1404890 1088.1
1404900 1088.5
1404910 1089.6
1404920 1089.6
1404930 1091.0
1404940 1092.9
1404950 1092.9
1404960 1094.5
1404970 1093.9
1404980 1093.9
1404990 1101.9
1405000 1103.6
1405010 1103.6
1405020 1106.0
1405030 1109.5
1405040 1109.5
1405050 1112.9
1405060 1115.2
1405070 1117.8
1405080 1117.8
1405090 1120.2
1405100 1122.3
1405110 1122.3
1405120 1123.7
1405130 1126.1
1405140 1126.1
1405150 1128.7
1405160 1130.7
1405170 1130.7
1405180 1131.8
1405190 1132.9
1405200 1132.9
1405210 1134.5
1405220 1135.5
1405230 1136.1
1405240 1136.1
1405250 1137.4
1405260 1137.3
1405270 1137.3
1405280 1138.3
1405290 1139.3
1405300 1139.3
1405310 1140.5
1405320 1141.8
1405330 1141.8
1405340 1143.7
1405350 1145.1
1405360 1145.1
1405370 1146.7
1405380 1149.0
1405390 1149.0
1405400 1150.9
1405410 1152.1
1405420 1152.8
1405430 1152.8
1405440 1153.1
1405450 1150.5
1405460 1150.5
1405470 1143.8
1405480 1134.4
1405490 1134.4
1405500 1124.5
1405510 1115.6
1405520 1115.6
1405530 1107.7
1405540 1100.1
1405550 1100.1
1405560 1093.2
1405570 1086.5
1405580 1079.2
1405590 1079.2
1405600 1072.0
1405610 1064.9
1405620 1064.9
1405630 1057.8
1405640 1050.0
1405650 1050.0
1405660 1043.0
1405670 1035.4
1405680 1035.4
1405690 1026.1
1405700 1018.6
1405710 1018.6
1405720 1017.9
1405730 1028.2
1405740 1040.5
1405750 1040.5
1405760 1050.9
1405770 1058.8
1405780 1058.8
1405790 1066.8
1405800 1075.2
1405810 1075.2
1405820 1085.2
1405830 1095.3
1405840 1095.3
1405850 1103.5
1405860 1110.5
1405870 1110.5
1405880 1117.8
1405890 1124.9
1405900 1124.9
1405910 1131.8
1405920 1138.6
1405930 1145.6
1405940 1145.6
1405950 1152.6
1405960 1159.5
1405970 1159.5
1405980 1165.4
1405990 1170.9
1406000 1170.9
1406010 1176.8
1406020 1183.1
1406030 1183.1
1406040 1189.0
1406050 1195.5
1406060 1195.5
1406070 1201.9
1406080 1208.4
1406090 1215.0
1406100 1215.0
1406110 1221.7
1406120 1226.7
1406130 1226.7
1406140 1232.3
1406150 1236.8
1406160 1236.8
1406170 1240.6
1406180 1245.3
1406190 1245.3
1406200 1249.1
1406210 1252.6
1406220 1252.6
1406230 1257.2
1406240 1261.6
1406250 1261.6
1406260 1266.1
1406270 1270.4
1406280 1273.9
1406290 1273.9
1406300 1277.2
1406310 1281.6
1406320 1281.6
1406330 1286.0
1406340 1289.9
1406350 1289.9
1406360 1292.8
1406370 1296.1
1406380 1296.1
1406390 1299.6
1406400 1302.7
1406410 1302.7
1406420 1305.7
1406430 1309.6
1406440 1313.9
1406450 1313.9
1406460 1317.3
1406470 1320.2
1406480 1320.2
1406490 1322.1
1406500 1324.1
1406510 1324.1
1406520 1325.4
1406530 1327.4
1406540 1327.4
1406550 1329.6
1406560 1331.1
1406570 1331.1
1406580 1332.1
1406590 1336.8
1406600 1336.8
1406610 1338.1
1406620 1340.0
1406630 1338.5
1406640 1338.5
1406650 1337.6
1406660 1341.0
1406670 1341.0
1406680 1344.1
1406690 1347.7
1406700 1347.7
1406710 1352.3
1406720 1356.6
1406730 1356.6
1406740 1357.9
1406750 1358.9
1406760 1358.9
1406770 1360.2
1406780 1362.1
1406790 1364.2
1406800 1364.2
1406810 1366.6
1406820 1368.1
1406830 1368.1
1406840 1368.0
1406850 1366.5
1406860 1366.5
1406870 1363.8
1406880 1361.5
1406890 1361.5
1406900 1356.6
1406910 1358.8
1406920 1358.8
1406930 1363.8
1406940 1364.9
1406950 1366.1
1406960 1366.1
1406970 1367.2
1406980 1371.6
1406990 1371.6
1407000 1376.5
1407010 1378.5
1407020 1378.5
1407030 1378.7
1407040 1379.1
1407050 1379.1
1407060 1380.7
1407070 1384.2
1407080 1384.2
1407090 1388.0
1407100 1390.8
1407110 1390.8
1407120 1394.3
1407130 1397.6
1407140 1400.8
1407150 1400.8
1407160 1404.5
1407170 1407.6
1407180 1407.6
1407190 1409.8
1407200 1412.1
1407210 1412.1
1407220 1414.7
1407230 1417.6
1407240 1417.6
1407250 1421.1
1407260 1424.3
1407270 1424.3
1407280 1427.3
1407290 1429.8
1407300 1432.4
1407310 1432.4
1407320 1435.9
1407330 1439.4
1407340 1439.4
1407350 1442.0
1407360 1443.8
1407370 1443.8
1407380 1445.5
1407390 1446.5
1407400 1446.5
1407410 1444.4
1407420 1437.2
1407430 1437.2
1407440 1425.6
1407450 1425.3
1407460 1425.3
1407470 1433.5
1407480 1436.8
1407490 1435.2
1407500 1435.2
1407510 1420.9
1407520 1408.0
1407530 1408.0
1407540 1402.2
1407550 1406.0
1407560 1406.0
1407570 1405.9
1407580 1397.7
1407590 1397.7
1407600 1385.3
1407610 1370.7
1407620 1370.7
1407630 1350.7
1407640 1337.8
1407650 1327.9
1407660 1327.9
1407670 1326.5
1407680 1331.6
1407690 1331.6
1407700 1325.9
1407710 1323.4
1407720 1323.4
1407730 1316.5
1407740 1320.6
1407750 1320.6
1407760 1324.3
1407770 1331.2
1407780 1331.2
1407790 1342.6
1407800 1355.4
1407810 1355.4
1407820 1382.1
1407830 1388.8
1407840 1388.9
1407850 1388.9
1407860 1394.9
1407870 1415.2
1407880 1415.2
1407890 1419.6
1407900 1423.6
1407910 1423.6
1407920 1431.0
1407930 1431.3
1407940 1431.3
1407950 1427.3
1407960 1422.5
1407970 1422.5
1407980 1432.3
1407990 1445.8
1408000 1444.9
1408010 1444.9
1408020 1452.9
1408030 1467.6
1408040 1467.6
1408050 1478.1
1408060 1480.2
1408070 1480.2
1408080 1481.5
1408090 1483.0
1408100 1483.0
1408110 1484.1
1408120 1485.6
1408130 1485.6
1408140 1487.2
1408150 1488.9
1408160 1488.4
1408170 1488.4
1408180 1486.6
1408190 1487.9
1408200 1487.9
1408210 1485.3
1408220 1484.6
1408230 1484.6
1408240 1482.5
1408250 1489.9
1408260 1489.9
1408270 1484.9
1408280 1476.3
1408290 1476.3
1408300 1466.7
1408310 1458.6
1408320 1458.6
1408330 1449.5
1408340 1438.2
1408350 1429.5
1408360 1429.5
1408370 1421.0
1408380 1413.1
1408390 1413.1
1408400 1403.8
1408410 1394.2
1408420 1394.2
1408430 1387.5
1408440 1378.7
1408450 1378.7
1408460 1369.8
1408470 1362.4
1408480 1362.4
1408490 1353.8
1408500 1344.9
1408510 1342.1
1408520 1342.1
1408530 1339.0
1408540 1319.8
1408550 1319.8
1408560 1301.7
1408570 1291.2
1408580 1291.2
1408590 1283.2
1408600 1275.1
1408610 1275.1
1408620 1266.5
1408630 1251.7
1408640 1251.7
1408650 1221.8
1408660 1213.0
1408670 1213.0
1408680 1210.5
1408690 1207.0
1408700 1199.7
1408710 1199.7
1408720 1194.5
1408730 1189.4
1408740 1189.4
1408750 1180.1
1408760 1172.8
1408770 1172.8
1408780 1167.5
1408790 1157.6
1408800 1157.6
1408810 1144.6
1408820 1137.1
1408830 1137.1
1408840 1130.7
1408850 1125.5
1408860 1114.5
1408870 1114.5
1408880 1101.1
1408890 1085.1
1408900 1085.1
1408910 1074.2
1408920 1070.0
1408930 1070.0
1408940 1066.6
1408950 1062.9
1408960 1062.9
1408970 1060.5
1408980 1062.5
1408990 1062.5
1409000 1070.5
1409010 1079.8
1409020 1079.8
1409030 1092.2
1409040 1101.8
1409050 1112.6
1409060 1112.6
1409070 1125.9
1409080 1136.8
1409090 1136.8
1409100 1144.8
1409110 1155.1
1409120 1155.1
1409130 1166.7
1409140 1190.4
1409150 1190.4
1409160 1210.0
1409170 1224.6
1409180 1224.6
1409190 1234.9
1409200 1239.7
1409210 1235.8
1409220 1235.8
1409230 1225.1
1409240 1237.0
1409250 1237.0
1409260 1251.4
1409270 1268.2
1409280 1268.2
1409290 1275.2
1409300 1283.2
1409310 1283.2
1409320 1302.2
1409330 1312.5
1409340 1312.5
1409350 1299.2
1409360 1289.2
1409370 1290.2
1409380 1290.2
1409390 1301.8
1409400 1323.0
1409410 1323.0
1409420 1337.7
1409430 1347.9
1409440 1347.9
1409450 1353.3
1409460 1353.9
1409470 1353.9
1409480 1359.7
1409490 1361.1
1409500 1361.1
1409510 1361.6
1409520 1366.8
1409530 1366.8
1409540 1365.3
1409550 1362.8
1409560 1362.1
1409570 1362.1
1409580 1363.8
1409590 1367.4
1409600 1367.4
1409610 1372.7
1409620 1379.0
1409630 1379.0
1409640 1385.9
1409650 1392.9
1409660 1392.9
1409670 1400.0
1409680 1407.6
1409690 1407.6
1409700 1415.2
1409710 1422.3
1409720 1428.8
1409730 1428.8
1409740 1434.6
1409750 1440.6
1409760 1440.6
1409770 1446.6
1409780 1453.6
1409790 1453.6
1409800 1460.9
1409810 1468.3
1409820 1468.3
1409830 1476.1
1409840 1484.4
1409850 1484.4
1409860 1492.6
1409870 1501.3
1409880 1501.3
1409890 1520.6
1409900 1533.2
1409910 1543.1
1409920 1543.1
1409930 1552.0
1409940 1560.4
1409950 1560.4
1409960 1568.2
1409970 1578.0
1409980 1578.0
1409990 1589.1
1410000 1597.6
1410010 1597.6
1410020 1603.7
1410030 1611.6
1410040 1611.6
1410050 1622.9
1410060 1634.1
1410070 1644.8
1410080 1644.8
1410090 1653.8
1410100 1658.6
1410110 1658.6
1410120 1657.1
1410130 1664.8
1410140 1664.8
1410150 1675.5
1410160 1682.8
1410170 1682.8
1410180 1689.2
1410190 1694.3
1410200 1694.3
1410210 1698.3
1410220 1701.8
1410230 1701.8
1410240 1704.5
1410250 1704.6
1410260 1701.7
1410270 1701.7
1410280 1694.1
1410290 1692.0
1410300 1692.0
1410310 1698.8
1410320 1705.2
1410330 1705.2
1410340 1713.2
1410350 1721.2
1410360 1721.2
1410370 1725.9
1410380 1727.1
1410390 1727.1
1410400 1725.5
1410410 1717.7
1410420 1704.3
1410430 1704.3
1410440 1688.2
1410450 1673.5
1410460 1673.5
1410470 1660.1
1410480 1655.4
1410490 1655.4
1410500 1665.2
1410510 1670.9
1410520 1670.9
1410530 1673.9
1410540 1681.7
1410550 1681.7
1410560 1690.3
1410570 1691.7
1410580 1695.0
1410590 1695.0
1410600 1697.3
1410610 1705.7
1410620 1705.7
1410630 1714.1
1410640 1721.6
1410650 1721.6
1410660 1729.1
1410670 1733.4
1410680 1733.4
1410690 1738.5
1410700 1744.8
1410710 1744.8
1410720 1750.8
1410730 1753.2
1410740 1753.2
1410750 1753.9
1410760 1751.1
1410770 1749.9
1410780 1749.9
1410790 1750.0
1410800 1753.7
1410810 1753.7
1410820 1758.0
1410830 1758.3
1410840 1758.3
1410850 1754.3
1410860 1747.4
1410870 1747.4
1410880 1740.4
1410890 1733.8
1410900 1733.8
1410910 1735.0
1410920 1739.6
1410930 1744.9
1410940 1744.9
1410950 1749.5
1410960 1752.5
1410970 1752.5
1410980 1748.2
1410990 1739.6
1411000 1739.6
1411010 1733.6
1411020 1731.2
1411030 1731.2
1411040 1729.9
1411050 1731.6
1411060 1731.6
1411070 1728.6
1411080 1730.5
1411090 1730.5
1411100 1732.6
1411110 1729.6
1411120 1726.4
1411130 1726.4
1411140 1721.5
1411150 1714.4
1411160 1714.4
1411170 1709.8
1411180 1703.7
1411190 1703.7
1411200 1695.3
1411210 1686.0
1411220 1686.0
1411230 1683.3
1411240 1684.1
1411250 1684.1
1411260 1687.4
1411270 1683.4
1411280 1678.7
1411290 1678.7
1411300 1678.3
1411310 1670.0
1411320 1670.0
1411330 1660.8
1411340 1651.1
1411350 1651.1
1411360 1634.9
1411370 1636.4
1411380 1636.4
1411390 1631.6
1411400 1620.2
1411410 1620.2
1411420 1610.0
1411430 1608.1
1411440 1608.1
1411450 1615.1
1411460 1639.7
1411470 1638.3
1411480 1638.3
1411490 1640.5
1411500 1668.8
1411510 1668.8
1411520 1679.6
1411530 1686.8
1411540 1686.8
1411550 1698.6
1411560 1710.8
1411570 1710.8
1411580 1720.5
1411590 1735.7
1411600 1735.7
1411610 1736.7
1411620 1741.6
1411630 1750.6
1411640 1750.6
1411650 1765.0
1411660 1773.1
1411670 1773.1
1411680 1775.7
1411690 1773.4
1411700 1773.4
1411710 1765.7
1411720 1760.8
1411730 1760.8
1411740 1764.6
1411750 1769.7
1411760 1769.7
1411770 1780.7
1411780 1787.0
1411790 1792.1
1411800 1792.1
1411810 1802.9
1411820 1814.6
1411830 1814.6
1411840 1819.9
1411850 1824.1
1411860 1824.1
1411870 1832.2
1411880 1841.3
1411890 1841.3
1411900 1845.7
1411910 1852.9
1411920 1852.9
1411930 1860.8
1411940 1866.0
1411950 1866.0
1411960 1866.8
1411970 1860.6
1411980 1853.6
1411990 1853.6
1412000 1844.1
1412010 1849.7
1412020 1849.7
1412030 1856.8
1412040 1863.0
1412050 1863.0
1412060 1868.8
1412070 1876.1
1412080 1876.1
1412090 1884.5
1412100 1893.3
1412110 1893.3
1412120 1902.1
1412130 1911.0
1412140 1918.3
1412150 1918.3
1412160 1926.4
1412170 1938.4
1412180 1938.4
1412190 1946.3
1412200 1952.2
1412210 1952.2
1412220 1955.1
1412230 1955.4
1412240 1955.4
1412250 1947.7
1412260 1929.1
1412270 1929.1
1412280 1914.7
1412290 1904.9
1412300 1904.9
1412310 1892.0
1412320 1868.4
1412330 1863.6
1412340 1863.6
1412350 1888.2
1412360 1890.2
1412370 1890.2
1412380 1905.7
1412390 1917.9
1412400 1917.9
1412410 1921.7
1412420 1911.1
1412430 1911.1
1412440 1895.4
1412450 1893.8
1412460 1893.8
1412470 1901.1
1412480 1901.3
1412490 1910.1
1412500 1910.1
1412510 1920.1
1412520 1927.2
1412530 1927.2
1412540 1934.5
1412550 1939.0
1412560 1939.0
1412570 1941.7
1412580 1945.9
1412590 1945.9
1412600 1952.0
1412610 1954.5
1412620 1954.5
1412630 1956.1
1412640 1952.9
1412650 1952.9
1412660 1954.0
1412670 1955.5
1412680 1960.6
1412690 1960.6
1412700 1967.2
1412710 1972.8
1412720 1972.8
1412730 1977.4
1412740 1982.0
1412750 1982.0
1412760 1988.9
1412770 1996.6
1412780 1996.6
1412790 2004.8
1412800 2010.1
1412810 2010.1
1412820 2008.6
1412830 2006.4
1412840 2001.0
1412850 2001.0
1412860 1991.9
1412870 1983.2
1412880 1983.2
1412890 1975.7
1412900 1968.4
1412910 1968.4
1412920 1959.8
1412930 1953.2
1412940 1953.2
1412950 1948.7
1412960 1943.6
1412970 1943.6
1412980 1939.2
1412990 1934.6
1413000 1931.6
1413010 1931.6
1413020 1928.1
1413030 1925.9
1413040 1925.9
1413050 1922.1
1413060 1917.5
1413070 1917.5
1413080 1912.3
1413090 1904.3
1413100 1904.3
1413110 1894.7
1413120 1885.6
1413130 1885.6
1413140 1876.8
1413150 1869.9
1413160 1869.9
1413170 1862.8
1413180 1854.6
1413190 1845.8
1413200 1845.8
1413210 1837.0
1413220 1828.6
1413230 1828.6
1413240 1818.8
1413250 1809.1
1413260 1809.1
1413270 1800.0
1413280 1791.8
1413290 1791.8
1413300 1784.7
1413310 1775.7
1413320 1775.7
1413330 1759.9
1413340 1750.2
1413350 1742.4
1413360 1742.4
1413370 1734.5
1413380 1727.4
1413390 1727.4
1413400 1720.2
1413410 1716.1
1413420 1716.1
1413430 1710.6
1413440 1707.1
1413450 1707.1
1413460 1702.9
1413470 1695.4
1413480 1695.4
1413490 1686.3
1413500 1676.4
1413510 1676.4
1413520 1662.4
1413530 1634.3
1413540 1622.0
1413550 1622.0
1413560 1611.2
1413570 1596.3
1413580 1596.3
1413590 1591.7
1413600 1589.1
1413610 1589.1
1413620 1572.1
1413630 1537.9
1413640 1537.9
1413650 1519.6
1413660 1515.3
1413670 1515.3
1413680 1511.5
1413690 1507.9
1413700 1503.3
1413710 1503.3
1413720 1498.9
1413730 1494.5
1413740 1494.5
1413750 1488.7
1413760 1481.4
1413770 1481.4
1413780 1481.2
1413790 1487.5
1413800 1487.5
1413810 1492.2
1413820 1496.7
1413830 1496.7
1413840 1499.3
1413850 1502.7
1413860 1502.7
1413870 1507.6
1413880 1513.7
1413890 1520.9
1413900 1520.9
1413910 1528.2
1413920 1535.3
1413930 1535.3
1413940 1542.3
1413950 1549.4
1413960 1549.4
1413970 1556.1
1413980 1562.9
1413990 1562.9
1414000 1569.6
1414010 1576.1
1414020 1576.1
1414030 1582.9
1414040 1589.6
1414050 1596.0
1414060 1596.0
1414070 1601.6
1414080 1607.1
1414090 1607.1
1414100 1612.8
1414110 1619.8
1414120 1619.8
1414130 1631.7
1414140 1642.5
1414150 1642.5
1414160 1651.0
1414170 1658.4
1414180 1658.4
1414190 1662.2
1414200 1666.3
1414210 1669.7
1414220 1669.7
1414230 1674.1
1414240 1679.4
1414250 1679.4
1414260 1686.3
1414270 1699.1
1414280 1699.1
1414290 1717.9
1414300 1721.6
1414310 1721.6
1414320 1726.0
1414330 1732.1
1414340 1732.1
1414350 1737.9
1414360 1744.0
1414370 1744.0
1414380 1750.5
1414390 1760.7
1414400 1769.0
1414410 1769.0
1414420 1777.5
1414430 1791.0
1414440 1791.0
1414450 1807.0
1414460 1824.9
1414470 1824.9
1414480 1831.0
1414490 1841.9
1414500 1841.9
1414510 1871.4
1414520 1887.8
1414530 1887.8
1414540 1901.6
1414550 1913.5
1414560 1916.6
1414570 1916.6
1414580 1914.9
1414590 1918.7
1414600 1918.7
1414610 1923.8
1414620 1920.6
1414630 1920.6
1414640 1923.9
1414650 1920.8
1414660 1920.8
1414670 1921.6
1414680 1916.5
1414690 1916.5
1414700 1912.3
1414710 1911.3
1414720 1911.3
1414730 1920.5
1414740 1943.0
1414750 1984.3
1414760 1984.3
1414770 2002.8
1414780 2010.4
1414790 2010.4
1414800 2019.6
1414810 2028.9
1414820 2028.9
1414830 2036.2
1414840 2043.2
1414850 2043.2
1414860 2051.3
1414870 2059.9
1414880 2059.9
1414890 2068.8
1414900 2078.0
1414910 2087.9
1414920 2087.9
1414930 2088.0
1414940 2097.4
1414950 2097.4
1414960 2112.8
1414970 2122.9
1414980 2122.9
1414990 2134.3
1415000 2143.7
1415010 2143.7
1415020 2156.8
1415030 2170.1
1415040 2170.1
1415050 2180.3
1415060 2188.6
1415070 2188.6
1415080 2195.9
1415090 2202.3
1415100 2207.6
1415110 2207.6
1415120 2209.5
1415130 2202.6
1415140 2202.6
1415150 2207.4
1415160 2208.6
1415170 2208.6
1415180 2205.7
1415190 2215.8
1415200 2215.8
1415210 2231.6
1415220 2239.4
1415230 2239.4
1415240 2244.2
1415250 2247.8
1415260 2239.0
1415270 2239.0
1415280 2233.8
1415290 2225.7
1415300 2225.7
1415310 2224.8
1415320 2228.9
1415330 2228.9
1415340 2234.0
1415350 2237.7
1415360 2237.7
1415370 2243.8
1415380 2251.3
1415390 2251.3
1415400 2255.4
1415410 2255.1
1415420 2254.7
1415430 2254.7
1415440 2257.2
1415450 2260.7
1415460 2260.7
1415470 2264.3
1415480 2268.0
1415490 2268.0
1415500 2272.1
1415510 2276.5
1415520 2276.5
1415530 2281.6
1415540 2287.4
1415550 2287.4
1415560 2293.0
1415570 2298.7
1415580 2298.7
1415590 2304.2
1415600 2308.8
1415610 2310.7
1415620 2310.7
1415630 2308.1
1415640 2304.6
1415650 2304.6
1415660 2303.6
1415670 2310.4
1415680 2310.4
1415690 2321.0
1415700 2327.3
1415710 2327.3
1415720 2327.4
1415730 2325.5
1415740 2325.5
1415750 2323.7
1415760 2322.4
1415770 2321.1
1415780 2321.1
1415790 2318.9
1415800 2315.1
1415810 2315.1
1415820 2310.0
1415830 2303.7
1415840 2303.7
1415850 2297.4
1415860 2293.0
1415870 2293.0
1415880 2288.6
1415890 2289.7
1415900 2289.7
1415910 2280.8
1415920 2283.5
1415930 2283.5
1415940 2288.5
1415950 2288.9
1415960 2283.6
1415970 2283.6
1415980 2284.6
1415990 2300.6
1416000 2300.6
1416010 2304.2
1416020 2302.9
1416030 2302.9
1416040 2293.8
1416050 2291.1
1416060 2291.1
1416070 2275.7
1416080 2266.9
1416090 2266.9
1416100 2273.7
1416110 2280.4
1416120 2294.3
1416130 2294.3
1416140 2285.7
1416150 2271.6
1416160 2271.6
1416170 2249.8
1416180 2217.1
1416190 2217.1
1416200 2204.5
1416210 2204.7
1416220 2204.7
1416230 2207.1
1416240 2193.5
1416250 2193.5
1416260 2188.5
1416270 2184.5
1416280 2184.5
1416290 2180.5
1416300 2178.7
1416310 2178.3
1416320 2178.3
1416330 2173.3
1416340 2165.3
1416350 2165.3
1416360 2160.1
1416370 2155.7
1416380 2155.7
1416390 2153.7
1416400 2162.6
1416410 2162.6
1416420 2187.5
1416430 2213.1
1416440 2213.1
1416450 2229.3
1416460 2250.7
1416470 2262.0
1416480 2262.0
1416490 2271.9
1416500 2294.1
1416510 2294.1
1416520 2293.5
1416530 2283.2
1416540 2283.2
1416550 2265.5
1416560 2240.3
1416570 2240.3
1416580 2205.5
1416590 2212.6
1416600 2212.6
1416610 2261.7
1416620 2290.4
1416630 2290.4
1416640 2306.2
1416650 2317.4
1416660 2328.7
1416670 2328.7
1416680 2336.8
1416690 2346.9
1416700 2346.9
1416710 2355.5
1416720 2364.7
1416730 2364.7
1416740 2377.9
1416750 2398.4
1416760 2398.4
1416770 2407.3
1416780 2415.8
1416790 2415.8
1416800 2410.5
1416810 2398.4
1416820 2389.1
1416830 2389.1
1416840 2379.3
1416850 2367.3
1416860 2367.3
1416870 2354.2
1416880 2339.1
1416890 2339.1
1416900 2327.5
1416910 2313.6
1416920 2313.6
1416930 2307.6
1416940 2298.6
1416950 2298.6
1416960 2289.5
1416970 2269.1
1416980 2242.7
1416990 2242.7
1417000 2228.1
1417010 2258.8
1417020 2258.8
1417030 2287.6
1417040 2297.5
1417050 2297.5
1417060 2292.9
1417070 2273.5
1417080 2273.5
1417090 2244.3
1417100 2236.7
1417110 2236.7
1417120 2231.4
1417130 2225.4
1417140 2225.4
1417150 2221.1
1417160 2215.6
1417170 2209.4
1417180 2209.4
1417190 2206.2
1417200 2203.4
1417210 2203.4
1417220 2192.0
1417230 2171.0
1417240 2171.0
1417250 2159.5
1417260 2152.1
1417270 2152.1
1417280 2145.0
1417290 2141.3
1417300 2141.3
1417310 2139.9
1417320 2137.4
1417330 2135.4
1417340 2135.4
1417350 2135.8
1417360 2137.5
1417370 2137.5
1417380 2139.0
1417390 2135.4
1417400 2135.4
1417410 2132.0
1417420 2132.9
1417430 2132.9
1417440 2151.9
1417450 2169.9
1417460 2169.9
1417470 2183.0
1417480 2203.9
1417490 2203.9
1417500 2212.2
1417510 2213.3
1417520 2239.0
1417530 2239.0
1417540 2259.4
1417550 2285.0
1417560 2285.0
1417570 2295.1
1417580 2299.1
1417590 2299.1
1417600 2296.9
1417610 2318.2
1417620 2318.2
1417630 2331.7
1417640 2339.2
1417650 2339.2
1417660 2351.6
1417670 2367.9
1417680 2372.5
1417690 2372.5
1417700 2368.2
1417710 2364.4
1417720 2364.4
1417730 2368.0
1417740 2372.1
1417750 2372.1
1417760 2372.6
1417770 2380.2
1417780 2380.2
1417790 2397.7
1417800 2431.1
1417810 2431.1
1417820 2449.6
1417830 2449.6
1417840 2449.6
1417850 2441.8
1417860 2454.9
1417870 2490.3
1417880 2490.3
1417890 2514.7
1417900 2534.1
1417910 2534.1
1417920 2540.5
1417930 2547.9
1417940 2547.9
1417950 2568.5
1417960 2598.0
1417970 2598.0
1417980 2606.8
1417990 2614.5
1418000 2614.5
1418010 2637.2
1418020 2648.3
1418030 2636.3
1418040 2636.3
1418050 2626.1
1418060 2626.5
1418070 2626.5
1418080 2629.8
1418090 2622.8
1418100 2622.8
1418110 2622.3
1418120 2629.5
1418130 2629.5
1418140 2642.5
1418150 2636.3
1418160 2636.3
1418170 2630.5
1418180 2644.6
1418190 2651.3
1418200 2651.3
1418210 2644.8
1418220 2641.7
1418230 2641.7
1418240 2639.5
1418250 2648.6
1418260 2648.6
1418270 2659.2
1418280 2665.1
1418290 2665.1
1418300 2674.2
1418310 2680.5
1418320 2680.5
1418330 2678.5
1418340 2677.6
1418350 2677.6
1418360 2671.4
1418370 2664.7
1418380 2657.8
1418390 2657.8
1418400 2652.4
1418410 2651.9
1418420 2651.9
1418430 2653.0
1418440 2664.4
1418450 2664.4
1418460 2660.2
1418470 2651.3
1418480 2651.3
1418490 2641.7
1418500 2631.4
1418510 2631.4
1418520 2620.7
1418530 2615.1
1418540 2601.9
1418550 2601.9
1418560 2589.1
1418570 2580.9
1418580 2580.9
1418590 2573.0
1418600 2561.0
1418610 2561.0
1418620 2544.4
1418630 2531.7
1418640 2531.7
1418650 2521.2
1418660 2510.2
1418670 2510.2
1418680 2490.1
1418690 2474.1
1418700 2474.1
1418710 2464.5
1418720 2458.5
1418730 2462.1
1418740 2462.1
1418750 2483.1
1418760 2489.7
1418770 2489.7
1418780 2479.5
1418790 2462.0
1418800 2462.0
1418810 2439.1
1418820 2406.2
1418830 2406.2
1418840 2379.5
1418850 2363.9
1418860 2366.8
1418870 2342.8
1418880 2335.3
1418890 2329.2
1418900 2329.2
1418910 2322.7
1418920 2315.9
1418930 2315.9
1418940 2310.9
1418950 2307.1
1418960 2307.1
1418970 2302.8
1418980 2297.4
1418990 2297.4
1419000 2291.8
1419010 2285.2
1419020 2285.2
1419030 2278.8
1419040 2273.0
1419050 2273.0
1419060 2268.4
1419070 2263.5
1419080 2259.1
1419090 2259.1
1419100 2254.5
1419110 2248.6
1419120 2248.6
1419130 2243.4
1419140 2239.5
1419150 2239.5
1419160 2235.1
1419170 2230.1
1419180 2230.1
1419190 2225.4
1419200 2220.3
1419210 2220.3
1419220 2215.7
1419230 2211.2
1419240 2205.6
1419250 2205.6
1419260 2199.1
1419270 2192.9
1419280 2192.9
1419290 2188.1
1419300 2184.0
1419310 2184.0
1419320 2175.6
1419330 2164.1
1419340 2164.1
1419350 2157.6
1419360 2153.7
1419370 2153.7
1419380 2149.7
1419390 2145.4
1419400 2141.9
1419410 2141.9
1419420 2138.2
1419430 2134.6
1419440 2134.6
1419450 2130.5
1419460 2126.0
1419470 2126.0
1419480 2121.0
1419490 2113.6
1419500 2113.6
1419510 2106.8
1419520 2101.8
1419530 2101.8
1419540 2098.0
1419550 2094.9
1419560 2094.9
1419570 2092.7
1419580 2092.2
1419590 2090.4
1419600 2090.4
1419610 2088.0
1419620 2085.6
1419630 2085.6
1419640 2083.2
1419650 2081.5
1419660 2081.5
1419670 2078.4
1419680 2074.2
1419690 2074.2
1419700 2069.7
1419710 2065.5
1419720 2065.5
1419730 2061.9
1419740 2060.5
1419750 2062.4
1419760 2062.4
1419770 2065.2
1419780 2066.4
1419790 2066.4
1419800 2067.9
1419810 2070.7
1419820 2070.7
1419830 2072.5
1419840 2071.3
1419850 2071.3
1419860 2072.7
1419870 2074.5
1419880 2074.5
1419890 2075.5
1419900 2076.7
1419910 2076.7
1419920 2077.8
1419930 2078.4
1419940 2076.4
1419950 2076.4
1419960 2072.9
1419970 2072.2
1419980 2072.2
1419990 2072.4
