1400000 1297.1
1400010 1297.1
1400020 1296.2
1400030 1294.9
1400040 1294.9
1400050 1292.9
1400060 1290.7
1400070 1290.7
1400080 1288.6
1400090 1287.1
1400100 1285.7
1400110 1285.7
1400120 1285.0
1400130 1284.2
1400140 1284.2
1400150 1283.0
1400160 1282.0
1400170 1282.0
1400180 1281.2
1400190 1280.6
1400200 1278.3
1400210 1277.7
1400220 1276.7
1400230 1276.7
1400240 1275.6
1400250 1274.7
1400260 1274.7
1400270 1273.8
1400280 1272.7
1400290 1271.2
1400300 1271.2
1400310 1270.6
1400320 1271.0
1400330 1271.0
1400340 1270.8
1400350 1269.9
1400360 1269.9
1400370 1269.6
1400380 1268.7
1400390 1268.7
1400400 1267.6
1400410 1266.4
1400420 1266.4
1400430 1265.3
1400440 1264.4
1400450 1263.4
1400460 1263.4
1400470 1262.2
1400480 1261.0
1400490 1261.0
1400500 1260.0
1400510 1258.7
1400520 1258.7
1400530 1257.2
1400540 1255.6
1400550 1255.6
1400560 1254.0
1400570 1252.7
1400580 1252.7
1400590 1251.3
1400600 1249.7
1400610 1249.7
1400620 1248.1
1400630 1245.9
1400640 1243.6
1400650 1243.6
1400660 1241.7
1400670 1239.4
1400680 1239.4
1400690 1237.1
1400700 1234.7
1400710 1234.7
1400720 1232.5
1400730 1230.4
1400740 1230.4
1400750 1228.4
1400760 1226.4
1400770 1226.4
1400780 1224.4
1400790 1222.3
1400800 1220.3
1400810 1220.3
1400820 1218.7
1400830 1216.9
1400840 1216.9
1400850 1214.6
1400860 1212.7
1400870 1212.7
1400880 1210.9
1400890 1209.4
1400900 1209.4
1400910 1207.9
1400920 1206.3
1400930 1206.3
1400940 1204.8
1400950 1203.5
1400960 1203.5
1400970 1202.1
1400980 1200.5
1400990 1199.2
1401000 1199.2
1401010 1197.7
1401020 1196.2
1401030 1196.2
1401040 1194.7
1401050 1193.7
1401060 1193.7
1401070 1192.5
1401080 1191.3
1401090 1191.3
1401100 1189.9
1401110 1188.6
1401120 1188.6
1401130 1187.1
1401140 1186.1
1401150 1185.8
1401160 1185.8
1401170 1185.3
1401180 1184.8
1401190 1184.8
1401200 1184.5
1401210 1184.4
1401220 1184.4
1401230 1184.5
1401240 1185.0
1401250 1185.0
1401260 1185.9
1401270 1185.4
1401280 1185.4
1401290 1183.9
1401300 1182.8
1401310 1182.8
1401320 1181.6
1401330 1180.2
1401340 1178.7
1401350 1178.7
1401360 1177.0
1401370 1175.1
1401380 1175.1
1401390 1173.8
1401400 1172.1
1401410 1172.1
1401420 1170.6
1401430 1169.3
1401440 1169.3
1401450 1167.7
1401460 1165.8
1401470 1165.8
1401480 1162.7
1401490 1157.7
1401500 1152.5
1401510 1152.5
1401520 1147.8
1401530 1144.3
1401540 1144.3
1401550 1142.1
1401560 1140.5
1401570 1140.5
1401580 1138.7
1401590 1136.8
1401600 1136.8
1401610 1135.2
1401620 1134.0
1401630 1134.0
1401640 1133.1
1401650 1132.3
1401660 1132.3
1401670 1131.3
1401680 1130.3
1401690 1129.6
1401700 1129.6
1401710 1127.1
1401720 1126.7
1401730 1126.7
1401740 1126.6
1401750 1127.5
1401760 1127.5
1401770 1128.8
1401780 1130.2
1401790 1130.2
1401800 1131.1
1401810 1131.2
1401820 1131.2
1401830 1129.7
1401840 1123.3
1401850 1116.4
1401860 1116.4
1401870 1110.1
1401880 1105.4
1401890 1105.4
1401900 1101.4
1401910 1096.3
1401920 1096.3
1401930 1092.2
1401940 1089.8
1401950 1089.8
1401960 1088.7
1401970 1086.5
1401980 1086.5
1401990 1083.7
1402000 1080.6
1402010 1076.7
1402020 1076.7
1402030 1072.6
1402040 1066.9
1402050 1066.9
1402060 1058.6
1402070 1050.7
1402080 1050.7
1402090 1043.7
1402100 1036.7
1402110 1036.7
1402120 1029.9
1402130 1022.7
1402140 1022.7
1402150 1016.4
1402160 1008.1
1402170 1008.1
1402180 996.0
1402190 982.1
1402200 974.2
1402210 974.2
1402220 969.8
1402230 967.0
1402240 967.0
1402250 966.5
1402260 965.1
1402270 965.1
1402280 960.7
1402290 956.9
1402300 956.9
1402310 958.2
1402320 961.0
1402330 961.0
1402340 962.4
1402350 962.9
1402360 964.4
1402370 964.4
1402380 964.9
1402390 964.8
1402400 964.8
1402410 966.7
1402420 972.2
1402430 972.2
1402440 978.9
1402450 986.5
1402460 986.5
1402470 994.1
1402480 1001.6
1402490 1001.6
1402500 1007.9
1402510 1014.6
1402520 1014.6
1402530 1022.6
1402540 1031.1
1402550 1039.5
1402560 1039.5
1402570 1047.5
1402580 1054.1
1402590 1054.1
1402600 1059.3
1402610 1065.3
1402620 1065.3
1402630 1072.1
1402640 1076.6
1402650 1076.6
1402660 1082.2
1402670 1088.9
1402680 1088.9
1402690 1094.2
1402700 1099.5
1402710 1106.0
1402720 1106.0
1402730 1110.9
1402740 1115.6
1402750 1115.6
1402760 1120.7
1402770 1126.2
1402780 1126.2
1402790 1131.5
1402800 1137.4
1402810 1137.4
1402820 1142.2
1402830 1145.6
1402840 1145.6
1402850 1148.7
1402860 1151.7
1402870 1151.7
1402880 1155.2
1402890 1157.9
1402900 1159.1
1402910 1159.1
1402920 1160.1
1402930 1161.1
1402940 1161.1
1402950 1162.1
1402960 1162.7
1402970 1162.7
1402980 1163.0
1402990 1163.1
1403000 1163.1
1403010 1162.3
1403020 1161.0
1403030 1161.0
1403040 1158.6
1403050 1156.2
1403060 1152.8
1403070 1152.8
1403080 1145.2
1403090 1136.2
1403100 1136.2
1403110 1127.9
1403120 1120.6
1403130 1120.6
1403140 1113.9
1403150 1107.6
1403160 1107.6
1403170 1100.8
1403180 1094.0
1403190 1094.0
1403200 1087.0
1403210 1080.9
1403220 1080.9
1403230 1077.6
1403240 1070.0
1403250 1072.6
1403260 1072.6
1403270 1077.0
1403280 1082.7
1403290 1082.7
1403300 1088.5
1403310 1095.0
1403320 1095.0
1403330 1098.9
1403340 1099.6
1403350 1099.6
1403360 1099.0
1403370 1098.6
1403380 1098.6
1403390 1097.5
1403400 1095.5
1403410 1092.1
1403420 1092.1
1403430 1087.8
1403440 1084.2
1403450 1084.2
1403460 1081.0
1403470 1078.2
1403480 1078.2
1403490 1075.8
1403500 1073.0
1403510 1073.0
1403520 1069.5
1403530 1065.9
1403540 1065.9
1403550 1063.7
1403560 1063.1
1403570 1063.1
1403580 1061.2
1403590 1055.1
1403600 1047.4
1403610 1047.4
1403620 1043.5
1403630 1046.6
1403640 1046.6
1403650 1052.6
1403660 1059.9
1403670 1059.9
1403680 1068.1
1403690 1072.0
1403700 1072.0
1403710 1074.0
1403720 1079.9
1403730 1079.9
1403740 1088.3
1403750 1094.0
1403760 1099.1
1403770 1099.1
1403780 1105.3
1403790 1112.1
1403800 1112.1
1403810 1120.4
1403820 1128.4
1403830 1128.4
1403840 1134.3
1403850 1136.2
1403860 1136.2
1403870 1134.2
1403880 1131.4
1403890 1131.4
1403900 1127.6
1403910 1123.3
1403920 1123.3
1403930 1119.2
1403940 1114.8
1403950 1109.4
1403960 1109.4
1403970 1104.7
1403980 1101.2
1403990 1101.2
1404000 1098.8
1404010 1096.6
1404020 1096.6
1404030 1093.9
1404040 1091.6
1404050 1091.6
1404060 1090.2
1404070 1089.1
1404080 1089.1
1404090 1088.3
1404100 1087.6
1404110 1086.9
1404120 1086.9
1404130 1085.9
1404140 1084.9
1404150 1084.9
1404160 1084.0
1404170 1083.2
1404180 1083.2
1404190 1082.0
1404200 1080.6
1404210 1080.6
1404220 1079.1
1404230 1078.0
1404240 1078.0
1404250 1077.2
1404260 1076.5
1404270 1076.5
1404280 1074.9
1404290 1073.0
1404300 1071.9
1404310 1071.9
1404320 1072.3
1404330 1073.8
1404340 1073.8
1404350 1075.2
1404360 1076.6
1404370 1076.6
1404380 1078.0
1404390 1078.5
1404400 1078.5
1404410 1076.0
1404420 1072.2
1404430 1072.2
1404440 1068.6
1404450 1066.3
1404460 1064.3
1404470 1064.3
1404480 1062.9
1404490 1060.2
1404500 1060.2
1404510 1055.4
1404520 1050.8
1404530 1050.8
1404540 1048.2
1404550 1046.4
1404560 1046.4
1404570 1046.1
1404580 1047.4
1404590 1047.4
1404600 1047.1
1404610 1043.7
1404620 1038.4
1404630 1038.4
1404640 1033.0
1404650 1027.9
1404660 1027.9
1404670 1025.7
1404680 1025.5
1404690 1025.5
1404700 1024.7
1404710 1019.2
1404720 1019.2
1404730 1012.0
1404740 1004.1
1404750 1004.1
1404760 997.0
1404770 989.7
1404780 989.7
1404790 982.1
1404800 975.3
1404810 967.9
1404820 967.9
1404830 960.4
1404840 953.1
1404850 953.1
1404860 946.8
1404870 940.1
1404880 940.1
1404890 931.8
1404900 925.4
1404910 925.4
1404920 924.5
1404930 924.2
1404940 924.2
1404950 923.4
1404960 923.0
1404970 923.9
1404980 923.9
1404990 925.6
1405000 926.2
1405010 926.2
1405020 925.8
1405030 926.0
1405040 926.0
1405050 926.6
1405060 926.8
1405070 926.8
1405080 926.4
1405090 925.5
1405100 925.5
1405110 925.0
1405120 924.8
1405130 924.8
1405140 924.5
1405150 923.6
1405160 922.6
1405170 922.6
1405180 921.4
1405190 919.8
1405200 919.8
1405210 918.3
1405220 917.0
1405230 917.0
1405240 916.0
1405250 914.8
1405260 914.8
1405270 913.5
1405280 912.5
1405290 912.5
1405300 911.6
1405310 910.0
1405320 907.9
1405330 907.9
1405340 906.6
1405350 905.1
1405360 905.1
1405370 903.5
1405380 902.8
1405390 902.8
1405400 902.6
1405410 901.9
1405420 901.9
1405430 900.7
1405440 899.5
1405450 899.5
1405460 897.7
1405470 895.8
1405480 895.8
1405490 893.8
1405500 892.1
1405510 890.3
1405520 890.3
1405530 888.7
1405540 886.8
1405550 886.8
1405560 884.7
1405570 882.4
1405580 882.4
1405590 880.2
1405600 878.2
1405610 878.2
1405620 876.5
1405630 875.1
1405640 875.1
1405650 873.6
1405660 871.4
1405670 869.6
1405680 869.6
1405690 867.9
1405700 866.2
1405710 866.2
1405720 865.0
1405730 863.5
1405740 863.5
1405750 861.9
1405760 860.6
1405770 860.6
1405780 859.4
1405790 858.2
1405800 858.2
1405810 857.1
1405820 856.0
1405830 856.0
1405840 854.8
1405850 853.7
1405860 852.7
1405870 852.7
1405880 851.6
1405890 850.6
1405900 850.6
1405910 849.5
1405920 848.7
1405930 848.7
1405940 848.0
1405950 847.4
1405960 847.4
1405970 846.8
1405980 846.6
1405990 846.6
1406000 846.1
1406010 845.6
1406020 845.3
1406030 845.3
1406040 845.0
1406050 844.8
1406060 844.8
1406070 844.6
1406080 844.5
1406090 844.5
1406100 844.3
1406110 844.1
1406120 844.1
1406130 843.9
1406140 843.7
1406150 843.7
1406160 843.5
1406170 843.3
1406180 843.3
1406190 843.2
1406200 843.1
1406210 842.9
1406220 842.9
1406230 842.7
1406240 842.3
1406250 842.3
1406260 842.0
1406270 841.3
1406280 841.3
1406290 840.8
1406300 840.2
1406310 840.2
1406320 839.7
1406330 839.8
1406340 839.8
1406350 839.6
1406360 839.3
1406370 839.3
1406380 839.3
1406390 839.2
1406400 839.1
1406410 839.1
1406420 838.9
1406430 838.9
1406440 838.9
1406450 838.9
1406460 838.9
1406470 838.9
1406480 838.9
1406490 838.8
1406500 838.8
1406510 838.7
1406520 838.4
1406530 838.4
1406540 838.2
1406550 837.9
1406560 837.8
1406570 837.8
1406580 837.8
1406590 837.7
1406600 837.7
1406610 838.1
1406620 838.4
1406630 838.4
1406640 838.4
1406650 838.1
1406660 838.1
1406670 838.3
1406680 838.5
1406690 838.5
1406700 838.4
1406710 837.7
1406720 837.5
1406730 837.5
1406740 837.5
1406750 837.4
1406760 837.4
1406770 837.4
1406780 837.3
1406790 837.3
1406800 836.9
1406810 835.9
1406820 835.9
1406830 834.5
1406840 833.4
1406850 833.4
1406860 832.9
1406870 832.7
1406880 832.9
1406890 832.9
1406900 833.5
1406910 834.7
1406920 834.7
1406930 835.4
1406940 835.4
1406950 835.4
1406960 835.1
1406970 834.8
1406980 834.8
1406990 834.7
1407000 834.7
1407010 834.7
1407020 834.8
1407030 834.9
1407040 834.9
1407050 835.0
1407060 835.0
1407070 835.1
1407080 835.1
1407090 835.1
1407100 835.0
1407110 835.0
1407120 835.0
1407130 834.9
1407140 834.9
1407150 834.9
1407160 834.9
1407170 834.9
1407180 834.7
1407190 834.6
1407200 834.6
1407210 834.5
1407220 834.3
1407230 833.2
1407240 833.2
1407250 832.7
1407260 833.1
1407270 833.1
1407280 832.7
1407290 832.7
1407300 832.7
1407310 832.9
1407320 833.0
1407330 833.0
1407340 833.1
1407350 833.3
1407360 833.3
1407370 834.8
1407380 838.0
1407390 838.0
1407400 842.1
1407410 842.4
1407420 842.3
1407430 842.3
1407440 842.1
1407450 842.1
1407460 842.1
1407470 842.1
1407480 842.1
1407490 842.1
1407500 842.2
1407510 842.2
1407520 842.2
1407530 842.2
1407540 843.1
1407550 843.1
1407560 847.0
1407570 847.5
1407580 847.0
1407590 847.0
1407600 847.1
1407610 847.2
1407620 847.2
1407630 847.3
1407640 847.6
1407650 847.6
1407660 848.7
1407670 848.8
1407680 848.8
1407690 849.4
1407700 849.9
1407710 849.9
1407720 849.9
1407730 849.7
1407740 849.7
1407750 850.0
1407760 851.0
1407770 852.4
1407780 852.4
1407790 854.1
1407800 857.0
1407810 857.0
1407820 863.2
1407830 869.1
1407840 869.1
1407850 873.7
1407860 876.8
1407870 876.8
1407880 878.8
1407890 879.1
1407900 879.1
1407910 878.9
1407920 879.9
1407930 879.3
1407940 879.3
1407950 879.7
1407960 880.1
1407970 880.1
1407980 881.7
1407990 882.6
1408000 882.6
1408010 883.3
1408020 891.7
1408030 891.7
1408040 892.7
1408050 894.0
1408060 894.0
1408070 895.3
1408080 896.8
1408090 896.8
1408100 896.5
1408110 896.5
1408120 896.5
1408130 896.5
1408140 895.2
1408150 896.5
1408160 896.5
1408170 896.2
1408180 892.6
1408190 892.6
1408200 891.8
1408210 893.2
1408220 893.2
1408230 894.5
1408240 895.6
1408250 895.6
1408260 897.4
1408270 900.4
1408280 906.3
1408290 906.3
1408300 911.2
1408310 913.3
1408320 913.3
1408330 913.4
1408340 913.7
1408350 913.7
1408360 914.8
1408370 915.7
1408380 915.7
1408390 916.5
1408400 915.8
1408410 915.8
1408420 916.5
1408430 916.8
1408440 916.8
1408450 917.7
1408460 918.5
1408470 919.0
1408480 919.0
1408490 918.4
1408500 919.3
1408510 919.3
1408520 920.5
1408530 921.2
1408540 921.2
1408550 921.3
1408560 921.4
1408570 921.4
1408580 921.8
1408590 922.9
1408600 922.9
1408610 923.8
1408620 924.3
1408630 924.8
1408640 924.8
1408650 925.4
1408660 925.8
1408670 925.8
1408680 926.0
1408690 926.3
1408700 926.3
1408710 925.9
1408720 925.8
1408730 925.8
1408740 926.1
1408750 926.5
1408760 926.5
1408770 927.1
1408780 927.4
1408790 927.4
1408800 927.3
1408810 926.0
1408820 924.5
1408830 924.5
1408840 923.7
1408850 923.0
1408860 923.0
1408870 922.3
1408880 917.6
1408890 917.6
1408900 908.4
1408910 900.6
1408920 900.6
1408930 893.9
1408940 886.7
1408950 886.7
1408960 879.2
1408970 871.9
1408980 865.0
1408990 865.0
1409000 856.8
1409010 854.0
1409020 854.0
1409030 854.2
1409040 854.4
1409050 854.4
1409060 857.6
1409070 861.5
1409080 861.5
1409090 867.0
1409100 875.5
1409110 875.5
1409120 886.5
1409130 897.8
1409140 907.0
1409150 907.0
1409160 914.8
1409170 923.0
1409180 923.0
1409190 932.0
1409200 940.1
1409210 940.1
1409220 948.1
1409230 956.7
1409240 956.7
1409250 965.0
1409260 972.9
1409270 972.9
1409280 980.6
1409290 988.3
1409300 988.3
1409310 995.9
1409320 1002.9
1409330 1008.3
1409340 1008.3
1409350 1013.0
1409360 1018.1
1409370 1018.1
1409380 1022.9
1409390 1027.4
1409400 1027.4
1409410 1031.9
1409420 1036.2
1409430 1036.2
1409440 1040.5
1409450 1044.0
1409460 1044.0
1409470 1048.3
1409480 1051.1
1409490 1053.5
1409500 1053.5
1409510 1057.2
1409520 1060.1
1409530 1060.1
1409540 1063.1
1409550 1064.7
1409560 1064.7
1409570 1064.5
1409580 1064.5
1409590 1064.5
1409600 1069.3
1409610 1070.8
1409620 1070.8
1409630 1070.1
1409640 1075.5
1409650 1075.5
1409660 1078.6
1409670 1078.6
1409680 1081.0
1409690 1083.2
1409700 1084.3
1409710 1085.3
1409720 1085.3
1409730 1086.3
1409740 1087.2
1409750 1087.2
1409760 1088.4
1409770 1089.9
1409780 1089.9
1409790 1091.6
1409800 1094.0
1409810 1094.0
1409820 1095.8
1409830 1097.1
1409840 1098.1
1409850 1098.1
1409860 1100.9
1409870 1104.4
1409880 1104.4
1409890 1107.3
1409900 1109.3
1409910 1109.3
1409920 1109.9
1409930 1110.9
1409940 1110.9
1409950 1112.4
1409960 1113.1
1409970 1113.1
1409980 1112.9
1409990 1113.4
1410000 1113.4
1410010 1113.8
1410020 1117.8
1410030 1120.9
1410040 1120.9
1410050 1121.2
1410060 1121.7
1410070 1121.7
1410080 1123.5
1410090 1124.5
1410100 1124.5
1410110 1124.7
1410120 1126.3
1410130 1126.3
1410140 1129.5
1410150 1131.8
1410160 1131.8
1410170 1131.9
1410180 1132.7
1410190 1134.1
1410200 1134.1
1410210 1132.2
1410220 1131.5
1410230 1131.5
1410240 1133.1
1410250 1134.7
1410260 1134.7
1410270 1132.1
1410280 1127.7
1410290 1127.7
1410300 1124.6
1410310 1119.5
1410320 1119.5
1410330 1115.7
1410340 1114.3
1410350 1114.3
1410360 1112.0
1410370 1112.4
1410380 1109.9
1410390 1109.9
1410400 1102.7
1410410 1096.1
1410420 1096.1
1410430 1101.7
1410440 1111.6
1410450 1111.6
1410460 1120.1
1410470 1126.0
1410480 1126.0
1410490 1130.6
1410500 1134.5
1410510 1134.5
1410520 1138.1
1410530 1142.5
1410540 1146.3
1410550 1146.3
1410560 1148.7
1410570 1150.6
1410580 1150.6
1410590 1152.8
1410600 1154.6
1410610 1154.6
1410620 1156.7
1410630 1158.0
1410640 1158.0
1410650 1156.2
1410660 1153.8
1410670 1153.8
1410680 1153.8
1410690 1153.5
1410700 1153.5
1410710 1155.8
1410720 1156.7
1410730 1156.0
1410740 1156.0
1410750 1154.4
1410760 1152.3
1410770 1152.3
1410780 1150.1
1410790 1149.0
1410800 1149.0
1410810 1148.8
1410820 1148.2
1410830 1148.2
1410840 1148.0
1410850 1149.1
1410860 1149.1
1410870 1147.8
1410880 1147.3
1410890 1146.5
1410900 1146.5
1410910 1147.8
1410920 1149.3
1410930 1149.3
1410940 1151.8
1410950 1152.3
1410960 1152.3
1410970 1152.0
1410980 1151.6
1410990 1151.6
1411000 1151.9
1411010 1150.8
1411020 1150.8
1411030 1151.7
1411040 1154.4
1411050 1154.4
1411060 1155.7
1411070 1156.8
1411080 1157.2
1411090 1157.2
1411100 1159.1
1411110 1158.4
1411120 1158.4
1411130 1150.2
1411140 1153.6
1411150 1153.6
1411160 1160.4
1411170 1162.2
1411180 1162.2
1411190 1164.3
1411200 1166.5
1411210 1166.5
1411220 1165.1
1411230 1163.3
1411240 1164.2
1411250 1164.2
1411260 1166.9
1411270 1171.7
1411280 1171.7
1411290 1176.5
1411300 1180.0
1411310 1180.0
1411320 1183.7
1411330 1186.6
1411340 1186.6
1411350 1187.3
1411360 1187.0
1411370 1187.0
1411380 1185.4
1411390 1186.9
1411400 1185.6
1411410 1185.6
1411420 1185.4
1411430 1186.0
1411440 1186.0
1411450 1185.3
1411460 1185.4
1411470 1185.4
1411480 1184.9
1411490 1188.7
1411500 1188.7
1411510 1192.8
1411520 1198.0
1411530 1198.0
1411540 1201.6
1411550 1205.6
1411560 1205.6
1411570 1207.7
1411580 1209.5
1411590 1211.4
1411600 1211.4
1411610 1212.7
1411620 1216.7
1411630 1216.7
1411640 1221.4
1411650 1224.2
1411660 1224.2
1411670 1226.7
1411680 1228.9
1411690 1228.9
1411700 1231.2
1411710 1231.7
1411720 1231.7
1411730 1231.0
1411740 1234.0
1411750 1233.9
1411760 1233.9
1411770 1231.6
1411780 1233.7
1411790 1233.7
1411800 1233.9
1411810 1233.6
1411820 1233.6
1411830 1231.7
1411840 1227.3
1411850 1227.3
1411860 1226.9
1411870 1221.3
1411880 1221.3
1411890 1220.8
1411900 1229.8
1411910 1229.8
1411920 1238.4
1411930 1242.1
1411940 1244.9
1411950 1244.9
1411960 1249.0
1411970 1252.9
1411980 1252.9
1411990 1256.0
1412000 1258.4
1412010 1258.4
1412020 1260.4
1412030 1263.3
1412040 1263.3
1412050 1265.3
1412060 1266.4
1412070 1266.4
1412080 1267.3
1412090 1266.4
1412100 1264.6
1412110 1264.6
1412120 1266.0
1412130 1269.0
1412140 1269.0
1412150 1271.4
1412160 1271.8
1412170 1271.8
1412180 1271.3
1412190 1271.9
1412200 1271.9
1412210 1275.0
1412220 1278.5
1412230 1278.5
1412240 1280.1
1412250 1280.5
1412260 1280.5
1412270 1280.0
1412280 1279.5
1412290 1278.6
1412300 1278.6
1412310 1277.5
1412320 1275.2
1412330 1275.2
1412340 1273.6
1412350 1271.2
1412360 1271.2
1412370 1267.0
1412380 1261.3
1412390 1261.3
1412400 1253.6
1412410 1240.6
1412420 1240.6
1412430 1230.0
1412440 1218.9
1412450 1208.6
1412460 1208.6
1412470 1201.1
1412480 1196.1
1412490 1196.1
1412500 1192.3
1412510 1188.0
1412520 1188.0
1412530 1182.6
1412540 1176.9
1412550 1176.9
1412560 1171.4
1412570 1174.0
1412580 1174.0
1412590 1176.3
1412600 1177.1
1412610 1177.1
1412620 1178.0
1412630 1180.8
1412640 1184.3
1412650 1184.3
1412660 1187.4
1412670 1187.9
1412680 1187.9
1412690 1188.9
1412700 1188.0
1412710 1188.0
1412720 1189.5
1412730 1190.6
1412740 1190.6
1412750 1188.8
1412760 1186.9
1412770 1186.9
1412780 1186.4
1412790 1184.2
1412800 1181.7
1412810 1181.7
1412820 1182.9
1412830 1183.1
1412840 1183.1
1412850 1184.1
1412860 1186.1
1412870 1186.1
1412880 1190.3
1412890 1195.9
1412900 1195.9
1412910 1204.2
1412920 1208.4
1412930 1208.4
1412940 1210.4
1412950 1207.5
1412960 1207.5
1412970 1207.5
1412980 1202.5
1412990 1190.9
1413000 1190.9
1413010 1194.7
1413020 1201.5
1413030 1201.5
1413040 1200.8
1413050 1198.8
1413060 1198.8
1413070 1198.5
1413080 1198.9
1413090 1198.9
1413100 1202.5
1413110 1201.8
1413120 1201.8
1413130 1203.3
1413140 1232.4
1413150 1246.2
1413160 1246.2
1413170 1252.9
1413180 1262.2
1413190 1262.2
1413200 1274.7
1413210 1285.5
1413220 1285.5
1413230 1306.7
1413240 1324.9
1413250 1324.9
1413260 1341.3
1413270 1346.8
1413280 1346.8
1413290 1349.3
1413300 1346.2
1413310 1343.8
1413320 1343.8
1413330 1346.3
1413340 1345.4
1413350 1345.4
1413360 1347.6
1413370 1350.7
1413380 1350.7
1413390 1354.3
1413400 1359.3
1413410 1359.3
1413420 1362.4
1413430 1365.9
1413440 1365.9
1413450 1368.5
1413460 1369.4
1413470 1369.4
1413480 1369.8
1413490 1369.9
1413500 1372.5
1413510 1372.5
1413520 1373.9
1413530 1376.2
1413540 1376.2
1413550 1376.5
1413560 1372.5
1413570 1372.5
1413580 1369.3
1413590 1366.4
1413600 1366.4
1413610 1368.4
1413620 1380.2
1413630 1380.2
1413640 1390.2
1413650 1396.7
1413660 1402.1
1413670 1402.1
1413680 1405.0
1413690 1404.8
1413700 1404.8
1413710 1387.4
1413720 1355.0
1413730 1355.0
1413740 1340.5
1413750 1335.7
1413760 1335.7
1413770 1331.8
1413780 1325.2
1413790 1325.2
1413800 1311.7
1413810 1296.2
1413820 1296.2
1413830 1284.8
1413840 1272.3
1413850 1261.0
1413860 1261.0
1413870 1248.5
1413880 1243.5
1413890 1243.5
1413900 1228.6
1413910 1211.9
1413920 1211.9
1413930 1200.1
1413940 1197.6
1413950 1197.6
1413960 1196.0
1413970 1193.9
1413980 1193.9
1413990 1192.5
1414000 1192.5
1414010 1192.4
1414020 1192.4
1414030 1193.5
1414040 1196.2
1414050 1196.2
1414060 1196.5
1414070 1197.5
1414080 1197.5
1414090 1199.8
1414100 1202.0
1414110 1202.0
1414120 1203.3
1414130 1201.3
1414140 1201.3
1414150 1203.4
1414160 1213.0
1414170 1213.0
1414180 1234.9
1414190 1254.2
1414200 1262.6
1414210 1262.6
1414220 1277.9
1414230 1296.0
1414240 1296.0
1414250 1307.9
1414260 1321.9
1414270 1321.9
1414280 1326.2
1414290 1318.8
1414300 1318.8
1414310 1311.6
1414320 1297.3
1414330 1297.3
1414340 1308.5
1414350 1326.7
1414360 1328.9
1414370 1328.9
1414380 1334.8
1414390 1348.8
1414400 1348.8
1414410 1359.7
1414420 1367.1
1414430 1367.1
1414440 1374.0
1414450 1384.1
1414460 1384.1
1414470 1391.3
1414480 1398.3
1414490 1398.3
1414500 1403.0
1414510 1403.9
1414520 1403.9
1414530 1402.5
1414540 1395.9
1414550 1375.0
1414560 1375.0
1414570 1373.7
1414580 1384.9
1414590 1384.9
1414600 1387.5
1414610 1392.1
1414620 1392.1
1414630 1396.3
1414640 1400.1
1414650 1400.1
1414660 1407.9
1414670 1420.7
1414680 1420.7
1414690 1418.8
1414700 1409.7
1414710 1399.7
1414720 1399.7
1414730 1400.9
1414740 1407.5
1414750 1407.5
1414760 1409.3
1414770 1408.8
1414780 1408.8
1414790 1424.6
1414800 1448.8
1414810 1448.8
1414820 1462.3
1414830 1473.8
1414840 1473.8
1414850 1483.3
1414860 1484.7
1414870 1484.7
1414880 1487.1
1414890 1498.1
1414900 1508.4
1414910 1508.4
1414920 1517.7
1414930 1534.9
1414940 1534.9
1414950 1543.0
1414960 1553.4
1414970 1553.4
1414980 1563.8
1414990 1570.8
1415000 1570.8
1415010 1575.9
1415020 1579.7
1415030 1579.7
1415040 1579.4
1415050 1571.1
1415060 1574.8
1415070 1574.8
1415080 1581.9
1415090 1588.3
1415100 1588.3
1415110 1595.9
1415120 1604.5
1415130 1604.5
1415140 1612.8
1415150 1620.5
1415160 1620.5
1415170 1630.3
1415180 1640.3
1415190 1640.3
1415200 1649.3
1415210 1654.6
1415220 1654.6
1415230 1653.1
1415240 1638.5
1415250 1627.8
1415260 1627.8
1415270 1645.0
1415280 1658.9
1415290 1658.9
1415300 1662.9
1415310 1667.2
1415320 1667.2
1415330 1671.5
1415340 1676.9
1415350 1676.9
1415360 1689.3
1415370 1701.3
1415380 1701.3
1415390 1712.4
1415400 1726.5
1415410 1739.2
1415420 1739.2
1415430 1744.7
1415440 1744.6
1415450 1744.6
1415460 1736.8
1415470 1724.7
1415480 1724.7
1415490 1716.7
1415500 1701.1
1415510 1701.1
1415520 1691.7
1415530 1693.9
1415540 1693.9
1415550 1696.7
1415560 1696.6
1415570 1695.2
1415580 1695.2
1415590 1694.0
1415600 1696.6
1415610 1696.6
1415620 1697.4
1415630 1696.5
1415640 1696.5
1415650 1695.0
1415660 1690.6
1415670 1690.6
1415680 1678.5
1415690 1667.4
1415700 1667.4
1415710 1659.5
1415720 1654.2
1415730 1654.2
1415740 1647.1
1415750 1638.2
1415760 1628.6
1415770 1628.6
1415780 1619.9
1415790 1610.9
1415800 1610.9
1415810 1601.3
1415820 1591.4
1415830 1591.4
1415840 1583.7
1415850 1591.1
1415860 1591.1
1415870 1604.2
1415880 1612.0
1415890 1612.0
1415900 1607.0
1415910 1589.6
1415920 1578.5
1415930 1578.5
1415940 1570.3
1415950 1583.2
1415960 1583.2
1415970 1601.6
1415980 1615.2
1415990 1615.2
1416000 1627.8
1416010 1637.4
1416020 1637.4
1416030 1645.2
1416040 1654.4
1416050 1654.4
1416060 1664.4
1416070 1676.3
1416080 1676.3
1416090 1686.2
1416100 1692.1
1416110 1695.5
1416120 1695.5
1416130 1698.9
1416140 1704.4
1416150 1704.4
1416160 1714.1
1416170 1722.0
1416180 1722.0
1416190 1726.1
1416200 1727.5
1416210 1727.5
1416220 1741.2
1416230 1751.0
1416240 1751.0
1416250 1757.2
1416260 1769.2
1416270 1777.0
1416280 1777.0
1416290 1782.4
1416300 1789.7
1416310 1789.7
1416320 1799.0
1416330 1807.8
1416340 1807.8
1416350 1814.8
1416360 1820.6
1416370 1820.6
1416380 1825.6
1416390 1829.7
1416400 1829.7
1416410 1828.8
1416420 1824.7
1416430 1824.7
1416440 1819.5
1416450 1813.6
1416460 1807.4
1416470 1807.4
1416480 1800.8
1416490 1793.6
1416500 1793.6
1416510 1784.9
1416520 1776.4
1416530 1776.4
1416540 1768.9
1416550 1761.7
1416560 1761.7
1416570 1754.4
1416580 1746.8
1416590 1746.8
1416600 1739.3
1416610 1731.5
1416620 1723.4
1416630 1723.4
1416640 1716.1
1416650 1709.4
1416660 1709.4
1416670 1701.8
1416680 1692.1
1416690 1692.1
1416700 1683.4
1416710 1675.2
1416720 1675.2
1416730 1666.6
1416740 1657.6
1416750 1657.6
1416760 1646.1
1416770 1642.4
1416780 1642.4
1416790 1642.8
1416800 1642.9
1416810 1642.4
1416820 1642.4
1416830 1641.4
1416840 1641.0
1416850 1641.0
1416860 1646.0
1416870 1653.5
1416880 1653.5
1416890 1659.2
1416900 1674.4
1416910 1674.4
1416920 1678.6
1416930 1671.3
1416940 1671.3
1416950 1668.6
1416960 1661.9
1416970 1650.8
1416980 1650.8
1416990 1642.3
1417000 1633.8
1417010 1633.8
1417020 1625.8
1417030 1618.5
1417040 1618.5
1417050 1611.7
1417060 1604.7
1417070 1604.7
1417080 1597.8
1417090 1590.7
1417100 1590.7
1417110 1584.8
1417120 1578.7
1417130 1578.7
1417140 1571.6
1417150 1564.6
1417160 1558.4
1417170 1558.4
1417180 1552.4
1417190 1547.1
1417200 1547.1
1417210 1541.1
1417220 1533.8
1417230 1533.8
1417240 1523.1
1417250 1513.1
1417260 1513.1
1417270 1501.9
1417280 1488.7
1417290 1488.7
1417300 1480.2
1417310 1510.6
1417320 1542.3
1417330 1542.3
1417340 1549.3
1417350 1553.5
1417360 1553.5
1417370 1556.6
1417380 1558.8
1417390 1558.8
1417400 1562.2
1417410 1569.0
1417420 1569.0
1417430 1572.2
1417440 1569.5
1417450 1569.5
1417460 1566.9
1417470 1569.9
1417480 1569.9
1417490 1575.4
1417500 1582.9
1417510 1592.0
1417520 1592.0
1417530 1600.8
1417540 1609.7
1417550 1609.7
1417560 1618.7
1417570 1631.9
1417580 1631.9
1417590 1644.6
1417600 1669.8
1417610 1669.8
1417620 1696.0
1417630 1725.7
1417640 1725.7
1417650 1744.0
1417660 1748.2
1417670 1748.1
1417680 1748.1
1417690 1747.8
1417700 1747.4
1417710 1747.4
1417720 1747.2
1417730 1743.7
1417740 1743.7
1417750 1743.5
1417760 1746.3
1417770 1746.3
1417780 1748.2
1417790 1749.1
1417800 1749.1
1417810 1750.8
1417820 1757.9
1417830 1757.9
1417840 1756.5
1417850 1751.7
1417860 1757.9
1417870 1757.9
1417880 1770.8
1417890 1767.5
1417900 1767.5
1417910 1764.3
1417920 1782.6
1417930 1782.6
1417940 1809.4
1417950 1817.8
1417960 1817.8
1417970 1831.0
1417980 1843.6
1417990 1843.6
1418000 1856.4
1418010 1864.7
1418020 1871.3
1418030 1871.3
1418040 1879.3
1418050 1881.6
1418060 1881.6
1418070 1890.5
1418080 1910.8
1418090 1910.8
1418100 1923.5
1418110 1935.3
1418120 1935.3
1418130 1949.8
1418140 1957.8
1418150 1957.8
1418160 1954.8
1418170 1942.4
1418180 1939.6
1418190 1939.6
1418200 1947.1
1418210 1961.0
1418220 1961.0
1418230 1983.9
1418240 2004.3
1418250 2004.3
1418260 2025.4
1418270 2049.5
1418280 2049.5
1418290 2091.6
1418300 2169.6
1418310 2169.6
1418320 2210.7
1418330 2227.8
1418340 2227.8
1418350 2241.6
1418360 2252.9
1418370 2264.2
1418380 2264.2
1418390 2277.1
1418400 2294.9
1418410 2294.9
1418420 2315.8
1418430 2332.5
1418440 2332.5
1418450 2344.8
1418460 2342.3
1418470 2342.3
1418480 2359.9
1418490 2382.8
1418500 2382.8
1418510 2388.6
1418520 2393.1
1418530 2392.0
1418540 2392.0
1418550 2373.4
1418560 2370.3
1418570 2370.3
1418580 2374.8
1418590 2372.2
1418600 2372.2
1418610 2372.4
1418620 2365.3
1418630 2365.3
1418640 2349.2
1418650 2331.9
1418660 2331.9
1418670 2315.5
1418680 2294.6
1418690 2294.6
1418700 2279.6
1418710 2286.7
1418720 2323.9
1418730 2323.9
1418740 2330.6
1418750 2327.1
1418760 2327.1
1418770 2323.7
1418780 2324.1
1418790 2324.1
1418800 2335.7
1418810 2342.8
1418820 2342.8
1418830 2334.0
1418840 2322.1
1418850 2322.1
1418860 2308.9
1418870 2298.2
1418880 2274.3
1418890 2274.3
1418900 2251.0
1418910 2238.7
1418920 2238.7
1418930 2229.3
1418940 2220.6
1418950 2220.6
1418960 2211.1
1418970 2202.6
1418980 2202.6
1418990 2192.7
1419000 2183.8
1419010 2183.8
1419020 2176.8
1419030 2166.1
1419040 2166.1
1419050 2159.7
1419060 2152.3
1419070 2145.5
1419080 2145.5
1419090 2136.6
1419100 2128.0
1419110 2128.0
1419120 2117.0
1419130 2105.5
1419140 2105.5
1419150 2095.2
1419160 2087.4
1419170 2087.4
1419180 2081.3
1419190 2073.0
1419200 2073.0
1419210 2058.3
1419220 2032.7
1419230 1996.7
1419240 1996.7
1419250 1981.2
1419260 1972.2
1419270 1972.2
1419280 1966.3
1419290 1959.3
1419300 1959.3
1419310 1954.1
1419320 1953.9
1419330 1953.9
1419340 1953.1
1419350 1950.4
1419360 1950.4
1419370 1948.0
1419380 1946.3
1419390 1946.3
1419400 1945.1
1419410 1943.4
1419420 1942.3
1419430 1942.3
1419440 1939.5
1419450 1937.1
1419460 1937.1
1419470 1938.7
1419480 1938.2
1419490 1938.2
1419500 1937.8
1419510 1937.6
1419520 1937.6
1419530 1936.9
1419540 1935.7
1419550 1935.7
1419560 1931.4
1419570 1928.7
1419580 1930.1
1419590 1930.1
1419600 1927.8
1419610 1934.0
1419620 1934.0
1419630 1935.4
1419640 1933.6
1419650 1933.6
1419660 1930.2
1419670 1932.9
1419680 1932.9
1419690 1938.6
1419700 1954.1
1419710 1954.1
1419720 1968.8
1419730 1990.2
1419740 1990.2
1419750 2005.8
1419760 2002.9
1419770 2007.5
1419780 2007.5
1419790 2021.4
1419800 2045.5
1419810 2045.5
1419820 2059.9
1419830 2087.9
1419840 2087.9
1419850 2137.6
1419860 2168.7
1419870 2168.7
1419880 2174.9
1419890 2168.9
1419900 2168.9
1419910 2150.9
1419920 2144.2
1419930 2136.9
1419940 2136.9
1419950 2134.4
1419960 2128.9
1419970 2128.9
1419980 2129.6
1419990 2129.5
