1400000 1376.3
1400010 1373.6
1400020 1373.6
1400030 1371.0
1400040 1368.1
1400050 1368.1
1400060 1364.5
1400070 1360.8
1400080 1360.8
1400090 1354.9
1400100 1352.1
1400110 1352.1
1400120 1349.3
1400130 1346.7
1400140 1346.7
1400150 1344.8
1400160 1343.4
1400170 1341.8
1400180 1341.8
1400190 1339.1
1400200 1336.0
1400210 1336.0
1400220 1333.6
1400230 1330.9
1400240 1330.9
1400250 1328.1
1400260 1325.9
1400270 1325.9
1400280 1323.5
1400290 1321.6
1400300 1321.6
1400310 1319.7
1400320 1317.5
1400330 1315.4
1400340 1315.4
1400350 1313.3
1400360 1311.4
1400370 1311.4
1400380 1309.4
1400390 1307.5
1400400 1307.5
1400410 1305.5
1400420 1303.9
1400430 1303.9
1400440 1302.3
1400450 1300.7
1400460 1300.7
1400470 1299.1
1400480 1297.7
1400490 1297.7
1400500 1294.9
1400510 1293.2
1400520 1292.6
1400530 1292.6
1400540 1290.1
1400550 1286.5
1400560 1286.5
1400570 1284.6
1400580 1283.0
1400590 1283.0
1400600 1280.7
1400610 1278.1
1400620 1278.1
1400630 1276.1
1400640 1274.4
1400650 1274.4
1400660 1272.9
1400670 1271.9
1400680 1270.8
1400690 1270.8
1400700 1269.6
1400710 1267.2
1400720 1267.2
1400730 1265.0
1400740 1263.2
1400750 1263.2
1400760 1261.4
1400770 1259.2
1400780 1259.2
1400790 1257.0
1400800 1254.7
1400810 1254.7
1400820 1252.3
1400830 1250.1
1400840 1250.1
1400850 1247.6
1400860 1243.0
1400870 1237.1
1400880 1237.1
1400890 1231.5
1400900 1226.6
1400910 1226.6
1400920 1222.3
1400930 1218.7
1400940 1218.7
1400950 1215.4
1400960 1212.2
1400970 1212.2
1400980 1209.9
1400990 1208.1
1401000 1208.1
1401010 1206.8
1401020 1205.3
1401030 1203.9
1401040 1203.9
1401050 1202.9
1401060 1202.3
1401070 1202.3
1401080 1202.2
1401090 1202.2
1401100 1202.2
1401110 1202.4
1401120 1202.5
1401130 1202.5
1401140 1201.0
1401150 1195.3
1401160 1195.3
1401170 1189.3
1401180 1184.9
1401190 1184.9
1401200 1180.5
1401210 1176.8
1401220 1173.5
1401230 1173.5
1401240 1172.3
1401250 1172.1
1401260 1172.1
1401270 1172.2
1401280 1173.2
1401290 1173.2
1401300 1177.1
1401310 1182.3
1401320 1182.3
1401330 1186.9
1401340 1190.6
1401350 1190.6
1401360 1192.0
1401370 1191.4
1401380 1190.3
1401390 1190.3
1401400 1189.5
1401410 1189.0
1401420 1189.0
1401430 1188.6
1401440 1187.5
1401450 1187.5
1401460 1185.3
1401470 1179.9
1401480 1179.9
1401490 1174.6
1401500 1170.1
1401510 1170.1
1401520 1165.5
1401530 1161.1
1401540 1161.1
1401550 1156.2
1401560 1151.2
1401570 1146.8
1401580 1146.8
1401590 1143.2
1401600 1136.9
1401610 1136.9
1401620 1133.0
1401630 1130.8
1401640 1130.8
1401650 1130.5
1401660 1131.9
1401670 1131.9
1401680 1134.4
1401690 1137.0
1401700 1137.0
1401710 1137.7
1401720 1135.8
1401730 1131.1
1401740 1131.1
1401750 1124.1
1401760 1116.1
1401770 1116.1
1401780 1108.9
1401790 1104.7
1401800 1104.7
1401810 1104.0
1401820 1106.5
1401830 1106.5
1401840 1110.9
1401850 1116.0
1401860 1116.0
1401870 1121.9
1401880 1126.3
1401890 1126.3
1401900 1122.5
1401910 1114.3
1401920 1106.5
1401930 1106.5
1401940 1098.7
1401950 1090.6
1401960 1090.6
1401970 1082.6
1401980 1074.9
1401990 1074.9
1402000 1068.3
1402010 1062.8
1402020 1062.8
1402030 1057.4
1402040 1051.7
1402050 1051.7
1402060 1044.4
1402070 1037.6
1402080 1030.5
1402090 1030.5
1402100 1023.1
1402110 1016.9
1402120 1016.9
1402130 1010.0
1402140 1001.6
1402150 1001.6
1402160 992.1
1402170 986.4
1402180 986.4
1402190 986.4
1402200 988.9
1402210 988.9
1402220 989.4
1402230 990.0
1402240 990.8
1402250 990.8
1402260 992.8
1402270 994.5
1402280 994.5
1402290 994.6
1402300 997.2
1402310 997.2
1402320 1004.3
1402330 1012.4
1402340 1012.4
1402350 1020.3
1402360 1027.9
1402370 1027.9
1402380 1033.3
1402390 1037.0
1402400 1037.0
1402410 1039.5
1402420 1041.1
1402430 1041.1
1402440 1041.1
1402450 1040.0
1402460 1040.0
1402470 1040.0
1402480 1040.7
1402490 1042.0
1402500 1042.0
1402510 1043.5
1402520 1048.5
1402530 1048.5
1402540 1056.3
1402550 1064.7
1402560 1064.7
1402570 1071.6
1402580 1076.7
1402590 1082.4
1402600 1082.4
1402610 1089.9
1402620 1097.4
1402630 1097.4
1402640 1104.9
1402650 1112.1
1402660 1112.1
1402670 1118.4
1402680 1124.9
1402690 1124.9
1402700 1131.2
1402710 1138.1
1402720 1138.1
1402730 1145.7
1402740 1153.8
1402750 1153.8
1402760 1162.6
1402770 1172.2
1402780 1183.1
1402790 1183.1
1402800 1194.0
1402810 1203.9
1402820 1203.9
1402830 1213.6
1402840 1223.4
1402850 1223.4
1402860 1232.7
1402870 1240.6
1402880 1240.6
1402890 1243.6
1402900 1243.8
1402910 1243.8
1402920 1243.8
1402930 1245.0
1402940 1246.5
1402950 1246.5
1402960 1247.1
1402970 1248.3
1402980 1248.3
1402990 1250.3
1403000 1251.7
1403010 1251.7
1403020 1253.0
1403030 1253.9
1403040 1253.9
1403050 1252.8
1403060 1251.8
1403070 1251.8
1403080 1251.6
1403090 1252.8
1403100 1252.8
1403110 1255.8
1403120 1259.7
1403130 1256.5
1403140 1256.5
1403150 1256.2
1403160 1256.4
1403170 1256.4
1403180 1256.8
1403190 1254.5
1403200 1254.5
1403210 1248.1
1403220 1242.2
1403230 1242.2
1403240 1237.0
1403250 1233.2
1403260 1233.2
1403270 1229.0
1403280 1225.9
1403290 1224.7
1403300 1224.7
1403310 1224.2
1403320 1223.2
1403330 1223.2
1403340 1222.2
1403350 1221.4
1403360 1221.4
1403370 1220.6
1403380 1220.4
1403390 1220.4
1403400 1220.9
1403410 1222.9
1403420 1222.9
1403430 1224.2
1403440 1224.5
1403450 1224.5
1403460 1224.9
1403470 1225.2
1403480 1222.6
1403490 1222.6
1403500 1220.3
1403510 1219.5
1403520 1219.5
1403530 1219.4
1403540 1218.8
1403550 1218.8
1403560 1218.1
1403570 1218.3
1403580 1218.3
1403590 1218.4
1403600 1219.2
1403610 1219.2
1403620 1220.0
1403630 1220.0
1403640 1218.6
1403650 1218.6
1403660 1219.2
1403670 1220.1
1403680 1220.1
1403690 1218.8
1403700 1224.9
1403710 1224.9
1403720 1227.9
1403730 1230.4
1403740 1230.4
1403750 1233.5
1403760 1237.0
1403770 1237.0
1403780 1241.6
1403790 1247.0
1403800 1247.0
1403810 1253.3
1403820 1256.3
1403830 1255.7
1403840 1255.7
1403850 1254.5
1403860 1253.2
1403870 1253.2
1403880 1251.8
1403890 1250.3
1403900 1250.3
1403910 1248.8
1403920 1247.1
1403930 1247.1
1403940 1245.3
1403950 1243.2
1403960 1243.2
1403970 1241.1
1403980 1239.3
1403990 1237.9
1404000 1237.9
1404010 1236.6
1404020 1235.2
1404030 1235.2
1404040 1233.5
1404050 1231.2
1404060 1231.2
1404070 1228.8
1404080 1226.7
1404090 1226.7
1404100 1224.9
1404110 1223.5
1404120 1223.5
1404130 1222.3
1404140 1220.8
1404150 1220.8
1404160 1219.6
1404170 1218.1
1404180 1216.3
1404190 1216.3
1404200 1214.3
1404210 1212.7
1404220 1212.7
1404230 1210.9
1404240 1209.0
1404250 1209.0
1404260 1206.1
1404270 1202.7
1404280 1202.7
1404290 1199.9
1404300 1197.9
1404310 1197.9
1404320 1196.5
1404330 1196.2
1404340 1195.4
1404350 1195.4
1404360 1193.6
1404370 1191.0
1404380 1191.0
1404390 1188.0
1404400 1184.8
1404410 1184.8
1404420 1181.4
1404430 1178.1
1404440 1178.1
1404450 1174.7
1404460 1170.8
1404470 1170.8
1404480 1167.7
1404490 1164.0
1404500 1164.0
1404510 1159.6
1404520 1156.1
1404530 1151.7
1404540 1151.7
1404550 1145.0
1404560 1138.1
1404570 1138.1
1404580 1132.6
1404590 1128.6
1404600 1128.6
1404610 1125.0
1404620 1121.6
1404630 1121.6
1404640 1116.7
1404650 1109.7
1404660 1109.7
1404670 1103.8
1404680 1097.3
1404690 1087.9
1404700 1087.9
1404710 1082.5
1404720 1077.7
1404730 1077.7
1404740 1073.7
1404750 1069.9
1404760 1069.9
1404770 1065.3
1404780 1059.8
1404790 1059.8
1404800 1054.2
1404810 1048.9
1404820 1048.9
1404830 1043.4
1404840 1037.6
1404850 1037.6
1404860 1031.7
1404870 1025.2
1404880 1018.8
1404890 1018.8
1404900 1012.5
1404910 1005.2
1404920 1005.2
1404930 999.0
1404940 992.4
1404950 992.4
1404960 985.2
1404970 982.2
1404980 982.2
1404990 981.5
1405000 981.3
1405010 981.3
1405020 979.4
1405030 977.6
1405040 976.9
1405050 976.9
1405060 976.6
1405070 976.8
1405080 976.8
1405090 976.5
1405100 976.2
1405110 976.2
1405120 975.9
1405130 975.8
1405140 975.8
1405150 977.6
1405160 983.5
1405170 983.5
1405180 989.3
1405190 991.1
1405200 991.8
1405210 991.8
1405220 991.9
1405230 992.0
1405240 992.0
1405250 992.1
1405260 992.8
1405270 992.8
1405280 995.2
1405290 998.7
1405300 998.7
1405310 1003.1
1405320 1008.1
1405330 1008.1
1405340 1013.8
1405350 1020.4
1405360 1020.4
1405370 1025.2
1405380 1023.7
1405390 1021.1
1405400 1021.1
1405410 1019.7
1405420 1018.9
1405430 1018.9
1405440 1017.7
1405450 1016.3
1405460 1016.3
1405470 1015.1
1405480 1010.2
1405490 1010.2
1405500 1001.6
1405510 993.7
1405520 993.7
1405530 987.4
1405540 982.2
1405550 977.5
1405560 977.5
1405570 973.9
1405580 973.8
1405590 973.8
1405600 977.6
1405610 983.8
1405620 983.8
1405630 990.9
1405640 995.2
1405650 995.2
1405660 995.1
1405670 991.5
1405680 991.5
1405690 986.8
1405700 982.8
1405710 982.8
1405720 979.1
1405730 975.9
1405740 972.0
1405750 972.0
1405760 966.3
1405770 960.3
1405780 960.3
1405790 955.4
1405800 953.5
1405810 953.5
1405820 954.6
1405830 958.3
1405840 958.3
1405850 958.0
1405860 952.5
1405870 952.5
1405880 946.1
1405890 939.3
1405900 934.5
1405910 934.5
1405920 932.4
1405930 930.8
1405940 930.8
1405950 927.1
1405960 927.4
1405970 927.4
1405980 926.8
1405990 923.5
1406000 923.5
1406010 919.6
1406020 917.1
1406030 917.1
1406040 916.1
1406050 915.4
1406060 915.4
1406070 915.6
1406080 916.3
1406090 917.0
1406100 917.0
1406110 916.8
1406120 915.8
1406130 915.8
1406140 914.5
1406150 913.0
1406160 913.0
1406170 911.9
1406180 911.2
1406190 911.2
1406200 910.8
1406210 910.3
1406220 910.3
1406230 907.1
1406240 902.5
1406250 902.2
1406260 902.2
1406270 903.7
1406280 896.3
1406290 896.3
1406300 893.9
1406310 891.8
1406320 891.8
1406330 890.7
1406340 891.2
1406350 891.2
1406360 893.4
1406370 893.8
1406380 893.8
1406390 889.2
1406400 884.2
1406410 884.2
1406420 881.4
1406430 880.9
1406440 880.3
1406450 880.3
1406460 879.2
1406470 877.8
1406480 877.8
1406490 876.7
1406500 875.6
1406510 875.6
1406520 874.6
1406530 873.3
1406540 873.3
1406550 872.9
1406560 872.6
1406570 872.6
1406580 871.1
1406590 870.0
1406600 869.7
1406610 869.7
1406620 869.4
1406630 869.8
1406640 869.8
1406650 870.2
1406660 870.6
1406670 870.6
1406680 870.0
1406690 869.8
1406700 869.8
1406710 869.8
1406720 869.3
1406730 869.3
1406740 868.4
1406750 867.1
1406760 867.1
1406770 865.5
1406780 863.6
1406790 860.9
1406800 860.9
1406810 858.2
1406820 854.2
1406830 854.2
1406840 850.6
1406850 849.3
1406860 849.3
1406870 847.8
1406880 844.2
1406890 844.2
1406900 841.8
1406910 841.0
1406920 841.0
1406930 839.9
1406940 838.2
1406950 837.2
1406960 837.2
1406970 836.7
1406980 836.2
1406990 836.2
1407000 835.8
1407010 835.6
1407020 835.6
1407030 835.5
1407040 835.5
1407050 835.5
1407060 835.3
1407070 835.1
1407080 835.1
1407090 835.2
1407100 835.5
1407110 835.5
1407120 835.7
1407130 835.8
1407140 835.7
1407150 835.7
1407160 834.7
1407170 834.2
1407180 834.2
1407190 833.9
1407200 833.6
1407210 833.6
1407220 833.5
1407230 833.5
1407240 833.5
1407250 833.5
1407260 833.4
1407270 833.4
1407280 833.3
1407290 833.3
1407300 833.4
1407310 833.4
1407320 833.5
1407330 833.0
1407340 833.0
1407350 832.8
1407360 832.9
1407370 832.9
1407380 832.6
1407390 832.4
1407400 832.4
1407410 832.2
1407420 832.1
1407430 832.1
1407440 831.9
1407450 831.7
1407460 831.7
1407470 831.3
1407480 831.0
1407490 830.8
1407500 830.8
1407510 830.9
1407520 831.1
1407530 831.1
1407540 831.3
1407550 831.4
1407560 831.4
1407570 831.3
1407580 831.2
1407590 831.2
1407600 830.8
1407610 829.9
1407620 829.9
1407630 829.4
1407640 829.0
1407650 828.8
1407660 828.8
1407670 829.0
1407680 829.4
1407690 829.4
1407700 829.4
1407710 829.6
1407720 829.6
1407730 829.6
1407740 829.6
1407750 829.6
1407760 829.4
1407770 829.2
1407780 829.2
1407790 828.9
1407800 827.6
1407810 827.6
1407820 827.2
1407830 827.2
1407840 827.2
1407850 827.2
1407860 827.1
1407870 827.0
1407880 827.0
1407890 826.9
1407900 826.8
1407910 826.9
1407920 826.7
1407930 826.6
1407940 826.6
1407950 826.7
1407960 826.8
1407970 826.8
1407980 826.8
1407990 826.6
1408000 826.4
1408010 826.4
1408020 826.3
1408030 826.4
1408040 826.4
1408050 826.8
1408060 826.9
1408070 826.9
1408080 826.9
1408090 826.9
1408100 826.9
1408110 826.9
1408120 826.9
1408130 826.9
1408140 826.9
1408150 826.8
1408160 826.7
1408170 826.7
1408180 826.6
1408190 826.5
1408200 826.5
1408210 826.3
1408220 826.1
1408230 826.1
1408240 826.1
1408250 826.1
1408260 826.1
1408270 826.1
1408280 826.1
1408290 826.1
1408300 826.1
1408310 826.0
1408320 826.0
1408330 826.1
1408340 826.1
1408350 826.1
1408360 826.1
1408370 826.1
1408380 825.9
1408390 825.9
1408400 825.1
1408410 824.7
1408420 824.7
1408430 824.7
1408440 824.2
1408450 824.2
1408460 823.3
1408470 822.3
1408480 822.3
1408490 820.9
1408500 819.9
1408510 819.3
1408520 819.3
1408530 819.4
1408540 820.2
1408550 820.2
1408560 821.5
1408570 822.1
1408580 822.1
1408590 821.8
1408600 821.7
1408610 821.7
1408620 822.0
1408630 823.3
1408640 823.3
1408650 824.9
1408660 825.5
1408670 825.5
1408680 826.7
1408690 831.1
1408700 833.7
1408710 833.7
1408720 834.0
1408730 831.4
1408740 831.4
1408750 828.2
1408760 826.6
1408770 826.6
1408780 825.1
1408790 824.1
1408800 824.1
1408810 824.5
1408820 825.0
1408830 825.0
1408840 825.5
1408850 830.8
1408860 836.2
1408870 836.2
1408880 837.4
1408890 837.8
1408900 837.8
1408910 838.1
1408920 838.3
1408930 838.3
1408940 838.5
1408950 838.7
1408960 838.7
1408970 838.7
1408980 838.9
1408990 838.9
1409000 839.0
1409010 839.1
1409020 839.1
1409030 839.1
1409040 839.2
1409050 839.2
1409060 839.2
1409070 839.1
1409080 839.1
1409090 839.1
1409100 839.0
1409110 838.7
1409120 838.7
1409130 838.5
1409140 838.2
1409150 838.2
1409160 836.8
1409170 836.5
1409180 836.5
1409190 836.1
1409200 835.8
1409210 835.8
1409220 835.8
1409230 836.0
1409240 836.1
1409250 836.1
1409260 835.6
1409270 834.4
1409280 834.4
1409290 833.0
1409300 831.7
1409310 831.7
1409320 830.8
1409330 830.3
1409340 830.3
1409350 830.7
1409360 833.5
1409370 833.5
1409380 837.0
1409390 839.0
1409400 841.5
1409410 841.5
1409420 842.9
1409430 843.4
1409440 843.4
1409450 843.6
1409460 846.7
1409470 846.7
1409480 851.2
1409490 854.8
1409500 854.8
1409510 858.1
1409520 861.1
1409530 861.1
1409540 863.2
1409550 864.8
1409560 865.8
1409570 872.6
1409580 873.4
1409590 877.7
1409600 877.7
1409610 882.4
1409620 884.5
1409630 884.5
1409640 886.7
1409650 890.2
1409660 890.2
1409670 893.3
1409680 896.5
1409690 896.5
1409700 899.2
1409710 901.0
1409720 901.0
1409730 902.1
1409740 902.4
1409750 902.1
1409760 902.1
1409770 902.0
1409780 903.6
1409790 903.6
1409800 905.1
1409810 908.6
1409820 908.6
1409830 912.7
1409840 917.1
1409850 917.1
1409860 920.8
1409870 919.9
1409880 919.9
1409890 915.8
1409900 916.4
1409910 922.1
1409920 922.1
1409930 925.6
1409940 926.7
1409950 926.7
1409960 927.6
1409970 928.9
1409980 928.9
1409990 929.5
1410000 929.1
1410010 929.1
1410020 930.9
1410030 934.2
1410040 934.2
1410050 935.0
1410060 936.4
1410070 936.4
1410080 937.3
1410090 935.8
1410100 935.6
1410110 935.6
1410120 937.4
1410130 939.4
1410140 939.4
1410150 942.4
1410160 946.2
1410170 946.2
1410180 945.6
1410190 939.4
1410200 939.4
1410210 934.9
1410220 930.2
1410230 930.2
1410240 924.4
1410250 919.6
1410260 919.6
1410270 919.6
1410280 923.4
1410290 930.8
1410300 930.8
1410310 943.7
1410320 956.1
1410330 956.1
1410340 965.7
1410350 971.5
1410360 971.5
1410370 973.7
1410380 972.5
1410390 972.5
1410400 973.0
1410410 974.7
1410420 974.7
1410430 974.9
1410440 974.6
1410450 976.1
1410460 976.1
1410470 978.3
1410480 980.9
1410490 980.9
1410500 983.7
1410510 985.9
1410520 985.9
1410530 987.9
1410540 989.3
1410550 989.3
1410560 989.8
1410570 989.4
1410580 989.4
1410590 986.9
1410600 983.6
1410610 985.3
1410620 985.3
1410630 986.0
1410640 986.4
1410650 986.4
1410660 987.1
1410670 989.5
1410680 989.5
1410690 991.9
1410700 993.9
1410710 993.9
1410720 994.8
1410730 994.5
1410740 994.5
1410750 996.7
1410760 999.1
1410770 999.1
1410780 1000.6
1410790 1002.1
1410800 1000.0
1410810 1000.0
1410820 992.4
1410830 983.9
1410840 983.9
1410850 975.2
1410860 960.5
1410870 960.5
1410880 950.0
1410890 948.1
1410900 948.1
1410910 952.2
1410920 963.7
1410930 963.7
1410940 974.4
1410950 984.7
1410960 997.1
1410970 997.1
1410980 1007.3
1410990 1010.4
1411000 1010.4
1411010 1012.4
1411020 1014.4
1411030 1014.4
1411040 1016.6
1411050 1019.0
1411060 1019.0
1411070 1021.2
1411080 1022.7
1411090 1022.7
1411100 1024.5
1411110 1026.8
1411120 1029.5
1411130 1029.5
1411140 1032.1
1411150 1035.4
1411160 1035.4
1411170 1040.9
1411180 1045.4
1411190 1045.4
1411200 1048.4
1411210 1047.1
1411220 1047.1
1411230 1045.9
1411240 1045.9
1411250 1045.9
1411260 1045.1
1411270 1052.7
1411280 1052.7
1411290 1052.1
1411300 1052.2
1411310 1059.7
1411320 1059.7
1411330 1062.4
1411340 1063.6
1411350 1063.6
1411360 1065.2
1411370 1067.2
1411380 1067.2
1411390 1069.7
1411400 1074.2
1411410 1074.2
1411420 1077.8
1411430 1079.6
1411440 1079.6
1411450 1080.4
1411460 1078.8
1411470 1078.3
1411480 1078.3
1411490 1083.0
1411500 1085.7
1411510 1085.7
1411520 1086.2
1411530 1086.2
1411540 1086.2
1411550 1088.4
1411560 1092.8
1411570 1092.8
1411580 1097.3
1411590 1101.1
1411600 1101.1
1411610 1101.1
1411620 1101.0
1411630 1101.0
1411640 1102.5
1411650 1104.6
1411660 1106.2
1411670 1106.2
1411680 1106.2
1411690 1104.2
1411700 1104.2
1411710 1103.3
1411720 1107.6
1411730 1107.6
1411740 1113.3
1411750 1113.6
1411760 1113.6
1411770 1111.7
1411780 1110.1
1411790 1110.1
1411800 1112.2
1411810 1117.0
1411820 1120.2
1411830 1120.2
1411840 1123.2
1411850 1124.7
1411860 1124.7
1411870 1125.5
1411880 1126.7
1411890 1126.7
1411900 1128.9
1411910 1132.7
1411920 1132.7
1411930 1137.4
1411940 1142.3
1411950 1142.3
1411960 1146.6
1411970 1149.1
1411980 1149.1
1411990 1150.6
1412000 1152.2
1412010 1152.9
1412020 1152.9
1412030 1153.5
1412040 1154.8
1412050 1154.8
1412060 1157.4
1412070 1160.9
1412080 1160.9
1412090 1165.0
1412100 1170.6
1412110 1170.6
1412120 1176.7
1412130 1182.0
1412140 1182.0
1412150 1184.4
1412160 1185.6
1412170 1185.7
1412180 1185.7
1412190 1186.2
1412200 1187.7
1412210 1187.7
1412220 1193.2
1412230 1197.6
1412240 1197.6
1412250 1199.1
1412260 1198.5
1412270 1198.5
1412280 1193.2
1412290 1186.5
1412300 1186.5
1412310 1176.8
1412320 1164.9
1412330 1164.9
1412340 1156.4
1412350 1151.2
1412360 1149.3
1412370 1149.3
1412380 1146.1
1412390 1141.0
1412400 1141.0
1412410 1138.3
1412420 1134.1
1412430 1134.1
1412440 1129.5
1412450 1121.7
1412460 1121.7
1412470 1113.5
1412480 1106.9
1412490 1106.9
1412500 1100.4
1412510 1092.2
1412520 1082.8
1412530 1082.8
1412540 1077.2
1412550 1071.7
1412560 1071.7
1412570 1066.0
1412580 1061.1
1412590 1061.1
1412600 1057.0
1412610 1053.4
1412620 1053.4
1412630 1053.0
1412640 1053.8
1412650 1053.8
1412660 1054.3
1412670 1053.7
1412680 1053.7
1412690 1051.8
1412700 1046.5
1412710 1038.4
1412720 1038.4
1412730 1033.6
1412740 1033.1
1412750 1033.1
1412760 1032.7
1412770 1035.7
1412780 1035.7
1412790 1033.7
1412800 1028.5
1412810 1028.5
1412820 1026.4
1412830 1026.7
1412840 1026.7
1412850 1028.1
1412860 1028.6
1412870 1027.8
1412880 1027.8
1412890 1027.4
1412900 1027.6
1412910 1027.6
1412920 1026.6
1412930 1022.8
1412940 1022.8
1412950 1022.9
1412960 1024.2
1412970 1024.2
1412980 1025.0
1412990 1027.3
1413000 1027.3
1413010 1034.5
1413020 1035.8
1413030 1035.8
1413040 1036.3
1413050 1035.6
1413060 1034.5
1413070 1034.5
1413080 1033.5
1413090 1034.0
1413100 1034.0
1413110 1034.4
1413120 1035.5
1413130 1035.5
1413140 1037.2
1413150 1039.8
1413160 1039.8
1413170 1044.1
1413180 1047.9
1413190 1047.9
1413200 1053.1
1413210 1057.7
1413220 1061.9
1413230 1061.9
1413240 1065.5
1413250 1068.6
1413260 1068.6
1413270 1073.1
1413280 1078.6
1413290 1078.6
1413300 1082.0
1413310 1084.6
1413320 1084.6
1413330 1087.1
1413340 1090.5
1413350 1090.5
1413360 1093.6
1413370 1096.1
1413380 1096.1
1413390 1098.7
1413400 1100.8
1413410 1102.9
1413420 1102.9
1413430 1105.1
1413440 1108.3
1413450 1108.3
1413460 1112.6
1413470 1116.8
1413480 1116.8
1413490 1118.2
1413500 1121.4
1413510 1121.4
1413520 1127.8
1413530 1132.7
1413540 1132.7
1413550 1140.8
1413560 1150.4
1413570 1157.4
1413580 1157.4
1413590 1162.4
1413600 1164.8
1413610 1164.8
1413620 1163.5
1413630 1163.0
1413640 1163.0
1413650 1163.6
1413660 1165.2
1413670 1165.2
1413680 1169.7
1413690 1174.8
1413700 1174.8
1413710 1176.9
1413720 1174.9
1413730 1176.9
1413740 1176.9
1413750 1182.9
1413760 1186.1
1413770 1186.1
1413780 1189.2
1413790 1192.5
1413800 1192.5
1413810 1195.5
1413820 1197.8
1413830 1197.8
1413840 1199.5
1413850 1201.5
1413860 1201.5
1413870 1204.5
1413880 1206.1
1413890 1206.1
1413900 1207.3
1413910 1204.0
1413920 1195.4
1413930 1195.4
1413940 1193.8
1413950 1196.9
1413960 1196.9
1413970 1207.5
1413980 1218.5
1413990 1218.5
1414000 1224.2
1414010 1230.1
1414020 1230.1
1414030 1233.1
1414040 1234.5
1414050 1234.5
1414060 1234.7
1414070 1232.6
1414080 1219.1
1414090 1219.1
1414100 1199.4
1414110 1191.7
1414120 1191.7
1414130 1182.3
1414140 1175.7
1414150 1175.7
1414160 1158.5
1414170 1140.4
1414180 1140.4
1414190 1118.5
1414200 1097.0
1414210 1097.0
1414220 1087.6
1414230 1090.1
1414240 1090.1
1414250 1088.5
1414260 1089.2
1414270 1101.3
1414280 1101.3
1414290 1121.1
1414300 1159.0
1414310 1159.0
1414320 1196.7
1414330 1223.7
1414340 1223.7
1414350 1240.2
1414360 1251.9
1414370 1251.9
1414380 1262.7
1414390 1274.7
1414400 1274.7
1414410 1281.4
1414420 1286.0
1414430 1288.9
1414440 1288.9
1414450 1294.5
1414460 1303.7
1414470 1303.7
1414480 1310.3
1414490 1320.1
1414500 1320.1
1414510 1333.1
1414520 1347.9
1414530 1347.9
1414540 1367.3
1414550 1378.8
1414560 1378.8
1414570 1388.5
1414580 1396.9
1414590 1396.9
1414600 1403.1
1414610 1409.2
1414620 1415.6
1414630 1415.6
1414640 1421.3
1414650 1426.7
1414660 1426.7
1414670 1432.2
1414680 1437.2
1414690 1437.2
1414700 1441.8
1414710 1445.9
1414720 1445.9
1414730 1450.2
1414740 1454.8
1414750 1454.8
1414760 1459.2
1414770 1465.3
1414780 1470.8
1414790 1470.8
1414800 1479.8
1414810 1482.0
1414820 1482.0
1414830 1486.5
1414840 1491.7
1414850 1491.7
1414860 1496.3
1414870 1499.5
1414880 1499.5
1414890 1503.0
1414900 1506.7
1414910 1506.7
1414920 1510.2
1414930 1513.3
1414940 1513.3
1414950 1516.6
1414960 1520.6
1414970 1524.1
1414980 1524.1
1414990 1527.8
1415000 1532.3
1415010 1532.3
1415020 1537.7
1415030 1542.2
1415040 1542.2
1415050 1544.8
1415060 1545.7
1415070 1545.7
1415080 1545.4
1415090 1544.5
1415100 1544.5
1415110 1543.2
1415120 1542.4
1415130 1541.5
1415140 1541.5
1415150 1539.9
1415160 1544.0
1415170 1544.0
1415180 1544.2
1415190 1548.1
1415200 1548.1
1415210 1550.0
1415220 1551.8
1415230 1551.8
1415240 1551.8
1415250 1550.3
1415260 1550.3
1415270 1548.2
1415280 1548.0
1415290 1548.0
1415300 1546.9
1415310 1546.1
1415320 1547.1
1415330 1547.1
1415340 1548.5
1415350 1549.4
1415360 1549.4
1415370 1552.3
1415380 1557.2
1415390 1557.2
1415400 1561.6
1415410 1565.2
1415420 1565.2
1415430 1567.7
1415440 1568.8
1415450 1568.8
1415460 1567.8
1415470 1563.5
1415480 1555.8
1415490 1555.8
1415500 1543.8
1415510 1533.9
1415520 1533.9
1415530 1528.1
1415540 1521.7
1415550 1521.7
1415560 1513.2
1415570 1511.6
1415580 1511.6
1415590 1511.0
1415600 1512.4
1415610 1512.4
1415620 1513.0
1415630 1511.3
1415640 1511.3
1415650 1489.5
1415660 1463.8
1415670 1451.2
1415680 1451.2
1415690 1430.1
1415700 1424.7
1415710 1424.7
1415720 1424.4
1415730 1432.1
1415740 1432.1
1415750 1445.5
1415760 1458.4
1415770 1458.4
1415780 1467.2
1415790 1474.9
1415800 1474.9
1415810 1482.0
1415820 1490.0
1415830 1497.6
1415840 1497.6
1415850 1505.1
1415860 1512.4
1415870 1512.4
1415880 1517.8
1415890 1521.0
1415900 1521.0
1415910 1524.3
1415920 1525.9
1415930 1525.9
1415940 1528.5
1415950 1530.7
1415960 1530.7
1415970 1539.7
1415980 1555.4
1415990 1555.4
1416000 1567.8
1416010 1577.6
1416020 1586.0
1416030 1586.0
1416040 1603.1
1416050 1616.5
1416060 1616.5
1416070 1627.9
1416080 1637.5
1416090 1637.5
1416100 1643.6
1416110 1648.1
1416120 1648.1
1416130 1653.3
1416140 1658.3
1416150 1658.3
1416160 1665.0
1416170 1674.2
1416180 1683.0
1416190 1683.0
1416200 1690.6
1416210 1698.8
1416220 1698.8
1416230 1705.9
1416240 1712.3
1416250 1712.3
1416260 1717.2
1416270 1720.6
1416280 1720.6
1416290 1722.6
1416300 1725.1
1416310 1725.1
1416320 1727.6
1416330 1728.7
1416340 1728.7
1416350 1730.8
1416360 1732.3
1416370 1734.1
1416380 1734.1
1416390 1736.0
1416400 1737.9
1416410 1737.9
1416420 1740.7
1416430 1742.7
1416440 1742.7
1416450 1743.6
1416460 1741.0
1416470 1741.0
1416480 1733.4
1416490 1727.4
1416500 1727.4
1416510 1720.6
1416520 1712.8
1416530 1708.1
1416540 1708.1
1416550 1703.4
1416560 1698.5
1416570 1698.5
1416580 1695.0
1416590 1692.2
1416600 1692.2
1416610 1692.1
1416620 1673.2
1416630 1673.2
1416640 1631.7
1416650 1597.3
1416660 1597.3
1416670 1577.0
1416680 1569.5
1416690 1563.1
1416700 1563.1
1416710 1559.3
1416720 1548.7
1416730 1548.7
1416740 1541.9
1416750 1538.9
1416760 1538.9
1416770 1537.8
1416780 1540.3
1416790 1540.3
1416800 1541.9
1416810 1542.9
1416820 1542.9
1416830 1540.8
1416840 1538.9
1416850 1538.9
1416860 1540.0
1416870 1544.6
1416880 1545.1
1416890 1545.1
1416900 1545.7
1416910 1543.3
1416920 1543.3
1416930 1540.7
1416940 1534.4
1416950 1534.4
1416960 1528.0
1416970 1521.4
1416980 1521.4
1416990 1515.6
1417000 1505.2
1417010 1505.2
1417020 1489.1
1417030 1476.2
1417040 1466.7
1417050 1466.7
1417060 1452.7
1417070 1432.7
1417080 1432.7
1417090 1417.1
1417100 1412.6
1417110 1412.6
1417120 1408.8
1417130 1404.3
1417140 1404.3
1417150 1408.2
1417160 1410.6
1417170 1410.6
1417180 1406.9
1417190 1399.0
1417200 1399.0
1417210 1390.7
1417220 1380.9
1417230 1373.1
1417240 1373.1
1417250 1365.5
1417260 1370.8
1417270 1370.8
1417280 1374.2
1417290 1382.9
1417300 1382.9
1417310 1390.3
1417320 1400.8
1417330 1400.8
1417340 1417.0
1417350 1427.0
1417360 1427.0
1417370 1434.1
1417380 1442.3
1417390 1447.5
1417400 1447.5
1417410 1451.2
1417420 1456.0
1417430 1456.0
1417440 1459.9
1417450 1465.2
1417460 1465.2
1417470 1473.2
1417480 1482.7
1417490 1482.7
1417500 1503.4
1417510 1522.3
1417520 1522.3
1417530 1542.3
1417540 1558.5
1417550 1558.5
1417560 1569.5
1417570 1565.1
1417580 1566.9
1417590 1566.9
1417600 1580.0
1417610 1602.4
1417620 1602.4
1417630 1619.9
1417640 1623.6
1417650 1623.6
1417660 1641.3
1417670 1658.2
1417680 1658.2
1417690 1672.9
1417700 1691.4
1417710 1691.4
1417720 1711.1
1417730 1728.9
1417740 1752.3
1417750 1752.3
1417760 1764.9
1417770 1770.2
1417780 1770.2
1417790 1773.7
1417800 1775.7
1417810 1775.7
1417820 1779.3
1417830 1789.4
1417840 1789.4
1417850 1804.5
1417860 1814.3
1417870 1814.3
1417880 1818.4
1417890 1819.0
1417900 1819.0
1417910 1821.9
1417920 1826.5
1417930 1832.3
1417940 1832.3
1417950 1838.4
1417960 1844.8
1417970 1844.8
1417980 1863.3
1417990 1883.6
1418000 1883.6
1418010 1887.3
1418020 1891.8
1418030 1891.8
1418040 1896.9
1418050 1894.4
1418060 1894.4
1418070 1888.6
1418080 1894.0
1418090 1901.9
1418100 1901.9
1418110 1911.3
1418120 1920.5
1418130 1920.5
1418140 1926.5
1418150 1926.3
1418160 1926.3
1418170 1926.7
1418180 1932.4
1418190 1932.4
1418200 1935.7
1418210 1936.2
1418220 1936.2
1418230 1932.6
1418240 1926.5
1418250 1926.5
1418260 1915.1
1418270 1926.8
1418280 1936.8
1418290 1936.8
1418300 1942.4
1418310 1942.0
1418320 1942.0
1418330 1938.8
1418340 1939.0
1418350 1939.0
1418360 1944.9
1418370 1952.3
1418380 1952.3
1418390 1961.7
1418400 1972.0
1418410 1972.0
1418420 1981.9
1418430 1986.1
1418440 1987.5
1418450 1987.5
1418460 1980.7
1418470 1973.4
1418480 1973.4
1418490 1966.4
1418500 1969.1
1418510 1969.1
1418520 1964.5
1418530 1962.4
1418540 1962.4
1418550 1955.5
1418560 1952.8
1418570 1952.8
1418580 1953.9
1418590 1954.4
1418600 1954.4
1418610 1954.4
1418620 1953.4
1418630 1951.6
1418640 1951.6
1418650 1949.2
1418660 1947.7
1418670 1947.7
1418680 1945.4
1418690 1944.5
1418700 1944.5
1418710 1948.7
1418720 1954.9
1418730 1954.9
1418740 1970.6
1418750 1974.1
1418760 1974.1
1418770 1981.1
1418780 1989.0
1418790 1990.7
1418800 1990.7
1418810 1991.4
1418820 1996.4
1418830 1996.4
1418840 1998.4
1418850 1997.1
1418860 1997.1
1418870 1995.3
1418880 1994.3
1418890 1994.3
1418900 1993.1
1418910 1992.5
1418920 1992.5
1418930 1998.9
1418940 2010.4
1418950 2010.4
1418960 2015.4
1418970 2015.7
1418980 2010.9
1418990 2010.9
1419000 2013.3
1419010 2024.7
1419020 2024.7
1419030 2030.6
1419040 2032.5
1419050 2032.5
1419060 2039.2
1419070 2035.2
1419080 2035.2
1419090 2035.4
1419100 2035.3
1419110 2035.3
1419120 2033.9
1419130 2034.3
1419140 2035.0
1419150 2035.0
1419160 2036.3
1419170 2034.0
1419180 2034.0
1419190 2028.3
1419200 2013.6
1419210 2013.6
1419220 2004.9
1419230 2003.6
1419240 2003.6
1419250 1999.3
1419260 1993.3
1419270 1993.3
1419280 1986.7
1419290 1980.1
1419300 1980.1
1419310 1972.3
1419320 1964.0
1419330 1955.7
1419340 1955.7
1419350 1947.4
1419360 1935.6
1419370 1935.6
1419380 1918.5
1419390 1903.9
1419400 1903.9
1419410 1895.2
1419420 1887.2
1419430 1887.2
1419440 1879.3
1419450 1870.7
1419460 1870.7
1419470 1858.6
1419480 1841.9
1419490 1825.1
1419500 1825.1
1419510 1811.3
1419520 1797.7
1419530 1797.7
1419540 1792.2
1419550 1790.7
1419560 1790.7
1419570 1788.7
1419580 1786.2
1419590 1786.2
1419600 1783.4
1419610 1781.9
1419620 1781.9
1419630 1781.2
1419640 1779.4
1419650 1779.4
1419660 1777.5
1419670 1776.5
1419680 1776.0
1419690 1776.0
1419700 1775.6
1419710 1778.4
1419720 1778.4
1419730 1783.8
1419740 1789.3
1419750 1789.3
1419760 1790.0
1419770 1787.8
1419780 1787.8
1419790 1788.0
1419800 1788.6
1419810 1788.6
1419820 1789.7
1419830 1791.2
1419840 1794.1
1419850 1794.1
1419860 1799.2
1419870 1804.6
1419880 1804.6
1419890 1808.5
1419900 1811.6
1419910 1811.6
1419920 1814.2
1419930 1818.4
1419940 1818.4
1419950 1840.6
1419960 1859.6
1419970 1859.6
1419980 1870.2
1419990 1876.3
