1400000 1524.1
1400010 1519.1
1400020 1514.8
1400030 1514.8
1400040 1510.9
1400050 1506.2
1400060 1506.2
1400070 1500.8
1400080 1495.2
1400090 1489.2
1400100 1489.2
1400110 1483.7
1400120 1479.1
1400130 1479.1
1400140 1474.7
1400150 1469.5
1400160 1469.5
1400170 1463.4
1400180 1456.8
1400190 1456.8
1400200 1449.9
1400210 1442.4
1400220 1442.4
1400230 1435.9
1400240 1429.1
1400250 1422.7
1400260 1422.7
1400270 1415.8
1400280 1408.3
1400290 1408.3
1400300 1402.1
1400310 1396.1
1400320 1396.1
1400330 1390.6
1400340 1384.7
1400350 1384.7
1400360 1378.6
1400370 1374.4
1400380 1374.4
1400390 1370.5
1400400 1366.2
1400410 1366.2
1400420 1361.5
1400430 1356.5
1400440 1351.7
1400450 1351.7
1400460 1346.2
1400470 1340.6
1400480 1340.6
1400490 1334.7
1400500 1328.3
1400510 1328.3
1400520 1321.4
1400530 1314.0
1400540 1314.0
1400550 1309.5
1400560 1303.0
1400570 1303.0
1400580 1296.5
1400590 1292.4
1400600 1290.3
1400610 1290.3
1400620 1289.0
1400630 1287.5
1400640 1287.5
1400650 1285.5
1400660 1281.2
1400670 1281.2
1400680 1276.2
1400690 1273.8
1400700 1273.8
1400710 1270.3
1400720 1264.7
1400730 1264.7
1400740 1258.7
1400750 1255.2
1400760 1255.2
1400770 1252.9
1400780 1249.8
1400790 1246.3
1400800 1246.3
1400810 1243.6
1400820 1239.3
1400830 1239.3
1400840 1235.3
1400850 1231.9
1400860 1231.9
1400870 1227.5
1400880 1224.4
1400890 1218.6
1400900 1214.8
1400910 1209.1
1400920 1209.1
1400930 1204.7
1400940 1201.7
1400950 1196.7
1400960 1196.7
1400970 1189.3
1400980 1180.7
1400990 1180.7
1401000 1173.1
1401010 1166.6
1401020 1166.6
1401030 1158.0
1401040 1150.7
1401050 1150.7
1401060 1143.5
1401070 1136.7
1401080 1136.7
1401090 1130.5
1401100 1124.8
1401110 1124.8
1401120 1119.3
1401130 1114.3
1401140 1110.4
1401150 1110.4
1401160 1108.3
1401170 1104.9
1401180 1104.9
1401190 1102.0
1401200 1102.8
1401210 1102.8
1401220 1107.3
1401230 1108.7
1401240 1108.7
1401250 1112.4
1401260 1119.1
1401270 1119.1
1401280 1125.2
1401290 1131.3
1401300 1137.5
1401310 1137.5
1401320 1145.5
1401330 1153.6
1401340 1153.6
1401350 1160.3
1401360 1165.9
1401370 1165.9
1401380 1170.8
1401390 1176.0
1401400 1176.0
1401410 1181.9
1401420 1188.6
1401430 1188.6
1401440 1196.0
1401450 1203.1
1401460 1203.1
1401470 1207.8
1401480 1205.0
1401490 1197.4
1401500 1197.4
1401510 1187.4
1401520 1177.4
1401530 1177.4
1401540 1167.9
1401550 1158.1
1401560 1158.1
1401570 1148.4
1401580 1140.8
1401590 1140.8
1401600 1137.2
1401610 1136.4
1401620 1136.4
1401630 1138.4
1401640 1143.7
1401650 1150.4
1401660 1150.4
1401670 1158.7
1401680 1168.1
1401690 1168.1
1401700 1175.4
1401710 1183.8
1401720 1183.8
1401730 1193.2
1401740 1205.2
1401750 1205.2
1401760 1214.2
1401770 1220.4
1401780 1220.4
1401790 1219.9
1401800 1217.0
1401810 1217.0
1401820 1212.9
1401830 1206.9
1401840 1199.2
1401850 1199.2
1401860 1191.6
1401870 1184.8
1401880 1184.8
1401890 1181.1
1401900 1180.5
1401910 1180.5
1401920 1184.0
1401930 1192.3
1401940 1192.3
1401950 1201.9
1401960 1208.4
1401970 1208.4
1401980 1212.9
1401990 1216.0
1402000 1216.7
1402010 1216.7
1402020 1213.3
1402030 1208.0
1402040 1208.0
1402050 1203.1
1402060 1199.8
1402070 1199.8
1402080 1198.5
1402090 1198.8
1402100 1198.8
1402110 1199.6
1402120 1200.1
1402130 1200.1
1402140 1199.5
1402150 1198.4
1402160 1198.4
1402170 1198.0
1402180 1200.0
1402190 1202.9
1402200 1202.9
1402210 1205.9
1402220 1209.6
1402230 1209.6
1402240 1214.1
1402250 1217.5
1402260 1217.5
1402270 1223.5
1402280 1226.1
1402290 1226.1
1402300 1223.3
1402310 1226.2
1402320 1226.2
1402330 1231.5
1402340 1236.8
1402350 1239.7
1402360 1239.7
1402370 1237.3
1402380 1233.6
1402390 1233.6
1402400 1226.1
1402410 1222.8
1402420 1216.1
1402430 1221.2
1402440 1225.4
1402450 1225.4
1402460 1229.3
1402470 1234.4
1402480 1234.4
1402490 1239.2
1402500 1241.0
1402510 1241.0
1402520 1237.7
1402530 1236.6
1402540 1237.5
1402550 1237.5
1402560 1237.3
1402570 1239.2
1402580 1239.2
1402590 1245.1
1402600 1254.6
1402610 1254.6
1402620 1259.3
1402630 1264.8
1402640 1264.8
1402650 1274.4
1402660 1285.7
1402670 1285.7
1402680 1296.4
1402690 1306.3
1402700 1314.2
1402710 1314.2
1402720 1320.5
1402730 1323.3
1402740 1323.3
1402750 1326.4
1402760 1333.2
1402770 1333.2
1402780 1338.7
1402790 1344.0
1402800 1344.0
1402810 1349.1
1402820 1355.9
1402830 1355.9
1402840 1364.4
1402850 1372.8
1402860 1372.8
1402870 1379.8
1402880 1388.7
1402890 1395.0
1402900 1395.0
1402910 1396.0
1402920 1396.4
1402930 1396.4
1402940 1396.9
1402950 1397.6
1402960 1397.6
1402970 1399.5
1402980 1403.1
1402990 1403.1
1403000 1405.0
1403010 1406.7
1403020 1406.7
1403030 1409.7
1403040 1412.1
1403050 1414.5
1403060 1414.5
1403070 1417.1
1403080 1419.9
1403090 1419.9
1403100 1423.0
1403110 1426.0
1403120 1426.0
1403130 1428.7
1403140 1430.9
1403150 1430.9
1403160 1433.7
1403170 1435.6
1403180 1435.6
1403190 1437.5
1403200 1439.8
1403210 1439.8
1403220 1442.1
1403230 1443.5
1403240 1445.3
1403250 1445.3
1403260 1447.8
1403270 1450.2
1403280 1450.2
1403290 1452.3
1403300 1454.4
1403310 1454.4
1403320 1456.2
1403330 1457.3
1403340 1457.3
1403350 1458.0
1403360 1458.5
1403370 1458.5
1403380 1459.1
1403390 1459.6
1403400 1459.9
1403410 1459.9
1403420 1459.9
1403430 1459.6
1403440 1459.6
1403450 1459.2
1403460 1458.8
1403470 1458.8
1403480 1458.2
1403490 1457.5
1403500 1457.5
1403510 1456.9
1403520 1456.4
1403530 1456.4
1403540 1455.8
1403550 1455.3
1403560 1455.3
1403570 1454.9
1403580 1454.6
1403590 1454.5
1403600 1454.5
1403610 1454.3
1403620 1453.6
1403630 1453.6
1403640 1452.7
1403650 1452.0
1403660 1452.0
1403670 1451.1
1403680 1450.0
1403690 1450.0
1403700 1448.9
1403710 1447.8
1403720 1447.8
1403730 1446.5
1403740 1445.3
1403750 1444.1
1403760 1444.1
1403770 1443.0
1403780 1442.0
1403790 1442.0
1403800 1441.3
1403810 1441.0
1403820 1441.0
1403830 1440.4
1403840 1438.6
1403850 1438.6
1403860 1436.9
1403870 1435.6
1403880 1435.6
1403890 1434.5
1403900 1433.4
1403910 1433.4
1403920 1431.7
1403930 1429.8
1403940 1427.7
1403950 1427.7
1403960 1425.2
1403970 1421.9
1403980 1421.9
1403990 1419.7
1404000 1417.0
1404010 1417.0
1404020 1414.3
1404030 1411.6
1404040 1411.6
1404050 1408.8
1404060 1406.0
1404070 1406.0
1404080 1402.6
1404090 1398.8
1404100 1395.2
1404110 1395.2
1404120 1390.4
1404130 1383.9
1404140 1383.9
1404150 1375.5
1404160 1367.3
1404170 1367.3
1404180 1360.0
1404190 1352.5
1404200 1352.5
1404210 1344.2
1404220 1336.0
1404230 1336.0
1404240 1329.1
1404250 1322.4
1404260 1322.4
1404270 1315.1
1404280 1306.9
1404290 1299.3
1404300 1299.3
1404310 1291.4
1404320 1283.7
1404330 1283.7
1404340 1276.3
1404350 1269.9
1404360 1269.9
1404370 1263.6
1404380 1256.8
1404390 1256.8
1404400 1249.3
1404410 1243.3
1404420 1243.3
1404430 1237.3
1404440 1231.5
1404450 1225.6
1404460 1225.6
1404470 1218.4
1404480 1211.0
1404490 1211.0
1404500 1202.8
1404510 1194.1
1404520 1194.1
1404530 1184.8
1404540 1176.6
1404550 1176.6
1404560 1170.0
1404570 1165.4
1404580 1165.4
1404590 1160.7
1404600 1154.3
1404610 1154.3
1404620 1148.3
1404630 1150.0
1404640 1155.3
1404650 1155.3
1404660 1162.6
1404670 1169.8
1404680 1169.8
1404690 1178.6
1404700 1186.7
1404710 1186.7
1404720 1194.2
1404730 1199.8
1404740 1199.8
1404750 1206.2
1404760 1208.3
1404770 1208.3
1404780 1207.5
1404790 1205.3
1404800 1202.8
1404810 1202.8
1404820 1199.9
1404830 1196.3
1404840 1196.3
1404850 1192.5
1404860 1188.6
1404870 1188.6
1404880 1186.8
1404890 1185.6
1404900 1185.6
1404910 1185.2
1404920 1191.1
1404930 1191.1
1404940 1195.0
1404950 1197.6
1404960 1197.6
1404970 1203.2
1404980 1210.7
1404990 1216.7
1405000 1216.7
1405010 1222.3
1405020 1228.4
1405030 1228.4
1405040 1234.4
1405050 1241.3
1405060 1241.3
1405070 1249.7
1405080 1259.1
1405090 1259.1
1405100 1268.7
1405110 1276.9
1405120 1276.9
1405130 1282.4
1405140 1286.1
1405150 1289.5
1405160 1289.5
1405170 1289.9
1405180 1288.7
1405190 1288.7
1405200 1287.5
1405210 1286.3
1405220 1286.3
1405230 1284.8
1405240 1283.4
1405250 1283.4
1405260 1282.1
1405270 1280.7
1405280 1280.7
1405290 1279.2
1405300 1278.2
1405310 1278.2
1405320 1277.1
1405330 1275.8
1405340 1274.3
1405350 1274.3
1405360 1272.4
1405370 1269.9
1405380 1269.9
1405390 1267.6
1405400 1265.6
1405410 1265.6
1405420 1264.3
1405430 1262.7
1405440 1262.7
1405450 1260.0
1405460 1257.6
1405470 1257.6
1405480 1255.2
1405490 1253.1
1405500 1251.3
1405510 1251.3
1405520 1249.8
1405530 1248.3
1405540 1243.5
1405550 1242.0
1405560 1240.1
1405570 1240.1
1405580 1237.6
1405590 1235.1
1405600 1235.1
1405610 1232.6
1405620 1229.6
1405630 1229.6
1405640 1226.6
1405650 1224.0
1405660 1224.0
1405670 1222.2
1405680 1220.6
1405690 1219.1
1405700 1219.1
1405710 1217.7
1405720 1216.4
1405730 1216.4
1405740 1214.8
1405750 1213.1
1405760 1213.1
1405770 1211.6
1405780 1210.1
1405790 1210.1
1405800 1208.5
1405810 1206.9
1405820 1206.9
1405830 1205.5
1405840 1204.0
1405850 1202.5
1405860 1202.5
1405870 1201.0
1405880 1199.7
1405890 1199.7
1405900 1199.1
1405910 1198.5
1405920 1198.5
1405930 1198.0
1405940 1197.3
1405950 1197.3
1405960 1196.6
1405970 1195.7
1405980 1195.7
1405990 1194.7
1406000 1193.7
1406010 1193.7
1406020 1192.4
1406030 1190.8
1406040 1189.1
1406050 1189.1
1406060 1187.6
1406070 1186.2
1406080 1186.2
1406090 1183.3
1406100 1174.9
1406110 1174.9
1406120 1165.9
1406130 1156.4
1406140 1156.4
1406150 1147.3
1406160 1141.5
1406170 1141.5
1406180 1135.8
1406190 1136.8
1406200 1136.1
1406210 1136.1
1406220 1137.9
1406230 1139.8
1406240 1139.8
1406250 1141.6
1406260 1143.3
1406270 1143.3
1406280 1145.7
1406290 1146.9
1406300 1146.9
1406310 1147.2
1406320 1148.7
1406330 1148.7
1406340 1151.5
1406350 1153.5
1406360 1153.5
1406370 1156.1
1406380 1157.8
1406390 1158.2
1406400 1158.2
1406410 1157.8
1406420 1157.1
1406430 1157.1
1406440 1156.2
1406450 1155.1
1406460 1155.1
1406470 1153.7
1406480 1152.0
1406490 1152.0
1406500 1150.3
1406510 1148.7
1406520 1148.7
1406530 1146.8
1406540 1144.7
1406550 1142.4
1406560 1142.4
1406570 1140.0
1406580 1136.3
1406590 1136.3
1406600 1132.3
1406610 1129.2
1406620 1129.2
1406630 1125.7
1406640 1118.3
1406650 1118.3
1406660 1109.5
1406670 1101.1
1406680 1101.1
1406690 1091.6
1406700 1082.1
1406710 1082.1
1406720 1077.7
1406730 1075.2
1406740 1072.0
1406750 1072.0
1406760 1070.6
1406770 1078.5
1406780 1078.5
1406790 1086.3
1406800 1091.2
1406810 1091.2
1406820 1097.9
1406830 1105.0
1406840 1105.0
1406850 1110.4
1406860 1115.4
1406870 1115.4
1406880 1114.3
1406890 1112.1
1406900 1110.1
1406910 1110.1
1406920 1108.5
1406930 1107.4
1406940 1107.4
1406950 1106.3
1406960 1105.1
1406970 1105.1
1406980 1103.9
1406990 1102.5
1407000 1102.5
1407010 1101.4
1407020 1100.8
1407030 1100.8
1407040 1099.6
1407050 1098.0
1407060 1098.0
1407070 1096.4
1407080 1094.7
1407090 1093.3
1407100 1093.3
1407110 1090.4
1407120 1087.6
1407130 1087.6
1407140 1085.2
1407150 1079.8
1407160 1079.8
1407170 1078.3
1407180 1076.6
1407190 1076.6
1407200 1075.1
1407210 1073.7
1407220 1073.7
1407230 1072.2
1407240 1070.7
1407250 1069.2
1407260 1069.2
1407270 1068.1
1407280 1068.4
1407290 1068.4
1407300 1068.0
1407310 1067.2
1407320 1067.2
1407330 1066.3
1407340 1065.4
1407350 1065.4
1407360 1064.1
1407370 1062.0
1407380 1062.0
1407390 1058.3
1407400 1057.2
1407410 1057.2
1407420 1060.9
1407430 1062.2
1407440 1062.6
1407450 1062.6
1407460 1062.4
1407470 1062.2
1407480 1062.2
1407490 1061.8
1407500 1061.2
1407510 1061.2
1407520 1060.4
1407530 1059.3
1407540 1059.3
1407550 1057.9
1407560 1056.1
1407570 1056.1
1407580 1053.9
1407590 1051.4
1407600 1048.9
1407610 1048.9
1407620 1046.7
1407630 1044.9
1407640 1044.9
1407650 1043.3
1407660 1041.2
1407670 1041.2
1407680 1039.1
1407690 1037.1
1407700 1037.1
1407710 1035.2
1407720 1034.0
1407730 1034.0
1407740 1034.0
1407750 1035.6
1407760 1035.6
1407770 1041.2
1407780 1048.6
1407790 1054.9
1407800 1054.9
1407810 1057.8
1407820 1057.1
1407830 1057.1
1407840 1056.3
1407850 1055.4
1407860 1055.4
1407870 1054.2
1407880 1053.0
1407890 1053.0
1407900 1051.8
1407910 1049.2
1407920 1049.2
1407930 1042.6
1407940 1035.5
1407950 1028.9
1407960 1028.9
1407970 1023.7
1407980 1021.3
1407990 1021.3
1408000 1020.7
1408010 1022.5
1408020 1022.5
1408030 1024.2
1408040 1023.6
1408050 1023.6
1408060 1022.2
1408070 1020.0
1408080 1020.0
1408090 1016.6
1408100 1014.2
1408110 1011.8
1408120 1011.8
1408130 1008.6
1408140 1005.8
1408150 1005.8
1408160 1002.4
1408170 998.4
1408180 998.4
1408190 994.9
1408200 990.8
1408210 990.8
1408220 986.4
1408230 981.3
1408240 981.3
1408250 975.1
1408260 969.2
1408270 969.2
1408280 964.5
1408290 960.4
1408300 954.8
1408310 954.8
1408320 947.6
1408330 939.0
1408340 939.0
1408350 931.0
1408360 924.5
1408370 924.5
1408380 918.3
1408390 912.4
1408400 912.4
1408410 908.2
1408420 905.9
1408430 905.9
1408440 904.4
1408450 903.3
1408460 902.4
1408470 902.4
1408480 901.6
1408490 900.6
1408500 900.6
1408510 899.6
1408520 898.3
1408530 898.3
1408540 897.3
1408550 896.5
1408560 896.5
1408570 895.9
1408580 895.1
1408590 895.1
1408600 894.4
1408610 893.4
1408620 893.4
1408630 891.8
1408640 888.2
1408650 881.6
1408660 881.6
1408670 875.5
1408680 870.3
1408690 870.3
1408700 864.9
1408710 859.5
1408720 859.5
1408730 854.2
1408740 848.2
1408750 848.2
1408760 845.7
1408770 843.3
1408780 843.3
1408790 841.9
1408800 838.9
1408810 837.0
1408820 837.0
1408830 838.8
1408840 839.4
1408850 839.4
1408860 840.2
1408870 842.8
1408880 842.8
1408890 846.2
1408900 849.2
1408910 849.2
1408920 851.0
1408930 852.5
1408940 852.5
1408950 854.0
1408960 856.5
1408970 856.5
1408980 859.1
1408990 861.3
1409000 862.0
1409010 862.0
1409020 861.3
1409030 858.6
1409040 858.6
1409050 853.9
1409060 850.0
1409070 850.0
1409080 847.5
1409090 845.5
1409100 845.5
1409110 843.6
1409120 841.8
1409130 841.8
1409140 840.3
1409150 839.4
1409160 839.1
1409170 839.1
1409180 839.3
1409190 839.6
1409200 839.6
1409210 839.7
1409220 839.6
1409230 839.6
1409240 839.4
1409250 839.3
1409260 839.3
1409270 839.1
1409280 839.2
1409290 839.2
1409300 839.5
1409310 839.7
1409320 839.7
1409330 840.7
1409340 841.4
1409350 843.3
1409360 843.3
1409370 845.7
1409380 847.9
1409390 847.9
1409400 848.7
1409410 849.4
1409420 849.4
1409430 853.1
1409440 854.0
1409450 854.0
1409460 854.4
1409470 853.6
1409480 853.6
1409490 853.7
1409500 853.7
1409510 853.5
1409520 853.5
1409530 853.4
1409540 853.9
1409550 853.9
1409560 853.7
1409570 853.5
1409580 853.5
1409590 853.4
1409600 853.1
1409610 853.1
1409620 851.1
1409630 849.2
1409640 849.2
1409650 849.2
1409660 849.4
1409670 849.4
1409680 849.4
1409690 849.4
1409700 849.3
1409710 849.3
1409720 849.2
1409730 849.4
1409740 849.4
1409750 849.6
1409760 849.8
1409770 849.8
1409780 849.9
1409790 849.8
1409800 849.8
1409810 849.8
1409820 850.3
1409830 850.3
1409840 850.0
1409850 848.6
1409860 848.6
1409870 848.6
1409880 848.5
1409890 847.9
1409900 847.9
1409910 847.1
1409920 845.7
1409930 845.7
1409940 845.2
1409950 843.6
1409960 843.6
1409970 841.4
1409980 840.2
1409990 840.2
1410000 839.1
1410010 837.4
1410020 837.4
1410030 835.9
1410040 834.9
1410050 833.9
1410060 833.9
1410070 833.0
1410080 832.0
1410090 832.0
1410100 830.8
1410110 829.4
1410120 829.4
1410130 827.8
1410140 826.6
1410150 826.6
1410160 825.7
1410170 825.0
1410180 825.0
1410190 824.5
1410200 825.2
1410210 825.8
1410220 825.8
1410230 825.3
1410240 825.0
1410250 825.0
1410260 824.6
1410270 823.1
1410280 823.1
1410290 820.9
1410300 819.3
1410310 819.3
1410320 818.2
1410330 817.5
1410340 817.5
1410350 816.7
1410360 814.7
1410370 814.7
1410380 813.6
1410390 812.5
1410400 811.5
1410410 811.5
1410420 810.8
1410430 810.4
1410440 810.4
1410450 810.3
1410460 810.5
1410470 810.5
1410480 810.6
1410490 811.0
1410500 811.0
1410510 811.4
1410520 812.1
1410530 812.1
1410540 813.0
1410550 813.9
1410560 814.9
1410570 814.9
1410580 814.1
1410590 812.7
1410600 812.7
1410610 812.3
1410620 812.4
1410630 812.4
1410640 812.5
1410650 812.4
1410660 812.4
1410670 812.1
1410680 812.0
1410690 812.0
1410700 811.9
1410710 812.0
1410720 812.0
1410730 812.1
1410740 812.1
1410750 812.2
1410760 812.2
1410770 812.2
1410780 812.2
1410790 812.2
1410800 812.1
1410810 811.9
1410820 811.9
1410830 811.6
1410840 811.2
1410850 811.2
1410860 810.9
1410870 810.8
1410880 810.8
1410890 810.7
1410900 810.6
1410910 810.9
1410920 810.9
1410930 810.8
1410940 810.7
1410950 810.7
1410960 810.5
1410970 810.2
1410980 810.2
1410990 810.0
1411000 809.7
1411010 809.7
1411020 809.4
1411030 808.9
1411040 808.9
1411050 808.2
1411060 807.2
1411070 807.2
1411080 806.3
1411090 805.0
1411100 804.4
1411110 804.4
1411120 804.1
1411130 803.4
1411140 803.4
1411150 803.1
1411160 802.9
1411170 802.9
1411180 802.9
1411190 802.6
1411200 802.6
1411210 802.2
1411220 801.4
1411230 801.4
1411240 800.7
1411250 800.2
1411260 799.7
1411270 799.7
1411280 799.2
1411290 798.7
1411300 798.7
1411310 798.1
1411320 797.8
1411330 797.8
1411340 797.7
1411350 797.4
1411360 797.4
1411370 797.1
1411380 797.2
1411390 797.2
1411400 797.1
1411410 796.9
1411420 796.9
1411430 796.9
1411440 797.1
1411450 797.1
1411460 797.1
1411470 797.0
1411480 796.6
1411490 796.6
1411500 796.5
1411510 796.4
1411520 796.4
1411530 796.0
1411540 795.2
1411550 795.2
1411560 794.9
1411570 795.1
1411580 795.1
1411590 796.0
1411600 796.8
1411610 798.3
1411620 798.3
1411630 802.5
1411640 808.6
1411650 808.6
1411660 813.8
1411670 815.9
1411680 815.9
1411690 816.9
1411700 816.1
1411710 816.1
1411720 815.7
1411730 814.6
1411740 814.6
1411750 812.7
1411760 810.5
1411770 810.5
1411780 805.9
1411790 807.0
1411800 809.4
1411810 809.4
1411820 807.5
1411830 805.7
1411840 805.7
1411850 804.7
1411860 804.3
1411870 804.3
1411880 804.3
1411890 804.9
1411900 804.9
1411910 806.3
1411920 806.3
1411930 806.3
1411940 803.6
1411950 800.3
1411960 798.8
1411970 798.8
1411980 796.9
1411990 795.5
1412000 795.5
1412010 794.2
1412020 794.2
1412030 794.2
1412040 794.3
1412050 793.6
1412060 793.6
1412070 793.3
1412080 793.6
1412090 793.6
1412100 793.8
1412110 795.4
1412120 795.4
1412130 798.1
1412140 800.4
1412150 803.7
1412160 803.7
1412170 807.4
1412180 810.3
1412190 810.3
1412200 820.5
1412210 821.0
1412220 821.0
1412230 819.4
1412240 817.7
1412250 817.7
1412260 817.2
1412270 817.8
1412280 817.8
1412290 818.5
1412300 819.2
1412310 821.4
1412320 821.4
1412330 824.0
1412340 825.3
1412350 825.3
1412360 825.1
1412370 823.7
1412380 823.7
1412390 823.8
1412400 824.4
1412410 824.4
1412420 826.0
1412430 826.4
1412440 826.4
1412450 825.0
1412460 829.4
1412470 829.4
1412480 832.6
1412490 832.0
1412500 832.0
1412510 832.0
1412520 834.0
1412530 832.7
1412540 832.7
1412550 831.0
1412560 827.1
1412570 827.1
1412580 823.4
1412590 818.4
1412600 818.4
1412610 815.2
1412620 816.0
1412630 816.0
1412640 815.3
1412650 812.5
1412660 810.2
1412670 810.2
1412680 810.6
1412690 810.7
1412700 810.7
1412710 811.4
1412720 812.8
1412730 812.8
1412740 814.0
1412750 815.9
1412760 815.9
1412770 818.4
1412780 820.5
1412790 820.5
1412800 823.8
1412810 827.8
1412820 827.8
1412830 829.8
1412840 835.8
1412850 841.5
1412860 841.5
1412870 842.4
1412880 845.7
1412890 845.7
1412900 847.7
1412910 849.6
1412920 849.6
1412930 850.7
1412940 854.5
1412950 854.5
1412960 855.3
1412970 854.8
1412980 854.8
1412990 854.2
1413000 854.1
1413010 849.5
1413020 849.5
1413030 841.8
1413040 833.7
1413050 833.7
1413060 831.3
1413070 837.4
1413080 837.4
1413090 846.0
1413100 854.0
1413110 854.0
1413120 861.3
1413130 863.2
1413140 863.2
1413150 862.5
1413160 862.2
1413170 862.2
1413180 861.7
1413190 861.8
1413200 864.7
1413210 864.7
1413220 865.4
1413230 866.6
1413240 866.6
1413250 867.1
1413260 868.3
1413270 868.3
1413280 869.2
1413290 869.2
1413300 869.2
1413310 869.9
1413320 871.5
1413330 871.5
1413340 873.5
1413350 875.8
1413360 877.9
1413370 877.9
1413380 882.7
1413390 887.5
1413400 887.5
1413410 891.6
1413420 897.3
1413430 897.3
1413440 903.0
1413450 907.6
1413460 907.6
1413470 911.9
1413480 916.1
1413490 916.1
1413500 920.4
1413510 922.6
1413520 922.6
1413530 922.9
1413540 925.4
1413550 928.3
1413560 928.3
1413570 931.1
1413580 935.1
1413590 935.1
1413600 939.2
1413610 941.7
1413620 941.7
1413630 942.1
1413640 939.3
1413650 939.3
1413660 936.2
1413670 933.4
1413680 933.4
1413690 931.8
1413700 928.4
1413710 924.8
1413720 924.8
1413730 921.8
1413740 916.0
1413750 916.0
1413760 909.1
1413770 903.6
1413780 903.6
1413790 900.9
1413800 898.6
1413810 898.6
1413820 894.3
1413830 890.7
1413840 890.7
1413850 888.8
1413860 887.6
1413870 883.1
1413880 883.1
1413890 877.8
1413900 870.4
1413910 870.4
1413920 863.3
1413930 863.0
1413940 863.0
1413950 872.6
1413960 883.5
1413970 881.5
1413980 891.8
1413990 901.9
1414000 901.9
1414010 913.7
1414020 927.1
1414030 927.1
1414040 943.8
1414050 958.5
1414060 967.4
1414070 967.4
1414080 975.0
1414090 981.6
1414100 981.6
1414110 987.0
1414120 992.2
1414130 992.2
1414140 997.6
1414150 1003.5
1414160 1003.5
1414170 1009.6
1414180 1015.9
1414190 1015.9
1414200 1021.8
1414210 1025.4
1414220 1026.4
1414230 1026.4
1414240 1027.5
1414250 1028.5
1414260 1028.5
1414270 1029.5
1414280 1030.8
1414290 1030.8
1414300 1030.5
1414310 1025.7
1414320 1025.7
1414330 1019.9
1414340 1018.0
1414350 1018.0
1414360 1022.0
1414370 1026.5
1414380 1026.5
1414390 1031.0
1414400 1034.6
1414410 1037.2
1414420 1037.2
1414430 1037.5
1414440 1032.9
1414450 1032.9
1414460 1026.1
1414470 1021.6
1414480 1021.6
1414490 1023.4
1414500 1028.0
1414510 1028.0
1414520 1031.5
1414530 1034.4
1414540 1034.4
1414550 1034.0
1414560 1033.6
1414570 1033.4
1414580 1033.4
1414590 1034.8
1414600 1036.5
1414610 1036.5
1414620 1036.2
1414630 1036.7
1414640 1036.7
1414650 1036.9
1414660 1036.5
1414670 1036.5
1414680 1036.9
1414690 1038.4
1414700 1038.4
1414710 1040.3
1414720 1042.1
1414730 1042.1
1414740 1044.9
1414750 1047.6
1414760 1049.8
1414770 1049.8
1414780 1052.2
1414790 1053.9
1414800 1053.9
1414810 1054.0
1414820 1054.9
1414830 1054.9
1414840 1056.5
1414850 1058.1
1414860 1058.1
1414870 1059.1
1414880 1059.3
1414890 1059.3
1414900 1059.1
1414910 1057.8
1414920 1056.0
1414930 1056.0
1414940 1055.6
1414950 1054.6
1414960 1054.6
1414970 1052.9
1414980 1051.3
1414990 1051.3
1415000 1051.0
1415010 1051.1
1415020 1051.1
1415030 1052.0
1415040 1054.6
1415050 1054.6
1415060 1058.5
1415070 1061.4
1415080 1061.4
1415090 1063.1
1415100 1067.7
1415110 1071.1
1415120 1071.1
1415130 1078.0
1415140 1080.0
1415150 1080.0
1415160 1079.0
1415170 1076.3
1415180 1076.3
1415190 1074.8
1415200 1072.9
1415210 1072.9
1415220 1072.3
1415230 1073.0
1415240 1073.0
1415250 1067.9
1415260 1053.8
1415270 1037.5
1415280 1037.5
1415290 1023.3
1415300 1016.7
1415310 1016.7
1415320 1015.1
1415330 1020.9
1415340 1020.9
1415350 1026.6
1415360 1032.5
1415370 1032.5
1415380 1042.8
1415390 1052.2
1415400 1052.2
1415410 1059.2
1415420 1066.6
1415430 1066.6
1415440 1074.9
1415450 1090.9
1415460 1106.2
1415470 1106.2
1415480 1120.8
1415490 1131.7
1415500 1131.7
1415510 1149.5
1415520 1165.6
1415530 1165.6
1415540 1168.8
1415550 1174.3
1415560 1174.3
1415570 1178.5
1415580 1181.9
1415590 1181.9
1415600 1185.7
1415610 1190.0
1415620 1194.4
1415630 1194.4
1415640 1198.4
1415650 1202.5
1415660 1202.5
1415670 1206.5
1415680 1210.8
1415690 1210.8
1415700 1215.4
1415710 1220.1
1415720 1220.1
1415730 1224.3
1415740 1229.0
1415750 1229.0
1415760 1233.8
1415770 1249.3
1415780 1249.3
1415790 1253.9
1415800 1259.6
1415810 1261.7
1415820 1261.7
1415830 1260.4
1415840 1260.6
1415850 1260.6
1415860 1264.2
1415870 1265.9
1415880 1265.9
1415890 1254.6
1415900 1235.7
1415910 1235.7
1415920 1223.5
1415930 1212.1
1415940 1212.1
1415950 1209.3
1415960 1208.4
1415970 1206.5
1415980 1206.5
1415990 1205.7
1416000 1206.1
1416010 1206.1
1416020 1206.5
1416030 1208.2
1416040 1208.2
1416050 1210.5
1416060 1212.4
1416070 1212.4
1416080 1214.8
1416090 1216.7
1416100 1216.7
1416110 1217.0
1416120 1218.2
1416130 1218.2
1416140 1219.5
1416150 1220.6
1416160 1221.9
1416170 1221.9
1416180 1222.6
1416190 1222.4
1416200 1222.4
1416210 1223.4
1416220 1224.4
1416230 1224.4
1416240 1224.5
1416250 1224.4
1416260 1224.4
1416270 1224.3
1416280 1225.7
1416290 1225.7
1416300 1228.9
1416310 1231.4
1416320 1233.6
1416330 1233.6
1416340 1234.2
1416350 1236.1
1416360 1236.1
1416370 1239.8
1416380 1245.7
1416390 1245.7
1416400 1252.4
1416410 1259.5
1416420 1259.5
1416430 1268.6
1416440 1277.9
1416450 1277.9
1416460 1287.1
1416470 1293.4
1416480 1293.4
1416490 1297.3
1416500 1296.9
1416510 1295.3
1416520 1295.3
1416530 1293.9
1416540 1294.2
1416550 1294.2
1416560 1296.1
1416570 1298.1
1416580 1298.1
1416590 1299.3
1416600 1300.1
1416610 1300.1
1416620 1300.5
1416630 1299.8
1416640 1299.8
1416650 1299.1
1416660 1299.7
1416670 1300.0
1416680 1300.0
1416690 1300.1
1416700 1300.7
1416710 1300.7
1416720 1301.6
1416730 1300.9
1416740 1300.9
1416750 1299.0
1416760 1297.1
1416770 1297.1
1416780 1294.9
1416790 1293.1
1416800 1293.1
1416810 1292.1
1416820 1294.8
1416830 1294.8
1416840 1296.4
1416850 1291.2
1416860 1286.2
1416870 1286.2
1416880 1283.0
1416890 1278.0
1416900 1278.0
1416910 1270.5
1416920 1260.5
1416930 1260.5
1416940 1248.7
1416950 1240.2
1416960 1240.2
1416970 1232.0
1416980 1224.6
1416990 1224.6
1417000 1217.7
1417010 1208.5
1417020 1202.2
1417030 1202.2
1417040 1194.0
1417050 1183.5
1417060 1183.5
1417070 1172.9
1417080 1165.3
1417090 1165.3
1417100 1159.2
1417110 1153.9
1417120 1153.9
1417130 1155.6
1417140 1162.7
1417150 1162.7
1417160 1169.3
1417170 1175.9
1417180 1175.9
1417190 1183.6
1417200 1191.1
1417210 1199.1
1417220 1199.1
1417230 1207.2
1417240 1215.3
1417250 1215.3
1417260 1223.4
1417270 1231.8
1417280 1231.8
1417290 1240.1
1417300 1249.6
1417310 1249.6
1417320 1267.5
1417330 1276.4
1417340 1276.4
1417350 1284.7
1417360 1298.1
1417370 1295.5
1417380 1295.5
1417390 1309.9
1417400 1339.9
1417410 1339.9
1417420 1355.2
1417430 1358.5
1417440 1358.5
1417450 1359.9
1417460 1363.2
1417470 1363.2
1417480 1369.8
1417490 1378.7
1417500 1378.7
1417510 1394.6
1417520 1406.9
1417530 1406.9
1417540 1420.7
1417550 1420.8
1417560 1437.4
1417570 1437.4
1417580 1455.9
1417590 1461.2
1417600 1461.2
1417610 1478.3
1417620 1492.8
1417630 1502.4
1417640 1503.0
1417650 1507.9
1417660 1507.9
1417670 1509.2
1417680 1498.8
1417690 1498.8
1417700 1491.8
1417710 1495.4
1417720 1506.1
1417730 1506.1
1417740 1509.7
1417750 1509.1
1417760 1509.1
1417770 1506.6
1417780 1503.8
1417790 1503.8
1417800 1538.1
1417810 1554.5
1417820 1554.5
1417830 1557.9
1417840 1561.3
1417850 1561.3
1417860 1564.6
1417870 1566.1
1417880 1566.1
1417890 1567.0
1417900 1568.3
1417910 1570.0
1417920 1570.0
1417930 1571.7
1417940 1572.8
1417950 1572.8
1417960 1574.0
1417970 1574.7
1417980 1574.7
1417990 1574.7
1418000 1575.3
1418010 1575.3
1418020 1576.4
1418030 1576.7
1418040 1576.7
1418050 1577.5
1418060 1578.0
1418070 1577.9
1418080 1577.9
1418090 1576.9
1418100 1576.3
1418110 1576.3
1418120 1575.5
1418130 1576.8
1418140 1576.8
1418150 1577.6
1418160 1577.0
1418170 1577.0
1418180 1576.5
1418190 1575.8
1418200 1575.8
1418210 1574.6
1418220 1572.6
1418230 1572.6
1418240 1570.9
1418250 1568.8
1418260 1564.1
1418270 1564.1
1418280 1560.2
1418290 1553.9
1418300 1553.9
1418310 1556.1
1418320 1558.1
1418330 1558.1
1418340 1557.3
1418350 1557.4
1418360 1557.4
1418370 1555.6
1418380 1554.1
1418390 1554.1
1418400 1555.7
1418410 1556.3
1418420 1556.9
1418430 1556.9
1418440 1555.8
1418450 1561.3
1418460 1561.3
1418470 1565.9
1418480 1568.4
1418490 1568.4
1418500 1570.4
1418510 1571.4
1418520 1571.4
1418530 1573.2
1418540 1575.1
1418550 1575.1
1418560 1576.6
1418570 1577.8
1418580 1577.8
1418590 1579.0
1418600 1579.4
1418610 1579.9
1418620 1579.9
1418630 1580.2
1418640 1580.9
1418650 1580.9
1418660 1581.8
1418670 1581.7
1418680 1581.7
1418690 1582.1
1418700 1583.0
1418710 1583.0
1418720 1582.8
1418730 1581.5
1418740 1581.5
1418750 1580.1
1418760 1578.8
1418770 1576.9
1418780 1576.9
1418790 1578.0
1418800 1577.9
1418810 1577.9
1418820 1575.5
1418830 1570.8
1418840 1570.8
1418850 1565.4
1418860 1561.9
1418870 1561.9
1418880 1557.8
1418890 1549.4
1418900 1549.4
1418910 1541.1
1418920 1541.8
1418930 1541.8
1418940 1549.7
1418950 1557.8
1418960 1562.6
1418970 1562.6
1418980 1564.9
1418990 1564.8
1419000 1564.8
1419010 1565.0
1419020 1565.3
1419030 1565.3
1419040 1563.8
1419050 1562.2
1419060 1562.2
1419070 1563.8
1419080 1564.7
1419090 1564.7
1419100 1564.9
1419110 1562.7
1419120 1562.0
1419130 1562.0
1419140 1567.0
1419150 1570.8
1419160 1570.8
1419170 1571.8
1419180 1572.0
1419190 1572.0
1419200 1567.0
1419210 1558.9
1419220 1558.9
1419230 1562.8
1419240 1568.1
1419250 1568.1
1419260 1573.5
1419270 1575.0
1419280 1575.0
1419290 1575.1
1419300 1574.7
1419310 1574.9
1419320 1574.9
1419330 1574.0
1419340 1574.5
1419350 1574.5
1419360 1576.3
1419370 1576.7
1419380 1576.7
1419390 1576.2
1419400 1574.6
1419410 1574.6
1419420 1571.1
1419430 1567.7
1419440 1567.7
1419450 1566.8
1419460 1565.5
1419470 1561.1
1419480 1561.1
1419490 1554.1
1419500 1547.4
1419510 1547.4
1419520 1542.7
1419530 1548.6
1419540 1548.6
1419550 1547.3
1419560 1546.5
1419570 1546.5
1419580 1547.4
1419590 1546.1
1419600 1546.1
1419610 1545.2
1419620 1543.1
1419630 1543.1
1419640 1538.1
1419650 1532.1
1419660 1530.2
1419670 1530.2
1419680 1528.8
1419690 1524.6
1419700 1524.6
1419710 1525.1
1419720 1526.1
1419730 1526.1
1419740 1531.2
1419750 1537.5
1419760 1537.5
1419770 1544.7
1419780 1550.3
1419790 1550.3
1419800 1552.0
1419810 1552.5
1419820 1552.5
1419830 1552.5
1419840 1556.1
1419850 1562.4
1419860 1562.4
1419870 1572.6
1419880 1583.5
1419890 1583.5
1419900 1596.4
1419910 1613.4
1419920 1613.4
1419930 1624.8
1419940 1632.0
1419950 1632.0
1419960 1635.8
1419970 1636.0
1419980 1636.0
1419990 1633.3
