1400000 1346.6
1400010 1341.5
1400020 1337.4
1400030 1337.4
1400040 1333.4
1400050 1329.9
1400060 1329.9
1400070 1327.5
1400080 1325.5
1400090 1325.5
1400100 1323.0
1400110 1319.8
1400120 1316.1
1400130 1316.1
1400140 1313.5
1400150 1310.8
1400160 1310.8
1400170 1307.9
1400180 1305.2
1400190 1305.2
1400200 1302.3
1400210 1299.3
1400220 1299.3
1400230 1296.2
1400240 1293.6
1400250 1293.6
1400260 1291.3
1400270 1289.5
1400280 1289.5
1400290 1286.1
1400300 1282.3
1400310 1277.8
1400320 1277.8
1400330 1274.7
1400340 1273.3
1400350 1273.3
1400360 1271.7
1400370 1269.9
1400380 1269.9
1400390 1268.7
1400400 1266.4
1400410 1266.4
1400420 1260.4
1400430 1255.4
1400440 1255.4
1400450 1252.6
1400460 1249.8
1400470 1251.5
1400480 1251.5
1400490 1252.8
1400500 1255.6
1400510 1255.6
1400520 1256.9
1400530 1259.8
1400540 1259.8
1400550 1264.6
1400560 1270.3
1400570 1270.3
1400580 1275.1
1400590 1280.0
1400600 1280.0
1400610 1286.3
1400620 1291.5
1400630 1291.5
1400640 1294.3
1400650 1298.7
1400660 1304.6
1400670 1304.6
1400680 1309.6
1400690 1314.5
1400700 1314.5
1400710 1320.0
1400720 1326.9
1400730 1326.9
1400740 1334.4
1400750 1342.0
1400760 1342.0
1400770 1345.5
1400780 1346.6
1400790 1346.6
1400800 1348.0
1400810 1350.1
1400820 1352.6
1400830 1352.6
1400840 1354.9
1400850 1356.7
1400860 1356.7
1400870 1357.3
1400880 1357.5
1400890 1357.5
1400900 1358.1
1400910 1359.5
1400920 1359.5
1400930 1364.1
1400940 1368.3
1400950 1368.3
1400960 1371.1
1400970 1372.0
1400980 1372.0
1400990 1369.7
1401000 1366.4
1401010 1363.6
1401020 1363.6
1401030 1361.3
1401040 1359.2
1401050 1359.2
1401060 1356.8
1401070 1353.6
1401080 1353.6
1401090 1351.0
1401100 1347.0
1401110 1347.0
1401120 1344.4
1401130 1341.5
1401140 1341.5
1401150 1337.6
1401160 1336.0
1401170 1337.2
1401180 1337.2
1401190 1342.7
1401200 1349.2
1401210 1349.2
1401220 1356.2
1401230 1363.9
1401240 1363.9
1401250 1372.1
1401260 1379.9
1401270 1379.9
1401280 1385.9
1401290 1393.6
1401300 1393.6
1401310 1402.3
1401320 1409.4
1401330 1409.4
1401340 1411.9
1401350 1412.7
1401360 1412.0
1401370 1412.0
1401380 1411.4
1401390 1412.0
1401400 1412.0
1401410 1412.5
1401420 1412.8
1401430 1412.8
1401440 1414.3
1401450 1416.7
1401460 1416.7
1401470 1419.8
1401480 1423.1
1401490 1423.1
1401500 1425.9
1401510 1428.8
1401520 1432.9
1401530 1432.9
1401540 1437.8
1401550 1441.9
1401560 1441.9
1401570 1446.3
1401580 1450.4
1401590 1450.4
1401600 1453.2
1401610 1457.7
1401620 1457.7
1401630 1462.7
1401640 1467.0
1401650 1467.0
1401660 1471.2
1401670 1474.5
1401680 1474.5
1401690 1478.4
1401700 1482.1
1401710 1485.9
1401720 1485.9
1401730 1490.3
1401740 1494.6
1401750 1494.6
1401760 1499.5
1401770 1504.9
1401780 1504.9
1401790 1510.2
1401800 1516.4
1401810 1516.4
1401820 1522.5
1401830 1528.0
1401840 1528.0
1401850 1533.0
1401860 1537.6
1401870 1542.2
1401880 1542.2
1401890 1547.1
1401900 1551.7
1401910 1551.7
1401920 1556.0
1401930 1560.1
1401940 1560.1
1401950 1564.8
1401960 1569.9
1401970 1569.9
1401980 1574.6
1401990 1578.9
1402000 1578.9
1402010 1583.6
1402020 1588.1
1402030 1588.1
1402040 1592.8
1402050 1597.7
1402060 1602.3
1402070 1602.3
1402080 1607.0
1402090 1611.5
1402100 1611.5
1402110 1615.9
1402120 1620.9
1402130 1620.9
1402140 1626.1
1402150 1631.4
1402160 1631.4
1402170 1637.0
1402180 1642.2
1402190 1642.2
1402200 1645.7
1402210 1647.3
1402220 1648.2
1402230 1648.2
1402240 1649.8
1402250 1651.7
1402260 1651.7
1402270 1653.6
1402280 1654.0
1402290 1654.0
1402300 1654.3
1402310 1653.2
1402320 1653.2
1402330 1650.2
1402340 1646.2
1402350 1646.2
1402360 1641.3
1402370 1636.3
1402380 1636.3
1402390 1631.5
1402400 1626.7
1402410 1621.8
1402420 1621.8
1402430 1617.4
1402440 1607.2
1402450 1607.2
1402460 1602.7
1402470 1599.4
1402480 1599.4
1402490 1595.3
1402500 1588.7
1402510 1588.7
1402520 1582.0
1402530 1574.1
1402540 1574.1
1402550 1566.6
1402560 1557.0
1402570 1557.0
1402580 1545.0
1402590 1534.9
1402600 1529.2
1402610 1529.2
1402620 1524.4
1402630 1518.8
1402640 1518.8
1402650 1524.0
1402660 1536.5
1402670 1536.5
1402680 1553.1
1402690 1566.1
1402700 1566.1
1402710 1574.5
1402720 1580.7
1402730 1580.7
1402740 1584.3
1402750 1588.7
1402760 1594.2
1402770 1594.2
1402780 1599.0
1402790 1603.0
1402800 1603.0
1402810 1607.2
1402820 1611.6
1402830 1611.6
1402840 1615.8
1402850 1619.8
1402860 1619.8
1402870 1624.1
1402880 1628.8
1402890 1628.8
1402900 1633.3
1402910 1637.6
1402920 1637.6
1402930 1641.7
1402940 1646.4
1402950 1650.5
1402960 1650.5
1402970 1654.0
1402980 1658.4
1402990 1658.4
1403000 1663.1
1403010 1667.9
1403020 1667.9
1403030 1672.9
1403040 1677.5
1403050 1677.5
1403060 1681.2
1403070 1684.5
1403080 1684.5
1403090 1687.4
1403100 1690.0
1403110 1692.3
1403120 1692.3
1403130 1694.0
1403140 1695.8
1403150 1695.8
1403160 1697.5
1403170 1700.2
1403180 1700.2
1403190 1702.9
1403200 1705.5
1403210 1705.5
1403220 1707.6
1403230 1708.6
1403240 1708.6
1403250 1709.3
1403260 1710.3
1403270 1710.3
1403280 1711.9
1403290 1713.5
1403300 1714.9
1403310 1714.9
1403320 1716.3
1403330 1717.5
1403340 1717.5
1403350 1718.7
1403360 1720.1
1403370 1720.1
1403380 1721.5
1403390 1722.3
1403400 1722.3
1403410 1722.3
1403420 1723.1
1403430 1723.1
1403440 1724.1
1403450 1725.2
1403460 1726.5
1403470 1726.5
1403480 1727.5
1403490 1728.1
1403500 1728.1
1403510 1728.7
1403520 1729.7
1403530 1729.7
1403540 1730.9
1403550 1731.7
1403560 1731.7
1403570 1732.0
1403580 1732.4
1403590 1732.4
1403600 1733.1
1403610 1733.5
1403620 1733.5
1403630 1733.8
1403640 1734.2
1403650 1734.5
1403660 1734.5
1403670 1734.2
1403680 1732.0
1403690 1732.0
1403700 1727.8
1403710 1723.6
1403720 1723.6
1403730 1722.5
1403740 1724.5
1403750 1724.5
1403760 1727.9
1403770 1730.1
1403780 1730.1
1403790 1730.2
1403800 1730.7
1403810 1731.7
1403820 1731.7
1403830 1731.3
1403840 1730.6
1403850 1730.6
1403860 1729.6
1403870 1727.8
1403880 1727.8
1403890 1725.7
1403900 1724.7
1403910 1724.7
1403920 1724.2
1403930 1723.3
1403940 1723.3
1403950 1721.9
1403960 1720.7
1403970 1720.7
1403980 1716.6
1403990 1715.6
1404000 1713.8
1404010 1713.8
1404020 1712.3
1404030 1711.4
1404040 1711.4
1404050 1710.8
1404060 1710.5
1404070 1710.5
1404080 1709.6
1404090 1708.5
1404100 1708.5
1404110 1707.9
1404120 1707.2
1404130 1707.2
1404140 1706.4
1404150 1706.0
1404160 1705.1
1404170 1705.1
1404180 1703.6
1404190 1703.1
1404200 1703.1
1404210 1701.9
1404220 1700.6
1404230 1700.6
1404240 1699.0
1404250 1696.0
1404260 1696.0
1404270 1693.1
1404280 1691.9
1404290 1691.9
1404300 1690.4
1404310 1690.2
1404320 1690.2
1404330 1690.0
1404340 1689.3
1404350 1689.7
1404360 1689.7
1404370 1689.9
1404380 1685.8
1404390 1685.8
1404400 1681.4
1404410 1681.5
1404420 1681.5
1404430 1681.8
1404440 1679.2
1404450 1679.2
1404460 1675.6
1404470 1672.8
1404480 1672.8
1404490 1672.7
1404500 1673.5
1404510 1672.8
1404520 1672.8
1404530 1671.2
1404540 1669.6
1404550 1669.6
1404560 1667.7
1404570 1665.7
1404580 1665.7
1404590 1663.8
1404600 1664.2
1404610 1664.2
1404620 1665.1
1404630 1664.8
1404640 1664.8
1404650 1663.8
1404660 1662.3
1404670 1662.3
1404680 1660.0
1404690 1656.7
1404700 1651.3
1404710 1651.3
1404720 1645.5
1404730 1643.3
1404740 1643.3
1404750 1644.7
1404760 1642.8
1404770 1642.8
1404780 1643.3
1404790 1645.3
1404800 1645.3
1404810 1646.2
1404820 1645.6
1404830 1645.6
1404840 1643.9
1404850 1642.8
1404860 1641.6
1404870 1641.6
1404880 1640.1
1404890 1638.4
1404900 1638.4
1404910 1637.3
1404920 1635.7
1404930 1635.7
1404940 1633.5
1404950 1632.4
1404960 1632.4
1404970 1631.6
1404980 1630.0
1404990 1630.0
1405000 1627.2
1405010 1624.5
1405020 1624.5
1405030 1622.9
1405040 1621.7
1405050 1620.3
1405060 1620.3
1405070 1618.0
1405080 1615.5
1405090 1615.5
1405100 1613.7
1405110 1612.7
1405120 1612.7
1405130 1612.1
1405140 1611.9
1405150 1611.9
1405160 1611.2
1405170 1610.2
1405180 1610.2
1405190 1608.8
1405200 1606.3
1405210 1602.4
1405220 1602.4
1405230 1598.5
1405240 1596.9
1405250 1596.9
1405260 1596.3
1405270 1595.9
1405280 1595.9
1405290 1595.4
1405300 1594.7
1405310 1594.7
1405320 1593.8
1405330 1592.9
1405340 1592.9
1405350 1592.8
1405360 1593.0
1405370 1593.0
1405380 1592.9
1405390 1592.3
1405400 1591.2
1405410 1591.2
1405420 1589.4
1405430 1587.1
1405440 1587.1
1405450 1584.7
1405460 1582.1
1405470 1582.1
1405480 1579.4
1405490 1576.2
1405500 1576.2
1405510 1572.4
1405520 1569.8
1405530 1569.8
1405540 1567.6
1405550 1565.2
1405560 1560.8
1405570 1560.8
1405580 1557.8
1405590 1556.2
1405600 1556.2
1405610 1555.0
1405620 1553.7
1405630 1553.7
1405640 1552.3
1405650 1551.1
1405660 1551.1
1405670 1549.9
1405680 1549.1
1405690 1549.1
1405700 1548.4
1405710 1547.0
1405720 1547.0
1405730 1543.7
1405740 1539.0
1405750 1534.3
1405760 1534.3
1405770 1528.7
1405780 1523.1
1405790 1523.1
1405800 1519.2
1405810 1516.3
1405820 1516.3
1405830 1514.3
1405840 1511.9
1405850 1511.9
1405860 1507.7
1405870 1502.3
1405880 1502.3
1405890 1497.2
1405900 1493.3
1405910 1493.3
1405920 1490.0
1405930 1487.8
1405940 1486.2
1405950 1486.2
1405960 1484.5
1405970 1482.3
1405980 1482.3
1405990 1480.1
1406000 1477.6
1406010 1477.6
1406020 1474.9
1406030 1472.4
1406040 1472.4
1406050 1469.8
1406060 1467.3
1406070 1467.3
1406080 1465.1
1406090 1463.1
1406100 1461.4
1406110 1461.4
1406120 1459.8
1406130 1458.4
1406140 1458.4
1406150 1456.9
1406160 1455.6
1406170 1455.6
1406180 1454.2
1406190 1452.5
1406200 1452.5
1406210 1450.5
1406220 1448.4
1406230 1448.4
1406240 1446.1
1406250 1443.5
1406260 1443.5
1406270 1439.6
1406280 1434.0
1406290 1429.0
1406300 1429.0
1406310 1425.2
1406320 1422.4
1406330 1422.4
1406340 1418.8
1406350 1414.6
1406360 1414.6
1406370 1411.1
1406380 1407.1
1406390 1407.1
1406400 1403.0
1406410 1399.0
1406420 1399.0
1406430 1395.6
1406440 1392.2
1406450 1388.5
1406460 1388.5
1406470 1385.1
1406480 1381.1
1406490 1381.1
1406500 1377.0
1406510 1373.1
1406520 1373.1
1406530 1369.1
1406540 1365.2
1406550 1365.2
1406560 1361.0
1406570 1356.7
1406580 1356.7
1406590 1352.4
1406600 1348.1
1406610 1348.1
1406620 1343.8
1406630 1339.7
1406640 1335.8
1406650 1335.8
1406660 1331.8
1406670 1328.0
1406680 1328.0
1406690 1324.3
1406700 1320.9
1406710 1320.9
1406720 1317.5
1406730 1314.0
1406740 1314.0
1406750 1310.3
1406760 1306.7
1406770 1306.7
1406780 1303.5
1406790 1301.5
1406800 1300.2
1406810 1300.2
1406820 1298.3
1406830 1294.0
1406840 1294.0
1406850 1289.9
1406860 1287.1
1406870 1287.1
1406880 1285.4
1406890 1281.1
1406900 1281.1
1406910 1276.6
1406920 1274.9
1406930 1274.9
1406940 1271.1
1406950 1267.2
1406960 1267.2
1406970 1263.3
1406980 1258.6
1406990 1255.2
1407000 1255.2
1407010 1251.1
1407020 1246.7
1407030 1246.7
1407040 1240.6
1407050 1233.4
1407060 1233.4
1407070 1226.8
1407080 1222.0
1407090 1222.0
1407100 1219.4
1407110 1217.4
1407120 1217.4
1407130 1214.3
1407140 1209.2
1407150 1206.1
1407160 1206.1
1407170 1210.1
1407180 1205.0
1407190 1205.0
1407200 1199.2
1407210 1193.1
1407220 1193.1
1407230 1187.8
1407240 1184.0
1407250 1184.0
1407260 1180.3
1407270 1174.2
1407280 1174.2
1407290 1167.3
1407300 1160.3
1407310 1160.3
1407320 1154.9
1407330 1149.4
1407340 1143.4
1407350 1143.4
1407360 1137.6
1407370 1131.0
1407380 1131.0
1407390 1124.8
1407400 1119.7
1407410 1119.7
1407420 1115.7
1407430 1110.6
1407440 1110.6
1407450 1105.2
1407460 1100.0
1407470 1100.0
1407480 1095.3
1407490 1091.1
1407500 1086.8
1407510 1086.8
1407520 1081.9
1407530 1076.6
1407540 1076.6
1407550 1073.2
1407560 1070.1
1407570 1070.1
1407580 1061.3
1407590 1054.1
1407600 1054.1
1407610 1045.0
1407620 1034.4
1407630 1034.4
1407640 1024.8
1407650 1020.5
1407660 1020.5
1407670 1024.0
1407680 1025.7
1407690 1026.9
1407700 1026.9
1407710 1030.0
1407720 1037.3
1407730 1037.3
1407740 1049.8
1407750 1060.8
1407760 1060.8
1407770 1070.0
1407780 1078.5
1407790 1078.5
1407800 1086.4
1407810 1094.5
1407820 1094.5
1407830 1102.2
1407840 1108.9
1407850 1114.5
1407860 1114.5
1407870 1118.8
1407880 1124.0
1407890 1124.0
1407900 1129.7
1407910 1135.2
1407920 1135.2
1407930 1140.4
1407940 1146.9
1407950 1146.9
1407960 1153.2
1407970 1156.4
1407980 1156.4
1407990 1156.9
1408000 1157.0
1408010 1157.0
1408020 1158.0
1408030 1159.6
1408040 1159.3
1408050 1159.3
1408060 1158.9
1408070 1160.4
1408080 1160.4
1408090 1165.9
1408100 1171.9
1408110 1171.9
1408120 1176.9
1408130 1178.5
1408140 1178.5
1408150 1179.0
1408160 1183.3
1408170 1183.3
1408180 1184.7
1408190 1183.5
1408200 1186.8
1408210 1186.8
1408220 1194.0
1408230 1202.0
1408240 1202.0
1408250 1208.0
1408260 1210.8
1408270 1210.8
1408280 1213.1
1408290 1215.8
1408300 1215.8
1408310 1218.2
1408320 1220.0
1408330 1220.0
1408340 1221.8
1408350 1225.0
1408360 1225.0
1408370 1227.1
1408380 1228.8
1408390 1230.4
1408400 1230.4
1408410 1233.1
1408420 1235.8
1408430 1235.8
1408440 1238.7
1408450 1241.5
1408460 1241.5
1408470 1244.7
1408480 1248.2
1408490 1248.2
1408500 1250.7
1408510 1252.3
1408520 1252.3
1408530 1253.9
1408540 1255.7
1408550 1257.3
1408560 1257.3
1408570 1259.1
1408580 1260.5
1408590 1260.5
1408600 1261.7
1408610 1263.5
1408620 1263.5
1408630 1265.5
1408640 1268.0
1408650 1268.0
1408660 1271.0
1408670 1273.8
1408680 1273.8
1408690 1275.8
1408700 1277.9
1408710 1277.9
1408720 1280.4
1408730 1282.8
1408740 1284.2
1408750 1284.2
1408760 1285.4
1408770 1287.1
1408780 1287.1
1408790 1288.8
1408800 1290.3
1408810 1290.3
1408820 1285.7
1408830 1288.1
1408840 1288.1
1408850 1289.4
1408860 1289.3
1408870 1289.3
1408880 1289.1
1408890 1289.1
1408900 1289.2
1408910 1289.2
1408920 1289.7
1408930 1290.0
1408940 1290.0
1408950 1289.9
1408960 1289.3
1408970 1289.3
1408980 1288.5
1408990 1287.6
1409000 1287.6
1409010 1286.9
1409020 1285.4
1409030 1285.4
1409040 1283.4
1409050 1282.0
1409060 1282.0
1409070 1280.8
1409080 1279.7
1409090 1278.1
1409100 1278.1
1409110 1277.2
1409120 1276.0
1409130 1276.0
1409140 1273.8
1409150 1271.8
1409160 1271.8
1409170 1270.6
1409180 1270.1
1409190 1270.1
1409200 1269.2
1409210 1268.0
1409220 1268.0
1409230 1266.2
1409240 1264.8
1409250 1263.6
1409260 1263.6
1409270 1262.3
1409280 1260.8
1409290 1260.8
1409300 1259.4
1409310 1258.4
1409320 1258.4
1409330 1257.4
1409340 1256.2
1409350 1256.2
1409360 1255.0
1409370 1253.4
1409380 1253.4
1409390 1251.7
1409400 1249.5
1409410 1249.5
1409420 1247.4
1409430 1244.5
1409440 1241.6
1409450 1241.6
1409460 1238.0
1409470 1232.5
1409480 1232.5
1409490 1230.2
1409500 1230.0
1409510 1230.0
1409520 1232.9
1409530 1238.3
1409540 1238.3
1409550 1244.5
1409560 1250.0
1409570 1250.0
1409580 1254.3
1409590 1258.3
1409600 1261.3
1409610 1261.3
1409620 1262.3
1409630 1262.3
1409640 1262.3
1409650 1262.0
1409660 1261.8
1409670 1261.8
1409680 1261.4
1409690 1261.0
1409700 1261.0
1409710 1260.5
1409720 1260.0
1409730 1260.0
1409740 1259.5
1409750 1259.0
1409760 1259.0
1409770 1257.9
1409780 1257.0
1409790 1256.3
1409800 1256.3
1409810 1256.3
1409820 1256.8
1409830 1256.8
1409840 1257.1
1409850 1257.5
1409860 1257.5
1409870 1257.5
1409880 1257.7
1409890 1257.7
1409900 1257.9
1409910 1258.1
1409920 1258.1
1409930 1257.8
1409940 1257.0
1409950 1257.8
1409960 1257.8
1409970 1259.5
1409980 1260.8
1409990 1260.8
1410000 1260.9
1410010 1260.2
1410020 1260.2
1410030 1259.0
1410040 1258.0
1410050 1258.0
1410060 1257.2
1410070 1256.2
1410080 1256.2
1410090 1255.8
1410100 1255.8
1410110 1255.8
1410120 1255.8
1410130 1256.0
1410140 1256.3
1410150 1256.3
1410160 1256.4
1410170 1256.2
1410180 1256.2
1410190 1256.0
1410200 1255.6
1410210 1255.6
1410220 1255.2
1410230 1254.9
1410240 1254.9
1410250 1254.2
1410260 1253.4
1410270 1253.4
1410280 1252.8
1410290 1252.2
1410300 1252.2
1410310 1251.7
1410320 1251.5
1410330 1251.2
1410340 1251.2
1410350 1250.7
1410360 1250.0
1410370 1250.0
1410380 1249.3
1410390 1248.6
1410400 1248.6
1410410 1248.2
1410420 1247.5
1410430 1247.5
1410440 1247.3
1410450 1247.8
1410460 1247.8
1410470 1247.8
1410480 1247.3
1410490 1246.2
1410500 1243.3
1410510 1242.5
1410520 1241.2
1410530 1241.2
1410540 1239.8
1410550 1238.4
1410560 1238.4
1410570 1236.8
1410580 1234.5
1410590 1234.5
1410600 1232.9
1410610 1231.7
1410620 1231.7
1410630 1230.7
1410640 1229.7
1410650 1229.7
1410660 1228.8
1410670 1227.7
1410680 1226.7
1410690 1226.7
1410700 1225.4
1410710 1224.2
1410720 1224.2
1410730 1223.1
1410740 1222.2
1410750 1222.2
1410760 1221.0
1410770 1219.7
1410780 1219.7
1410790 1218.4
1410800 1215.8
1410810 1215.8
1410820 1211.7
1410830 1206.8
1410840 1201.1
1410850 1201.1
1410860 1193.1
1410870 1184.4
1410880 1184.4
1410890 1175.6
1410900 1171.7
1410910 1171.7
1410920 1177.0
1410930 1182.8
1410940 1182.8
1410950 1187.2
1410960 1190.5
1410970 1190.5
1410980 1189.8
1410990 1188.7
1411000 1188.7
1411010 1187.6
1411020 1186.4
1411030 1184.9
1411040 1184.9
1411050 1183.3
1411060 1181.5
1411070 1181.5
1411080 1179.6
1411090 1177.5
1411100 1177.5
1411110 1175.1
1411120 1173.0
1411130 1173.0
1411140 1171.4
1411150 1170.2
1411160 1170.2
1411170 1167.5
1411180 1164.5
1411190 1161.6
1411200 1161.6
1411210 1157.8
1411220 1154.7
1411230 1154.7
1411240 1153.6
1411250 1151.3
1411260 1151.3
1411270 1149.6
1411280 1147.6
1411290 1147.6
1411300 1145.0
1411310 1142.2
1411320 1142.2
1411330 1141.7
1411340 1142.1
1411350 1142.1
1411360 1142.2
1411370 1141.2
1411380 1139.4
1411390 1139.4
1411400 1137.9
1411410 1136.2
1411420 1136.2
1411430 1134.0
1411440 1131.9
1411450 1131.9
1411460 1130.0
1411470 1128.0
1411480 1128.0
1411490 1125.7
1411500 1123.3
1411510 1123.3
1411520 1121.8
1411530 1120.7
1411540 1119.6
1411550 1119.6
1411560 1118.6
1411570 1117.4
1411580 1117.4
1411590 1116.0
1411600 1114.3
1411610 1114.3
1411620 1112.4
1411630 1110.6
1411640 1110.6
1411650 1108.9
1411660 1107.5
1411670 1107.5
1411680 1106.1
1411690 1104.4
1411700 1104.4
1411710 1102.0
1411720 1100.3
1411730 1098.5
1411740 1098.5
1411750 1097.1
1411760 1095.7
1411770 1095.7
1411780 1094.3
1411790 1092.5
1411800 1092.5
1411810 1090.4
1411820 1088.2
1411830 1088.2
1411840 1085.8
1411850 1083.6
1411860 1083.6
1411870 1081.6
1411880 1079.6
1411890 1076.4
1411900 1076.4
1411910 1073.4
1411920 1070.0
1411930 1070.0
1411940 1066.6
1411950 1063.3
1411960 1063.3
1411970 1059.5
1411980 1054.7
1411990 1054.7
1412000 1048.0
1412010 1039.6
1412020 1039.6
1412030 1033.0
1412040 1026.9
1412050 1026.9
1412060 1019.4
1412070 1011.2
1412080 1002.5
1412090 1002.5
1412100 993.7
1412110 984.5
1412120 984.5
1412130 974.3
1412140 964.4
1412150 964.4
1412160 955.2
1412170 946.2
1412180 946.2
1412190 939.7
1412200 938.0
1412210 938.0
1412220 936.9
1412230 934.9
1412240 935.0
1412250 935.0
1412260 935.5
1412270 933.8
1412280 933.8
1412290 932.1
1412300 928.7
1412310 928.7
1412320 925.7
1412330 927.1
1412340 927.1
1412350 933.4
1412360 940.5
1412370 940.5
1412380 942.5
1412390 942.9
1412400 942.9
1412410 943.3
1412420 943.6
1412430 943.4
1412440 943.4
1412450 944.7
1412460 948.8
1412470 948.8
1412480 954.8
1412490 962.7
1412500 962.7
1412510 971.7
1412520 981.3
1412530 981.3
1412540 987.1
1412550 988.2
1412560 988.2
1412570 992.6
1412580 999.9
1412590 1005.8
1412600 1005.8
1412610 1011.7
1412620 1016.6
1412630 1016.6
1412640 1018.4
1412650 1018.0
1412660 1018.0
1412670 1017.9
1412680 1017.4
1412690 1017.4
1412700 1016.9
1412710 1017.3
1412720 1017.3
1412730 1017.9
1412740 1019.0
1412750 1019.0
1412760 1020.7
1412770 1022.7
1412780 1025.9
1412790 1025.9
1412800 1029.1
1412810 1030.7
1412820 1030.7
1412830 1029.7
1412840 1027.0
1412850 1027.0
1412860 1024.5
1412870 1022.4
1412880 1022.4
1412890 1020.6
1412900 1015.5
1412910 1015.5
1412920 1008.1
1412930 1001.3
1412940 995.1
1412950 995.1
1412960 989.1
1412970 983.8
1412980 983.8
1412990 978.9
1413000 973.0
1413010 973.0
1413020 966.1
1413030 957.7
1413040 957.7
1413050 950.0
1413060 943.7
1413070 943.7
1413080 937.6
1413090 931.5
1413100 931.5
1413110 925.8
1413120 919.6
1413130 914.6
1413140 914.6
1413150 910.4
1413160 906.4
1413170 906.4
1413180 900.4
1413190 892.8
1413200 892.8
1413210 885.5
1413220 877.9
1413230 877.9
1413240 875.4
1413250 875.8
1413260 875.8
1413270 875.0
1413280 873.7
1413290 873.4
1413300 873.4
1413310 873.1
1413320 872.7
1413330 872.7
1413340 872.8
1413350 872.7
1413360 872.7
1413370 872.7
1413380 872.3
1413390 872.3
1413400 876.9
1413410 884.8
1413420 884.8
1413430 891.1
1413440 897.4
1413450 897.4
1413460 904.1
1413470 911.7
1413480 919.5
1413490 919.5
1413500 927.2
1413510 935.8
1413520 935.8
1413530 944.2
1413540 951.6
1413550 951.6
1413560 958.7
1413570 965.1
1413580 965.1
1413590 967.6
1413600 964.4
1413610 964.4
1413620 960.1
1413630 956.6
1413640 952.5
1413650 952.5
1413660 948.2
1413670 945.4
1413680 945.4
1413690 941.9
1413700 936.0
1413710 936.0
1413720 928.4
1413730 920.7
1413740 920.7
1413750 913.3
1413760 906.9
1413770 906.9
1413780 900.8
1413790 895.7
1413800 895.7
1413810 893.0
1413820 893.5
1413830 893.4
1413840 893.4
1413850 887.2
1413860 879.3
1413870 879.3
1413880 873.5
1413890 876.3
1413900 876.3
1413910 883.2
1413920 890.8
1413930 890.8
1413940 897.8
1413950 902.0
1413960 902.0
1413970 906.2
1413980 910.9
1413990 906.9
1414000 906.9
1414010 909.8
1414020 909.7
1414030 909.7
1414040 904.3
1414050 897.0
1414060 897.0
1414070 893.2
1414080 893.3
1414090 893.3
1414100 893.3
1414110 895.8
1414120 895.8
1414130 899.5
1414140 897.6
1414150 897.6
1414160 895.5
1414170 894.8
1414180 894.8
1414190 894.8
1414200 892.5
1414210 891.1
1414220 891.1
1414230 894.4
1414240 903.8
1414250 903.8
1414260 912.5
1414270 912.8
1414280 912.8
1414290 910.3
1414300 908.3
1414310 908.3
1414320 904.5
1414330 898.0
1414340 890.3
1414350 890.3
1414360 892.0
1414370 897.1
1414380 897.1
1414390 897.9
1414400 895.3
1414410 895.3
1414420 891.6
1414430 885.0
1414440 885.0
1414450 880.3
1414460 884.2
1414470 884.2
1414480 886.7
1414490 895.6
1414500 895.6
1414510 904.5
1414520 911.6
1414530 915.3
1414540 915.3
1414550 911.3
1414560 907.8
1414570 907.8
1414580 907.4
1414590 908.9
1414600 908.9
1414610 915.0
1414620 918.0
1414630 918.0
1414640 917.4
1414650 917.3
1414660 917.3
1414670 917.7
1414680 919.8
1414690 915.7
1414700 915.7
1414710 914.0
1414720 915.1
1414730 915.1
1414740 915.9
1414750 916.3
1414760 916.3
1414770 920.3
1414780 920.0
1414790 920.0
1414800 917.2
1414810 913.8
1414820 913.8
1414830 911.8
1414840 906.5
1414850 906.5
1414860 900.1
1414870 899.8
1414880 902.7
1414890 902.7
1414900 901.1
1414910 898.7
1414920 898.7
1414930 898.9
1414940 896.3
1414950 896.3
1414960 891.4
1414970 888.3
1414980 888.3
1414990 888.2
1415000 891.8
1415010 891.8
1415020 894.7
1415030 892.9
1415040 892.9
1415050 889.1
1415060 885.2
1415070 880.9
1415080 880.9
1415090 876.3
1415100 870.0
1415110 870.0
1415120 862.4
1415130 854.3
1415140 854.3
1415150 845.0
1415160 836.5
1415170 836.5
1415180 828.1
1415190 820.3
1415200 820.3
1415210 811.7
1415220 801.9
1415230 793.0
1415240 793.0
1415250 788.8
1415260 786.9
1415270 786.9
1415280 784.4
1415290 782.0
1415300 782.0
1415310 780.3
1415320 779.1
1415330 779.1
1415340 778.3
1415350 778.3
1415360 778.3
1415370 779.1
1415380 779.9
1415390 779.9
1415400 779.3
1415410 779.2
1415420 779.1
1415430 779.1
1415440 779.4
1415450 780.6
1415460 780.6
1415470 782.2
1415480 783.6
1415490 783.6
1415500 784.7
1415510 786.0
1415520 786.0
1415530 786.8
1415540 788.7
1415550 788.7
1415560 790.0
1415570 788.9
1415580 787.8
1415590 787.8
1415600 788.9
1415610 792.0
1415620 792.0
1415630 793.5
1415640 793.1
1415650 793.1
1415660 791.7
1415670 790.7
1415680 790.7
1415690 790.4
1415700 790.8
1415710 790.8
1415720 790.9
1415730 791.1
1415740 791.1
1415750 791.2
1415760 790.6
1415770 789.2
1415780 789.2
1415790 788.3
1415800 788.1
1415810 788.1
1415820 788.8
1415830 788.1
1415840 788.1
1415850 785.5
1415860 782.0
1415870 782.0
1415880 778.5
1415890 774.5
1415900 774.5
1415910 771.6
1415920 770.1
1415930 766.4
1415940 766.4
1415950 760.8
1415960 756.3
1415970 756.3
1415980 753.0
1415990 751.4
1416000 751.4
1416010 749.7
1416020 746.2
1416030 746.2
1416040 743.3
1416050 742.7
1416060 742.7
1416070 742.5
1416080 741.0
1416090 741.0
1416100 738.0
1416110 735.6
1416120 735.1
1416130 735.1
1416140 735.1
1416150 736.1
1416160 736.1
1416170 737.5
1416180 738.4
1416190 738.4
1416200 739.1
1416210 739.5
1416220 739.5
1416230 739.7
1416240 739.8
1416250 739.8
1416260 739.9
1416270 740.2
1416280 740.8
1416290 740.8
1416300 741.1
1416310 741.3
1416320 741.3
1416330 740.8
1416340 740.5
1416350 740.5
1416360 740.4
1416370 740.6
1416380 740.6
1416390 741.2
1416400 741.9
1416410 741.9
1416420 742.2
1416430 743.0
1416440 743.0
1416450 743.2
1416460 742.6
1416470 742.0
1416480 742.0
1416490 741.1
1416500 739.5
1416510 739.5
1416520 736.8
1416530 735.9
1416540 735.9
1416550 735.4
1416560 734.7
1416570 734.7
1416580 734.2
1416590 733.8
1416600 733.8
1416610 733.7
1416620 733.6
1416630 733.1
1416640 733.1
1416650 732.2
1416660 731.2
1416670 731.2
1416680 730.5
1416690 729.9
1416700 729.9
1416710 729.6
1416720 729.5
1416730 729.5
1416740 729.2
1416750 729.2
1416760 729.2
1416770 729.3
1416780 728.8
1416790 728.8
1416800 728.2
1416810 728.1
1416820 728.3
1416830 728.3
1416840 728.3
1416850 728.1
1416860 728.1
1416870 728.0
1416880 727.8
1416890 727.8
1416900 727.8
1416910 727.8
1416920 727.8
1416930 725.9
1416940 725.8
1416950 725.8
1416960 726.5
1416970 726.3
1416980 726.0
1416990 726.0
1417000 726.3
1417010 726.8
1417020 726.8
1417030 727.2
1417040 727.5
1417050 727.5
1417060 727.8
1417070 728.5
1417080 728.5
1417090 731.0
1417100 734.2
1417110 734.2
1417120 737.8
1417130 738.8
1417140 738.8
1417150 740.5
1417160 743.2
1417170 746.6
1417180 746.6
1417190 751.4
1417200 757.6
1417210 757.6
1417220 760.3
1417230 761.0
1417240 761.0
1417250 763.3
1417260 766.2
1417270 766.2
1417280 771.2
1417290 774.6
1417300 774.6
1417310 776.3
1417320 778.4
1417330 784.0
1417340 784.0
1417350 794.2
1417360 804.2
1417370 804.2
1417380 810.1
1417390 811.1
1417400 811.1
1417410 812.7
1417420 812.1
1417430 812.1
1417440 808.8
1417450 806.2
1417460 806.2
1417470 802.4
1417480 802.8
1417490 802.8
1417500 806.4
1417510 804.8
1417520 806.7
1417530 806.7
1417540 812.6
1417550 818.7
1417560 818.7
1417570 826.1
1417580 832.6
1417590 832.6
1417600 839.5
1417610 845.2
1417620 845.2
1417630 851.1
1417640 855.1
1417650 863.4
1417660 866.4
1417670 867.6
1417680 868.5
1417690 868.5
1417700 870.5
1417710 871.4
1417720 871.4
1417730 872.0
1417740 882.0
1417750 882.0
1417760 891.7
1417770 898.8
1417780 898.8
1417790 903.6
1417800 907.3
1417810 907.3
1417820 910.7
1417830 915.1
1417840 915.1
1417850 916.5
1417860 916.0
1417870 915.0
1417880 915.0
1417890 914.4
1417900 915.0
1417910 915.0
1417920 916.0
1417930 918.5
1417940 918.5
1417950 922.3
1417960 927.1
1417970 927.1
1417980 933.4
1417990 940.2
1418000 940.2
1418010 946.1
1418020 949.2
1418030 946.7
1418040 946.7
1418050 945.2
1418060 949.5
1418070 949.5
1418080 955.0
1418090 954.6
1418100 954.6
1418110 950.0
1418120 945.4
1418130 945.4
1418140 942.3
1418150 943.6
1418160 943.6
1418170 946.2
1418180 946.1
1418190 946.1
1418200 945.6
1418210 947.9
1418220 950.7
1418230 950.7
1418240 953.8
1418250 957.4
1418260 957.4
1418270 960.8
1418280 962.6
1418290 962.6
1418300 962.8
1418310 965.3
1418320 965.3
1418330 968.6
1418340 971.0
1418350 971.0
1418360 971.2
1418370 970.5
1418380 965.8
1418390 965.8
1418400 958.3
1418410 967.7
1418420 967.7
1418430 978.0
1418440 986.4
1418450 986.4
1418460 993.1
1418470 999.3
1418480 999.3
1418490 1001.8
1418500 999.9
1418510 999.9
1418520 999.4
1418530 1001.8
1418540 1001.8
1418550 1004.5
1418560 1006.6
1418570 1010.1
1418580 1010.1
1418590 1012.6
1418600 1013.4
1418610 1013.4
1418620 1016.2
1418630 1020.1
1418640 1020.1
1418650 1023.1
1418660 1025.9
1418670 1025.9
1418680 1028.1
1418690 1030.0
1418700 1030.0
1418710 1032.3
1418720 1036.9
1418730 1039.8
1418740 1039.8
1418750 1040.1
1418760 1040.6
1418770 1040.6
1418780 1039.9
1418790 1040.3
1418800 1040.3
1418810 1042.7
1418820 1045.3
1418830 1045.3
1418840 1047.2
1418850 1048.3
1418860 1048.3
1418870 1050.8
1418880 1053.9
1418890 1053.9
1418900 1057.2
1418910 1059.9
1418920 1061.9
1418930 1061.9
1418940 1063.0
1418950 1063.5
1418960 1063.5
1418970 1064.9
1418980 1066.2
1418990 1066.2
1419000 1066.6
1419010 1065.9
1419020 1065.9
1419030 1065.6
1419040 1064.2
1419050 1064.2
1419060 1064.8
1419070 1066.7
1419080 1066.7
1419090 1069.6
1419100 1069.3
1419110 1067.8
1419120 1067.8
1419130 1065.7
1419140 1063.5
1419150 1063.5
1419160 1063.0
1419170 1065.5
1419180 1065.5
1419190 1065.7
1419200 1064.8
1419210 1064.8
1419220 1066.3
1419230 1065.9
1419240 1065.9
1419250 1067.0
1419260 1067.7
1419270 1070.0
1419280 1070.0
1419290 1066.8
1419300 1063.1
1419310 1063.1
1419320 1059.8
1419330 1055.2
1419340 1055.2
1419350 1051.4
1419360 1050.3
1419370 1050.3
1419380 1051.4
1419390 1054.5
1419400 1054.5
1419410 1059.7
1419420 1065.6
1419430 1065.6
1419440 1068.9
1419450 1065.3
1419460 1055.3
1419470 1055.3
1419480 1044.4
1419490 1046.7
1419500 1046.7
1419510 1054.8
1419520 1059.0
1419530 1059.0
1419540 1062.8
1419550 1063.6
1419560 1069.0
1419570 1066.3
1419580 1065.8
1419590 1065.8
1419600 1071.1
1419610 1077.3
1419620 1080.9
1419630 1080.9
1419640 1085.6
1419650 1088.6
1419660 1088.6
1419670 1087.9
1419680 1086.4
1419690 1086.4
1419700 1084.8
1419710 1083.6
1419720 1083.6
1419730 1081.6
1419740 1079.4
1419750 1079.4
1419760 1078.0
1419770 1077.1
1419780 1077.1
1419790 1076.7
1419800 1077.4
1419810 1076.9
1419820 1076.9
1419830 1072.6
1419840 1067.7
1419850 1067.7
1419860 1066.1
1419870 1068.1
1419880 1068.1
1419890 1071.3
1419900 1074.9
1419910 1074.9
1419920 1078.2
1419930 1079.2
1419940 1079.2
1419950 1080.3
1419960 1081.3
1419970 1079.0
1419980 1079.0
1419990 1075.2
