1400000 1365.4
1400010 1362.9
1400020 1360.7
1400030 1360.7
1400040 1358.6
1400050 1356.7
1400060 1356.7
1400070 1354.8
1400080 1353.1
1400090 1353.1
1400100 1351.9
1400110 1351.5
1400120 1351.5
1400130 1351.7
1400140 1351.2
1400150 1351.2
1400160 1350.6
1400170 1350.0
1400180 1350.0
1400190 1349.9
1400200 1349.6
1400210 1348.2
1400220 1348.2
1400230 1343.7
1400240 1337.7
1400250 1337.7
1400260 1331.8
1400270 1326.8
1400280 1326.8
1400290 1321.1
1400300 1315.5
1400310 1315.5
1400320 1310.9
1400330 1306.7
1400340 1306.7
1400350 1302.7
1400360 1299.5
1400370 1296.7
1400380 1301.1
1400390 1297.6
1400400 1292.7
1400410 1292.7
1400420 1284.5
1400430 1276.6
1400440 1276.6
1400450 1269.2
1400460 1261.9
1400470 1261.9
1400480 1254.3
1400490 1246.7
1400500 1246.7
1400510 1241.3
1400520 1240.2
1400530 1240.2
1400540 1238.1
1400550 1235.9
1400560 1234.4
1400570 1234.4
1400580 1237.8
1400590 1242.1
1400600 1242.1
1400610 1247.9
1400620 1253.2
1400630 1253.2
1400640 1258.7
1400650 1264.7
1400660 1264.7
1400670 1271.6
1400680 1277.6
1400690 1277.6
1400700 1284.3
1400710 1293.2
1400720 1298.2
1400730 1298.2
1400740 1299.5
1400750 1301.3
1400760 1301.3
1400770 1306.7
1400780 1310.1
1400790 1310.1
1400800 1307.3
1400810 1304.6
1400820 1304.6
1400830 1301.1
1400840 1298.5
1400850 1298.5
1400860 1297.7
1400870 1297.5
1400880 1297.5
1400890 1291.4
1400900 1284.9
1400910 1281.9
1400920 1281.9
1400930 1279.2
1400940 1277.5
1400950 1277.5
1400960 1276.7
1400970 1279.6
1400980 1279.6
1400990 1284.3
1401000 1289.2
1401010 1289.2
1401020 1294.7
1401030 1301.0
1401040 1301.0
1401050 1307.4
1401060 1314.5
1401070 1321.7
1401080 1321.7
1401090 1328.4
1401100 1333.1
1401110 1333.1
1401120 1338.4
1401130 1345.2
1401140 1345.2
1401150 1352.6
1401160 1363.2
1401170 1363.2
1401180 1368.6
1401190 1369.3
1401200 1369.3
1401210 1368.8
1401220 1368.1
1401230 1368.1
1401240 1367.5
1401250 1367.1
1401260 1366.8
1401270 1366.8
1401280 1366.7
1401290 1367.0
1401300 1367.0
1401310 1367.7
1401320 1369.2
1401330 1369.2
1401340 1371.5
1401350 1374.0
1401360 1374.0
1401370 1375.8
1401380 1378.9
1401390 1378.9
1401400 1381.5
1401410 1384.2
1401420 1387.6
1401430 1387.6
1401440 1390.7
1401450 1393.3
1401460 1393.3
1401470 1395.1
1401480 1399.5
1401490 1399.5
1401500 1404.9
1401510 1409.1
1401520 1409.1
1401530 1412.4
1401540 1417.5
1401550 1417.5
1401560 1424.0
1401570 1430.9
1401580 1430.9
1401590 1436.2
1401600 1440.7
1401610 1443.2
1401620 1443.2
1401630 1446.3
1401640 1450.6
1401650 1450.6
1401660 1454.1
1401670 1458.9
1401680 1458.9
1401690 1463.6
1401700 1467.9
1401710 1467.9
1401720 1472.3
1401730 1476.6
1401740 1476.6
1401750 1480.4
1401760 1484.3
1401770 1488.8
1401780 1488.8
1401790 1492.8
1401800 1496.9
1401810 1496.9
1401820 1500.9
1401830 1505.6
1401840 1505.6
1401850 1511.0
1401860 1516.6
1401870 1516.6
1401880 1521.2
1401890 1526.3
1401900 1523.8
1401910 1528.6
1401920 1533.3
1401930 1533.3
1401940 1538.1
1401950 1543.0
1401960 1547.9
1401970 1547.9
1401980 1552.4
1401990 1557.0
1402000 1557.0
1402010 1561.8
1402020 1566.5
1402030 1566.5
1402040 1571.0
1402050 1575.7
1402060 1575.7
1402070 1580.9
1402080 1585.7
1402090 1585.7
1402100 1589.2
1402110 1592.0
1402120 1594.2
1402130 1594.2
1402140 1596.1
1402150 1597.7
1402160 1597.7
1402170 1598.6
1402180 1598.6
1402190 1598.6
1402200 1597.7
1402210 1597.1
1402220 1597.1
1402230 1595.1
1402240 1593.0
1402250 1593.0
1402260 1591.6
1402270 1590.9
1402280 1590.9
1402290 1590.4
1402300 1588.8
1402310 1585.6
1402320 1585.6
1402330 1582.1
1402340 1578.8
1402350 1578.8
1402360 1575.3
1402370 1572.0
1402380 1572.0
1402390 1568.2
1402400 1563.1
1402410 1563.1
1402420 1558.5
1402430 1555.0
1402440 1555.0
1402450 1551.2
1402460 1546.1
1402470 1541.1
1402480 1541.1
1402490 1536.3
1402500 1531.3
1402510 1531.3
1402520 1526.4
1402530 1521.6
1402540 1521.6
1402550 1517.7
1402560 1513.8
1402570 1513.8
1402580 1504.2
1402590 1493.3
1402600 1493.3
1402610 1483.2
1402620 1480.1
1402630 1480.1
1402640 1491.2
1402650 1504.3
1402660 1512.2
1402670 1512.2
1402680 1514.4
1402690 1516.5
1402700 1516.5
1402710 1521.0
1402720 1528.0
1402730 1528.0
1402740 1536.3
1402750 1543.6
1402760 1543.6
1402770 1549.8
1402780 1554.8
1402790 1554.8
1402800 1561.1
1402810 1567.4
1402820 1571.7
1402830 1571.7
1402840 1576.0
1402850 1580.5
1402860 1580.5
1402870 1585.7
1402880 1590.7
1402890 1590.7
1402900 1595.5
1402910 1600.6
1402920 1600.6
1402930 1606.6
1402940 1612.2
1402950 1612.2
1402960 1616.7
1402970 1622.7
1402980 1622.7
1402990 1629.2
1403000 1634.8
1403010 1637.4
1403020 1637.4
1403030 1638.8
1403040 1641.9
1403050 1641.9
1403060 1645.7
1403070 1650.6
1403080 1650.6
1403090 1654.1
1403100 1657.0
1403110 1657.0
1403120 1659.4
1403130 1660.9
1403140 1660.9
1403150 1662.0
1403160 1663.6
1403170 1666.1
1403180 1666.1
1403190 1669.0
1403200 1671.4
1403210 1671.4
1403220 1673.1
1403230 1675.9
1403240 1675.9
1403250 1679.0
1403260 1681.8
1403270 1681.8
1403280 1684.0
1403290 1685.3
1403300 1685.3
1403310 1686.2
1403320 1686.7
1403330 1686.7
1403340 1687.0
1403350 1688.0
1403360 1689.6
1403370 1689.6
1403380 1691.4
1403390 1693.4
1403400 1693.4
1403410 1694.6
1403420 1695.8
1403430 1692.4
1403440 1692.9
1403450 1692.5
1403460 1692.5
1403470 1691.8
1403480 1692.3
1403490 1692.3
1403500 1692.4
1403510 1691.2
1403520 1691.2
1403530 1690.9
1403540 1690.6
1403550 1691.2
1403560 1691.2
1403570 1692.0
1403580 1692.9
1403590 1692.9
1403600 1693.6
1403610 1694.1
1403620 1694.1
1403630 1694.0
1403640 1693.8
1403650 1693.8
1403660 1693.8
1403670 1694.4
1403680 1694.4
1403690 1694.9
1403700 1694.9
1403710 1694.9
1403720 1694.9
1403730 1693.8
1403740 1692.1
1403750 1692.1
1403760 1690.2
1403770 1690.2
1403780 1690.2
1403790 1690.0
1403800 1689.0
1403810 1689.0
1403820 1687.3
1403830 1687.0
1403840 1687.0
1403850 1688.1
1403860 1688.5
1403870 1688.5
1403880 1687.5
1403890 1686.3
1403900 1685.2
1403910 1685.2
1403920 1683.9
1403930 1683.1
1403940 1683.1
1403950 1682.3
1403960 1681.0
1403970 1681.0
1403980 1679.2
1403990 1677.5
1404000 1677.5
1404010 1674.8
1404020 1671.0
1404030 1671.0
1404040 1668.9
1404050 1667.3
1404060 1663.8
1404070 1663.8
1404080 1659.4
1404090 1656.0
1404100 1656.0
1404110 1655.0
1404120 1656.3
1404130 1656.3
1404140 1659.9
1404150 1662.8
1404160 1662.8
1404170 1664.1
1404180 1663.3
1404190 1663.3
1404200 1662.5
1404210 1662.0
1404220 1662.0
1404230 1661.0
1404240 1659.5
1404250 1656.9
1404260 1656.9
1404270 1652.9
1404280 1648.4
1404290 1648.4
1404300 1645.4
1404310 1642.7
1404320 1642.7
1404330 1639.4
1404340 1636.1
1404350 1636.1
1404360 1633.2
1404370 1631.0
1404380 1631.0
1404390 1631.3
1404400 1634.2
1404410 1636.5
1404420 1636.5
1404430 1638.3
1404440 1638.5
1404450 1638.5
1404460 1637.0
1404470 1635.5
1404480 1635.5
1404490 1633.9
1404500 1633.1
1404510 1633.1
1404520 1632.1
1404530 1630.1
1404540 1630.1
1404550 1627.8
1404560 1625.5
1404570 1625.5
1404580 1622.3
1404590 1619.2
1404600 1615.8
1404610 1615.8
1404620 1612.9
1404630 1611.0
1404640 1611.0
1404650 1609.4
1404660 1608.6
1404670 1608.6
1404680 1608.8
1404690 1609.4
1404700 1609.4
1404710 1608.9
1404720 1607.5
1404730 1607.5
1404740 1605.7
1404750 1602.6
1404760 1598.2
1404770 1598.2
1404780 1593.2
1404790 1590.1
1404800 1590.1
1404810 1589.0
1404820 1589.2
1404830 1589.2
1404840 1590.7
1404850 1591.3
1404860 1591.3
1404870 1591.5
1404880 1592.0
1404890 1592.0
1404900 1592.2
1404910 1591.9
1404920 1591.9
1404930 1591.5
1404940 1591.3
1404950 1592.6
1404960 1592.6
1404970 1592.8
1404980 1591.9
1404990 1591.9
1405000 1587.6
1405010 1586.0
1405020 1586.0
1405030 1584.6
1405040 1583.2
1405050 1583.2
1405060 1581.7
1405070 1580.2
1405080 1580.2
1405090 1579.3
1405100 1579.0
1405110 1577.0
1405120 1577.0
1405130 1575.2
1405140 1575.4
1405150 1575.4
1405160 1575.6
1405170 1575.8
1405180 1575.8
1405190 1575.6
1405200 1574.3
1405210 1574.3
1405220 1572.4
1405230 1570.6
1405240 1570.6
1405250 1568.9
1405260 1567.2
1405270 1567.2
1405280 1565.3
1405290 1563.4
1405300 1560.6
1405310 1560.6
1405320 1556.9
1405330 1554.9
1405340 1554.9
1405350 1554.6
1405360 1554.3
1405370 1554.3
1405380 1553.5
1405390 1552.3
1405400 1552.3
1405410 1550.4
1405420 1548.7
1405430 1548.7
1405440 1547.4
1405450 1546.6
1405460 1547.1
1405470 1547.1
1405480 1546.7
1405490 1545.5
1405500 1545.5
1405510 1544.5
1405520 1543.3
1405530 1543.3
1405540 1541.6
1405550 1539.0
1405560 1539.0
1405570 1535.8
1405580 1532.3
1405590 1532.3
1405600 1528.1
1405610 1523.1
1405620 1523.1
1405630 1519.7
1405640 1516.0
1405650 1511.5
1405660 1511.5
1405670 1507.3
1405680 1504.2
1405690 1504.2
1405700 1501.0
1405710 1498.3
1405720 1498.3
1405730 1496.2
1405740 1493.1
1405750 1493.1
1405760 1489.3
1405770 1485.3
1405780 1485.3
1405790 1481.7
1405800 1479.3
1405810 1476.9
1405820 1476.9
1405830 1474.3
1405840 1472.0
1405850 1472.0
1405860 1469.9
1405870 1468.1
1405880 1468.1
1405890 1466.3
1405900 1464.1
1405910 1464.1
1405920 1461.6
1405930 1459.0
1405940 1459.0
1405950 1456.5
1405960 1454.1
1405970 1454.1
1405980 1451.5
1405990 1449.1
1406000 1446.2
1406010 1446.2
1406020 1443.1
1406030 1440.5
1406040 1440.5
1406050 1438.5
1406060 1436.8
1406070 1436.8
1406080 1435.1
1406090 1433.4
1406100 1433.4
1406110 1432.1
1406120 1430.7
1406130 1430.7
1406140 1429.0
1406150 1427.4
1406160 1425.9
1406170 1425.9
1406180 1424.0
1406190 1421.9
1406200 1421.9
1406210 1419.4
1406220 1416.8
1406230 1416.8
1406240 1414.7
1406250 1413.3
1406260 1413.3
1406270 1411.9
1406280 1410.6
1406290 1410.6
1406300 1409.6
1406310 1408.7
1406320 1408.7
1406330 1407.8
1406340 1406.7
1406350 1405.3
1406360 1405.3
1406370 1403.3
1406380 1400.4
1406390 1400.4
1406400 1397.2
1406410 1392.4
1406420 1392.4
1406430 1386.9
1406440 1383.3
1406450 1383.3
1406460 1381.3
1406470 1380.0
1406480 1380.0
1406490 1378.7
1406500 1376.3
1406510 1373.3
1406520 1373.3
1406530 1371.7
1406540 1370.9
1406550 1370.9
1406560 1369.8
1406570 1368.4
1406580 1368.4
1406590 1366.0
1406600 1358.9
1406610 1358.9
1406620 1352.0
1406630 1343.7
1406640 1343.7
1406650 1339.0
1406660 1337.4
1406670 1337.4
1406680 1336.4
1406690 1334.1
1406700 1328.6
1406710 1328.6
1406720 1325.8
1406730 1323.7
1406740 1323.7
1406750 1320.7
1406760 1316.5
1406770 1316.5
1406780 1313.1
1406790 1308.8
1406800 1308.8
1406810 1304.8
1406820 1300.6
1406830 1300.6
1406840 1295.2
1406850 1291.0
1406860 1287.1
1406870 1287.1
1406880 1283.2
1406890 1279.4
1406900 1279.4
1406910 1276.4
1406920 1273.3
1406930 1273.3
1406940 1270.8
1406950 1268.4
1406960 1268.4
1406970 1266.5
1406980 1264.6
1406990 1264.6
1407000 1262.3
1407010 1259.6
1407020 1259.6
1407030 1256.2
1407040 1252.7
1407050 1251.2
1407060 1251.2
1407070 1249.4
1407080 1246.5
1407090 1246.5
1407100 1243.4
1407110 1240.5
1407120 1240.5
1407130 1237.6
1407140 1234.8
1407150 1234.8
1407160 1231.9
1407170 1228.8
1407180 1228.8
1407190 1225.9
1407200 1223.0
1407210 1219.5
1407220 1219.5
1407230 1215.9
1407240 1211.8
1407250 1211.8
1407260 1207.7
1407270 1203.1
1407280 1203.1
1407290 1197.8
1407300 1192.2
1407310 1192.2
1407320 1186.8
1407330 1182.1
1407340 1182.1
1407350 1177.2
1407360 1172.2
1407370 1172.2
1407380 1166.0
1407390 1159.5
1407400 1153.4
1407410 1153.4
1407420 1148.0
1407430 1143.4
1407440 1143.4
1407450 1139.6
1407460 1135.5
1407470 1135.5
1407480 1130.5
1407490 1125.5
1407500 1125.5
1407510 1121.1
1407520 1114.3
1407530 1114.3
1407540 1105.4
1407550 1093.4
1407560 1082.7
1407570 1082.7
1407580 1073.3
1407590 1064.2
1407600 1064.2
1407610 1054.7
1407620 1045.1
1407630 1045.1
1407640 1037.0
1407650 1029.7
1407660 1029.7
1407670 1022.8
1407680 1015.9
1407690 1015.9
1407700 1010.7
1407710 1008.1
1407720 1008.1
1407730 1003.5
1407740 998.0
1407750 998.9
1407760 998.9
1407770 1005.9
1407780 1009.3
1407790 1009.3
1407800 1016.2
1407810 1023.2
1407820 1023.2
1407830 1027.3
1407840 1030.8
1407850 1030.8
1407860 1033.3
1407870 1035.6
1407880 1035.6
1407890 1038.0
1407900 1039.4
1407910 1041.0
1407920 1041.0
1407930 1042.2
1407940 1042.7
1407950 1042.7
1407960 1043.0
1407970 1045.4
1407980 1045.4
1407990 1048.4
1408000 1049.9
1408010 1049.9
1408020 1051.5
1408030 1055.6
1408040 1055.6
1408050 1061.3
1408060 1068.9
1408070 1068.9
1408080 1076.5
1408090 1084.1
1408100 1089.8
1408110 1089.8
1408120 1094.2
1408130 1100.8
1408140 1100.8
1408150 1109.6
1408160 1116.7
1408170 1116.7
1408180 1123.7
1408190 1132.4
1408200 1132.4
1408210 1141.8
1408220 1151.1
1408230 1151.1
1408240 1162.7
1408250 1171.3
1408260 1171.3
1408270 1173.5
1408280 1175.0
1408290 1176.5
1408300 1176.5
1408310 1177.6
1408320 1178.5
1408330 1178.5
1408340 1179.6
1408350 1181.0
1408360 1181.0
1408370 1182.4
1408380 1183.9
1408390 1183.9
1408400 1185.4
1408410 1187.1
1408420 1187.1
1408430 1188.6
1408440 1189.8
1408450 1191.2
1408460 1191.2
1408470 1193.4
1408480 1195.5
1408490 1195.5
1408500 1197.6
1408510 1199.6
1408520 1199.6
1408530 1201.1
1408540 1202.8
1408550 1202.8
1408560 1204.5
1408570 1206.3
1408580 1206.3
1408590 1207.8
1408600 1208.4
1408610 1208.4
1408620 1208.4
1408630 1208.5
1408640 1208.5
1408650 1208.5
1408660 1208.3
1408670 1208.5
1408680 1208.5
1408690 1208.8
1408700 1209.0
1408710 1209.0
1408720 1209.7
1408730 1210.6
1408740 1210.6
1408750 1211.7
1408760 1212.8
1408770 1212.8
1408780 1213.6
1408790 1214.8
1408800 1216.1
1408810 1216.1
1408820 1217.3
1408830 1218.3
1408840 1218.3
1408850 1219.3
1408860 1220.1
1408870 1220.1
1408880 1220.8
1408890 1221.4
1408900 1221.4
1408910 1222.0
1408920 1222.9
1408930 1222.9
1408940 1223.1
1408950 1223.1
1408960 1223.1
1408970 1223.0
1408980 1222.8
1408990 1222.6
1409000 1222.6
1409010 1222.5
1409020 1222.4
1409030 1222.4
1409040 1222.3
1409050 1221.9
1409060 1221.9
1409070 1221.3
1409080 1220.7
1409090 1220.7
1409100 1220.1
1409110 1219.5
1409120 1219.5
1409130 1218.8
1409140 1217.9
1409150 1216.8
1409160 1216.8
1409170 1215.8
1409180 1214.5
1409190 1214.5
1409200 1213.8
1409210 1212.6
1409220 1212.6
1409230 1211.1
1409240 1210.3
1409250 1210.3
1409260 1208.7
1409270 1208.2
1409280 1208.2
1409290 1207.8
1409300 1208.2
1409310 1208.2
1409320 1207.7
1409330 1207.2
1409340 1207.0
1409350 1207.0
1409360 1207.1
1409370 1207.3
1409380 1207.3
1409390 1207.7
1409400 1208.3
1409410 1208.3
1409420 1209.1
1409430 1209.9
1409440 1209.9
1409450 1210.3
1409460 1210.6
1409470 1210.6
1409480 1210.9
1409490 1211.1
1409500 1210.7
1409510 1210.7
1409520 1210.3
1409530 1210.3
1409540 1210.3
1409550 1210.3
1409560 1210.3
1409570 1210.3
1409580 1208.6
1409590 1205.5
1409600 1205.5
1409610 1203.1
1409620 1199.4
1409630 1199.4
1409640 1190.9
1409650 1181.6
1409660 1181.6
1409670 1174.1
1409680 1174.5
1409690 1179.9
1409700 1179.9
1409710 1188.1
1409720 1196.8
1409730 1196.8
1409740 1204.8
1409750 1211.7
1409760 1211.7
1409770 1215.1
1409780 1214.3
1409790 1214.3
1409800 1213.3
1409810 1212.1
1409820 1212.1
1409830 1210.5
1409840 1212.5
1409850 1214.0
1409860 1214.0
1409870 1214.7
1409880 1215.1
1409890 1215.1
1409900 1211.5
1409910 1211.0
1409920 1211.0
1409930 1210.3
1409940 1209.5
1409950 1209.5
1409960 1208.9
1409970 1208.4
1409980 1208.4
1409990 1207.9
1410000 1207.9
1410010 1207.9
1410020 1207.9
1410030 1207.7
1410040 1207.7
1410050 1207.7
1410060 1208.0
1410070 1208.2
1410080 1208.2
1410090 1208.2
1410100 1208.2
1410110 1208.2
1410120 1208.7
1410130 1210.0
1410140 1210.0
1410150 1211.8
1410160 1213.1
1410170 1213.1
1410180 1213.8
1410190 1214.0
1410200 1214.0
1410210 1214.0
1410220 1213.5
1410230 1212.6
1410240 1212.6
1410250 1210.8
1410260 1210.2
1410270 1210.2
1410280 1210.2
1410290 1210.2
1410300 1210.2
1410310 1209.7
1410320 1209.1
1410330 1209.1
1410340 1208.9
1410350 1208.7
1410360 1208.7
1410370 1208.0
1410380 1207.0
1410390 1205.8
1410400 1205.8
1410410 1204.7
1410420 1203.6
1410430 1203.6
1410440 1202.2
1410450 1200.2
1410460 1200.2
1410470 1198.7
1410480 1197.4
1410490 1197.4
1410500 1196.1
1410510 1194.6
1410520 1194.6
1410530 1193.0
1410540 1191.6
1410550 1190.5
1410560 1190.5
1410570 1189.5
1410580 1188.3
1410590 1188.3
1410600 1187.5
1410610 1187.0
1410620 1187.0
1410630 1186.3
1410640 1185.4
1410650 1185.4
1410660 1184.3
1410670 1183.1
1410680 1183.1
1410690 1182.0
1410700 1181.2
1410710 1181.2
1410720 1180.2
1410730 1178.8
1410740 1177.7
1410750 1177.7
1410760 1175.9
1410770 1173.6
1410780 1173.6
1410790 1171.8
1410800 1169.4
1410810 1169.4
1410820 1166.5
1410830 1163.6
1410840 1163.6
1410850 1159.3
1410860 1154.4
1410870 1154.4
1410880 1150.4
1410890 1148.4
1410900 1146.6
1410910 1146.6
1410920 1144.0
1410930 1142.4
1410940 1142.4
1410950 1142.0
1410960 1141.4
1410970 1141.4
1410980 1137.3
1410990 1131.5
1411000 1131.5
1411010 1124.8
1411020 1116.7
1411030 1116.7
1411040 1108.1
1411050 1099.2
1411060 1099.2
1411070 1089.8
1411080 1080.5
1411090 1075.3
1411100 1075.3
1411110 1073.2
1411120 1073.7
1411130 1073.7
1411140 1073.0
1411150 1071.1
1411160 1071.1
1411170 1070.8
1411180 1072.1
1411190 1072.1
1411200 1074.5
1411210 1077.7
1411220 1077.7
1411230 1078.9
1411240 1081.9
1411250 1086.8
1411260 1086.8
1411270 1090.8
1411280 1091.5
1411290 1091.5
1411300 1090.8
1411310 1090.1
1411320 1090.1
1411330 1089.3
1411340 1088.6
1411350 1088.6
1411360 1088.1
1411370 1086.9
1411380 1086.9
1411390 1083.7
1411400 1077.3
1411410 1077.3
1411420 1074.7
1411430 1074.6
1411440 1073.7
1411450 1073.7
1411460 1072.2
1411470 1070.4
1411480 1070.4
1411490 1068.5
1411500 1066.7
1411510 1066.7
1411520 1065.1
1411530 1063.6
1411540 1063.6
1411550 1061.8
1411560 1059.9
1411570 1059.9
1411580 1058.2
1411590 1056.7
1411600 1055.5
1411610 1053.3
1411620 1052.4
1411630 1051.6
1411640 1051.6
1411650 1051.2
1411660 1050.9
1411670 1050.9
1411680 1050.9
1411690 1051.0
1411700 1051.0
1411710 1051.4
1411720 1051.8
1411730 1051.8
1411740 1052.0
1411750 1052.4
1411760 1052.4
1411770 1052.8
1411780 1053.7
1411790 1053.1
1411800 1053.1
1411810 1053.5
1411820 1054.2
1411830 1054.2
1411840 1055.4
1411850 1055.2
1411860 1055.2
1411870 1054.0
1411880 1051.5
1411890 1051.5
1411900 1047.9
1411910 1044.2
1411920 1044.2
1411930 1040.9
1411940 1038.0
1411950 1034.8
1411960 1034.8
1411970 1031.1
1411980 1027.2
1411990 1027.2
1412000 1022.8
1412010 1017.9
1412020 1017.9
1412030 1013.2
1412040 1008.7
1412050 1008.7
1412060 1003.9
1412070 998.4
1412080 998.4
1412090 992.5
1412100 985.0
1412110 985.0
1412120 975.2
1412130 963.2
1412140 952.6
1412150 952.6
1412160 943.7
1412170 934.9
1412180 934.9
1412190 925.8
1412200 917.5
1412210 917.5
1412220 912.1
1412230 909.6
1412240 909.6
1412250 904.6
1412260 902.2
1412270 902.2
1412280 907.5
1412290 915.0
1412300 917.3
1412310 917.3
1412320 918.1
1412330 919.1
1412340 919.1
1412350 920.3
1412360 921.9
1412370 921.9
1412380 924.0
1412390 926.5
1412400 926.5
1412410 927.9
1412420 928.1
1412430 928.1
1412440 928.2
1412450 928.4
1412460 928.4
1412470 928.9
1412480 931.4
1412490 937.6
1412500 937.6
1412510 945.5
1412520 953.8
1412530 953.8
1412540 962.4
1412550 969.6
1412560 969.6
1412570 971.3
1412580 969.5
1412590 969.5
1412600 963.8
1412610 959.4
1412620 959.4
1412630 954.6
1412640 948.2
1412650 943.1
1412660 943.1
1412670 938.5
1412680 934.0
1412690 934.0
1412700 930.0
1412710 927.4
1412720 927.4
1412730 928.3
1412740 930.9
1412750 930.9
1412760 934.1
1412770 935.2
1412780 935.2
1412790 935.5
1412800 936.5
1412810 936.5
1412820 938.4
1412830 940.9
1412840 943.4
1412850 943.4
1412860 945.4
1412870 944.7
1412880 944.7
1412890 944.7
1412900 945.5
1412910 945.5
1412920 948.4
1412930 952.7
1412940 952.7
1412950 957.9
1412960 962.3
1412970 962.3
1412980 959.9
1412990 954.5
1413000 950.4
1413010 950.4
1413020 946.4
1413030 941.7
1413040 941.7
1413050 936.0
1413060 930.5
1413070 930.5
1413080 924.7
1413090 917.8
1413100 917.8
1413110 910.5
1413120 903.3
1413130 903.3
1413140 895.8
1413150 888.4
1413160 888.4
1413170 880.8
1413180 873.4
1413190 865.5
1413200 865.5
1413210 858.2
1413220 855.5
1413230 855.5
1413240 855.4
1413250 854.7
1413260 854.7
1413270 854.1
1413280 853.4
1413290 853.4
1413300 853.0
1413310 852.6
1413320 852.6
1413330 852.0
1413340 851.7
1413350 850.6
1413360 848.9
1413370 849.4
1413380 848.8
1413390 848.8
1413400 849.2
1413410 852.8
1413420 852.8
1413430 856.3
1413440 860.2
1413450 860.2
1413460 865.3
1413470 869.0
1413480 869.0
1413490 870.9
1413500 871.6
1413510 871.6
1413520 872.2
1413530 874.0
1413540 876.8
1413550 876.8
1413560 881.6
1413570 887.5
1413580 887.5
1413590 889.4
1413600 886.5
1413610 886.5
1413620 881.5
1413630 875.4
1413640 875.4
1413650 869.4
1413660 865.3
1413670 865.3
1413680 860.5
1413690 855.8
1413700 852.1
1413710 852.1
1413720 849.1
1413730 844.3
1413740 844.3
1413750 840.0
1413760 837.9
1413770 837.9
1413780 835.6
1413790 831.7
1413800 831.7
1413810 827.7
1413820 824.8
1413830 824.8
1413840 823.3
1413850 820.8
1413860 820.8
1413870 814.9
1413880 809.5
1413890 806.5
1413900 806.5
1413910 805.0
1413920 803.4
1413930 803.4
1413940 801.3
1413950 799.3
1413960 799.3
1413970 797.7
1413980 796.4
1413990 796.4
1414000 794.3
1414010 792.6
1414020 792.6
1414030 792.7
1414040 793.5
1414050 793.9
1414060 793.9
1414070 793.5
1414080 792.6
1414090 792.6
1414100 791.7
1414110 790.6
1414120 790.6
1414130 789.7
1414140 788.7
1414150 788.7
1414160 788.9
1414170 790.2
1414180 790.2
1414190 791.8
1414200 792.5
1414210 792.5
1414220 791.7
1414230 790.0
1414240 788.4
1414250 788.4
1414260 787.3
1414270 786.6
1414280 786.6
1414290 786.3
1414300 784.9
1414310 784.9
1414320 784.7
1414330 785.9
1414340 785.9
1414350 787.7
1414360 788.6
1414370 788.6
1414380 788.4
1414390 788.6
1414400 789.4
1414410 789.4
1414420 789.8
1414430 787.9
1414440 787.9
1414450 785.6
1414460 784.9
1414470 784.9
1414480 785.1
1414490 785.6
1414500 785.6
1414510 786.3
1414520 785.6
1414530 785.6
1414540 785.9
1414550 786.4
1414560 786.4
1414570 786.4
1414580 784.4
1414590 783.5
1414600 783.5
1414610 783.5
1414620 784.3
1414630 784.3
1414640 783.7
1414650 783.8
1414660 783.8
1414670 784.3
1414680 783.7
1414690 783.7
1414700 784.8
1414710 788.7
1414720 788.7
1414730 788.0
1414740 785.5
1414750 785.5
1414760 785.2
1414770 786.4
1414780 789.2
1414790 789.2
1414800 792.2
1414810 796.8
1414820 796.8
1414830 798.3
1414840 798.6
1414850 798.6
1414860 795.9
1414870 793.2
1414880 793.2
1414890 789.6
1414900 788.9
1414910 788.9
1414920 788.7
1414930 786.4
1414940 783.5
1414950 783.5
1414960 780.7
1414970 778.3
1414980 778.3
1414990 776.7
1415000 775.2
1415010 775.2
1415020 774.2
1415030 773.0
1415040 773.0
1415050 772.7
1415060 771.7
1415070 771.7
1415080 770.5
1415090 769.3
1415100 769.3
1415110 767.9
1415120 766.7
1415130 765.5
1415140 765.5
1415150 764.5
1415160 760.9
1415170 760.9
1415180 760.2
1415190 759.7
1415200 759.7
1415210 759.2
1415220 758.7
1415230 758.7
1415240 758.2
1415250 758.0
1415260 758.0
1415270 757.8
1415280 758.0
1415290 758.3
1415300 758.3
1415310 758.8
1415320 759.2
1415330 759.2
1415340 759.9
1415350 760.3
1415360 760.3
1415370 760.5
1415380 760.6
1415390 760.6
1415400 761.1
1415410 762.2
1415420 762.2
1415430 763.4
1415440 764.6
1415450 764.6
1415460 765.1
1415470 765.6
1415480 764.8
1415490 764.8
1415500 761.7
1415510 761.3
1415520 761.3
1415530 760.7
1415540 760.1
1415550 760.1
1415560 759.4
1415570 758.9
1415580 758.9
1415590 758.4
1415600 758.1
1415610 758.1
1415620 757.8
1415630 757.6
1415640 757.4
1415650 757.4
1415660 757.0
1415670 756.6
1415680 756.6
1415690 756.0
1415700 754.7
1415710 754.7
1415720 752.1
1415730 749.1
1415740 749.1
1415750 747.0
1415760 746.3
1415770 746.3
1415780 745.9
1415790 743.9
1415800 743.9
1415810 741.4
1415820 740.9
1415830 741.0
1415840 741.0
1415850 741.6
1415860 741.8
1415870 741.8
1415880 742.4
1415890 743.8
1415900 743.8
1415910 746.0
1415920 750.2
1415930 750.2
1415940 755.6
1415950 762.8
1415960 762.8
1415970 770.4
1415980 777.0
1415990 783.2
1416000 783.2
1416010 787.0
1416020 789.6
1416030 789.6
1416040 792.4
1416050 794.2
1416060 794.2
1416070 794.7
1416080 795.1
1416090 795.1
1416100 795.7
1416110 796.7
1416120 796.7
1416130 798.8
1416140 802.9
1416150 802.9
1416160 806.7
1416170 810.4
1416180 813.4
1416190 813.4
1416200 814.8
1416210 815.0
1416220 815.0
1416230 815.1
1416240 814.5
1416250 814.5
1416260 813.0
1416270 811.2
1416280 811.2
1416290 808.7
1416300 805.1
1416310 805.1
1416320 802.4
1416330 800.0
1416340 796.5
1416350 796.5
1416360 793.0
1416370 790.0
1416380 790.0
1416390 787.6
1416400 785.6
1416410 785.6
1416420 783.5
1416430 782.0
1416440 782.0
1416450 783.1
1416460 783.3
1416470 783.3
1416480 781.1
1416490 780.7
1416500 780.7
1416510 780.8
1416520 779.5
1416530 779.0
1416540 779.0
1416550 780.0
1416560 781.3
1416570 781.3
1416580 784.0
1416590 786.9
1416600 786.9
1416610 786.4
1416620 787.9
1416630 787.9
1416640 791.3
1416650 795.3
1416660 795.3
1416670 797.2
1416680 799.7
1416690 798.9
1416700 798.9
1416710 797.6
1416720 795.5
1416730 795.5
1416740 785.1
1416750 772.1
1416760 772.1
1416770 762.3
1416780 751.8
1416790 751.8
1416800 753.0
1416810 763.1
1416820 763.1
1416830 772.4
1416840 784.1
1416850 784.1
1416860 802.8
1416870 817.1
1416880 822.6
1416890 822.6
1416900 826.7
1416910 832.5
1416920 832.5
1416930 845.0
1416940 856.3
1416950 856.3
1416960 858.6
1416970 860.1
1416980 860.1
1416990 870.3
1417000 873.0
1417010 873.0
1417020 873.1
1417030 874.5
1417040 875.4
1417050 875.4
1417060 876.5
1417070 878.5
1417080 878.5
1417090 877.8
1417100 875.9
1417110 875.9
1417120 875.0
1417130 871.3
1417140 871.3
1417150 871.4
1417160 870.3
1417170 870.3
1417180 869.0
1417190 864.4
1417200 864.4
1417210 864.1
1417220 881.1
1417230 891.4
1417240 891.4
1417250 894.2
1417260 899.5
1417270 899.5
1417280 902.2
1417290 900.6
1417300 900.6
1417310 900.7
1417320 902.0
1417330 902.0
1417340 900.8
1417350 904.2
1417360 904.2
1417370 907.8
1417380 910.0
1417390 912.1
1417400 912.1
1417410 914.6
1417420 916.9
1417430 916.9
1417440 918.4
1417450 921.7
1417460 921.7
1417470 923.3
1417480 925.8
1417490 925.8
1417500 927.6
1417510 927.1
1417520 927.1
1417530 925.4
1417540 928.3
1417550 928.3
1417560 933.1
1417570 933.9
1417580 936.4
1417590 936.4
1417600 938.5
1417610 939.9
1417620 939.9
1417630 941.9
1417640 945.5
1417650 945.5
1417660 946.9
1417670 947.1
1417680 947.1
1417690 947.7
1417700 951.5
1417710 951.5
1417720 955.6
1417730 960.9
1417740 966.5
1417750 966.5
1417760 970.7
1417770 972.6
1417780 972.6
1417790 973.2
1417800 972.8
1417810 972.8
1417820 971.7
1417830 971.9
1417840 971.9
1417850 973.8
1417860 976.9
1417870 976.9
1417880 979.4
1417890 982.4
1417900 982.4
1417910 988.4
1417920 994.1
1417930 998.4
1417940 998.4
1417950 1000.7
1417960 999.8
1417970 999.8
1417980 999.6
1417990 1002.7
1418000 1002.7
1418010 1004.9
1418020 1003.8
1418030 1003.8
1418040 1003.2
1418050 1006.9
1418060 1006.9
1418070 1010.3
1418080 1012.7
1418090 1014.6
1418100 1014.6
1418110 1018.0
1418120 1018.6
1418130 1018.6
1418140 1020.5
1418150 1024.1
1418160 1024.1
1418170 1024.1
1418180 1024.9
1418190 1024.9
1418200 1027.4
1418210 1027.9
1418220 1027.9
1418230 1029.3
1418240 1032.6
1418250 1032.6
1418260 1036.7
1418270 1039.2
1418280 1038.2
1418290 1038.2
1418300 1038.6
1418310 1041.2
1418320 1041.2
1418330 1044.9
1418340 1049.8
1418350 1049.8
1418360 1051.9
1418370 1054.0
1418380 1054.0
1418390 1057.2
1418400 1058.2
1418410 1058.2
1418420 1061.1
1418430 1065.9
1418440 1070.0
1418450 1070.0
1418460 1069.5
1418470 1068.5
1418480 1068.5
1418490 1062.6
1418500 1061.9
1418510 1061.9
1418520 1071.5
1418530 1077.9
1418540 1077.9
1418550 1082.9
1418560 1087.4
1418570 1087.4
1418580 1091.8
1418590 1096.5
1418600 1096.5
1418610 1100.6
1418620 1103.5
1418630 1106.2
1418640 1106.2
1418650 1112.8
1418660 1119.0
1418670 1119.0
1418680 1124.3
1418690 1128.8
1418700 1128.8
1418710 1131.9
1418720 1135.2
1418730 1135.2
1418740 1142.6
1418750 1147.8
1418760 1147.8
1418770 1150.7
1418780 1153.2
1418790 1155.5
1418800 1155.5
1418810 1154.7
1418820 1153.9
1418830 1153.9
1418840 1156.3
1418850 1159.3
1418860 1159.3
1418870 1160.3
1418880 1165.3
1418890 1165.3
1418900 1163.1
1418910 1161.4
1418920 1161.4
1418930 1161.7
1418940 1163.9
1418950 1163.9
1418960 1164.4
1418970 1165.3
1418980 1163.5
1418990 1163.5
1419000 1160.2
1419010 1157.9
1419020 1157.9
1419030 1156.8
1419040 1156.3
1419050 1156.3
1419060 1153.6
1419070 1152.4
1419080 1152.4
1419090 1154.4
1419100 1154.9
1419110 1154.9
1419120 1152.8
1419130 1152.3
1419140 1151.7
1419150 1151.7
1419160 1151.6
1419170 1151.3
1419180 1151.3
1419190 1150.6
1419200 1146.0
1419210 1146.0
1419220 1142.5
1419230 1140.4
1419240 1140.4
1419250 1140.0
1419260 1138.3
1419270 1138.3
1419280 1135.1
1419290 1130.4
1419300 1130.4
1419310 1123.7
1419320 1119.2
1419330 1117.0
1419340 1117.0
1419350 1116.0
1419360 1118.5
1419370 1118.5
1419380 1124.5
1419390 1131.2
1419400 1131.2
1419410 1137.7
1419420 1140.2
1419430 1140.2
1419440 1136.4
1419450 1129.0
1419460 1129.0
1419470 1119.7
1419480 1114.0
1419490 1111.6
1419500 1111.6
1419510 1108.2
1419520 1112.5
1419530 1112.5
1419540 1123.7
1419550 1131.8
1419560 1131.8
1419570 1134.8
1419580 1130.9
1419590 1130.9
1419600 1127.5
1419610 1127.6
1419620 1127.6
1419630 1130.4
1419640 1135.3
1419650 1135.3
1419660 1140.6
1419670 1146.1
1419680 1148.4
1419690 1148.4
1419700 1148.3
1419710 1148.6
1419720 1148.6
1419730 1147.7
1419740 1147.9
1419750 1147.9
1419760 1146.9
1419770 1144.8
1419780 1144.8
1419790 1141.7
1419800 1137.4
1419810 1137.4
1419820 1131.6
1419830 1130.9
1419840 1130.9
1419850 1131.6
1419860 1130.2
1419870 1128.1
1419880 1128.1
1419890 1128.0
1419900 1127.0
1419910 1127.0
1419920 1125.1
1419930 1124.3
1419940 1124.3
1419950 1122.2
1419960 1120.1
1419970 1120.1
1419980 1117.6
1419990 1114.6
