1400000 1424.8
1400010 1424.7
1400020 1424.7
1400030 1424.9
1400040 1425.6
1400050 1425.6
1400060 1426.2
1400070 1427.6
1400080 1427.6
1400090 1429.5
1400100 1431.6
1400110 1433.5
1400120 1433.5
1400130 1435.4
1400140 1437.6
1400150 1437.6
1400160 1438.7
1400170 1441.0
1400180 1441.0
1400190 1445.4
1400200 1450.7
1400210 1450.7
1400220 1456.3
1400230 1462.5
1400240 1462.5
1400250 1468.5
1400260 1474.8
1400270 1474.8
1400280 1481.3
1400290 1488.0
1400300 1494.9
1400310 1494.9
1400320 1500.6
1400330 1507.2
1400340 1507.2
1400350 1511.4
1400360 1515.8
1400370 1515.8
1400380 1520.9
1400390 1526.1
1400400 1526.1
1400410 1530.9
1400420 1536.5
1400430 1536.5
1400440 1542.5
1400450 1549.1
1400460 1555.8
1400470 1555.8
1400480 1562.5
1400490 1569.6
1400500 1569.6
1400510 1575.8
1400520 1582.1
1400530 1582.1
1400540 1589.1
1400550 1596.0
1400560 1596.0
1400570 1602.3
1400580 1608.3
1400590 1608.3
1400600 1614.5
1400610 1621.3
1400620 1621.3
1400630 1628.3
1400640 1633.2
1400650 1638.4
1400660 1638.4
1400670 1642.5
1400680 1644.8
1400690 1644.8
1400700 1646.7
1400710 1649.3
1400720 1649.3
1400730 1651.5
1400740 1652.6
1400750 1652.6
1400760 1654.1
1400770 1655.2
1400780 1655.2
1400790 1655.3
1400800 1655.3
1400810 1655.6
1400820 1655.6
1400830 1655.7
1400840 1655.2
1400850 1655.2
1400860 1654.2
1400870 1653.4
1400880 1653.4
1400890 1652.3
1400900 1650.8
1400910 1650.8
1400920 1649.5
1400930 1648.4
1400940 1648.4
1400950 1647.3
1400960 1646.5
1400970 1646.5
1400980 1645.6
1400990 1645.0
1401000 1643.9
1401010 1643.9
1401020 1641.3
1401030 1638.0
1401040 1638.0
1401050 1635.2
1401060 1633.4
1401070 1633.4
1401080 1632.3
1401090 1630.1
1401100 1630.1
1401110 1628.6
1401120 1628.4
1401130 1628.4
1401140 1626.3
1401150 1626.0
1401160 1625.2
1401170 1625.2
1401180 1622.6
1401190 1621.2
1401200 1621.2
1401210 1619.5
1401220 1620.2
1401230 1620.2
1401240 1622.3
1401250 1624.5
1401260 1624.5
1401270 1624.9
1401280 1622.6
1401290 1622.6
1401300 1618.5
1401310 1617.3
1401320 1617.3
1401330 1621.5
1401340 1626.7
1401350 1628.4
1401360 1628.4
1401370 1626.9
1401380 1630.3
1401390 1630.3
1401400 1631.3
1401410 1627.4
1401420 1627.4
1401430 1623.9
1401440 1627.3
1401450 1627.3
1401460 1634.3
1401470 1639.2
1401480 1639.2
1401490 1642.7
1401500 1647.9
1401510 1642.7
1401520 1645.1
1401530 1643.1
1401540 1639.5
1401550 1639.5
1401560 1636.3
1401570 1637.2
1401580 1637.2
1401590 1637.5
1401600 1635.9
1401610 1635.9
1401620 1627.8
1401630 1620.6
1401640 1620.6
1401650 1615.4
1401660 1611.2
1401670 1611.2
1401680 1609.9
1401690 1609.4
1401700 1606.8
1401710 1606.8
1401720 1604.6
1401730 1603.6
1401740 1603.6
1401750 1603.1
1401760 1607.7
1401770 1607.7
1401780 1615.7
1401790 1625.3
1401800 1625.3
1401810 1634.6
1401820 1642.7
1401830 1642.7
1401840 1649.8
1401850 1655.5
1401860 1655.5
1401870 1661.1
1401880 1667.2
1401890 1674.1
1401900 1674.1
1401910 1679.3
1401920 1685.0
1401930 1685.0
1401940 1690.4
1401950 1696.2
1401960 1696.2
1401970 1701.7
1401980 1706.7
1401990 1706.7
1402000 1710.3
1402010 1714.9
1402020 1714.9
1402030 1719.3
1402040 1721.8
1402050 1724.0
1402060 1724.0
1402070 1729.3
1402080 1735.7
1402090 1735.7
1402100 1741.1
1402110 1746.3
1402120 1746.3
1402130 1751.6
1402140 1755.9
1402150 1755.9
1402160 1760.6
1402170 1764.7
1402180 1764.7
1402190 1771.3
1402200 1779.8
1402210 1779.8
1402220 1786.5
1402230 1791.7
1402240 1796.1
1402250 1796.1
1402260 1800.0
1402270 1804.4
1402280 1804.4
1402290 1807.9
1402300 1812.0
1402310 1812.0
1402320 1816.0
1402330 1819.7
1402340 1819.7
1402350 1823.7
1402360 1827.6
1402370 1827.6
1402380 1832.3
1402390 1837.1
1402400 1842.1
1402410 1842.1
1402420 1846.9
1402430 1851.7
1402440 1851.7
1402450 1856.5
1402460 1860.2
1402470 1860.2
1402480 1864.0
1402490 1868.5
1402500 1868.5
1402510 1872.9
1402520 1876.8
1402530 1876.8
1402540 1880.6
1402550 1884.1
1402560 1884.1
1402570 1887.1
1402580 1889.5
1402590 1891.5
1402600 1891.5
1402610 1893.0
1402620 1894.6
1402630 1894.6
1402640 1895.2
1402650 1895.7
1402660 1895.7
1402670 1896.2
1402680 1895.0
1402690 1895.0
1402700 1893.3
1402710 1891.6
1402720 1891.6
1402730 1889.6
1402740 1887.5
1402750 1886.7
1402760 1886.7
1402770 1886.2
1402780 1883.9
1402790 1883.9
1402800 1881.2
1402810 1878.0
1402820 1878.0
1402830 1875.9
1402840 1874.6
1402850 1874.6
1402860 1871.9
1402870 1869.1
1402880 1869.1
1402890 1867.2
1402900 1860.4
1402910 1860.4
1402920 1850.8
1402930 1844.7
1402940 1838.3
1402950 1838.3
1402960 1831.1
1402970 1824.9
1402980 1824.9
1402990 1824.7
1403000 1833.1
1403010 1833.1
1403020 1843.5
1403030 1853.1
1403040 1852.4
1403050 1861.0
1403060 1867.0
1403070 1867.0
1403080 1872.9
1403090 1878.3
1403100 1878.3
1403110 1883.2
1403120 1886.7
1403130 1890.1
1403140 1890.1
1403150 1894.1
1403160 1897.9
1403170 1897.9
1403180 1900.8
1403190 1903.1
1403200 1903.1
1403210 1905.3
1403220 1907.2
1403230 1907.2
1403240 1909.5
1403250 1912.9
1403260 1912.9
1403270 1917.3
1403280 1921.4
1403290 1925.6
1403300 1925.6
1403310 1930.4
1403320 1934.9
1403330 1934.9
1403340 1938.4
1403350 1941.3
1403360 1941.3
1403370 1944.8
1403380 1948.2
1403390 1948.2
1403400 1951.8
1403410 1956.5
1403420 1956.5
1403430 1960.3
1403440 1962.9
1403450 1962.9
1403460 1966.3
1403470 1968.5
1403480 1970.2
1403490 1970.2
1403500 1971.1
1403510 1971.5
1403520 1971.5
1403530 1972.0
1403540 1973.4
1403550 1973.4
1403560 1974.8
1403570 1976.4
1403580 1976.4
1403590 1977.9
1403600 1979.2
1403610 1979.2
1403620 1980.4
1403630 1981.0
1403640 1981.3
1403650 1981.3
1403660 1981.8
1403670 1982.8
1403680 1982.8
1403690 1983.7
1403700 1984.2
1403710 1984.2
1403720 1984.4
1403730 1984.6
1403740 1984.6
1403750 1984.9
1403760 1985.4
1403770 1985.4
1403780 1985.8
1403790 1986.1
1403800 1986.1
1403810 1986.3
1403820 1986.5
1403830 1986.3
1403840 1986.3
1403850 1985.5
1403860 1984.2
1403870 1984.2
1403880 1982.7
1403890 1980.8
1403900 1980.8
1403910 1978.7
1403920 1977.3
1403930 1977.3
1403940 1976.0
1403950 1972.1
1403960 1972.1
1403970 1967.3
1403980 1962.3
1403990 1957.2
1404000 1957.2
1404010 1953.6
1404020 1950.9
1404030 1950.9
1404040 1951.0
1404050 1951.7
1404060 1951.7
1404070 1950.9
1404080 1948.8
1404090 1948.8
1404100 1948.5
1404110 1949.4
1404120 1949.4
1404130 1951.2
1404140 1952.8
1404150 1952.8
1404160 1953.5
1404170 1953.1
1404180 1952.8
1404190 1952.8
1404200 1952.4
1404210 1951.9
1404220 1951.9
1404230 1952.1
1404240 1951.8
1404250 1951.8
1404260 1950.6
1404270 1949.4
1404280 1949.4
1404290 1947.6
1404300 1945.4
1404310 1945.4
1404320 1942.4
1404330 1939.4
1404340 1936.8
1404350 1936.8
1404360 1934.3
1404370 1931.6
1404380 1931.6
1404390 1929.2
1404400 1927.5
1404410 1927.5
1404420 1925.9
1404430 1923.7
1404440 1923.7
1404450 1921.5
1404460 1919.2
1404470 1919.2
1404480 1916.6
1404490 1914.1
1404500 1914.1
1404510 1912.2
1404520 1909.7
1404530 1907.2
1404540 1907.2
1404550 1904.6
1404560 1901.6
1404570 1901.6
1404580 1897.4
1404590 1893.5
1404600 1890.9
1404610 1890.2
1404620 1888.7
1404630 1888.7
1404640 1886.3
1404650 1883.4
1404660 1883.4
1404670 1880.4
1404680 1878.3
1404690 1877.1
1404700 1877.1
1404710 1874.7
1404720 1871.4
1404730 1871.4
1404740 1867.6
1404750 1863.9
1404760 1863.9
1404770 1860.9
1404780 1858.2
1404790 1858.2
1404800 1856.0
1404810 1854.6
1404820 1854.6
1404830 1854.7
1404840 1855.4
1404850 1855.4
1404860 1856.4
1404870 1856.5
1404880 1855.6
1404890 1855.6
1404900 1854.3
1404910 1852.9
1404920 1852.9
1404930 1851.4
1404940 1849.1
1404950 1849.1
1404960 1849.1
1404970 1847.5
1404980 1847.5
1404990 1842.8
1405000 1837.4
1405010 1837.4
1405020 1831.8
1405030 1827.3
1405040 1827.3
1405050 1826.9
1405060 1828.6
1405070 1828.4
1405080 1828.4
1405090 1826.4
1405100 1823.2
1405110 1823.2
1405120 1819.0
1405130 1814.5
1405140 1814.5
1405150 1810.5
1405160 1806.5
1405170 1806.5
1405180 1802.7
1405190 1798.9
1405200 1798.9
1405210 1794.0
1405220 1787.9
1405230 1782.9
1405240 1782.9
1405250 1778.7
1405260 1774.3
1405270 1774.3
1405280 1769.8
1405290 1764.4
1405300 1764.4
1405310 1759.3
1405320 1755.5
1405330 1755.5
1405340 1751.6
1405350 1747.5
1405360 1747.5
1405370 1743.8
1405380 1739.8
1405390 1739.8
1405400 1735.8
1405410 1731.9
1405420 1726.9
1405430 1726.9
1405440 1720.6
1405450 1714.3
1405460 1714.3
1405470 1706.9
1405480 1699.0
1405490 1699.0
1405500 1691.3
1405510 1685.3
1405520 1685.3
1405530 1681.5
1405540 1679.0
1405550 1679.0
1405560 1676.8
1405570 1674.5
1405580 1672.5
1405590 1672.5
1405600 1670.5
1405610 1668.8
1405620 1668.8
1405630 1666.7
1405640 1665.4
1405650 1665.4
1405660 1664.0
1405670 1663.0
1405680 1663.0
1405690 1661.3
1405700 1659.5
1405710 1659.5
1405720 1658.1
1405730 1656.1
1405740 1656.1
1405750 1653.4
1405760 1650.5
1405770 1646.9
1405780 1646.9
1405790 1643.2
1405800 1640.1
1405810 1640.1
1405820 1637.0
1405830 1634.3
1405840 1634.3
1405850 1631.8
1405860 1629.4
1405870 1629.4
1405880 1627.2
1405890 1624.1
1405900 1624.1
1405910 1620.2
1405920 1616.3
1405930 1612.9
1405940 1612.9
1405950 1609.3
1405960 1605.0
1405970 1605.0
1405980 1600.3
1405990 1595.2
1406000 1595.2
1406010 1589.2
1406020 1583.2
1406030 1583.2
1406040 1577.6
1406050 1571.2
1406060 1571.2
1406070 1564.1
1406080 1555.8
1406090 1555.8
1406100 1547.7
1406110 1539.3
1406120 1530.0
1406130 1530.0
1406140 1517.6
1406150 1509.2
1406160 1509.2
1406170 1502.7
1406180 1497.7
1406190 1494.3
1406200 1489.5
1406210 1486.0
1406220 1486.0
1406230 1483.8
1406240 1480.5
1406250 1480.5
1406260 1475.9
1406270 1471.0
1406280 1465.6
1406290 1465.6
1406300 1459.6
1406310 1453.6
1406320 1453.6
1406330 1447.5
1406340 1441.1
1406350 1441.1
1406360 1435.0
1406370 1429.2
1406380 1429.2
1406390 1423.4
1406400 1416.9
1406410 1416.9
1406420 1410.2
1406430 1402.5
1406440 1402.5
1406450 1395.5
1406460 1388.7
1406470 1381.0
1406480 1381.0
1406490 1373.4
1406500 1368.4
1406510 1368.4
1406520 1359.5
1406530 1352.2
1406540 1352.2
1406550 1346.1
1406560 1341.7
1406570 1341.7
1406580 1339.5
1406590 1339.1
1406600 1339.1
1406610 1338.1
1406620 1337.3
1406630 1336.2
1406640 1336.2
1406650 1335.2
1406660 1333.8
1406670 1333.8
1406680 1331.3
1406690 1328.0
1406700 1328.0
1406710 1324.4
1406720 1320.1
1406730 1320.1
1406740 1315.2
1406750 1310.1
1406760 1310.1
1406770 1304.8
1406780 1299.7
1406790 1299.7
1406800 1295.3
1406810 1291.4
1406820 1288.6
1406830 1288.6
1406840 1285.6
1406850 1280.9
1406860 1280.9
1406870 1275.5
1406880 1269.1
1406890 1269.1
1406900 1262.7
1406910 1254.4
1406920 1254.4
1406930 1245.2
1406940 1236.5
1406950 1236.5
1406960 1228.1
1406970 1220.0
1406980 1220.0
1406990 1211.7
1407000 1203.7
1407010 1196.0
1407020 1196.0
1407030 1190.1
1407040 1184.9
1407050 1184.9
1407060 1177.4
1407070 1166.2
1407080 1166.2
1407090 1158.9
1407100 1155.3
1407110 1155.3
1407120 1158.9
1407130 1168.7
1407140 1168.7
1407150 1175.2
1407160 1170.7
1407170 1167.5
1407180 1167.5
1407190 1169.1
1407200 1172.1
1407210 1172.1
1407220 1175.2
1407230 1178.1
1407240 1178.1
1407250 1181.1
1407260 1185.2
1407270 1185.2
1407280 1190.1
1407290 1198.2
1407300 1198.2
1407310 1206.8
1407320 1215.9
1407330 1215.9
1407340 1223.8
1407350 1232.4
1407360 1241.2
1407370 1241.2
1407380 1250.5
1407390 1257.7
1407400 1257.7
1407410 1263.3
1407420 1266.8
1407430 1266.8
1407440 1271.4
1407450 1273.9
1407460 1273.9
1407470 1273.5
1407480 1276.5
1407490 1276.5
1407500 1273.6
1407510 1268.0
1407520 1266.6
1407530 1266.6
1407540 1268.8
1407550 1272.9
1407560 1272.9
1407570 1277.5
1407580 1281.4
1407590 1281.4
1407600 1284.1
1407610 1288.7
1407620 1288.7
1407630 1294.3
1407640 1298.4
1407650 1298.4
1407660 1301.8
1407670 1304.7
1407680 1304.7
1407690 1306.1
1407700 1305.3
1407710 1304.4
1407720 1304.4
1407730 1303.4
1407740 1303.0
1407750 1303.0
1407760 1303.9
1407770 1306.5
1407780 1306.5
1407790 1309.1
1407800 1310.4
1407810 1310.4
1407820 1303.7
1407830 1306.8
1407840 1306.8
1407850 1309.3
1407860 1312.1
1407870 1313.9
1407880 1313.9
1407890 1314.7
1407900 1316.5
1407910 1316.5
1407920 1319.3
1407930 1321.1
1407940 1321.1
1407950 1324.1
1407960 1326.7
1407970 1326.7
1407980 1330.0
1407990 1334.1
1408000 1334.1
1408010 1341.0
1408020 1349.9
1408030 1349.9
1408040 1357.1
1408050 1361.8
1408060 1364.2
1408070 1364.2
1408080 1367.1
1408090 1369.3
1408100 1369.3
1408110 1370.5
1408120 1371.8
1408130 1371.8
1408140 1376.9
1408150 1383.4
1408160 1383.4
1408170 1389.8
1408180 1395.6
1408190 1395.6
1408200 1402.2
1408210 1410.0
1408220 1418.7
1408230 1418.7
1408240 1424.7
1408250 1430.8
1408260 1430.8
1408270 1436.7
1408280 1442.6
1408290 1442.6
1408300 1448.2
1408310 1452.4
1408320 1452.4
1408330 1456.9
1408340 1462.9
1408350 1462.9
1408360 1469.5
1408370 1476.8
1408380 1476.8
1408390 1484.0
1408400 1490.9
1408410 1497.5
1408420 1497.5
1408430 1503.2
1408440 1509.0
1408450 1509.0
1408460 1514.7
1408470 1519.9
1408480 1519.9
1408490 1524.2
1408500 1528.3
1408510 1528.3
1408520 1533.2
1408530 1537.3
1408540 1537.3
1408550 1541.3
1408560 1546.1
1408570 1546.1
1408580 1550.5
1408590 1553.2
1408600 1555.3
1408610 1555.3
1408620 1557.7
1408630 1560.6
1408640 1560.6
1408650 1564.1
1408660 1568.1
1408670 1568.1
1408680 1572.2
1408690 1575.7
1408700 1575.7
1408710 1578.8
1408720 1581.8
1408730 1581.8
1408740 1584.3
1408750 1586.3
1408760 1588.0
1408770 1588.0
1408780 1589.4
1408790 1590.5
1408800 1590.5
1408810 1590.8
1408820 1591.0
1408830 1591.0
1408840 1591.1
1408850 1591.1
1408860 1591.1
1408870 1590.7
1408880 1589.3
1408890 1589.3
1408900 1587.7
1408910 1585.2
1408920 1585.2
1408930 1582.0
1408940 1578.3
1408950 1575.2
1408960 1575.2
1408970 1573.2
1408980 1570.7
1408990 1570.7
1409000 1567.2
1409010 1563.5
1409020 1563.5
1409030 1560.4
1409040 1557.6
1409050 1557.6
1409060 1555.6
1409070 1552.9
1409080 1552.9
1409090 1549.7
1409100 1546.9
1409110 1544.6
1409120 1544.6
1409130 1542.2
1409140 1539.3
1409150 1539.3
1409160 1536.4
1409170 1533.5
1409180 1533.5
1409190 1531.0
1409200 1528.4
1409210 1528.4
1409220 1525.3
1409230 1521.4
1409240 1521.4
1409250 1516.4
1409260 1511.1
1409270 1511.1
1409280 1506.0
1409290 1500.8
1409300 1494.8
1409310 1494.8
1409320 1488.9
1409330 1484.1
1409340 1484.1
1409350 1479.3
1409360 1475.3
1409370 1475.3
1409380 1469.7
1409390 1465.9
1409400 1465.9
1409410 1461.9
1409420 1457.8
1409430 1457.8
1409440 1453.9
1409450 1450.5
1409460 1445.8
1409470 1445.8
1409480 1438.0
1409490 1431.7
1409500 1431.7
1409510 1435.1
1409520 1440.4
1409530 1440.4
1409540 1445.6
1409550 1450.3
1409560 1450.3
1409570 1454.2
1409580 1457.2
1409590 1457.2
1409600 1459.2
1409610 1461.4
1409620 1461.4
1409630 1465.6
1409640 1467.1
1409650 1466.8
1409660 1466.8
1409670 1468.8
1409680 1471.6
1409690 1471.6
1409700 1472.2
1409710 1473.2
1409720 1473.2
1409730 1476.8
1409740 1478.1
1409750 1478.1
1409760 1479.3
1409770 1482.7
1409780 1482.7
1409790 1487.2
1409800 1492.3
1409810 1496.0
1409820 1496.0
1409830 1498.9
1409840 1500.9
1409850 1500.9
1409860 1502.5
1409870 1504.8
1409880 1504.8
1409890 1506.5
1409900 1508.2
1409910 1508.2
1409920 1510.3
1409930 1512.3
1409940 1512.3
1409950 1514.0
1409960 1514.7
1409970 1514.7
1409980 1516.6
1409990 1518.9
1410000 1520.8
1410010 1520.8
1410020 1522.9
1410030 1523.9
1410040 1523.9
1410050 1525.1
1410060 1526.5
1410070 1526.5
1410080 1528.3
1410090 1530.0
1410100 1530.0
1410110 1531.9
1410120 1533.3
1410130 1533.3
1410140 1534.2
1410150 1534.8
1410160 1535.8
1410170 1535.8
1410180 1537.6
1410190 1538.8
1410200 1538.8
1410210 1539.6
1410220 1540.3
1410230 1540.3
1410240 1541.2
1410250 1541.5
1410260 1541.5
1410270 1541.9
1410280 1541.8
1410290 1541.8
1410300 1542.5
1410310 1543.5
1410320 1543.5
1410330 1544.2
1410340 1544.3
1410350 1543.9
1410360 1543.9
1410370 1543.3
1410380 1542.4
1410390 1542.4
1410400 1541.0
1410410 1539.9
1410420 1539.9
1410430 1538.7
1410440 1537.6
1410450 1537.6
1410460 1536.5
1410470 1535.4
1410480 1535.4
1410490 1534.6
1410500 1533.9
1410510 1532.7
1410520 1532.7
1410530 1531.0
1410540 1529.4
1410550 1529.4
1410560 1528.3
1410570 1527.2
1410580 1527.2
1410590 1525.9
1410600 1524.0
1410610 1524.0
1410620 1521.5
1410630 1518.8
1410640 1518.8
1410650 1515.9
1410660 1512.8
1410670 1512.8
1410680 1509.5
1410690 1506.5
1410700 1504.0
1410710 1504.0
1410720 1502.2
1410730 1499.7
1410740 1499.7
1410750 1494.7
1410760 1488.9
1410770 1488.9
1410780 1483.6
1410790 1477.8
1410800 1477.8
1410810 1471.2
1410820 1465.3
1410830 1465.3
1410840 1460.1
1410850 1455.1
1410860 1455.1
1410870 1451.3
1410880 1447.9
1410890 1444.0
1410900 1444.0
1410910 1439.5
1410920 1434.2
1410930 1434.2
1410940 1428.9
1410950 1423.4
1410960 1423.4
1410970 1418.4
1410980 1413.7
1410990 1413.7
1411000 1409.3
1411010 1404.3
1411020 1404.3
1411030 1399.1
1411040 1393.4
1411050 1387.2
1411060 1387.2
1411070 1380.1
1411080 1373.8
1411090 1373.8
1411100 1369.0
1411110 1362.6
1411120 1362.6
1411130 1357.0
1411140 1352.5
1411150 1352.5
1411160 1347.1
1411170 1341.3
1411180 1337.9
1411190 1331.7
1411200 1326.5
1411210 1326.5
1411220 1322.4
1411230 1317.1
1411240 1311.9
1411250 1311.9
1411260 1307.4
1411270 1303.3
1411280 1303.3
1411290 1300.5
1411300 1297.4
1411310 1297.4
1411320 1293.7
1411330 1289.3
1411340 1289.3
1411350 1284.9
1411360 1282.1
1411370 1282.1
1411380 1278.6
1411390 1271.7
1411400 1265.0
1411410 1265.0
1411420 1260.1
1411430 1252.5
1411440 1252.5
1411450 1245.5
1411460 1241.7
1411470 1241.7
1411480 1238.8
1411490 1232.3
1411500 1232.3
1411510 1225.3
1411520 1221.8
1411530 1221.8
1411540 1217.3
1411550 1212.8
1411560 1212.8
1411570 1208.2
1411580 1205.1
1411590 1202.4
1411600 1202.4
1411610 1197.2
1411620 1190.2
1411630 1190.2
1411640 1182.3
1411650 1174.8
1411660 1174.8
1411670 1165.5
1411680 1157.3
1411690 1157.3
1411700 1155.4
1411710 1156.2
1411720 1156.2
1411730 1156.0
1411740 1150.9
1411750 1149.3
1411760 1149.3
1411770 1150.8
1411780 1153.1
1411790 1153.1
1411800 1152.4
1411810 1146.2
1411820 1146.2
1411830 1141.0
1411840 1144.1
1411850 1144.1
1411860 1152.6
1411870 1162.1
1411880 1162.1
1411890 1170.0
1411900 1178.5
1411910 1178.5
1411920 1187.6
1411930 1194.0
1411940 1193.9
1411950 1193.9
1411960 1194.5
1411970 1196.3
1411980 1196.3
1411990 1196.6
1412000 1197.5
1412010 1197.5
1412020 1198.9
1412030 1195.8
1412040 1195.8
1412050 1187.8
1412060 1179.7
1412070 1179.7
1412080 1175.3
1412090 1171.5
1412100 1169.1
1412110 1169.1
1412120 1169.3
1412130 1174.8
1412140 1174.8
1412150 1183.2
1412160 1188.9
1412170 1188.9
1412180 1192.6
1412190 1196.9
1412200 1196.9
1412210 1202.7
1412220 1208.7
1412230 1208.7
1412240 1214.8
1412250 1219.0
1412260 1219.0
1412270 1221.1
1412280 1221.9
1412290 1222.0
1412300 1222.0
1412310 1221.9
1412320 1221.8
1412330 1221.8
1412340 1221.7
1412350 1221.7
1412360 1221.7
1412370 1221.9
1412380 1222.3
1412390 1222.3
1412400 1222.5
1412410 1222.7
1412420 1222.7
1412430 1222.7
1412440 1222.8
1412450 1223.0
1412460 1223.0
1412470 1223.0
1412480 1222.2
1412490 1222.2
1412500 1221.9
1412510 1221.7
1412520 1221.7
1412530 1221.2
1412540 1222.1
1412550 1222.1
1412560 1222.7
1412570 1222.7
1412580 1222.7
1412590 1223.0
1412600 1223.4
1412610 1223.4
1412620 1223.6
1412630 1223.4
1412640 1222.3
1412650 1222.3
1412660 1220.6
1412670 1218.9
1412680 1218.9
1412690 1216.8
1412700 1214.6
1412710 1214.6
1412720 1212.0
1412730 1209.0
1412740 1209.0
1412750 1205.8
1412760 1202.7
1412770 1202.7
1412780 1199.8
1412790 1197.1
1412800 1197.1
1412810 1194.7
1412820 1192.5
1412830 1189.1
1412840 1189.1
1412850 1185.3
1412860 1181.2
1412870 1181.2
1412880 1175.5
1412890 1170.0
1412900 1170.0
1412910 1165.3
1412920 1158.8
1412930 1158.8
1412940 1153.8
1412950 1148.9
1412960 1148.9
1412970 1145.1
1412980 1141.2
1412990 1136.7
1413000 1136.7
1413010 1132.0
1413020 1127.5
1413030 1127.5
1413040 1123.4
1413050 1119.5
1413060 1119.5
1413070 1115.5
1413080 1112.1
1413090 1112.1
1413100 1109.4
1413110 1106.4
1413120 1106.4
1413130 1102.8
1413140 1097.0
1413150 1097.0
1413160 1089.9
1413170 1091.7
1413180 1097.8
1413190 1097.8
1413200 1105.9
1413210 1113.3
1413220 1113.3
1413230 1121.7
1413240 1129.6
1413250 1129.6
1413260 1137.1
1413270 1144.8
1413280 1144.8
1413290 1151.6
1413300 1157.2
1413310 1157.2
1413320 1163.9
1413330 1172.6
1413340 1182.2
1413350 1182.2
1413360 1191.8
1413370 1198.1
1413380 1198.1
1413390 1202.3
1413400 1207.8
1413410 1207.8
1413420 1216.2
1413430 1221.4
1413440 1221.4
1413450 1228.6
1413460 1237.2
1413470 1237.2
1413480 1245.2
1413490 1251.4
1413500 1251.4
1413510 1255.2
1413520 1260.7
1413530 1266.0
1413540 1266.0
1413550 1270.6
1413560 1276.9
1413570 1276.9
1413580 1283.3
1413590 1286.3
1413600 1286.3
1413610 1288.1
1413620 1289.8
1413630 1289.8
1413640 1291.0
1413650 1292.9
1413660 1292.9
1413670 1295.7
1413680 1298.3
1413690 1300.1
1413700 1300.1
1413710 1302.3
1413720 1303.7
1413730 1303.7
1413740 1304.8
1413750 1306.6
1413760 1306.6
1413770 1308.4
1413780 1309.9
1413790 1309.9
1413800 1310.9
1413810 1312.2
1413820 1312.2
1413830 1313.6
1413840 1314.7
1413850 1314.7
1413860 1315.9
1413870 1317.5
1413880 1318.6
1413890 1318.6
1413900 1319.3
1413910 1320.0
1413920 1320.0
1413930 1320.4
1413940 1320.3
1413950 1320.3
1413960 1320.8
1413970 1321.4
1413980 1321.4
1413990 1321.3
1414000 1321.3
1414010 1321.3
1414020 1321.5
1414030 1322.8
1414040 1324.0
1414050 1324.0
1414060 1325.0
1414070 1325.6
1414080 1325.6
1414090 1326.1
1414100 1325.9
1414110 1325.9
1414120 1325.3
1414130 1324.5
1414140 1324.5
1414150 1323.6
1414160 1322.7
1414170 1322.7
1414180 1321.3
1414190 1319.9
1414200 1319.9
1414210 1318.6
1414220 1317.3
1414230 1315.7
1414240 1315.7
1414250 1314.2
1414260 1312.9
1414270 1312.9
1414280 1311.3
1414290 1310.1
1414300 1310.1
1414310 1308.8
1414320 1307.4
1414330 1307.4
1414340 1306.5
1414350 1305.4
1414360 1305.4
1414370 1304.1
1414380 1302.6
1414390 1301.1
1414400 1301.1
1414410 1299.4
1414420 1297.6
1414430 1297.6
1414440 1296.0
1414450 1294.2
1414460 1294.2
1414470 1292.1
1414480 1289.7
1414490 1289.7
1414500 1286.7
1414510 1283.7
1414520 1283.7
1414530 1280.9
1414540 1277.7
1414550 1277.7
1414560 1274.6
1414570 1271.7
1414580 1269.2
1414590 1269.2
1414600 1266.7
1414610 1264.4
1414620 1264.4
1414630 1262.1
1414640 1259.6
1414650 1259.6
1414660 1257.1
1414670 1255.1
1414680 1255.1
1414690 1253.3
1414700 1246.1
1414710 1246.1
1414720 1243.9
1414730 1241.4
1414740 1239.0
1414750 1239.0
1414760 1236.2
1414770 1233.6
1414780 1233.6
1414790 1231.1
1414800 1228.9
1414810 1228.9
1414820 1227.0
1414830 1226.2
1414840 1226.2
1414850 1224.6
1414860 1222.6
1414870 1222.6
1414880 1220.2
1414890 1217.7
1414900 1217.7
1414910 1215.1
1414920 1211.9
1414930 1208.7
1414940 1208.7
1414950 1204.0
1414960 1200.1
1414970 1200.1
1414980 1198.4
1414990 1197.7
1415000 1197.7
1415010 1195.9
1415020 1191.7
1415030 1191.7
1415040 1187.0
1415050 1181.1
1415060 1181.1
1415070 1175.8
1415080 1172.5
1415090 1172.5
1415100 1171.3
1415110 1171.0
1415120 1170.2
1415130 1170.2
1415140 1166.4
1415150 1160.6
1415160 1160.6
1415170 1154.4
1415180 1147.9
1415190 1147.9
1415200 1142.3
1415210 1139.7
1415220 1139.7
1415230 1140.9
1415240 1141.8
1415250 1141.8
1415260 1141.8
1415270 1143.4
1415280 1141.8
1415290 1141.8
1415300 1136.5
1415310 1129.9
1415320 1129.9
1415330 1126.3
1415340 1125.7
1415350 1125.7
1415360 1123.9
1415370 1120.8
1415380 1120.8
1415390 1119.6
1415400 1118.1
1415410 1118.1
1415420 1114.6
1415430 1108.5
1415440 1108.5
1415450 1102.0
1415460 1098.5
1415470 1098.4
1415480 1098.4
1415490 1096.6
1415500 1091.2
1415510 1091.2
1415520 1086.4
1415530 1085.9
1415540 1085.9
1415550 1087.7
1415560 1087.5
1415570 1087.5
1415580 1082.0
1415590 1077.2
1415600 1077.2
1415610 1074.3
1415620 1069.5
1415630 1062.1
1415640 1062.1
1415650 1054.4
1415660 1046.2
1415670 1046.2
1415680 1036.8
1415690 1028.3
1415700 1028.3
1415710 1020.3
1415720 1013.4
1415730 1013.4
1415740 1005.2
1415750 991.8
1415760 991.8
1415770 987.0
1415780 984.3
1415790 984.3
1415800 976.6
1415810 967.6
1415820 957.1
1415830 957.1
1415840 947.5
1415850 940.1
1415860 940.1
1415870 932.4
1415880 929.1
1415890 929.1
1415900 927.6
1415910 925.7
1415920 925.7
1415930 924.3
1415940 923.3
1415950 923.3
1415960 922.4
1415970 921.0
1415980 919.6
1415990 919.6
1416000 917.7
1416010 916.6
1416020 916.6
1416030 915.1
1416040 913.4
1416050 913.4
1416060 911.7
1416070 909.8
1416080 909.8
1416090 908.2
1416100 907.0
1416110 907.0
1416120 905.6
1416130 904.1
1416140 904.1
1416150 902.3
1416160 900.6
1416170 899.4
1416180 899.4
1416190 898.9
1416200 898.6
1416210 898.6
1416220 898.4
1416230 898.8
1416240 898.8
1416250 899.9
1416260 900.4
1416270 900.4
1416280 901.9
1416290 905.3
1416300 905.3
1416310 909.4
1416320 912.2
1416330 914.0
1416340 914.0
1416350 916.1
1416360 916.9
1416370 916.9
1416380 918.0
1416390 921.1
1416400 921.1
1416410 924.0
1416420 929.0
1416430 929.0
1416440 935.9
1416450 943.5
1416460 943.5
1416470 951.6
1416480 959.7
1416490 959.7
1416500 968.1
1416510 976.3
1416520 982.1
1416530 975.2
1416540 974.6
1416550 972.5
1416560 972.5
1416570 972.2
1416580 975.5
1416590 975.5
1416600 978.9
1416610 979.1
1416620 979.1
1416630 976.6
1416640 974.0
1416650 974.0
1416660 971.6
1416670 969.2
1416680 965.4
1416690 965.4
1416700 960.4
1416710 954.3
1416720 954.3
1416730 947.6
1416740 941.2
1416750 941.2
1416760 941.1
1416770 944.8
1416780 944.8
1416790 947.0
1416800 947.3
1416810 947.3
1416820 946.4
1416830 944.6
1416840 944.6
1416850 942.2
1416860 939.7
1416870 937.5
1416880 937.5
1416890 934.9
1416900 931.8
1416910 931.8
1416920 927.7
1416930 922.9
1416940 922.9
1416950 919.1
1416960 916.4
1416970 916.4
1416980 914.1
1416990 910.5
1417000 910.5
1417010 906.2
1417020 903.0
1417030 903.0
1417040 899.1
1417050 895.0
1417060 890.7
1417070 890.7
1417080 887.6
1417090 884.4
1417100 884.4
1417110 880.5
1417120 876.4
1417130 876.4
1417140 873.5
1417150 869.3
1417160 869.3
1417170 863.9
1417180 859.4
1417190 859.4
1417200 855.4
1417210 852.5
1417220 849.6
1417230 849.6
1417240 846.9
1417250 845.0
1417260 845.0
1417270 843.2
1417280 840.8
1417290 840.8
1417300 836.8
1417310 833.4
1417320 833.4
1417330 831.7
1417340 828.8
1417350 828.8
1417360 825.2
1417370 822.1
1417380 822.1
1417390 819.6
1417400 816.5
1417410 812.8
1417420 812.8
1417430 809.1
1417440 802.8
1417450 802.8
1417460 794.2
1417470 786.5
1417480 786.5
1417490 782.4
1417500 780.7
1417510 780.7
1417520 778.6
1417530 775.4
1417540 775.4
1417550 770.1
1417560 763.9
1417570 760.2
1417580 760.2
1417590 758.3
1417600 757.3
1417610 757.3
1417620 756.8
1417630 755.1
1417640 755.1
1417650 751.0
1417660 746.1
1417670 746.1
1417680 743.0
1417690 738.6
1417700 738.6
1417710 732.3
1417720 727.2
1417730 727.2
1417740 722.9
1417750 721.1
1417760 722.3
1417770 722.3
1417780 723.2
1417790 722.2
1417800 722.2
1417810 719.8
1417820 718.4
1417830 718.4
1417840 718.1
1417850 717.8
1417860 717.8
1417870 717.8
1417880 718.1
1417890 718.1
1417900 718.3
1417910 718.1
1417920 717.8
1417930 717.8
1417940 717.4
1417950 717.0
1417960 717.0
1417970 716.1
1417980 715.2
1417990 715.2
1418000 714.6
1418010 714.2
1418020 714.2
1418030 714.0
1418040 713.7
1418050 713.7
1418060 713.4
1418070 713.1
1418080 713.1
1418090 713.1
1418100 713.0
1418110 712.6
1418120 712.6
1418130 712.3
1418140 712.1
1418150 712.1
1418160 712.1
1418170 711.9
1418180 711.9
1418190 712.0
1418200 712.3
1418210 712.3
1418220 712.6
1418230 712.8
1418240 712.8
1418250 712.7
1418260 712.3
1418270 712.3
1418280 712.3
1418290 712.7
1418300 712.8
1418310 712.8
1418320 712.4
1418330 712.5
1418340 712.5
1418350 712.6
1418360 712.7
1418370 712.7
1418380 712.9
1418390 712.6
1418400 712.9
1418410 712.7
1418420 712.7
1418430 712.7
1418440 712.7
1418450 712.6
1418460 712.4
1418470 712.4
1418480 712.0
1418490 711.1
1418500 711.1
1418510 709.7
1418520 708.4
1418530 708.4
1418540 707.5
1418550 707.0
1418560 707.0
1418570 706.9
1418580 706.8
1418590 706.8
1418600 706.9
1418610 707.1
1418620 707.1
1418630 707.1
1418640 706.9
1418650 707.7
1418660 707.7
1418670 710.6
1418680 711.6
1418690 711.6
1418700 711.5
1418710 711.6
1418720 711.6
1418730 712.4
1418740 714.8
1418750 714.8
1418760 717.5
1418770 718.3
1418780 718.3
1418790 718.8
1418800 719.2
1418810 721.9
1418820 721.9
1418830 723.9
1418840 722.7
1418850 722.7
1418860 721.1
1418870 720.6
1418880 720.6
1418890 720.3
1418900 719.2
1418910 719.2
1418920 721.0
1418930 725.7
1418940 725.7
1418950 730.5
1418960 734.6
1418970 734.6
1418980 738.2
1418990 739.9
1419000 746.2
1419010 746.2
1419020 763.5
1419030 782.0
1419040 782.0
1419050 790.8
1419060 797.8
1419070 797.8
1419080 807.9
1419090 815.9
1419100 815.9
1419110 825.2
1419120 832.7
1419130 832.7
1419140 832.5
1419150 834.7
1419160 843.7
1419170 843.7
1419180 855.2
1419190 868.4
1419200 868.4
1419210 872.7
1419220 885.9
1419230 885.9
1419240 898.0
1419250 903.2
1419260 903.2
1419270 907.4
1419280 910.0
1419290 910.0
1419300 916.3
1419310 923.8
1419320 923.8
1419330 933.4
1419340 942.7
1419350 951.2
1419360 951.2
1419370 956.1
1419380 962.6
1419390 962.6
1419400 965.9
1419410 958.2
1419420 958.2
1419430 956.6
1419440 974.4
1419450 974.4
1419460 988.6
1419470 997.0
1419480 997.0
1419490 1005.6
1419500 1015.2
1419510 1023.8
1419520 1023.8
1419530 1030.7
1419540 1036.1
1419550 1036.1
1419560 1041.5
1419570 1046.2
1419580 1046.2
1419590 1050.5
1419600 1054.9
1419610 1054.9
1419620 1059.3
1419630 1063.6
1419640 1063.6
1419650 1068.0
1419660 1073.0
1419670 1073.0
1419680 1078.8
1419690 1086.0
1419700 1091.8
1419710 1091.8
1419720 1096.4
1419730 1100.1
1419740 1100.1
1419750 1103.3
1419760 1106.1
1419770 1106.1
1419780 1108.5
1419790 1111.4
1419800 1111.4
1419810 1114.8
1419820 1118.2
1419830 1118.2
1419840 1121.6
1419850 1125.0
1419860 1128.7
1419870 1128.7
1419880 1132.9
1419890 1137.3
1419900 1137.3
1419910 1142.2
1419920 1146.8
1419930 1146.8
1419940 1151.5
1419950 1156.4
1419960 1156.4
1419970 1161.5
1419980 1166.6
1419990 1166.6
