1400000 1967.6
1400010 1965.7
1400020 1965.7
1400030 1974.3
1400040 1985.7
1400050 1985.7
1400060 1997.0
1400070 2003.5
1400080 2003.5
1400090 2013.2
1400100 2020.2
1400110 2024.3
1400120 2024.3
1400130 2029.5
1400140 2034.6
1400150 2034.6
1400160 2039.5
1400170 2045.5
1400180 2045.5
1400190 2052.2
1400200 2058.6
1400210 2058.6
1400220 2063.8
1400230 2066.4
1400240 2066.4
1400250 2067.3
1400260 2067.6
1400270 2068.8
1400280 2068.8
1400290 2069.3
1400300 2070.1
1400310 2070.1
1400320 2070.8
1400330 2071.1
1400340 2071.1
1400350 2071.1
1400360 2071.3
1400370 2071.3
1400380 2070.2
1400390 2069.1
1400400 2069.1
1400410 2068.5
1400420 2067.1
1400430 2067.1
1400440 2064.8
1400450 2064.6
1400460 2066.4
1400470 2066.4
1400480 2067.5
1400490 2066.5
1400500 2066.5
1400510 2062.8
1400520 2057.9
1400530 2057.9
1400540 2055.8
1400550 2058.0
1400560 2058.0
1400570 2059.9
1400580 2061.2
1400590 2061.2
1400600 2061.3
1400610 2058.5
1400620 2058.5
1400630 2056.3
1400640 2054.8
1400650 2053.3
1400660 2053.3
1400670 2052.9
1400680 2051.4
1400690 2051.4
1400700 2051.9
1400710 2053.1
1400720 2053.1
1400730 2053.7
1400740 2051.6
1400750 2051.6
1400760 2051.0
1400770 2053.5
1400780 2053.5
1400790 2057.2
1400800 2060.7
1400810 2061.7
1400820 2061.7
1400830 2059.5
1400840 2056.3
1400850 2056.3
1400860 2052.2
1400870 2048.8
1400880 2048.8
1400890 2053.3
1400900 2057.7
1400910 2057.7
1400920 2062.6
1400930 2068.7
1400940 2068.7
1400950 2074.4
1400960 2080.1
1400970 2080.1
1400980 2084.8
1400990 2089.6
1401000 2094.7
1401010 2094.7
1401020 2099.0
1401030 2102.9
1401040 2102.9
1401050 2107.4
1401060 2111.2
1401070 2111.2
1401080 2113.3
1401090 2114.8
1401100 2114.8
1401110 2115.9
1401120 2116.6
1401130 2116.6
1401140 2117.9
1401150 2118.4
1401160 2118.4
1401170 2118.4
1401180 2118.5
1401190 2121.5
1401200 2121.5
1401210 2124.5
1401220 2124.4
1401230 2124.4
1401240 2122.2
1401250 2121.8
1401260 2121.8
1401270 2123.9
1401280 2128.4
1401290 2128.4
1401300 2132.5
1401310 2130.9
1401320 2130.9
1401330 2133.8
1401340 2136.2
1401350 2139.3
1401360 2139.3
1401370 2141.8
1401380 2143.0
1401390 2143.0
1401400 2141.3
1401410 2139.4
1401420 2139.4
1401430 2140.3
1401440 2140.2
1401450 2140.2
1401460 2138.7
1401470 2136.8
1401480 2136.8
1401490 2135.8
1401500 2135.2
1401510 2135.2
1401520 2134.7
1401530 2133.7
1401540 2132.5
1401550 2132.5
1401560 2131.7
1401570 2131.2
1401580 2131.2
1401590 2130.5
1401600 2129.6
1401610 2129.6
1401620 2128.3
1401630 2127.4
1401640 2127.4
1401650 2125.7
1401660 2123.6
1401670 2123.6
1401680 2122.4
1401690 2124.1
1401700 2128.0
1401710 2128.0
1401720 2133.9
1401730 2139.0
1401740 2139.0
1401750 2144.1
1401760 2147.7
1401770 2147.7
1401780 2150.6
1401790 2157.8
1401800 2157.8
1401810 2165.7
1401820 2173.9
1401830 2173.9
1401840 2180.3
1401850 2186.6
1401860 2186.6
1401870 2191.7
1401880 2196.8
1401890 2202.2
1401900 2202.2
1401910 2207.1
1401920 2212.4
1401930 2212.4
1401940 2217.0
1401950 2221.2
1401960 2221.2
1401970 2224.7
1401980 2228.4
1401990 2228.4
1402000 2232.2
1402010 2235.0
1402020 2235.0
1402030 2235.0
1402040 2232.5
1402050 2229.6
1402060 2229.6
1402070 2227.0
1402080 2225.3
1402090 2225.3
1402100 2223.0
1402110 2219.7
1402120 2219.7
1402130 2217.5
1402140 2215.2
1402150 2215.2
1402160 2213.0
1402170 2212.1
1402180 2212.1
1402190 2211.5
1402200 2211.5
1402210 2211.5
1402220 2211.8
1402230 2212.5
1402240 2213.6
1402250 2213.6
1402260 2213.9
1402270 2214.0
1402280 2214.0
1402290 2214.5
1402300 2215.1
1402310 2215.1
1402320 2215.9
1402330 2217.9
1402340 2217.9
1402350 2221.1
1402360 2224.7
1402370 2224.7
1402380 2228.2
1402390 2230.3
1402400 2230.3
1402410 2232.7
1402420 2237.3
1402430 2243.6
1402440 2243.6
1402450 2248.6
1402460 2253.0
1402470 2253.0
1402480 2257.6
1402490 2263.2
1402500 2263.2
1402510 2267.7
1402520 2269.7
1402530 2269.7
1402540 2269.6
1402550 2269.3
1402560 2269.3
1402570 2268.3
1402580 2267.2
1402590 2265.9
1402600 2265.9
1402610 2264.2
1402620 2262.5
1402630 2262.5
1402640 2260.9
1402650 2259.5
1402660 2259.5
1402670 2257.8
1402680 2256.4
1402690 2256.4
1402700 2254.9
1402710 2253.1
1402720 2253.1
1402730 2251.4
1402740 2250.1
1402750 2250.1
1402760 2248.6
1402770 2246.9
1402780 2244.9
1402790 2244.9
1402800 2242.6
1402810 2240.2
1402820 2240.2
1402830 2237.7
1402840 2233.8
1402850 2233.8
1402860 2231.9
1402870 2231.1
1402880 2231.1
1402890 2230.5
1402900 2230.2
1402910 2230.2
1402920 2229.8
1402930 2229.0
1402940 2228.1
1402950 2228.1
1402960 2227.5
1402970 2226.8
1402980 2226.8
1402990 2226.4
1403000 2226.5
1403010 2226.5
1403020 2226.8
1403030 2227.3
1403040 2227.3
1403050 2227.3
1403060 2227.1
1403070 2227.1
1403080 2226.0
1403090 2224.7
1403100 2224.7
1403110 2223.4
1403120 2221.8
1403130 2220.2
1403140 2220.2
1403150 2218.7
1403160 2217.4
1403170 2217.4
1403180 2216.3
1403190 2214.8
1403200 2214.8
1403210 2213.7
1403220 2212.7
1403230 2212.7
1403240 2212.0
1403250 2211.0
1403260 2211.0
1403270 2209.7
1403280 2208.1
1403290 2206.0
1403300 2206.0
1403310 2204.6
1403320 2203.6
1403330 2203.6
1403340 2202.4
1403350 2201.0
1403360 2201.0
1403370 2199.5
1403380 2197.5
1403390 2197.5
1403400 2195.7
1403410 2194.7
1403420 2194.7
1403430 2193.9
1403440 2193.0
1403450 2193.0
1403460 2192.0
1403470 2190.4
1403480 2188.7
1403490 2188.7
1403500 2187.3
1403510 2185.5
1403520 2185.5
1403530 2183.8
1403540 2181.8
1403550 2181.8
1403560 2180.9
1403570 2180.2
1403580 2180.2
1403590 2178.3
1403600 2176.3
1403610 2176.3
1403620 2173.8
1403630 2171.9
1403640 2171.9
1403650 2170.4
1403660 2168.7
1403670 2167.1
1403680 2167.1
1403690 2166.0
1403700 2164.5
1403710 2164.5
1403720 2162.8
1403730 2160.9
1403740 2160.9
1403750 2158.7
1403760 2156.2
1403770 2156.2
1403780 2153.4
1403790 2150.2
1403800 2150.2
1403810 2147.0
1403820 2143.7
1403830 2140.3
1403840 2140.3
1403850 2136.8
1403860 2133.1
1403870 2133.1
1403880 2130.2
1403890 2127.0
1403900 2127.0
1403910 2123.2
1403920 2119.2
1403930 2119.2
1403940 2114.3
1403950 2108.9
1403960 2108.9
1403970 2104.0
1403980 2099.8
1403990 2099.8
1404000 2095.2
1404010 2090.4
1404020 2085.4
1404030 2085.4
1404040 2080.9
1404050 2075.8
1404060 2075.8
1404070 2070.8
1404080 2065.4
1404090 2065.4
1404100 2060.1
1404110 2054.8
1404120 2054.8
1404130 2049.3
1404140 2043.3
1404150 2043.3
1404160 2037.3
1404170 2032.8
1404180 2027.9
1404190 2027.9
1404200 2022.8
1404210 2017.8
1404220 2017.8
1404230 2013.5
1404240 2008.4
1404250 2008.4
1404260 2003.7
1404270 1998.8
1404280 1998.8
1404290 1993.6
1404300 1988.8
1404310 1988.8
1404320 1983.3
1404330 1978.7
1404340 1978.7
1404350 1973.8
1404360 1967.2
1404370 1959.2
1404380 1959.2
1404390 1949.6
1404400 1950.2
1404410 1950.2
1404420 1952.3
1404430 1954.0
1404440 1954.0
1404450 1953.6
1404460 1951.7
1404470 1951.7
1404480 1949.1
1404490 1947.1
1404500 1947.1
1404510 1945.2
1404520 1944.0
1404530 1944.0
1404540 1941.2
1404550 1936.8
1404560 1930.4
1404570 1930.4
1404580 1922.4
1404590 1914.8
1404600 1914.8
1404610 1907.4
1404620 1899.7
1404630 1899.7
1404640 1891.4
1404650 1880.9
1404660 1880.9
1404670 1870.8
1404680 1862.2
1404690 1862.2
1404700 1854.3
1404710 1846.2
1404720 1838.4
1404730 1838.4
1404740 1831.7
1404750 1824.9
1404760 1824.9
1404770 1818.6
1404780 1812.9
1404790 1812.9
1404800 1806.6
1404810 1801.4
1404820 1801.4
1404830 1796.0
1404840 1789.5
1404850 1789.5
1404860 1781.4
1404870 1772.7
1404880 1772.7
1404890 1763.6
1404900 1755.1
1404910 1748.5
1404920 1748.5
1404930 1742.7
1404940 1738.2
1404950 1738.2
1404960 1732.4
1404970 1725.3
1404980 1725.3
1404990 1718.5
1405000 1710.9
1405010 1710.9
1405020 1701.1
1405030 1689.9
1405040 1689.9
1405050 1681.1
1405060 1674.4
1405070 1664.9
1405080 1664.9
1405090 1655.8
1405100 1648.2
1405110 1648.2
1405120 1638.8
1405130 1632.3
1405140 1632.3
1405150 1630.9
1405160 1629.9
1405170 1629.9
1405180 1627.5
1405190 1625.1
1405200 1625.1
1405210 1622.0
1405220 1617.9
1405230 1617.9
1405240 1613.1
1405250 1607.6
1405260 1601.4
1405270 1601.4
1405280 1594.2
1405290 1587.8
1405300 1587.8
1405310 1582.1
1405320 1578.0
1405330 1578.0
1405340 1575.1
1405350 1573.7
1405360 1573.7
1405370 1575.5
1405380 1576.1
1405390 1576.1
1405400 1573.9
1405410 1569.3
1405420 1569.3
1405430 1565.9
1405440 1562.0
1405450 1556.5
1405460 1556.5
1405470 1550.3
1405480 1543.0
1405490 1543.0
1405500 1537.7
1405510 1532.3
1405520 1532.3
1405530 1526.3
1405540 1521.8
1405550 1521.8
1405560 1516.5
1405570 1513.4
1405580 1513.4
1405590 1510.9
1405600 1507.9
1405610 1506.1
1405620 1506.1
1405630 1504.2
1405640 1501.6
1405650 1501.6
1405660 1499.6
1405670 1496.1
1405680 1496.1
1405690 1493.6
1405700 1490.4
1405710 1490.4
1405720 1486.3
1405730 1478.4
1405740 1478.4
1405750 1471.8
1405760 1467.5
1405770 1467.5
1405780 1464.7
1405790 1463.6
1405800 1466.9
1405810 1466.9
1405820 1473.1
1405830 1480.5
1405840 1480.5
1405850 1485.5
1405860 1489.3
1405870 1489.3
1405880 1490.3
1405890 1490.0
1405900 1490.0
1405910 1489.7
1405920 1489.2
1405930 1489.2
1405940 1488.6
1405950 1487.9
1405960 1486.9
1405970 1486.9
1405980 1482.3
1405990 1480.9
1406000 1480.9
1406010 1479.1
1406020 1476.4
1406030 1476.4
1406040 1472.7
1406050 1468.4
1406060 1468.4
1406070 1464.3
1406080 1460.5
1406090 1460.5
1406100 1456.8
1406110 1453.1
1406120 1453.1
1406130 1449.4
1406140 1446.0
1406150 1443.0
1406160 1443.0
1406170 1440.4
1406180 1438.2
1406190 1438.2
1406200 1436.3
1406210 1434.3
1406220 1434.3
1406230 1431.9
1406240 1429.1
1406250 1429.1
1406260 1426.2
1406270 1422.5
1406280 1422.5
1406290 1417.5
1406300 1412.4
1406310 1408.0
1406320 1408.0
1406330 1404.0
1406340 1400.2
1406350 1400.2
1406360 1395.8
1406370 1391.0
1406380 1391.0
1406390 1386.9
1406400 1383.5
1406410 1383.5
1406420 1379.2
1406430 1372.4
1406440 1372.4
1406450 1365.8
1406460 1358.7
1406470 1358.7
1406480 1351.8
1406490 1346.4
1406500 1340.9
1406510 1340.9
1406520 1335.8
1406530 1328.9
1406540 1328.9
1406550 1322.5
1406560 1317.1
1406570 1317.1
1406580 1309.6
1406590 1300.8
1406600 1300.8
1406610 1292.3
1406620 1285.3
1406630 1285.3
1406640 1281.1
1406650 1281.4
1406660 1281.4
1406670 1284.0
1406680 1291.1
1406690 1298.8
1406700 1298.8
1406710 1302.5
1406720 1304.4
1406730 1304.4
1406740 1307.1
1406750 1309.0
1406760 1309.0
1406770 1311.9
1406780 1317.3
1406790 1317.3
1406800 1324.5
1406810 1332.1
1406820 1332.1
1406830 1339.3
1406840 1346.7
1406850 1353.5
1406860 1353.5
1406870 1359.8
1406880 1366.5
1406890 1366.5
1406900 1373.4
1406910 1380.5
1406920 1380.5
1406930 1387.6
1406940 1395.0
1406950 1395.0
1406960 1403.1
1406970 1411.4
1406980 1411.4
1406990 1419.8
1407000 1427.6
1407010 1427.6
1407020 1435.2
1407030 1443.0
1407040 1449.6
1407050 1449.6
1407060 1455.5
1407070 1461.7
1407080 1461.7
1407090 1467.8
1407100 1473.0
1407110 1473.0
1407120 1478.4
1407130 1484.5
1407140 1484.5
1407150 1490.3
1407160 1495.7
1407170 1495.7
1407180 1501.7
1407190 1506.3
1407200 1512.1
1407210 1512.1
1407220 1517.4
1407230 1523.1
1407240 1523.1
1407250 1528.5
1407260 1533.1
1407270 1533.1
1407280 1538.3
1407290 1543.4
1407300 1543.4
1407310 1547.7
1407320 1551.4
1407330 1551.4
1407340 1555.3
1407350 1559.0
1407360 1559.0
1407370 1562.7
1407380 1565.5
1407390 1567.8
1407400 1567.8
1407410 1569.0
1407420 1568.1
1407430 1568.1
1407440 1566.0
1407450 1565.7
1407460 1565.7
1407470 1566.2
1407480 1566.6
1407490 1566.6
1407500 1565.9
1407510 1564.7
1407520 1564.7
1407530 1563.4
1407540 1560.5
1407550 1560.5
1407560 1556.3
1407570 1550.9
1407580 1545.1
1407590 1545.1
1407600 1536.9
1407610 1531.5
1407620 1531.5
1407630 1524.4
1407640 1517.4
1407650 1517.4
1407660 1510.8
1407670 1502.5
1407680 1502.5
1407690 1492.6
1407700 1488.1
1407710 1488.1
1407720 1490.3
1407730 1487.1
1407740 1479.9
1407750 1479.9
1407760 1472.6
1407770 1464.9
1407780 1464.9
1407790 1458.4
1407800 1452.6
1407810 1452.6
1407820 1447.5
1407830 1444.5
1407840 1444.5
1407850 1443.4
1407860 1442.1
1407870 1442.1
1407880 1439.5
1407890 1435.6
1407900 1435.6
1407910 1430.7
1407920 1425.5
1407930 1422.0
1407940 1422.0
1407950 1419.3
1407960 1415.4
1407970 1415.4
1407980 1409.9
1407990 1410.7
1408000 1410.7
1408010 1414.9
1408020 1419.5
1408030 1419.5
1408040 1424.5
1408050 1429.3
1408060 1429.3
1408070 1432.5
1408080 1437.7
1408090 1445.4
1408100 1445.4
1408110 1453.7
1408120 1462.8
1408130 1462.8
1408140 1472.6
1408150 1480.4
1408160 1480.4
1408170 1484.2
1408180 1487.1
1408190 1487.1
1408200 1492.8
1408210 1500.5
1408220 1500.5
1408230 1508.4
1408240 1516.9
1408250 1516.9
1408260 1524.6
1408270 1532.1
1408280 1539.7
1408290 1539.7
1408300 1547.4
1408310 1555.4
1408320 1555.4
1408330 1561.8
1408340 1569.1
1408350 1569.1
1408360 1576.0
1408370 1583.4
1408380 1583.4
1408390 1590.4
1408400 1594.5
1408410 1594.5
1408420 1597.6
1408430 1599.4
1408440 1601.9
1408450 1601.9
1408460 1605.2
1408470 1609.6
1408480 1609.6
1408490 1615.4
1408500 1623.0
1408510 1623.0
1408520 1632.2
1408530 1640.4
1408540 1640.4
1408550 1646.5
1408560 1650.9
1408570 1650.9
1408580 1655.5
1408590 1660.9
1408600 1660.9
1408610 1665.1
1408620 1671.6
1408630 1680.5
1408640 1680.5
1408650 1689.3
1408660 1691.6
1408670 1691.6
1408680 1692.3
1408690 1696.0
1408700 1696.0
1408710 1701.4
1408720 1706.2
1408730 1706.2
1408740 1710.1
1408750 1715.3
1408760 1715.3
1408770 1722.4
1408780 1727.6
1408790 1727.6
1408800 1732.0
1408810 1737.2
1408820 1742.4
1408830 1742.4
1408840 1749.2
1408850 1756.8
1408860 1756.8
1408870 1765.6
1408880 1777.7
1408890 1777.7
1408900 1789.2
1408910 1794.7
1408920 1794.7
1408930 1800.1
1408940 1806.2
1408950 1806.2
1408960 1813.2
1408970 1818.8
1408980 1824.6
1408990 1824.6
1409000 1829.7
1409010 1832.6
1409020 1832.6
1409030 1833.6
1409040 1835.6
1409050 1835.6
1409060 1837.7
1409070 1839.2
1409080 1839.2
1409090 1841.0
1409100 1842.4
1409110 1842.4
1409120 1843.9
1409130 1847.5
1409140 1847.5
1409150 1849.4
1409160 1850.3
1409170 1852.1
1409180 1852.1
1409190 1852.9
1409200 1853.4
1409210 1853.4
1409220 1854.5
1409230 1855.3
1409240 1855.3
1409250 1856.4
1409260 1856.6
1409270 1856.6
1409280 1857.0
1409290 1857.0
1409300 1857.0
1409310 1856.7
1409320 1856.0
1409330 1854.4
1409340 1854.4
1409350 1852.5
1409360 1851.2
1409370 1851.2
1409380 1850.6
1409390 1849.3
1409400 1849.3
1409410 1848.1
1409420 1848.1
1409430 1848.1
1409440 1848.2
1409450 1847.5
1409460 1847.5
1409470 1846.2
1409480 1844.5
1409490 1844.5
1409500 1842.1
1409510 1840.4
1409520 1839.4
1409530 1839.4
1409540 1838.8
1409550 1838.1
1409560 1838.1
1409570 1836.8
1409580 1834.9
1409590 1834.9
1409600 1834.7
1409610 1834.9
1409620 1834.9
1409630 1835.3
1409640 1837.3
1409650 1837.3
1409660 1839.1
1409670 1840.8
1409680 1840.8
1409690 1841.6
1409700 1842.1
1409710 1843.2
1409720 1843.2
1409730 1844.2
1409740 1845.1
1409750 1845.1
1409760 1845.8
1409770 1845.9
1409780 1845.9
1409790 1845.8
1409800 1845.6
1409810 1845.6
1409820 1845.0
1409830 1844.6
1409840 1844.6
1409850 1844.7
1409860 1844.5
1409870 1844.3
1409880 1844.3
1409890 1843.4
1409900 1842.4
1409910 1842.4
1409920 1841.3
1409930 1839.6
1409940 1839.6
1409950 1837.1
1409960 1836.0
1409970 1836.0
1409980 1834.7
1409990 1833.0
1410000 1833.0
1410010 1831.9
1410020 1830.6
1410030 1830.6
1410040 1830.0
1410050 1829.1
1410060 1827.2
1410070 1827.2
1410080 1825.4
1410090 1823.8
1410100 1823.8
1410110 1820.5
1410120 1817.1
1410130 1817.1
1410140 1814.1
1410150 1810.4
1410160 1810.4
1410170 1807.3
1410180 1804.9
1410190 1804.9
1410200 1802.6
1410210 1800.5
1410220 1796.6
1410230 1796.6
1410240 1792.5
1410250 1788.4
1410260 1788.4
1410270 1784.3
1410280 1780.0
1410290 1780.0
1410300 1775.8
1410310 1772.0
1410320 1772.0
1410330 1767.6
1410340 1762.2
1410350 1762.2
1410360 1758.0
1410370 1754.3
1410380 1754.3
1410390 1749.5
1410400 1743.8
1410410 1737.3
1410420 1737.3
1410430 1731.0
1410440 1724.6
1410450 1724.6
1410460 1718.8
1410470 1714.0
1410480 1714.0
1410490 1709.5
1410500 1705.0
1410510 1705.0
1410520 1700.8
1410530 1697.0
1410540 1697.0
1410550 1692.4
1410560 1688.2
1410570 1683.5
1410580 1683.5
1410590 1677.9
1410600 1671.4
1410610 1671.4
1410620 1665.4
1410630 1659.2
1410640 1659.2
1410650 1651.5
1410660 1644.3
1410670 1644.3
1410680 1637.0
1410690 1629.7
1410700 1629.7
1410710 1622.1
1410720 1615.3
1410730 1615.3
1410740 1609.2
1410750 1602.8
1410760 1596.8
1410770 1596.8
1410780 1590.4
1410790 1584.0
1410800 1584.0
1410810 1576.8
1410820 1569.2
1410830 1569.2
1410840 1561.5
1410850 1556.4
1410860 1556.4
1410870 1552.0
1410880 1547.7
1410890 1547.7
1410900 1542.3
1410910 1536.9
1410920 1536.9
1410930 1533.4
1410940 1530.0
1410950 1525.0
1410960 1522.0
1410970 1518.3
1410980 1514.7
1410990 1514.7
1411000 1509.8
1411010 1502.9
1411020 1502.9
1411030 1495.7
1411040 1490.6
1411050 1490.6
1411060 1486.0
1411070 1483.3
1411080 1483.3
1411090 1482.3
1411100 1478.7
1411110 1474.4
1411120 1474.4
1411130 1471.6
1411140 1467.5
1411150 1467.5
1411160 1462.9
1411170 1457.9
1411180 1457.9
1411190 1452.3
1411200 1445.6
1411210 1445.6
1411220 1438.6
1411230 1431.7
1411240 1431.7
1411250 1423.8
1411260 1414.9
1411270 1414.9
1411280 1405.8
1411290 1396.6
1411300 1393.3
1411310 1393.3
1411320 1398.3
1411330 1404.0
1411340 1404.0
1411350 1410.3
1411360 1416.4
1411370 1416.4
1411380 1423.4
1411390 1425.8
1411400 1425.8
1411410 1422.2
1411420 1418.3
1411430 1418.3
1411440 1418.0
1411450 1417.2
1411460 1415.3
1411470 1415.3
1411480 1414.6
1411490 1413.6
1411500 1413.6
1411510 1413.1
1411520 1413.4
1411530 1413.4
1411540 1411.6
1411550 1408.8
1411560 1408.8
1411570 1414.4
1411580 1423.0
1411590 1423.0
1411600 1431.3
1411610 1438.1
1411620 1438.1
1411630 1443.4
1411640 1447.4
1411650 1452.7
1411660 1452.7
1411670 1459.6
1411680 1465.2
1411690 1465.2
1411700 1467.2
1411710 1466.9
1411720 1466.9
1411730 1467.6
1411740 1470.7
1411750 1470.7
1411760 1474.6
1411770 1477.3
1411780 1477.3
1411790 1481.4
1411800 1485.7
1411810 1485.7
1411820 1489.9
1411830 1494.3
1411840 1497.8
1411850 1497.8
1411860 1502.5
1411870 1504.8
1411880 1504.8
1411890 1508.5
1411900 1513.6
1411910 1513.6
1411920 1517.4
1411930 1518.8
1411940 1518.8
1411950 1520.2
1411960 1521.3
1411970 1521.3
1411980 1522.9
1411990 1524.6
1412000 1526.5
1412010 1526.5
1412020 1529.4
1412030 1535.5
1412040 1535.5
1412050 1543.7
1412060 1550.2
1412070 1550.2
1412080 1555.1
1412090 1559.1
1412100 1559.1
1412110 1562.1
1412120 1565.2
1412130 1565.2
1412140 1568.2
1412150 1570.9
1412160 1570.9
1412170 1573.5
1412180 1575.4
1412190 1577.7
1412200 1577.7
1412210 1580.3
1412220 1582.8
1412230 1582.8
1412240 1585.2
1412250 1587.3
1412260 1587.3
1412270 1589.0
1412280 1590.0
1412290 1590.0
1412300 1590.1
1412310 1589.5
1412320 1589.5
1412330 1589.1
1412340 1588.8
1412350 1587.0
1412360 1587.0
1412370 1583.0
1412380 1578.9
1412390 1578.9
1412400 1575.2
1412410 1570.0
1412420 1570.0
1412430 1563.0
1412440 1557.8
1412450 1557.8
1412460 1552.6
1412470 1545.1
1412480 1545.1
1412490 1537.0
1412500 1530.0
1412510 1530.0
1412520 1523.4
1412530 1516.6
1412540 1509.7
1412550 1509.7
1412560 1502.9
1412570 1496.4
1412580 1496.4
1412590 1490.8
1412600 1485.8
1412610 1485.8
1412620 1482.0
1412630 1478.4
1412640 1478.4
1412650 1473.4
1412660 1468.7
1412670 1468.7
1412680 1465.0
1412690 1457.0
1412700 1454.0
1412710 1454.0
1412720 1452.1
1412730 1450.6
1412740 1450.6
1412750 1449.0
1412760 1447.2
1412770 1447.2
1412780 1445.2
1412790 1442.6
1412800 1442.6
1412810 1439.7
1412820 1436.4
1412830 1436.4
1412840 1431.9
1412850 1423.2
1412860 1423.2
1412870 1425.8
1412880 1436.4
1412890 1445.0
1412900 1445.0
1412910 1451.7
1412920 1457.1
1412930 1457.1
1412940 1460.2
1412950 1463.1
1412960 1463.1
1412970 1466.3
1412980 1468.8
1412990 1468.8
1413000 1472.4
1413010 1476.9
1413020 1476.9
1413030 1481.1
1413040 1484.0
1413050 1484.0
1413060 1487.6
1413070 1494.3
1413080 1500.6
1413090 1500.6
1413100 1504.7
1413110 1511.5
1413120 1511.5
1413130 1516.7
1413140 1518.8
1413150 1518.8
1413160 1519.9
1413170 1520.1
1413180 1520.1
1413190 1519.1
1413200 1518.2
1413210 1518.2
1413220 1518.4
1413230 1517.3
1413240 1516.4
1413250 1516.4
1413260 1515.9
1413270 1516.8
1413280 1516.8
1413290 1519.3
1413300 1523.7
1413310 1523.7
1413320 1529.7
1413330 1535.4
1413340 1535.4
1413350 1538.1
1413360 1539.7
1413370 1539.7
1413380 1542.2
1413390 1545.2
1413400 1545.2
1413410 1548.3
1413420 1551.5
1413430 1555.3
1413440 1555.3
1413450 1559.0
1413460 1561.2
1413470 1561.2
1413480 1563.9
1413490 1566.6
1413500 1566.6
1413510 1569.0
1413520 1572.5
1413530 1572.5
1413540 1576.3
1413550 1580.5
1413560 1580.5
1413570 1584.6
1413580 1588.7
1413590 1592.1
1413600 1592.1
1413610 1595.0
1413620 1598.6
1413630 1598.6
1413640 1601.3
1413650 1602.1
1413660 1602.1
1413670 1601.9
1413680 1602.9
1413690 1602.9
1413700 1603.3
1413710 1603.1
1413720 1603.1
1413730 1605.0
1413740 1608.4
1413750 1608.4
1413760 1612.0
1413770 1614.7
1413780 1616.3
1413790 1616.3
1413800 1618.4
1413810 1621.7
1413820 1621.7
1413830 1625.7
1413840 1630.8
1413850 1630.8
1413860 1635.4
1413870 1639.2
1413880 1639.2
1413890 1642.9
1413900 1646.1
1413910 1646.1
1413920 1649.4
1413930 1652.9
1413940 1657.0
1413950 1657.0
1413960 1660.4
1413970 1665.1
1413980 1665.1
1413990 1668.7
1414000 1672.1
1414010 1672.1
1414020 1674.8
1414030 1677.8
1414040 1677.8
1414050 1682.1
1414060 1687.3
1414070 1687.3
1414080 1693.2
1414090 1698.8
1414100 1698.8
1414110 1702.3
1414120 1704.7
1414130 1706.3
1414140 1706.3
1414150 1707.3
1414160 1708.0
1414170 1708.0
1414180 1708.2
1414190 1708.1
1414200 1708.1
1414210 1708.2
1414220 1708.0
1414230 1708.0
1414240 1707.7
1414250 1707.7
1414260 1707.7
1414270 1708.3
1414280 1709.5
1414290 1709.5
1414300 1710.7
1414310 1711.5
1414320 1711.7
1414330 1711.7
1414340 1711.2
1414350 1710.3
1414360 1710.3
1414370 1709.1
1414380 1707.2
1414390 1707.2
1414400 1701.0
1414410 1690.4
1414420 1690.4
1414430 1682.3
1414440 1673.8
1414450 1673.8
1414460 1664.8
1414470 1656.5
1414480 1647.3
1414490 1647.3
1414500 1639.7
1414510 1632.7
1414520 1632.7
1414530 1625.8
1414540 1618.2
1414550 1618.2
1414560 1611.3
1414570 1606.3
1414580 1606.3
1414590 1602.0
1414600 1597.5
1414610 1597.5
1414620 1591.7
1414630 1585.5
1414640 1585.5
1414650 1579.8
1414660 1570.5
1414670 1561.3
1414680 1561.3
1414690 1552.7
1414700 1546.0
1414710 1546.0
1414720 1541.6
1414730 1538.5
1414740 1538.5
1414750 1535.2
1414760 1532.8
1414770 1532.8
1414780 1530.4
1414790 1528.5
1414800 1528.5
1414810 1524.3
1414820 1518.6
1414830 1515.4
1414840 1515.4
1414850 1514.7
1414860 1513.0
1414870 1513.0
1414880 1509.6
1414890 1506.8
1414900 1506.8
1414910 1505.7
1414920 1505.1
1414930 1505.1
1414940 1504.0
1414950 1502.9
1414960 1502.9
1414970 1501.7
1414980 1500.6
1414990 1500.6
1415000 1498.8
1415010 1493.8
1415020 1488.6
1415030 1488.6
1415040 1485.7
1415050 1484.3
1415060 1484.3
1415070 1481.3
1415080 1478.2
1415090 1478.2
1415100 1474.9
1415110 1471.7
1415120 1471.7
1415130 1469.0
1415140 1466.4
1415150 1466.4
1415160 1462.0
1415170 1456.4
1415180 1456.4
1415190 1452.8
1415200 1450.9
1415210 1447.3
1415220 1447.3
1415230 1441.1
1415240 1437.1
1415250 1437.1
1415260 1433.4
1415270 1428.5
1415280 1428.5
1415290 1424.1
1415300 1419.1
1415310 1419.1
1415320 1414.3
1415330 1411.7
1415340 1411.7
1415350 1409.8
1415360 1408.3
1415370 1406.6
1415380 1406.6
1415390 1405.4
1415400 1405.5
1415410 1405.5
1415420 1406.0
1415430 1407.6
1415440 1407.6
1415450 1407.7
1415460 1406.6
1415470 1406.6
1415480 1407.0
1415490 1407.0
1415500 1407.0
1415510 1404.9
1415520 1402.7
1415530 1402.7
1415540 1400.0
1415550 1398.9
1415560 1401.4
1415570 1401.4
1415580 1403.4
1415590 1403.7
1415600 1403.7
1415610 1403.1
1415620 1402.4
1415630 1402.4
1415640 1402.1
1415650 1401.2
1415660 1401.2
1415670 1399.3
1415680 1395.8
1415690 1395.8
1415700 1391.6
1415710 1387.1
1415720 1382.1
1415730 1382.1
1415740 1377.8
1415750 1374.3
1415760 1374.3
1415770 1373.7
1415780 1373.8
1415790 1373.8
1415800 1371.5
1415810 1366.9
1415820 1366.9
1415830 1365.6
1415840 1367.7
1415850 1367.7
1415860 1368.2
1415870 1368.9
1415880 1368.9
1415890 1369.5
1415900 1369.4
1415910 1369.2
1415920 1369.2
1415930 1368.9
1415940 1366.6
1415950 1366.6
1415960 1363.4
1415970 1361.0
1415980 1361.0
1415990 1359.5
1416000 1360.5
1416010 1360.5
1416020 1364.0
1416030 1366.9
1416040 1366.9
1416050 1372.4
1416060 1375.7
1416070 1376.1
1416080 1376.1
1416090 1379.7
1416100 1385.8
1416110 1385.8
1416120 1390.3
1416130 1391.9
1416140 1391.9
1416150 1393.1
1416160 1396.0
1416170 1396.0
1416180 1400.4
1416190 1405.6
1416200 1405.6
1416210 1409.5
1416220 1411.2
1416230 1411.2
1416240 1411.6
1416250 1411.8
1416260 1411.6
1416270 1411.6
1416280 1410.8
1416290 1409.3
1416300 1409.3
1416310 1409.5
1416320 1408.4
1416330 1408.4
1416340 1406.7
1416350 1404.6
1416360 1404.6
1416370 1403.1
1416380 1401.9
1416390 1401.9
1416400 1401.1
1416410 1400.7
1416420 1400.7
1416430 1398.8
1416440 1395.0
1416450 1391.2
1416460 1391.2
1416470 1386.8
1416480 1382.6
1416490 1382.6
1416500 1380.4
1416510 1378.6
1416520 1378.6
1416530 1376.4
1416540 1373.0
1416550 1373.0
1416560 1369.4
1416570 1366.4
1416580 1366.4
1416590 1363.6
1416600 1360.4
1416610 1357.7
1416620 1357.7
1416630 1355.1
1416640 1349.9
1416650 1349.9
1416660 1346.0
1416670 1341.9
1416680 1341.9
1416690 1337.3
1416700 1334.4
1416710 1334.4
1416720 1333.6
1416730 1332.9
1416740 1332.9
1416750 1331.3
1416760 1328.6
1416770 1328.6
1416780 1324.8
1416790 1321.6
1416800 1317.8
1416810 1317.8
1416820 1313.2
1416830 1307.2
1416840 1307.2
1416850 1300.9
1416860 1296.3
1416870 1296.3
1416880 1290.2
1416890 1285.5
1416900 1285.5
1416910 1282.5
1416920 1277.9
1416930 1277.9
1416940 1271.9
1416950 1265.5
1416960 1257.4
1416970 1257.4
1416980 1249.5
1416990 1242.3
1417000 1242.3
1417010 1236.1
1417020 1230.9
1417030 1230.9
1417040 1224.6
1417050 1219.0
1417060 1219.0
1417070 1211.6
1417080 1204.4
1417090 1204.4
1417100 1197.3
1417110 1190.1
1417120 1190.1
1417130 1180.7
1417140 1170.9
1417150 1162.9
1417160 1162.9
1417170 1155.4
1417180 1147.8
1417190 1147.8
1417200 1140.6
1417210 1134.1
1417220 1134.1
1417230 1128.0
1417240 1122.0
1417250 1122.0
1417260 1116.6
1417270 1111.5
1417280 1111.5
1417290 1104.3
1417300 1095.8
1417310 1095.8
1417320 1087.1
1417330 1077.8
1417340 1069.2
1417350 1069.2
1417360 1060.5
1417370 1051.5
1417380 1051.5
1417390 1043.9
1417400 1038.4
1417410 1038.4
1417420 1034.7
1417430 1031.8
1417440 1031.8
1417450 1028.6
1417460 1025.2
1417470 1025.2
1417480 1024.9
1417490 1025.7
1417500 1022.3
1417510 1022.3
1417520 1016.8
1417530 1013.6
1417540 1013.6
1417550 1011.2
1417560 1008.6
1417570 1008.6
1417580 1007.1
1417590 1006.2
1417600 1006.2
1417610 1005.4
1417620 1005.1
1417630 1005.1
1417640 1006.4
1417650 1009.4
1417660 1009.4
1417670 1012.4
1417680 1014.7
1417690 1016.0
1417700 1016.0
1417710 1017.0
1417720 1018.8
1417730 1018.8
1417740 1021.8
1417750 1026.3
1417760 1026.3
1417770 1029.6
1417780 1027.8
1417790 1027.8
1417800 1025.8
1417810 1024.8
1417820 1024.8
1417830 1023.3
1417840 1023.4
1417850 1024.3
1417860 1024.3
1417870 1020.5
1417880 1018.4
1417890 1018.4
1417900 1016.7
1417910 1012.9
1417920 1012.9
1417930 1008.3
1417940 1002.4
1417950 1002.4
1417960 996.1
1417970 988.5
1417980 988.5
1417990 980.1
1418000 972.2
1418010 972.2
1418020 964.7
1418030 956.5
1418040 948.8
1418050 948.8
1418060 941.2
1418070 933.4
1418080 933.4
1418090 925.2
1418100 917.6
1418110 917.6
1418120 911.1
1418130 908.3
1418140 908.3
1418150 905.6
1418160 899.9
1418170 899.9
1418180 895.1
1418190 890.9
1418200 886.6
1418210 886.6
1418220 883.1
1418230 878.3
1418240 878.3
1418250 872.2
1418260 867.1
1418270 867.1
1418280 862.3
1418290 857.4
1418300 857.4
1418310 852.0
1418320 846.6
1418330 846.6
1418340 841.1
1418350 837.3
1418360 837.3
1418370 833.6
1418380 829.1
1418390 824.6
1418400 824.6
1418410 820.8
1418420 817.7
1418430 817.7
1418440 813.9
1418450 810.2
1418460 810.2
1418470 806.9
1418480 803.2
1418490 803.2
1418500 799.8
1418510 796.6
1418520 796.6
1418530 793.5
1418540 790.5
1418550 790.5
1418560 787.9
1418570 785.4
1418580 782.6
1418590 782.6
1418600 779.7
1418610 777.4
1418620 777.4
1418630 774.7
1418640 771.7
1418650 771.7
1418660 769.2
1418670 766.9
1418680 766.9
1418690 764.5
1418700 762.0
1418710 762.0
1418720 760.5
1418730 758.7
1418740 757.2
1418750 757.2
1418760 756.0
1418770 754.6
1418780 754.6
1418790 753.3
1418800 752.1
1418810 752.1
1418820 750.4
1418830 748.1
1418840 748.1
1418850 746.5
1418860 745.3
1418870 745.3
1418880 744.3
1418890 743.5
1418900 743.5
1418910 742.0
1418920 739.6
1418930 737.5
1418940 737.5
1418950 735.6
1418960 733.9
1418970 733.9
1418980 732.3
1418990 730.8
1419000 730.8
1419010 729.1
1419020 727.4
1419030 727.4
1419040 725.9
1419050 724.6
1419060 724.6
1419070 723.3
1419080 720.2
1419090 718.5
1419100 718.5
1419110 717.5
1419120 717.3
1419130 717.3
1419140 715.9
1419150 713.9
1419160 713.9
1419170 712.2
1419180 711.0
1419190 711.0
1419200 709.9
1419210 707.9
1419220 707.9
1419230 706.3
1419240 704.5
1419250 704.5
1419260 703.6
1419270 702.9
1419280 702.2
1419290 702.2
1419300 702.0
1419310 701.8
1419320 701.8
1419330 701.7
1419340 701.2
1419350 701.2
1419360 700.5
1419370 700.1
1419380 700.1
1419390 699.6
1419400 699.0
1419410 699.0
1419420 698.7
1419430 698.2
1419440 698.2
1419450 698.0
1419460 697.8
1419470 697.6
1419480 697.6
1419490 697.2
1419500 696.9
1419510 696.9
1419520 696.2
1419530 696.1
1419540 696.1
1419550 696.0
1419560 696.6
1419570 696.6
1419580 696.2
1419590 695.6
1419600 695.6
1419610 695.4
1419620 695.3
1419630 695.2
1419640 695.2
1419650 695.1
1419660 695.0
1419670 695.0
1419680 694.8
1419690 694.8
1419700 694.8
1419710 695.0
1419720 694.9
1419730 694.9
1419740 695.0
1419750 695.0
1419760 695.0
1419770 694.9
1419780 694.9
1419790 694.9
1419800 694.7
1419810 694.4
1419820 694.5
1419830 694.5
1419840 694.6
1419850 694.4
1419860 694.4
1419870 691.8
1419880 690.2
1419890 690.2
1419900 690.1
1419910 691.0
1419920 691.0
1419930 693.0
1419940 693.3
1419950 693.3
1419960 693.2
1419970 693.2
1419980 693.2
1419990 693.2
