1400000 2032.9
1400010 2045.5
1400020 2056.5
1400030 2056.5
1400040 2064.4
1400050 2072.4
1400060 2072.4
1400070 2080.5
1400080 2089.0
1400090 2089.0
1400100 2099.3
1400110 2110.5
1400120 2121.8
1400130 2121.8
1400140 2132.4
1400150 2145.8
1400160 2145.8
1400170 2156.2
1400180 2165.2
1400190 2165.2
1400200 2174.2
1400210 2182.6
1400220 2182.6
1400230 2189.4
1400240 2197.2
1400250 2197.2
1400260 2205.8
1400270 2211.9
1400280 2211.9
1400290 2213.8
1400300 2214.6
1400310 2219.2
1400320 2219.2
1400330 2224.7
1400340 2229.4
1400350 2229.4
1400360 2233.1
1400370 2235.0
1400380 2235.0
1400390 2233.8
1400400 2232.8
1400410 2232.8
1400420 2232.4
1400430 2232.7
1400440 2232.7
1400450 2234.4
1400460 2238.8
1400470 2245.6
1400480 2245.6
1400490 2247.7
1400500 2245.9
1400510 2245.9
1400520 2244.1
1400530 2242.8
1400540 2242.8
1400550 2243.9
1400560 2245.3
1400570 2245.3
1400580 2246.4
1400590 2247.8
1400600 2247.8
1400610 2249.5
1400620 2251.0
1400630 2251.0
1400640 2252.0
1400650 2251.7
1400660 2251.2
1400670 2251.2
1400680 2250.0
1400690 2248.5
1400700 2248.5
1400710 2246.5
1400720 2244.0
1400730 2244.0
1400740 2242.1
1400750 2241.1
1400760 2241.1
1400770 2240.6
1400780 2240.0
1400790 2240.0
1400800 2238.9
1400810 2238.3
1400820 2238.3
1400830 2237.6
1400840 2237.5
1400850 2238.4
1400860 2238.4
1400870 2239.6
1400880 2241.1
1400890 2241.1
1400900 2243.5
1400910 2246.7
1400920 2242.3
1400930 2247.5
1400940 2252.6
1400950 2252.6
1400960 2258.2
1400970 2262.8
1400980 2262.8
1400990 2266.4
1401000 2268.9
1401010 2271.4
1401020 2271.4
1401030 2275.4
1401040 2279.9
1401050 2279.9
1401060 2285.2
1401070 2290.4
1401080 2290.4
1401090 2292.8
1401100 2293.4
1401110 2293.4
1401120 2297.5
1401130 2300.4
1401140 2300.4
1401150 2302.0
1401160 2302.6
1401170 2302.6
1401180 2303.3
1401190 2303.9
1401200 2304.9
1401210 2304.9
1401220 2305.2
1401230 2305.3
1401240 2305.3
1401250 2305.5
1401260 2306.7
1401270 2306.7
1401280 2308.4
1401290 2309.4
1401300 2309.4
1401310 2310.2
1401320 2310.7
1401330 2310.7
1401340 2310.8
1401350 2310.0
1401360 2309.4
1401370 2309.4
1401380 2309.3
1401390 2310.1
1401400 2310.1
1401410 2311.7
1401420 2313.5
1401430 2313.5
1401440 2314.2
1401450 2314.5
1401460 2314.5
1401470 2314.8
1401480 2313.6
1401490 2313.6
1401500 2307.9
1401510 2300.7
1401520 2300.7
1401530 2294.3
1401540 2288.6
1401550 2283.4
1401560 2283.4
1401570 2279.5
1401580 2279.1
1401590 2279.1
1401600 2279.2
1401610 2278.8
1401620 2278.8
1401630 2278.4
1401640 2278.6
1401650 2278.6
1401660 2277.9
1401670 2276.0
1401680 2276.0
1401690 2273.1
1401700 2269.8
1401710 2269.8
1401720 2266.5
1401730 2264.0
1401740 2261.9
1401750 2261.9
1401760 2260.9
1401770 2261.9
1401780 2261.9
1401790 2263.4
1401800 2266.5
1401810 2266.5
1401820 2269.2
1401830 2272.2
1401840 2272.2
1401850 2277.7
1401860 2284.5
1401870 2284.5
1401880 2291.0
1401890 2295.2
1401900 2298.9
1401910 2298.9
1401920 2302.1
1401930 2305.1
1401940 2305.1
1401950 2307.6
1401960 2309.2
1401970 2309.2
1401980 2310.8
1401990 2313.5
1402000 2313.5
1402010 2316.8
1402020 2320.4
1402030 2320.4
1402040 2324.3
1402050 2327.9
1402060 2327.9
1402070 2330.2
1402080 2330.5
1402090 2331.5
1402100 2331.5
1402110 2334.0
1402120 2335.7
1402130 2335.7
1402140 2336.3
1402150 2336.1
1402160 2336.1
1402170 2335.2
1402180 2332.9
1402190 2332.9
1402200 2330.7
1402210 2329.0
1402220 2329.0
1402230 2327.2
1402240 2325.8
1402250 2324.3
1402260 2324.3
1402270 2322.0
1402280 2319.9
1402290 2319.9
1402300 2316.7
1402310 2313.2
1402320 2313.2
1402330 2311.3
1402340 2309.5
1402350 2309.5
1402360 2307.6
1402370 2305.6
1402380 2305.6
1402390 2303.4
1402400 2300.6
1402410 2300.6
1402420 2298.1
1402430 2294.9
1402440 2291.3
1402450 2292.0
1402460 2289.8
1402470 2287.4
1402480 2287.4
1402490 2284.5
1402500 2281.6
1402510 2281.6
1402520 2279.1
1402530 2276.7
1402540 2276.7
1402550 2273.7
1402560 2271.8
1402570 2271.8
1402580 2270.7
1402590 2270.2
1402600 2270.2
1402610 2269.4
1402620 2268.6
1402630 2268.3
1402640 2268.3
1402650 2268.7
1402660 2269.0
1402670 2269.0
1402680 2269.1
1402690 2269.4
1402700 2269.4
1402710 2269.7
1402720 2269.6
1402730 2269.6
1402740 2269.3
1402750 2268.8
1402760 2268.8
1402770 2267.7
1402780 2265.3
1402790 2263.3
1402800 2263.3
1402810 2263.9
1402820 2263.1
1402830 2263.1
1402840 2261.7
1402850 2260.7
1402860 2260.7
1402870 2260.3
1402880 2260.7
1402890 2260.7
1402900 2261.7
1402910 2263.2
1402920 2263.2
1402930 2264.5
1402940 2264.6
1402950 2264.6
1402960 2263.2
1402970 2261.3
1402980 2259.9
1402990 2259.9
1403000 2258.7
1403010 2257.4
1403020 2257.4
1403030 2255.9
1403040 2252.9
1403050 2252.9
1403060 2249.7
1403070 2247.7
1403080 2247.7
1403090 2246.2
1403100 2245.3
1403110 2245.3
1403120 2244.1
1403130 2242.4
1403140 2240.4
1403150 2240.4
1403160 2238.2
1403170 2235.5
1403180 2235.5
1403190 2232.6
1403200 2229.6
1403210 2229.6
1403220 2226.5
1403230 2223.3
1403240 2223.3
1403250 2220.1
1403260 2217.4
1403270 2217.4
1403280 2214.8
1403290 2212.5
1403300 2212.5
1403310 2210.0
1403320 2206.4
1403330 2203.2
1403340 2203.2
1403350 2200.2
1403360 2196.7
1403370 2196.7
1403380 2192.6
1403390 2188.1
1403400 2188.1
1403410 2183.6
1403420 2178.4
1403430 2178.4
1403440 2173.9
1403450 2170.8
1403460 2170.8
1403470 2169.1
1403480 2167.0
1403490 2167.0
1403500 2163.5
1403510 2160.1
1403520 2156.4
1403530 2156.4
1403540 2152.3
1403550 2148.0
1403560 2148.0
1403570 2142.6
1403580 2138.0
1403590 2138.0
1403600 2134.5
1403610 2129.9
1403620 2129.9
1403630 2124.1
1403640 2120.8
1403650 2120.8
1403660 2119.4
1403670 2118.0
1403680 2116.2
1403690 2116.2
1403700 2114.7
1403710 2113.1
1403720 2113.1
1403730 2110.7
1403740 2108.4
1403750 2108.4
1403760 2106.5
1403770 2104.5
1403780 2104.5
1403790 2102.4
1403800 2099.9
1403810 2099.9
1403820 2097.3
1403830 2094.1
1403840 2094.1
1403850 2090.7
1403860 2087.4
1403870 2084.2
1403880 2084.2
1403890 2081.3
1403900 2078.2
1403910 2078.2
1403920 2074.9
1403930 2071.0
1403940 2071.0
1403950 2067.1
1403960 2063.6
1403970 2063.6
1403980 2060.2
1403990 2056.9
1404000 2057.9
1404010 2054.4
1404020 2050.9
1404030 2047.4
1404040 2047.4
1404050 2043.8
1404060 2040.2
1404070 2040.2
1404080 2036.5
1404090 2032.8
1404100 2032.8
1404110 2029.5
1404120 2026.1
1404130 2026.1
1404140 2021.0
1404150 2013.9
1404160 2013.9
1404170 2006.4
1404180 1999.1
1404190 1999.1
1404200 1993.7
1404210 1989.2
1404220 1984.5
1404230 1984.5
1404240 1979.2
1404250 1973.1
1404260 1973.1
1404270 1966.7
1404280 1961.9
1404290 1961.9
1404300 1959.4
1404310 1959.9
1404320 1959.9
1404330 1958.5
1404340 1952.8
1404350 1952.8
1404360 1946.0
1404370 1938.8
1404380 1938.8
1404390 1931.3
1404400 1923.9
1404410 1916.6
1404420 1916.6
1404430 1909.1
1404440 1901.7
1404450 1901.7
1404460 1894.8
1404470 1888.0
1404480 1888.0
1404490 1881.4
1404500 1873.8
1404510 1873.8
1404520 1864.9
1404530 1855.4
1404540 1855.4
1404550 1845.0
1404560 1836.3
1404570 1827.7
1404580 1827.7
1404590 1821.2
1404600 1815.0
1404610 1815.0
1404620 1809.0
1404630 1803.0
1404640 1803.0
1404650 1796.8
1404660 1791.1
1404670 1791.1
1404680 1784.3
1404690 1776.8
1404700 1776.8
1404710 1769.9
1404720 1764.8
1404730 1764.8
1404740 1763.5
1404750 1764.1
1404760 1765.3
1404770 1765.3
1404780 1765.6
1404790 1765.0
1404800 1765.0
1404810 1764.6
1404820 1765.7
1404830 1765.7
1404840 1766.6
1404850 1766.6
1404860 1766.6
1404870 1765.1
1404880 1765.4
1404890 1765.4
1404900 1766.3
1404910 1766.3
1404920 1767.0
1404930 1767.0
1404940 1768.6
1404950 1770.8
1404960 1770.8
1404970 1773.7
1404980 1776.9
1404990 1776.9
1405000 1779.6
1405010 1781.5
1405020 1781.5
1405030 1782.2
1405040 1781.6
1405050 1781.6
1405060 1779.6
1405070 1777.2
1405080 1777.2
1405090 1775.6
1405100 1771.9
1405110 1767.0
1405120 1767.0
1405130 1762.4
1405140 1757.3
1405150 1757.3
1405160 1751.7
1405170 1745.9
1405180 1745.9
1405190 1740.6
1405200 1735.9
1405210 1735.9
1405220 1731.9
1405230 1728.3
1405240 1728.3
1405250 1723.9
1405260 1718.8
1405270 1718.8
1405280 1712.5
1405290 1707.3
1405300 1702.3
1405310 1702.3
1405320 1698.0
1405330 1693.7
1405340 1693.7
1405350 1688.8
1405360 1684.0
1405370 1684.0
1405380 1679.8
1405390 1675.5
1405400 1675.5
1405410 1670.8
1405420 1665.3
1405430 1665.3
1405440 1660.9
1405450 1656.3
1405460 1651.8
1405470 1651.8
1405480 1647.8
1405490 1645.0
1405500 1645.0
1405510 1642.5
1405520 1640.1
1405530 1640.1
1405540 1636.8
1405550 1632.7
1405560 1632.7
1405570 1628.6
1405580 1625.3
1405590 1625.3
1405600 1621.1
1405610 1616.8
1405620 1616.8
1405630 1613.4
1405640 1610.8
1405650 1608.2
1405660 1608.2
1405670 1605.6
1405680 1603.0
1405690 1603.0
1405700 1600.8
1405710 1597.6
1405720 1597.6
1405730 1594.2
1405740 1590.9
1405750 1590.9
1405760 1586.5
1405770 1581.8
1405780 1581.8
1405790 1577.3
1405800 1573.1
1405810 1568.9
1405820 1568.9
1405830 1563.8
1405840 1558.6
1405850 1558.6
1405860 1553.1
1405870 1547.0
1405880 1547.0
1405890 1541.5
1405900 1536.0
1405910 1536.0
1405920 1530.2
1405930 1524.9
1405940 1524.9
1405950 1519.5
1405960 1513.8
1405970 1513.8
1405980 1508.2
1405990 1502.5
1406000 1496.9
1406010 1496.9
1406020 1491.3
1406030 1485.2
1406040 1485.2
1406050 1479.0
1406060 1472.4
1406070 1472.4
1406080 1465.8
1406090 1458.7
1406100 1458.7
1406110 1452.6
1406120 1448.0
1406130 1448.0
1406140 1444.4
1406150 1441.4
1406160 1441.4
1406170 1437.1
1406180 1430.8
1406190 1423.8
1406200 1423.8
1406210 1416.6
1406220 1408.6
1406230 1408.6
1406240 1399.9
1406250 1392.1
1406260 1392.1
1406270 1384.4
1406280 1376.3
1406290 1376.3
1406300 1367.5
1406310 1359.2
1406320 1359.2
1406330 1351.7
1406340 1344.8
1406350 1338.0
1406360 1338.0
1406370 1332.2
1406380 1328.2
1406390 1328.2
1406400 1325.0
1406410 1322.0
1406420 1322.0
1406430 1320.2
1406440 1320.6
1406450 1320.6
1406460 1321.3
1406470 1324.7
1406480 1324.7
1406490 1330.4
1406500 1336.9
1406510 1336.9
1406520 1343.4
1406530 1349.4
1406540 1355.4
1406550 1355.4
1406560 1362.5
1406570 1370.5
1406580 1370.5
1406590 1378.5
1406600 1385.2
1406610 1385.2
1406620 1390.4
1406630 1394.5
1406640 1394.5
1406650 1398.2
1406660 1401.2
1406670 1401.2
1406680 1405.8
1406690 1413.7
1406700 1422.7
1406710 1422.7
1406720 1432.7
1406730 1440.4
1406740 1440.4
1406750 1446.2
1406760 1450.7
1406770 1450.7
1406780 1454.6
1406790 1458.6
1406800 1458.6
1406810 1462.5
1406820 1465.3
1406830 1465.3
1406840 1467.1
1406850 1467.4
1406860 1467.4
1406870 1466.0
1406880 1466.6
1406890 1470.6
1406900 1470.6
1406910 1475.5
1406920 1481.2
1406930 1481.2
1406940 1487.4
1406950 1492.4
1406960 1492.4
1406970 1495.8
1406980 1497.6
1406990 1497.6
1407000 1499.4
1407010 1501.8
1407020 1501.8
1407030 1503.4
1407040 1504.3
1407050 1504.3
1407060 1507.8
1407070 1511.2
1407080 1516.1
1407090 1516.1
1407100 1520.5
1407110 1524.8
1407120 1524.8
1407130 1528.5
1407140 1532.0
1407150 1532.0
1407160 1537.2
1407170 1543.7
1407180 1543.7
1407190 1546.5
1407200 1555.1
1407210 1555.1
1407220 1560.5
1407230 1564.5
1407240 1568.3
1407250 1568.3
1407260 1573.0
1407270 1577.1
1407280 1577.1
1407290 1580.9
1407300 1584.5
1407310 1584.5
1407320 1587.7
1407330 1590.2
1407340 1590.2
1407350 1594.1
1407360 1600.1
1407370 1600.1
1407380 1607.8
1407390 1616.3
1407400 1616.3
1407410 1624.8
1407420 1632.9
1407430 1639.8
1407440 1639.8
1407450 1646.5
1407460 1653.2
1407470 1653.2
1407480 1659.6
1407490 1665.9
1407500 1665.9
1407510 1672.7
1407520 1679.2
1407530 1679.2
1407540 1684.7
1407550 1684.0
1407560 1684.0
1407570 1676.2
1407580 1669.2
1407590 1663.2
1407600 1663.2
1407610 1659.6
1407620 1658.9
1407630 1658.9
1407640 1658.1
1407650 1657.2
1407660 1657.2
1407670 1655.8
1407680 1654.3
1407690 1654.3
1407700 1652.6
1407710 1650.9
1407720 1650.9
1407730 1646.7
1407740 1640.4
1407750 1640.4
1407760 1633.1
1407770 1626.1
1407780 1619.2
1407790 1619.2
1407800 1612.2
1407810 1604.9
1407820 1604.9
1407830 1598.5
1407840 1591.8
1407850 1591.8
1407860 1585.5
1407870 1581.5
1407880 1581.5
1407890 1577.9
1407900 1573.4
1407910 1573.4
1407920 1568.9
1407930 1564.3
1407940 1559.3
1407950 1559.3
1407960 1553.6
1407970 1547.5
1407980 1547.5
1407990 1541.3
1408000 1535.5
1408010 1535.5
1408020 1530.3
1408030 1525.7
1408040 1525.7
1408050 1523.1
1408060 1522.1
1408070 1522.1
1408080 1520.6
1408090 1517.8
1408100 1517.8
1408110 1515.3
1408120 1513.6
1408130 1510.4
1408140 1510.4
1408150 1505.5
1408160 1502.5
1408170 1502.5
1408180 1500.1
1408190 1498.4
1408200 1498.4
1408210 1497.7
1408220 1497.2
1408230 1497.2
1408240 1496.4
1408250 1494.9
1408260 1494.9
1408270 1492.1
1408280 1492.9
1408290 1492.9
1408300 1494.9
1408310 1499.0
1408320 1506.8
1408330 1506.8
1408340 1514.7
1408350 1522.8
1408360 1522.8
1408370 1530.3
1408380 1537.1
1408390 1537.1
1408400 1543.9
1408410 1551.8
1408420 1551.8
1408430 1560.4
1408440 1570.4
1408450 1570.4
1408460 1580.1
1408470 1591.1
1408480 1602.2
1408490 1602.2
1408500 1608.1
1408510 1616.2
1408520 1616.2
1408530 1624.9
1408540 1630.8
1408550 1630.8
1408560 1634.2
1408570 1639.7
1408580 1639.7
1408590 1645.3
1408600 1648.6
1408610 1648.6
1408620 1650.0
1408630 1652.7
1408640 1652.7
1408650 1655.2
1408660 1659.9
1408670 1661.8
1408680 1661.8
1408690 1661.5
1408700 1661.2
1408710 1661.2
1408720 1662.6
1408730 1665.8
1408740 1665.8
1408750 1671.2
1408760 1678.1
1408770 1678.1
1408780 1686.5
1408790 1695.6
1408800 1695.6
1408810 1705.1
1408820 1716.1
1408830 1727.3
1408840 1725.2
1408850 1734.5
1408860 1743.7
1408870 1743.7
1408880 1752.5
1408890 1761.9
1408900 1761.9
1408910 1771.6
1408920 1779.4
1408930 1779.4
1408940 1787.1
1408950 1795.0
1408960 1795.0
1408970 1802.6
1408980 1807.4
1408990 1807.4
1409000 1811.2
1409010 1817.6
1409020 1824.7
1409030 1824.7
1409040 1833.1
1409050 1839.8
1409060 1839.8
1409070 1845.2
1409080 1850.2
1409090 1850.2
1409100 1855.4
1409110 1862.3
1409120 1862.3
1409130 1869.6
1409140 1877.3
1409150 1877.3
1409160 1885.3
1409170 1893.1
1409180 1893.1
1409190 1899.2
1409200 1905.6
1409210 1912.1
1409220 1912.1
1409230 1917.7
1409240 1922.0
1409250 1922.0
1409260 1926.6
1409270 1930.5
1409280 1930.5
1409290 1933.6
1409300 1939.5
1409310 1939.5
1409320 1949.5
1409330 1956.4
1409340 1956.4
1409350 1957.5
1409360 1958.0
1409370 1958.4
1409380 1958.4
1409390 1958.3
1409400 1958.5
1409410 1958.5
1409420 1957.6
1409430 1956.0
1409440 1956.0
1409450 1954.9
1409460 1953.4
1409470 1953.4
1409480 1950.6
1409490 1947.9
1409500 1947.9
1409510 1944.7
1409520 1940.2
1409530 1940.2
1409540 1934.0
1409550 1927.9
1409560 1922.7
1409570 1922.7
1409580 1918.2
1409590 1913.7
1409600 1913.7
1409610 1911.6
1409620 1910.0
1409630 1910.0
1409640 1908.1
1409650 1906.2
1409660 1906.2
1409670 1904.4
1409680 1903.1
1409690 1903.1
1409700 1902.2
1409710 1904.1
1409720 1908.9
1409730 1908.9
1409740 1913.7
1409750 1917.6
1409760 1917.6
1409770 1921.2
1409780 1925.3
1409790 1925.3
1409800 1929.6
1409810 1930.5
1409820 1930.5
1409830 1928.7
1409840 1927.2
1409850 1927.2
1409860 1924.4
1409870 1920.3
1409880 1920.3
1409890 1915.8
1409900 1911.5
1409910 1907.3
1409920 1907.3
1409930 1903.5
1409940 1899.1
1409950 1899.1
1409960 1894.0
1409970 1888.3
1409980 1888.3
1409990 1882.8
1410000 1877.7
1410010 1877.7
1410020 1873.5
1410030 1870.4
1410040 1870.4
1410050 1865.5
1410060 1859.9
1410070 1859.9
1410080 1854.8
1410090 1849.6
1410100 1844.3
1410110 1844.3
1410120 1839.9
1410130 1834.7
1410140 1834.7
1410150 1827.7
1410160 1822.1
1410170 1822.1
1410180 1816.1
1410190 1810.2
1410200 1810.2
1410210 1804.0
1410220 1797.4
1410230 1797.4
1410240 1790.5
1410250 1783.3
1410260 1776.3
1410270 1776.3
1410280 1769.1
1410290 1761.3
1410300 1761.3
1410310 1753.1
1410320 1745.2
1410330 1745.2
1410340 1737.4
1410350 1730.5
1410360 1730.5
1410370 1724.2
1410380 1717.5
1410390 1717.5
1410400 1711.0
1410410 1705.8
1410420 1705.8
1410430 1700.8
1410440 1696.0
1410450 1691.0
1410460 1691.0
1410470 1686.2
1410480 1681.1
1410490 1681.1
1410500 1674.9
1410510 1669.3
1410520 1669.3
1410530 1666.0
1410540 1659.2
1410550 1659.2
1410560 1652.8
1410570 1646.3
1410580 1646.3
1410590 1638.9
1410600 1631.6
1410610 1624.7
1410620 1624.7
1410630 1618.0
1410640 1611.0
1410650 1611.0
1410660 1604.1
1410670 1596.8
1410680 1596.8
1410690 1588.7
1410700 1579.0
1410710 1579.0
1410720 1568.8
1410730 1561.2
1410740 1561.2
1410750 1562.3
1410760 1564.6
1410770 1564.6
1410780 1565.7
1410790 1570.3
1410800 1575.1
1410810 1575.1
1410820 1577.4
1410830 1576.8
1410840 1576.8
1410850 1572.9
1410860 1574.0
1410870 1574.0
1410880 1571.9
1410890 1569.5
1410900 1569.5
1410910 1567.4
1410920 1564.7
1410930 1564.7
1410940 1562.1
1410950 1559.5
1410960 1559.5
1410970 1555.9
1410980 1552.2
1410990 1550.1
1411000 1550.1
1411010 1549.5
1411020 1550.4
1411030 1550.4
1411040 1551.3
1411050 1552.5
1411060 1552.5
1411070 1554.4
1411080 1557.4
1411090 1557.4
1411100 1557.3
1411110 1555.8
1411120 1555.8
1411130 1554.7
1411140 1554.0
1411150 1552.7
1411160 1552.7
1411170 1550.3
1411180 1547.5
1411190 1547.5
1411200 1544.9
1411210 1542.8
1411220 1542.8
1411230 1541.4
1411240 1539.9
1411250 1539.9
1411260 1538.3
1411270 1537.3
1411280 1537.3
1411290 1536.8
1411300 1534.0
1411310 1534.0
1411320 1529.1
1411330 1523.7
1411340 1518.1
1411350 1518.1
1411360 1511.4
1411370 1506.3
1411380 1506.3
1411390 1504.7
1411400 1501.4
1411410 1501.4
1411420 1494.8
1411430 1489.3
1411440 1489.3
1411450 1492.7
1411460 1501.1
1411470 1501.1
1411480 1509.2
1411490 1515.0
1411500 1518.8
1411510 1518.8
1411520 1521.2
1411530 1525.2
1411540 1525.2
1411550 1530.2
1411560 1530.2
1411570 1530.2
1411580 1530.1
1411590 1533.6
1411600 1533.6
1411610 1538.0
1411620 1540.0
1411630 1540.0
1411640 1539.7
1411650 1536.7
1411660 1536.7
1411670 1533.0
1411680 1532.5
1411690 1534.5
1411700 1534.5
1411710 1535.6
1411720 1538.0
1411730 1538.0
1411740 1541.4
1411750 1543.8
1411760 1543.8
1411770 1545.5
1411780 1548.0
1411790 1548.0
1411800 1552.6
1411810 1558.0
1411820 1558.0
1411830 1563.3
1411840 1568.8
1411850 1574.2
1411860 1574.2
1411870 1578.5
1411880 1581.8
1411890 1581.8
1411900 1585.3
1411910 1589.1
1411920 1589.1
1411930 1592.1
1411940 1596.2
1411950 1596.2
1411960 1600.9
1411970 1606.3
1411980 1606.3
1411990 1611.4
1412000 1614.8
1412010 1614.8
1412020 1619.5
1412030 1625.4
1412040 1631.3
1412050 1631.3
1412060 1636.3
1412070 1641.0
1412080 1641.0
1412090 1645.5
1412100 1650.1
1412110 1650.1
1412120 1655.2
1412130 1660.6
1412140 1660.6
1412150 1665.7
1412160 1670.9
1412170 1670.9
1412180 1675.4
1412190 1678.3
1412200 1678.3
1412210 1679.4
1412220 1680.4
1412230 1682.1
1412240 1682.1
1412250 1680.4
1412260 1681.8
1412270 1681.8
1412280 1682.7
1412290 1683.1
1412300 1683.1
1412310 1683.4
1412320 1681.4
1412330 1681.4
1412340 1673.1
1412350 1665.5
1412360 1665.5
1412370 1663.0
1412380 1661.2
1412390 1657.7
1412400 1657.7
1412410 1651.8
1412420 1644.5
1412430 1644.5
1412440 1637.6
1412450 1629.8
1412460 1629.8
1412470 1624.5
1412480 1618.4
1412490 1618.4
1412500 1611.9
1412510 1605.7
1412520 1605.7
1412530 1599.9
1412540 1595.0
1412550 1595.0
1412560 1590.9
1412570 1586.6
1412580 1582.6
1412590 1582.6
1412600 1579.7
1412610 1578.1
1412620 1578.1
1412630 1578.5
1412640 1579.6
1412650 1579.6
1412660 1580.2
1412670 1578.4
1412680 1578.4
1412690 1576.1
1412700 1574.4
1412710 1574.4
1412720 1571.3
1412730 1567.4
1412740 1563.0
1412750 1563.0
1412760 1558.5
1412770 1555.5
1412780 1555.5
1412790 1552.9
1412800 1548.7
1412810 1548.7
1412820 1543.8
1412830 1539.4
1412840 1539.4
1412850 1536.2
1412860 1533.0
1412870 1533.0
1412880 1528.0
1412890 1523.0
1412900 1523.0
1412910 1517.8
1412920 1519.9
1412930 1524.9
1412940 1524.9
1412950 1529.9
1412960 1536.8
1412970 1536.8
1412980 1543.2
1412990 1550.0
1413000 1550.0
1413010 1557.1
1413020 1564.3
1413030 1564.3
1413040 1571.4
1413050 1578.2
1413060 1578.2
1413070 1584.0
1413080 1588.4
1413090 1588.4
1413100 1593.1
1413110 1598.8
1413120 1604.7
1413130 1604.7
1413140 1610.5
1413150 1615.9
1413160 1615.9
1413170 1620.9
1413180 1625.6
1413190 1625.6
1413200 1629.7
1413210 1633.9
1413220 1633.9
1413230 1638.9
1413240 1643.7
1413250 1643.7
1413260 1646.9
1413270 1649.3
1413280 1652.0
1413290 1652.0
1413300 1654.8
1413310 1658.5
1413320 1658.5
1413330 1662.7
1413340 1666.9
1413350 1666.9
1413360 1670.8
1413370 1673.7
1413380 1673.7
1413390 1677.0
1413400 1682.2
1413410 1682.2
1413420 1684.7
1413430 1685.9
1413440 1685.9
1413450 1685.8
1413460 1685.1
1413470 1685.2
1413480 1685.2
1413490 1685.1
1413500 1684.6
1413510 1684.6
1413520 1684.4
1413530 1684.3
1413540 1684.3
1413550 1684.9
1413560 1686.4
1413570 1686.4
1413580 1689.4
1413590 1691.4
1413600 1691.4
1413610 1693.7
1413620 1697.3
1413630 1701.1
1413640 1701.1
1413650 1703.7
1413660 1705.4
1413670 1705.4
1413680 1708.2
1413690 1711.7
1413700 1711.7
1413710 1714.4
1413720 1716.9
1413730 1716.9
1413740 1719.8
1413750 1722.5
1413760 1722.5
1413770 1725.3
1413780 1728.0
1413790 1728.0
1413800 1730.9
1413810 1732.6
1413820 1734.1
1413830 1734.1
1413840 1736.0
1413850 1738.0
1413860 1738.0
1413870 1740.7
1413880 1743.5
1413890 1743.5
1413900 1747.6
1413910 1752.5
1413920 1752.5
1413930 1756.1
1413940 1759.0
1413950 1759.0
1413960 1762.9
1413970 1766.4
1413980 1766.4
1413990 1770.8
1414000 1775.5
1414010 1776.7
1414020 1776.7
1414030 1780.3
1414040 1782.9
1414050 1782.9
1414060 1787.1
1414070 1791.8
1414080 1791.8
1414090 1794.7
1414100 1796.1
1414110 1796.1
1414120 1797.7
1414130 1799.4
1414140 1799.4
1414150 1800.4
1414160 1800.9
1414170 1801.4
1414180 1801.4
1414190 1802.3
1414200 1803.3
1414210 1803.3
1414220 1803.7
1414230 1804.1
1414240 1804.1
1414250 1804.4
1414260 1804.5
1414270 1804.5
1414280 1804.1
1414290 1802.7
1414300 1802.7
1414310 1799.1
1414320 1793.1
1414330 1793.1
1414340 1785.9
1414350 1778.9
1414360 1771.8
1414370 1771.8
1414380 1764.3
1414390 1757.1
1414400 1757.1
1414410 1750.8
1414420 1746.3
1414430 1746.3
1414440 1742.7
1414450 1739.2
1414460 1739.2
1414470 1733.7
1414480 1724.8
1414490 1724.8
1414500 1717.6
1414510 1710.8
1414520 1704.4
1414530 1704.4
1414540 1700.1
1414550 1696.9
1414560 1696.9
1414570 1695.2
1414580 1694.9
1414590 1694.9
1414600 1693.0
1414610 1689.0
1414620 1689.0
1414630 1684.3
1414640 1678.2
1414650 1678.2
1414660 1672.8
1414670 1670.1
1414680 1670.1
1414690 1667.7
1414700 1666.2
1414710 1665.3
1414720 1665.3
1414730 1664.5
1414740 1663.1
1414750 1663.1
1414760 1661.0
1414770 1657.5
1414780 1657.5
1414790 1653.1
1414800 1649.4
1414810 1649.4
1414820 1646.8
1414830 1643.3
1414840 1643.3
1414850 1637.6
1414860 1631.5
1414870 1631.5
1414880 1628.3
1414890 1626.3
1414900 1623.5
1414910 1623.5
1414920 1620.3
1414930 1617.2
1414940 1617.2
1414950 1614.1
1414960 1610.6
1414970 1610.6
1414980 1608.1
1414990 1607.4
1415000 1607.4
1415010 1606.3
1415020 1603.8
1415030 1603.8
1415040 1600.9
1415050 1597.8
1415060 1595.0
1415070 1595.0
1415080 1592.4
1415090 1588.7
1415100 1588.7
1415110 1584.6
1415120 1581.2
1415130 1581.2
1415140 1578.3
1415150 1575.8
1415160 1575.8
1415170 1572.8
1415180 1569.6
1415190 1569.6
1415200 1567.0
1415210 1565.1
1415220 1565.1
1415230 1563.3
1415240 1561.6
1415250 1558.0
1415260 1558.0
1415270 1554.3
1415280 1552.0
1415290 1552.0
1415300 1550.3
1415310 1550.5
1415320 1550.5
1415330 1550.6
1415340 1552.3
1415350 1552.3
1415360 1555.1
1415370 1554.8
1415380 1554.8
1415390 1553.9
1415400 1552.7
1415410 1551.6
1415420 1551.6
1415430 1549.7
1415440 1548.8
1415450 1548.8
1415460 1547.7
1415470 1546.4
1415480 1546.4
1415490 1543.3
1415500 1540.3
1415510 1540.3
1415520 1539.0
1415530 1536.7
1415540 1536.7
1415550 1534.2
1415560 1532.4
1415570 1532.4
1415580 1530.4
1415590 1526.2
1415600 1521.2
1415610 1521.2
1415620 1521.3
1415630 1522.3
1415640 1522.3
1415650 1521.9
1415660 1521.6
1415670 1521.6
1415680 1518.1
1415690 1515.1
1415700 1515.1
1415710 1516.3
1415720 1518.6
1415730 1518.6
1415740 1521.5
1415750 1523.9
1415760 1523.9
1415770 1525.4
1415780 1526.8
1415790 1527.4
1415800 1527.4
1415810 1526.3
1415820 1520.7
1415830 1520.7
1415840 1519.0
1415850 1518.7
1415860 1518.7
1415870 1518.9
1415880 1519.9
1415890 1519.9
1415900 1521.4
1415910 1523.0
1415920 1523.0
1415930 1525.1
1415940 1527.3
1415950 1529.9
1415960 1529.9
1415970 1532.8
1415980 1535.2
1415990 1535.2
1416000 1534.7
1416010 1533.9
1416020 1533.9
1416030 1534.1
1416040 1534.1
1416050 1534.1
1416060 1533.6
1416070 1532.4
1416080 1532.4
1416090 1530.7
1416100 1528.4
1416110 1528.4
1416120 1524.8
1416130 1520.5
1416140 1518.3
1416150 1518.3
1416160 1517.7
1416170 1516.2
1416180 1516.2
1416190 1513.9
1416200 1511.6
1416210 1511.6
1416220 1509.9
1416230 1507.7
1416240 1507.7
1416250 1505.8
1416260 1504.3
1416270 1504.3
1416280 1502.9
1416290 1499.6
1416300 1494.9
1416310 1494.9
1416320 1491.4
1416330 1489.5
1416340 1489.5
1416350 1487.7
1416360 1485.6
1416370 1485.6
1416380 1483.1
1416390 1476.8
1416400 1476.8
1416410 1468.2
1416420 1461.3
1416430 1461.3
1416440 1458.4
1416450 1454.3
1416460 1454.3
1416470 1450.5
1416480 1447.7
1416490 1445.6
1416500 1445.6
1416510 1441.7
1416520 1434.9
1416530 1434.9
1416540 1426.8
1416550 1421.2
1416560 1421.2
1416570 1416.6
1416580 1411.9
1416590 1411.9
1416600 1408.3
1416610 1402.4
1416620 1402.4
1416630 1395.5
1416640 1389.7
1416650 1384.1
1416660 1384.1
1416670 1376.9
1416680 1370.6
1416690 1370.6
1416700 1366.0
1416710 1362.4
1416720 1362.4
1416730 1358.3
1416740 1353.8
1416750 1353.8
1416760 1349.6
1416770 1346.4
1416780 1346.4
1416790 1344.0
1416800 1342.1
1416810 1342.1
1416820 1338.4
1416830 1335.4
1416840 1333.1
1416850 1333.1
1416860 1330.5
1416870 1328.5
1416880 1328.5
1416890 1326.5
1416900 1325.0
1416910 1325.0
1416920 1323.2
1416930 1320.8
1416940 1320.8
1416950 1318.0
1416960 1315.0
1416970 1315.0
1416980 1311.5
1416990 1308.3
1417000 1308.3
1417010 1304.8
1417020 1300.4
1417030 1297.3
1417040 1297.3
1417050 1294.3
1417060 1290.9
1417070 1290.9
1417080 1286.7
1417090 1282.2
1417100 1282.2
1417110 1277.4
1417120 1273.2
1417130 1273.2
1417140 1269.7
1417150 1266.8
1417160 1266.8
1417170 1264.4
1417180 1261.7
1417190 1258.3
1417200 1258.3
1417210 1254.6
1417220 1250.3
1417230 1250.3
1417240 1245.8
1417250 1241.3
1417260 1241.3
1417270 1237.6
1417280 1234.5
1417290 1234.5
1417300 1231.9
1417310 1229.0
1417320 1229.0
1417330 1226.6
1417340 1224.4
1417350 1224.4
1417360 1222.0
1417370 1219.4
1417380 1216.5
1417390 1216.5
1417400 1212.5
1417410 1208.2
1417420 1208.2
1417430 1204.0
1417440 1199.7
1417450 1199.7
1417460 1195.1
1417470 1189.8
1417480 1189.8
1417490 1184.5
1417500 1181.3
1417510 1181.3
1417520 1176.7
1417530 1172.4
1417540 1169.1
1417550 1169.1
1417560 1164.9
1417570 1159.7
1417580 1159.7
1417590 1152.8
1417600 1147.0
1417610 1147.0
1417620 1140.5
1417630 1137.4
1417640 1137.4
1417650 1134.7
1417660 1132.4
1417670 1129.4
1417680 1129.2
1417690 1129.5
1417700 1129.5
1417710 1128.0
1417720 1124.9
1417730 1122.2
1417740 1122.2
1417750 1119.7
1417760 1116.8
1417770 1116.8
1417780 1113.9
1417790 1111.8
1417800 1111.8
1417810 1109.4
1417820 1106.4
1417830 1106.4
1417840 1103.5
1417850 1101.1
1417860 1101.1
1417870 1099.0
1417880 1097.0
1417890 1097.0
1417900 1094.6
1417910 1091.7
1417920 1087.6
1417930 1087.6
1417940 1083.4
1417950 1078.5
1417960 1078.5
1417970 1073.3
1417980 1067.7
1417990 1067.7
1418000 1062.1
1418010 1056.5
1418020 1056.5
1418030 1049.6
1418040 1042.5
1418050 1042.5
1418060 1035.6
1418070 1029.2
1418080 1023.0
1418090 1023.0
1418100 1016.6
1418110 1011.1
1418120 1011.1
1418130 1005.5
1418140 1000.2
1418150 1000.2
1418160 994.7
1418170 989.0
1418180 989.0
1418190 982.9
1418200 976.5
1418210 976.5
1418220 969.6
1418230 963.1
1418240 963.1
1418250 955.9
1418260 948.3
1418270 942.1
1418280 942.1
1418290 933.8
1418300 925.7
1418310 925.7
1418320 917.8
1418330 909.4
1418340 909.4
1418350 901.6
1418360 894.1
1418370 894.1
1418380 887.3
1418390 880.8
1418400 880.8
1418410 874.5
1418420 870.2
1418430 866.7
1418440 866.7
1418450 862.7
1418460 857.2
1418470 857.2
1418480 850.5
1418490 843.0
1418500 843.0
1418510 837.3
1418520 833.9
1418530 833.9
1418540 830.7
1418550 827.7
1418560 827.7
1418570 825.5
1418580 823.9
1418590 823.9
1418600 824.5
1418610 827.4
1418620 829.5
1418630 829.5
1418640 832.8
1418650 836.6
1418660 836.6
1418670 840.2
1418680 843.4
1418690 843.4
1418700 846.1
1418710 847.3
1418720 847.3
1418730 847.3
1418740 847.5
1418750 847.5
1418760 848.6
1418770 848.8
1418780 848.8
1418790 846.1
1418800 841.2
1418810 834.6
1418820 834.6
1418830 827.1
1418840 819.1
1418850 819.1
1418860 810.9
1418870 802.5
1418880 802.5
1418890 794.5
1418900 788.3
1418910 788.3
1418920 784.0
1418930 780.5
1418940 780.5
1418950 777.5
1418960 774.4
1418970 770.6
1418980 770.6
1418990 765.8
1419000 760.3
1419010 760.3
1419020 755.1
1419030 750.6
1419040 750.6
1419050 745.8
1419060 742.8
1419070 742.8
1419080 740.1
1419090 737.0
1419100 737.0
1419110 733.5
1419120 730.1
1419130 730.1
1419140 726.4
1419150 723.0
1419160 720.5
1419170 720.5
1419180 718.8
1419190 717.5
1419200 717.5
1419210 716.0
1419220 713.9
1419230 713.9
1419240 712.2
1419250 710.2
1419260 710.2
1419270 707.6
1419280 705.5
1419290 705.5
1419300 703.6
1419310 701.7
1419320 700.2
1419330 700.2
1419340 698.9
1419350 697.6
1419360 697.6
1419370 696.6
1419380 695.5
1419390 695.5
1419400 694.5
1419410 694.2
1419420 694.2
1419430 693.7
1419440 693.4
1419450 693.4
1419460 693.4
1419470 693.8
1419480 693.8
1419490 694.0
1419500 692.9
1419510 692.3
1419520 692.3
1419530 692.4
1419540 692.4
1419550 692.4
1419560 692.3
1419570 692.2
1419580 692.4
1419590 692.3
1419600 692.4
1419610 692.4
1419620 692.5
1419630 692.5
1419640 692.5
1419650 692.5
1419660 692.3
1419670 692.3
1419680 692.1
1419690 692.1
1419700 692.2
1419710 692.2
1419720 691.7
1419730 691.7
1419740 691.7
1419750 692.0
1419760 692.1
1419770 692.1
1419780 692.1
1419790 692.1
1419800 692.1
1419810 691.9
1419820 691.2
1419830 691.2
1419840 691.1
1419850 691.5
1419860 691.2
1419870 691.2
1419880 689.9
1419890 689.6
1419900 689.6
1419910 690.4
1419920 690.6
1419930 690.6
1419940 690.5
1419950 689.1
1419960 689.1
1419970 687.5
1419980 687.5
1419990 687.5
