1400000 2349.2
1400010 2358.3
1400020 2365.6
1400030 2365.6
1400040 2368.2
1400050 2369.7
1400060 2369.7
1400070 2366.8
1400080 2369.4
1400090 2369.4
1400100 2382.5
1400110 2382.0
1400120 2382.0
1400130 2378.0
1400140 2377.4
1400150 2383.3
1400160 2383.3
1400170 2391.4
1400180 2395.1
1400190 2395.1
1400200 2401.9
1400210 2413.7
1400220 2413.7
1400230 2424.5
1400240 2432.7
1400250 2432.7
1400260 2439.9
1400270 2447.3
1400280 2447.3
1400290 2455.4
1400300 2463.6
1400310 2463.6
1400320 2471.3
1400330 2479.1
1400340 2486.4
1400350 2486.4
1400360 2494.0
1400370 2503.0
1400380 2503.0
1400390 2515.3
1400400 2524.1
1400410 2524.1
1400420 2530.3
1400430 2537.6
1400440 2537.6
1400450 2545.3
1400460 2551.6
1400470 2551.6
1400480 2557.0
1400490 2556.5
1400500 2556.5
1400510 2553.3
1400520 2553.2
1400530 2550.8
1400540 2550.8
1400550 2546.4
1400560 2540.6
1400570 2540.6
1400580 2536.1
1400590 2532.5
1400600 2532.5
1400610 2529.2
1400620 2524.9
1400630 2524.9
1400640 2518.4
1400650 2511.2
1400660 2511.2
1400670 2503.5
1400680 2494.6
1400690 2485.7
1400700 2485.7
1400710 2477.3
1400720 2470.2
1400730 2470.2
1400740 2464.2
1400750 2458.8
1400760 2458.8
1400770 2453.6
1400780 2448.1
1400790 2448.1
1400800 2442.7
1400810 2437.8
1400820 2437.8
1400830 2433.2
1400840 2429.2
1400850 2429.2
1400860 2425.1
1400870 2421.0
1400880 2418.2
1400890 2418.2
1400900 2416.0
1400910 2413.6
1400920 2413.6
1400930 2411.8
1400940 2411.1
1400950 2411.1
1400960 2410.7
1400970 2410.6
1400980 2410.6
1400990 2410.6
1401000 2410.1
1401010 2410.1
1401020 2409.0
1401030 2407.2
1401040 2405.2
1401050 2405.2
1401060 2402.7
1401070 2398.5
1401080 2398.5
1401090 2393.8
1401100 2389.4
1401110 2389.4
1401120 2385.6
1401130 2381.4
1401140 2381.4
1401150 2377.8
1401160 2375.4
1401170 2375.4
1401180 2374.3
1401190 2373.2
1401200 2373.2
1401210 2371.6
1401220 2369.8
1401230 2367.6
1401240 2367.6
1401250 2365.2
1401260 2362.2
1401270 2362.2
1401280 2359.3
1401290 2357.0
1401300 2357.0
1401310 2354.9
1401320 2353.0
1401330 2353.0
1401340 2351.5
1401350 2350.1
1401360 2350.1
1401370 2349.1
1401380 2348.2
1401390 2348.2
1401400 2347.0
1401410 2345.4
1401420 2343.7
1401430 2343.7
1401440 2341.6
1401450 2339.2
1401460 2339.2
1401470 2337.0
1401480 2335.1
1401490 2335.1
1401500 2333.7
1401510 2332.1
1401520 2332.1
1401530 2330.7
1401540 2330.1
1401550 2330.1
1401560 2329.5
1401570 2328.8
1401580 2327.5
1401590 2327.5
1401600 2325.3
1401610 2322.3
1401620 2322.3
1401630 2319.7
1401640 2317.8
1401650 2317.8
1401660 2316.1
1401670 2314.5
1401680 2314.5
1401690 2313.0
1401700 2311.5
1401710 2311.5
1401720 2309.1
1401730 2306.9
1401740 2306.9
1401750 2304.4
1401760 2302.5
1401770 2299.6
1401780 2299.6
1401790 2297.6
1401800 2296.3
1401810 2296.3
1401820 2294.6
1401830 2293.5
1401840 2293.5
1401850 2293.4
1401860 2293.4
1401870 2293.4
1401880 2293.3
1401890 2293.4
1401900 2293.4
1401910 2293.8
1401920 2293.7
1401930 2293.7
1401940 2293.4
1401950 2292.8
1401960 2291.7
1401970 2291.7
1401980 2290.2
1401990 2288.5
1402000 2288.5
1402010 2286.1
1402020 2283.1
1402030 2283.1
1402040 2279.7
1402050 2275.8
1402060 2275.8
1402070 2272.4
1402080 2269.1
1402090 2269.1
1402100 2265.6
1402110 2261.5
1402120 2258.5
1402130 2258.5
1402140 2255.7
1402150 2253.1
1402160 2253.1
1402170 2250.2
1402180 2247.6
1402190 2247.6
1402200 2245.5
1402210 2243.0
1402220 2243.0
1402230 2240.6
1402240 2238.0
1402250 2238.0
1402260 2236.1
1402270 2235.2
1402280 2235.2
1402290 2234.5
1402300 2234.0
1402310 2233.8
1402320 2233.8
1402330 2232.9
1402340 2230.9
1402350 2230.9
1402360 2228.8
1402370 2226.8
1402380 2226.8
1402390 2225.4
1402400 2223.7
1402410 2223.7
1402420 2221.8
1402430 2219.5
1402440 2219.5
1402450 2217.7
1402460 2215.6
1402470 2215.6
1402480 2213.6
1402490 2212.0
1402500 2210.6
1402510 2210.6
1402520 2209.0
1402530 2207.2
1402540 2207.2
1402550 2205.1
1402560 2203.1
1402570 2203.1
1402580 2201.8
1402590 2200.6
1402600 2200.6
1402610 2199.1
1402620 2197.1
1402630 2197.1
1402640 2195.5
1402650 2193.7
1402660 2192.2
1402670 2192.2
1402680 2191.0
1402690 2189.1
1402700 2189.1
1402710 2188.1
1402720 2187.5
1402730 2187.5
1402740 2187.2
1402750 2186.9
1402760 2186.9
1402770 2185.6
1402780 2182.9
1402790 2182.9
1402800 2180.2
1402810 2177.4
1402820 2177.4
1402830 2176.2
1402840 2175.3
1402850 2174.1
1402860 2174.1
1402870 2172.9
1402880 2171.5
1402890 2171.5
1402900 2169.6
1402910 2168.3
1402920 2168.3
1402930 2167.2
1402940 2165.9
1402950 2165.9
1402960 2161.4
1402970 2160.4
1402980 2160.4
1402990 2160.5
1403000 2161.1
1403010 2161.0
1403020 2161.0
1403030 2160.0
1403040 2158.7
1403050 2158.7
1403060 2158.5
1403070 2159.0
1403080 2159.0
1403090 2159.6
1403100 2159.4
1403110 2159.4
1403120 2158.3
1403130 2157.5
1403140 2157.5
1403150 2157.3
1403160 2157.0
1403170 2157.0
1403180 2157.0
1403190 2157.0
1403200 2156.7
1403210 2156.7
1403220 2156.5
1403230 2156.9
1403240 2156.9
1403250 2156.9
1403260 2156.8
1403270 2156.8
1403280 2156.7
1403290 2156.5
1403300 2156.5
1403310 2157.4
1403320 2159.2
1403330 2159.2
1403340 2161.2
1403350 2163.3
1403360 2163.3
1403370 2164.9
1403380 2167.6
1403390 2171.1
1403400 2171.1
1403410 2173.9
1403420 2176.7
1403430 2176.7
1403440 2179.6
1403450 2182.5
1403460 2182.5
1403470 2185.3
1403480 2187.6
1403490 2187.6
1403500 2189.2
1403510 2190.3
1403520 2190.3
1403530 2191.2
1403540 2192.0
1403550 2192.6
1403560 2192.6
1403570 2192.8
1403580 2192.4
1403590 2192.4
1403600 2191.6
1403610 2188.8
1403620 2188.8
1403630 2185.9
1403640 2181.6
1403650 2181.6
1403660 2176.6
1403670 2172.2
1403680 2172.2
1403690 2168.9
1403700 2166.3
1403710 2166.3
1403720 2163.8
1403730 2161.4
1403740 2157.9
1403750 2157.9
1403760 2154.2
1403770 2149.8
1403780 2149.8
1403790 2145.5
1403800 2140.9
1403810 2140.9
1403820 2137.8
1403830 2134.9
1403840 2134.9
1403850 2130.3
1403860 2124.5
1403870 2124.5
1403880 2118.9
1403890 2113.6
1403900 2113.6
1403910 2107.2
1403920 2100.6
1403930 2094.0
1403940 2094.0
1403950 2091.4
1403960 2089.7
1403970 2089.7
1403980 2086.1
1403990 2085.1
1404000 2085.1
1404010 2081.1
1404020 2069.6
1404030 2069.6
1404040 2059.5
1404050 2053.9
1404060 2053.9
1404070 2049.8
1404080 2045.9
1404090 2040.1
1404100 2040.1
1404110 2033.6
1404120 2029.2
1404130 2029.2
1404140 2025.6
1404150 2021.1
1404160 2021.1
1404170 2015.9
1404180 2011.7
1404190 2011.7
1404200 2007.4
1404210 2002.2
1404220 2002.2
1404230 1997.2
1404240 1991.6
1404250 1991.6
1404260 1986.2
1404270 1982.0
1404280 1976.5
1404290 1976.5
1404300 1971.8
1404310 1968.4
1404320 1968.4
1404330 1965.2
1404340 1960.7
1404350 1960.7
1404360 1954.7
1404370 1949.7
1404380 1949.7
1404390 1945.7
1404400 1939.8
1404410 1939.8
1404420 1933.1
1404430 1925.7
1404440 1918.0
1404450 1918.0
1404460 1910.4
1404470 1903.2
1404480 1903.2
1404490 1898.6
1404500 1894.9
1404510 1894.9
1404520 1886.7
1404530 1882.6
1404540 1882.6
1404550 1879.0
1404560 1874.7
1404570 1874.7
1404580 1869.5
1404590 1863.7
1404600 1863.7
1404610 1858.4
1404620 1852.8
1404630 1848.2
1404640 1848.2
1404650 1844.7
1404660 1841.2
1404670 1841.2
1404680 1837.8
1404690 1834.3
1404700 1834.3
1404710 1830.1
1404720 1825.2
1404730 1825.2
1404740 1820.6
1404750 1816.5
1404760 1816.5
1404770 1812.4
1404780 1808.1
1404790 1808.1
1404800 1804.3
1404810 1800.5
1404820 1796.4
1404830 1796.4
1404840 1792.2
1404850 1787.1
1404860 1787.1
1404870 1780.8
1404880 1773.4
1404890 1773.4
1404900 1765.2
1404910 1756.6
1404920 1756.6
1404930 1748.4
1404940 1741.3
1404950 1741.3
1404960 1735.8
1404970 1732.9
1404980 1730.6
1404990 1730.6
1405000 1726.6
1405010 1722.6
1405020 1722.6
1405030 1719.2
1405040 1715.2
1405050 1715.2
1405060 1710.6
1405070 1707.1
1405080 1707.1
1405090 1704.5
1405100 1701.9
1405110 1701.9
1405120 1699.4
1405130 1696.0
1405140 1696.0
1405150 1690.1
1405160 1684.1
1405170 1678.9
1405180 1678.9
1405190 1676.1
1405200 1672.8
1405210 1672.8
1405220 1668.3
1405230 1662.3
1405240 1662.3
1405250 1655.6
1405260 1649.2
1405270 1649.2
1405280 1643.9
1405290 1637.8
1405300 1637.8
1405310 1632.6
1405320 1628.5
1405330 1628.5
1405340 1625.5
1405350 1623.3
1405360 1620.4
1405370 1620.4
1405380 1616.5
1405390 1612.4
1405400 1612.4
1405410 1608.1
1405420 1602.8
1405430 1602.8
1405440 1599.5
1405450 1593.4
1405460 1593.4
1405470 1585.2
1405480 1579.0
1405490 1579.0
1405500 1574.2
1405510 1569.7
1405520 1565.5
1405530 1565.5
1405540 1561.7
1405550 1558.4
1405560 1558.4
1405570 1554.4
1405580 1549.4
1405590 1549.4
1405600 1543.5
1405610 1537.3
1405620 1537.3
1405630 1530.5
1405640 1524.8
1405650 1524.8
1405660 1519.9
1405670 1513.0
1405680 1513.0
1405690 1504.9
1405700 1499.5
1405710 1498.5
1405720 1498.5
1405730 1498.0
1405740 1495.1
1405750 1495.1
1405760 1495.1
1405770 1496.7
1405780 1496.7
1405790 1497.3
1405800 1498.4
1405810 1498.4
1405820 1500.1
1405830 1501.5
1405840 1501.5
1405850 1502.3
1405860 1502.0
1405870 1502.0
1405880 1503.0
1405890 1505.1
1405900 1506.2
1405910 1506.2
1405920 1505.8
1405930 1506.7
1405940 1506.7
1405950 1508.1
1405960 1509.2
1405970 1509.2
1405980 1510.9
1405990 1515.9
1406000 1515.9
1406010 1521.2
1406020 1528.8
1406030 1528.8
1406040 1536.0
1406050 1542.0
1406060 1548.3
1406070 1548.3
1406080 1554.6
1406090 1560.8
1406100 1560.8
1406110 1562.3
1406120 1565.6
1406130 1565.6
1406140 1569.6
1406150 1573.3
1406160 1573.3
1406170 1577.4
1406180 1582.6
1406190 1582.6
1406200 1588.2
1406210 1594.6
1406220 1594.6
1406230 1600.9
1406240 1609.2
1406250 1617.3
1406260 1617.3
1406270 1624.8
1406280 1631.0
1406290 1631.0
1406300 1637.3
1406310 1645.0
1406320 1645.0
1406330 1652.8
1406340 1659.1
1406350 1659.1
1406360 1665.0
1406370 1669.9
1406380 1669.9
1406390 1674.1
1406400 1678.5
1406410 1683.5
1406420 1683.5
1406430 1688.7
1406440 1693.6
1406450 1693.6
1406460 1698.4
1406470 1703.2
1406480 1703.2
1406490 1707.8
1406500 1712.6
1406510 1712.6
1406520 1717.3
1406530 1722.0
1406540 1722.0
1406550 1726.9
1406560 1731.9
1406570 1731.9
1406580 1736.7
1406590 1740.6
1406600 1742.6
1406610 1742.6
1406620 1743.6
1406630 1744.7
1406640 1744.7
1406650 1745.4
1406660 1746.0
1406670 1746.0
1406680 1746.8
1406690 1748.0
1406700 1748.0
1406710 1750.7
1406720 1753.6
1406730 1753.6
1406740 1755.9
1406750 1758.4
1406760 1758.4
1406770 1760.4
1406780 1762.7
1406790 1763.2
1406800 1763.2
1406810 1764.6
1406820 1768.4
1406830 1768.4
1406840 1774.8
1406850 1780.7
1406860 1780.7
1406870 1784.6
1406880 1789.0
1406890 1789.0
1406900 1792.1
1406910 1793.2
1406920 1793.2
1406930 1792.4
1406940 1793.2
1406950 1796.3
1406960 1796.3
1406970 1801.6
1406980 1809.5
1406990 1809.5
1407000 1820.9
1407010 1831.7
1407020 1831.7
1407030 1839.4
1407040 1846.1
1407050 1846.1
1407060 1855.3
1407070 1865.8
1407080 1865.8
1407090 1874.0
1407100 1878.3
1407110 1878.3
1407120 1887.5
1407130 1896.0
1407140 1899.8
1407150 1899.8
1407160 1901.5
1407170 1904.1
1407180 1904.1
1407190 1908.4
1407200 1912.7
1407210 1912.7
1407220 1913.9
1407230 1915.3
1407240 1915.3
1407250 1918.7
1407260 1921.0
1407270 1921.0
1407280 1921.4
1407290 1921.9
1407300 1921.9
1407310 1923.5
1407320 1927.0
1407330 1930.8
1407340 1930.8
1407350 1931.4
1407360 1930.3
1407370 1930.3
1407380 1929.4
1407390 1930.4
1407400 1930.4
1407410 1931.8
1407420 1933.3
1407430 1933.3
1407440 1935.8
1407450 1938.8
1407460 1938.8
1407470 1942.7
1407480 1946.6
1407490 1950.5
1407500 1950.5
1407510 1953.8
1407520 1956.5
1407530 1956.5
1407540 1958.9
1407550 1961.3
1407560 1961.3
1407570 1961.7
1407580 1962.6
1407590 1962.6
1407600 1966.2
1407610 1970.8
1407620 1970.8
1407630 1973.6
1407640 1974.8
1407650 1974.8
1407660 1977.6
1407670 1977.1
1407680 1973.6
1407690 1973.6
1407700 1967.4
1407710 1961.2
1407720 1961.2
1407730 1956.7
1407740 1955.8
1407750 1955.8
1407760 1955.7
1407770 1950.2
1407780 1950.2
1407790 1944.0
1407800 1940.3
1407810 1940.3
1407820 1938.7
1407830 1938.0
1407840 1937.0
1407850 1937.0
1407860 1933.5
1407870 1929.3
1407880 1929.3
1407890 1926.2
1407900 1922.3
1407910 1922.3
1407920 1915.8
1407930 1911.0
1407940 1911.0
1407950 1906.8
1407960 1901.1
1407970 1901.1
1407980 1892.1
1407990 1885.8
1408000 1885.8
1408010 1880.3
1408020 1874.4
1408030 1872.2
1408040 1872.2
1408050 1872.4
1408060 1872.9
1408070 1872.9
1408080 1872.1
1408090 1870.1
1408100 1870.1
1408110 1867.0
1408120 1863.9
1408130 1863.9
1408140 1861.4
1408150 1858.6
1408160 1858.6
1408170 1856.2
1408180 1854.9
1408190 1854.9
1408200 1853.6
1408210 1852.7
1408220 1853.6
1408230 1853.6
1408240 1854.4
1408250 1854.5
1408260 1854.5
1408270 1853.0
1408280 1850.1
1408290 1850.1
1408300 1848.2
1408310 1847.6
1408320 1847.6
1408330 1845.6
1408340 1844.1
1408350 1844.1
1408360 1844.3
1408370 1846.7
1408380 1850.7
1408390 1850.7
1408400 1852.6
1408410 1854.4
1408420 1854.4
1408430 1856.3
1408440 1859.6
1408450 1859.6
1408460 1861.1
1408470 1863.2
1408480 1863.2
1408490 1864.2
1408500 1865.0
1408510 1865.0
1408520 1865.5
1408530 1865.9
1408540 1865.9
1408550 1867.4
1408560 1869.7
1408570 1874.2
1408580 1874.2
1408590 1878.8
1408600 1882.6
1408610 1882.6
1408620 1887.9
1408630 1892.7
1408640 1892.7
1408650 1897.1
1408660 1901.6
1408670 1901.6
1408680 1907.5
1408690 1912.3
1408700 1912.3
1408710 1918.0
1408720 1922.5
1408730 1922.5
1408740 1926.5
1408750 1930.9
1408760 1935.6
1408770 1935.6
1408780 1940.2
1408790 1947.0
1408800 1947.0
1408810 1954.6
1408820 1962.5
1408830 1962.5
1408840 1970.5
1408850 1979.3
1408860 1979.3
1408870 1990.7
1408880 2000.9
1408890 2000.9
1408900 2009.1
1408910 2023.3
1408920 2036.6
1408930 2036.6
1408940 2049.1
1408950 2055.8
1408960 2055.8
1408970 2062.7
1408980 2065.4
1408990 2065.4
1409000 2062.3
1409010 2060.4
1409020 2060.4
1409030 2060.2
1409040 2060.9
1409050 2060.9
1409060 2061.0
1409070 2060.1
1409080 2060.1
1409090 2061.7
1409100 2062.2
1409110 2058.5
1409120 2058.5
1409130 2055.9
1409140 2054.9
1409150 2054.9
1409160 2053.7
1409170 2052.0
1409180 2052.0
1409190 2051.0
1409200 2052.9
1409210 2052.9
1409220 2058.0
1409230 2062.4
1409240 2062.4
1409250 2064.4
1409260 2065.9
1409270 2065.9
1409280 2068.6
1409290 2073.9
1409300 2080.2
1409310 2080.2
1409320 2087.9
1409330 2095.4
1409340 2095.4
1409350 2102.2
1409360 2108.7
1409370 2108.7
1409380 2114.7
1409390 2119.3
1409400 2117.9
1409410 2121.3
1409420 2124.4
1409430 2124.4
1409440 2126.1
1409450 2125.8
1409460 2124.0
1409470 2124.0
1409480 2124.4
1409490 2124.5
1409500 2124.5
1409510 2122.7
1409520 2121.0
1409530 2121.0
1409540 2121.5
1409550 2123.4
1409560 2123.4
1409570 2123.2
1409580 2121.9
1409590 2121.9
1409600 2120.9
1409610 2118.5
1409620 2118.5
1409630 2115.4
1409640 2112.4
1409650 2109.4
1409660 2109.4
1409670 2106.6
1409680 2104.1
1409690 2104.1
1409700 2102.0
1409710 2099.8
1409720 2099.8
1409730 2097.6
1409740 2095.7
1409750 2095.7
1409760 2094.0
1409770 2092.4
1409780 2092.4
1409790 2091.2
1409800 2089.8
1409810 2087.7
1409820 2087.7
1409830 2085.3
1409840 2082.6
1409850 2082.6
1409860 2080.5
1409870 2078.7
1409880 2078.7
1409890 2077.0
1409900 2074.6
1409910 2074.6
1409920 2071.7
1409930 2069.3
1409940 2069.3
1409950 2067.6
1409960 2066.9
1409970 2066.9
1409980 2067.3
1409990 2066.5
1410000 2061.6
1410010 2061.6
1410020 2060.7
1410030 2063.8
1410040 2063.8
1410050 2061.1
1410060 2055.0
1410070 2055.0
1410080 2050.1
1410090 2046.4
1410100 2046.4
1410110 2043.9
1410120 2043.2
1410130 2043.2
1410140 2043.9
1410150 2045.2
1410160 2045.2
1410170 2047.3
1410180 2048.0
1410190 2045.9
1410200 2045.9
1410210 2045.6
1410220 2046.7
1410230 2046.7
1410240 2048.7
1410250 2050.2
1410260 2050.2
1410270 2050.2
1410280 2048.3
1410290 2048.3
1410300 2046.4
1410310 2044.1
1410320 2044.1
1410330 2040.8
1410340 2037.5
1410350 2034.2
1410360 2034.2
1410370 2030.8
1410380 2028.0
1410390 2028.0
1410400 2025.0
1410410 2022.0
1410420 2022.0
1410430 2019.5
1410440 2017.0
1410450 2017.0
1410460 2014.3
1410470 2010.8
1410480 2010.8
1410490 2007.1
1410500 2003.8
1410510 2003.8
1410520 2000.7
1410530 1998.0
1410540 1995.4
1410550 1995.4
1410560 1992.7
1410570 1990.5
1410580 1990.5
1410590 1988.2
1410600 1987.1
1410610 1987.1
1410620 1986.4
1410630 1984.9
1410640 1984.9
1410650 1983.2
1410660 1982.1
1410670 1982.1
1410680 1981.9
1410690 1981.7
1410700 1981.7
1410710 1980.4
1410720 1977.8
1410730 1974.9
1410740 1974.9
1410750 1972.5
1410760 1970.8
1410770 1970.8
1410780 1968.7
1410790 1965.7
1410800 1965.7
1410810 1964.2
1410820 1963.1
1410830 1963.1
1410840 1961.2
1410850 1959.9
1410860 1959.9
1410870 1958.8
1410880 1957.0
1410890 1955.3
1410900 1955.3
1410910 1953.6
1410920 1952.2
1410930 1952.2
1410940 1951.6
1410950 1950.1
1410960 1950.1
1410970 1947.8
1410980 1945.8
1410990 1945.8
1411000 1944.7
1411010 1943.1
1411020 1943.1
1411030 1941.0
1411040 1938.5
1411050 1938.5
1411060 1937.4
1411070 1936.4
1411080 1935.0
1411090 1931.7
1411100 1930.5
1411110 1929.2
1411120 1929.2
1411130 1925.4
1411140 1922.0
1411150 1922.0
1411160 1920.4
1411170 1918.7
1411180 1918.7
1411190 1916.3
1411200 1914.3
1411210 1914.3
1411220 1913.3
1411230 1912.4
1411240 1910.7
1411250 1910.7
1411260 1908.6
1411270 1907.1
1411280 1907.1
1411290 1905.6
1411300 1903.9
1411310 1903.9
1411320 1901.9
1411330 1899.6
1411340 1899.6
1411350 1898.6
1411360 1898.9
1411370 1898.9
1411380 1898.4
1411390 1898.3
1411400 1898.3
1411410 1901.1
1411420 1902.7
1411430 1904.6
1411440 1904.6
1411450 1906.5
1411460 1907.4
1411470 1907.4
1411480 1908.3
1411490 1909.0
1411500 1909.0
1411510 1910.3
1411520 1910.8
1411530 1910.8
1411540 1911.4
1411550 1912.6
1411560 1912.6
1411570 1913.8
1411580 1915.5
1411590 1915.5
1411600 1915.5
1411610 1916.4
1411620 1919.2
1411630 1919.2
1411640 1920.9
1411650 1921.6
1411660 1921.6
1411670 1924.6
1411680 1927.2
1411690 1927.2
1411700 1927.1
1411710 1928.1
1411720 1928.1
1411730 1931.2
1411740 1933.0
1411750 1933.0
1411760 1934.8
1411770 1936.9
1411780 1938.0
1411790 1938.0
1411800 1938.7
1411810 1940.1
1411820 1940.1
1411830 1942.2
1411840 1944.4
1411850 1944.4
1411860 1946.6
1411870 1949.2
1411880 1949.2
1411890 1952.3
1411900 1954.6
1411910 1954.6
1411920 1956.5
1411930 1958.0
1411940 1958.0
1411950 1959.3
1411960 1961.2
1411970 1963.7
1411980 1963.7
1411990 1966.6
1412000 1969.3
1412010 1969.3
1412020 1971.8
1412030 1974.3
1412040 1974.3
1412050 1977.3
1412060 1980.2
1412070 1980.2
1412080 1982.6
1412090 1985.1
1412100 1985.1
1412110 1988.1
1412120 1990.0
1412130 1990.0
1412140 1991.4
1412150 1992.3
1412160 1992.7
1412170 1992.7
1412180 1992.4
1412190 1991.7
1412200 1991.7
1412210 1990.8
1412220 1989.8
1412230 1989.8
1412240 1988.6
1412250 1987.4
1412260 1987.4
1412270 1986.7
1412280 1986.6
1412290 1986.6
1412300 1986.4
1412310 1985.9
1412320 1985.4
1412330 1985.4
1412340 1984.8
1412350 1985.3
1412360 1985.3
1412370 1986.3
1412380 1986.7
1412390 1986.7
1412400 1986.4
1412410 1986.9
1412420 1986.9
1412430 1987.7
1412440 1987.9
1412450 1987.9
1412460 1987.9
1412470 1987.9
1412480 1987.9
1412490 1987.5
1412500 1986.7
1412510 1985.5
1412520 1985.5
1412530 1984.1
1412540 1981.3
1412550 1981.3
1412560 1978.2
1412570 1976.1
1412580 1976.1
1412590 1972.5
1412600 1968.6
1412610 1968.6
1412620 1965.4
1412630 1961.8
1412640 1961.8
1412650 1958.5
1412660 1955.4
1412670 1952.5
1412680 1952.5
1412690 1950.8
1412700 1949.3
1412710 1949.3
1412720 1948.4
1412730 1947.3
1412740 1947.3
1412750 1946.4
1412760 1945.2
1412770 1945.2
1412780 1943.6
1412790 1942.3
1412800 1942.3
1412810 1941.5
1412820 1940.1
1412830 1935.9
1412840 1935.2
1412850 1932.9
1412860 1930.5
1412870 1930.5
1412880 1930.4
1412890 1931.4
1412900 1931.4
1412910 1932.5
1412920 1933.3
1412930 1933.3
1412940 1934.3
1412950 1935.5
1412960 1935.5
1412970 1937.2
1412980 1937.8
1412990 1937.8
1413000 1937.7
1413010 1937.9
1413020 1937.9
1413030 1938.2
1413040 1938.5
1413050 1938.7
1413060 1938.7
1413070 1939.1
1413080 1939.8
1413090 1939.8
1413100 1940.9
1413110 1942.9
1413120 1942.9
1413130 1945.1
1413140 1946.9
1413150 1946.9
1413160 1948.7
1413170 1949.9
1413180 1949.9
1413190 1951.1
1413200 1951.1
1413210 1949.9
1413220 1949.9
1413230 1948.5
1413240 1947.9
1413250 1947.9
1413260 1949.2
1413270 1951.3
1413280 1951.3
1413290 1953.1
1413300 1955.7
1413310 1955.7
1413320 1958.3
1413330 1960.5
1413340 1960.5
1413350 1962.0
1413360 1962.8
1413370 1962.8
1413380 1963.0
1413390 1963.0
1413400 1963.0
1413410 1963.0
1413420 1964.6
1413430 1967.3
1413440 1967.3
1413450 1970.0
1413460 1971.9
1413470 1971.9
1413480 1973.2
1413490 1972.8
1413500 1972.8
1413510 1972.9
1413520 1974.0
1413530 1974.0
1413540 1975.1
1413550 1976.2
1413560 1976.2
1413570 1977.0
1413580 1977.5
1413590 1977.8
1413600 1977.8
1413610 1977.8
1413620 1978.0
1413630 1978.0
1413640 1979.5
1413650 1981.8
1413660 1981.8
1413670 1984.4
1413680 1987.2
1413690 1987.2
1413700 1989.3
1413710 1990.0
1413720 1990.0
1413730 1989.4
1413740 1990.0
1413750 1991.8
1413760 1991.8
1413770 1993.9
1413780 1995.9
1413790 1995.9
1413800 1997.9
1413810 2000.2
1413820 2000.2
1413830 2002.5
1413840 2004.2
1413850 2004.2
1413860 2005.6
1413870 2007.0
1413880 2007.0
1413890 2009.4
1413900 2013.0
1413910 2013.0
1413920 2015.2
1413930 2015.8
1413940 2016.6
1413950 2016.6
1413960 2016.4
1413970 2014.6
1413980 2014.6
1413990 2012.6
1414000 2010.4
1414010 2010.4
1414020 2008.1
1414030 2006.1
1414040 2006.1
1414050 2003.3
1414060 2000.7
1414070 2000.7
1414080 1997.4
1414090 1993.4
1414100 1989.5
1414110 1989.5
1414120 1986.3
1414130 1984.6
1414140 1984.6
1414150 1982.4
1414160 1979.9
1414170 1979.9
1414180 1977.0
1414190 1973.7
1414200 1973.7
1414210 1969.9
1414220 1965.9
1414230 1965.9
1414240 1962.6
1414250 1959.7
1414260 1959.7
1414270 1957.4
1414280 1954.9
1414290 1952.1
1414300 1952.1
1414310 1949.6
1414320 1946.7
1414330 1946.7
1414340 1943.9
1414350 1941.6
1414360 1941.6
1414370 1938.8
1414380 1934.9
1414390 1934.9
1414400 1930.1
1414410 1924.8
1414420 1924.8
1414430 1916.8
1414440 1911.5
1414450 1911.5
1414460 1908.0
1414470 1902.6
1414480 1896.0
1414490 1896.0
1414500 1889.5
1414510 1885.0
1414520 1885.0
1414530 1881.6
1414540 1874.9
1414550 1874.9
1414560 1868.4
1414570 1863.2
1414580 1863.2
1414590 1858.4
1414600 1853.0
1414610 1859.0
1414620 1854.8
1414630 1850.3
1414640 1846.1
1414650 1846.1
1414660 1842.6
1414670 1839.9
1414680 1839.9
1414690 1837.4
1414700 1835.3
1414710 1835.3
1414720 1833.8
1414730 1832.3
1414740 1832.3
1414750 1831.6
1414760 1832.6
1414770 1832.6
1414780 1835.7
1414790 1837.6
1414800 1837.6
1414810 1838.3
1414820 1837.1
1414830 1833.6
1414840 1833.6
1414850 1829.4
1414860 1825.9
1414870 1825.9
1414880 1823.0
1414890 1820.9
1414900 1820.9
1414910 1818.5
1414920 1816.0
1414930 1816.0
1414940 1812.7
1414950 1808.9
1414960 1808.9
1414970 1804.3
1414980 1799.5
1414990 1799.5
1415000 1794.9
1415010 1790.7
1415020 1786.6
1415030 1786.6
1415040 1783.0
1415050 1781.1
1415060 1781.1
1415070 1778.7
1415080 1775.7
1415090 1775.7
1415100 1772.6
1415110 1769.2
1415120 1769.2
1415130 1766.7
1415140 1765.2
1415150 1765.2
1415160 1764.5
1415170 1763.8
1415180 1762.2
1415190 1762.2
1415200 1759.0
1415210 1756.6
1415220 1756.6
1415230 1754.5
1415240 1751.5
1415250 1751.5
1415260 1749.7
1415270 1747.8
1415280 1747.8
1415290 1743.9
1415300 1740.4
1415310 1740.4
1415320 1738.2
1415330 1736.1
1415340 1736.1
1415350 1734.5
1415360 1733.5
1415370 1732.3
1415380 1732.3
1415390 1730.1
1415400 1726.3
1415410 1726.3
1415420 1723.8
1415430 1722.5
1415440 1722.5
1415450 1720.1
1415460 1716.6
1415470 1716.6
1415480 1713.4
1415490 1713.1
1415500 1713.1
1415510 1712.6
1415520 1711.4
1415530 1710.7
1415540 1710.7
1415550 1709.8
1415560 1708.9
1415570 1708.9
1415580 1708.0
1415590 1707.8
1415600 1707.8
1415610 1707.6
1415620 1706.8
1415630 1706.8
1415640 1705.4
1415650 1703.0
1415660 1703.0
1415670 1700.1
1415680 1696.4
1415690 1696.4
1415700 1692.8
1415710 1690.1
1415720 1688.5
1415730 1688.5
1415740 1688.2
1415750 1688.3
1415760 1688.3
1415770 1688.2
1415780 1687.6
1415790 1687.6
1415800 1687.0
1415810 1686.4
1415820 1686.4
1415830 1685.5
1415840 1684.6
1415850 1684.6
1415860 1684.1
1415870 1683.4
1415880 1683.4
1415890 1682.5
1415900 1680.8
1415910 1678.4
1415920 1678.4
1415930 1675.7
1415940 1672.9
1415950 1672.9
1415960 1670.4
1415970 1667.9
1415980 1667.9
1415990 1665.7
1416000 1663.8
1416010 1663.8
1416020 1662.5
1416030 1661.2
1416040 1661.2
1416050 1659.4
1416060 1657.2
1416070 1655.3
1416080 1655.3
1416090 1652.8
1416100 1650.1
1416110 1650.1
1416120 1646.9
1416130 1643.5
1416140 1643.5
1416150 1641.2
1416160 1639.0
1416170 1639.0
1416180 1636.6
1416190 1634.6
1416200 1634.6
1416210 1633.0
1416220 1631.1
1416230 1631.1
1416240 1629.2
1416250 1628.1
1416260 1626.5
1416270 1626.5
1416280 1624.4
1416290 1622.9
1416300 1622.9
1416310 1622.7
1416320 1621.0
1416330 1621.0
1416340 1619.0
1416350 1617.6
1416360 1617.6
1416370 1619.4
1416380 1621.3
1416390 1621.3
1416400 1620.5
1416410 1618.6
1416420 1618.6
1416430 1616.6
1416440 1615.2
1416450 1613.1
1416460 1613.1
1416470 1610.2
1416480 1606.9
1416490 1606.9
1416500 1604.2
1416510 1601.0
1416520 1601.0
1416530 1595.7
1416540 1589.6
1416550 1589.6
1416560 1584.3
1416570 1579.9
1416580 1579.9
1416590 1574.9
1416600 1569.8
1416610 1564.1
1416620 1564.1
1416630 1558.8
1416640 1554.1
1416650 1554.1
1416660 1550.7
1416670 1547.1
1416680 1547.1
1416690 1543.8
1416700 1541.4
1416710 1541.4
1416720 1538.5
1416730 1534.5
1416740 1534.5
1416750 1532.5
1416760 1531.8
1416770 1531.8
1416780 1529.6
1416790 1526.8
1416800 1524.5
1416810 1524.5
1416820 1522.3
1416830 1519.8
1416840 1519.8
1416850 1517.2
1416860 1514.8
1416870 1514.8
1416880 1512.0
1416890 1509.0
1416900 1509.0
1416910 1504.7
1416920 1500.0
1416930 1500.0
1416940 1497.4
1416950 1495.1
1416960 1492.5
1416970 1492.5
1416980 1489.7
1416990 1487.1
1417000 1487.1
1417010 1485.0
1417020 1482.6
1417030 1482.6
1417040 1480.6
1417050 1479.6
1417060 1479.6
1417070 1478.7
1417080 1477.5
1417090 1477.5
1417100 1475.9
1417110 1474.6
1417120 1474.6
1417130 1472.7
1417140 1470.2
1417150 1466.8
1417160 1466.8
1417170 1463.3
1417180 1458.8
1417190 1458.8
1417200 1453.7
1417210 1448.8
1417220 1448.8
1417230 1443.9
1417240 1438.7
1417250 1438.7
1417260 1433.1
1417270 1427.6
1417280 1427.6
1417290 1422.1
1417300 1416.4
1417310 1416.4
1417320 1410.8
1417330 1404.9
1417340 1398.8
1417350 1398.8
1417360 1392.5
1417370 1386.1
1417380 1386.1
1417390 1379.7
1417400 1373.0
1417410 1373.0
1417420 1366.5
1417430 1360.1
1417440 1360.1
1417450 1353.4
1417460 1346.7
1417470 1346.7
1417480 1340.3
1417490 1333.8
1417500 1327.8
1417510 1327.8
1417520 1321.6
1417530 1315.5
1417540 1315.5
1417550 1309.7
1417560 1303.8
1417570 1303.8
1417580 1297.9
1417590 1292.3
1417600 1292.3
1417610 1287.0
1417620 1281.4
1417630 1281.4
1417640 1275.4
1417650 1269.6
1417660 1269.6
1417670 1263.6
1417680 1257.9
1417690 1252.9
1417700 1252.9
1417710 1248.1
1417720 1243.8
1417730 1243.8
1417740 1239.4
1417750 1234.8
1417760 1234.8
1417770 1230.0
1417780 1226.0
1417790 1226.0
1417800 1222.2
1417810 1218.7
1417820 1218.7
1417830 1215.5
1417840 1211.3
1417850 1211.3
1417860 1206.2
1417870 1201.1
1417880 1196.1
1417890 1196.1
1417900 1191.7
1417910 1187.1
1417920 1187.1
1417930 1182.8
1417940 1179.0
1417950 1179.0
1417960 1175.1
1417970 1171.5
1417980 1171.5
1417990 1168.0
1418000 1164.6
1418010 1164.6
1418020 1161.2
1418030 1157.1
1418040 1153.7
1418050 1153.7
1418060 1148.9
1418070 1145.0
1418080 1145.0
1418090 1142.4
1418100 1139.5
1418110 1139.5
1418120 1135.8
1418130 1133.1
1418140 1133.1
1418150 1130.9
1418160 1128.4
1418170 1128.4
1418180 1126.1
1418190 1123.4
1418200 1123.4
1418210 1120.2
1418220 1116.9
1418230 1113.5
1418240 1113.5
1418250 1109.6
1418260 1106.0
1418270 1106.0
1418280 1103.7
1418290 1101.7
1418300 1104.3
1418310 1102.3
1418320 1100.7
1418330 1100.7
1418340 1098.2
1418350 1095.8
1418360 1095.8
1418370 1093.3
1418380 1090.9
1418390 1090.9
1418400 1088.5
1418410 1086.0
1418420 1083.5
1418430 1083.5
1418440 1080.8
1418450 1077.8
1418460 1077.8
1418470 1075.1
1418480 1072.3
1418490 1072.3
1418500 1069.1
1418510 1064.8
1418520 1064.8
1418530 1060.3
1418540 1055.3
1418550 1055.3
1418560 1050.4
1418570 1045.8
1418580 1041.5
1418590 1041.5
1418600 1037.5
1418610 1033.9
1418620 1033.9
1418630 1030.3
1418640 1026.7
1418650 1026.7
1418660 1023.6
1418670 1020.0
1418680 1020.0
1418690 1016.1
1418700 1012.8
1418710 1012.8
1418720 1010.1
1418730 1007.7
1418740 1007.7
1418750 1004.3
1418760 1000.7
1418770 996.8
1418780 996.8
1418790 993.1
1418800 989.8
1418810 989.8
1418820 986.7
1418830 983.7
1418840 983.7
1418850 979.7
1418860 975.6
1418870 975.6
1418880 972.4
1418890 969.4
1418900 969.4
1418910 966.3
1418920 963.2
1418930 959.3
1418940 959.3
1418950 955.0
1418960 950.5
1418970 950.5
1418980 945.0
1418990 940.7
1419000 940.7
1419010 937.0
1419020 934.1
1419030 934.1
1419040 929.7
1419050 924.5
1419060 924.5
1419070 920.1
1419080 915.5
1419090 915.5
1419100 911.4
1419110 907.5
1419120 903.3
1419130 903.3
1419140 899.1
1419150 895.3
1419160 895.3
1419170 891.9
1419180 887.9
1419190 887.9
1419200 883.5
1419210 878.6
1419220 878.6
1419230 874.1
1419240 870.3
1419250 870.3
1419260 865.8
1419270 860.4
1419280 860.4
1419290 855.0
1419300 849.9
1419310 845.4
1419320 845.4
1419330 841.3
1419340 836.5
1419350 836.5
1419360 831.8
1419370 827.0
1419380 827.0
1419390 823.3
1419400 819.5
1419410 819.5
1419420 815.5
1419430 812.2
1419440 812.2
1419450 807.3
1419460 798.8
1419470 793.3
1419480 793.3
1419490 789.3
1419500 785.4
1419510 785.4
1419520 781.3
1419530 782.4
1419540 782.4
1419550 783.0
1419560 782.6
1419570 782.6
1419580 782.0
1419590 780.1
1419600 780.1
1419610 778.1
1419620 776.5
1419630 776.5
1419640 775.5
1419650 773.4
1419660 768.5
1419670 768.5
1419680 762.2
1419690 755.2
1419700 755.2
1419710 749.7
1419720 745.2
1419730 745.2
1419740 739.9
1419750 733.4
1419760 733.4
1419770 726.3
1419780 719.6
1419790 719.6
1419800 713.8
1419810 708.0
1419820 708.0
1419830 702.3
1419840 696.1
1419850 692.9
1419860 692.9
1419870 690.4
1419880 687.7
1419890 687.7
1419900 686.0
1419910 685.8
1419920 685.8
1419930 684.9
1419940 684.8
1419950 684.8
1419960 684.6
1419970 684.2
1419980 684.2
1419990 683.9
