1400000 2332.8
1400010 2339.5
1400020 2346.6
1400030 2346.6
1400040 2354.2
1400050 2362.7
1400060 2374.6
1400070 2374.6
1400080 2382.4
1400090 2390.8
1400100 2390.8
1400110 2386.5
1400120 2397.0
1400130 2397.0
1400140 2405.0
1400150 2413.2
1400160 2413.2
1400170 2416.9
1400180 2422.5
1400190 2422.5
1400200 2431.1
1400210 2439.7
1400220 2439.7
1400230 2448.3
1400240 2455.0
1400250 2461.7
1400260 2461.7
1400270 2469.3
1400280 2476.1
1400290 2476.1
1400300 2482.9
1400310 2488.8
1400320 2488.8
1400330 2493.6
1400340 2498.5
1400350 2498.5
1400360 2504.1
1400370 2509.8
1400380 2509.8
1400390 2515.5
1400400 2521.4
1400410 2526.3
1400420 2526.3
1400430 2530.2
1400440 2535.4
1400450 2535.4
1400460 2539.1
1400470 2538.2
1400480 2538.2
1400490 2538.9
1400500 2536.9
1400510 2536.9
1400520 2533.0
1400530 2528.2
1400540 2528.2
1400550 2522.4
1400560 2517.2
1400570 2517.2
1400580 2512.7
1400590 2508.8
1400600 2505.0
1400610 2505.0
1400620 2500.2
1400630 2495.3
1400640 2495.3
1400650 2491.1
1400660 2487.8
1400670 2487.8
1400680 2484.8
1400690 2480.6
1400700 2480.6
1400710 2475.7
1400720 2471.2
1400730 2471.2
1400740 2466.9
1400750 2462.8
1400760 2459.2
1400770 2459.2
1400780 2455.9
1400790 2453.6
1400800 2453.6
1400810 2451.4
1400820 2448.4
1400830 2448.4
1400840 2443.3
1400850 2439.4
1400860 2439.4
1400870 2436.6
1400880 2434.0
1400890 2434.0
1400900 2430.7
1400910 2427.5
1400920 2427.5
1400930 2424.3
1400940 2421.7
1400950 2418.8
1400960 2418.8
1400970 2415.6
1400980 2412.2
1400990 2412.2
1401000 2409.0
1401010 2406.5
1401020 2406.5
1401030 2404.3
1401040 2402.4
1401050 2402.4
1401060 2401.3
1401070 2400.3
1401080 2400.3
1401090 2398.4
1401100 2395.0
1401110 2395.0
1401120 2391.7
1401130 2389.5
1401140 2387.6
1401150 2387.6
1401160 2385.1
1401170 2383.2
1401180 2383.2
1401190 2381.7
1401200 2381.9
1401210 2381.9
1401220 2382.3
1401230 2382.1
1401240 2382.1
1401250 2382.7
1401260 2383.0
1401270 2383.0
1401280 2384.0
1401290 2385.6
1401300 2387.2
1401310 2387.2
1401320 2388.9
1401330 2390.6
1401340 2390.6
1401350 2392.0
1401360 2393.7
1401370 2393.7
1401380 2395.7
1401390 2398.0
1401400 2398.0
1401410 2399.9
1401420 2402.2
1401430 2402.2
1401440 2404.2
1401450 2404.4
1401460 2404.4
1401470 2401.4
1401480 2397.2
1401490 2392.5
1401500 2392.5
1401510 2387.4
1401520 2381.7
1401530 2381.7
1401540 2374.3
1401550 2367.6
1401560 2367.6
1401570 2360.9
1401580 2355.4
1401590 2355.4
1401600 2349.7
1401610 2345.0
1401620 2342.1
1401630 2337.9
1401640 2333.7
1401650 2333.7
1401660 2329.7
1401670 2326.1
1401680 2323.0
1401690 2323.0
1401700 2321.5
1401710 2320.0
1401720 2320.0
1401730 2319.1
1401740 2318.6
1401750 2318.6
1401760 2319.0
1401770 2319.0
1401780 2319.0
1401790 2317.9
1401800 2316.4
1401810 2316.4
1401820 2314.9
1401830 2313.3
1401840 2312.4
1401850 2312.4
1401860 2313.0
1401870 2314.5
1401880 2314.5
1401890 2316.8
1401900 2318.4
1401910 2318.4
1401920 2320.9
1401930 2323.3
1401940 2323.3
1401950 2323.9
1401960 2323.7
1401970 2323.7
1401980 2322.8
1401990 2321.6
1402000 2321.6
1402010 2320.4
1402020 2317.5
1402030 2314.5
1402040 2314.5
1402050 2313.2
1402060 2311.8
1402070 2311.8
1402080 2310.6
1402090 2309.6
1402100 2309.6
1402110 2309.0
1402120 2308.9
1402130 2308.9
1402140 2308.8
1402150 2308.4
1402160 2308.4
1402170 2307.6
1402180 2306.8
1402190 2306.8
1402200 2306.4
1402210 2305.6
1402220 2304.5
1402230 2304.5
1402240 2303.5
1402250 2302.8
1402260 2302.8
1402270 2302.5
1402280 2303.6
1402290 2303.6
1402300 2303.9
1402310 2303.4
1402320 2303.4
1402330 2302.5
1402340 2301.8
1402350 2301.8
1402360 2301.8
1402370 2302.0
1402380 2302.6
1402390 2302.6
1402400 2303.4
1402410 2302.8
1402420 2302.8
1402430 2301.4
1402440 2300.5
1402450 2300.5
1402460 2299.5
1402470 2298.8
1402480 2298.8
1402490 2297.4
1402500 2295.9
1402510 2295.9
1402520 2294.3
1402530 2292.8
1402540 2292.8
1402550 2291.8
1402560 2290.8
1402570 2289.8
1402580 2289.8
1402590 2288.8
1402600 2289.0
1402610 2289.0
1402620 2289.3
1402630 2289.0
1402640 2289.0
1402650 2287.3
1402660 2285.8
1402670 2285.8
1402680 2284.4
1402690 2283.2
1402700 2283.2
1402710 2282.2
1402720 2281.2
1402730 2281.2
1402740 2279.9
1402750 2278.6
1402760 2276.9
1402770 2276.9
1402780 2275.0
1402790 2273.2
1402800 2273.2
1402810 2272.0
1402820 2270.7
1402830 2270.7
1402840 2269.5
1402850 2268.6
1402860 2268.6
1402870 2267.3
1402880 2266.3
1402890 2266.3
1402900 2265.9
1402910 2265.3
1402920 2264.0
1402930 2264.0
1402940 2263.1
1402950 2262.8
1402960 2262.8
1402970 2262.6
1402980 2262.4
1402990 2262.4
1403000 2261.9
1403010 2261.1
1403020 2261.1
1403030 2259.6
1403040 2258.0
1403050 2258.0
1403060 2256.0
1403070 2254.8
1403080 2254.8
1403090 2255.1
1403100 2256.2
1403110 2258.0
1403120 2258.0
1403130 2259.1
1403140 2259.0
1403150 2256.1
1403160 2255.1
1403170 2254.9
1403180 2254.9
1403190 2255.0
1403200 2255.3
1403210 2255.3
1403220 2255.8
1403230 2256.1
1403240 2256.1
1403250 2257.6
1403260 2259.7
1403270 2260.1
1403280 2260.1
1403290 2260.1
1403300 2260.2
1403310 2260.2
1403320 2260.7
1403330 2260.7
1403340 2260.7
1403350 2259.0
1403360 2257.0
1403370 2257.0
1403380 2257.2
1403390 2257.7
1403400 2257.7
1403410 2258.1
1403420 2258.6
1403430 2258.6
1403440 2260.2
1403450 2261.4
1403460 2259.9
1403470 2259.9
1403480 2258.8
1403490 2258.2
1403500 2258.2
1403510 2255.6
1403520 2250.7
1403530 2250.7
1403540 2245.5
1403550 2240.7
1403560 2240.7
1403570 2236.8
1403580 2234.3
1403590 2234.3
1403600 2232.2
1403610 2229.6
1403620 2229.6
1403630 2223.8
1403640 2217.7
1403650 2212.0
1403660 2212.0
1403670 2206.8
1403680 2204.8
1403690 2204.8
1403700 2199.8
1403710 2195.8
1403720 2195.8
1403730 2194.9
1403740 2191.6
1403750 2191.6
1403760 2187.3
1403770 2183.3
1403780 2183.3
1403790 2179.4
1403800 2176.0
1403810 2173.4
1403820 2173.4
1403830 2170.1
1403840 2165.3
1403850 2165.3
1403860 2159.4
1403870 2153.0
1403880 2153.0
1403890 2147.1
1403900 2141.5
1403910 2141.5
1403920 2134.9
1403930 2129.2
1403940 2129.2
1403950 2125.8
1403960 2124.0
1403970 2124.0
1403980 2121.5
1403990 2115.9
1404000 2108.8
1404010 2108.8
1404020 2102.0
1404030 2095.1
1404040 2095.1
1404050 2088.1
1404060 2081.6
1404070 2081.6
1404080 2077.2
1404090 2075.3
1404100 2075.3
1404110 2072.8
1404120 2068.0
1404130 2068.0
1404140 2062.0
1404150 2055.5
1404160 2055.5
1404170 2048.1
1404180 2040.5
1404190 2032.0
1404200 2032.0
1404210 2024.0
1404220 2016.8
1404230 2016.8
1404240 2009.8
1404250 2002.9
1404260 2002.9
1404270 1995.7
1404280 1989.1
1404290 1989.1
1404300 1983.9
1404310 1978.6
1404320 1978.6
1404330 1972.5
1404340 1966.7
1404350 1962.0
1404360 1962.0
1404370 1958.4
1404380 1954.6
1404390 1954.6
1404400 1949.4
1404410 1943.6
1404420 1943.6
1404430 1937.6
1404440 1931.0
1404450 1931.0
1404460 1925.0
1404470 1919.8
1404480 1919.8
1404490 1914.5
1404500 1909.1
1404510 1909.1
1404520 1902.8
1404530 1895.5
1404540 1888.2
1404550 1888.2
1404560 1881.4
1404570 1875.2
1404580 1875.2
1404590 1870.0
1404600 1865.0
1404610 1865.0
1404620 1859.8
1404630 1855.0
1404640 1855.0
1404650 1850.3
1404660 1845.4
1404670 1845.4
1404680 1840.1
1404690 1832.8
1404700 1832.8
1404710 1824.3
1404720 1821.2
1404730 1812.0
1404740 1812.0
1404750 1805.1
1404760 1797.2
1404770 1797.2
1404780 1789.1
1404790 1780.9
1404800 1780.9
1404810 1772.8
1404820 1765.0
1404830 1765.0
1404840 1757.2
1404850 1750.9
1404860 1750.9
1404870 1744.4
1404880 1737.4
1404890 1729.9
1404900 1729.9
1404910 1721.4
1404920 1713.6
1404930 1713.6
1404940 1707.3
1404950 1701.8
1404960 1701.8
1404970 1696.6
1404980 1691.5
1404990 1691.5
1405000 1686.5
1405010 1681.5
1405020 1681.5
1405030 1676.7
1405040 1671.8
1405050 1671.8
1405060 1666.9
1405070 1661.3
1405080 1655.1
1405090 1655.1
1405100 1649.2
1405110 1643.4
1405120 1643.4
1405130 1637.2
1405140 1633.4
1405150 1633.4
1405160 1629.9
1405170 1626.8
1405180 1626.8
1405190 1624.0
1405200 1621.3
1405210 1621.3
1405220 1618.0
1405230 1613.7
1405240 1613.7
1405250 1608.6
1405260 1602.8
1405270 1597.1
1405280 1597.1
1405290 1590.9
1405300 1585.4
1405310 1585.4
1405320 1580.5
1405330 1576.7
1405340 1576.7
1405350 1573.8
1405360 1571.8
1405370 1571.8
1405380 1569.5
1405390 1566.3
1405400 1566.3
1405410 1562.9
1405420 1559.0
1405430 1554.0
1405440 1554.0
1405450 1549.7
1405460 1544.6
1405470 1544.6
1405480 1538.8
1405490 1534.0
1405500 1534.0
1405510 1530.7
1405520 1531.6
1405530 1531.6
1405540 1532.9
1405550 1533.7
1405560 1533.7
1405570 1533.6
1405580 1533.3
1405590 1533.3
1405600 1534.0
1405610 1535.1
1405620 1535.6
1405630 1535.6
1405640 1536.3
1405650 1536.9
1405660 1536.9
1405670 1536.9
1405680 1536.7
1405690 1536.7
1405700 1536.4
1405710 1537.2
1405720 1537.2
1405730 1539.3
1405740 1542.0
1405750 1542.0
1405760 1544.7
1405770 1547.9
1405780 1551.3
1405790 1551.3
1405800 1554.5
1405810 1557.5
1405820 1557.5
1405830 1561.4
1405840 1566.0
1405850 1566.0
1405860 1572.6
1405870 1576.8
1405880 1576.8
1405890 1579.0
1405900 1580.9
1405910 1580.9
1405920 1583.5
1405930 1587.7
1405940 1587.7
1405950 1589.1
1405960 1586.9
1405970 1585.7
1405980 1585.7
1405990 1582.3
1406000 1580.4
1406010 1580.4
1406020 1578.4
1406030 1576.0
1406040 1576.0
1406050 1572.6
1406060 1568.5
1406070 1568.5
1406080 1567.0
1406090 1568.8
1406100 1568.8
1406110 1571.4
1406120 1576.3
1406130 1576.3
1406140 1583.3
1406150 1590.9
1406160 1598.0
1406170 1598.0
1406180 1602.8
1406190 1606.1
1406200 1606.1
1406210 1611.2
1406220 1617.7
1406230 1617.7
1406240 1623.7
1406250 1627.6
1406260 1627.6
1406270 1631.5
1406280 1636.6
1406290 1636.6
1406300 1642.2
1406310 1645.0
1406320 1645.7
1406330 1645.7
1406340 1647.9
1406350 1649.9
1406360 1649.9
1406370 1653.1
1406380 1657.1
1406390 1657.1
1406400 1661.4
1406410 1665.8
1406420 1665.8
1406430 1668.2
1406440 1671.9
1406450 1671.9
1406460 1677.0
1406470 1683.5
1406480 1683.5
1406490 1688.6
1406500 1694.8
1406510 1701.5
1406520 1701.5
1406530 1708.7
1406540 1715.6
1406550 1715.6
1406560 1722.3
1406570 1729.7
1406580 1729.7
1406590 1737.1
1406600 1743.8
1406610 1743.8
1406620 1749.8
1406630 1754.6
1406640 1754.6
1406650 1760.7
1406660 1768.1
1406670 1768.1
1406680 1776.8
1406690 1786.9
1406700 1799.4
1406710 1799.4
1406720 1811.0
1406730 1821.7
1406740 1821.7
1406750 1832.7
1406760 1838.8
1406770 1838.8
1406780 1842.4
1406790 1846.7
1406800 1846.7
1406810 1852.3
1406820 1857.1
1406830 1857.1
1406840 1861.3
1406850 1866.1
1406860 1871.2
1406870 1871.2
1406880 1875.3
1406890 1879.2
1406900 1879.2
1406910 1883.8
1406920 1888.0
1406930 1888.0
1406940 1891.2
1406950 1895.4
1406960 1895.4
1406970 1900.5
1406980 1904.8
1406990 1904.8
1407000 1905.6
1407010 1906.8
1407020 1906.8
1407030 1910.5
1407040 1915.0
1407050 1918.7
1407060 1918.7
1407070 1921.7
1407080 1925.0
1407090 1925.0
1407100 1927.5
1407110 1929.6
1407120 1929.6
1407130 1931.3
1407140 1933.5
1407150 1933.5
1407160 1937.3
1407170 1941.1
1407180 1941.1
1407190 1944.1
1407200 1947.5
1407210 1947.5
1407220 1950.9
1407230 1953.5
1407240 1954.6
1407250 1954.6
1407260 1955.4
1407270 1956.0
1407280 1956.0
1407290 1957.2
1407300 1958.3
1407310 1958.3
1407320 1958.3
1407330 1957.8
1407340 1957.8
1407350 1957.1
1407360 1956.6
1407370 1956.6
1407380 1957.1
1407390 1959.4
1407400 1965.6
1407410 1965.6
1407420 1972.4
1407430 1978.6
1407440 1978.6
1407450 1984.4
1407460 1986.8
1407470 1986.8
1407480 1982.2
1407490 1981.6
1407500 1981.6
1407510 1985.1
1407520 1988.9
1407530 1988.9
1407540 1991.2
1407550 1992.7
1407560 1992.7
1407570 1995.2
1407580 1998.6
1407590 2002.1
1407600 2002.1
1407610 2005.8
1407620 2009.5
1407630 2009.5
1407640 2013.4
1407650 2017.4
1407660 2017.4
1407670 2021.2
1407680 2025.3
1407690 2025.3
1407700 2029.8
1407710 2034.4
1407720 2034.4
1407730 2038.4
1407740 2040.1
1407750 2037.8
1407760 2037.8
1407770 2035.0
1407780 2034.6
1407790 2034.6
1407800 2033.7
1407810 2032.6
1407820 2032.6
1407830 2028.5
1407840 2024.3
1407850 2024.3
1407860 2021.3
1407870 2018.8
1407880 2018.8
1407890 2015.5
1407900 2009.3
1407910 2009.3
1407920 2003.8
1407930 2000.2
1407940 1998.9
1407950 1990.1
1407960 1989.3
1407970 1986.8
1407980 1986.8
1407990 1982.9
1408000 1979.7
1408010 1979.7
1408020 1978.2
1408030 1976.1
1408040 1976.1
1408050 1973.0
1408060 1969.9
1408070 1969.9
1408080 1966.4
1408090 1961.9
1408100 1961.9
1408110 1956.9
1408120 1952.6
1408130 1948.6
1408140 1948.6
1408150 1943.7
1408160 1941.1
1408170 1941.1
1408180 1937.9
1408190 1935.6
1408200 1935.6
1408210 1933.8
1408220 1932.2
1408230 1932.2
1408240 1930.2
1408250 1929.0
1408260 1929.0
1408270 1930.8
1408280 1934.2
1408290 1935.9
1408300 1935.9
1408310 1937.2
1408320 1939.7
1408330 1939.7
1408340 1938.8
1408350 1941.3
1408360 1941.3
1408370 1944.1
1408380 1946.0
1408390 1946.0
1408400 1949.6
1408410 1953.5
1408420 1953.5
1408430 1956.2
1408440 1958.8
1408450 1958.8
1408460 1960.7
1408470 1962.1
1408480 1964.1
1408490 1964.1
1408500 1966.0
1408510 1970.4
1408520 1970.4
1408530 1977.8
1408540 1984.5
1408550 1984.5
1408560 1989.7
1408570 1992.8
1408580 1992.8
1408590 1994.6
1408600 1997.4
1408610 1997.4
1408620 1999.5
1408630 2000.5
1408640 2000.5
1408650 2001.1
1408660 2001.9
1408670 2003.6
1408680 2003.6
1408690 2006.0
1408700 2009.0
1408710 2009.0
1408720 2013.6
1408730 2020.0
1408740 2020.0
1408750 2027.1
1408760 2036.5
1408770 2036.5
1408780 2046.8
1408790 2055.7
1408800 2055.7
1408810 2059.8
1408820 2062.6
1408830 2064.6
1408840 2064.6
1408850 2065.5
1408860 2064.5
1408870 2064.5
1408880 2061.1
1408890 2059.6
1408900 2059.6
1408910 2060.8
1408920 2063.3
1408930 2063.3
1408940 2066.7
1408950 2071.1
1408960 2071.1
1408970 2078.2
1408980 2085.1
1408990 2085.1
1409000 2090.7
1409010 2094.4
1409020 2099.8
1409030 2099.8
1409040 2107.5
1409050 2115.2
1409060 2115.2
1409070 2123.3
1409080 2130.7
1409090 2130.7
1409100 2138.8
1409110 2149.2
1409120 2149.2
1409130 2159.3
1409140 2169.9
1409150 2169.9
1409160 2179.2
1409170 2185.0
1409180 2185.0
1409190 2186.0
1409200 2184.5
1409210 2182.3
1409220 2182.3
1409230 2178.6
1409240 2175.3
1409250 2175.3
1409260 2172.4
1409270 2171.0
1409280 2171.0
1409290 2170.3
1409300 2169.6
1409310 2169.6
1409320 2168.0
1409330 2167.2
1409340 2167.2
1409350 2168.4
1409360 2169.2
1409370 2171.9
1409380 2171.9
1409390 2174.5
1409400 2174.9
1409410 2174.9
1409420 2175.3
1409430 2176.6
1409440 2176.6
1409450 2175.7
1409460 2172.9
1409470 2172.9
1409480 2169.9
1409490 2167.2
1409500 2167.2
1409510 2164.2
1409520 2161.0
1409530 2161.0
1409540 2157.8
1409550 2153.9
1409560 2150.7
1409570 2150.7
1409580 2147.4
1409590 2143.5
1409600 2143.5
1409610 2141.2
1409620 2138.4
1409630 2138.4
1409640 2135.5
1409650 2133.2
1409660 2133.2
1409670 2131.0
1409680 2130.2
1409690 2130.2
1409700 2129.6
1409710 2128.8
1409720 2127.9
1409730 2127.9
1409740 2127.2
1409750 2126.5
1409760 2126.5
1409770 2125.7
1409780 2124.4
1409790 2124.4
1409800 2123.5
1409810 2123.1
1409820 2123.1
1409830 2122.6
1409840 2122.1
1409850 2122.1
1409860 2121.0
1409870 2118.0
1409880 2118.0
1409890 2114.1
1409900 2108.7
1409910 2104.5
1409920 2104.5
1409930 2102.2
1409940 2099.2
1409950 2099.2
1409960 2097.1
1409970 2097.9
1409980 2097.9
1409990 2097.2
1410000 2096.5
1410010 2096.5
1410020 2096.4
1410030 2096.8
1410040 2096.8
1410050 2098.1
1410060 2099.9
1410070 2099.9
1410080 2102.2
1410090 2104.9
1410100 2107.9
1410110 2107.9
1410120 2111.3
1410130 2115.1
1410140 2115.1
1410150 2118.4
1410160 2121.0
1410170 2121.0
1410180 2120.5
1410190 2116.2
1410200 2116.2
1410210 2110.9
1410220 2106.6
1410230 2106.6
1410240 2103.7
1410250 2105.2
1410260 2108.6
1410270 2108.6
1410280 2108.5
1410290 2106.2
1410300 2106.2
1410310 2106.1
1410320 2105.9
1410330 2105.9
1410340 2105.7
1410350 2104.6
1410360 2104.6
1410370 2103.5
1410380 2102.4
1410390 2102.4
1410400 2101.3
1410410 2101.4
1410420 2101.4
1410430 2099.9
1410440 2096.6
1410450 2092.8
1410460 2092.8
1410470 2089.6
1410480 2086.3
1410490 2086.3
1410500 2082.9
1410510 2080.8
1410520 2080.8
1410530 2079.2
1410540 2076.7
1410550 2076.7
1410560 2073.8
1410570 2070.4
1410580 2070.4
1410590 2064.6
1410600 2059.3
1410610 2059.3
1410620 2055.5
1410630 2052.6
1410640 2049.7
1410650 2049.7
1410660 2047.3
1410670 2045.1
1410680 2045.1
1410690 2042.4
1410700 2039.3
1410710 2039.3
1410720 2036.6
1410730 2035.1
1410740 2035.1
1410750 2034.8
1410760 2034.9
1410770 2034.9
1410780 2033.7
1410790 2032.3
1410800 2031.7
1410810 2031.7
1410820 2031.4
1410830 2031.7
1410840 2031.7
1410850 2030.5
1410860 2028.2
1410870 2028.2
1410880 2025.4
1410890 2021.9
1410900 2021.9
1410910 2018.0
1410920 2014.8
1410930 2014.8
1410940 2011.1
1410950 2007.3
1410960 2007.3
1410970 2005.7
1410980 2005.6
1410990 2006.0
1411000 2006.0
1411010 2005.3
1411020 2003.7
1411030 2003.7
1411040 2000.2
1411050 1996.6
1411060 1996.6
1411070 1995.4
1411080 1995.4
1411090 1995.4
1411100 1995.7
1411110 1994.8
1411120 1994.8
1411130 1992.5
1411140 1990.4
1411150 1990.4
1411160 1988.7
1411170 1987.9
1411180 1987.1
1411190 1987.1
1411200 1986.6
1411210 1986.9
1411220 1986.9
1411230 1987.0
1411240 1986.4
1411250 1986.4
1411260 1986.0
1411270 1986.0
1411280 1986.0
1411290 1985.9
1411300 1986.4
1411310 1982.0
1411320 1982.0
1411330 1981.4
1411340 1982.8
1411350 1982.8
1411360 1985.4
1411370 1987.7
1411380 1987.7
1411390 1988.6
1411400 1989.0
1411410 1989.0
1411420 1989.0
1411430 1989.1
1411440 1989.1
1411450 1990.3
1411460 1991.7
1411470 1991.7
1411480 1992.1
1411490 1991.4
1411500 1991.4
1411510 1989.4
1411520 1986.2
1411530 1983.5
1411540 1983.5
1411550 1984.5
1411560 1985.5
1411570 1985.5
1411580 1986.3
1411590 1988.1
1411600 1988.1
1411610 1989.1
1411620 1989.5
1411630 1989.5
1411640 1990.0
1411650 1990.9
1411660 1990.9
1411670 1991.0
1411680 1991.2
1411690 1993.2
1411700 1993.2
1411710 1995.0
1411720 1995.9
1411730 1995.9
1411740 1996.9
1411750 1998.1
1411760 1998.1
1411770 1998.8
1411780 1999.3
1411790 1999.3
1411800 1999.3
1411810 1999.0
1411820 1999.0
1411830 1998.4
1411840 1997.9
1411850 1997.9
1411860 1997.6
1411870 1997.6
1411880 1998.2
1411890 1998.2
1411900 1999.4
1411910 2001.2
1411920 2001.2
1411930 2002.7
1411940 2003.9
1411950 2003.9
1411960 2005.0
1411970 2006.4
1411980 2006.4
1411990 2007.7
1412000 2008.5
1412010 2008.5
1412020 2008.8
1412030 2009.2
1412040 2009.2
1412050 2010.3
1412060 2011.3
1412070 2011.7
1412080 2011.7
1412090 2011.5
1412100 2011.6
1412110 2011.6
1412120 2012.3
1412130 2012.7
1412140 2012.7
1412150 2012.7
1412160 2012.8
1412170 2012.8
1412180 2015.7
1412190 2019.3
1412200 2019.3
1412210 2021.3
1412220 2022.6
1412230 2022.6
1412240 2022.6
1412250 2021.5
1412260 2020.4
1412270 2020.4
1412280 2020.0
1412290 2019.7
1412300 2019.7
1412310 2019.8
1412320 2019.8
1412330 2019.8
1412340 2019.3
1412350 2018.7
1412360 2018.7
1412370 2017.6
1412380 2015.7
1412390 2015.7
1412400 2013.6
1412410 2012.1
1412420 2011.3
1412430 2011.3
1412440 2010.7
1412450 2010.6
1412460 2010.6
1412470 2010.2
1412480 2008.6
1412490 2008.6
1412500 2007.1
1412510 2006.3
1412520 2006.3
1412530 2006.0
1412540 2005.6
1412550 2005.6
1412560 2005.3
1412570 2005.1
1412580 2005.1
1412590 2004.8
1412600 2004.0
1412610 2005.1
1412620 2005.1
1412630 2007.6
1412640 2009.3
1412650 2009.3
1412660 2009.3
1412670 2008.3
1412680 2008.3
1412690 2006.8
1412700 2004.8
1412710 2004.8
1412720 2000.6
1412730 1995.5
1412740 1995.5
1412750 1991.9
1412760 1991.4
1412770 1991.8
1412780 1991.8
1412790 1992.0
1412800 1992.3
1412810 1992.3
1412820 1992.7
1412830 1992.6
1412840 1992.6
1412850 1992.1
1412860 1991.7
1412870 1991.7
1412880 1990.7
1412890 1989.8
1412900 1989.8
1412910 1989.5
1412920 1989.5
1412930 1989.5
1412940 1989.5
1412950 1990.4
1412960 1991.6
1412970 1991.6
1412980 1992.1
1412990 1991.7
1413000 1991.7
1413010 1991.4
1413020 1992.6
1413030 1992.6
1413040 1993.9
1413050 1993.3
1413060 1993.3
1413070 1994.2
1413080 1994.5
1413090 1994.5
1413100 1994.7
1413110 1994.9
1413120 1995.1
1413130 1995.1
1413140 1995.6
1413150 1995.9
1413160 1995.9
1413170 1995.9
1413180 1997.3
1413190 1997.3
1413200 2000.0
1413210 2001.5
1413220 2001.5
1413230 2001.4
1413240 2000.9
1413250 2000.9
1413260 2000.4
1413270 2000.5
1413280 2000.5
1413290 2001.6
1413300 2003.4
1413310 2005.2
1413320 2005.2
1413330 2006.4
1413340 2008.5
1413350 2008.5
1413360 2010.6
1413370 2011.8
1413380 2011.8
1413390 2012.7
1413400 2013.2
1413410 2013.2
1413420 2013.2
1413430 2013.3
1413440 2013.3
1413450 2012.9
1413460 2012.6
1413470 2012.6
1413480 2013.2
1413490 2014.5
1413500 2015.7
1413510 2015.7
1413520 2016.6
1413530 2018.0
1413540 2018.0
1413550 2018.7
1413560 2018.8
1413570 2018.8
1413580 2018.6
1413590 2018.2
1413600 2018.2
1413610 2017.7
1413620 2017.2
1413630 2017.2
1413640 2017.2
1413650 2017.3
1413660 2017.6
1413670 2017.6
1413680 2018.0
1413690 2017.9
1413700 2017.9
1413710 2015.9
1413720 2012.7
1413730 2012.7
1413740 2009.0
1413750 2004.8
1413760 2004.8
1413770 2001.1
1413780 1998.2
1413790 1998.2
1413800 1996.1
1413810 1994.4
1413820 1994.4
1413830 1991.9
1413840 1987.6
1413850 1982.8
1413860 1982.8
1413870 1978.4
1413880 1974.7
1413890 1974.7
1413900 1971.7
1413910 1968.9
1413920 1968.9
1413930 1966.2
1413940 1963.8
1413950 1963.8
1413960 1961.8
1413970 1959.9
1413980 1959.9
1413990 1957.6
1414000 1954.3
1414010 1954.3
1414020 1949.8
1414030 1944.2
1414040 1939.8
1414050 1939.8
1414060 1934.8
1414070 1929.6
1414080 1929.6
1414090 1925.5
1414100 1921.2
1414110 1921.2
1414120 1917.7
1414130 1914.6
1414140 1914.6
1414150 1911.4
1414160 1908.3
1414170 1908.3
1414180 1905.1
1414190 1902.3
1414200 1899.4
1414210 1899.4
1414220 1896.5
1414230 1893.0
1414240 1893.0
1414250 1888.4
1414260 1883.2
1414270 1883.2
1414280 1878.9
1414290 1875.3
1414300 1875.3
1414310 1871.6
1414320 1867.2
1414330 1867.2
1414340 1864.1
1414350 1860.5
1414360 1860.5
1414370 1856.1
1414380 1850.6
1414390 1845.2
1414400 1845.2
1414410 1839.8
1414420 1834.2
1414430 1834.2
1414440 1828.9
1414450 1824.6
1414460 1824.6
1414470 1820.3
1414480 1816.3
1414490 1816.3
1414500 1811.4
1414510 1806.1
1414520 1806.1
1414530 1801.0
1414540 1797.1
1414550 1797.1
1414560 1793.8
1414570 1792.7
1414580 1790.4
1414590 1790.4
1414600 1787.3
1414610 1783.7
1414620 1783.7
1414630 1780.1
1414640 1777.1
1414650 1777.1
1414660 1774.0
1414670 1770.8
1414680 1770.8
1414690 1768.1
1414700 1764.4
1414710 1764.4
1414720 1759.1
1414730 1754.1
1414740 1749.0
1414750 1749.0
1414760 1744.3
1414770 1740.2
1414780 1740.2
1414790 1736.0
1414800 1732.2
1414810 1732.2
1414820 1729.6
1414830 1726.7
1414840 1731.4
1414850 1727.1
1414860 1723.4
1414870 1723.4
1414880 1719.1
1414890 1715.3
1414900 1715.3
1414910 1711.7
1414920 1707.9
1414930 1703.6
1414940 1703.6
1414950 1699.7
1414960 1696.8
1414970 1696.8
1414980 1693.8
1414990 1690.7
1415000 1690.7
1415010 1689.0
1415020 1688.1
1415030 1688.1
1415040 1687.1
1415050 1685.6
1415060 1685.6
1415070 1683.8
1415080 1682.4
1415090 1680.5
1415100 1680.5
1415110 1679.7
1415120 1678.0
1415130 1678.0
1415140 1676.9
1415150 1676.7
1415160 1676.7
1415170 1676.9
1415180 1677.6
1415190 1677.6
1415200 1677.2
1415210 1675.3
1415220 1675.3
1415230 1673.2
1415240 1670.1
1415250 1670.1
1415260 1668.7
1415270 1666.9
1415280 1665.6
1415290 1665.6
1415300 1665.0
1415310 1665.6
1415320 1665.6
1415330 1665.8
1415340 1665.6
1415350 1665.6
1415360 1664.8
1415370 1663.1
1415380 1663.1
1415390 1661.2
1415400 1659.2
1415410 1659.2
1415420 1658.0
1415430 1656.7
1415440 1656.7
1415450 1656.1
1415460 1655.7
1415470 1654.4
1415480 1654.4
1415490 1652.7
1415500 1651.2
1415510 1651.2
1415520 1650.1
1415530 1647.4
1415540 1647.4
1415550 1643.7
1415560 1641.1
1415570 1641.1
1415580 1637.1
1415590 1632.7
1415600 1632.7
1415610 1632.1
1415620 1632.1
1415630 1631.6
1415640 1631.6
1415650 1631.8
1415660 1631.5
1415670 1631.5
1415680 1629.7
1415690 1627.7
1415700 1627.7
1415710 1626.1
1415720 1624.4
1415730 1624.4
1415740 1622.4
1415750 1620.1
1415760 1620.1
1415770 1618.8
1415780 1616.9
1415790 1616.9
1415800 1615.3
1415810 1613.9
1415820 1612.4
1415830 1612.4
1415840 1611.2
1415850 1609.2
1415860 1609.2
1415870 1606.3
1415880 1604.1
1415890 1604.1
1415900 1601.6
1415910 1600.6
1415920 1600.6
1415930 1599.7
1415940 1599.1
1415950 1599.1
1415960 1598.3
1415970 1598.3
1415980 1598.3
1415990 1599.2
1416000 1600.7
1416010 1602.4
1416020 1602.4
1416030 1602.3
1416040 1601.0
1416050 1601.0
1416060 1600.1
1416070 1600.0
1416080 1600.0
1416090 1599.8
1416100 1599.3
1416110 1599.3
1416120 1598.0
1416130 1595.8
1416140 1595.8
1416150 1593.3
1416160 1591.4
1416170 1589.7
1416180 1589.7
1416190 1587.5
1416200 1584.7
1416210 1584.7
1416220 1581.2
1416230 1578.1
1416240 1578.1
1416250 1574.8
1416260 1571.4
1416270 1571.4
1416280 1567.0
1416290 1560.5
1416300 1560.5
1416310 1553.3
1416320 1549.9
1416330 1549.9
1416340 1548.6
1416350 1547.5
1416360 1547.3
1416370 1547.3
1416380 1545.2
1416390 1542.3
1416400 1542.3
1416410 1540.9
1416420 1539.9
1416430 1539.9
1416440 1538.7
1416450 1538.0
1416460 1538.0
1416470 1536.9
1416480 1535.6
1416490 1535.6
1416500 1533.8
1416510 1531.8
1416520 1531.8
1416530 1530.5
1416540 1528.9
1416550 1526.6
1416560 1526.6
1416570 1524.5
1416580 1522.7
1416590 1522.7
1416600 1521.2
1416610 1519.7
1416620 1519.7
1416630 1518.1
1416640 1516.3
1416650 1516.3
1416660 1513.7
1416670 1514.7
1416680 1514.7
1416690 1511.4
1416700 1508.5
1416710 1505.1
1416720 1505.1
1416730 1501.0
1416740 1496.5
1416750 1496.5
1416760 1492.3
1416770 1487.7
1416780 1487.7
1416790 1484.2
1416800 1480.4
1416810 1480.4
1416820 1476.5
1416830 1472.2
1416840 1472.2
1416850 1467.5
1416860 1461.7
1416870 1461.7
1416880 1455.2
1416890 1448.4
1416900 1441.5
1416910 1441.5
1416920 1434.8
1416930 1427.7
1416940 1427.7
1416950 1420.8
1416960 1413.7
1416970 1413.7
1416980 1407.9
1416990 1404.0
1417000 1404.0
1417010 1399.7
1417020 1394.5
1417030 1394.5
1417040 1388.2
1417050 1381.1
1417060 1371.5
1417070 1371.5
1417080 1359.4
1417090 1348.6
1417100 1348.6
1417110 1338.9
1417120 1336.2
1417130 1336.2
1417140 1337.7
1417150 1335.3
1417160 1335.3
1417170 1336.8
1417180 1339.0
1417190 1339.0
1417200 1336.1
1417210 1331.5
1417220 1331.5
1417230 1328.0
1417240 1326.5
1417250 1325.8
1417260 1325.8
1417270 1324.6
1417280 1323.0
1417290 1323.0
1417300 1320.6
1417310 1317.4
1417320 1317.4
1417330 1313.9
1417340 1310.6
1417350 1310.6
1417360 1308.2
1417370 1305.9
1417380 1305.9
1417390 1303.4
1417400 1300.0
1417410 1300.0
1417420 1297.4
1417430 1295.6
1417440 1294.1
1417450 1294.1
1417460 1291.1
1417470 1286.8
1417480 1286.8
1417490 1282.4
1417500 1277.6
1417510 1277.6
1417520 1272.6
1417530 1267.9
1417540 1267.9
1417550 1263.5
1417560 1258.8
1417570 1258.8
1417580 1253.9
1417590 1249.3
1417600 1244.9
1417610 1244.9
1417620 1241.7
1417630 1238.5
1417640 1238.5
1417650 1236.2
1417660 1233.6
1417670 1233.6
1417680 1230.5
1417690 1226.8
1417700 1226.8
1417710 1223.1
1417720 1219.4
1417730 1219.4
1417740 1215.3
1417750 1212.1
1417760 1212.1
1417770 1209.5
1417780 1205.4
1417790 1200.7
1417800 1200.7
1417810 1196.1
1417820 1190.7
1417830 1190.7
1417840 1184.0
1417850 1176.5
1417860 1176.5
1417870 1169.1
1417880 1162.8
1417890 1162.8
1417900 1157.6
1417910 1153.1
1417920 1153.1
1417930 1149.2
1417940 1144.7
1417950 1144.7
1417960 1139.8
1417970 1135.4
1417980 1131.8
1417990 1131.8
1418000 1127.1
1418010 1121.2
1418020 1121.2
1418030 1114.3
1418040 1108.9
1418050 1108.9
1418060 1106.3
1418070 1104.1
1418080 1104.1
1418090 1101.6
1418100 1098.8
1418110 1098.8
1418120 1095.7
1418130 1093.2
1418140 1091.0
1418150 1091.0
1418160 1088.7
1418170 1086.5
1418180 1086.5
1418190 1084.8
1418200 1082.9
1418210 1082.9
1418220 1080.9
1418230 1078.7
1418240 1078.7
1418250 1076.5
1418260 1074.7
1418270 1074.7
1418280 1073.3
1418290 1071.4
1418300 1071.4
1418310 1068.7
1418320 1065.6
1418330 1061.5
1418340 1061.5
1418350 1056.3
1418360 1054.1
1418370 1054.1
1418380 1051.4
1418390 1049.4
1418400 1049.4
1418410 1047.7
1418420 1045.9
1418430 1045.9
1418440 1043.8
1418450 1041.6
1418460 1041.6
1418470 1039.8
1418480 1037.6
1418490 1037.6
1418500 1034.6
1418510 1032.5
1418520 1031.1
1418530 1031.1
1418540 1030.6
1418550 1028.3
1418560 1028.3
1418570 1026.2
1418580 1024.4
1418590 1024.4
1418600 1021.9
1418610 1019.2
1418620 1019.2
1418630 1016.1
1418640 1014.1
1418650 1014.1
1418660 1012.4
1418670 1011.0
1418680 1010.2
1418690 1010.2
1418700 1008.9
1418710 1005.9
1418720 1005.9
1418730 1002.8
1418740 1000.5
1418750 1000.5
1418760 997.2
1418770 993.4
1418780 993.4
1418790 989.1
1418800 984.5
1418810 984.5
1418820 980.1
1418830 976.0
1418840 976.0
1418850 972.6
1418860 968.5
1418870 964.3
1418880 964.3
1418890 959.9
1418900 954.8
1418910 954.8
1418920 949.8
1418930 945.5
1418940 945.5
1418950 941.9
1418960 938.7
1418970 938.7
1418980 934.1
1418990 929.7
1419000 929.7
1419010 925.3
1419020 921.7
1419030 918.5
1419040 918.5
1419050 914.8
1419060 911.2
1419070 911.2
1419080 907.2
1419090 902.7
1419100 902.7
1419110 898.3
1419120 894.0
1419130 894.0
1419140 890.2
1419150 886.8
1419160 886.8
1419170 883.3
1419180 879.4
1419190 879.4
1419200 874.8
1419210 870.5
1419220 866.2
1419230 866.2
1419240 862.5
1419250 859.2
1419260 859.2
1419270 855.7
1419280 851.5
1419290 851.5
1419300 846.0
1419310 841.1
1419320 841.1
1419330 836.4
1419340 832.1
1419350 832.1
1419360 827.6
1419370 823.7
1419380 823.7
1419390 819.4
1419400 815.7
1419410 811.6
1419420 811.6
1419430 806.8
1419440 802.4
1419450 802.4
1419460 797.8
1419470 793.3
1419480 793.3
1419490 788.2
1419500 781.4
1419510 781.4
1419520 778.2
1419530 773.3
1419540 773.3
1419550 766.2
1419560 759.0
1419570 751.8
1419580 751.8
1419590 746.9
1419600 742.2
1419610 742.2
1419620 736.8
1419630 737.4
1419640 737.4
1419650 742.6
1419660 743.2
1419670 743.2
1419680 739.9
1419690 738.3
1419700 738.3
1419710 738.0
1419720 737.4
1419730 737.4
1419740 735.8
1419750 733.5
1419760 732.1
1419770 732.1
1419780 730.5
1419790 727.6
1419800 727.6
1419810 722.0
1419820 714.8
1419830 714.8
1419840 706.3
1419850 698.8
1419860 698.8
1419870 693.0
1419880 688.5
1419890 688.5
1419900 685.8
1419910 685.1
1419920 685.1
1419930 684.4
1419940 683.6
1419950 682.7
1419960 682.7
1419970 682.4
1419980 682.3
1419990 682.3
