1400000 2453.6
1400010 2453.6
1400020 2449.6
1400030 2444.9
1400040 2439.2
1400050 2439.2
1400060 2433.6
1400070 2428.3
1400080 2428.3
1400090 2423.8
1400100 2420.8
1400110 2420.8
1400120 2417.9
1400130 2414.5
1400140 2414.5
1400150 2410.6
1400160 2406.8
1400170 2406.8
1400180 2402.6
1400190 2396.9
1400200 2396.9
1400210 2390.7
1400220 2386.2
1400230 2383.1
1400240 2383.1
1400250 2380.6
1400260 2377.9
1400270 2377.9
1400280 2374.3
1400290 2369.4
1400300 2369.4
1400310 2363.9
1400320 2359.4
1400330 2359.4
1400340 2355.6
1400350 2352.5
1400360 2352.5
1400370 2351.5
1400380 2351.0
1400390 2351.0
1400400 2349.2
1400410 2348.5
1400420 2350.6
1400430 2350.6
1400440 2351.3
1400450 2346.6
1400460 2346.6
1400470 2344.6
1400480 2343.6
1400490 2343.6
1400500 2342.8
1400510 2340.9
1400520 2340.9
1400530 2339.4
1400540 2338.9
1400550 2338.9
1400560 2337.4
1400570 2335.5
1400580 2331.6
1400590 2331.6
1400600 2326.9
1400610 2321.2
1400620 2321.2
1400630 2315.9
1400640 2311.1
1400650 2311.1
1400660 2306.5
1400670 2303.1
1400680 2303.1
1400690 2299.5
1400700 2295.5
1400710 2295.5
1400720 2289.7
1400730 2284.5
1400740 2284.5
1400750 2284.0
1400760 2283.2
1400770 2283.1
1400780 2283.1
1400790 2281.9
1400800 2279.0
1400810 2279.0
1400820 2275.7
1400830 2272.5
1400840 2272.5
1400850 2270.9
1400860 2269.0
1400870 2269.0
1400880 2266.6
1400890 2266.8
1400900 2266.8
1400910 2262.7
1400920 2259.8
1400930 2259.8
1400940 2258.7
1400950 2257.3
1400960 2255.9
1400970 2255.9
1400980 2253.6
1400990 2250.2
1401000 2250.2
1401010 2246.9
1401020 2244.9
1401030 2244.9
1401040 2243.3
1401050 2241.8
1401060 2241.8
1401070 2240.2
1401080 2238.3
1401090 2238.3
1401100 2236.5
1401110 2234.5
1401120 2232.1
1401130 2232.1
1401140 2228.6
1401150 2225.7
1401160 2225.7
1401170 2224.5
1401180 2223.5
1401190 2223.5
1401200 2221.5
1401210 2219.1
1401220 2219.1
1401230 2217.0
1401240 2214.7
1401250 2214.7
1401260 2213.2
1401270 2213.8
1401280 2213.8
1401290 2215.4
1401300 2213.4
1401310 2211.8
1401320 2211.8
1401330 2210.4
1401340 2208.8
1401350 2208.8
1401360 2206.1
1401370 2203.0
1401380 2203.0
1401390 2200.6
1401400 2199.6
1401410 2199.6
1401420 2198.0
1401430 2194.4
1401440 2194.4
1401450 2192.2
1401460 2193.4
1401470 2193.4
1401480 2192.6
1401490 2188.6
1401500 2185.1
1401510 2185.1
1401520 2181.6
1401530 2177.0
1401540 2177.0
1401550 2175.1
1401560 2176.5
1401570 2176.5
1401580 2178.3
1401590 2177.8
1401600 2177.8
1401610 2175.5
1401620 2172.0
1401630 2172.0
1401640 2167.7
1401650 2163.4
1401660 2160.0
1401670 2160.0
1401680 2157.3
1401690 2154.5
1401700 2154.5
1401710 2152.8
1401720 2152.1
1401730 2152.1
1401740 2150.9
1401750 2149.3
1401760 2149.3
1401770 2148.4
1401780 2147.5
1401790 2147.5
1401800 2146.7
1401810 2146.5
1401820 2146.5
1401830 2144.7
1401840 2140.7
1401850 2135.7
1401860 2135.7
1401870 2132.6
1401880 2129.2
1401890 2129.2
1401900 2125.1
1401910 2121.1
1401920 2121.1
1401930 2118.9
1401940 2116.4
1401950 2116.4
1401960 2113.9
1401970 2111.6
1401980 2111.6
1401990 2110.0
1402000 2107.2
1402010 2107.2
1402020 2104.4
1402030 2102.3
1402040 2099.7
1402050 2099.7
1402060 2097.6
1402070 2095.5
1402080 2095.5
1402090 2094.1
1402100 2093.1
1402110 2093.1
1402120 2092.4
1402130 2091.4
1402140 2091.4
1402150 2090.1
1402160 2088.5
1402170 2088.5
1402180 2086.9
1402190 2084.9
1402200 2085.6
1402210 2085.6
1402220 2084.9
1402230 2084.3
1402240 2084.3
1402250 2083.5
1402260 2082.2
1402270 2082.2
1402280 2081.8
1402290 2081.6
1402300 2081.6
1402310 2081.5
1402320 2081.9
1402330 2081.9
1402340 2082.2
1402350 2082.0
1402360 2082.0
1402370 2081.5
1402380 2081.0
1402390 2080.6
1402400 2080.6
1402410 2079.6
1402420 2086.1
1402430 2086.1
1402440 2085.2
1402450 2083.5
1402460 2083.5
1402470 2082.1
1402480 2082.7
1402490 2082.7
1402500 2082.6
1402510 2080.9
1402520 2080.9
1402530 2079.8
1402540 2079.9
1402550 2079.9
1402560 2081.1
1402570 2081.6
1402580 2081.4
1402590 2081.4
1402600 2081.1
1402610 2080.7
1402620 2080.7
1402630 2079.9
1402640 2077.1
1402650 2077.1
1402660 2073.2
1402670 2069.1
1402680 2069.1
1402690 2065.0
1402700 2060.9
1402710 2060.9
1402720 2056.4
1402730 2052.6
1402740 2048.7
1402750 2048.7
1402760 2045.7
1402770 2042.8
1402780 2042.8
1402790 2039.9
1402800 2035.5
1402810 2035.5
1402820 2034.7
1402830 2034.6
1402840 2034.6
1402850 2035.1
1402860 2032.3
1402870 2032.3
1402880 2033.0
1402890 2035.9
1402900 2035.9
1402910 2035.1
1402920 2036.4
1402930 2039.1
1402940 2039.1
1402950 2043.0
1402960 2050.1
1402970 2050.1
1402980 2054.3
1402990 2057.7
1403000 2057.7
1403010 2061.1
1403020 2063.2
1403030 2063.2
1403040 2063.5
1403050 2062.2
1403060 2062.2
1403070 2064.2
1403080 2063.9
1403090 2066.6
1403100 2066.6
1403110 2072.1
1403120 2077.4
1403130 2077.4
1403140 2082.5
1403150 2088.1
1403160 2088.1
1403170 2093.0
1403180 2095.6
1403190 2095.6
1403200 2095.9
1403210 2097.6
1403220 2097.6
1403230 2099.7
1403240 2100.9
1403250 2100.9
1403260 2101.6
1403270 2099.6
1403280 2099.6
1403290 2099.6
1403300 2100.8
1403310 2101.3
1403320 2101.3
1403330 2101.0
1403340 2099.6
1403350 2099.6
1403360 2097.4
1403370 2094.5
1403380 2094.5
1403390 2091.8
1403400 2088.1
1403410 2088.1
1403420 2083.4
1403430 2079.2
1403440 2079.2
1403450 2076.3
1403460 2073.7
1403470 2071.2
1403480 2071.2
1403490 2069.2
1403500 2065.1
1403510 2065.1
1403520 2061.1
1403530 2057.2
1403540 2057.2
1403550 2052.7
1403560 2048.6
1403570 2048.6
1403580 2044.0
1403590 2039.2
1403600 2039.2
1403610 2034.3
1403620 2030.5
1403630 2026.2
1403640 2026.2
1403650 2021.8
1403660 2017.7
1403670 2017.7
1403680 2012.3
1403690 2006.5
1403700 2006.5
1403710 2001.4
1403720 1996.9
1403730 1996.9
1403740 1993.2
1403750 1989.2
1403760 1989.2
1403770 1985.0
1403780 1979.9
1403790 1979.9
1403800 1974.0
1403810 1969.5
1403820 1966.8
1403830 1966.8
1403840 1962.3
1403850 1959.1
1403860 1959.1
1403870 1956.0
1403880 1953.3
1403890 1953.3
1403900 1951.0
1403910 1948.3
1403920 1948.3
1403930 1945.3
1403940 1942.0
1403950 1942.0
1403960 1938.6
1403970 1937.3
1403980 1937.3
1403990 1932.6
1404000 1928.1
1404010 1921.9
1404020 1921.9
1404030 1915.3
1404040 1909.4
1404050 1909.4
1404060 1904.9
1404070 1900.3
1404080 1900.3
1404090 1894.6
1404100 1889.4
1404110 1889.4
1404120 1884.7
1404130 1879.5
1404140 1879.5
1404150 1874.8
1404160 1872.2
1404170 1869.9
1404180 1869.9
1404190 1865.3
1404200 1859.9
1404210 1859.9
1404220 1853.0
1404230 1845.0
1404240 1845.0
1404250 1836.2
1404260 1828.8
1404270 1828.8
1404280 1821.0
1404290 1814.5
1404300 1814.5
1404310 1808.3
1404320 1802.2
1404330 1802.2
1404340 1796.4
1404350 1790.5
1404360 1785.0
1404370 1785.0
1404380 1781.3
1404390 1777.4
1404400 1777.4
1404410 1773.8
1404420 1769.3
1404430 1769.3
1404440 1761.3
1404450 1754.5
1404460 1754.5
1404470 1749.0
1404480 1744.1
1404490 1744.1
1404500 1740.3
1404510 1735.7
1404520 1735.7
1404530 1730.7
1404540 1725.5
1404550 1719.6
1404560 1719.6
1404570 1713.1
1404580 1705.7
1404590 1705.7
1404600 1699.0
1404610 1693.3
1404620 1693.3
1404630 1687.6
1404640 1682.0
1404650 1682.0
1404660 1676.6
1404670 1672.6
1404680 1672.6
1404690 1668.6
1404700 1664.0
1404710 1658.9
1404720 1658.9
1404730 1653.5
1404740 1648.1
1404750 1648.1
1404760 1643.4
1404770 1638.9
1404780 1638.9
1404790 1634.9
1404800 1631.0
1404810 1631.0
1404820 1627.6
1404830 1623.7
1404840 1623.7
1404850 1618.9
1404860 1612.4
1404870 1612.4
1404880 1605.0
1404890 1600.5
1404900 1600.7
1404910 1600.7
1404920 1601.9
1404930 1605.5
1404940 1605.5
1404950 1609.6
1404960 1612.4
1404970 1612.4
1404980 1614.5
1404990 1614.4
1405000 1614.4
1405010 1613.0
1405020 1614.8
1405030 1614.8
1405040 1619.2
1405050 1623.1
1405060 1623.1
1405070 1625.2
1405080 1627.1
1405090 1629.0
1405100 1629.0
1405110 1630.8
1405120 1632.9
1405130 1632.9
1405140 1635.1
1405150 1636.9
1405160 1636.9
1405170 1638.3
1405180 1640.4
1405190 1640.4
1405200 1643.7
1405210 1647.4
1405220 1647.4
1405230 1650.5
1405240 1653.7
1405250 1657.1
1405260 1657.1
1405270 1660.2
1405280 1664.0
1405290 1664.0
1405300 1667.2
1405310 1668.6
1405320 1668.6
1405330 1669.3
1405340 1670.2
1405350 1670.2
1405360 1670.3
1405370 1670.5
1405380 1670.5
1405390 1670.7
1405400 1670.7
1405410 1670.7
1405420 1670.3
1405430 1669.0
1405440 1667.7
1405450 1667.7
1405460 1666.4
1405470 1665.3
1405480 1665.3
1405490 1665.0
1405500 1667.2
1405510 1667.2
1405520 1667.3
1405530 1664.2
1405540 1664.2
1405550 1652.3
1405560 1647.5
1405570 1647.5
1405580 1641.0
1405590 1635.0
1405600 1635.0
1405610 1635.9
1405620 1643.9
1405630 1648.4
1405640 1648.4
1405650 1652.0
1405660 1656.3
1405670 1656.3
1405680 1660.2
1405690 1665.9
1405700 1665.9
1405710 1672.7
1405720 1678.0
1405730 1678.0
1405740 1680.9
1405750 1685.1
1405760 1685.1
1405770 1689.5
1405780 1693.0
1405790 1696.4
1405800 1696.4
1405810 1698.5
1405820 1701.3
1405830 1701.3
1405840 1706.3
1405850 1711.9
1405860 1711.9
1405870 1717.2
1405880 1720.9
1405890 1720.9
1405900 1723.8
1405910 1728.2
1405920 1728.2
1405930 1731.6
1405940 1734.8
1405950 1734.8
1405960 1737.7
1405970 1738.7
1405980 1738.7
1405990 1738.7
1406000 1737.4
1406010 1737.8
1406020 1737.8
1406030 1742.8
1406040 1745.9
1406050 1745.9
1406060 1749.0
1406070 1751.6
1406080 1751.6
1406090 1754.4
1406100 1758.4
1406110 1758.4
1406120 1761.2
1406130 1764.3
1406140 1764.3
1406150 1767.5
1406160 1770.7
1406170 1773.6
1406180 1773.6
1406190 1776.4
1406200 1779.8
1406210 1779.8
1406220 1782.0
1406230 1784.0
1406240 1784.0
1406250 1785.9
1406260 1787.9
1406270 1787.9
1406280 1791.0
1406290 1791.8
1406300 1791.8
1406310 1791.5
1406320 1788.3
1406330 1785.2
1406340 1785.2
1406350 1783.4
1406360 1782.6
1406370 1782.6
1406380 1782.8
1406390 1782.8
1406400 1782.8
1406410 1783.3
1406420 1782.2
1406430 1782.2
1406440 1778.4
1406450 1775.4
1406460 1775.4
1406470 1771.9
1406480 1768.3
1406490 1768.3
1406500 1767.9
1406510 1770.7
1406520 1776.7
1406530 1776.7
1406540 1782.7
1406550 1787.2
1406560 1787.2
1406570 1792.9
1406580 1798.2
1406590 1798.2
1406600 1801.3
1406610 1804.6
1406620 1804.6
1406630 1810.5
1406640 1811.9
1406650 1811.9
1406660 1811.1
1406670 1810.3
1406680 1810.3
1406690 1812.1
1406700 1813.8
1406710 1814.6
1406720 1814.6
1406730 1818.9
1406740 1824.2
1406750 1824.2
1406760 1828.3
1406770 1833.4
1406780 1833.4
1406790 1839.7
1406800 1846.0
1406810 1846.0
1406820 1852.6
1406830 1859.8
1406840 1859.8
1406850 1865.8
1406860 1872.2
1406870 1878.6
1406880 1878.6
1406890 1885.6
1406900 1892.4
1406910 1892.4
1406920 1896.8
1406930 1901.6
1406940 1901.6
1406950 1906.0
1406960 1910.3
1406970 1910.3
1406980 1914.4
1406990 1918.6
1407000 1918.6
1407010 1923.3
1407020 1929.5
1407030 1929.5
1407040 1934.7
1407050 1940.8
1407060 1946.5
1407070 1946.5
1407080 1952.4
1407090 1959.0
1407100 1959.0
1407110 1965.9
1407120 1973.1
1407130 1973.1
1407140 1979.8
1407150 1986.6
1407160 1990.5
1407170 1997.6
1407180 2006.1
1407190 2006.1
1407200 2015.9
1407210 2027.8
1407220 2027.8
1407230 2041.2
1407240 2050.9
1407250 2060.7
1407260 2060.7
1407270 2071.3
1407280 2078.7
1407290 2078.7
1407300 2080.3
1407310 2081.8
1407320 2081.8
1407330 2085.9
1407340 2091.2
1407350 2091.2
1407360 2097.7
1407370 2099.8
1407380 2099.8
1407390 2099.2
1407400 2100.9
1407410 2101.9
1407420 2101.9
1407430 2103.2
1407440 2105.4
1407450 2105.4
1407460 2106.9
1407470 2107.6
1407480 2107.6
1407490 2108.2
1407500 2110.0
1407510 2110.0
1407520 2111.2
1407530 2112.3
1407540 2112.3
1407550 2113.4
1407560 2112.4
1407570 2112.4
1407580 2108.6
1407590 2104.3
1407600 2102.9
1407610 2102.9
1407620 2102.8
1407630 2102.8
1407640 2102.8
1407650 2103.3
1407660 2103.7
1407670 2103.7
1407680 2103.3
1407690 2102.4
1407700 2102.4
1407710 2102.5
1407720 2104.6
1407730 2104.6
1407740 2107.2
1407750 2109.4
1407760 2112.1
1407770 2112.1
1407780 2115.8
1407790 2121.0
1407800 2121.0
1407810 2125.8
1407820 2128.6
1407830 2128.6
1407840 2130.5
1407850 2130.8
1407860 2130.8
1407870 2130.9
1407880 2128.9
1407890 2128.9
1407900 2126.1
1407910 2125.1
1407920 2125.1
1407930 2126.2
1407940 2127.9
1407950 2129.0
1407960 2129.0
1407970 2127.3
1407980 2125.2
1407990 2125.2
1408000 2124.2
1408010 2124.3
1408020 2124.3
1408030 2126.7
1408040 2128.0
1408050 2128.0
1408060 2129.2
1408070 2129.3
1408080 2129.3
1408090 2128.0
1408100 2126.9
1408110 2126.9
1408120 2127.6
1408130 2131.1
1408140 2134.6
1408150 2134.6
1408160 2136.6
1408170 2137.8
1408180 2137.8
1408190 2137.4
1408200 2136.1
1408210 2136.1
1408220 2134.4
1408230 2133.7
1408240 2133.7
1408250 2131.9
1408260 2129.7
1408270 2129.7
1408280 2128.1
1408290 2126.8
1408300 2124.8
1408310 2124.8
1408320 2122.1
1408330 2120.8
1408340 2120.8
1408350 2120.9
1408360 2122.0
1408370 2122.0
1408380 2123.4
1408390 2126.0
1408400 2126.0
1408410 2129.5
1408420 2130.6
1408430 2130.6
1408440 2131.6
1408450 2134.1
1408460 2134.1
1408470 2135.7
1408480 2138.2
1408490 2141.0
1408500 2141.0
1408510 2144.2
1408520 2147.8
1408530 2147.8
1408540 2150.5
1408550 2152.8
1408560 2152.8
1408570 2155.7
1408580 2158.3
1408590 2158.3
1408600 2160.6
1408610 2163.4
1408620 2163.4
1408630 2166.1
1408640 2168.9
1408650 2168.9
1408660 2171.0
1408670 2172.1
1408680 2173.0
1408690 2173.0
1408700 2172.9
1408710 2170.9
1408720 2170.9
1408730 2171.0
1408740 2175.0
1408750 2175.0
1408760 2179.8
1408770 2184.6
1408780 2184.6
1408790 2188.2
1408800 2192.1
1408810 2186.5
1408820 2194.7
1408830 2203.9
1408840 2209.3
1408850 2209.3
1408860 2214.5
1408870 2220.7
1408880 2220.7
1408890 2226.0
1408900 2229.3
1408910 2229.3
1408920 2230.8
1408930 2232.2
1408940 2232.2
1408950 2233.9
1408960 2235.5
1408970 2235.5
1408980 2237.9
1408990 2241.1
1409000 2241.1
1409010 2243.4
1409020 2246.0
1409030 2250.1
1409040 2250.1
1409050 2255.2
1409060 2256.3
1409070 2256.3
1409080 2255.0
1409090 2254.3
1409100 2254.3
1409110 2253.7
1409120 2253.1
1409130 2253.1
1409140 2252.4
1409150 2250.8
1409160 2250.8
1409170 2249.1
1409180 2247.3
1409190 2247.3
1409200 2245.5
1409210 2244.6
1409220 2244.1
1409230 2244.1
1409240 2242.6
1409250 2240.8
1409260 2240.8
1409270 2239.0
1409280 2237.1
1409290 2237.1
1409300 2234.8
1409310 2232.6
1409320 2232.6
1409330 2230.9
1409340 2229.9
1409350 2229.9
1409360 2229.3
1409370 2228.7
1409380 2228.9
1409390 2228.9
1409400 2229.5
1409410 2229.5
1409420 2229.5
1409430 2229.6
1409440 2231.3
1409450 2231.3
1409460 2232.6
1409470 2232.6
1409480 2232.6
1409490 2231.6
1409500 2229.6
1409510 2229.6
1409520 2227.1
1409530 2224.7
1409540 2224.7
1409550 2222.7
1409560 2219.9
1409570 2215.9
1409580 2215.9
1409590 2212.2
1409600 2209.3
1409610 2209.3
1409620 2207.3
1409630 2206.1
1409640 2206.1
1409650 2204.8
1409660 2203.8
1409670 2203.8
1409680 2202.7
1409690 2201.2
1409700 2201.2
1409710 2200.2
1409720 2199.5
1409730 2199.5
1409740 2198.9
1409750 2198.0
1409760 2197.2
1409770 2197.2
1409780 2196.3
1409790 2195.5
1409800 2195.5
1409810 2195.1
1409820 2194.5
1409830 2194.5
1409840 2193.9
1409850 2193.0
1409860 2193.0
1409870 2192.5
1409880 2191.6
1409890 2191.6
1409900 2191.1
1409910 2190.7
1409920 2189.9
1409930 2189.9
1409940 2189.4
1409950 2188.6
1409960 2188.6
1409970 2187.8
1409980 2188.0
1409990 2188.0
1410000 2188.3
1410010 2188.7
1410020 2188.7
1410030 2189.2
1410040 2190.6
1410050 2190.6
1410060 2192.8
1410070 2194.0
1410080 2194.0
1410090 2196.0
1410100 2198.6
1410110 2200.8
1410120 2200.8
1410130 2202.9
1410140 2205.0
1410150 2205.0
1410160 2206.4
1410170 2206.4
1410180 2206.4
1410190 2205.6
1410200 2205.3
1410210 2205.3
1410220 2204.4
1410230 2203.5
1410240 2203.5
1410250 2202.0
1410260 2200.0
1410270 2200.0
1410280 2198.6
1410290 2197.3
1410300 2196.5
1410310 2196.5
1410320 2195.0
1410330 2192.8
1410340 2192.8
1410350 2190.4
1410360 2189.1
1410370 2189.1
1410380 2188.3
1410390 2187.6
1410400 2187.6
1410410 2186.1
1410420 2184.5
1410430 2184.5
1410440 2183.6
1410450 2181.8
1410460 2179.9
1410470 2179.9
1410480 2177.9
1410490 2174.0
1410500 2174.0
1410510 2171.3
1410520 2169.3
1410530 2169.3
1410540 2168.5
1410550 2168.3
1410560 2168.3
1410570 2169.6
1410580 2170.8
1410590 2170.8
1410600 2169.7
1410610 2166.7
1410620 2166.7
1410630 2164.3
1410640 2163.5
1410650 2160.7
1410660 2160.7
1410670 2157.4
1410680 2155.7
1410690 2155.7
1410700 2154.0
1410710 2152.5
1410720 2152.5
1410730 2150.7
1410740 2148.3
1410750 2148.3
1410760 2146.6
1410770 2144.3
1410780 2144.3
1410790 2142.4
1410800 2141.1
1410810 2139.0
1410820 2139.0
1410830 2137.6
1410840 2135.1
1410850 2135.1
1410860 2131.7
1410870 2129.7
1410880 2129.7
1410890 2128.5
1410900 2126.9
1410910 2126.9
1410920 2123.9
1410930 2121.6
1410940 2121.6
1410950 2120.0
1410960 2118.3
1410970 2118.3
1410980 2116.2
1410990 2114.8
1411000 2113.7
1411010 2113.7
1411020 2112.2
1411030 2110.2
1411040 2110.2
1411050 2108.1
1411060 2105.7
1411070 2105.7
1411080 2103.1
1411090 2099.6
1411100 2099.6
1411110 2095.8
1411120 2092.2
1411130 2092.2
1411140 2088.9
1411150 2090.0
1411160 2090.0
1411170 2090.9
1411180 2090.3
1411190 2090.8
1411200 2090.8
1411210 2091.7
1411220 2091.7
1411230 2091.7
1411240 2090.3
1411250 2088.5
1411260 2088.5
1411270 2087.9
1411280 2087.9
1411290 2087.9
1411300 2088.0
1411310 2087.7
1411320 2087.7
1411330 2087.0
1411340 2085.7
1411350 2083.3
1411360 2083.3
1411370 2080.9
1411380 2079.1
1411390 2079.1
1411400 2077.8
1411410 2076.4
1411420 2076.4
1411430 2075.0
1411440 2074.2
1411450 2074.2
1411460 2074.0
1411470 2073.9
1411480 2073.9
1411490 2074.0
1411500 2072.9
1411510 2072.9
1411520 2070.2
1411530 2066.9
1411540 2063.7
1411550 2063.7
1411560 2060.9
1411570 2059.0
1411580 2059.0
1411590 2056.7
1411600 2055.0
1411610 2055.0
1411620 2053.8
1411630 2053.0
1411640 2053.0
1411650 2052.1
1411660 2051.8
1411670 2051.8
1411680 2052.2
1411690 2053.0
1411700 2053.0
1411710 2054.1
1411720 2054.6
1411730 2054.5
1411740 2054.5
1411750 2054.2
1411760 2053.4
1411770 2053.4
1411780 2052.2
1411790 2050.9
1411800 2050.9
1411810 2049.6
1411820 2049.2
1411830 2049.2
1411840 2049.7
1411850 2050.1
1411860 2050.1
1411870 2049.4
1411880 2047.7
1411890 2046.4
1411900 2046.4
1411910 2044.6
1411920 2042.7
1411930 2042.7
1411940 2040.0
1411950 2037.6
1411960 2037.6
1411970 2035.5
1411980 2033.3
1411990 2033.3
1412000 2031.5
1412010 2030.3
1412020 2030.3
1412030 2029.4
1412040 2028.6
1412050 2028.6
1412060 2028.6
1412070 2028.6
1412080 2028.7
1412090 2028.7
1412100 2029.8
1412110 2030.9
1412120 2030.9
1412130 2031.3
1412140 2032.0
1412150 2032.0
1412160 2032.1
1412170 2031.8
1412180 2031.8
1412190 2030.8
1412200 2029.1
1412210 2032.4
1412220 2031.3
1412230 2030.3
1412240 2030.3
1412250 2029.9
1412260 2030.6
1412270 2032.1
1412280 2032.1
1412290 2034.4
1412300 2036.7
1412310 2036.7
1412320 2037.6
1412330 2037.5
1412340 2037.5
1412350 2037.8
1412360 2037.7
1412370 2037.7
1412380 2037.1
1412390 2038.3
1412400 2038.3
1412410 2039.5
1412420 2039.8
1412430 2038.1
1412440 2038.1
1412450 2034.8
1412460 2032.5
1412470 2032.5
1412480 2030.0
1412490 2026.9
1412500 2026.9
1412510 2024.3
1412520 2021.1
1412530 2021.1
1412540 2018.4
1412550 2015.8
1412560 2015.8
1412570 2013.5
1412580 2011.3
1412590 2011.3
1412600 2009.1
1412610 2007.4
1412620 2006.3
1412630 2006.3
1412640 2004.7
1412650 2002.9
1412660 2002.9
1412670 2001.7
1412680 2000.9
1412690 2000.9
1412700 2000.4
1412710 1999.8
1412720 1999.8
1412730 1999.2
1412740 1998.7
1412750 1998.7
1412760 1998.5
1412770 1999.4
1412780 1999.4
1412790 1999.7
1412800 1998.9
1412810 1998.2
1412820 1998.2
1412830 1998.3
1412840 1997.8
1412850 1997.8
1412860 1996.8
1412870 1995.8
1412880 1995.8
1412890 1994.1
1412900 1991.1
1412910 1991.1
1412920 1987.6
1412930 1984.2
1412940 1984.2
1412950 1980.5
1412960 1977.2
1412970 1972.9
1412980 1972.9
1412990 1968.7
1413000 1965.9
1413010 1965.9
1413020 1964.1
1413030 1962.6
1413040 1962.6
1413050 1961.2
1413060 1960.9
1413070 1960.9
1413080 1960.4
1413090 1958.6
1413100 1958.6
1413110 1957.0
1413120 1954.8
1413130 1954.8
1413140 1952.6
1413150 1950.0
1413160 1947.5
1413170 1947.5
1413180 1945.0
1413190 1943.6
1413200 1943.6
1413210 1942.1
1413220 1940.4
1413230 1940.4
1413240 1938.8
1413250 1937.1
1413260 1937.1
1413270 1934.6
1413280 1932.8
1413290 1932.8
1413300 1931.0
1413310 1928.6
1413320 1928.6
1413330 1926.0
1413340 1923.4
1413350 1920.7
1413360 1920.7
1413370 1917.8
1413380 1914.7
1413390 1914.7
1413400 1912.0
1413410 1909.9
1413420 1909.9
1413430 1908.1
1413440 1905.9
1413450 1905.9
1413460 1902.8
1413470 1899.8
1413480 1899.8
1413490 1897.9
1413500 1896.7
1413510 1895.1
1413520 1895.1
1413530 1893.5
1413540 1891.3
1413550 1891.3
1413560 1888.5
1413570 1885.0
1413580 1885.0
1413590 1882.2
1413600 1879.6
1413610 1879.6
1413620 1874.4
1413630 1867.0
1413640 1867.0
1413650 1862.1
1413660 1859.7
1413670 1859.7
1413680 1858.5
1413690 1857.0
1413700 1854.9
1413710 1854.9
1413720 1853.3
1413730 1852.4
1413740 1852.4
1413750 1851.5
1413760 1850.8
1413770 1850.8
1413780 1849.1
1413790 1846.2
1413800 1846.2
1413810 1843.2
1413820 1841.9
1413830 1841.9
1413840 1841.6
1413850 1840.1
1413860 1837.3
1413870 1837.3
1413880 1834.3
1413890 1832.0
1413900 1832.0
1413910 1829.0
1413920 1825.9
1413930 1825.9
1413940 1821.9
1413950 1817.0
1413960 1817.0
1413970 1812.1
1413980 1813.1
1413990 1813.1
1414000 1809.4
1414010 1805.8
1414020 1805.8
1414030 1802.3
1414040 1800.0
1414050 1797.6
1414060 1797.6
1414070 1795.5
1414080 1792.7
1414090 1792.7
1414100 1789.3
1414110 1786.5
1414120 1786.5
1414130 1783.8
1414140 1780.1
1414150 1780.1
1414160 1776.1
1414170 1771.9
1414180 1771.9
1414190 1768.5
1414200 1768.0
1414210 1768.0
1414220 1769.5
1414230 1770.7
1414240 1769.9
1414250 1769.9
1414260 1765.7
1414270 1760.6
1414280 1760.6
1414290 1756.5
1414300 1752.9
1414310 1752.9
1414320 1748.4
1414330 1743.9
1414340 1743.9
1414350 1740.5
1414360 1737.3
1414370 1737.3
1414380 1733.1
1414390 1728.8
1414400 1725.1
1414410 1725.1
1414420 1720.7
1414430 1716.4
1414440 1716.4
1414450 1712.7
1414460 1709.2
1414470 1709.2
1414480 1706.8
1414490 1703.9
1414500 1703.9
1414510 1700.3
1414520 1696.8
1414530 1696.8
1414540 1693.9
1414550 1691.5
1414560 1691.5
1414570 1689.5
1414580 1688.0
1414590 1686.8
1414600 1686.8
1414610 1685.3
1414620 1683.5
1414630 1683.5
1414640 1681.6
1414650 1679.2
1414660 1679.2
1414670 1676.9
1414680 1672.8
1414690 1672.8
1414700 1668.8
1414710 1665.6
1414720 1665.6
1414730 1662.8
1414740 1659.4
1414750 1659.4
1414760 1655.3
1414770 1650.7
1414780 1646.8
1414790 1646.8
1414800 1643.0
1414810 1639.2
1414820 1639.2
1414830 1636.2
1414840 1633.1
1414850 1633.1
1414860 1629.4
1414870 1626.5
1414880 1626.5
1414890 1623.9
1414900 1621.2
1414910 1621.2
1414920 1617.5
1414930 1612.5
1414940 1608.0
1414950 1608.0
1414960 1604.1
1414970 1600.0
1414980 1600.0
1414990 1596.7
1415000 1593.1
1415010 1593.1
1415020 1589.5
1415030 1586.2
1415040 1586.2
1415050 1583.1
1415060 1580.0
1415070 1580.0
1415080 1578.3
1415090 1577.2
1415100 1577.2
1415110 1575.3
1415120 1573.2
1415130 1571.9
1415140 1571.9
1415150 1570.2
1415160 1568.1
1415170 1568.1
1415180 1565.7
1415190 1564.4
1415200 1564.4
1415210 1563.2
1415220 1561.9
1415230 1561.9
1415240 1559.3
1415250 1555.3
1415260 1555.3
1415270 1553.4
1415280 1552.9
1415290 1552.9
1415300 1552.5
1415310 1550.1
1415320 1546.4
1415330 1546.4
1415340 1543.2
1415350 1539.8
1415360 1539.8
1415370 1536.3
1415380 1532.1
1415390 1532.1
1415400 1527.8
1415410 1524.6
1415420 1524.6
1415430 1522.3
1415440 1520.6
1415450 1520.6
1415460 1518.2
1415470 1515.7
1415480 1513.1
1415490 1513.1
1415500 1509.8
1415510 1506.3
1415520 1506.3
1415530 1503.1
1415540 1499.8
1415550 1499.8
1415560 1496.2
1415570 1493.0
1415580 1493.0
1415590 1490.1
1415600 1487.6
1415610 1487.6
1415620 1485.3
1415630 1482.4
1415640 1482.4
1415650 1480.1
1415660 1479.3
1415670 1478.9
1415680 1478.9
1415690 1477.9
1415700 1477.0
1415710 1477.0
1415720 1475.5
1415730 1474.4
1415740 1474.4
1415750 1472.0
1415760 1468.0
1415770 1468.0
1415780 1467.9
1415790 1465.4
1415800 1465.4
1415810 1461.0
1415820 1461.0
1415830 1461.0
1415840 1462.0
1415850 1460.1
1415860 1456.0
1415870 1456.0
1415880 1449.5
1415890 1443.0
1415900 1443.0
1415910 1438.8
1415920 1435.2
1415930 1435.2
1415940 1432.6
1415950 1431.2
1415960 1431.2
1415970 1431.4
1415980 1431.6
1415990 1431.6
1416000 1429.9
1416010 1428.3
1416020 1426.1
1416030 1426.1
1416040 1424.1
1416050 1422.1
1416060 1422.1
1416070 1419.9
1416080 1417.9
1416090 1417.9
1416100 1416.7
1416110 1416.2
1416120 1416.2
1416130 1415.9
1416140 1414.5
1416150 1414.5
1416160 1412.0
1416170 1409.8
1416180 1409.8
1416190 1408.7
1416200 1406.0
1416210 1402.4
1416220 1402.4
1416230 1398.6
1416240 1396.1
1416250 1396.1
1416260 1393.9
1416270 1390.9
1416280 1390.9
1416290 1388.6
1416300 1388.2
1416310 1388.2
1416320 1387.2
1416330 1386.2
1416340 1386.2
1416350 1385.4
1416360 1384.4
1416370 1384.4
1416380 1383.9
1416390 1382.4
1416400 1379.7
1416410 1379.7
1416420 1376.3
1416430 1371.7
1416440 1371.7
1416450 1366.7
1416460 1361.3
1416470 1361.3
1416480 1356.6
1416490 1353.7
1416500 1353.7
1416510 1351.2
1416520 1351.8
1416530 1351.8
1416540 1351.5
1416550 1348.9
1416560 1345.5
1416570 1345.5
1416580 1347.3
1416590 1346.1
1416600 1346.1
1416610 1343.5
1416620 1340.8
1416630 1340.8
1416640 1338.0
1416650 1335.5
1416660 1335.5
1416670 1333.6
1416680 1331.8
1416690 1331.8
1416700 1328.9
1416710 1323.1
1416720 1323.1
1416730 1316.0
1416740 1313.8
1416750 1312.9
1416760 1312.9
1416770 1309.4
1416780 1301.3
1416790 1301.3
1416800 1295.8
1416810 1291.5
1416820 1291.5
1416830 1286.2
1416840 1281.5
1416850 1281.5
1416860 1276.6
1416870 1269.9
1416880 1269.9
1416890 1263.2
1416900 1258.4
1416910 1254.6
1416920 1254.6
1416930 1250.1
1416940 1245.5
1416950 1245.5
1416960 1239.9
1416970 1234.2
1416980 1234.2
1416990 1231.9
1417000 1229.8
1417010 1229.8
1417020 1227.4
1417030 1223.5
1417040 1223.5
1417050 1218.8
1417060 1213.4
1417070 1213.4
1417080 1207.3
1417090 1200.5
1417100 1192.4
1417110 1192.4
1417120 1183.2
1417130 1174.2
1417140 1174.2
1417150 1169.4
1417160 1166.3
1417170 1166.3
1417180 1161.5
1417190 1156.0
1417200 1156.0
1417210 1151.5
1417220 1147.3
1417230 1147.3
1417240 1143.8
1417250 1143.6
1417260 1143.6
1417270 1141.9
1417280 1140.1
1417290 1137.6
1417300 1137.6
1417310 1135.2
1417320 1133.3
1417330 1133.3
1417340 1131.6
1417350 1130.5
1417360 1130.5
1417370 1128.9
1417380 1126.5
1417390 1126.5
1417400 1124.6
1417410 1122.5
1417420 1122.5
1417430 1120.3
1417440 1118.0
1417450 1115.5
1417460 1115.5
1417470 1112.3
1417480 1109.3
1417490 1109.3
1417500 1106.9
1417510 1104.9
1417520 1104.9
1417530 1102.7
1417540 1100.5
1417550 1100.5
1417560 1097.9
1417570 1095.2
1417580 1095.2
1417590 1093.1
1417600 1091.4
1417610 1091.4
1417620 1090.6
1417630 1088.4
1417640 1086.7
1417650 1086.7
1417660 1084.2
1417670 1082.3
1417680 1082.3
1417690 1080.2
1417700 1078.5
1417710 1078.5
1417720 1076.5
1417730 1074.5
1417740 1074.5
1417750 1072.8
1417760 1070.9
1417770 1070.9
1417780 1068.3
1417790 1065.8
1417800 1065.8
1417810 1064.2
1417820 1062.5
1417830 1060.5
1417840 1060.5
1417850 1058.3
1417860 1056.3
1417870 1056.3
1417880 1054.7
1417890 1052.9
1417900 1052.9
1417910 1050.8
1417920 1048.8
1417930 1048.8
1417940 1047.0
1417950 1045.4
1417960 1045.4
1417970 1044.0
1417980 1042.6
1417990 1041.1
1418000 1041.1
1418010 1039.4
1418020 1038.0
1418030 1038.0
1418040 1036.6
1418050 1035.4
1418060 1035.4
1418070 1034.2
1418080 1032.5
1418090 1032.5
1418100 1030.6
1418110 1029.1
1418120 1029.1
1418130 1027.6
1418140 1026.0
1418150 1026.0
1418160 1024.6
1418170 1023.2
1418180 1021.7
1418190 1021.7
1418200 1020.3
1418210 1019.0
1418220 1019.0
1418230 1017.3
1418240 1015.8
1418250 1015.8
1418260 1014.7
1418270 1013.7
1418280 1013.7
1418290 1012.8
1418300 1011.4
1418310 1011.4
1418320 1009.5
1418330 1007.4
1418340 1007.4
1418350 1005.2
1418360 1003.1
1418370 1000.8
1418380 1000.8
1418390 998.7
1418400 996.6
1418410 996.6
1418420 994.8
1418430 993.2
1418440 993.2
1418450 991.6
1418460 990.2
1418470 990.2
1418480 989.1
1418490 988.1
1418500 988.1
1418510 987.4
1418520 987.7
1418530 987.4
1418540 987.4
1418550 985.6
1418560 983.0
1418570 983.0
1418580 980.4
1418590 976.8
1418600 976.8
1418610 972.6
1418620 968.7
1418630 968.7
1418640 964.7
1418650 960.5
1418660 960.5
1418670 956.0
1418680 951.0
1418690 951.0
1418700 945.7
1418710 940.5
1418720 936.2
1418730 936.2
1418740 934.1
1418750 932.7
1418760 932.7
1418770 930.5
1418780 928.7
1418790 928.7
1418800 927.5
1418810 925.7
1418820 925.7
1418830 924.2
1418840 922.4
1418850 922.4
1418860 920.3
1418870 917.9
1418880 917.9
1418890 915.3
1418900 912.3
1418910 909.5
1418920 909.5
1418930 905.7
1418940 904.6
1418950 904.6
1418960 903.3
1418970 900.8
1418980 900.8
1418990 897.8
1419000 896.3
1419010 896.3
1419020 894.5
1419030 891.9
1419040 891.9
1419050 889.5
1419060 887.1
1419070 883.8
1419080 883.8
1419090 880.7
1419100 877.9
1419110 877.9
1419120 875.7
1419130 873.5
1419140 873.5
1419150 870.9
1419160 869.1
1419170 869.1
1419180 868.0
1419190 867.0
1419200 867.0
1419210 866.1
1419220 866.2
1419230 866.2
1419240 866.5
1419250 866.3
1419260 864.6
1419270 864.6
1419280 862.6
1419290 860.3
1419300 860.3
1419310 857.7
1419320 852.5
1419330 852.5
1419340 847.3
1419350 842.3
1419360 842.3
1419370 837.7
1419380 832.3
1419390 832.3
1419400 828.0
1419410 824.4
1419420 824.4
1419430 820.7
1419440 817.2
1419450 815.1
1419460 815.1
1419470 812.4
1419480 810.5
1419490 810.5
1419500 809.8
1419510 809.7
1419520 809.7
1419530 808.7
1419540 805.5
1419550 806.4
1419560 800.9
1419570 793.4
1419580 793.4
1419590 787.8
1419600 782.7
1419610 776.5
1419620 776.5
1419630 770.0
1419640 763.3
1419650 763.3
1419660 756.5
1419670 750.6
1419680 750.6
1419690 746.7
1419700 747.0
1419710 747.0
1419720 745.4
1419730 741.1
1419740 741.1
1419750 737.1
1419760 732.7
1419770 732.7
1419780 729.0
1419790 724.7
1419800 719.4
1419810 719.4
1419820 715.6
1419830 711.8
1419840 711.8
1419850 708.0
1419860 704.6
1419870 704.6
1419880 701.1
1419890 698.5
1419900 698.5
1419910 694.4
1419920 690.4
1419930 690.4
1419940 686.1
1419950 682.6
1419960 682.6
1419970 681.2
1419980 680.2
1419990 679.9
