1400000 2350.2
1400010 2352.1
1400020 2352.1
1400030 2352.8
1400040 2352.4
1400050 2351.1
1400060 2351.1
1400070 2350.8
1400080 2349.7
1400090 2349.7
1400100 2348.6
1400110 2351.4
1400120 2351.4
1400130 2353.3
1400140 2354.6
1400150 2354.6
1400160 2355.2
1400170 2357.0
1400180 2357.0
1400190 2361.8
1400200 2367.9
1400210 2367.9
1400220 2374.7
1400230 2383.2
1400240 2392.1
1400250 2392.1
1400260 2399.5
1400270 2405.1
1400280 2405.1
1400290 2412.6
1400300 2420.3
1400310 2420.3
1400320 2423.6
1400330 2423.2
1400340 2423.2
1400350 2422.9
1400360 2423.5
1400370 2423.5
1400380 2423.5
1400390 2423.9
1400400 2423.9
1400410 2424.2
1400420 2423.2
1400430 2421.3
1400440 2421.3
1400450 2419.4
1400460 2417.7
1400470 2417.7
1400480 2416.6
1400490 2415.3
1400500 2415.3
1400510 2413.6
1400520 2411.8
1400530 2411.8
1400540 2411.0
1400550 2410.8
1400560 2410.8
1400570 2412.0
1400580 2412.4
1400590 2412.3
1400600 2412.3
1400610 2413.8
1400620 2415.3
1400630 2415.3
1400640 2416.7
1400650 2419.9
1400660 2419.9
1400670 2425.2
1400680 2428.1
1400690 2428.1
1400700 2427.3
1400710 2426.6
1400720 2426.6
1400730 2427.3
1400740 2427.7
1400750 2427.7
1400760 2426.7
1400770 2426.1
1400780 2425.4
1400790 2425.4
1400800 2424.9
1400810 2424.9
1400820 2424.9
1400830 2425.2
1400840 2425.6
1400850 2425.6
1400860 2426.8
1400870 2428.2
1400880 2428.2
1400890 2430.7
1400900 2432.6
1400910 2432.6
1400920 2432.7
1400930 2431.2
1400940 2431.2
1400950 2429.9
1400960 2430.3
1400970 2431.8
1400980 2431.8
1400990 2432.9
1401000 2433.1
1401010 2433.1
1401020 2433.4
1401030 2435.7
1401040 2435.7
1401050 2438.3
1401060 2440.5
1401070 2440.5
1401080 2442.2
1401090 2442.7
1401100 2442.7
1401110 2442.1
1401120 2442.0
1401130 2442.2
1401140 2442.2
1401150 2441.4
1401160 2440.4
1401170 2440.4
1401180 2440.3
1401190 2440.1
1401200 2440.1
1401210 2439.6
1401220 2438.8
1401230 2438.8
1401240 2435.4
1401250 2434.5
1401260 2434.5
1401270 2433.2
1401280 2432.3
1401290 2432.3
1401300 2432.0
1401310 2431.9
1401320 2432.4
1401330 2432.4
1401340 2433.6
1401350 2433.7
1401360 2433.7
1401370 2432.9
1401380 2431.2
1401390 2431.2
1401400 2429.0
1401410 2426.8
1401420 2426.8
1401430 2424.3
1401440 2421.2
1401450 2421.2
1401460 2418.0
1401470 2414.8
1401480 2414.8
1401490 2411.8
1401500 2409.9
1401510 2408.5
1401520 2408.5
1401530 2407.1
1401540 2405.8
1401550 2405.8
1401560 2404.6
1401570 2402.9
1401580 2402.9
1401590 2400.9
1401600 2398.7
1401610 2398.7
1401620 2396.2
1401630 2393.1
1401640 2393.1
1401650 2390.2
1401660 2387.9
1401670 2387.9
1401680 2386.0
1401690 2383.5
1401700 2380.9
1401710 2380.9
1401720 2378.8
1401730 2378.0
1401740 2378.0
1401750 2377.3
1401760 2376.6
1401770 2376.6
1401780 2375.8
1401790 2374.8
1401800 2374.8
1401810 2373.6
1401820 2371.1
1401830 2371.1
1401840 2368.2
1401850 2365.1
1401860 2361.3
1401870 2361.3
1401880 2357.9
1401890 2355.0
1401900 2355.0
1401910 2352.1
1401920 2348.8
1401930 2348.8
1401940 2344.6
1401950 2339.6
1401960 2339.6
1401970 2334.8
1401980 2331.7
1401990 2331.7
1402000 2330.2
1402010 2328.8
1402020 2328.8
1402030 2327.2
1402040 2325.9
1402050 2323.3
1402060 2323.3
1402070 2319.6
1402080 2315.2
1402090 2315.2
1402100 2311.0
1402110 2307.7
1402120 2307.7
1402130 2304.9
1402140 2303.2
1402150 2303.2
1402160 2301.5
1402170 2299.5
1402180 2299.5
1402190 2297.3
1402200 2295.3
1402210 2295.3
1402220 2293.8
1402230 2294.1
1402240 2294.3
1402250 2294.3
1402260 2294.8
1402270 2295.1
1402280 2295.1
1402290 2294.8
1402300 2293.4
1402310 2293.4
1402320 2291.1
1402330 2289.3
1402340 2289.3
1402350 2287.4
1402360 2285.3
1402370 2285.3
1402380 2282.8
1402390 2280.0
1402400 2277.6
1402410 2277.6
1402420 2275.1
1402430 2272.8
1402440 2272.8
1402450 2270.5
1402460 2268.5
1402470 2268.5
1402480 2265.9
1402490 2262.1
1402500 2262.1
1402510 2257.3
1402520 2253.3
1402530 2253.3
1402540 2250.8
1402550 2248.5
1402560 2248.5
1402570 2245.3
1402580 2241.9
1402590 2238.3
1402600 2238.3
1402610 2234.9
1402620 2231.9
1402630 2231.9
1402640 2228.7
1402650 2225.2
1402660 2225.2
1402670 2222.2
1402680 2220.5
1402690 2220.5
1402700 2218.4
1402710 2215.4
1402720 2215.4
1402730 2211.6
1402740 2207.3
1402750 2207.3
1402760 2203.3
1402770 2199.4
1402780 2193.0
1402790 2193.0
1402800 2188.2
1402810 2183.9
1402820 2183.9
1402830 2180.3
1402840 2176.2
1402850 2176.2
1402860 2172.0
1402870 2167.6
1402880 2167.6
1402890 2163.0
1402900 2158.3
1402910 2158.3
1402920 2153.2
1402930 2147.7
1402940 2147.7
1402950 2141.6
1402960 2135.4
1402970 2129.5
1402980 2129.5
1402990 2124.0
1403000 2118.7
1403010 2118.7
1403020 2112.8
1403030 2106.7
1403040 2106.7
1403050 2100.2
1403060 2093.4
1403070 2093.4
1403080 2086.8
1403090 2082.5
1403100 2082.5
1403110 2079.1
1403120 2074.5
1403130 2070.3
1403140 2070.3
1403150 2065.5
1403160 2061.3
1403170 2061.3
1403180 2058.1
1403190 2054.6
1403200 2054.6
1403210 2050.7
1403220 2047.4
1403230 2047.4
1403240 2044.2
1403250 2040.5
1403260 2040.5
1403270 2036.5
1403280 2032.6
1403290 2032.6
1403300 2028.4
1403310 2023.4
1403320 2018.0
1403330 2018.0
1403340 2012.6
1403350 2006.3
1403360 2006.3
1403370 2000.2
1403380 1995.2
1403390 1995.2
1403400 1990.0
1403410 1984.4
1403420 1984.4
1403430 1977.7
1403440 1970.3
1403450 1970.3
1403460 1964.3
1403470 1958.2
1403480 1958.2
1403490 1952.1
1403500 1947.1
1403510 1943.2
1403520 1943.2
1403530 1939.6
1403540 1936.4
1403550 1936.4
1403560 1933.0
1403570 1928.7
1403580 1928.7
1403590 1923.0
1403600 1917.3
1403610 1917.3
1403620 1912.0
1403630 1907.7
1403640 1907.7
1403650 1904.1
1403660 1899.2
1403670 1892.4
1403680 1892.4
1403690 1886.5
1403700 1880.7
1403710 1880.7
1403720 1876.0
1403730 1874.6
1403740 1874.6
1403750 1874.8
1403760 1875.2
1403770 1875.2
1403780 1875.3
1403790 1875.7
1403800 1875.7
1403810 1877.4
1403820 1881.2
1403830 1881.2
1403840 1884.2
1403850 1887.8
1403860 1894.6
1403870 1894.6
1403880 1900.0
1403890 1904.9
1403900 1904.9
1403910 1908.2
1403920 1910.3
1403930 1910.3
1403940 1912.1
1403950 1914.6
1403960 1914.6
1403970 1917.9
1403980 1922.1
1403990 1922.1
1404000 1926.9
1404010 1931.7
1404020 1931.7
1404030 1935.9
1404040 1939.0
1404050 1942.3
1404060 1942.3
1404070 1946.3
1404080 1951.9
1404090 1951.9
1404100 1958.6
1404110 1965.4
1404120 1965.4
1404130 1972.0
1404140 1978.8
1404150 1978.8
1404160 1988.3
1404170 1996.9
1404180 1996.9
1404190 2003.1
1404200 2008.1
1404210 2008.1
1404220 2013.1
1404230 2017.8
1404240 2024.0
1404250 2024.0
1404260 2029.2
1404270 2030.3
1404280 2030.3
1404290 2030.7
1404300 2031.8
1404310 2031.8
1404320 2032.9
1404330 2035.5
1404340 2031.9
1404350 2039.5
1404360 2048.4
1404370 2048.4
1404380 2059.3
1404390 2071.8
1404400 2080.7
1404410 2080.7
1404420 2085.3
1404430 2090.2
1404440 2090.2
1404450 2095.9
1404460 2102.1
1404470 2102.1
1404480 2107.7
1404490 2113.2
1404500 2113.2
1404510 2120.6
1404520 2128.2
1404530 2128.2
1404540 2135.4
1404550 2141.5
1404560 2141.5
1404570 2146.6
1404580 2152.2
1404590 2155.4
1404600 2155.4
1404610 2158.5
1404620 2162.6
1404630 2162.6
1404640 2168.0
1404650 2173.0
1404660 2173.0
1404670 2178.7
1404680 2184.5
1404690 2184.5
1404700 2188.9
1404710 2193.4
1404720 2193.4
1404730 2199.9
1404740 2206.7
1404750 2206.7
1404760 2213.5
1404770 2220.4
1404780 2226.8
1404790 2226.8
1404800 2233.1
1404810 2238.5
1404820 2238.5
1404830 2243.5
1404840 2247.8
1404850 2247.8
1404860 2252.5
1404870 2258.0
1404880 2258.0
1404890 2263.4
1404900 2268.0
1404910 2268.0
1404920 2272.8
1404930 2277.8
1404940 2282.6
1404950 2282.6
1404960 2286.6
1404970 2290.2
1404980 2290.2
1404990 2294.7
1405000 2300.8
1405010 2300.8
1405020 2306.1
1405030 2305.5
1405040 2305.5
1405050 2304.2
1405060 2303.1
1405070 2303.1
1405080 2302.1
1405090 2304.5
1405100 2304.5
1405110 2307.2
1405120 2308.8
1405130 2311.1
1405140 2311.1
1405150 2313.7
1405160 2314.7
1405170 2314.7
1405180 2314.2
1405190 2313.7
1405200 2313.7
1405210 2313.4
1405220 2311.6
1405230 2311.6
1405240 2311.4
1405250 2311.2
1405260 2311.2
1405270 2311.1
1405280 2311.2
1405290 2311.2
1405300 2311.2
1405310 2311.3
1405320 2312.2
1405330 2312.2
1405340 2313.0
1405350 2313.4
1405360 2313.4
1405370 2313.2
1405380 2311.4
1405390 2311.4
1405400 2309.7
1405410 2308.7
1405420 2308.7
1405430 2308.0
1405440 2307.5
1405450 2307.5
1405460 2306.4
1405470 2304.7
1405480 2302.3
1405490 2302.3
1405500 2299.5
1405510 2295.9
1405520 2295.9
1405530 2293.2
1405540 2292.8
1405550 2292.8
1405560 2292.0
1405570 2289.9
1405580 2289.9
1405590 2288.0
1405600 2286.7
1405610 2286.7
1405620 2285.2
1405630 2282.6
1405640 2282.6
1405650 2279.4
1405660 2275.2
1405670 2271.4
1405680 2271.4
1405690 2268.1
1405700 2265.3
1405710 2265.3
1405720 2262.2
1405730 2259.6
1405740 2259.6
1405750 2257.0
1405760 2253.6
1405770 2253.6
1405780 2249.6
1405790 2245.4
1405800 2245.4
1405810 2241.3
1405820 2237.2
1405830 2237.2
1405840 2232.6
1405850 2227.0
1405860 2221.3
1405870 2221.3
1405880 2215.9
1405890 2211.0
1405900 2211.0
1405910 2206.8
1405920 2204.9
1405930 2202.1
1405940 2202.3
1405950 2202.9
1405960 2202.9
1405970 2203.9
1405980 2204.0
1405990 2204.0
1406000 2202.0
1406010 2200.4
1406020 2200.4
1406030 2198.1
1406040 2194.0
1406050 2189.1
1406060 2189.1
1406070 2187.3
1406080 2189.9
1406090 2189.9
1406100 2197.7
1406110 2205.2
1406120 2205.2
1406130 2210.9
1406140 2215.0
1406150 2215.0
1406160 2218.7
1406170 2223.1
1406180 2223.1
1406190 2227.4
1406200 2231.2
1406210 2234.0
1406220 2234.0
1406230 2237.7
1406240 2242.0
1406250 2242.0
1406260 2247.6
1406270 2251.4
1406280 2251.4
1406290 2254.3
1406300 2258.5
1406310 2258.5
1406320 2262.2
1406330 2265.8
1406340 2265.8
1406350 2269.8
1406360 2273.1
1406370 2273.1
1406380 2276.5
1406390 2281.0
1406400 2285.6
1406410 2285.6
1406420 2289.5
1406430 2294.4
1406440 2294.4
1406450 2300.9
1406460 2308.3
1406470 2308.3
1406480 2315.9
1406490 2323.0
1406500 2323.0
1406510 2329.4
1406520 2336.1
1406530 2336.1
1406540 2346.4
1406550 2356.8
1406560 2356.8
1406570 2364.8
1406580 2373.2
1406590 2381.6
1406600 2381.6
1406610 2390.1
1406620 2398.8
1406630 2398.8
1406640 2408.9
1406650 2420.7
1406660 2420.7
1406670 2435.6
1406680 2446.2
1406690 2446.2
1406700 2453.5
1406710 2459.9
1406720 2459.9
1406730 2464.7
1406740 2471.0
1406750 2473.7
1406760 2473.7
1406770 2472.0
1406780 2470.4
1406790 2470.4
1406800 2467.4
1406810 2464.6
1406820 2464.6
1406830 2461.5
1406840 2456.9
1406850 2456.9
1406860 2451.7
1406870 2447.6
1406880 2447.6
1406890 2443.5
1406900 2439.5
1406910 2439.5
1406920 2436.2
1406930 2433.7
1406940 2431.0
1406950 2431.0
1406960 2427.8
1406970 2423.4
1406980 2423.4
1406990 2419.2
1407000 2414.4
1407010 2414.4
1407020 2409.3
1407030 2402.7
1407040 2402.7
1407050 2395.9
1407060 2388.7
1407070 2388.7
1407080 2381.7
1407090 2376.8
1407100 2376.8
1407110 2374.6
1407120 2374.9
1407130 2375.8
1407140 2375.8
1407150 2376.7
1407160 2376.4
1407170 2376.4
1407180 2376.1
1407190 2376.2
1407200 2376.2
1407210 2376.8
1407220 2376.4
1407230 2376.4
1407240 2375.3
1407250 2373.2
1407260 2373.2
1407270 2371.0
1407280 2368.4
1407290 2364.8
1407300 2364.8
1407310 2362.2
1407320 2360.8
1407330 2360.8
1407340 2358.8
1407350 2354.8
1407360 2354.8
1407370 2349.1
1407380 2342.2
1407390 2342.2
1407400 2335.5
1407410 2330.3
1407420 2330.3
1407430 2326.7
1407440 2324.0
1407450 2324.0
1407460 2322.5
1407470 2322.7
1407480 2322.9
1407490 2322.9
1407500 2323.8
1407510 2324.3
1407520 2324.3
1407530 2324.7
1407540 2325.4
1407550 2322.0
1407560 2323.5
1407570 2325.2
1407580 2325.2
1407590 2328.2
1407600 2331.8
1407610 2331.8
1407620 2335.7
1407630 2341.2
1407640 2341.2
1407650 2345.9
1407660 2349.3
1407670 2352.9
1407680 2352.9
1407690 2356.5
1407700 2360.9
1407710 2360.9
1407720 2366.3
1407730 2372.5
1407740 2372.5
1407750 2380.0
1407760 2393.6
1407770 2393.6
1407780 2407.3
1407790 2417.5
1407800 2417.5
1407810 2420.4
1407820 2422.1
1407830 2422.1
1407840 2429.4
1407850 2436.3
1407860 2439.6
1407870 2439.6
1407880 2441.4
1407890 2444.7
1407900 2444.7
1407910 2448.9
1407920 2454.5
1407930 2454.5
1407940 2459.6
1407950 2463.8
1407960 2463.8
1407970 2467.5
1407980 2470.7
1407990 2470.7
1408000 2473.6
1408010 2471.6
1408020 2467.3
1408030 2467.3
1408040 2463.1
1408050 2457.7
1408060 2457.7
1408070 2452.3
1408080 2447.4
1408090 2447.4
1408100 2442.8
1408110 2439.2
1408120 2439.2
1408130 2432.9
1408140 2425.6
1408150 2425.6
1408160 2421.2
1408170 2417.9
1408180 2417.9
1408190 2414.1
1408200 2413.0
1408210 2411.6
1408220 2411.6
1408230 2408.7
1408240 2405.6
1408250 2405.6
1408260 2401.9
1408270 2399.0
1408280 2399.0
1408290 2394.5
1408300 2388.2
1408310 2388.2
1408320 2381.1
1408330 2374.0
1408340 2374.0
1408350 2368.3
1408360 2363.8
1408370 2363.8
1408380 2361.7
1408390 2359.4
1408400 2356.9
1408410 2356.9
1408420 2353.5
1408430 2349.9
1408440 2349.9
1408450 2346.9
1408460 2341.9
1408470 2341.9
1408480 2335.0
1408490 2327.7
1408500 2327.7
1408510 2320.7
1408520 2315.1
1408530 2315.1
1408540 2309.2
1408550 2302.3
1408560 2294.8
1408570 2294.8
1408580 2287.7
1408590 2281.1
1408600 2281.1
1408610 2274.6
1408620 2267.6
1408630 2267.6
1408640 2260.6
1408650 2254.3
1408660 2254.3
1408670 2248.7
1408680 2243.0
1408690 2243.0
1408700 2237.0
1408710 2230.9
1408720 2230.9
1408730 2225.1
1408740 2219.3
1408750 2213.5
1408760 2213.5
1408770 2208.5
1408780 2203.9
1408790 2203.9
1408800 2199.4
1408810 2195.1
1408820 2195.1
1408830 2191.1
1408840 2187.4
1408850 2187.4
1408860 2183.5
1408870 2179.5
1408880 2179.5
1408890 2177.0
1408900 2178.3
1408910 2178.3
1408920 2178.9
1408930 2176.9
1408940 2175.7
1408950 2175.7
1408960 2173.7
1408970 2171.9
1408980 2171.9
1408990 2170.7
1409000 2170.5
1409010 2170.5
1409020 2170.9
1409030 2170.7
1409040 2170.7
1409050 2170.7
1409060 2170.7
1409070 2170.7
1409080 2171.0
1409090 2170.4
1409100 2169.1
1409110 2169.1
1409120 2167.4
1409130 2164.6
1409140 2164.6
1409150 2160.4
1409160 2157.5
1409170 2157.5
1409180 2156.8
1409190 2156.4
1409200 2159.5
1409210 2158.0
1409220 2155.7
1409230 2155.7
1409240 2153.6
1409250 2151.0
1409260 2151.0
1409270 2147.4
1409280 2144.1
1409290 2140.7
1409300 2140.7
1409310 2137.6
1409320 2133.9
1409330 2133.9
1409340 2129.6
1409350 2126.1
1409360 2126.1
1409370 2121.7
1409380 2116.4
1409390 2116.4
1409400 2112.0
1409410 2107.5
1409420 2107.5
1409430 2103.0
1409440 2098.5
1409450 2098.5
1409460 2094.5
1409470 2089.8
1409480 2084.6
1409490 2084.6
1409500 2079.4
1409510 2073.7
1409520 2073.7
1409530 2067.4
1409540 2061.7
1409550 2061.7
1409560 2056.2
1409570 2049.6
1409580 2049.6
1409590 2043.2
1409600 2036.1
1409610 2036.1
1409620 2027.6
1409630 2019.4
1409640 2019.4
1409650 2013.9
1409660 2007.4
1409670 2002.3
1409680 2002.3
1409690 1998.5
1409700 1994.2
1409710 1994.2
1409720 1989.2
1409730 1983.8
1409740 1983.8
1409750 1978.4
1409760 1973.9
1409770 1973.9
1409780 1969.6
1409790 1965.9
1409800 1965.9
1409810 1962.4
1409820 1958.3
1409830 1953.3
1409840 1953.3
1409850 1947.5
1409860 1941.3
1409870 1941.3
1409880 1934.9
1409890 1929.6
1409900 1929.6
1409910 1924.3
1409920 1918.7
1409930 1918.7
1409940 1912.2
1409950 1905.8
1409960 1905.8
1409970 1900.0
1409980 1893.5
1409990 1893.5
1410000 1888.3
1410010 1883.9
1410020 1879.6
1410030 1879.6
1410040 1876.0
1410050 1872.8
1410060 1872.8
1410070 1869.0
1410080 1865.3
1410090 1865.3
1410100 1860.7
1410110 1857.8
1410120 1857.8
1410130 1853.1
1410140 1847.1
1410150 1847.1
1410160 1844.1
1410170 1842.0
1410180 1842.0
1410190 1839.9
1410200 1836.9
1410210 1834.3
1410220 1834.3
1410230 1830.5
1410240 1825.4
1410250 1825.4
1410260 1821.2
1410270 1816.5
1410280 1816.5
1410290 1811.5
1410300 1806.8
1410310 1806.8
1410320 1801.9
1410330 1796.5
1410340 1796.5
1410350 1791.8
1410360 1786.6
1410370 1781.2
1410380 1781.2
1410390 1776.3
1410400 1772.9
1410410 1772.9
1410420 1771.0
1410430 1769.3
1410440 1769.3
1410450 1768.2
1410460 1767.0
1410470 1767.0
1410480 1761.9
1410490 1756.9
1410500 1756.9
1410510 1751.9
1410520 1746.7
1410530 1746.7
1410540 1740.8
1410550 1734.6
1410560 1728.0
1410570 1728.0
1410580 1723.2
1410590 1718.1
1410600 1718.1
1410610 1712.8
1410620 1706.4
1410630 1706.4
1410640 1700.0
1410650 1693.5
1410660 1693.5
1410670 1685.5
1410680 1677.2
1410690 1677.2
1410700 1670.0
1410710 1665.1
1410720 1665.1
1410730 1658.3
1410740 1650.7
1410750 1642.6
1410760 1642.6
1410770 1635.2
1410780 1628.8
1410790 1628.8
1410800 1623.7
1410810 1618.5
1410820 1618.5
1410830 1613.4
1410840 1607.9
1410850 1607.9
1410860 1601.5
1410870 1595.9
1410880 1595.9
1410890 1592.1
1410900 1588.1
1410910 1583.5
1410920 1583.5
1410930 1579.2
1410940 1573.1
1410950 1573.1
1410960 1567.4
1410970 1562.8
1410980 1562.8
1410990 1558.5
1411000 1552.4
1411010 1552.4
1411020 1543.4
1411030 1536.0
1411040 1536.0
1411050 1533.6
1411060 1532.6
1411070 1532.6
1411080 1534.7
1411090 1538.4
1411100 1538.6
1411110 1538.6
1411120 1536.2
1411130 1535.2
1411140 1535.2
1411150 1535.0
1411160 1531.3
1411170 1531.3
1411180 1528.4
1411190 1528.5
1411200 1528.5
1411210 1528.6
1411220 1528.4
1411230 1528.4
1411240 1526.3
1411250 1526.6
1411260 1526.6
1411270 1527.4
1411280 1527.7
1411290 1527.1
1411300 1527.1
1411310 1526.9
1411320 1525.5
1411330 1525.5
1411340 1525.4
1411350 1527.3
1411360 1527.3
1411370 1528.0
1411380 1528.8
1411390 1528.8
1411400 1528.8
1411410 1529.6
1411420 1529.6
1411430 1533.4
1411440 1533.8
1411450 1533.8
1411460 1530.3
1411470 1525.9
1411480 1522.9
1411490 1522.9
1411500 1521.5
1411510 1521.8
1411520 1521.8
1411530 1522.7
1411540 1522.7
1411550 1522.7
1411560 1522.4
1411570 1521.2
1411580 1521.2
1411590 1518.6
1411600 1516.2
1411610 1516.2
1411620 1514.5
1411630 1512.3
1411640 1509.3
1411650 1509.3
1411660 1506.0
1411670 1503.5
1411680 1503.5
1411690 1501.4
1411700 1499.7
1411710 1499.7
1411720 1497.8
1411730 1495.7
1411740 1495.7
1411750 1493.3
1411760 1490.3
1411770 1490.3
1411780 1488.3
1411790 1486.4
1411800 1486.4
1411810 1484.2
1411820 1481.4
1411830 1479.2
1411840 1479.2
1411850 1477.1
1411860 1474.8
1411870 1474.8
1411880 1471.5
1411890 1468.6
1411900 1468.6
1411910 1465.7
1411920 1462.7
1411930 1462.7
1411940 1460.2
1411950 1457.5
1411960 1457.5
1411970 1454.0
1411980 1450.1
1411990 1450.1
1412000 1446.1
1412010 1442.5
1412020 1439.6
1412030 1439.6
1412040 1436.6
1412050 1432.9
1412060 1432.9
1412070 1429.4
1412080 1425.4
1412090 1425.4
1412100 1421.4
1412110 1417.2
1412120 1417.2
1412130 1413.1
1412140 1408.7
1412150 1408.7
1412160 1403.9
1412170 1400.3
1412180 1396.6
1412190 1396.6
1412200 1392.5
1412210 1388.4
1412220 1388.4
1412230 1384.0
1412240 1378.8
1412250 1378.8
1412260 1374.3
1412270 1370.7
1412280 1370.7
1412290 1366.5
1412300 1362.8
1412310 1362.8
1412320 1359.5
1412330 1356.4
1412340 1356.4
1412350 1352.6
1412360 1348.2
1412370 1343.6
1412380 1343.6
1412390 1338.8
1412400 1333.9
1412410 1333.9
1412420 1329.2
1412430 1324.8
1412440 1324.8
1412450 1320.2
1412460 1314.4
1412470 1314.4
1412480 1308.0
1412490 1302.2
1412500 1302.2
1412510 1295.3
1412520 1291.8
1412530 1291.8
1412540 1290.1
1412550 1286.8
1412560 1286.0
1412570 1286.0
1412580 1284.3
1412590 1281.9
1412600 1281.9
1412610 1282.1
1412620 1287.9
1412630 1287.9
1412640 1286.0
1412650 1280.3
1412660 1280.3
1412670 1273.6
1412680 1267.0
1412690 1267.0
1412700 1262.0
1412710 1260.6
1412720 1260.1
1412730 1260.1
1412740 1260.0
1412750 1256.6
1412760 1256.6
1412770 1249.6
1412780 1242.5
1412790 1242.5
1412800 1235.7
1412810 1230.0
1412820 1230.0
1412830 1226.0
1412840 1233.1
1412850 1233.1
1412860 1244.3
1412870 1241.1
1412880 1241.1
1412890 1237.5
1412900 1234.1
1412910 1228.4
1412920 1228.4
1412930 1222.4
1412940 1218.7
1412950 1218.7
1412960 1220.9
1412970 1225.5
1412980 1225.5
1412990 1229.1
1413000 1230.6
1413010 1230.6
1413020 1230.8
1413030 1232.5
1413040 1232.5
1413050 1232.5
1413060 1228.9
1413070 1228.9
1413080 1223.1
1413090 1215.2
1413100 1206.2
1413110 1206.2
1413120 1201.5
1413130 1203.6
1413140 1203.6
1413150 1207.1
1413160 1211.1
1413170 1211.1
1413180 1215.2
1413190 1219.5
1413200 1219.5
1413210 1220.7
1413220 1218.6
1413230 1218.6
1413240 1213.3
1413250 1208.6
1413260 1208.6
1413270 1208.9
1413280 1210.6
1413290 1211.2
1413300 1211.2
1413310 1210.2
1413320 1208.4
1413330 1208.4
1413340 1210.8
1413350 1214.1
1413360 1214.1
1413370 1216.3
1413380 1216.6
1413390 1216.6
1413400 1213.7
1413410 1209.8
1413420 1209.8
1413430 1206.6
1413440 1207.4
1413450 1208.7
1413460 1208.7
1413470 1212.6
1413480 1214.9
1413490 1214.9
1413500 1214.6
1413510 1216.0
1413520 1216.0
1413530 1216.2
1413540 1220.0
1413550 1220.0
1413560 1221.7
1413570 1221.3
1413580 1221.3
1413590 1222.4
1413600 1223.5
1413610 1223.5
1413620 1223.8
1413630 1221.2
1413640 1222.3
1413650 1222.3
1413660 1222.6
1413670 1222.3
1413680 1222.3
1413690 1222.5
1413700 1222.5
1413710 1222.5
1413720 1222.6
1413730 1222.3
1413740 1222.3
1413750 1221.9
1413760 1221.7
1413770 1221.7
1413780 1220.7
1413790 1220.1
1413800 1220.1
1413810 1220.7
1413820 1220.7
1413830 1221.1
1413840 1221.1
1413850 1221.6
1413860 1221.8
1413870 1221.8
1413880 1221.3
1413890 1220.8
1413900 1220.8
1413910 1219.8
1413920 1220.0
1413930 1220.0
1413940 1220.1
1413950 1219.8
1413960 1219.8
1413970 1219.5
1413980 1218.7
1413990 1216.7
1414000 1216.7
1414010 1214.2
1414020 1210.7
1414030 1210.7
1414040 1207.0
1414050 1202.3
1414060 1202.3
1414070 1200.4
1414080 1199.9
1414090 1199.9
1414100 1198.8
1414110 1198.3
1414120 1198.3
1414130 1197.1
1414140 1194.4
1414150 1194.4
1414160 1191.8
1414170 1189.6
1414180 1187.4
1414190 1187.4
1414200 1184.7
1414210 1181.6
1414220 1181.6
1414230 1179.1
1414240 1176.2
1414250 1176.2
1414260 1172.3
1414270 1168.1
1414280 1168.1
1414290 1163.7
1414300 1161.1
1414310 1161.1
1414320 1159.0
1414330 1156.7
1414340 1156.7
1414350 1156.6
1414360 1157.6
1414370 1156.1
1414380 1156.1
1414390 1160.2
1414400 1158.4
1414410 1158.4
1414420 1154.1
1414430 1148.2
1414440 1148.2
1414450 1145.5
1414460 1140.9
1414470 1140.9
1414480 1134.2
1414490 1129.5
1414500 1129.5
1414510 1127.1
1414520 1127.4
1414530 1127.3
1414540 1127.3
1414550 1128.5
1414560 1128.8
1414570 1128.8
1414580 1126.7
1414590 1124.7
1414600 1124.7
1414610 1121.0
1414620 1117.5
1414630 1117.5
1414640 1115.3
1414650 1114.6
1414660 1114.6
1414670 1115.1
1414680 1113.2
1414690 1113.2
1414700 1108.8
1414710 1102.3
1414720 1095.3
1414730 1095.3
1414740 1090.3
1414750 1084.7
1414760 1084.7
1414770 1079.0
1414780 1073.1
1414790 1073.1
1414800 1067.9
1414810 1062.7
1414820 1062.7
1414830 1056.4
1414840 1050.1
1414850 1050.1
1414860 1044.5
1414870 1041.4
1414880 1041.4
1414890 1039.8
1414900 1036.6
1414910 1031.5
1414920 1031.5
1414930 1027.4
1414940 1025.3
1414950 1025.3
1414960 1020.5
1414970 1014.7
1414980 1014.7
1414990 1012.4
1415000 1009.5
1415010 1009.5
1415020 1006.8
1415030 1002.5
1415040 1002.5
1415050 995.3
1415060 985.8
1415070 974.0
1415080 974.0
1415090 964.7
1415100 958.3
1415110 958.3
1415120 951.8
1415130 941.2
1415140 941.2
1415150 928.3
1415160 920.6
1415170 920.6
1415180 921.7
1415190 920.2
1415200 920.2
1415210 918.5
1415220 916.4
1415230 916.4
1415240 913.8
1415250 909.9
1415260 905.0
1415270 905.0
1415280 898.5
1415290 891.8
1415300 891.8
1415310 886.2
1415320 881.9
1415330 881.9
1415340 876.0
1415350 871.6
1415360 871.6
1415370 871.0
1415380 869.2
1415390 869.2
1415400 868.3
1415410 867.8
1415420 867.8
1415430 868.0
1415440 868.1
1415450 867.6
1415460 867.6
1415470 866.4
1415480 864.1
1415490 864.1
1415500 860.1
1415510 855.1
1415520 855.1
1415530 850.1
1415540 845.6
1415550 845.6
1415560 842.2
1415570 839.1
1415580 839.1
1415590 834.9
1415600 834.2
1415610 834.2
1415620 834.2
1415630 834.7
1415640 836.4
1415650 836.4
1415660 835.9
1415670 830.2
1415680 830.2
1415690 821.5
1415700 817.9
1415710 817.9
1415720 816.8
1415730 815.1
1415740 815.1
1415750 815.2
1415760 816.0
1415770 816.0
1415780 817.7
1415790 819.7
1415800 820.1
1415810 820.1
1415820 819.1
1415830 818.2
1415840 818.2
1415850 815.9
1415860 811.6
1415870 811.6
1415880 805.5
1415890 798.5
1415900 798.5
1415910 789.5
1415920 783.4
1415930 783.4
1415940 782.4
1415950 782.2
1415960 782.2
1415970 781.6
1415980 780.3
1415990 778.1
1416000 778.1
1416010 775.2
1416020 771.2
1416030 771.2
1416040 767.4
1416050 763.9
1416060 763.9
1416070 761.1
1416080 758.2
1416090 758.2
1416100 755.1
1416110 751.7
1416120 751.7
1416130 748.1
1416140 745.2
1416150 745.2
1416160 744.1
1416170 744.1
1416180 742.8
1416190 742.8
1416200 740.2
1416210 743.5
1416220 743.5
1416230 738.2
1416240 732.3
1416250 732.3
1416260 727.0
1416270 721.3
1416280 721.3
1416290 716.1
1416300 712.5
1416310 712.5
1416320 711.6
1416330 710.3
1416340 707.6
1416350 707.6
1416360 705.1
1416370 703.3
1416380 703.3
1416390 701.2
1416400 698.3
1416410 698.3
1416420 696.7
1416430 695.1
1416440 695.1
1416450 694.2
1416460 693.5
1416470 693.5
1416480 691.3
1416490 687.8
1416500 687.8
1416510 685.1
1416520 684.7
1416530 684.6
1416540 684.6
1416550 683.1
1416560 682.6
1416570 682.6
1416580 682.5
1416590 682.3
1416600 682.3
1416610 682.3
1416620 682.3
1416630 682.3
1416640 683.1
1416650 685.3
1416660 685.3
1416670 686.2
1416680 686.1
1416690 686.1
1416700 687.1
1416710 688.3
1416720 689.3
1416730 689.3
1416740 689.7
1416750 690.1
1416760 690.1
1416770 690.5
1416780 691.1
1416790 691.1
1416800 691.7
1416810 692.3
1416820 692.3
1416830 693.0
1416840 693.7
1416850 693.7
1416860 694.4
1416870 695.0
1416880 695.6
1416890 695.6
1416900 696.4
1416910 697.0
1416920 697.0
1416930 697.2
1416940 697.5
1416950 697.5
1416960 697.9
1416970 698.2
1416980 698.2
1416990 698.5
1417000 698.5
1417010 698.5
1417020 698.7
1417030 699.2
1417040 699.2
1417050 699.6
1417060 699.8
1417070 700.0
1417080 700.0
1417090 700.0
1417100 700.1
1417110 700.1
1417120 700.2
1417130 700.4
1417140 700.4
1417150 700.4
1417160 700.4
1417170 700.4
1417180 700.6
1417190 700.7
1417200 700.7
1417210 700.7
1417220 700.6
1417230 700.6
1417240 700.7
1417250 701.3
1417260 702.4
1417270 702.4
1417280 703.4
1417290 703.9
1417300 703.9
1417310 704.4
1417320 704.9
1417330 704.9
1417340 705.6
1417350 706.3
1417360 706.3
1417370 707.1
1417380 707.9
1417390 707.9
1417400 708.8
1417410 709.8
1417420 709.8
1417430 710.6
1417440 711.3
1417450 711.9
1417460 711.9
1417470 712.5
1417480 713.2
1417490 713.2
1417500 714.0
1417510 714.6
1417520 714.6
1417530 715.1
1417540 715.3
1417550 715.3
1417560 715.3
1417570 715.3
1417580 715.3
1417590 715.4
1417600 715.6
1417610 715.9
1417620 715.9
1417630 716.3
1417640 716.7
1417650 716.7
1417660 717.3
1417670 717.8
1417680 717.8
1417690 718.3
1417700 718.4
1417710 718.4
1417720 718.6
1417730 718.8
1417740 718.8
1417750 719.1
1417760 719.3
1417770 719.3
1417780 719.5
1417790 719.8
1417800 719.8
1417810 719.8
1417820 719.5
1417830 720.2
1417840 720.2
1417850 720.7
1417860 721.2
1417870 721.2
1417880 721.6
1417890 721.9
1417900 721.9
1417910 722.3
1417920 722.7
1417930 722.7
1417940 723.8
1417950 724.9
1417960 724.9
1417970 725.9
1417980 726.8
1417990 727.3
1418000 727.3
1418010 727.7
1418020 727.9
1418030 727.9
1418040 728.2
1418050 728.4
1418060 728.4
1418070 728.1
1418080 727.0
1418090 727.0
1418100 726.9
1418110 726.5
1418120 726.5
1418130 726.1
1418140 726.2
1418150 726.9
1418160 726.9
1418170 728.0
1418180 728.4
1418190 728.4
1418200 728.4
1418210 728.4
1418220 728.4
1418230 728.3
1418240 728.2
1418250 728.2
1418260 728.1
1418270 728.0
1418280 728.0
1418290 728.1
1418300 728.7
1418310 728.7
1418320 729.5
1418330 730.0
1418340 730.0
1418350 730.0
1418360 730.3
1418370 731.0
1418380 731.0
1418390 731.3
1418400 731.7
1418410 731.7
1418420 732.7
1418430 733.0
1418440 733.0
1418450 733.2
1418460 733.5
1418470 733.5
1418480 733.8
1418490 734.1
1418500 734.1
1418510 734.7
1418520 735.6
1418530 736.6
1418540 736.6
1418550 735.6
1418560 735.3
1418570 735.3
1418580 735.7
1418590 736.3
1418600 736.3
1418610 736.9
1418620 736.9
1418630 736.9
1418640 737.2
1418650 737.7
1418660 737.7
1418670 738.0
1418680 738.2
1418690 738.4
1418700 738.4
1418710 738.4
1418720 738.3
1418730 738.3
1418740 738.3
1418750 738.3
1418760 738.3
1418770 738.6
1418780 739.1
1418790 739.1
1418800 739.9
1418810 741.2
1418820 741.2
1418830 741.9
1418840 742.1
1418850 742.1
1418860 742.3
1418870 743.4
1418880 743.8
1418890 743.8
1418900 744.1
1418910 744.5
1418920 744.5
1418930 744.9
1418940 745.2
1418950 745.2
1418960 745.5
1418970 745.9
1418980 745.9
1418990 746.3
1419000 746.2
1419010 746.2
1419020 746.1
1419030 745.9
1419040 745.9
1419050 746.0
1419060 746.1
1419070 746.1
1419080 746.1
1419090 746.2
1419100 746.5
1419110 746.5
1419120 746.9
1419130 746.4
1419140 746.4
1419150 745.3
1419160 745.1
1419170 745.1
1419180 745.5
1419190 745.8
1419200 745.8
1419210 745.6
1419220 745.1
1419230 745.1
1419240 744.7
1419250 744.8
1419260 744.9
1419270 744.9
1419280 744.9
1419290 745.1
1419300 745.1
1419310 745.2
1419320 745.3
1419330 745.3
1419340 745.3
1419350 745.3
1419360 745.3
1419370 745.4
1419380 745.6
1419390 745.6
1419400 746.3
1419410 746.4
1419420 746.0
1419430 746.0
1419440 746.0
1419450 745.8
1419460 745.8
1419470 745.7
1419480 745.8
1419490 745.8
1419500 745.8
1419510 745.8
1419520 745.8
1419530 745.8
1419540 745.6
1419550 745.6
1419560 745.7
1419570 745.3
1419580 745.3
1419590 745.2
1419600 745.1
1419610 744.9
1419620 744.9
1419630 744.6
1419640 744.6
1419650 744.6
1419660 744.4
1419670 744.1
1419680 744.1
1419690 743.8
1419700 744.0
1419710 744.0
1419720 744.2
1419730 743.9
1419740 743.9
1419750 743.5
1419760 743.3
1419770 743.3
1419780 743.1
1419790 742.8
1419800 742.6
1419810 742.6
1419820 742.4
1419830 742.3
1419840 742.3
1419850 742.2
1419860 742.2
1419870 742.2
1419880 742.2
1419890 742.2
1419900 742.2
1419910 742.3
1419920 742.4
1419930 742.4
1419940 742.6
1419950 742.8
1419960 743.0
1419970 743.0
1419980 743.2
1419990 742.3
