1400000 2339.7
1400010 2342.2
1400020 2342.2
1400030 2346.6
1400040 2352.3
1400050 2352.3
1400060 2358.0
1400070 2362.7
1400080 2362.7
1400090 2365.3
1400100 2368.6
1400110 2368.6
1400120 2374.4
1400130 2380.3
1400140 2387.0
1400150 2387.0
1400160 2394.2
1400170 2402.1
1400180 2402.1
1400190 2413.6
1400200 2421.1
1400210 2421.1
1400220 2424.2
1400230 2426.0
1400240 2426.0
1400250 2428.4
1400260 2430.1
1400270 2430.1
1400280 2432.4
1400290 2435.2
1400300 2438.3
1400310 2438.3
1400320 2441.3
1400330 2443.7
1400340 2443.7
1400350 2445.7
1400360 2447.7
1400370 2447.7
1400380 2448.4
1400390 2451.6
1400400 2451.6
1400410 2456.3
1400420 2461.2
1400430 2461.2
1400440 2465.6
1400450 2468.9
1400460 2468.9
1400470 2472.0
1400480 2475.4
1400490 2479.5
1400500 2479.5
1400510 2484.0
1400520 2489.6
1400530 2489.6
1400540 2498.0
1400550 2507.4
1400560 2507.4
1400570 2514.1
1400580 2519.2
1400590 2519.2
1400600 2524.6
1400610 2530.3
1400620 2530.3
1400630 2536.4
1400640 2542.7
1400650 2542.7
1400660 2549.4
1400670 2556.1
1400680 2562.3
1400690 2562.3
1400700 2568.8
1400710 2576.2
1400720 2576.2
1400730 2589.5
1400740 2605.3
1400750 2605.3
1400760 2617.7
1400770 2631.1
1400780 2631.1
1400790 2645.6
1400800 2653.4
1400810 2653.4
1400820 2661.2
1400830 2669.8
1400840 2669.8
1400850 2670.3
1400860 2668.7
1400870 2666.8
1400880 2666.8
1400890 2664.9
1400900 2658.1
1400910 2658.1
1400920 2656.7
1400930 2655.0
1400940 2655.0
1400950 2653.2
1400960 2652.3
1400970 2652.3
1400980 2651.9
1400990 2651.1
1401000 2651.1
1401010 2650.1
1401020 2648.5
1401030 2645.4
1401040 2645.4
1401050 2640.5
1401060 2635.3
1401070 2635.3
1401080 2630.2
1401090 2626.0
1401100 2626.0
1401110 2622.4
1401120 2620.0
1401130 2620.0
1401140 2618.4
1401150 2616.9
1401160 2616.9
1401170 2614.0
1401180 2610.7
1401190 2610.7
1401200 2606.9
1401210 2603.3
1401220 2600.1
1401230 2600.1
1401240 2596.6
1401250 2593.1
1401260 2593.1
1401270 2589.7
1401280 2586.9
1401290 2586.9
1401300 2584.7
1401310 2583.2
1401320 2583.2
1401330 2581.2
1401340 2577.3
1401350 2577.3
1401360 2571.6
1401370 2565.3
1401380 2565.3
1401390 2560.2
1401400 2560.6
1401410 2558.6
1401420 2558.6
1401430 2554.8
1401440 2547.7
1401450 2547.7
1401460 2548.2
1401470 2547.2
1401480 2547.2
1401490 2542.6
1401500 2540.2
1401510 2540.2
1401520 2537.9
1401530 2534.6
1401540 2534.6
1401550 2529.3
1401560 2522.6
1401570 2522.6
1401580 2515.1
1401590 2508.2
1401600 2501.1
1401610 2501.1
1401620 2493.7
1401630 2485.0
1401640 2485.0
1401650 2475.4
1401660 2465.6
1401670 2465.6
1401680 2458.2
1401690 2446.1
1401700 2446.1
1401710 2434.6
1401720 2430.6
1401730 2430.6
1401740 2422.2
1401750 2410.4
1401760 2399.9
1401770 2399.9
1401780 2393.5
1401790 2388.0
1401800 2388.0
1401810 2380.6
1401820 2372.8
1401830 2372.8
1401840 2365.2
1401850 2356.3
1401860 2356.3
1401870 2349.4
1401880 2341.8
1401890 2341.8
1401900 2332.3
1401910 2319.6
1401920 2319.6
1401930 2307.5
1401940 2300.7
1401950 2293.7
1401960 2293.7
1401970 2286.5
1401980 2279.4
1401990 2279.4
1402000 2272.4
1402010 2265.7
1402020 2265.7
1402030 2259.2
1402040 2252.9
1402050 2252.9
1402060 2246.4
1402070 2239.9
1402080 2239.9
1402090 2232.9
1402100 2223.7
1402110 2223.7
1402120 2215.3
1402130 2208.3
1402140 2201.6
1402150 2201.6
1402160 2193.5
1402170 2187.3
1402180 2187.3
1402190 2183.2
1402200 2179.1
1402210 2179.1
1402220 2173.9
1402230 2165.4
1402240 2165.4
1402250 2160.1
1402260 2155.8
1402270 2155.8
1402280 2151.5
1402290 2147.6
1402300 2147.6
1402310 2143.6
1402320 2139.2
1402330 2134.8
1402340 2134.8
1402350 2130.3
1402360 2126.5
1402370 2126.5
1402380 2123.9
1402390 2121.6
1402400 2121.6
1402410 2118.8
1402420 2111.2
1402430 2111.2
1402440 2108.0
1402450 2104.6
1402460 2104.6
1402470 2101.1
1402480 2099.1
1402490 2097.7
1402500 2097.7
1402510 2097.1
1402520 2095.4
1402530 2095.4
1402540 2093.4
1402550 2092.8
1402560 2092.8
1402570 2093.2
1402580 2092.7
1402590 2092.7
1402600 2091.4
1402610 2092.5
1402620 2092.5
1402630 2093.7
1402640 2094.8
1402650 2094.8
1402660 2097.1
1402670 2099.3
1402680 2101.4
1402690 2101.4
1402700 2103.7
1402710 2106.4
1402720 2106.4
1402730 2109.1
1402740 2111.4
1402750 2111.4
1402760 2114.0
1402770 2116.9
1402780 2116.9
1402790 2119.3
1402800 2121.9
1402810 2121.9
1402820 2124.6
1402830 2127.0
1402840 2127.0
1402850 2129.2
1402860 2130.9
1402870 2133.2
1402880 2133.2
1402890 2135.2
1402900 2136.1
1402910 2136.1
1402920 2138.0
1402930 2138.4
1402940 2138.4
1402950 2139.0
1402960 2140.8
1402970 2140.8
1402980 2142.2
1402990 2143.2
1403000 2143.2
1403010 2141.9
1403020 2142.5
1403030 2142.5
1403040 2144.4
1403050 2145.7
1403060 2147.5
1403070 2147.5
1403080 2149.6
1403090 2150.9
1403100 2150.9
1403110 2152.8
1403120 2155.5
1403130 2155.5
1403140 2155.7
1403150 2154.3
1403160 2154.3
1403170 2153.6
1403180 2154.1
1403190 2154.1
1403200 2156.3
1403210 2159.3
1403220 2161.2
1403230 2161.2
1403240 2162.3
1403250 2163.1
1403260 2163.1
1403270 2163.0
1403280 2166.1
1403290 2166.1
1403300 2170.7
1403310 2174.3
1403320 2174.3
1403330 2177.5
1403340 2181.0
1403350 2181.0
1403360 2184.9
1403370 2188.6
1403380 2188.6
1403390 2192.3
1403400 2196.9
1403410 2198.7
1403420 2198.7
1403430 2202.3
1403440 2207.3
1403450 2207.3
1403460 2213.2
1403470 2219.3
1403480 2219.3
1403490 2224.6
1403500 2227.4
1403510 2227.4
1403520 2228.8
1403530 2230.6
1403540 2230.6
1403550 2233.2
1403560 2237.2
1403570 2237.2
1403580 2242.2
1403590 2247.1
1403600 2251.7
1403610 2251.7
1403620 2255.6
1403630 2257.9
1403640 2257.9
1403650 2259.0
1403660 2260.0
1403670 2260.0
1403680 2260.1
1403690 2259.1
1403700 2259.1
1403710 2258.1
1403720 2257.6
1403730 2257.6
1403740 2257.8
1403750 2258.4
1403760 2258.4
1403770 2259.7
1403780 2263.0
1403790 2266.4
1403800 2266.4
1403810 2269.7
1403820 2272.7
1403830 2272.7
1403840 2275.3
1403850 2278.3
1403860 2278.3
1403870 2281.7
1403880 2285.9
1403890 2285.9
1403900 2288.1
1403910 2289.7
1403920 2289.7
1403930 2291.1
1403940 2293.0
1403950 2294.6
1403960 2294.6
1403970 2296.8
1403980 2296.7
1403990 2296.7
1404000 2301.0
1404010 2304.3
1404020 2304.3
1404030 2306.1
1404040 2306.8
1404050 2306.8
1404060 2305.7
1404070 2304.6
1404080 2304.6
1404090 2306.5
1404100 2310.4
1404110 2310.4
1404120 2313.6
1404130 2316.8
1404140 2318.1
1404150 2318.1
1404160 2318.1
1404170 2318.5
1404180 2318.5
1404190 2320.2
1404200 2321.4
1404210 2321.4
1404220 2322.4
1404230 2323.4
1404240 2323.4
1404250 2324.2
1404260 2322.9
1404270 2322.9
1404280 2320.3
1404290 2316.2
1404300 2316.2
1404310 2312.5
1404320 2309.5
1404330 2308.0
1404340 2308.0
1404350 2310.6
1404360 2312.9
1404370 2312.9
1404380 2313.2
1404390 2312.7
1404400 2312.7
1404410 2311.4
1404420 2312.6
1404430 2312.6
1404440 2313.7
1404450 2313.9
1404460 2313.9
1404470 2314.9
1404480 2316.7
1404490 2318.3
1404500 2318.3
1404510 2321.3
1404520 2324.1
1404530 2324.1
1404540 2326.5
1404550 2328.7
1404560 2328.7
1404570 2330.7
1404580 2331.8
1404590 2331.8
1404600 2333.9
1404610 2336.7
1404620 2336.7
1404630 2339.9
1404640 2344.3
1404650 2344.3
1404660 2349.9
1404670 2355.8
1404680 2361.3
1404690 2361.3
1404700 2366.8
1404710 2372.5
1404720 2372.5
1404730 2378.4
1404740 2384.3
1404750 2384.3
1404760 2390.1
1404770 2395.8
1404780 2395.8
1404790 2401.4
1404800 2407.0
1404810 2407.0
1404820 2412.7
1404830 2418.4
1404840 2418.4
1404850 2424.3
1404860 2430.3
1404870 2436.3
1404880 2436.3
1404890 2442.9
1404900 2449.8
1404910 2449.8
1404920 2457.7
1404930 2466.9
1404940 2466.9
1404950 2475.9
1404960 2484.5
1404970 2484.5
1404980 2492.3
1404990 2499.0
1405000 2499.0
1405010 2506.0
1405020 2513.2
1405030 2513.2
1405040 2520.2
1405050 2526.8
1405060 2533.3
1405070 2533.3
1405080 2540.3
1405090 2548.2
1405100 2548.2
1405110 2557.2
1405120 2565.5
1405130 2565.5
1405140 2573.5
1405150 2584.2
1405160 2584.2
1405170 2591.0
1405180 2598.2
1405190 2598.2
1405200 2605.6
1405210 2612.9
1405220 2621.2
1405230 2621.2
1405240 2631.1
1405250 2636.3
1405260 2636.3
1405270 2635.1
1405280 2632.6
1405290 2632.6
1405300 2628.7
1405310 2627.1
1405320 2627.1
1405330 2623.1
1405340 2615.3
1405350 2615.3
1405360 2607.1
1405370 2600.3
1405380 2600.3
1405390 2594.1
1405400 2587.9
1405410 2581.2
1405420 2581.2
1405430 2575.2
1405440 2570.6
1405450 2570.6
1405460 2567.2
1405470 2562.3
1405480 2562.3
1405490 2555.8
1405500 2549.3
1405510 2549.3
1405520 2544.4
1405530 2539.8
1405540 2539.8
1405550 2535.4
1405560 2536.3
1405570 2536.3
1405580 2532.3
1405590 2529.5
1405600 2526.9
1405610 2526.9
1405620 2523.8
1405630 2520.5
1405640 2520.5
1405650 2517.3
1405660 2512.6
1405670 2512.6
1405680 2506.8
1405690 2501.0
1405700 2501.0
1405710 2495.7
1405720 2490.7
1405730 2490.7
1405740 2487.4
1405750 2485.4
1405760 2485.4
1405770 2481.7
1405780 2477.9
1405790 2471.8
1405800 2471.8
1405810 2464.8
1405820 2456.4
1405830 2456.4
1405840 2449.0
1405850 2441.6
1405860 2441.6
1405870 2433.8
1405880 2426.5
1405890 2426.5
1405900 2418.1
1405910 2410.2
1405920 2410.2
1405930 2403.0
1405940 2393.1
1405950 2385.3
1405960 2385.3
1405970 2380.0
1405980 2374.5
1405990 2374.5
1406000 2368.5
1406010 2364.7
1406020 2364.7
1406030 2363.5
1406040 2364.1
1406050 2364.1
1406060 2363.4
1406070 2360.5
1406080 2360.5
1406090 2358.8
1406100 2353.5
1406110 2353.5
1406120 2346.7
1406130 2338.1
1406140 2331.7
1406150 2331.7
1406160 2327.7
1406170 2325.1
1406180 2325.1
1406190 2323.2
1406200 2322.6
1406210 2322.6
1406220 2322.3
1406230 2321.5
1406240 2321.5
1406250 2320.0
1406260 2317.0
1406270 2317.0
1406280 2311.7
1406290 2309.5
1406300 2309.5
1406310 2312.2
1406320 2315.5
1406330 2318.3
1406340 2318.3
1406350 2319.6
1406360 2319.5
1406370 2319.5
1406380 2319.6
1406390 2316.8
1406400 2316.8
1406410 2311.2
1406420 2305.4
1406430 2305.4
1406440 2301.1
1406450 2297.4
1406460 2297.4
1406470 2291.6
1406480 2287.6
1406490 2287.6
1406500 2283.3
1406510 2279.8
1406520 2276.6
1406530 2276.6
1406540 2276.6
1406550 2275.8
1406560 2275.8
1406570 2273.2
1406580 2270.3
1406590 2270.3
1406600 2266.9
1406610 2262.5
1406620 2262.5
1406630 2257.6
1406640 2249.3
1406650 2249.3
1406660 2241.3
1406670 2234.6
1406680 2227.4
1406690 2227.4
1406700 2222.8
1406710 2219.1
1406720 2219.1
1406730 2218.6
1406740 2219.2
1406750 2219.2
1406760 2218.1
1406770 2211.4
1406780 2211.4
1406790 2204.0
1406800 2197.7
1406810 2197.7
1406820 2199.4
1406830 2210.0
1406840 2210.0
1406850 2214.8
1406860 2217.4
1406870 2217.1
1406880 2217.1
1406890 2213.8
1406900 2214.5
1406910 2214.5
1406920 2219.4
1406930 2218.5
1406940 2218.5
1406950 2216.3
1406960 2215.2
1406970 2215.2
1406980 2215.4
1406990 2215.8
1407000 2215.8
1407010 2215.9
1407020 2215.8
1407030 2215.8
1407040 2216.1
1407050 2216.3
1407060 2216.1
1407070 2216.1
1407080 2215.0
1407090 2213.3
1407100 2213.3
1407110 2212.4
1407120 2211.6
1407130 2211.6
1407140 2210.5
1407150 2208.9
1407160 2208.9
1407170 2212.6
1407180 2209.6
1407190 2209.6
1407200 2207.8
1407210 2206.2
1407220 2206.2
1407230 2202.5
1407240 2197.3
1407250 2191.7
1407260 2191.7
1407270 2187.1
1407280 2182.0
1407290 2182.0
1407300 2176.6
1407310 2173.4
1407320 2173.4
1407330 2172.6
1407340 2172.2
1407350 2172.2
1407360 2171.3
1407370 2171.2
1407380 2171.2
1407390 2171.4
1407400 2169.9
1407410 2169.3
1407420 2169.3
1407430 2169.1
1407440 2169.4
1407450 2169.4
1407460 2171.0
1407470 2175.5
1407480 2175.5
1407490 2179.1
1407500 2181.5
1407510 2181.5
1407520 2184.3
1407530 2186.8
1407540 2186.8
1407550 2191.9
1407560 2194.1
1407570 2194.1
1407580 2195.7
1407590 2199.1
1407600 2203.6
1407610 2203.6
1407620 2208.4
1407630 2212.7
1407640 2212.7
1407650 2217.7
1407660 2224.0
1407670 2224.0
1407680 2231.4
1407690 2239.2
1407700 2239.2
1407710 2246.7
1407720 2254.7
1407730 2254.7
1407740 2263.5
1407750 2272.1
1407760 2272.1
1407770 2280.7
1407780 2289.6
1407790 2297.3
1407800 2297.3
1407810 2303.6
1407820 2307.0
1407830 2307.0
1407840 2309.9
1407850 2312.5
1407860 2312.5
1407870 2312.5
1407880 2309.2
1407890 2309.2
1407900 2308.7
1407910 2308.8
1407920 2308.8
1407930 2306.3
1407940 2300.8
1407950 2294.7
1407960 2294.7
1407970 2288.1
1407980 2283.1
1407990 2283.1
1408000 2280.6
1408010 2278.6
1408020 2278.6
1408030 2276.5
1408040 2275.0
1408050 2275.0
1408060 2273.6
1408070 2272.1
1408080 2272.1
1408090 2268.1
1408100 2262.9
1408110 2262.9
1408120 2258.3
1408130 2253.2
1408140 2247.8
1408150 2247.8
1408160 2243.0
1408170 2239.0
1408180 2239.0
1408190 2235.7
1408200 2233.7
1408210 2233.7
1408220 2229.3
1408230 2223.2
1408240 2223.2
1408250 2219.4
1408260 2216.5
1408270 2216.5
1408280 2212.5
1408290 2206.9
1408300 2206.9
1408310 2201.1
1408320 2196.7
1408330 2192.4
1408340 2192.4
1408350 2187.9
1408360 2183.4
1408370 2183.4
1408380 2178.6
1408390 2172.6
1408400 2172.6
1408410 2167.3
1408420 2162.0
1408430 2162.0
1408440 2157.2
1408450 2153.4
1408460 2153.4
1408470 2150.1
1408480 2147.1
1408490 2147.1
1408500 2143.9
1408510 2140.1
1408520 2136.5
1408530 2136.5
1408540 2131.9
1408550 2127.3
1408560 2127.3
1408570 2123.0
1408580 2117.3
1408590 2117.3
1408600 2111.9
1408610 2106.9
1408620 2106.9
1408630 2101.1
1408640 2094.4
1408650 2094.4
1408660 2086.8
1408670 2080.1
1408680 2074.8
1408690 2074.8
1408700 2071.1
1408710 2066.9
1408720 2066.9
1408730 2061.9
1408740 2057.9
1408750 2057.9
1408760 2053.4
1408770 2049.2
1408780 2049.2
1408790 2046.0
1408800 2043.4
1408810 2043.4
1408820 2037.0
1408830 2034.1
1408840 2034.1
1408850 2031.3
1408860 2028.7
1408870 2025.0
1408880 2025.0
1408890 2021.0
1408900 2017.5
1408910 2017.5
1408920 2013.6
1408930 2011.2
1408940 2011.2
1408950 2008.7
1408960 2006.0
1408970 2006.0
1408980 2003.0
1408990 2000.0
1409000 2000.0
1409010 1996.9
1409020 1994.0
1409030 1994.0
1409040 1990.1
1409050 1985.2
1409060 1981.1
1409070 1981.1
1409080 1977.2
1409090 1973.3
1409100 1973.3
1409110 1969.7
1409120 1966.2
1409130 1966.2
1409140 1962.6
1409150 1958.8
1409160 1958.8
1409170 1955.0
1409180 1950.9
1409190 1950.9
1409200 1946.1
1409210 1942.8
1409220 1942.8
1409230 1938.6
1409240 1934.4
1409250 1931.8
1409260 1931.8
1409270 1928.7
1409280 1925.1
1409290 1925.1
1409300 1923.0
1409310 1920.2
1409320 1920.2
1409330 1916.6
1409340 1913.4
1409350 1913.4
1409360 1909.8
1409370 1905.8
1409380 1905.8
1409390 1901.8
1409400 1898.4
1409410 1895.8
1409420 1895.8
1409430 1892.7
1409440 1889.3
1409450 1889.3
1409460 1885.6
1409470 1880.7
1409480 1880.7
1409490 1874.9
1409500 1869.3
1409510 1869.3
1409520 1864.5
1409530 1860.0
1409540 1860.0
1409550 1855.5
1409560 1850.6
1409570 1850.6
1409580 1845.5
1409590 1841.5
1409600 1838.5
1409610 1838.5
1409620 1836.8
1409630 1835.2
1409640 1835.2
1409650 1832.8
1409660 1829.7
1409670 1829.7
1409680 1825.9
1409690 1821.7
1409700 1821.7
1409710 1816.5
1409720 1811.9
1409730 1811.9
1409740 1808.7
1409750 1805.6
1409760 1805.6
1409770 1802.3
1409780 1798.3
1409790 1795.2
1409800 1795.2
1409810 1791.7
1409820 1788.6
1409830 1788.6
1409840 1785.7
1409850 1783.1
1409860 1783.1
1409870 1780.5
1409880 1776.5
1409890 1776.5
1409900 1770.4
1409910 1764.3
1409920 1764.3
1409930 1759.9
1409940 1756.9
1409950 1756.9
1409960 1754.1
1409970 1751.1
1409980 1748.1
1409990 1748.1
1410000 1743.7
1410010 1738.3
1410020 1738.3
1410030 1732.5
1410040 1726.9
1410050 1726.9
1410060 1722.6
1410070 1720.2
1410080 1720.2
1410090 1721.7
1410100 1721.9
1410110 1721.9
1410120 1720.6
1410130 1717.9
1410140 1714.7
1410150 1714.7
1410160 1710.6
1410170 1706.9
1410180 1706.9
1410190 1704.0
1410200 1701.4
1410210 1701.4
1410220 1699.1
1410230 1696.1
1410240 1696.1
1410250 1693.2
1410260 1690.7
1410270 1690.7
1410280 1687.2
1410290 1682.1
1410300 1682.1
1410310 1678.1
1410320 1675.2
1410330 1672.0
1410340 1672.0
1410350 1667.4
1410360 1661.5
1410370 1661.5
1410380 1656.4
1410390 1652.4
1410400 1652.4
1410410 1649.5
1410420 1647.0
1410430 1647.0
1410440 1644.3
1410450 1641.8
1410460 1641.8
1410470 1640.1
1410480 1638.3
1410490 1638.3
1410500 1638.4
1410510 1635.9
1410520 1633.4
1410530 1633.4
1410540 1631.2
1410550 1628.5
1410560 1628.5
1410570 1624.2
1410580 1619.5
1410590 1619.5
1410600 1615.5
1410610 1611.4
1410620 1611.4
1410630 1607.8
1410640 1604.6
1410650 1604.6
1410660 1601.3
1410670 1598.5
1410680 1595.0
1410690 1595.0
1410700 1592.2
1410710 1589.4
1410720 1589.4
1410730 1587.2
1410740 1585.1
1410750 1585.1
1410760 1582.8
1410770 1579.9
1410780 1579.9
1410790 1575.7
1410800 1572.8
1410810 1572.8
1410820 1568.3
1410830 1564.6
1410840 1564.6
1410850 1562.1
1410860 1560.2
1410870 1558.6
1410880 1558.6
1410890 1557.3
1410900 1555.8
1410910 1555.8
1410920 1553.5
1410930 1549.4
1410940 1549.4
1410950 1545.0
1410960 1541.0
1410970 1541.0
1410980 1536.9
1410990 1533.2
1411000 1533.2
1411010 1528.4
1411020 1522.5
1411030 1522.5
1411040 1516.5
1411050 1513.1
1411060 1512.1
1411070 1512.1
1411080 1511.6
1411090 1511.1
1411100 1511.1
1411110 1510.2
1411120 1509.6
1411130 1509.6
1411140 1510.3
1411150 1510.0
1411160 1510.0
1411170 1507.5
1411180 1503.1
1411190 1503.1
1411200 1498.4
1411210 1493.7
1411220 1493.7
1411230 1488.6
1411240 1482.3
1411250 1476.3
1411260 1476.3
1411270 1470.9
1411280 1466.6
1411290 1466.6
1411300 1461.0
1411310 1453.8
1411320 1453.8
1411330 1448.6
1411340 1442.5
1411350 1442.5
1411360 1436.3
1411370 1431.0
1411380 1431.0
1411390 1426.6
1411400 1423.2
1411410 1420.5
1411420 1420.5
1411430 1416.6
1411440 1412.8
1411450 1412.8
1411460 1409.1
1411470 1406.7
1411480 1406.7
1411490 1403.7
1411500 1400.4
1411510 1400.4
1411520 1394.9
1411530 1388.6
1411540 1388.6
1411550 1381.8
1411560 1374.6
1411570 1374.6
1411580 1367.5
1411590 1361.0
1411600 1355.1
1411610 1355.1
1411620 1347.5
1411630 1338.5
1411640 1338.5
1411650 1329.4
1411660 1321.8
1411670 1321.8
1411680 1318.0
1411690 1314.0
1411700 1314.0
1411710 1306.4
1411720 1297.8
1411730 1297.8
1411740 1288.4
1411750 1279.4
1411760 1279.4
1411770 1272.0
1411780 1265.0
1411790 1259.2
1411800 1259.2
1411810 1254.4
1411820 1252.0
1411830 1252.0
1411840 1252.0
1411850 1251.4
1411860 1251.4
1411870 1247.7
1411880 1243.1
1411890 1243.1
1411900 1236.9
1411910 1229.0
1411920 1229.0
1411930 1223.0
1411940 1219.5
1411950 1219.5
1411960 1216.7
1411970 1213.7
1411980 1210.4
1411990 1210.4
1412000 1206.4
1412010 1202.8
1412020 1202.8
1412030 1201.1
1412040 1198.8
1412050 1198.8
1412060 1197.8
1412070 1198.1
1412080 1198.1
1412090 1199.3
1412100 1197.2
1412110 1197.2
1412120 1194.1
1412130 1191.3
1412140 1189.3
1412150 1189.3
1412160 1186.7
1412170 1184.7
1412180 1184.7
1412190 1182.2
1412200 1178.8
1412210 1178.8
1412220 1176.8
1412230 1172.0
1412240 1172.0
1412250 1166.6
1412260 1161.5
1412270 1161.5
1412280 1156.5
1412290 1152.1
1412300 1152.1
1412310 1148.4
1412320 1145.2
1412330 1141.2
1412340 1141.2
1412350 1136.0
1412360 1130.6
1412370 1130.6
1412380 1126.2
1412390 1121.6
1412400 1121.6
1412410 1117.1
1412420 1113.0
1412430 1113.0
1412440 1108.7
1412450 1103.6
1412460 1103.6
1412470 1099.8
1412480 1096.4
1412490 1096.4
1412500 1095.0
1412510 1094.0
1412520 1092.1
1412530 1092.1
1412540 1086.3
1412550 1079.4
1412560 1079.4
1412570 1072.5
1412580 1066.6
1412590 1066.6
1412600 1061.2
1412610 1056.4
1412620 1056.4
1412630 1052.0
1412640 1047.5
1412650 1047.5
1412660 1042.1
1412670 1036.3
1412680 1036.3
1412690 1031.4
1412700 1028.9
1412710 1024.9
1412720 1024.9
1412730 1019.4
1412740 1014.0
1412750 1014.0
1412760 1008.6
1412770 1003.2
1412780 1003.2
1412790 997.6
1412800 991.8
1412810 991.8
1412820 984.9
1412830 978.6
1412840 978.6
1412850 972.6
1412860 963.5
1412870 949.0
1412880 949.0
1412890 938.1
1412900 925.5
1412910 925.5
1412920 912.2
1412930 899.5
1412940 899.5
1412950 888.0
1412960 877.6
1412970 877.6
1412980 875.7
1412990 884.0
1413000 884.0
1413010 912.3
1413020 927.2
1413030 927.2
1413040 930.9
1413050 928.3
1413060 923.7
1413070 923.7
1413080 919.0
1413090 914.8
1413100 914.8
1413110 910.8
1413120 906.9
1413130 906.9
1413140 902.7
1413150 898.4
1413160 898.4
1413170 894.2
1413180 889.2
1413190 889.2
1413200 885.3
1413210 882.8
1413220 882.8
1413230 881.0
1413240 878.2
1413250 876.3
1413260 876.3
1413270 875.3
1413280 872.3
1413290 872.3
1413300 867.9
1413310 864.1
1413320 864.1
1413330 861.1
1413340 861.4
1413350 861.4
1413360 859.4
1413370 854.2
1413380 854.2
1413390 848.7
1413400 843.0
1413410 838.1
1413420 838.1
1413430 833.2
1413440 827.8
1413450 827.8
1413460 823.0
1413470 818.9
1413480 818.9
1413490 815.6
1413500 812.9
1413510 812.9
1413520 810.2
1413530 807.6
1413540 807.6
1413550 804.9
1413560 801.7
1413570 801.7
1413580 799.9
1413590 798.3
1413600 796.8
1413610 796.8
1413620 795.2
1413630 793.7
1413640 793.7
1413650 791.9
1413660 790.1
1413670 790.1
1413680 788.8
1413690 787.6
1413700 787.6
1413710 785.8
1413720 784.0
1413730 784.0
1413740 782.6
1413750 781.6
1413760 781.6
1413770 779.9
1413780 778.2
1413790 776.7
1413800 776.7
1413810 775.7
1413820 773.9
1413830 773.9
1413840 772.4
1413850 771.0
1413860 771.0
1413870 769.8
1413880 768.6
1413890 768.6
1413900 767.4
1413910 766.1
1413920 766.1
1413930 764.5
1413940 762.7
1413950 762.7
1413960 761.1
1413970 759.7
1413980 758.4
1413990 757.0
1414000 755.7
1414010 754.4
1414020 754.4
1414030 753.3
1414040 752.5
1414050 752.5
1414060 751.4
1414070 750.0
1414080 750.0
1414090 748.4
1414100 747.1
1414110 747.1
1414120 745.7
1414130 744.3
1414140 742.8
1414150 742.8
1414160 741.4
1414170 739.9
1414180 739.9
1414190 738.8
1414200 737.6
1414210 737.6
1414220 736.3
1414230 734.8
1414240 734.8
1414250 733.6
1414260 732.5
1414270 732.5
1414280 731.2
1414290 730.2
1414300 730.2
1414310 729.1
1414320 727.7
1414330 726.4
1414340 726.4
1414350 725.3
1414360 724.3
1414370 724.3
1414380 723.3
1414390 722.3
1414400 722.3
1414410 721.3
1414420 720.1
1414430 720.1
1414440 718.9
1414450 717.9
1414460 717.9
1414470 716.9
1414480 715.9
1414490 715.9
1414500 714.9
1414510 714.0
1414520 713.1
1414530 713.1
1414540 712.3
1414550 711.3
1414560 711.3
1414570 710.4
1414580 709.8
1414590 709.8
1414600 708.8
1414610 707.9
1414620 707.9
1414630 707.1
1414640 706.3
1414650 706.3
1414660 705.6
1414670 704.9
1414680 704.9
1414690 704.2
1414700 703.5
1414710 702.9
1414720 702.9
1414730 702.2
1414740 701.6
1414750 701.6
1414760 701.0
1414770 700.4
1414780 700.4
1414790 699.8
1414800 699.2
1414810 699.2
1414820 698.6
1414830 698.1
1414840 698.1
1414850 697.5
1414860 696.9
1414870 696.4
1414880 696.4
1414890 695.9
1414900 695.4
1414910 695.4
1414920 694.9
1414930 694.5
1414940 694.5
1414950 694.2
1414960 693.8
1414970 693.8
1414980 693.6
1414990 693.2
1415000 693.2
1415010 692.9
1415020 692.6
1415030 692.6
1415040 692.4
1415050 692.2
1415060 692.0
1415070 692.0
1415080 691.7
1415090 691.6
1415100 691.6
1415110 691.4
1415120 691.2
1415130 691.2
1415140 690.5
1415150 689.8
1415160 689.8
1415170 690.4
1415180 690.3
1415190 690.3
1415200 690.5
1415210 690.8
1415220 690.8
1415230 690.9
1415240 690.8
1415250 690.7
1415260 690.7
1415270 688.8
1415280 687.7
1415290 687.7
1415300 687.4
1415310 687.3
1415320 687.3
1415330 687.3
1415340 687.3
1415350 687.3
1415360 687.7
1415370 689.8
1415380 689.8
1415390 691.4
1415400 693.1
1415410 694.0
1415420 694.0
1415430 694.4
1415440 695.6
1415450 695.6
1415460 697.9
1415470 698.5
1415480 698.5
1415490 698.9
1415500 699.3
1415510 699.3
1415520 699.9
1415530 700.7
1415540 700.7
1415550 701.3
1415560 701.6
1415570 701.6
1415580 702.0
1415590 702.5
1415600 703.8
1415610 703.8
1415620 705.4
1415630 706.9
1415640 706.9
1415650 708.7
1415660 709.3
1415670 709.3
1415680 709.8
1415690 710.5
1415700 710.5
1415710 711.5
1415720 712.9
1415730 712.9
1415740 713.8
1415750 714.2
1415760 714.2
1415770 715.2
1415780 716.7
1415790 718.1
1415800 716.3
1415810 717.6
1415820 718.8
1415830 718.8
1415840 719.4
1415850 719.9
1415860 719.9
1415870 720.5
1415880 721.1
1415890 721.1
1415900 721.6
1415910 722.3
1415920 722.3
1415930 723.5
1415940 725.2
1415950 725.2
1415960 726.1
1415970 726.8
1415980 727.6
1415990 727.6
1416000 728.3
1416010 728.9
1416020 728.9
1416030 729.6
1416040 730.3
1416050 730.3
1416060 731.0
1416070 731.8
1416080 731.8
1416090 732.5
1416100 733.4
1416110 733.4
1416120 734.7
1416130 736.2
1416140 736.9
1416150 736.9
1416160 737.1
1416170 737.5
1416180 737.5
1416190 738.1
1416200 739.0
1416210 739.0
1416220 740.2
1416230 741.4
1416240 741.4
1416250 742.4
1416260 743.4
1416270 743.4
1416280 744.4
1416290 745.3
1416300 745.3
1416310 746.2
1416320 747.5
1416330 749.4
1416340 749.4
1416350 750.3
1416360 751.2
1416370 751.2
1416380 751.7
1416390 753.4
1416400 753.4
1416410 754.0
1416420 755.2
1416430 755.2
1416440 756.1
1416450 756.9
1416460 756.9
1416470 757.7
1416480 758.1
1416490 758.1
1416500 758.9
1416510 759.4
1416520 759.6
1416530 759.6
1416540 760.2
1416550 760.9
1416560 760.9
1416570 761.1
1416580 762.0
1416590 762.0
1416600 762.8
1416610 763.9
1416620 763.9
1416630 764.4
1416640 765.2
1416650 765.2
1416660 766.5
1416670 767.6
1416680 767.6
1416690 769.0
1416700 768.6
1416710 768.7
1416720 768.7
1416730 769.3
1416740 769.8
1416750 769.8
1416760 770.3
1416770 770.6
1416780 770.6
1416790 771.3
1416800 772.2
1416810 772.2
1416820 773.2
1416830 774.1
1416840 774.1
1416850 774.3
1416860 774.3
1416870 774.4
1416880 774.4
1416890 774.8
1416900 775.6
1416910 775.6
1416920 776.1
1416930 776.6
1416940 776.6
1416950 777.0
1416960 777.3
1416970 777.3
1416980 777.8
1416990 778.4
1417000 778.4
1417010 779.5
1417020 780.0
1417030 780.0
1417040 779.7
1417050 779.6
1417060 780.2
1417070 780.2
1417080 781.5
1417090 782.0
1417100 782.0
1417110 782.2
1417120 782.6
1417130 782.6
1417140 783.2
1417150 784.1
1417160 784.1
1417170 784.4
1417180 784.2
1417190 784.2
1417200 784.3
1417210 784.6
1417220 784.6
1417230 785.0
1417240 785.4
1417250 785.6
1417260 785.6
1417270 785.9
1417280 786.1
1417290 786.1
1417300 786.4
1417310 786.7
1417320 786.7
1417330 787.1
1417340 787.4
1417350 787.4
1417360 787.4
1417370 787.8
1417380 787.8
1417390 788.4
1417400 789.1
1417410 789.1
1417420 789.1
1417430 789.8
1417440 791.1
1417450 791.1
1417460 791.0
1417470 790.7
1417480 790.7
1417490 791.8
1417500 793.2
1417510 793.2
1417520 794.7
1417530 796.3
1417540 796.3
1417550 797.1
1417560 797.9
1417570 797.9
1417580 798.8
1417590 799.9
1417600 801.4
1417610 801.4
1417620 803.1
1417630 804.2
1417640 804.2
1417650 804.7
1417660 805.0
1417670 805.0
1417680 805.5
1417690 805.5
1417700 805.5
1417710 805.3
1417720 805.7
1417730 805.7
1417740 806.9
1417750 807.8
1417760 807.8
1417770 810.0
1417780 812.3
1417790 812.4
1417800 812.4
1417810 811.9
1417820 812.9
1417830 812.9
1417840 813.8
1417850 814.4
1417860 814.4
1417870 815.0
1417880 815.9
1417890 815.9
1417900 817.3
1417910 818.7
1417920 818.7
1417930 818.9
1417940 818.9
1417950 818.9
1417960 819.6
1417970 820.4
1417980 820.6
1417990 820.6
1418000 821.0
1418010 821.0
1418020 821.0
1418030 821.1
1418040 821.4
1418050 821.4
1418060 822.0
1418070 822.9
1418080 822.9
1418090 823.5
1418100 823.8
1418110 823.8
1418120 824.0
1418130 824.3
1418140 825.2
1418150 825.2
1418160 825.9
1418170 826.6
1418180 826.6
1418190 827.4
1418200 828.3
1418210 828.3
1418220 829.0
1418230 829.7
1418240 829.7
1418250 830.3
1418260 830.9
1418270 830.9
1418280 831.8
1418290 833.2
1418300 833.2
1418310 833.8
1418320 832.7
1418330 832.9
1418340 832.9
1418350 833.4
1418360 833.4
1418370 833.4
1418380 834.2
1418390 835.0
1418400 835.0
1418410 835.2
1418420 835.6
1418430 835.6
1418440 836.9
1418450 836.4
1418460 836.4
1418470 836.2
1418480 836.2
1418490 836.2
1418500 836.3
1418510 836.5
1418520 837.0
1418530 837.0
1418540 838.2
1418550 839.0
1418560 839.0
1418570 839.2
1418580 839.2
1418590 839.2
1418600 839.5
1418610 840.0
1418620 840.0
1418630 840.5
1418640 841.1
1418650 841.1
1418660 841.7
1418670 842.2
1418680 842.2
1418690 842.6
1418700 843.0
1418710 843.4
1418720 843.4
1418730 843.9
1418740 844.8
1418750 844.8
1418760 845.6
1418770 844.9
1418780 844.9
1418790 845.3
1418800 845.5
1418810 845.5
1418820 845.8
1418830 846.3
1418840 846.3
1418850 846.8
1418860 847.4
1418870 848.0
1418880 848.0
1418890 848.2
1418900 848.2
1418910 848.2
1418920 848.2
1418930 848.5
1418940 848.5
1418950 848.9
1418960 849.5
1418970 849.5
1418980 850.3
1418990 851.0
1419000 851.0
1419010 851.4
1419020 851.5
1419030 851.5
1419040 851.8
1419050 851.7
1419060 851.2
1419070 851.2
1419080 851.3
1419090 851.4
1419100 851.4
1419110 851.5
1419120 851.7
1419130 851.7
1419140 852.0
1419150 852.6
1419160 852.6
1419170 853.5
1419180 854.0
1419190 854.0
1419200 853.5
1419210 853.6
1419220 853.6
1419230 853.5
1419240 853.4
1419250 853.6
1419260 853.6
1419270 854.0
1419280 854.4
1419290 854.4
1419300 854.9
1419310 855.0
1419320 855.0
1419330 854.9
1419340 854.9
1419350 854.9
1419360 855.5
1419370 855.4
1419380 855.4
1419390 854.5
1419400 853.9
1419410 853.9
1419420 853.8
1419430 854.2
1419440 855.1
1419450 855.1
1419460 855.3
1419470 854.9
1419480 854.9
1419490 854.6
1419500 854.5
1419510 854.5
1419520 854.5
1419530 854.3
1419540 854.3
1419550 853.5
1419560 852.1
1419570 852.1
1419580 852.2
1419590 852.4
1419600 852.4
1419610 852.4
1419620 852.7
1419630 852.9
1419640 852.9
1419650 852.5
1419660 852.0
1419670 852.0
1419680 851.0
1419690 850.3
1419700 850.3
1419710 850.5
1419720 851.0
1419730 851.0
1419740 851.3
1419750 851.4
1419760 851.4
1419770 850.8
1419780 850.2
1419790 849.5
1419800 849.5
1419810 849.4
1419820 849.2
1419830 849.2
1419840 848.8
1419850 848.0
1419860 848.0
1419870 846.9
1419880 846.5
1419890 846.5
1419900 846.4
1419910 845.6
1419920 845.6
1419930 844.1
1419940 843.1
1419950 843.1
1419960 842.5
1419970 842.1
1419980 842.1
1419990 842.1
