1400000 2439.2
1400010 2439.2
1400020 2439.1
1400030 2436.3
1400040 2433.6
1400050 2433.6
1400060 2434.0
1400070 2435.4
1400080 2435.4
1400090 2435.1
1400100 2433.1
1400110 2433.1
1400120 2430.3
1400130 2429.3
1400140 2429.3
1400150 2429.6
1400160 2430.5
1400170 2430.5
1400180 2431.1
1400190 2432.8
1400200 2432.8
1400210 2435.6
1400220 2439.3
1400230 2441.3
1400240 2441.3
1400250 2443.5
1400260 2447.3
1400270 2447.3
1400280 2451.8
1400290 2456.9
1400300 2456.9
1400310 2462.2
1400320 2466.5
1400330 2466.5
1400340 2468.9
1400350 2471.1
1400360 2471.1
1400370 2471.8
1400380 2470.6
1400390 2470.6
1400400 2469.4
1400410 2466.9
1400420 2465.0
1400430 2465.0
1400440 2462.5
1400450 2458.5
1400460 2458.5
1400470 2454.3
1400480 2453.5
1400490 2453.5
1400500 2453.5
1400510 2453.5
1400520 2453.5
1400530 2453.6
1400540 2453.7
1400550 2453.7
1400560 2455.0
1400570 2458.6
1400580 2461.4
1400590 2461.4
1400600 2464.1
1400610 2467.9
1400620 2467.9
1400630 2472.5
1400640 2477.3
1400650 2477.3
1400660 2482.1
1400670 2486.9
1400680 2486.9
1400690 2491.6
1400700 2496.7
1400710 2496.7
1400720 2502.6
1400730 2508.8
1400740 2508.8
1400750 2515.6
1400760 2524.3
1400770 2538.2
1400780 2538.2
1400790 2553.2
1400800 2562.5
1400810 2562.5
1400820 2574.5
1400830 2589.8
1400840 2589.8
1400850 2599.1
1400860 2601.8
1400870 2601.8
1400880 2597.1
1400890 2591.6
1400900 2591.6
1400910 2586.1
1400920 2581.1
1400930 2581.1
1400940 2576.5
1400950 2572.4
1400960 2568.8
1400970 2568.8
1400980 2565.6
1400990 2562.8
1401000 2562.8
1401010 2560.5
1401020 2558.9
1401030 2558.9
1401040 2557.7
1401050 2556.3
1401060 2556.3
1401070 2554.0
1401080 2553.2
1401090 2553.2
1401100 2552.0
1401110 2550.5
1401120 2550.5
1401130 2548.8
1401140 2546.4
1401150 2544.1
1401160 2544.1
1401170 2541.1
1401180 2537.6
1401190 2537.6
1401200 2533.6
1401210 2529.4
1401220 2529.4
1401230 2524.5
1401240 2519.1
1401250 2519.1
1401260 2514.0
1401270 2507.7
1401280 2507.7
1401290 2502.7
1401300 2495.7
1401310 2491.7
1401320 2491.7
1401330 2489.1
1401340 2485.2
1401350 2485.2
1401360 2479.6
1401370 2475.3
1401380 2475.3
1401390 2472.3
1401400 2469.2
1401410 2469.2
1401420 2465.6
1401430 2462.6
1401440 2462.6
1401450 2459.3
1401460 2456.2
1401470 2456.2
1401480 2453.0
1401490 2448.8
1401500 2442.4
1401510 2442.4
1401520 2435.6
1401530 2430.7
1401540 2430.7
1401550 2428.4
1401560 2425.9
1401570 2425.9
1401580 2423.7
1401590 2421.5
1401600 2421.5
1401610 2419.8
1401620 2418.4
1401630 2418.4
1401640 2417.4
1401650 2417.1
1401660 2417.1
1401670 2416.7
1401680 2415.8
1401690 2414.9
1401700 2414.9
1401710 2414.8
1401720 2414.6
1401730 2414.6
1401740 2414.2
1401750 2413.4
1401760 2413.4
1401770 2412.1
1401780 2409.0
1401790 2409.0
1401800 2403.8
1401810 2398.6
1401820 2398.6
1401830 2392.7
1401840 2386.0
1401850 2379.4
1401860 2379.4
1401870 2373.1
1401880 2367.0
1401890 2367.0
1401900 2361.3
1401910 2355.3
1401920 2355.3
1401930 2348.5
1401940 2340.7
1401950 2340.7
1401960 2332.0
1401970 2324.3
1401980 2324.3
1401990 2317.6
1402000 2306.6
1402010 2306.6
1402020 2296.8
1402030 2288.1
1402040 2279.8
1402050 2279.8
1402060 2271.6
1402070 2262.7
1402080 2262.7
1402090 2253.0
1402100 2242.0
1402110 2242.0
1402120 2231.9
1402130 2224.4
1402140 2224.4
1402150 2217.6
1402160 2211.1
1402170 2211.1
1402180 2206.1
1402190 2195.4
1402200 2195.4
1402210 2186.5
1402220 2178.5
1402230 2171.1
1402240 2171.1
1402250 2163.9
1402260 2156.5
1402270 2156.5
1402280 2150.2
1402290 2143.9
1402300 2143.9
1402310 2137.8
1402320 2132.5
1402330 2132.5
1402340 2128.1
1402350 2123.9
1402360 2123.9
1402370 2119.7
1402380 2115.9
1402390 2115.9
1402400 2111.7
1402410 2106.7
1402420 2101.1
1402430 2101.1
1402440 2095.6
1402450 2090.3
1402460 2090.3
1402470 2085.6
1402480 2081.3
1402490 2081.3
1402500 2077.0
1402510 2072.7
1402520 2072.7
1402530 2068.5
1402540 2064.7
1402550 2064.7
1402560 2060.9
1402570 2057.8
1402580 2054.9
1402590 2054.9
1402600 2052.6
1402610 2050.2
1402620 2050.2
1402630 2048.1
1402640 2046.1
1402650 2046.1
1402660 2044.3
1402670 2042.8
1402680 2042.8
1402690 2041.3
1402700 2040.1
1402710 2040.1
1402720 2038.9
1402730 2037.7
1402740 2037.7
1402750 2036.5
1402760 2036.5
1402770 2037.4
1402780 2037.4
1402790 2037.3
1402800 2037.8
1402810 2034.2
1402820 2035.3
1402830 2035.9
1402840 2035.9
1402850 2037.4
1402860 2039.0
1402870 2039.0
1402880 2041.2
1402890 2043.1
1402900 2043.1
1402910 2043.5
1402920 2043.9
1402930 2043.9
1402940 2044.6
1402950 2045.0
1402960 2045.1
1402970 2045.1
1402980 2045.7
1402990 2045.2
1403000 2045.2
1403010 2044.7
1403020 2044.5
1403030 2044.5
1403040 2045.7
1403050 2047.2
1403060 2047.2
1403070 2048.1
1403080 2049.0
1403090 2049.0
1403100 2051.1
1403110 2053.5
1403120 2053.5
1403130 2056.0
1403140 2058.5
1403150 2060.1
1403160 2060.1
1403170 2060.7
1403180 2061.1
1403190 2061.1
1403200 2062.5
1403210 2064.9
1403220 2064.9
1403230 2069.1
1403240 2072.5
1403250 2072.5
1403260 2075.0
1403270 2076.8
1403280 2076.8
1403290 2078.5
1403300 2080.5
1403310 2081.8
1403320 2081.8
1403330 2083.3
1403340 2085.3
1403350 2085.3
1403360 2088.0
1403370 2090.9
1403380 2090.9
1403390 2093.8
1403400 2096.6
1403410 2096.6
1403420 2098.9
1403430 2101.5
1403440 2101.5
1403450 2105.1
1403460 2109.2
1403470 2109.2
1403480 2113.5
1403490 2119.0
1403500 2123.7
1403510 2123.7
1403520 2126.4
1403530 2128.6
1403540 2128.6
1403550 2131.1
1403560 2134.3
1403570 2134.3
1403580 2137.2
1403590 2138.7
1403600 2138.7
1403610 2139.1
1403620 2140.1
1403630 2140.1
1403640 2142.8
1403650 2147.4
1403660 2147.4
1403670 2152.5
1403680 2157.3
1403690 2161.3
1403700 2161.3
1403710 2164.5
1403720 2167.0
1403730 2167.0
1403740 2170.0
1403750 2172.0
1403760 2172.0
1403770 2174.1
1403780 2177.0
1403790 2177.0
1403800 2180.0
1403810 2183.2
1403820 2183.2
1403830 2187.4
1403840 2192.0
1403850 2192.0
1403860 2196.7
1403870 2200.8
1403880 2205.2
1403890 2205.2
1403900 2209.7
1403910 2214.1
1403920 2214.1
1403930 2218.1
1403940 2220.1
1403950 2220.1
1403960 2220.8
1403970 2220.7
1403980 2220.7
1403990 2220.6
1404000 2221.4
1404010 2221.4
1404020 2222.1
1404030 2221.9
1404040 2220.1
1404050 2220.1
1404060 2217.6
1404070 2216.0
1404080 2216.0
1404090 2214.8
1404100 2214.9
1404110 2214.9
1404120 2215.8
1404130 2218.4
1404140 2218.4
1404150 2220.6
1404160 2223.2
1404170 2223.2
1404180 2226.0
1404190 2228.8
1404200 2228.8
1404210 2232.4
1404220 2236.1
1404230 2240.0
1404240 2240.0
1404250 2243.6
1404260 2247.4
1404270 2247.4
1404280 2252.0
1404290 2256.0
1404300 2256.0
1404310 2259.5
1404320 2262.5
1404330 2262.5
1404340 2265.6
1404350 2268.3
1404360 2268.3
1404370 2263.5
1404380 2266.2
1404390 2266.2
1404400 2270.2
1404410 2274.4
1404420 2279.6
1404430 2279.6
1404440 2285.8
1404450 2292.4
1404460 2292.4
1404470 2299.2
1404480 2306.4
1404490 2306.4
1404500 2314.4
1404510 2322.9
1404520 2322.9
1404530 2332.9
1404540 2339.9
1404550 2339.9
1404560 2345.9
1404570 2351.9
1404580 2357.3
1404590 2357.3
1404600 2363.2
1404610 2369.4
1404620 2369.4
1404630 2376.0
1404640 2381.4
1404650 2381.4
1404660 2385.7
1404670 2390.0
1404680 2390.0
1404690 2394.8
1404700 2400.6
1404710 2400.6
1404720 2406.1
1404730 2410.9
1404740 2410.9
1404750 2416.6
1404760 2423.1
1404770 2430.4
1404780 2430.4
1404790 2436.7
1404800 2443.0
1404810 2443.0
1404820 2450.0
1404830 2457.6
1404840 2457.6
1404850 2463.5
1404860 2469.6
1404870 2469.6
1404880 2475.7
1404890 2481.9
1404900 2481.9
1404910 2489.0
1404920 2498.4
1404930 2498.4
1404940 2507.4
1404950 2513.0
1404960 2518.1
1404970 2518.1
1404980 2522.5
1404990 2527.2
1405000 2527.2
1405010 2532.1
1405020 2537.6
1405030 2537.6
1405040 2542.9
1405050 2547.7
1405060 2547.7
1405070 2551.3
1405080 2552.8
1405090 2552.8
1405100 2553.5
1405110 2555.0
1405120 2555.0
1405130 2555.5
1405140 2556.3
1405150 2560.5
1405160 2560.5
1405170 2564.8
1405180 2567.0
1405190 2567.0
1405200 2570.7
1405210 2575.5
1405220 2575.5
1405230 2578.8
1405240 2581.2
1405250 2581.2
1405260 2584.5
1405270 2585.4
1405280 2585.4
1405290 2584.5
1405300 2583.3
1405310 2581.8
1405320 2581.8
1405330 2580.1
1405340 2577.9
1405350 2577.9
1405360 2575.4
1405370 2572.4
1405380 2572.4
1405390 2569.5
1405400 2566.1
1405410 2566.1
1405420 2562.9
1405430 2560.3
1405440 2560.3
1405450 2557.8
1405460 2555.7
1405470 2555.7
1405480 2553.6
1405490 2552.1
1405500 2550.3
1405510 2550.3
1405520 2548.8
1405530 2547.6
1405540 2547.6
1405550 2546.9
1405560 2546.6
1405570 2546.6
1405580 2546.2
1405590 2545.2
1405600 2545.2
1405610 2542.3
1405620 2537.6
1405630 2537.6
1405640 2532.1
1405650 2525.5
1405660 2525.5
1405670 2518.2
1405680 2511.1
1405690 2504.5
1405700 2504.5
1405710 2497.3
1405720 2490.5
1405730 2490.5
1405740 2484.7
1405750 2479.3
1405760 2479.3
1405770 2474.7
1405780 2470.8
1405790 2470.8
1405800 2467.1
1405810 2463.3
1405820 2463.3
1405830 2459.3
1405840 2455.6
1405850 2455.6
1405860 2452.4
1405870 2450.6
1405880 2450.1
1405890 2450.1
1405900 2450.1
1405910 2450.0
1405920 2450.0
1405930 2449.5
1405940 2448.2
1405950 2448.2
1405960 2444.8
1405970 2444.8
1405980 2444.8
1405990 2446.0
1406000 2448.4
1406010 2448.4
1406020 2451.6
1406030 2454.8
1406040 2459.0
1406050 2459.0
1406060 2462.5
1406070 2464.0
1406080 2464.0
1406090 2465.5
1406100 2467.0
1406110 2467.0
1406120 2467.1
1406130 2465.9
1406140 2465.9
1406150 2464.5
1406160 2464.2
1406170 2464.2
1406180 2463.0
1406190 2461.4
1406200 2461.4
1406210 2459.2
1406220 2457.6
1406230 2456.3
1406240 2456.3
1406250 2453.8
1406260 2449.7
1406270 2449.7
1406280 2444.2
1406290 2439.5
1406300 2439.5
1406310 2435.5
1406320 2431.0
1406330 2431.0
1406340 2426.4
1406350 2420.7
1406360 2420.7
1406370 2418.7
1406380 2415.0
1406390 2415.0
1406400 2411.2
1406410 2409.9
1406420 2408.4
1406430 2408.4
1406440 2403.8
1406450 2396.7
1406460 2396.7
1406470 2389.0
1406480 2380.9
1406490 2380.9
1406500 2373.7
1406510 2368.1
1406520 2368.1
1406530 2362.3
1406540 2355.0
1406550 2355.0
1406560 2346.7
1406570 2337.7
1406580 2337.7
1406590 2330.5
1406600 2327.7
1406610 2325.8
1406620 2325.8
1406630 2323.6
1406640 2321.9
1406650 2321.9
1406660 2322.1
1406670 2322.0
1406680 2322.0
1406690 2321.4
1406700 2323.6
1406710 2323.6
1406720 2326.1
1406730 2328.1
1406740 2328.1
1406750 2327.9
1406760 2329.3
1406770 2333.5
1406780 2333.5
1406790 2335.5
1406800 2334.0
1406810 2334.0
1406820 2331.3
1406830 2330.5
1406840 2330.5
1406850 2330.6
1406860 2330.0
1406870 2330.0
1406880 2328.2
1406890 2325.5
1406900 2325.5
1406910 2321.6
1406920 2318.7
1406930 2318.7
1406940 2316.9
1406950 2314.5
1406960 2311.9
1406970 2311.9
1406980 2309.3
1406990 2307.1
1407000 2307.1
1407010 2305.6
1407020 2304.5
1407030 2304.5
1407040 2303.1
1407050 2303.5
1407060 2303.5
1407070 2305.7
1407080 2305.9
1407090 2305.9
1407100 2307.3
1407110 2310.1
1407120 2310.1
1407130 2311.7
1407140 2312.1
1407150 2312.8
1407160 2312.8
1407170 2313.3
1407180 2312.8
1407190 2312.8
1407200 2308.3
1407210 2303.9
1407220 2303.9
1407230 2303.4
1407240 2302.1
1407250 2302.1
1407260 2299.1
1407270 2295.0
1407280 2295.0
1407290 2290.8
1407300 2286.0
1407310 2279.5
1407320 2279.5
1407330 2272.5
1407340 2264.4
1407350 2264.4
1407360 2257.3
1407370 2252.4
1407380 2252.4
1407390 2247.7
1407400 2242.1
1407410 2242.1
1407420 2237.8
1407430 2236.2
1407440 2236.2
1407450 2235.5
1407460 2236.9
1407470 2236.9
1407480 2238.9
1407490 2239.2
1407500 2238.1
1407510 2238.1
1407520 2238.1
1407530 2238.5
1407540 2238.5
1407550 2237.5
1407560 2238.3
1407570 2238.3
1407580 2247.5
1407590 2249.7
1407600 2249.7
1407610 2251.6
1407620 2253.6
1407630 2253.6
1407640 2256.9
1407650 2261.5
1407660 2261.5
1407670 2266.4
1407680 2270.9
1407690 2275.7
1407700 2275.7
1407710 2281.7
1407720 2288.0
1407730 2288.0
1407740 2295.0
1407750 2303.1
1407760 2303.1
1407770 2311.7
1407780 2318.7
1407790 2318.7
1407800 2327.1
1407810 2331.3
1407820 2331.3
1407830 2326.9
1407840 2319.6
1407850 2319.6
1407860 2312.4
1407870 2306.6
1407880 2301.5
1407890 2301.5
1407900 2296.0
1407910 2289.9
1407920 2289.9
1407930 2283.5
1407940 2274.7
1407950 2274.7
1407960 2267.6
1407970 2262.3
1407980 2262.3
1407990 2257.9
1408000 2254.0
1408010 2254.0
1408020 2250.7
1408030 2248.3
1408040 2245.7
1408050 2245.7
1408060 2242.2
1408070 2237.9
1408080 2237.9
1408090 2234.6
1408100 2232.2
1408110 2232.2
1408120 2230.4
1408130 2227.7
1408140 2227.7
1408150 2224.2
1408160 2221.4
1408170 2221.4
1408180 2219.8
1408190 2218.8
1408200 2218.8
1408210 2217.1
1408220 2214.1
1408230 2211.0
1408240 2211.0
1408250 2207.9
1408260 2204.3
1408270 2204.3
1408280 2200.4
1408290 2198.1
1408300 2198.1
1408310 2196.5
1408320 2193.9
1408330 2193.9
1408340 2189.7
1408350 2185.6
1408360 2185.6
1408370 2181.4
1408380 2176.6
1408390 2176.6
1408400 2171.6
1408410 2167.2
1408420 2162.5
1408430 2162.5
1408440 2157.4
1408450 2151.8
1408460 2151.8
1408470 2146.5
1408480 2141.3
1408490 2141.3
1408500 2136.4
1408510 2132.1
1408520 2132.1
1408530 2127.9
1408540 2123.7
1408550 2123.7
1408560 2119.7
1408570 2115.8
1408580 2115.8
1408590 2112.4
1408600 2108.6
1408610 2104.3
1408620 2104.3
1408630 2100.0
1408640 2095.8
1408650 2095.8
1408660 2092.4
1408670 2087.6
1408680 2087.6
1408690 2082.5
1408700 2078.1
1408710 2078.1
1408720 2073.8
1408730 2070.3
1408740 2070.3
1408750 2067.5
1408760 2064.8
1408770 2062.4
1408780 2062.4
1408790 2060.0
1408800 2057.0
1408810 2057.0
1408820 2053.1
1408830 2049.0
1408840 2049.0
1408850 2044.9
1408860 2041.7
1408870 2041.7
1408880 2039.0
1408890 2036.4
1408900 2036.4
1408910 2033.8
1408920 2031.0
1408930 2031.0
1408940 2027.1
1408950 2022.0
1408960 2016.6
1408970 2016.6
1408980 2011.4
1408990 2006.9
1409000 2006.9
1409010 2001.8
1409020 1995.9
1409030 1995.9
1409040 1991.3
1409050 1986.2
1409060 1986.2
1409070 1982.2
1409080 1978.9
1409090 1978.9
1409100 1974.3
1409110 1969.9
1409120 1969.9
1409130 1965.5
1409140 1960.5
1409150 1955.3
1409160 1955.3
1409170 1950.1
1409180 1945.7
1409190 1945.7
1409200 1941.4
1409210 1937.3
1409220 1937.3
1409230 1932.9
1409240 1927.6
1409250 1927.6
1409260 1923.0
1409270 1919.8
1409280 1919.8
1409290 1917.1
1409300 1914.8
1409310 1912.4
1409320 1912.4
1409330 1910.6
1409340 1908.5
1409350 1908.5
1409360 1905.3
1409370 1901.4
1409380 1901.4
1409390 1898.2
1409400 1895.8
1409410 1895.8
1409420 1892.7
1409430 1888.0
1409440 1888.0
1409450 1883.3
1409460 1878.9
1409470 1878.9
1409480 1873.2
1409490 1865.9
1409500 1860.0
1409510 1860.0
1409520 1856.1
1409530 1852.1
1409540 1852.1
1409550 1847.0
1409560 1841.8
1409570 1841.8
1409580 1837.6
1409590 1834.8
1409600 1834.8
1409610 1832.1
1409620 1829.6
1409630 1829.6
1409640 1827.2
1409650 1825.1
1409660 1825.1
1409670 1823.4
1409680 1821.7
1409690 1819.9
1409700 1819.9
1409710 1817.9
1409720 1815.8
1409730 1815.8
1409740 1813.4
1409750 1810.8
1409760 1810.8
1409770 1809.4
1409780 1808.0
1409790 1808.0
1409800 1806.6
1409810 1804.9
1409820 1804.9
1409830 1803.0
1409840 1802.3
1409850 1802.3
1409860 1801.1
1409870 1799.3
1409880 1797.1
1409890 1797.1
1409900 1794.8
1409910 1792.5
1409920 1792.5
1409930 1790.1
1409940 1787.0
1409950 1787.0
1409960 1783.2
1409970 1779.4
1409980 1779.4
1409990 1775.7
1410000 1772.0
1410010 1772.0
1410020 1769.0
1410030 1766.2
1410040 1762.9
1410050 1762.9
1410060 1758.7
1410070 1754.8
1410080 1754.8
1410090 1751.7
1410100 1749.1
1410110 1749.1
1410120 1746.2
1410130 1743.0
1410140 1743.0
1410150 1740.7
1410160 1738.7
1410170 1738.7
1410180 1736.2
1410190 1733.7
1410200 1733.7
1410210 1731.2
1410220 1728.5
1410230 1725.4
1410240 1725.4
1410250 1721.4
1410260 1716.6
1410270 1716.6
1410280 1713.2
1410290 1709.8
1410300 1709.8
1410310 1704.8
1410320 1700.2
1410330 1700.2
1410340 1695.0
1410350 1691.1
1410360 1691.1
1410370 1687.3
1410380 1682.9
1410390 1682.9
1410400 1680.0
1410410 1678.0
1410420 1675.5
1410430 1675.5
1410440 1672.9
1410450 1670.2
1410460 1670.2
1410470 1666.4
1410480 1662.8
1410490 1662.8
1410500 1659.1
1410510 1655.8
1410520 1655.8
1410530 1652.4
1410540 1648.7
1410550 1648.7
1410560 1644.5
1410570 1640.6
1410580 1637.4
1410590 1637.4
1410600 1634.6
1410610 1632.0
1410620 1632.0
1410630 1629.5
1410640 1626.2
1410650 1626.2
1410660 1622.8
1410670 1619.5
1410680 1619.5
1410690 1615.8
1410700 1612.0
1410710 1612.0
1410720 1607.8
1410730 1603.6
1410740 1603.6
1410750 1599.1
1410760 1593.9
1410770 1590.2
1410780 1590.2
1410790 1586.5
1410800 1582.8
1410810 1582.8
1410820 1579.9
1410830 1577.0
1410840 1577.0
1410850 1574.3
1410860 1571.2
1410870 1571.2
1410880 1567.7
1410890 1565.1
1410900 1565.1
1410910 1563.4
1410920 1564.2
1410930 1564.2
1410940 1562.4
1410950 1559.5
1410960 1556.8
1410970 1556.8
1410980 1555.2
1410990 1553.8
1411000 1553.8
1411010 1552.3
1411020 1550.9
1411030 1550.9
1411040 1549.6
1411050 1548.7
1411060 1548.7
1411070 1547.7
1411080 1546.7
1411090 1546.7
1411100 1544.2
1411110 1540.3
1411120 1540.3
1411130 1537.0
1411140 1533.8
1411150 1530.4
1411160 1530.4
1411170 1527.2
1411180 1523.5
1411190 1523.5
1411200 1519.4
1411210 1514.6
1411220 1514.6
1411230 1509.6
1411240 1505.5
1411250 1505.5
1411260 1501.4
1411270 1496.2
1411280 1496.2
1411290 1491.4
1411300 1487.5
1411310 1483.9
1411320 1483.9
1411330 1479.2
1411340 1472.0
1411350 1472.0
1411360 1465.5
1411370 1458.9
1411380 1458.9
1411390 1453.3
1411400 1447.8
1411410 1447.8
1411420 1441.8
1411430 1434.1
1411440 1434.1
1411450 1426.2
1411460 1418.0
1411470 1418.0
1411480 1410.3
1411490 1404.1
1411500 1400.3
1411510 1400.3
1411520 1395.9
1411530 1391.1
1411540 1391.1
1411550 1387.2
1411560 1384.3
1411570 1384.3
1411580 1382.1
1411590 1379.6
1411600 1379.6
1411610 1377.3
1411620 1375.0
1411630 1375.0
1411640 1372.3
1411650 1369.0
1411660 1369.0
1411670 1365.0
1411680 1360.8
1411690 1356.6
1411700 1356.6
1411710 1351.6
1411720 1345.4
1411730 1345.4
1411740 1340.4
1411750 1335.2
1411760 1335.2
1411770 1330.3
1411780 1326.0
1411790 1326.0
1411800 1322.2
1411810 1318.4
1411820 1318.4
1411830 1315.4
1411840 1311.8
1411850 1311.8
1411860 1306.6
1411870 1300.8
1411880 1293.9
1411890 1293.9
1411900 1287.0
1411910 1280.2
1411920 1280.2
1411930 1274.7
1411940 1270.2
1411950 1270.2
1411960 1266.9
1411970 1265.2
1411980 1265.2
1411990 1262.0
1412000 1256.8
1412010 1256.8
1412020 1252.2
1412030 1248.0
1412040 1243.6
1412050 1243.6
1412060 1239.4
1412070 1236.6
1412080 1236.6
1412090 1233.1
1412100 1228.8
1412110 1228.8
1412120 1223.6
1412130 1218.7
1412140 1218.7
1412150 1214.4
1412160 1210.1
1412170 1210.1
1412180 1205.9
1412190 1202.3
1412200 1202.3
1412210 1198.3
1412220 1194.0
1412230 1190.8
1412240 1190.8
1412250 1188.1
1412260 1185.3
1412270 1185.3
1412280 1183.0
1412290 1181.0
1412300 1181.0
1412310 1179.3
1412320 1177.3
1412330 1177.3
1412340 1174.0
1412350 1167.7
1412360 1167.7
1412370 1161.2
1412380 1155.2
1412390 1155.2
1412400 1149.9
1412410 1144.1
1412420 1138.7
1412430 1138.7
1412440 1133.0
1412450 1127.9
1412460 1127.9
1412470 1122.3
1412480 1116.6
1412490 1116.6
1412500 1111.0
1412510 1104.1
1412520 1104.1
1412530 1096.4
1412540 1088.8
1412550 1088.8
1412560 1080.7
1412570 1073.6
1412580 1064.1
1412590 1064.1
1412600 1055.3
1412610 1048.0
1412620 1048.0
1412630 1039.8
1412640 1030.2
1412650 1030.2
1412660 1016.0
1412670 1005.5
1412680 1005.5
1412690 995.1
1412700 988.6
1412710 988.6
1412720 998.2
1412730 1010.7
1412740 1010.7
1412750 1013.3
1412760 1017.9
1412770 1012.5
1412780 1012.5
1412790 996.5
1412800 981.3
1412810 981.3
1412820 970.4
1412830 970.1
1412840 970.1
1412850 970.7
1412860 973.6
1412870 973.6
1412880 976.8
1412890 978.7
1412900 978.7
1412910 984.2
1412920 988.6
1412930 988.6
1412940 993.5
1412950 997.6
1412960 1002.6
1412970 1002.6
1412980 1004.2
1412990 1007.4
1413000 1007.4
1413010 1011.2
1413020 1008.1
1413030 1008.1
1413040 1000.5
1413050 992.8
1413060 992.8
1413070 984.6
1413080 976.4
1413090 976.4
1413100 969.6
1413110 965.7
1413120 965.7
1413130 961.9
1413140 957.4
1413150 953.2
1413160 953.2
1413170 949.2
1413180 943.8
1413190 943.8
1413200 933.7
1413210 922.8
1413220 922.8
1413230 914.0
1413240 905.9
1413250 905.9
1413260 898.2
1413270 891.6
1413280 891.6
1413290 896.9
1413300 917.4
1413310 919.5
1413320 919.5
1413330 914.0
1413340 908.7
1413350 908.7
1413360 905.4
1413370 903.6
1413380 903.6
1413390 902.7
1413400 902.1
1413410 902.1
1413420 901.5
1413430 899.6
1413440 899.6
1413450 896.9
1413460 894.1
1413470 894.1
1413480 892.6
1413490 890.6
1413500 888.8
1413510 888.8
1413520 886.7
1413530 882.7
1413540 882.7
1413550 877.8
1413560 870.5
1413570 870.5
1413580 863.3
1413590 857.5
1413600 857.5
1413610 850.8
1413620 849.0
1413630 849.0
1413640 851.4
1413650 852.0
1413660 852.0
1413670 852.7
1413680 853.5
1413690 854.2
1413700 854.2
1413710 853.9
1413720 853.5
1413730 853.5
1413740 853.8
1413750 851.2
1413760 851.2
1413770 847.3
1413780 842.2
1413790 842.2
1413800 837.3
1413810 832.4
1413820 832.4
1413830 827.5
1413840 822.4
1413850 822.4
1413860 817.3
1413870 812.7
1413880 809.3
1413890 809.3
1413900 807.3
1413910 804.4
1413920 804.4
1413930 800.3
1413940 794.8
1413950 794.8
1413960 789.3
1413970 785.6
1413980 785.6
1413990 784.5
1414000 786.3
1414010 786.3
1414020 789.0
1414030 788.6
1414040 786.0
1414050 786.0
1414060 781.8
1414070 778.2
1414080 778.2
1414090 773.9
1414100 769.3
1414110 769.3
1414120 768.9
1414130 772.3
1414140 772.3
1414150 773.6
1414160 771.9
1414170 771.9
1414180 769.8
1414190 768.2
1414200 768.2
1414210 765.4
1414220 762.0
1414230 759.3
1414240 759.3
1414250 757.0
1414260 754.6
1414270 754.6
1414280 752.6
1414290 750.2
1414300 750.2
1414310 747.6
1414320 745.0
1414330 745.0
1414340 743.3
1414350 741.8
1414360 741.8
1414370 739.5
1414380 737.8
1414390 737.8
1414400 736.3
1414410 734.4
1414420 731.6
1414430 736.0
1414440 732.7
1414450 728.4
1414460 728.4
1414470 722.5
1414480 718.3
1414490 718.3
1414500 717.0
1414510 715.3
1414520 715.3
1414530 712.0
1414540 708.6
1414550 708.6
1414560 707.0
1414570 706.3
1414580 705.2
1414590 705.2
1414600 704.2
1414610 703.2
1414620 703.2
1414630 702.5
1414640 701.9
1414650 701.9
1414660 701.1
1414670 700.5
1414680 700.5
1414690 700.1
1414700 699.7
1414710 699.7
1414720 699.3
1414730 699.0
1414740 699.0
1414750 698.7
1414760 698.3
1414770 698.0
1414780 698.0
1414790 697.7
1414800 697.4
1414810 697.4
1414820 697.1
1414830 696.7
1414840 696.7
1414850 696.4
1414860 696.1
1414870 696.1
1414880 695.8
1414890 695.4
1414900 695.4
1414910 695.1
1414920 694.7
1414930 694.7
1414940 694.2
1414950 693.7
1414960 693.2
1414970 693.2
1414980 692.8
1414990 692.6
1415000 692.6
1415010 692.3
1415020 692.1
1415030 692.1
1415040 691.9
1415050 691.7
1415060 691.7
1415070 691.8
1415080 691.7
1415090 691.7
1415100 691.3
1415110 691.3
1415120 691.3
1415130 690.9
1415140 690.8
1415150 690.6
1415160 690.6
1415170 690.5
1415180 690.3
1415190 690.3
1415200 690.1
1415210 690.1
1415220 690.1
1415230 690.0
1415240 690.0
1415250 690.0
1415260 689.8
1415270 689.9
1415280 689.9
1415290 689.9
1415300 689.8
1415310 689.8
1415320 689.8
1415330 689.8
1415340 689.8
1415350 689.8
1415360 689.9
1415370 689.9
1415380 689.9
1415390 689.8
1415400 689.7
1415410 689.7
1415420 689.5
1415430 689.3
1415440 689.3
1415450 689.3
1415460 689.2
1415470 689.2
1415480 689.0
1415490 689.0
1415500 688.9
1415510 688.9
1415520 688.1
1415530 687.5
1415540 687.5
1415550 686.9
1415560 686.8
1415570 686.8
1415580 686.8
1415590 686.8
1415600 686.8
1415610 686.8
1415620 687.3
1415630 687.3
1415640 689.0
1415650 690.5
1415660 690.5
1415670 692.6
1415680 694.1
1415690 694.3
1415700 694.3
1415710 695.5
1415720 698.1
1415730 698.1
1415740 699.2
1415750 699.6
1415760 699.6
1415770 700.1
1415780 700.5
1415790 700.5
1415800 700.9
1415810 701.5
1415820 701.5
1415830 702.2
1415840 702.8
1415850 703.7
1415860 703.7
1415870 704.6
1415880 705.2
1415890 705.2
1415900 705.7
1415910 706.3
1415920 706.3
1415930 707.3
1415940 708.5
1415950 708.5
1415960 709.2
1415970 709.8
1415980 709.8
1415990 710.2
1416000 710.5
1416010 710.5
1416020 711.1
1416030 711.7
1416040 712.5
1416050 712.5
1416060 713.7
1416070 714.8
1416080 714.8
1416090 715.8
1416100 716.5
1416110 716.5
1416120 717.1
1416130 717.9
1416140 717.9
1416150 718.7
1416160 719.5
1416170 719.5
1416180 720.3
1416190 721.1
1416200 721.1
1416210 722.2
1416220 723.1
1416230 723.9
1416240 723.9
1416250 723.8
1416260 724.9
1416270 724.9
1416280 726.2
1416290 727.6
1416300 727.6
1416310 728.8
1416320 729.6
1416330 729.6
1416340 730.2
1416350 731.0
1416360 731.0
1416370 731.4
1416380 731.2
1416390 731.2
1416400 731.9
1416410 733.2
1416420 734.2
1416430 734.2
1416440 734.9
1416450 735.5
1416460 735.5
1416470 735.9
1416480 736.3
1416490 736.3
1416500 736.7
1416510 737.4
1416520 737.4
1416530 738.0
1416540 738.2
1416550 738.2
1416560 738.6
1416570 739.1
1416580 739.7
1416590 739.7
1416600 740.1
1416610 740.4
1416620 740.4
1416630 740.6
1416640 741.0
1416650 741.0
1416660 741.9
1416670 743.0
1416680 743.0
1416690 743.5
1416700 743.7
1416710 743.7
1416720 744.3
1416730 745.4
1416740 745.4
1416750 745.5
1416760 745.7
1416770 746.1
1416780 746.1
1416790 746.8
1416800 747.4
1416810 747.4
1416820 747.9
1416830 748.3
1416840 748.3
1416850 748.8
1416860 749.6
1416870 749.6
1416880 750.1
1416890 750.1
1416900 750.1
1416910 750.0
1416920 750.1
1416930 750.1
1416940 750.6
1416950 751.3
1416960 752.2
1416970 752.2
1416980 753.2
1416990 754.0
1417000 754.0
1417010 754.5
1417020 754.8
1417030 754.8
1417040 756.7
1417050 757.5
1417060 757.5
1417070 758.3
1417080 758.6
1417090 758.6
1417100 758.8
1417110 759.4
1417120 759.4
1417130 760.5
1417140 761.6
1417150 761.9
1417160 761.9
1417170 761.9
1417180 762.6
1417190 762.6
1417200 763.3
1417210 764.0
1417220 764.0
1417230 764.7
1417240 764.4
1417250 764.4
1417260 763.6
1417270 763.9
1417280 763.9
1417290 764.6
1417300 765.6
1417310 766.7
1417320 766.7
1417330 767.8
1417340 769.7
1417350 769.7
1417360 771.2
1417370 771.8
1417380 771.8
1417390 772.4
1417400 773.7
1417410 773.7
1417420 774.5
1417430 775.4
1417440 775.4
1417450 776.2
1417460 777.0
1417470 777.0
1417480 777.8
1417490 778.6
1417500 779.4
1417510 779.4
1417520 780.1
1417530 780.8
1417540 780.8
1417550 781.7
1417560 782.4
1417570 782.4
1417580 783.3
1417590 784.2
1417600 784.2
1417610 784.8
1417620 785.0
1417630 785.0
1417640 785.1
1417650 785.2
1417660 785.2
1417670 785.6
1417680 786.2
1417690 787.2
1417700 787.2
1417710 788.6
1417720 790.1
1417730 790.1
1417740 791.0
1417750 791.6
1417760 791.6
1417770 792.3
1417780 793.8
1417790 793.8
1417800 794.6
1417810 794.9
1417820 794.9
1417830 795.4
1417840 795.9
1417850 796.4
1417860 796.4
1417870 796.9
1417880 797.8
1417890 797.8
1417900 798.9
1417910 799.4
1417920 799.4
1417930 799.5
1417940 799.5
1417950 799.5
1417960 799.5
1417970 799.8
1417980 799.8
1417990 800.5
1418000 801.0
1418010 801.0
1418020 801.6
1418030 802.0
1418040 802.4
1418050 802.4
1418060 802.8
1418070 802.7
1418080 802.7
1418090 802.8
1418100 803.4
1418110 803.4
1418120 802.5
1418130 803.1
1418140 803.1
1418150 803.4
1418160 803.6
1418170 803.6
1418180 804.2
1418190 804.6
1418200 804.6
1418210 804.9
1418220 805.7
1418230 807.8
1418240 807.8
1418250 808.9
1418260 810.1
1418270 810.1
1418280 810.4
1418290 810.2
1418300 810.2
1418310 810.0
1418320 810.2
1418330 810.2
1418340 810.8
1418350 811.3
1418360 811.3
1418370 812.2
1418380 813.3
1418390 813.3
1418400 814.1
1418410 814.8
1418420 815.0
1418430 815.0
1418440 815.2
1418450 815.5
1418460 815.5
1418470 815.7
1418480 816.0
1418490 816.0
1418500 816.9
1418510 817.1
1418520 817.1
1418530 817.0
1418540 817.1
1418550 817.1
1418560 817.4
1418570 817.9
1418580 818.1
1418590 818.1
1418600 818.3
1418610 818.6
1418620 818.6
1418630 819.2
1418640 820.2
1418650 820.2
1418660 820.8
1418670 821.1
1418680 821.1
1418690 821.0
1418700 820.9
1418710 820.9
1418720 820.8
1418730 821.0
1418740 821.0
1418750 821.4
1418760 822.1
1418770 823.0
1418780 823.0
1418790 823.9
1418800 825.2
1418810 825.2
1418820 824.6
1418830 824.6
1418840 824.6
1418850 824.9
1418860 825.0
1418870 825.0
1418880 825.3
1418890 825.9
1418900 825.9
1418910 826.9
1418920 827.5
1418930 827.5
1418940 827.9
1418950 828.0
1418960 828.1
1418970 828.1
1418980 828.4
1418990 829.1
1419000 829.1
1419010 828.9
1419020 828.5
1419030 828.5
1419040 828.6
1419050 828.6
1419060 828.6
1419070 828.7
1419080 828.8
1419090 828.8
1419100 829.3
1419110 829.6
1419120 829.6
1419130 829.7
1419140 829.8
1419150 830.3
1419160 830.3
1419170 829.8
1419180 829.6
1419190 829.6
1419200 829.4
1419210 829.4
1419220 829.4
1419230 830.1
1419240 831.4
1419250 831.4
1419260 831.8
1419270 831.8
1419280 831.8
1419290 831.7
1419300 831.7
1419310 831.8
1419320 831.8
1419330 831.4
1419340 831.3
1419350 831.3
1419360 831.3
1419370 831.8
1419380 831.8
1419390 833.4
1419400 833.5
1419410 833.5
1419420 833.3
1419430 833.1
1419440 833.1
1419450 833.1
1419460 832.9
1419470 832.9
1419480 832.7
1419490 832.5
1419500 832.4
1419510 832.4
1419520 831.9
1419530 831.2
1419540 831.2
1419550 830.9
1419560 830.9
1419570 830.9
1419580 831.1
1419590 831.3
1419600 831.3
1419610 831.1
1419620 830.9
1419630 830.9
1419640 830.9
1419650 831.0
1419660 831.0
1419670 831.4
1419680 831.1
1419690 830.8
1419700 830.8
1419710 830.5
1419720 830.2
1419730 830.2
1419740 829.7
1419750 828.7
1419760 828.7
1419770 827.9
1419780 828.0
1419790 828.0
1419800 827.7
1419810 827.5
1419820 827.5
1419830 827.3
1419840 826.7
1419850 826.7
1419860 824.7
1419870 824.0
1419880 824.0
1419890 824.0
1419900 824.3
1419910 824.4
1419920 824.4
1419930 823.3
1419940 822.4
1419950 822.4
1419960 821.6
1419970 821.1
1419980 821.1
1419990 820.7
