1400000 2186.8
1400010 2186.8
1400020 2189.7
1400030 2193.9
1400040 2193.9
1400050 2198.2
1400060 2201.3
1400070 2201.3
1400080 2203.5
1400090 2204.9
1400100 2204.9
1400110 2206.4
1400120 2208.4
1400130 2208.4
1400140 2211.6
1400150 2214.8
1400160 2217.4
1400170 2217.4
1400180 2219.9
1400190 2222.7
1400200 2222.7
1400210 2226.0
1400220 2229.7
1400230 2229.7
1400240 2233.6
1400250 2238.4
1400260 2238.4
1400270 2243.8
1400280 2249.5
1400290 2249.5
1400300 2255.7
1400310 2262.0
1400320 2268.5
1400330 2268.5
1400340 2275.3
1400350 2282.0
1400360 2282.0
1400370 2288.5
1400380 2294.4
1400390 2294.4
1400400 2299.1
1400410 2303.5
1400420 2303.5
1400430 2307.9
1400440 2310.4
1400450 2310.4
1400460 2311.5
1400470 2311.2
1400480 2311.2
1400490 2311.4
1400500 2313.1
1400510 2315.6
1400520 2315.6
1400530 2319.6
1400540 2323.6
1400550 2323.6
1400560 2327.7
1400570 2331.6
1400580 2331.6
1400590 2335.2
1400600 2338.4
1400610 2338.4
1400620 2341.5
1400630 2344.8
1400640 2344.8
1400650 2347.6
1400660 2349.4
1400670 2349.4
1400680 2352.1
1400690 2360.0
1400700 2362.4
1400710 2362.4
1400720 2365.2
1400730 2368.6
1400740 2368.6
1400750 2373.2
1400760 2379.9
1400770 2379.9
1400780 2387.1
1400790 2394.4
1400800 2394.4
1400810 2401.8
1400820 2409.6
1400830 2409.6
1400840 2418.3
1400850 2426.2
1400860 2426.2
1400870 2432.4
1400880 2437.4
1400890 2441.1
1400900 2441.1
1400910 2443.7
1400920 2446.5
1400930 2446.5
1400940 2450.7
1400950 2454.9
1400960 2454.9
1400970 2458.6
1400980 2461.9
1400990 2461.9
1401000 2465.7
1401010 2470.1
1401020 2470.1
1401030 2473.6
1401040 2477.8
1401050 2481.3
1401060 2481.3
1401070 2482.9
1401080 2479.5
1401090 2479.5
1401100 2473.2
1401110 2466.6
1401120 2466.6
1401130 2460.2
1401140 2453.9
1401150 2453.9
1401160 2449.8
1401170 2445.9
1401180 2445.9
1401190 2439.7
1401200 2436.3
1401210 2436.3
1401220 2438.4
1401230 2443.3
1401240 2446.8
1401250 2446.8
1401260 2449.2
1401270 2450.5
1401280 2450.5
1401290 2450.4
1401300 2451.3
1401310 2451.3
1401320 2452.9
1401330 2453.7
1401340 2453.7
1401350 2454.3
1401360 2454.4
1401370 2454.4
1401380 2455.9
1401390 2458.6
1401400 2458.6
1401410 2460.1
1401420 2460.5
1401430 2464.8
1401440 2464.8
1401450 2469.6
1401460 2475.4
1401470 2475.4
1401480 2481.9
1401490 2488.2
1401500 2488.2
1401510 2493.9
1401520 2499.7
1401530 2499.7
1401540 2506.1
1401550 2512.7
1401560 2512.7
1401570 2519.2
1401580 2525.7
1401590 2525.7
1401600 2532.3
1401610 2539.2
1401620 2540.4
1401630 2540.4
1401640 2532.0
1401650 2529.3
1401660 2529.3
1401670 2528.5
1401680 2525.5
1401690 2525.5
1401700 2523.2
1401710 2521.5
1401720 2521.5
1401730 2520.7
1401740 2521.6
1401750 2521.6
1401760 2523.2
1401770 2525.3
1401780 2525.3
1401790 2526.5
1401800 2527.6
1401810 2528.4
1401820 2528.4
1401830 2529.1
1401840 2530.5
1401850 2530.5
1401860 2530.8
1401870 2529.8
1401880 2529.8
1401890 2531.8
1401900 2534.7
1401910 2534.7
1401920 2536.6
1401930 2539.4
1401940 2539.4
1401950 2544.3
1401960 2548.0
1401970 2549.4
1401980 2549.4
1401990 2547.7
1402000 2540.0
1402010 2540.0
1402020 2538.7
1402030 2536.9
1402040 2536.9
1402050 2538.1
1402060 2537.0
1402070 2537.0
1402080 2529.1
1402090 2517.7
1402100 2517.7
1402110 2511.6
1402120 2507.2
1402130 2507.2
1402140 2504.0
1402150 2501.4
1402160 2495.9
1402170 2495.9
1402180 2488.9
1402190 2481.9
1402200 2481.9
1402210 2471.5
1402220 2470.6
1402230 2470.6
1402240 2471.2
1402250 2468.4
1402260 2468.4
1402270 2462.0
1402280 2455.3
1402290 2455.3
1402300 2449.4
1402310 2445.0
1402320 2445.0
1402330 2441.4
1402340 2438.1
1402350 2434.6
1402360 2434.6
1402370 2431.7
1402380 2428.4
1402390 2428.4
1402400 2426.1
1402410 2425.0
1402420 2425.0
1402430 2425.3
1402440 2425.4
1402450 2425.4
1402460 2424.7
1402470 2424.1
1402480 2424.1
1402490 2423.6
1402500 2422.7
1402510 2422.7
1402520 2421.6
1402530 2420.8
1402540 2422.2
1402550 2422.2
1402560 2424.2
1402570 2426.4
1402580 2426.4
1402590 2426.0
1402600 2424.6
1402610 2424.6
1402620 2423.9
1402630 2426.7
1402640 2426.7
1402650 2429.6
1402660 2432.1
1402670 2432.1
1402680 2432.3
1402690 2431.7
1402700 2433.0
1402710 2433.0
1402720 2436.1
1402730 2438.7
1402740 2438.7
1402750 2438.4
1402760 2436.5
1402770 2436.5
1402780 2433.5
1402790 2425.7
1402800 2425.7
1402810 2419.3
1402820 2413.9
1402830 2413.9
1402840 2408.6
1402850 2405.5
1402860 2405.5
1402870 2404.4
1402880 2403.1
1402890 2400.5
1402900 2400.5
1402910 2398.1
1402920 2395.7
1402930 2395.7
1402940 2394.0
1402950 2393.5
1402960 2393.5
1402970 2393.4
1402980 2395.5
1402990 2395.5
1403000 2395.3
1403010 2391.4
1403020 2391.4
1403030 2387.8
1403040 2387.1
1403050 2387.1
1403060 2387.2
1403070 2387.4
1403080 2387.0
1403090 2387.0
1403100 2386.8
1403110 2387.3
1403120 2387.3
1403130 2390.6
1403140 2395.1
1403150 2395.1
1403160 2400.2
1403170 2404.4
1403180 2404.4
1403190 2407.3
1403200 2410.8
1403210 2410.8
1403220 2414.7
1403230 2417.5
1403240 2417.5
1403250 2418.2
1403260 2418.5
1403270 2420.4
1403280 2420.4
1403290 2420.2
1403300 2422.5
1403310 2422.5
1403320 2426.3
1403330 2433.3
1403340 2433.3
1403350 2438.5
1403360 2444.7
1403370 2444.7
1403380 2452.5
1403390 2456.1
1403400 2456.1
1403410 2460.1
1403420 2463.2
1403430 2466.7
1403440 2466.7
1403450 2470.5
1403460 2474.3
1403470 2474.3
1403480 2476.9
1403490 2479.9
1403500 2479.9
1403510 2483.1
1403520 2486.1
1403530 2486.1
1403540 2489.2
1403550 2491.4
1403560 2491.4
1403570 2493.2
1403580 2495.9
1403590 2495.9
1403600 2497.9
1403610 2500.9
1403620 2504.1
1403630 2504.1
1403640 2507.1
1403650 2510.9
1403660 2510.9
1403670 2516.3
1403680 2519.7
1403690 2519.7
1403700 2522.9
1403710 2526.7
1403720 2526.7
1403730 2530.9
1403740 2534.8
1403750 2534.8
1403760 2534.5
1403770 2538.4
1403780 2538.4
1403790 2542.9
1403800 2548.5
1403810 2555.2
1403820 2555.2
1403830 2560.6
1403840 2565.2
1403850 2565.2
1403860 2569.3
1403870 2573.8
1403880 2573.8
1403890 2579.7
1403900 2586.1
1403910 2586.1
1403920 2592.0
1403930 2597.9
1403940 2597.9
1403950 2604.4
1403960 2608.7
1403970 2608.7
1403980 2611.4
1403990 2614.9
1404000 2619.9
1404010 2619.9
1404020 2625.8
1404030 2632.8
1404040 2632.8
1404050 2641.7
1404060 2647.7
1404070 2647.7
1404080 2650.0
1404090 2649.3
1404100 2649.3
1404110 2645.1
1404120 2638.3
1404130 2638.3
1404140 2634.1
1404150 2624.8
1404160 2612.5
1404170 2612.5
1404180 2599.9
1404190 2587.2
1404200 2587.2
1404210 2573.1
1404220 2563.4
1404230 2563.4
1404240 2559.9
1404250 2555.4
1404260 2555.4
1404270 2550.5
1404280 2543.9
1404290 2543.9
1404300 2531.2
1404310 2519.0
1404320 2519.0
1404330 2504.7
1404340 2490.6
1404350 2477.8
1404360 2477.8
1404370 2468.6
1404380 2461.8
1404390 2461.8
1404400 2455.3
1404410 2448.6
1404420 2448.6
1404430 2442.6
1404440 2430.3
1404450 2430.3
1404460 2413.9
1404470 2403.9
1404480 2403.9
1404490 2395.9
1404500 2389.4
1404510 2389.4
1404520 2383.8
1404530 2378.4
1404540 2372.5
1404550 2372.5
1404560 2366.5
1404570 2360.3
1404580 2360.3
1404590 2354.0
1404600 2348.1
1404610 2348.1
1404620 2342.8
1404630 2338.4
1404640 2338.4
1404650 2334.7
1404660 2331.1
1404670 2331.1
1404680 2327.7
1404690 2324.9
1404700 2324.9
1404710 2322.5
1404720 2319.9
1404730 2316.5
1404740 2316.5
1404750 2314.7
1404760 2314.1
1404770 2314.1
1404780 2313.5
1404790 2313.0
1404800 2313.0
1404810 2311.3
1404820 2309.1
1404830 2309.1
1404840 2308.5
1404850 2307.7
1404860 2307.7
1404870 2306.6
1404880 2305.5
1404890 2305.5
1404900 2303.7
1404910 2303.0
1404920 2304.1
1404930 2304.1
1404940 2307.9
1404950 2308.9
1404960 2308.9
1404970 2309.7
1404980 2307.9
1404990 2307.9
1405000 2304.6
1405010 2305.8
1405020 2305.8
1405030 2309.7
1405040 2316.0
1405050 2316.0
1405060 2321.0
1405070 2319.1
1405080 2318.9
1405090 2318.9
1405100 2322.2
1405110 2327.6
1405120 2327.6
1405130 2334.5
1405140 2338.0
1405150 2338.0
1405160 2338.7
1405170 2334.8
1405180 2334.8
1405190 2336.8
1405200 2342.7
1405210 2342.7
1405220 2346.4
1405230 2347.6
1405240 2347.6
1405250 2349.2
1405260 2349.5
1405270 2349.1
1405280 2349.1
1405290 2352.1
1405300 2360.3
1405310 2360.3
1405320 2367.6
1405330 2372.9
1405340 2378.9
1405350 2383.2
1405360 2385.8
1405370 2385.8
1405380 2386.7
1405390 2386.9
1405400 2386.9
1405410 2387.0
1405420 2386.9
1405430 2386.9
1405440 2387.3
1405450 2388.7
1405460 2389.3
1405470 2389.3
1405480 2387.7
1405490 2385.2
1405500 2385.2
1405510 2382.3
1405520 2379.2
1405530 2379.2
1405540 2376.1
1405550 2371.8
1405560 2371.8
1405570 2367.7
1405580 2363.4
1405590 2363.4
1405600 2357.7
1405610 2350.6
1405620 2350.6
1405630 2344.1
1405640 2338.7
1405650 2334.0
1405660 2334.0
1405670 2328.9
1405680 2324.1
1405690 2324.1
1405700 2319.6
1405710 2315.2
1405720 2315.2
1405730 2311.2
1405740 2308.1
1405750 2308.1
1405760 2305.0
1405770 2301.4
1405780 2301.4
1405790 2297.6
1405800 2293.6
1405810 2290.0
1405820 2290.0
1405830 2286.8
1405840 2284.2
1405850 2284.2
1405860 2282.1
1405870 2280.0
1405880 2280.0
1405890 2277.2
1405900 2274.5
1405910 2274.5
1405920 2272.6
1405930 2270.7
1405940 2270.7
1405950 2267.4
1405960 2263.6
1405970 2263.6
1405980 2259.5
1405990 2254.9
1406000 2249.9
1406010 2249.9
1406020 2244.5
1406030 2237.6
1406040 2237.6
1406050 2230.7
1406060 2225.5
1406070 2225.5
1406080 2222.3
1406090 2219.0
1406100 2219.0
1406110 2215.2
1406120 2211.3
1406130 2211.3
1406140 2207.9
1406150 2205.6
1406160 2205.6
1406170 2202.9
1406180 2200.2
1406190 2196.7
1406200 2196.7
1406210 2193.5
1406220 2190.0
1406230 2190.0
1406240 2186.8
1406250 2183.6
1406260 2183.6
1406270 2179.1
1406280 2174.3
1406290 2174.3
1406300 2169.4
1406310 2165.0
1406320 2165.0
1406330 2161.0
1406340 2156.5
1406350 2156.5
1406360 2152.7
1406370 2149.4
1406380 2146.2
1406390 2146.2
1406400 2143.6
1406410 2141.9
1406420 2141.9
1406430 2139.3
1406440 2135.4
1406450 2135.4
1406460 2130.9
1406470 2127.6
1406480 2127.6
1406490 2124.9
1406500 2120.5
1406510 2120.5
1406520 2115.0
1406530 2109.6
1406540 2104.6
1406550 2104.6
1406560 2100.4
1406570 2097.6
1406580 2097.6
1406590 2095.5
1406600 2092.4
1406610 2092.4
1406620 2088.6
1406630 2084.9
1406640 2084.9
1406650 2081.5
1406660 2078.7
1406670 2078.7
1406680 2076.1
1406690 2073.4
1406700 2073.4
1406710 2071.3
1406720 2069.4
1406730 2067.4
1406740 2067.4
1406750 2065.5
1406760 2063.5
1406770 2063.5
1406780 2061.4
1406790 2059.0
1406800 2059.0
1406810 2056.0
1406820 2052.8
1406830 2052.8
1406840 2049.6
1406850 2047.0
1406860 2047.0
1406870 2045.7
1406880 2044.8
1406890 2044.8
1406900 2042.7
1406910 2039.9
1406920 2037.1
1406930 2037.1
1406940 2033.7
1406950 2027.5
1406960 2027.5
1406970 2022.1
1406980 2016.6
1406990 2016.6
1407000 2010.6
1407010 2004.3
1407020 2004.3
1407030 1997.9
1407040 1992.0
1407050 1992.0
1407060 1985.9
1407070 1979.1
1407080 1979.1
1407090 1972.2
1407100 1965.7
1407110 1961.0
1407120 1961.0
1407130 1957.1
1407140 1953.5
1407150 1953.5
1407160 1949.7
1407170 1945.0
1407180 1945.0
1407190 1938.9
1407200 1934.3
1407210 1934.3
1407220 1931.4
1407230 1928.8
1407240 1928.8
1407250 1925.3
1407260 1920.2
1407270 1913.5
1407280 1913.5
1407290 1906.3
1407300 1900.6
1407310 1900.6
1407320 1895.4
1407330 1891.7
1407340 1891.7
1407350 1889.8
1407360 1887.8
1407370 1887.8
1407380 1883.5
1407390 1877.0
1407400 1877.0
1407410 1869.1
1407420 1862.0
1407430 1862.0
1407440 1859.9
1407450 1861.0
1407460 1860.8
1407470 1860.8
1407480 1861.2
1407490 1865.4
1407500 1865.4
1407510 1871.2
1407520 1875.4
1407530 1875.4
1407540 1878.2
1407550 1880.4
1407560 1880.4
1407570 1882.7
1407580 1885.6
1407590 1885.6
1407600 1888.2
1407610 1892.3
1407620 1892.3
1407630 1897.2
1407640 1902.2
1407650 1906.3
1407660 1906.3
1407670 1910.4
1407680 1915.7
1407690 1915.7
1407700 1921.7
1407710 1927.8
1407720 1927.8
1407730 1934.2
1407740 1940.2
1407750 1940.2
1407760 1945.5
1407770 1949.7
1407780 1949.7
1407790 1953.4
1407800 1957.2
1407810 1957.2
1407820 1962.8
1407830 1969.7
1407840 1976.4
1407850 1976.4
1407860 1984.6
1407870 1994.3
1407880 1994.3
1407890 2002.2
1407900 2005.9
1407910 2005.9
1407920 2007.3
1407930 2008.7
1407940 2008.7
1407950 2010.3
1407960 2010.6
1407970 2010.6
1407980 2010.2
1407990 2007.9
1408000 2007.9
1408010 2006.0
1408020 2004.4
1408030 2001.9
1408040 2001.9
1408050 1998.7
1408060 1995.9
1408070 1995.9
1408080 1996.6
1408090 2001.9
1408100 2001.9
1408110 2007.1
1408120 2009.1
1408130 2009.1
1408140 2011.2
1408150 2011.3
1408160 2011.3
1408170 2010.3
1408180 2007.1
1408190 2004.8
1408200 2004.8
1408210 2000.9
1408220 1997.2
1408230 1997.2
1408240 1991.7
1408250 1983.8
1408260 1983.8
1408270 1977.6
1408280 1975.6
1408290 1975.6
1408300 1976.1
1408310 1977.9
1408320 1977.9
1408330 1980.1
1408340 1980.1
1408350 1980.1
1408360 1979.0
1408370 1977.8
1408380 1979.0
1408390 1979.0
1408400 1981.9
1408410 1983.1
1408420 1983.1
1408430 1983.2
1408440 1983.8
1408450 1983.8
1408460 1982.9
1408470 1981.8
1408480 1981.8
1408490 1981.3
1408500 1979.9
1408510 1979.9
1408520 1977.8
1408530 1975.0
1408540 1975.0
1408550 1970.3
1408560 1965.2
1408570 1959.6
1408580 1959.6
1408590 1959.9
1408600 1954.5
1408610 1954.5
1408620 1949.3
1408630 1944.3
1408640 1944.3
1408650 1940.7
1408660 1936.5
1408670 1936.5
1408680 1932.5
1408690 1928.8
1408700 1928.8
1408710 1925.0
1408720 1921.5
1408730 1921.5
1408740 1919.1
1408750 1917.2
1408760 1914.8
1408770 1914.8
1408780 1910.9
1408790 1906.2
1408800 1906.2
1408810 1901.5
1408820 1897.1
1408830 1897.1
1408840 1892.7
1408850 1889.1
1408860 1889.1
1408870 1886.7
1408880 1883.6
1408890 1883.6
1408900 1880.7
1408910 1878.8
1408920 1876.9
1408930 1876.9
1408940 1875.5
1408950 1873.3
1408960 1873.3
1408970 1869.7
1408980 1866.0
1408990 1866.0
1409000 1861.8
1409010 1857.7
1409020 1857.7
1409030 1853.5
1409040 1849.1
1409050 1849.1
1409060 1844.6
1409070 1840.4
1409080 1840.4
1409090 1836.6
1409100 1831.4
1409110 1824.9
1409120 1824.9
1409130 1819.4
1409140 1813.9
1409150 1813.9
1409160 1809.2
1409170 1804.7
1409180 1804.7
1409190 1800.0
1409200 1794.7
1409210 1794.7
1409220 1789.7
1409230 1785.7
1409240 1785.7
1409250 1782.1
1409260 1778.1
1409270 1778.1
1409280 1774.5
1409290 1771.7
1409300 1767.5
1409310 1767.5
1409320 1763.0
1409330 1756.9
1409340 1756.9
1409350 1751.1
1409360 1746.6
1409370 1746.6
1409380 1741.3
1409390 1736.9
1409400 1736.9
1409410 1734.0
1409420 1730.4
1409430 1730.4
1409440 1726.6
1409450 1723.7
1409460 1723.7
1409470 1719.8
1409480 1715.6
1409490 1711.8
1409500 1711.8
1409510 1708.0
1409520 1703.8
1409530 1703.8
1409540 1700.3
1409550 1696.2
1409560 1696.2
1409570 1692.9
1409580 1689.3
1409590 1689.3
1409600 1684.7
1409610 1678.8
1409620 1678.8
1409630 1673.4
1409640 1668.8
1409650 1664.4
1409660 1664.4
1409670 1659.9
1409680 1656.2
1409690 1656.2
1409700 1652.8
1409710 1648.8
1409720 1648.8
1409730 1645.1
1409740 1641.2
1409750 1641.2
1409760 1636.2
1409770 1630.5
1409780 1630.5
1409790 1624.5
1409800 1619.5
1409810 1619.5
1409820 1615.3
1409830 1611.1
1409840 1607.0
1409850 1607.0
1409860 1603.5
1409870 1601.5
1409880 1601.5
1409890 1599.7
1409900 1595.4
1409910 1595.4
1409920 1590.6
1409930 1591.1
1409940 1591.1
1409950 1593.2
1409960 1591.2
1409970 1591.2
1409980 1588.5
1409990 1585.3
1410000 1585.3
1410010 1584.0
1410020 1581.2
1410030 1576.8
1410040 1576.8
1410050 1571.2
1410060 1565.2
1410070 1565.2
1410080 1558.8
1410090 1552.6
1410100 1552.6
1410110 1547.4
1410120 1543.3
1410130 1543.3
1410140 1540.8
1410150 1537.2
1410160 1537.2
1410170 1532.7
1410180 1528.3
1410190 1528.3
1410200 1524.0
1410210 1521.7
1410220 1519.9
1410230 1519.9
1410240 1516.4
1410250 1511.8
1410260 1511.8
1410270 1512.2
1410280 1509.6
1410290 1509.6
1410300 1507.2
1410310 1505.3
1410320 1505.3
1410330 1503.4
1410340 1500.4
1410350 1500.4
1410360 1497.3
1410370 1494.9
1410380 1492.8
1410390 1492.8
1410400 1490.6
1410410 1487.7
1410420 1487.7
1410430 1484.8
1410440 1482.2
1410450 1482.2
1410460 1480.4
1410470 1478.6
1410480 1478.6
1410490 1476.9
1410500 1475.6
1410510 1475.6
1410520 1473.6
1410530 1471.8
1410540 1471.8
1410550 1470.2
1410560 1469.1
1410570 1468.2
1410580 1468.2
1410590 1468.2
1410600 1469.4
1410610 1469.4
1410620 1470.8
1410630 1470.5
1410640 1470.5
1410650 1469.3
1410660 1467.6
1410670 1467.6
1410680 1465.3
1410690 1462.5
1410700 1462.5
1410710 1459.5
1410720 1456.4
1410730 1456.4
1410740 1453.6
1410750 1449.6
1410760 1444.4
1410770 1444.4
1410780 1438.7
1410790 1433.6
1410800 1433.6
1410810 1429.3
1410820 1426.0
1410830 1426.0
1410840 1422.4
1410850 1419.3
1410860 1419.3
1410870 1415.8
1410880 1412.0
1410890 1412.0
1410900 1408.3
1410910 1404.7
1410920 1404.7
1410930 1400.9
1410940 1396.9
1410950 1392.5
1410960 1392.5
1410970 1388.8
1410980 1385.1
1410990 1385.1
1411000 1382.7
1411010 1379.2
1411020 1379.2
1411030 1375.1
1411040 1371.5
1411050 1371.5
1411060 1367.0
1411070 1361.0
1411080 1361.0
1411090 1353.9
1411100 1347.5
1411110 1341.9
1411120 1341.9
1411130 1336.8
1411140 1332.4
1411150 1332.4
1411160 1328.0
1411170 1321.1
1411180 1321.1
1411190 1314.0
1411200 1310.1
1411210 1310.1
1411220 1306.3
1411230 1302.7
1411240 1302.7
1411250 1300.4
1411260 1298.5
1411270 1298.5
1411280 1294.9
1411290 1288.1
1411300 1284.4
1411310 1284.4
1411320 1285.1
1411330 1282.9
1411340 1282.9
1411350 1278.4
1411360 1275.4
1411370 1275.4
1411380 1273.4
1411390 1272.0
1411400 1272.0
1411410 1269.2
1411420 1265.2
1411430 1265.2
1411440 1262.5
1411450 1261.0
1411460 1261.0
1411470 1258.6
1411480 1255.6
1411490 1253.0
1411500 1253.0
1411510 1250.0
1411520 1246.8
1411530 1246.8
1411540 1243.4
1411550 1240.5
1411560 1240.5
1411570 1237.9
1411580 1235.1
1411590 1235.1
1411600 1232.0
1411610 1228.1
1411620 1228.1
1411630 1224.5
1411640 1221.0
1411650 1221.0
1411660 1217.5
1411670 1214.1
1411680 1211.5
1411690 1211.5
1411700 1208.1
1411710 1205.1
1411720 1205.1
1411730 1202.0
1411740 1198.2
1411750 1198.2
1411760 1193.7
1411770 1188.4
1411780 1188.4
1411790 1182.4
1411800 1178.2
1411810 1178.2
1411820 1175.0
1411830 1169.6
1411840 1163.7
1411850 1163.7
1411860 1158.0
1411870 1151.8
1411880 1151.8
1411890 1145.7
1411900 1138.5
1411910 1138.5
1411920 1133.5
1411930 1130.5
1411940 1130.5
1411950 1127.8
1411960 1124.4
1411970 1124.4
1411980 1120.4
1411990 1118.9
1412000 1118.9
1412010 1115.4
1412020 1111.5
1412030 1107.7
1412040 1107.7
1412050 1104.8
1412060 1101.1
1412070 1101.1
1412080 1096.7
1412090 1092.9
1412100 1092.9
1412110 1089.6
1412120 1085.8
1412130 1085.8
1412140 1081.2
1412150 1076.4
1412160 1076.4
1412170 1071.5
1412180 1066.4
1412190 1066.4
1412200 1061.3
1412210 1055.6
1412220 1050.2
1412230 1050.2
1412240 1044.7
1412250 1039.4
1412260 1039.4
1412270 1034.0
1412280 1028.4
1412290 1028.4
1412300 1023.1
1412310 1017.2
1412320 1017.2
1412330 1010.4
1412340 1004.9
1412350 1004.9
1412360 1003.7
1412370 1002.4
1412380 1002.4
1412390 1000.9
1412400 998.2
1412410 992.5
1412420 992.5
1412430 985.4
1412440 978.0
1412450 978.0
1412460 970.9
1412470 964.9
1412480 964.9
1412490 960.2
1412500 955.1
1412510 955.1
1412520 949.2
1412530 943.0
1412540 943.0
1412550 937.0
1412560 933.4
1412570 937.9
1412580 937.9
1412590 941.3
1412600 936.4
1412610 936.4
1412620 928.1
1412630 920.4
1412640 920.4
1412650 912.7
1412660 904.9
1412670 904.9
1412680 895.3
1412690 883.4
1412700 883.4
1412710 872.2
1412720 864.9
1412730 864.9
1412740 859.3
1412750 856.1
1412760 854.3
1412770 854.3
1412780 851.3
1412790 848.8
1412800 848.8
1412810 846.8
1412820 845.0
1412830 845.0
1412840 842.2
1412850 836.8
1412860 836.8
1412870 831.2
1412880 822.7
1412890 822.7
1412900 814.4
1412910 808.8
1412920 808.8
1412930 805.4
1412940 801.4
1412950 793.4
1412960 793.4
1412970 784.3
1412980 775.9
1412990 775.9
1413000 769.9
1413010 767.0
1413020 767.0
1413030 762.5
1413040 755.9
1413050 755.9
1413060 748.3
1413070 743.9
1413080 743.9
1413090 743.4
1413100 743.4
1413110 743.4
1413120 743.7
1413130 744.4
1413140 745.1
1413150 745.1
1413160 745.8
1413170 745.1
1413180 745.1
1413190 744.5
1413200 744.0
1413210 744.0
1413220 743.6
1413230 743.2
1413240 743.2
1413250 743.0
1413260 742.9
1413270 742.9
1413280 742.9
1413290 743.0
1413300 743.4
1413310 743.4
1413320 743.7
1413330 743.5
1413340 743.5
1413350 743.2
1413360 743.1
1413370 743.1
1413380 742.9
1413390 742.6
1413400 742.6
1413410 741.8
1413420 741.4
1413430 741.4
1413440 741.3
1413450 741.3
1413460 741.3
1413470 741.4
1413480 741.5
1413490 742.0
1413500 742.0
1413510 741.7
1413520 741.3
1413530 741.3
1413540 740.7
1413550 739.7
1413560 739.7
1413570 738.7
1413580 738.0
1413590 738.0
1413600 737.4
1413610 737.0
1413620 737.0
1413630 736.5
1413640 735.9
1413650 735.9
1413660 735.1
1413670 734.3
1413680 733.5
1413690 733.5
1413700 732.5
1413710 731.5
1413720 731.5
1413730 730.6
1413740 729.7
1413750 730.7
1413760 729.9
1413770 729.3
1413780 729.3
1413790 728.7
1413800 727.8
1413810 727.8
1413820 727.0
1413830 726.3
1413840 726.3
1413850 725.7
1413860 724.8
1413870 723.9
1413880 723.9
1413890 722.9
1413900 722.1
1413910 722.1
1413920 721.5
1413930 721.0
1413940 721.0
1413950 720.8
1413960 720.1
1413970 720.1
1413980 719.3
1413990 718.2
1414000 718.2
1414010 716.9
1414020 715.8
1414030 715.0
1414040 715.0
1414050 714.4
1414060 713.8
1414070 713.8
1414080 712.9
1414090 712.2
1414100 712.2
1414110 711.4
1414120 710.9
1414130 710.9
1414140 710.2
1414150 709.9
1414160 709.9
1414170 709.3
1414180 708.6
1414190 708.6
1414200 707.9
1414210 707.2
1414220 706.5
1414230 706.5
1414240 705.9
1414250 705.3
1414260 705.3
1414270 704.6
1414280 703.9
1414290 703.9
1414300 703.2
1414310 702.6
1414320 702.6
1414330 701.9
1414340 701.2
1414350 701.2
1414360 700.4
1414370 699.5
1414380 699.5
1414390 697.8
1414400 695.0
1414410 692.3
1414420 692.3
1414430 691.6
1414440 691.5
1414450 691.5
1414460 691.5
1414470 691.5
1414480 691.5
1414490 692.8
1414500 697.1
1414510 697.1
1414520 698.4
1414530 698.5
1414540 698.5
1414550 698.2
1414560 697.9
1414570 697.9
1414580 697.4
1414590 696.9
1414600 697.0
1414610 697.0
1414620 699.0
1414630 703.3
1414640 703.3
1414650 708.7
1414660 712.1
1414670 712.1
1414680 716.0
1414690 720.6
1414700 720.6
1414710 723.8
1414720 726.8
1414730 726.8
1414740 729.7
1414750 731.2
1414760 731.2
1414770 732.9
1414780 733.9
1414790 735.1
1414800 735.1
1414810 739.8
1414820 744.4
1414830 744.4
1414840 749.1
1414850 754.1
1414860 754.1
1414870 759.2
1414880 764.2
1414890 764.2
1414900 768.8
1414910 773.7
1414920 773.7
1414930 779.5
1414940 785.7
1414950 792.1
1414960 792.1
1414970 798.1
1414980 802.9
1414990 802.9
1415000 806.9
1415010 811.2
1415020 811.2
1415030 816.3
1415040 821.7
1415050 821.7
1415060 826.6
1415070 830.9
1415080 830.9
1415090 834.9
1415100 840.4
1415110 840.4
1415120 847.9
1415130 855.7
1415140 858.5
1415150 858.5
1415160 857.9
1415170 860.5
1415180 860.5
1415190 863.1
1415200 865.0
1415210 865.0
1415220 867.1
1415230 869.3
1415240 869.3
1415250 871.3
1415260 872.5
1415270 872.5
1415280 872.9
1415290 872.8
1415300 872.8
1415310 872.5
1415320 872.5
1415330 872.5
1415340 872.5
1415350 872.4
1415360 872.2
1415370 872.2
1415380 872.0
1415390 871.7
1415400 871.7
1415410 872.0
1415420 873.0
1415430 873.0
1415440 875.4
1415450 878.6
1415460 878.6
1415470 878.6
1415480 877.8
1415490 877.8
1415500 876.8
1415510 874.6
1415520 871.4
1415530 871.4
1415540 867.4
1415550 868.2
1415560 868.2
1415570 861.9
1415580 854.2
1415590 854.2
1415600 848.0
1415610 843.9
1415620 843.9
1415630 842.1
1415640 841.4
1415650 841.4
1415660 840.9
1415670 840.1
1415680 839.1
1415690 839.1
1415700 838.3
1415710 837.0
1415720 837.0
1415730 835.0
1415740 833.3
1415750 833.3
1415760 834.8
1415770 836.1
1415780 836.1
1415790 837.6
1415800 839.6
1415810 839.6
1415820 841.2
1415830 841.9
1415840 841.9
1415850 841.7
1415860 840.7
1415870 839.7
1415880 839.7
1415890 838.4
1415900 836.6
1415910 836.6
1415920 833.9
1415930 830.6
1415940 830.6
1415950 827.5
1415960 824.4
1415970 824.4
1415980 821.5
1415990 818.3
1416000 818.3
1416010 814.8
1416020 811.2
1416030 811.2
1416040 808.5
1416050 806.8
1416060 806.2
1416070 806.2
1416080 806.0
1416090 806.0
1416100 806.0
1416110 806.4
1416120 807.3
1416130 807.3
1416140 808.3
1416150 809.0
1416160 809.0
1416170 809.6
1416180 810.1
1416190 810.1
1416200 810.3
1416210 810.0
1416220 810.0
1416230 809.8
1416240 810.0
1416250 810.1
1416260 810.1
1416270 810.1
1416280 810.3
1416290 810.3
1416300 810.7
1416310 811.5
1416320 811.5
1416330 812.5
1416340 813.7
1416350 813.7
1416360 815.3
1416370 816.8
1416380 816.8
1416390 817.6
1416400 818.3
1416410 819.5
1416420 819.5
1416430 821.1
1416440 822.8
1416450 822.8
1416460 824.0
1416470 825.0
1416480 825.0
1416490 826.0
1416500 827.1
1416510 827.1
1416520 828.5
1416530 830.4
1416540 830.4
1416550 833.1
1416560 835.5
1416570 835.5
1416580 837.9
1416590 839.0
1416600 839.8
1416610 839.8
1416620 840.6
1416630 841.5
1416640 841.5
1416650 842.6
1416660 843.9
1416670 843.9
1416680 845.3
1416690 846.8
1416700 846.8
1416710 848.3
1416720 849.8
1416730 849.8
1416740 851.4
1416750 853.0
1416760 853.0
1416770 854.7
1416780 856.4
1416790 858.0
1416800 858.0
1416810 859.3
1416820 860.7
1416830 860.7
1416840 862.2
1416850 863.8
1416860 863.8
1416870 865.2
1416880 866.6
1416890 866.6
1416900 868.2
1416910 870.2
1416920 870.2
1416930 872.9
1416940 873.9
1416950 873.9
1416960 874.8
1416970 875.7
1416980 876.3
1416990 876.3
1417000 877.2
1417010 878.1
1417020 878.1
1417030 879.2
1417040 880.5
1417050 880.5
1417060 882.4
1417070 883.8
1417080 883.8
1417090 884.7
1417100 885.2
1417110 885.2
1417120 885.8
1417130 886.6
1417140 887.8
1417150 887.8
1417160 888.6
1417170 889.1
1417180 889.1
1417190 889.4
1417200 889.6
1417210 889.6
1417220 889.6
1417230 889.6
1417240 889.6
1417250 889.8
1417260 890.1
1417270 890.1
1417280 890.2
1417290 890.4
1417300 890.4
1417310 890.8
1417320 891.5
1417330 892.1
1417340 892.1
1417350 892.8
1417360 893.3
1417370 893.3
1417380 893.8
1417390 894.2
1417400 892.2
1417410 892.5
1417420 893.2
1417430 893.2
1417440 892.6
1417450 892.1
1417460 892.1
1417470 891.6
1417480 891.4
1417490 891.4
1417500 891.5
1417510 891.8
1417520 892.1
1417530 892.1
1417540 892.3
1417550 892.4
1417560 892.4
1417570 892.2
1417580 892.1
1417590 892.1
1417600 892.0
1417610 891.9
1417620 891.9
1417630 891.5
1417640 890.6
1417650 890.6
1417660 889.9
1417670 889.4
1417680 889.4
1417690 888.9
1417700 888.7
1417710 889.3
1417720 889.3
1417730 889.0
1417740 887.8
1417750 887.8
1417760 886.9
1417770 886.0
1417780 886.0
1417790 885.0
1417800 884.2
1417810 884.2
1417820 883.7
1417830 883.6
1417840 883.6
1417850 882.9
1417860 880.9
1417870 879.5
1417880 879.5
1417890 879.4
1417900 879.7
1417910 879.7
1417920 880.0
1417930 879.9
1417940 879.9
1417950 879.9
1417960 880.2
1417970 880.2
1417980 880.7
1417990 881.3
1418000 881.3
1418010 882.2
1418020 882.5
1418030 882.5
1418040 882.6
1418050 882.6
1418060 883.4
1418070 883.4
1418080 884.8
1418090 885.6
1418100 885.6
1418110 886.0
1418120 886.8
1418130 886.8
1418140 887.9
1418150 889.3
1418160 889.3
1418170 890.5
1418180 892.1
1418190 892.1
1418200 894.1
1418210 895.1
1418220 895.1
1418230 896.6
1418240 897.7
1418250 898.7
1418260 898.7
1418270 899.6
1418280 900.8
1418290 900.8
1418300 902.4
1418310 903.8
1418320 903.8
1418330 904.7
1418340 905.6
1418350 905.6
1418360 906.6
1418370 907.6
1418380 907.6
1418390 908.7
1418400 909.7
1418410 909.7
1418420 910.4
1418430 911.2
1418440 912.1
1418450 912.1
1418460 912.8
1418470 913.6
1418480 913.6
1418490 914.4
1418500 915.9
1418510 915.9
1418520 916.9
1418530 917.5
1418540 917.5
1418550 918.2
1418560 919.0
1418570 919.0
1418580 920.1
1418590 921.1
1418600 921.9
1418610 921.9
1418620 922.1
1418630 922.6
1418640 922.6
1418650 923.6
1418660 925.1
1418670 925.1
1418680 927.3
1418690 928.3
1418700 928.3
1418710 928.9
1418720 929.2
1418730 929.2
1418740 929.9
1418750 929.9
1418760 929.9
1418770 929.9
1418780 930.6
1418790 931.4
1418800 931.4
1418810 932.1
1418820 932.6
1418830 932.6
1418840 932.6
1418850 932.8
1418860 932.8
1418870 933.4
1418880 934.4
1418890 934.4
1418900 935.5
1418910 936.1
1418920 936.1
1418930 936.4
1418940 936.9
1418950 936.9
1418960 937.9
1418970 940.0
1418980 941.2
1418990 941.2
1419000 941.1
1419010 941.4
1419020 941.4
1419030 941.8
1419040 942.0
1419050 942.0
1419060 942.2
1419070 942.4
1419080 942.4
1419090 943.0
1419100 943.7
1419110 943.7
1419120 942.7
1419130 942.6
1419140 942.6
1419150 942.5
1419160 942.6
1419170 942.9
1419180 942.9
1419190 943.1
1419200 943.4
1419210 943.4
1419220 943.7
1419230 944.2
1419240 944.2
1419250 945.1
1419260 944.7
1419270 944.7
1419280 944.7
1419290 944.9
1419300 943.6
1419310 943.7
1419320 943.8
1419330 943.8
1419340 943.8
1419350 943.9
1419360 944.2
1419370 944.2
1419380 944.3
1419390 944.4
1419400 944.4
1419410 944.5
1419420 944.4
1419430 944.4
1419440 944.4
1419450 945.1
1419460 945.1
1419470 945.1
1419480 944.8
1419490 944.8
1419500 944.3
1419510 943.7
1419520 943.3
1419530 943.3
1419540 944.0
1419550 943.7
1419560 943.7
1419570 943.6
1419580 943.5
1419590 943.5
1419600 943.2
1419610 943.0
1419620 943.0
1419630 943.4
1419640 943.2
1419650 943.2
1419660 943.0
1419670 943.2
1419680 943.2
1419690 943.0
1419700 943.1
1419710 943.1
1419720 943.1
1419730 943.4
1419740 943.8
1419750 943.8
1419760 943.8
1419770 943.4
1419780 943.4
1419790 941.6
1419800 940.4
1419810 940.4
1419820 940.0
1419830 939.1
1419840 939.1
1419850 938.1
1419860 936.5
1419870 936.5
1419880 935.2
1419890 934.5
1419900 933.2
1419910 933.2
1419920 931.8
1419930 931.0
1419940 931.0
1419950 929.7
1419960 928.4
1419970 928.4
1419980 927.3
1419990 926.0
