1400000 2001.1
1400010 2001.1
1400020 1992.1
1400030 1983.4
1400040 1975.4
1400050 1975.4
1400060 1967.7
1400070 1959.5
1400080 1959.5
1400090 1951.4
1400100 1943.5
1400110 1943.5
1400120 1936.7
1400130 1927.0
1400140 1927.0
1400150 1919.2
1400160 1912.4
1400170 1912.4
1400180 1903.5
1400190 1895.3
1400200 1895.3
1400210 1888.3
1400220 1880.0
1400230 1872.4
1400240 1872.4
1400250 1865.5
1400260 1852.4
1400270 1852.4
1400280 1840.1
1400290 1833.3
1400300 1833.3
1400310 1827.8
1400320 1823.2
1400330 1823.2
1400340 1818.7
1400350 1810.9
1400360 1810.9
1400370 1802.6
1400380 1793.2
1400390 1786.6
1400400 1786.6
1400410 1782.6
1400420 1779.9
1400430 1779.9
1400440 1776.8
1400450 1772.4
1400460 1772.4
1400470 1766.2
1400480 1760.3
1400490 1760.3
1400500 1753.9
1400510 1748.1
1400520 1748.1
1400530 1742.2
1400540 1735.5
1400550 1735.5
1400560 1722.6
1400570 1710.2
1400580 1701.8
1400590 1701.8
1400600 1694.1
1400610 1687.4
1400620 1687.4
1400630 1681.0
1400640 1673.4
1400650 1673.4
1400660 1666.7
1400670 1660.7
1400680 1660.7
1400690 1654.2
1400700 1647.8
1400710 1647.8
1400720 1638.0
1400730 1629.4
1400740 1629.4
1400750 1630.3
1400760 1628.7
1400770 1626.4
1400780 1626.4
1400790 1623.4
1400800 1621.0
1400810 1621.0
1400820 1620.2
1400830 1623.0
1400840 1623.0
1400850 1624.0
1400860 1622.1
1400870 1622.1
1400880 1620.5
1400890 1620.7
1400900 1620.7
1400910 1619.8
1400920 1619.0
1400930 1619.0
1400940 1619.6
1400950 1621.8
1400960 1624.7
1400970 1624.7
1400980 1628.0
1400990 1630.9
1401000 1630.9
1401010 1633.0
1401020 1635.3
1401030 1635.3
1401040 1638.7
1401050 1641.7
1401060 1641.7
1401070 1645.4
1401080 1649.1
1401090 1649.1
1401100 1652.0
1401110 1653.6
1401120 1653.6
1401130 1655.7
1401140 1659.0
1401150 1663.8
1401160 1663.8
1401170 1671.2
1401180 1678.6
1401190 1678.6
1401200 1686.4
1401210 1694.9
1401220 1694.9
1401230 1702.1
1401240 1714.0
1401250 1714.0
1401260 1726.6
1401270 1734.0
1401280 1734.0
1401290 1740.0
1401300 1743.5
1401310 1743.5
1401320 1749.4
1401330 1760.3
1401340 1770.4
1401350 1770.4
1401360 1776.6
1401370 1781.1
1401380 1781.1
1401390 1785.1
1401400 1789.3
1401410 1789.3
1401420 1793.4
1401430 1797.2
1401440 1797.2
1401450 1802.3
1401460 1806.0
1401470 1806.0
1401480 1808.5
1401490 1811.4
1401500 1811.4
1401510 1816.0
1401520 1821.8
1401530 1827.8
1401540 1827.8
1401550 1833.0
1401560 1837.9
1401570 1837.9
1401580 1841.8
1401590 1845.6
1401600 1845.6
1401610 1849.8
1401620 1854.7
1401630 1854.7
1401640 1863.8
1401650 1870.1
1401660 1870.1
1401670 1875.8
1401680 1882.8
1401690 1888.4
1401700 1888.4
1401710 1893.7
1401720 1898.6
1401730 1898.6
1401740 1904.6
1401750 1912.2
1401760 1912.2
1401770 1917.4
1401780 1922.3
1401790 1922.3
1401800 1928.0
1401810 1933.9
1401820 1933.9
1401830 1938.0
1401840 1940.6
1401850 1940.6
1401860 1942.5
1401870 1944.1
1401880 1945.6
1401890 1945.6
1401900 1947.5
1401910 1952.4
1401920 1952.4
1401930 1958.5
1401940 1963.5
1401950 1963.5
1401960 1968.6
1401970 1974.8
1401980 1974.8
1401990 1981.9
1402000 1989.9
1402010 1989.9
1402020 1997.3
1402030 2004.7
1402040 2004.7
1402050 2011.6
1402060 2018.7
1402070 2025.7
1402080 2025.7
1402090 2031.5
1402100 2037.6
1402110 2037.6
1402120 2043.8
1402130 2050.4
1402140 2050.4
1402150 2055.3
1402160 2060.7
1402170 2060.7
1402180 2064.8
1402190 2069.2
1402200 2069.2
1402210 2073.7
1402220 2078.1
1402230 2078.1
1402240 2083.3
1402250 2089.0
1402260 2092.6
1402270 2092.6
1402280 2097.0
1402290 2102.4
1402300 2102.4
1402310 2106.9
1402320 2112.1
1402330 2112.1
1402340 2116.9
1402350 2114.2
1402360 2114.2
1402370 2115.4
1402380 2120.6
1402390 2120.6
1402400 2125.7
1402410 2132.7
1402420 2132.7
1402430 2140.0
1402440 2147.7
1402450 2154.6
1402460 2154.6
1402470 2161.1
1402480 2162.5
1402490 2162.5
1402500 2161.1
1402510 2160.8
1402520 2160.8
1402530 2157.6
1402540 2153.4
1402550 2153.4
1402560 2148.8
1402570 2147.0
1402580 2147.0
1402590 2146.9
1402600 2146.3
1402610 2146.3
1402620 2144.6
1402630 2141.9
1402640 2140.6
1402650 2140.6
1402660 2140.9
1402670 2142.3
1402680 2142.3
1402690 2143.9
1402700 2146.1
1402710 2146.1
1402720 2147.9
1402730 2149.0
1402740 2149.0
1402750 2151.6
1402760 2154.1
1402770 2154.1
1402780 2157.3
1402790 2159.1
1402800 2159.1
1402810 2159.2
1402820 2158.0
1402830 2158.6
1402840 2158.6
1402850 2159.6
1402860 2160.5
1402870 2160.5
1402880 2161.2
1402890 2163.7
1402900 2163.7
1402910 2166.6
1402920 2170.2
1402930 2170.2
1402940 2175.3
1402950 2181.3
1402960 2181.3
1402970 2187.2
1402980 2192.3
1402990 2197.8
1403000 2197.8
1403010 2205.6
1403020 2212.6
1403030 2212.6
1403040 2216.3
1403050 2219.0
1403060 2219.0
1403070 2222.5
1403080 2227.4
1403090 2227.4
1403100 2231.6
1403110 2233.4
1403120 2233.4
1403130 2233.8
1403140 2235.1
1403150 2235.1
1403160 2237.7
1403170 2242.3
1403180 2245.1
1403190 2245.1
1403200 2246.5
1403210 2245.1
1403220 2245.1
1403230 2241.5
1403240 2237.9
1403250 2237.9
1403260 2234.4
1403270 2231.4
1403280 2231.4
1403290 2228.0
1403300 2223.6
1403310 2223.6
1403320 2219.2
1403330 2216.0
1403340 2216.0
1403350 2213.4
1403360 2210.5
1403370 2207.5
1403380 2207.5
1403390 2204.7
1403400 2201.7
1403410 2201.7
1403420 2198.7
1403430 2196.1
1403440 2196.1
1403450 2192.8
1403460 2188.2
1403470 2188.2
1403480 2183.0
1403490 2177.8
1403500 2177.8
1403510 2173.1
1403520 2168.5
1403530 2168.5
1403540 2164.1
1403550 2159.7
1403560 2155.5
1403570 2155.5
1403580 2152.1
1403590 2149.5
1403600 2149.5
1403610 2146.0
1403620 2143.0
1403630 2143.0
1403640 2140.4
1403650 2137.8
1403660 2137.8
1403670 2134.7
1403680 2130.8
1403690 2130.8
1403700 2128.1
1403710 2126.3
1403720 2126.3
1403730 2125.3
1403740 2124.3
1403750 2123.0
1403760 2123.0
1403770 2120.9
1403780 2118.6
1403790 2118.6
1403800 2115.5
1403810 2111.3
1403820 2111.3
1403830 2107.5
1403840 2105.1
1403850 2105.1
1403860 2103.5
1403870 2101.4
1403880 2101.4
1403890 2099.1
1403900 2096.4
1403910 2096.4
1403920 2093.4
1403930 2090.1
1403940 2086.7
1403950 2086.7
1403960 2083.6
1403970 2080.6
1403980 2080.6
1403990 2077.7
1404000 2075.0
1404010 2075.0
1404020 2072.0
1404030 2069.3
1404040 2069.3
1404050 2066.9
1404060 2064.0
1404070 2064.0
1404080 2060.2
1404090 2055.8
1404100 2055.8
1404110 2050.8
1404120 2045.7
1404130 2040.4
1404140 2040.4
1404150 2034.8
1404160 2030.9
1404170 2030.9
1404180 2027.6
1404190 2023.6
1404200 2023.6
1404210 2019.7
1404220 2015.2
1404230 2015.2
1404240 2010.8
1404250 2006.3
1404260 2006.3
1404270 2002.5
1404280 2000.4
1404290 1998.0
1404300 1998.0
1404310 1994.8
1404320 1991.8
1404330 1991.8
1404340 1988.4
1404350 1984.3
1404360 1984.3
1404370 1979.5
1404380 1973.3
1404390 1973.3
1404400 1966.2
1404410 1958.6
1404420 1958.6
1404430 1950.5
1404440 1942.3
1404450 1942.3
1404460 1935.2
1404470 1929.1
1404480 1923.8
1404490 1923.8
1404500 1918.2
1404510 1912.7
1404520 1912.7
1404530 1906.7
1404540 1900.2
1404550 1900.2
1404560 1894.0
1404570 1887.3
1404580 1887.3
1404590 1879.9
1404600 1872.0
1404610 1872.0
1404620 1864.3
1404630 1858.0
1404640 1858.0
1404650 1852.5
1404660 1846.6
1404670 1840.6
1404680 1840.6
1404690 1835.5
1404700 1830.6
1404710 1830.6
1404720 1825.8
1404730 1821.2
1404740 1818.6
1404750 1814.9
1404760 1810.7
1404770 1810.7
1404780 1805.7
1404790 1800.7
1404800 1800.7
1404810 1794.5
1404820 1787.3
1404830 1787.3
1404840 1780.6
1404850 1774.2
1404860 1766.7
1404870 1766.7
1404880 1760.9
1404890 1757.9
1404900 1757.9
1404910 1754.8
1404920 1751.0
1404930 1751.0
1404940 1746.4
1404950 1741.4
1404960 1741.4
1404970 1736.2
1404980 1730.5
1404990 1730.5
1405000 1725.0
1405010 1720.4
1405020 1720.4
1405030 1714.9
1405040 1708.5
1405050 1701.5
1405060 1701.5
1405070 1695.1
1405080 1690.6
1405090 1690.6
1405100 1686.8
1405110 1683.0
1405120 1683.0
1405130 1678.6
1405140 1674.7
1405150 1674.7
1405160 1670.6
1405170 1668.3
1405180 1668.3
1405190 1666.5
1405200 1661.9
1405210 1661.9
1405220 1661.2
1405230 1665.7
1405240 1669.2
1405250 1669.2
1405260 1672.1
1405270 1674.1
1405280 1674.1
1405290 1675.9
1405300 1678.0
1405310 1678.0
1405320 1681.2
1405330 1684.4
1405340 1684.4
1405350 1687.6
1405360 1691.4
1405370 1691.4
1405380 1695.8
1405390 1701.8
1405400 1701.8
1405410 1708.1
1405420 1716.2
1405430 1720.5
1405440 1720.5
1405450 1721.7
1405460 1722.7
1405470 1722.7
1405480 1723.1
1405490 1722.3
1405500 1722.3
1405510 1720.8
1405520 1718.9
1405530 1718.9
1405540 1716.4
1405550 1714.2
1405560 1714.2
1405570 1712.0
1405580 1709.7
1405590 1707.7
1405600 1707.7
1405610 1705.0
1405620 1702.3
1405630 1702.3
1405640 1699.4
1405650 1696.4
1405660 1696.4
1405670 1692.7
1405680 1689.6
1405690 1689.6
1405700 1687.0
1405710 1683.8
1405720 1683.8
1405730 1680.0
1405740 1676.2
1405750 1676.2
1405760 1672.1
1405770 1668.3
1405780 1664.2
1405790 1664.2
1405800 1659.1
1405810 1654.2
1405820 1654.2
1405830 1649.9
1405840 1644.6
1405850 1644.6
1405860 1639.1
1405870 1633.6
1405880 1633.6
1405890 1628.3
1405900 1622.6
1405910 1622.6
1405920 1616.0
1405930 1610.1
1405940 1610.1
1405950 1605.2
1405960 1602.1
1405970 1598.8
1405980 1598.8
1405990 1594.3
1406000 1588.8
1406010 1588.8
1406020 1583.3
1406030 1579.1
1406040 1579.1
1406050 1575.7
1406060 1572.7
1406070 1572.7
1406080 1568.8
1406090 1564.2
1406100 1564.2
1406110 1559.2
1406120 1555.7
1406130 1555.7
1406140 1552.3
1406150 1549.5
1406160 1546.3
1406170 1546.3
1406180 1542.8
1406190 1537.9
1406200 1537.9
1406210 1532.5
1406220 1528.4
1406230 1528.4
1406240 1524.8
1406250 1521.6
1406260 1521.6
1406270 1518.4
1406280 1515.3
1406290 1515.3
1406300 1512.2
1406310 1509.2
1406320 1509.2
1406330 1506.7
1406340 1502.7
1406350 1501.9
1406360 1501.9
1406370 1502.0
1406380 1498.9
1406390 1498.9
1406400 1493.1
1406410 1486.3
1406420 1486.3
1406430 1479.1
1406440 1472.9
1406450 1472.9
1406460 1468.1
1406470 1462.3
1406480 1462.3
1406490 1457.7
1406500 1454.4
1406510 1454.4
1406520 1451.9
1406530 1449.2
1406540 1447.7
1406550 1447.7
1406560 1447.4
1406570 1447.6
1406580 1447.6
1406590 1447.8
1406600 1446.9
1406610 1446.9
1406620 1444.3
1406630 1440.2
1406640 1440.2
1406650 1436.1
1406660 1432.4
1406670 1432.4
1406680 1428.8
1406690 1423.9
1406700 1423.9
1406710 1417.7
1406720 1410.9
1406730 1405.4
1406740 1405.4
1406750 1402.0
1406760 1398.6
1406770 1398.6
1406780 1393.7
1406790 1389.0
1406800 1389.0
1406810 1385.3
1406820 1380.8
1406830 1380.8
1406840 1374.5
1406850 1367.8
1406860 1367.8
1406870 1361.2
1406880 1354.8
1406890 1348.6
1406900 1348.6
1406910 1342.8
1406920 1337.1
1406930 1337.1
1406940 1330.9
1406950 1325.3
1406960 1325.3
1406970 1320.2
1406980 1315.0
1406990 1315.0
1407000 1310.0
1407010 1305.0
1407020 1305.0
1407030 1300.0
1407040 1295.4
1407050 1295.4
1407060 1289.9
1407070 1283.8
1407080 1279.0
1407090 1279.0
1407100 1274.5
1407110 1270.1
1407120 1270.1
1407130 1265.9
1407140 1262.2
1407150 1262.2
1407160 1258.4
1407170 1254.0
1407180 1254.0
1407190 1249.1
1407200 1242.0
1407210 1242.0
1407220 1233.7
1407230 1225.9
1407240 1225.9
1407250 1220.2
1407260 1216.0
1407270 1211.6
1407280 1211.6
1407290 1206.6
1407300 1201.0
1407310 1201.0
1407320 1195.8
1407330 1191.6
1407340 1191.6
1407350 1183.8
1407360 1173.7
1407370 1173.7
1407380 1177.1
1407390 1189.3
1407400 1189.3
1407410 1198.5
1407420 1204.2
1407430 1204.2
1407440 1207.1
1407450 1210.3
1407460 1212.3
1407470 1212.3
1407480 1211.3
1407490 1207.3
1407500 1207.3
1407510 1202.1
1407520 1196.9
1407530 1196.9
1407540 1191.4
1407550 1183.9
1407560 1183.9
1407570 1178.9
1407580 1183.0
1407590 1183.0
1407600 1187.6
1407610 1192.3
1407620 1192.3
1407630 1197.4
1407640 1202.8
1407650 1208.0
1407660 1208.0
1407670 1210.6
1407680 1209.4
1407690 1209.4
1407700 1206.6
1407710 1203.6
1407720 1203.6
1407730 1200.6
1407740 1197.6
1407750 1197.6
1407760 1194.7
1407770 1192.2
1407780 1192.2
1407790 1190.2
1407800 1187.7
1407810 1187.7
1407820 1184.0
1407830 1180.1
1407840 1175.3
1407850 1175.3
1407860 1170.2
1407870 1167.1
1407880 1167.1
1407890 1163.0
1407900 1158.5
1407910 1158.5
1407920 1154.1
1407930 1149.3
1407940 1149.3
1407950 1144.1
1407960 1138.5
1407970 1143.3
1407980 1137.7
1407990 1131.7
1408000 1124.9
1408010 1124.9
1408020 1118.3
1408030 1111.9
1408040 1111.9
1408050 1104.2
1408060 1096.0
1408070 1096.0
1408080 1089.4
1408090 1082.0
1408100 1082.0
1408110 1079.5
1408120 1084.8
1408130 1084.8
1408140 1087.6
1408150 1091.1
1408160 1091.1
1408170 1093.6
1408180 1095.0
1408190 1096.0
1408200 1096.0
1408210 1096.6
1408220 1095.1
1408230 1095.1
1408240 1092.5
1408250 1090.1
1408260 1090.1
1408270 1088.1
1408280 1084.9
1408290 1084.9
1408300 1078.9
1408310 1071.8
1408320 1071.8
1408330 1065.1
1408340 1058.2
1408350 1058.2
1408360 1051.6
1408370 1045.3
1408380 1040.6
1408390 1040.6
1408400 1037.0
1408410 1035.7
1408420 1035.7
1408430 1040.8
1408440 1045.8
1408450 1045.8
1408460 1043.8
1408470 1041.7
1408480 1041.7
1408490 1039.8
1408500 1038.7
1408510 1038.7
1408520 1036.9
1408530 1033.3
1408540 1033.3
1408550 1029.8
1408560 1026.7
1408570 1021.7
1408580 1021.7
1408590 1019.1
1408600 1017.6
1408610 1017.6
1408620 1016.4
1408630 1014.4
1408640 1014.4
1408650 1011.6
1408660 1009.5
1408670 1009.5
1408680 1007.4
1408690 1005.2
1408700 1005.2
1408710 1003.3
1408720 1000.9
1408730 1000.9
1408740 997.5
1408750 992.7
1408760 988.8
1408770 988.8
1408780 984.7
1408790 983.1
1408800 983.1
1408810 984.7
1408820 984.4
1408830 984.4
1408840 983.0
1408850 982.1
1408860 982.1
1408870 980.4
1408880 978.5
1408890 978.5
1408900 975.0
1408910 971.5
1408920 971.5
1408930 970.0
1408940 968.4
1408950 967.1
1408960 967.1
1408970 966.2
1408980 965.0
1408990 965.0
1409000 963.3
1409010 961.5
1409020 961.5
1409030 960.3
1409040 958.7
1409050 958.7
1409060 957.2
1409070 956.0
1409080 956.0
1409090 954.9
1409100 953.9
1409110 953.9
1409120 952.8
1409130 951.5
1409140 950.2
1409150 950.2
1409160 948.9
1409170 947.7
1409180 947.7
1409190 946.7
1409200 946.0
1409210 946.0
1409220 945.1
1409230 943.8
1409240 943.8
1409250 942.1
1409260 940.4
1409270 940.4
1409280 939.2
1409290 938.9
1409300 937.8
1409310 937.8
1409320 936.2
1409330 935.1
1409340 935.1
1409350 934.7
1409360 934.7
1409370 934.7
1409380 936.0
1409390 937.7
1409400 937.7
1409410 939.1
1409420 940.1
1409430 940.1
1409440 940.8
1409450 940.9
1409460 940.9
1409470 940.7
1409480 940.7
1409490 940.6
1409500 940.6
1409510 939.7
1409520 937.2
1409530 937.2
1409540 933.6
1409550 928.7
1409560 928.7
1409570 922.0
1409580 915.6
1409590 915.6
1409600 909.6
1409610 904.5
1409620 904.5
1409630 899.8
1409640 901.2
1409650 901.2
1409660 896.6
1409670 892.1
1409680 887.4
1409690 887.4
1409700 882.8
1409710 879.6
1409720 879.6
1409730 875.2
1409740 870.9
1409750 870.9
1409760 866.4
1409770 861.9
1409780 861.9
1409790 858.5
1409800 855.8
1409810 855.8
1409820 854.5
1409830 853.7
1409840 853.7
1409850 851.7
1409860 850.8
1409870 850.5
1409880 850.5
1409890 850.5
1409900 849.5
1409910 849.5
1409920 848.4
1409930 846.6
1409940 846.6
1409950 844.0
1409960 842.0
1409970 842.0
1409980 842.0
1409990 841.2
1410000 841.2
1410010 840.0
1410020 837.8
1410030 837.8
1410040 835.8
1410050 834.5
1410060 833.7
1410070 833.7
1410080 831.8
1410090 827.8
1410100 827.8
1410110 823.7
1410120 819.9
1410130 819.9
1410140 815.2
1410150 811.0
1410160 811.0
1410170 807.7
1410180 803.5
1410190 803.5
1410200 797.9
1410210 794.0
1410220 794.0
1410230 792.0
1410240 791.1
1410250 790.7
1410260 790.7
1410270 790.4
1410280 790.0
1410290 790.0
1410300 789.4
1410310 788.8
1410320 788.8
1410330 788.1
1410340 787.6
1410350 787.6
1410360 788.1
1410370 787.9
1410380 787.9
1410390 785.6
1410400 783.0
1410410 782.3
1410420 782.3
1410430 783.8
1410440 785.0
1410450 785.0
1410460 784.1
1410470 784.4
1410480 784.4
1410490 784.7
1410500 782.8
1410510 782.8
1410520 781.3
1410530 779.5
1410540 779.5
1410550 778.1
1410560 776.7
1410570 776.7
1410580 774.7
1410590 772.9
1410600 769.8
1410610 769.8
1410620 767.0
1410630 765.5
1410640 765.5
1410650 760.7
1410660 754.0
1410670 754.0
1410680 746.6
1410690 743.8
1410700 743.8
1410710 743.7
1410720 749.4
1410730 749.4
1410740 756.1
1410750 757.0
1410760 757.0
1410770 755.7
1410780 753.5
1410790 749.7
1410800 749.7
1410810 744.7
1410820 737.3
1410830 737.3
1410840 729.8
1410850 722.4
1410860 722.4
1410870 719.0
1410880 716.9
1410890 716.9
1410900 716.6
1410910 716.8
1410920 716.8
1410930 717.1
1410940 716.9
1410950 716.9
1410960 716.6
1410970 716.0
1410980 715.4
1410990 715.4
1411000 714.8
1411010 714.3
1411020 714.3
1411030 713.7
1411040 713.3
1411050 713.3
1411060 713.2
1411070 712.8
1411080 712.8
1411090 712.4
1411100 712.9
1411110 712.9
1411120 712.9
1411130 711.4
1411140 711.4
1411150 710.0
1411160 709.8
1411170 709.7
1411180 709.7
1411190 709.7
1411200 709.7
1411210 709.7
1411220 710.0
1411230 712.6
1411240 712.6
1411250 714.5
1411260 714.8
1411270 714.8
1411280 714.9
1411290 715.1
1411300 715.1
1411310 715.1
1411320 715.2
1411330 715.2
1411340 715.4
1411350 715.6
1411360 715.9
1411370 715.9
1411380 716.3
1411390 716.5
1411400 716.5
1411410 716.6
1411420 716.5
1411430 716.5
1411440 716.4
1411450 716.5
1411460 716.5
1411470 716.6
1411480 716.4
1411490 716.4
1411500 716.3
1411510 716.3
1411520 716.3
1411530 716.2
1411540 716.2
1411550 716.4
1411560 716.4
1411570 716.4
1411580 716.4
1411590 716.4
1411600 716.3
1411610 716.1
1411620 716.1
1411630 716.1
1411640 716.0
1411650 716.0
1411660 715.1
1411670 715.1
1411680 715.1
1411690 715.6
1411700 715.5
1411710 715.7
1411720 715.7
1411730 715.8
1411740 715.3
1411750 715.3
1411760 715.0
1411770 714.9
1411780 714.9
1411790 714.8
1411800 714.6
1411810 714.6
1411820 714.3
1411830 714.4
1411840 714.4
1411850 714.1
1411860 713.8
1411870 713.8
1411880 713.9
1411890 713.8
1411900 713.6
1411910 713.6
1411920 713.1
1411930 712.6
1411940 712.6
1411950 712.4
1411960 712.3
1411970 712.3
1411980 712.0
1411990 711.9
1412000 711.9
1412010 712.1
1412020 712.3
1412030 712.3
1412040 711.2
1412050 711.6
1412060 711.6
1412070 713.5
1412080 714.7
1412090 715.6
1412100 715.6
1412110 718.2
1412120 723.7
1412130 723.7
1412140 729.2
1412150 733.4
1412160 733.4
1412170 737.6
1412180 741.5
1412190 741.5
1412200 745.6
1412210 749.8
1412220 749.8
1412230 754.6
1412240 759.5
1412250 759.5
1412260 764.2
1412270 768.7
1412280 773.2
1412290 773.2
1412300 777.3
1412310 781.2
1412320 781.2
1412330 785.6
1412340 790.0
1412350 790.0
1412360 794.4
1412370 798.7
1412380 798.7
1412390 803.5
1412400 808.9
1412410 808.9
1412420 813.7
1412430 815.7
1412440 815.7
1412450 817.7
1412460 820.5
1412470 823.1
1412480 823.1
1412490 828.0
1412500 829.8
1412510 829.8
1412520 832.1
1412530 836.8
1412540 836.8
1412550 842.7
1412560 849.4
1412570 849.4
1412580 857.0
1412590 867.5
1412600 867.5
1412610 878.3
1412620 888.2
1412630 888.2
1412640 893.7
1412650 897.7
1412660 902.1
1412670 902.1
1412680 904.9
1412690 907.5
1412700 907.5
1412710 912.8
1412720 917.6
1412730 917.6
1412740 922.4
1412750 927.4
1412760 927.4
1412770 931.3
1412780 934.7
1412790 934.7
1412800 938.0
1412810 940.5
1412820 941.7
1412830 941.7
1412840 942.7
1412850 944.1
1412860 944.1
1412870 944.4
1412880 944.6
1412890 944.6
1412900 945.0
1412910 944.8
1412920 944.8
1412930 944.3
1412940 944.3
1412950 944.3
1412960 947.7
1412970 954.4
1412980 954.4
1412990 958.1
1413000 960.2
1413010 963.0
1413020 963.0
1413030 966.8
1413040 971.1
1413050 971.1
1413060 970.0
1413070 963.4
1413080 963.4
1413090 955.5
1413100 943.2
1413110 943.2
1413120 955.0
1413130 961.8
1413140 961.8
1413150 966.5
1413160 972.7
1413170 972.7
1413180 980.9
1413190 987.6
1413200 987.9
1413210 987.9
1413220 990.7
1413230 997.5
1413240 997.5
1413250 1002.3
1413260 1007.6
1413270 1007.6
1413280 1012.0
1413290 1016.3
1413300 1016.3
1413310 1020.1
1413320 1023.3
1413330 1023.3
1413340 1027.2
1413350 1031.3
1413360 1031.3
1413370 1035.0
1413380 1038.9
1413390 1043.0
1413400 1043.0
1413410 1043.0
1413420 1036.2
1413430 1036.2
1413440 1030.7
1413450 1043.3
1413460 1043.3
1413470 1051.6
1413480 1055.5
1413490 1055.5
1413500 1060.5
1413510 1067.3
1413520 1067.3
1413530 1074.7
1413540 1081.3
1413550 1081.3
1413560 1087.4
1413570 1091.0
1413580 1092.0
1413590 1092.0
1413600 1093.8
1413610 1096.8
1413620 1096.8
1413630 1101.2
1413640 1105.9
1413650 1105.9
1413660 1109.4
1413670 1110.2
1413680 1110.2
1413690 1114.2
1413700 1114.9
1413710 1114.9
1413720 1110.7
1413730 1104.4
1413740 1104.4
1413750 1111.8
1413760 1121.8
1413770 1124.9
1413780 1124.9
1413790 1128.0
1413800 1131.3
1413810 1131.3
1413820 1135.7
1413830 1140.4
1413840 1140.4
1413850 1146.0
1413860 1148.6
1413870 1148.6
1413880 1148.2
1413890 1147.6
1413900 1147.6
1413910 1148.7
1413920 1150.4
1413930 1150.4
1413940 1151.5
1413950 1152.2
1413960 1153.0
1413970 1153.0
1413980 1154.1
1413990 1155.5
1414000 1155.5
1414010 1156.6
1414020 1157.8
1414030 1157.8
1414040 1159.1
1414050 1159.7
1414060 1159.7
1414070 1160.2
1414080 1160.2
1414090 1160.2
1414100 1160.3
1414110 1159.9
1414120 1159.4
1414130 1159.4
1414140 1158.8
1414150 1158.3
1414160 1158.3
1414170 1158.5
1414180 1159.1
1414190 1159.1
1414200 1160.3
1414210 1162.6
1414220 1162.6
1414230 1165.5
1414240 1169.2
1414250 1169.2
1414260 1173.0
1414270 1177.4
1414280 1177.4
1414290 1182.1
1414300 1186.9
1414310 1190.5
1414320 1190.5
1414330 1194.9
1414340 1199.3
1414350 1199.3
1414360 1200.9
1414370 1200.9
1414380 1200.9
1414390 1198.3
1414400 1195.3
1414410 1195.3
1414420 1190.6
1414430 1187.7
1414440 1187.7
1414450 1184.8
1414460 1182.9
1414470 1182.9
1414480 1183.1
1414490 1185.1
1414500 1188.3
1414510 1188.3
1414520 1190.0
1414530 1191.0
1414540 1191.0
1414550 1191.9
1414560 1193.1
1414570 1193.1
1414580 1195.9
1414590 1199.2
1414600 1199.2
1414610 1202.2
1414620 1204.4
1414630 1204.4
1414640 1206.8
1414650 1211.2
1414660 1211.2
1414670 1217.5
1414680 1221.1
1414690 1222.7
1414700 1222.7
1414710 1222.2
1414720 1222.4
1414730 1222.4
1414740 1224.7
1414750 1227.9
1414760 1227.9
1414770 1232.5
1414780 1238.2
1414790 1238.2
1414800 1245.6
1414810 1253.3
1414820 1253.3
1414830 1260.5
1414840 1264.8
1414850 1264.8
1414860 1267.6
1414870 1269.9
1414880 1273.9
1414890 1266.9
1414900 1270.0
1414910 1272.4
1414920 1272.4
1414930 1272.6
1414940 1274.9
1414950 1274.9
1414960 1278.8
1414970 1282.1
1414980 1282.1
1414990 1284.1
1415000 1284.3
1415010 1284.3
1415020 1292.4
1415030 1299.1
1415040 1299.1
1415050 1303.8
1415060 1307.8
1415070 1312.9
1415080 1312.9
1415090 1316.9
1415100 1320.6
1415110 1320.6
1415120 1327.7
1415130 1329.1
1415140 1329.1
1415150 1326.4
1415160 1322.2
1415170 1322.2
1415180 1317.7
1415190 1312.8
1415200 1312.8
1415210 1307.5
1415220 1300.5
1415230 1285.9
1415240 1285.9
1415250 1265.1
1415260 1268.3
1415270 1268.3
1415280 1280.6
1415290 1286.6
1415300 1286.6
1415310 1290.5
1415320 1294.0
1415330 1294.0
1415340 1297.1
1415350 1301.4
1415360 1301.4
1415370 1308.2
1415380 1316.2
1415390 1316.2
1415400 1322.7
1415410 1329.9
1415420 1339.3
1415430 1339.3
1415440 1349.0
1415450 1356.8
1415460 1356.8
1415470 1364.0
1415480 1370.0
1415490 1370.0
1415500 1375.1
1415510 1380.9
1415520 1380.9
1415530 1387.2
1415540 1392.5
1415550 1392.5
1415560 1398.1
1415570 1404.0
1415580 1404.0
1415590 1409.7
1415600 1415.1
1415610 1420.7
1415620 1420.7
1415630 1426.2
1415640 1432.1
1415650 1432.1
1415660 1438.2
1415670 1444.4
1415680 1444.4
1415690 1450.9
1415700 1457.8
1415710 1457.8
1415720 1464.5
1415730 1471.3
1415740 1471.3
1415750 1478.9
1415760 1486.9
1415770 1486.9
1415780 1494.8
1415790 1502.4
1415800 1510.5
1415810 1510.5
1415820 1518.5
1415830 1526.6
1415840 1526.6
1415850 1536.1
1415860 1543.9
1415870 1543.9
1415880 1552.0
1415890 1560.3
1415900 1560.3
1415910 1568.6
1415920 1576.7
1415930 1576.7
1415940 1584.9
1415950 1592.9
1415960 1592.9
1415970 1600.7
1415980 1608.3
1415990 1615.3
1416000 1615.3
1416010 1621.9
1416020 1628.9
1416030 1628.9
1416040 1636.4
1416050 1643.7
1416060 1643.7
1416070 1651.8
1416080 1659.7
1416090 1659.7
1416100 1666.3
1416110 1672.8
1416120 1672.8
1416130 1677.5
1416140 1681.8
1416150 1681.8
1416160 1685.4
1416170 1690.2
1416180 1694.2
1416190 1694.2
1416200 1697.8
1416210 1701.3
1416220 1701.3
1416230 1703.4
1416240 1701.2
1416250 1701.2
1416260 1701.8
1416270 1705.7
1416280 1705.7
1416290 1708.8
1416300 1711.4
1416310 1711.4
1416320 1713.3
1416330 1715.8
1416340 1715.8
1416350 1719.0
1416360 1721.6
1416370 1723.9
1416380 1723.9
1416390 1726.8
1416400 1730.0
1416410 1730.0
1416420 1733.2
1416430 1736.2
1416440 1736.2
1416450 1739.0
1416460 1741.3
1416470 1741.3
1416480 1743.8
1416490 1746.5
1416500 1746.5
1416510 1749.8
1416520 1752.6
1416530 1755.0
1416540 1755.0
1416550 1757.1
1416560 1758.8
1416570 1758.8
1416580 1760.8
1416590 1764.0
1416600 1764.0
1416610 1768.2
1416620 1772.1
1416630 1772.1
1416640 1775.5
1416650 1778.6
1416660 1778.6
1416670 1780.9
1416680 1783.1
1416690 1783.1
1416700 1786.7
1416710 1785.5
1416720 1787.3
1416730 1787.3
1416740 1788.0
1416750 1788.9
1416760 1788.9
1416770 1790.0
1416780 1792.0
1416790 1792.0
1416800 1794.8
1416810 1797.7
1416820 1797.7
1416830 1800.5
1416840 1803.4
1416850 1803.4
1416860 1806.6
1416870 1810.0
1416880 1810.0
1416890 1813.4
1416900 1816.3
1416910 1818.7
1416920 1818.7
1416930 1820.5
1416940 1822.5
1416950 1822.5
1416960 1824.6
1416970 1825.1
1416980 1825.1
1416990 1825.0
1417000 1826.8
1417010 1826.8
1417020 1830.1
1417030 1832.7
1417040 1832.7
1417050 1836.2
1417060 1839.6
1417070 1839.6
1417080 1841.9
1417090 1844.1
1417100 1847.7
1417110 1847.7
1417120 1850.9
1417130 1852.8
1417140 1852.8
1417150 1853.7
1417160 1854.2
1417170 1854.2
1417180 1854.2
1417190 1854.3
1417200 1854.3
1417210 1854.7
1417220 1856.0
1417230 1856.0
1417240 1857.8
1417250 1859.6
1417260 1859.6
1417270 1861.6
1417280 1863.3
1417290 1864.4
1417300 1864.4
1417310 1866.2
1417320 1867.9
1417330 1867.9
1417340 1869.1
1417350 1870.2
1417360 1870.2
1417370 1871.3
1417380 1871.8
1417390 1871.8
1417400 1872.2
1417410 1872.6
1417420 1872.6
1417430 1872.9
1417440 1872.6
1417450 1872.6
1417460 1872.3
1417470 1872.6
1417480 1873.9
1417490 1873.9
1417500 1875.0
1417510 1876.4
1417520 1876.4
1417530 1878.4
1417540 1879.9
1417550 1879.9
1417560 1879.6
1417570 1878.9
1417580 1878.9
1417590 1878.4
1417600 1878.0
1417610 1878.0
1417620 1878.1
1417630 1879.1
1417640 1879.1
1417650 1880.6
1417660 1882.8
1417670 1884.1
1417680 1884.1
1417690 1881.3
1417700 1880.1
1417710 1880.1
1417720 1876.7
1417730 1868.5
1417740 1868.5
1417750 1858.3
1417760 1849.5
1417770 1849.5
1417780 1843.3
1417790 1839.9
1417800 1839.9
1417810 1836.6
1417820 1835.9
1417830 1832.2
1417840 1832.2
1417850 1826.2
1417860 1818.7
1417870 1818.7
1417880 1812.6
1417890 1807.6
1417900 1807.6
1417910 1802.2
1417920 1796.3
1417930 1796.3
1417940 1789.5
1417950 1781.9
1417960 1781.9
1417970 1773.9
1417980 1766.0
1417990 1766.0
1418000 1760.4
1418010 1755.9
1418020 1754.5
1418030 1754.5
1418040 1755.5
1418050 1762.4
1418060 1762.4
1418070 1767.7
1418080 1763.1
1418090 1763.1
1418100 1755.9
1418110 1752.5
1418120 1752.5
1418130 1753.1
1418140 1755.5
1418150 1755.5
1418160 1757.6
1418170 1758.4
1418180 1758.4
1418190 1758.5
1418200 1760.3
1418210 1766.8
1418220 1766.8
1418230 1776.8
1418240 1783.6
1418250 1783.6
1418260 1787.4
1418270 1790.9
1418280 1790.9
1418290 1793.9
1418300 1792.4
1418310 1792.4
1418320 1786.6
1418330 1780.2
1418340 1780.2
1418350 1775.5
1418360 1774.8
1418370 1774.8
1418380 1777.2
1418390 1780.6
1418400 1786.0
1418410 1786.0
1418420 1787.7
1418430 1784.4
1418440 1784.4
1418450 1781.4
1418460 1782.2
1418470 1782.2
1418480 1781.2
1418490 1776.8
1418500 1776.8
1418510 1772.7
1418520 1768.6
1418530 1768.6
1418540 1764.7
1418550 1761.2
1418560 1761.2
1418570 1757.4
1418580 1752.7
1418590 1743.8
1418600 1743.8
1418610 1739.2
1418620 1733.8
1418630 1733.8
1418640 1728.0
1418650 1722.1
1418660 1722.1
1418670 1715.3
1418680 1707.8
1418690 1707.8
1418700 1700.4
1418710 1692.5
1418720 1692.5
1418730 1684.2
1418740 1677.6
1418750 1677.6
1418760 1674.4
1418770 1673.9
1418780 1674.3
1418790 1674.3
1418800 1675.0
1418810 1672.6
1418820 1672.6
1418830 1667.1
1418840 1660.5
1418850 1660.5
1418860 1653.8
1418870 1646.5
1418880 1646.5
1418890 1639.8
1418900 1634.4
1418910 1634.4
1418920 1629.0
1418930 1623.0
1418940 1623.0
1418950 1616.0
1418960 1608.7
1418970 1601.4
1418980 1601.4
1418990 1594.2
1419000 1587.1
1419010 1587.1
1419020 1580.3
1419030 1574.0
1419040 1574.0
1419050 1568.0
1419060 1561.0
1419070 1561.0
1419080 1553.0
1419090 1550.7
1419100 1550.7
1419110 1556.5
1419120 1566.0
1419130 1575.3
1419140 1575.3
1419150 1582.0
1419160 1586.2
1419170 1586.2
1419180 1589.6
1419190 1593.9
1419200 1593.9
1419210 1596.9
1419220 1596.3
1419230 1596.3
1419240 1594.4
1419250 1592.4
1419260 1592.4
1419270 1589.8
1419280 1586.8
1419290 1586.8
1419300 1585.6
1419310 1590.3
1419320 1597.6
1419330 1597.6
1419340 1602.9
1419350 1608.8
1419360 1608.8
1419370 1615.5
1419380 1621.9
1419390 1621.9
1419400 1624.0
1419410 1623.8
1419420 1623.8
1419430 1624.5
1419440 1623.3
1419450 1623.3
1419460 1619.7
1419470 1617.7
1419480 1617.7
1419490 1617.3
1419500 1613.0
1419510 1606.3
1419520 1606.3
1419530 1600.8
1419540 1595.8
1419550 1595.8
1419560 1591.4
1419570 1586.3
1419580 1586.3
1419590 1580.3
1419600 1576.1
1419610 1576.1
1419620 1572.5
1419630 1570.2
1419640 1570.2
1419650 1566.5
1419660 1558.0
1419670 1558.0
1419680 1548.0
1419690 1541.3
1419700 1542.1
1419710 1542.1
1419720 1545.7
1419730 1550.9
1419740 1550.9
1419750 1554.6
1419760 1557.0
1419770 1557.0
1419780 1559.8
1419790 1563.2
1419800 1563.2
1419810 1567.7
1419820 1569.7
1419830 1569.7
1419840 1569.7
1419850 1568.0
1419860 1568.0
1419870 1564.7
1419880 1561.0
1419890 1557.1
1419900 1557.1
1419910 1554.9
1419920 1552.6
1419930 1552.6
1419940 1549.7
1419950 1549.0
1419960 1549.0
1419970 1550.8
1419980 1551.1
1419990 1551.1
