1400000 1897.8
1400010 1894.1
1400020 1894.1
1400030 1889.4
1400040 1885.9
1400050 1885.9
1400060 1883.0
1400070 1880.3
1400080 1877.2
1400090 1877.2
1400100 1874.0
1400110 1871.1
1400120 1871.1
1400130 1868.1
1400140 1861.7
1400150 1861.7
1400160 1857.8
1400170 1855.3
1400180 1855.3
1400190 1852.2
1400200 1848.6
1400210 1848.6
1400220 1844.6
1400230 1840.1
1400240 1840.1
1400250 1834.2
1400260 1820.0
1400270 1801.6
1400280 1801.6
1400290 1782.2
1400300 1781.7
1400310 1781.7
1400320 1785.4
1400330 1789.1
1400340 1789.1
1400350 1796.2
1400360 1791.6
1400370 1791.6
1400380 1790.3
1400390 1785.8
1400400 1785.8
1400410 1769.7
1400420 1758.2
1400430 1758.2
1400440 1749.8
1400450 1736.2
1400460 1729.4
1400470 1729.4
1400480 1722.0
1400490 1708.8
1400500 1709.4
1400510 1701.3
1400520 1693.3
1400530 1693.3
1400540 1684.9
1400550 1676.6
1400560 1676.6
1400570 1668.6
1400580 1661.2
1400590 1661.2
1400600 1653.6
1400610 1646.3
1400620 1646.3
1400630 1639.4
1400640 1632.5
1400650 1625.5
1400660 1625.5
1400670 1618.7
1400680 1612.1
1400690 1612.1
1400700 1606.0
1400710 1599.9
1400720 1599.9
1400730 1594.7
1400740 1590.0
1400750 1590.0
1400760 1585.9
1400770 1581.7
1400780 1581.7
1400790 1577.4
1400800 1573.2
1400810 1573.2
1400820 1569.4
1400830 1566.0
1400840 1563.0
1400850 1563.0
1400860 1560.1
1400870 1557.2
1400880 1557.2
1400890 1554.4
1400900 1551.4
1400910 1551.4
1400920 1548.3
1400930 1545.2
1400940 1545.2
1400950 1542.2
1400960 1540.0
1400970 1540.0
1400980 1538.4
1400990 1538.4
1401000 1541.1
1401010 1541.1
1401020 1544.1
1401030 1546.2
1401040 1546.2
1401050 1548.1
1401060 1550.5
1401070 1550.5
1401080 1552.9
1401090 1556.2
1401100 1556.2
1401110 1560.4
1401120 1563.5
1401130 1563.5
1401140 1566.8
1401150 1570.6
1401160 1570.6
1401170 1574.3
1401180 1578.7
1401190 1583.6
1401200 1583.6
1401210 1588.9
1401220 1594.2
1401230 1594.2
1401240 1600.8
1401250 1606.3
1401260 1606.3
1401270 1611.5
1401280 1617.6
1401290 1617.6
1401300 1624.8
1401310 1632.8
1401320 1632.8
1401330 1639.4
1401340 1644.8
1401350 1644.8
1401360 1653.4
1401370 1660.1
1401380 1665.9
1401390 1665.9
1401400 1673.0
1401410 1679.7
1401420 1679.7
1401430 1685.7
1401440 1691.4
1401450 1691.4
1401460 1697.4
1401470 1703.8
1401480 1703.8
1401490 1710.3
1401500 1716.6
1401510 1716.6
1401520 1722.4
1401530 1728.5
1401540 1728.5
1401550 1735.8
1401560 1743.6
1401570 1750.4
1401580 1750.4
1401590 1757.7
1401600 1765.5
1401610 1765.5
1401620 1773.8
1401630 1782.4
1401640 1782.4
1401650 1789.8
1401660 1796.9
1401670 1796.9
1401680 1804.4
1401690 1812.4
1401700 1812.4
1401710 1819.2
1401720 1825.8
1401730 1825.8
1401740 1833.2
1401750 1840.2
1401760 1847.0
1401770 1847.0
1401780 1853.3
1401790 1858.3
1401800 1858.3
1401810 1862.1
1401820 1865.7
1401830 1865.7
1401840 1868.5
1401850 1870.6
1401860 1870.6
1401870 1872.9
1401880 1875.9
1401890 1875.9
1401900 1879.1
1401910 1882.6
1401920 1882.6
1401930 1886.1
1401940 1889.3
1401950 1892.6
1401960 1892.6
1401970 1896.6
1401980 1900.8
1401990 1900.8
1402000 1905.9
1402010 1911.6
1402020 1913.8
1402030 1919.7
1402040 1925.9
1402050 1925.9
1402060 1931.4
1402070 1937.5
1402080 1937.5
1402090 1944.9
1402100 1953.9
1402110 1953.9
1402120 1963.4
1402130 1971.7
1402140 1979.5
1402150 1979.5
1402160 1987.2
1402170 1994.7
1402180 1994.7
1402190 2002.8
1402200 2011.7
1402210 2011.7
1402220 2021.0
1402230 2028.9
1402240 2028.9
1402250 2035.8
1402260 2041.4
1402270 2041.4
1402280 2046.7
1402290 2050.9
1402300 2053.8
1402310 2053.8
1402320 2055.8
1402330 2056.7
1402340 2056.7
1402350 2054.8
1402360 2051.7
1402370 2051.7
1402380 2050.2
1402390 2050.1
1402400 2050.1
1402410 2048.3
1402420 2044.9
1402430 2044.9
1402440 2042.2
1402450 2042.7
1402460 2042.7
1402470 2043.3
1402480 2043.2
1402490 2043.3
1402500 2043.3
1402510 2044.3
1402520 2044.6
1402530 2044.6
1402540 2042.9
1402550 2040.6
1402560 2040.6
1402570 2038.6
1402580 2038.6
1402590 2038.6
1402600 2039.0
1402610 2038.1
1402620 2038.1
1402630 2037.0
1402640 2037.7
1402650 2037.7
1402660 2037.9
1402670 2037.2
1402680 2035.0
1402690 2035.0
1402700 2032.9
1402710 2031.4
1402720 2031.4
1402730 2033.5
1402740 2037.9
1402750 2037.9
1402760 2040.8
1402770 2041.4
1402780 2041.4
1402790 2040.2
1402800 2037.6
1402810 2037.6
1402820 2036.4
1402830 2037.7
1402840 2037.7
1402850 2041.9
1402860 2047.6
1402870 2053.0
1402880 2053.0
1402890 2058.9
1402900 2065.3
1402910 2065.3
1402920 2072.1
1402930 2078.9
1402940 2078.9
1402950 2085.0
1402960 2092.8
1402970 2092.8
1402980 2106.1
1402990 2118.6
1403000 2118.6
1403010 2130.8
1403020 2139.0
1403030 2139.0
1403040 2142.2
1403050 2149.7
1403060 2160.4
1403070 2160.4
1403080 2172.3
1403090 2181.8
1403100 2181.8
1403110 2189.1
1403120 2195.7
1403130 2195.7
1403140 2202.9
1403150 2209.8
1403160 2209.8
1403170 2215.8
1403180 2221.4
1403190 2221.4
1403200 2226.2
1403210 2229.4
1403220 2229.4
1403230 2230.0
1403240 2233.4
1403250 2235.1
1403260 2235.1
1403270 2236.5
1403280 2238.9
1403290 2238.9
1403300 2242.2
1403310 2245.0
1403320 2245.0
1403330 2246.3
1403340 2245.7
1403350 2245.7
1403360 2245.2
1403370 2244.2
1403380 2244.2
1403390 2242.7
1403400 2240.1
1403410 2240.1
1403420 2235.9
1403430 2231.1
1403440 2226.2
1403450 2226.2
1403460 2222.1
1403470 2218.3
1403480 2218.3
1403490 2215.9
1403500 2214.1
1403510 2214.1
1403520 2210.5
1403530 2206.6
1403540 2206.6
1403550 2202.6
1403560 2199.4
1403570 2199.4
1403580 2193.4
1403590 2187.6
1403600 2182.6
1403610 2182.6
1403620 2176.3
1403630 2169.6
1403640 2169.6
1403650 2163.0
1403660 2156.6
1403670 2156.6
1403680 2150.4
1403690 2145.9
1403700 2145.9
1403710 2141.1
1403720 2135.5
1403730 2135.5
1403740 2129.9
1403750 2124.6
1403760 2124.6
1403770 2119.5
1403780 2114.9
1403790 2110.1
1403800 2110.1
1403810 2105.8
1403820 2101.5
1403830 2101.5
1403840 2097.5
1403850 2093.8
1403860 2093.8
1403870 2089.9
1403880 2085.6
1403890 2085.6
1403900 2083.1
1403910 2078.9
1403920 2078.9
1403930 2074.0
1403940 2069.4
1403950 2069.4
1403960 2065.6
1403970 2061.8
1403980 2057.6
1403990 2057.6
1404000 2053.0
1404010 2049.1
1404020 2049.1
1404030 2045.6
1404040 2041.8
1404050 2041.8
1404060 2038.4
1404070 2034.3
1404080 2034.3
1404090 2029.4
1404100 2025.1
1404110 2025.1
1404120 2021.4
1404130 2017.8
1404140 2017.8
1404150 2014.7
1404160 2011.8
1404170 2008.5
1404180 2008.5
1404190 2005.4
1404200 2001.6
1404210 2001.6
1404220 1997.6
1404230 1994.4
1404240 1994.4
1404250 1991.2
1404260 1987.5
1404270 1987.5
1404280 1984.5
1404290 1981.5
1404300 1981.5
1404310 1978.2
1404320 1974.4
1404330 1974.4
1404340 1970.1
1404350 1966.6
1404360 1963.3
1404370 1963.3
1404380 1960.2
1404390 1957.7
1404400 1957.7
1404410 1955.4
1404420 1953.0
1404430 1953.0
1404440 1950.7
1404450 1948.6
1404460 1948.6
1404470 1946.0
1404480 1943.0
1404490 1943.0
1404500 1938.9
1404510 1936.3
1404520 1936.3
1404530 1934.3
1404540 1931.9
1404550 1929.3
1404560 1929.3
1404570 1926.0
1404580 1921.6
1404590 1921.6
1404600 1917.4
1404610 1912.7
1404620 1912.7
1404630 1907.8
1404640 1902.4
1404650 1902.4
1404660 1897.6
1404670 1892.3
1404680 1892.3
1404690 1886.6
1404700 1881.2
1404710 1881.2
1404720 1875.1
1404730 1868.9
1404740 1862.4
1404750 1862.4
1404760 1855.7
1404770 1849.1
1404780 1849.1
1404790 1842.7
1404800 1836.2
1404810 1836.2
1404820 1829.7
1404830 1822.5
1404840 1822.5
1404850 1815.6
1404860 1809.2
1404870 1809.2
1404880 1802.8
1404890 1796.5
1404900 1796.5
1404910 1789.6
1404920 1782.9
1404930 1776.6
1404940 1776.6
1404950 1770.7
1404960 1764.4
1404970 1764.4
1404980 1758.3
1404990 1752.4
1405000 1752.4
1405010 1746.9
1405020 1740.9
1405030 1740.9
1405040 1735.1
1405050 1729.7
1405060 1729.7
1405070 1724.6
1405080 1719.4
1405090 1714.0
1405100 1714.0
1405110 1708.5
1405120 1702.1
1405130 1702.1
1405140 1696.3
1405150 1689.3
1405160 1689.3
1405170 1682.7
1405180 1676.8
1405190 1676.8
1405200 1670.0
1405210 1662.4
1405220 1662.4
1405230 1655.2
1405240 1648.0
1405250 1648.0
1405260 1641.0
1405270 1630.9
1405280 1621.4
1405290 1621.4
1405300 1614.7
1405310 1610.3
1405320 1610.3
1405330 1606.7
1405340 1603.5
1405350 1603.5
1405360 1601.0
1405370 1596.6
1405380 1596.6
1405390 1587.3
1405400 1582.9
1405410 1582.9
1405420 1589.4
1405430 1593.8
1405440 1593.8
1405450 1595.1
1405460 1596.2
1405470 1597.3
1405480 1597.3
1405490 1599.4
1405500 1602.2
1405510 1602.2
1405520 1606.5
1405530 1611.6
1405540 1611.6
1405550 1616.4
1405560 1621.2
1405570 1621.2
1405580 1627.0
1405590 1633.6
1405600 1633.6
1405610 1639.0
1405620 1642.5
1405630 1642.5
1405640 1644.9
1405650 1645.3
1405660 1644.1
1405670 1644.1
1405680 1643.6
1405690 1644.7
1405700 1644.7
1405710 1646.1
1405720 1646.1
1405730 1646.1
1405740 1644.6
1405750 1641.8
1405760 1641.8
1405770 1638.3
1405780 1633.1
1405790 1633.1
1405800 1627.1
1405810 1621.4
1405820 1621.4
1405830 1615.8
1405840 1610.2
1405850 1603.1
1405860 1603.1
1405870 1593.5
1405880 1585.3
1405890 1585.3
1405900 1577.8
1405910 1571.2
1405920 1571.2
1405930 1565.8
1405940 1562.3
1405950 1562.3
1405960 1559.2
1405970 1555.8
1405980 1555.8
1405990 1553.0
1406000 1548.8
1406010 1548.8
1406020 1543.9
1406030 1540.1
1406040 1536.3
1406050 1536.3
1406060 1533.5
1406070 1531.2
1406080 1531.2
1406090 1529.9
1406100 1529.0
1406110 1529.0
1406120 1526.8
1406130 1524.5
1406140 1524.5
1406150 1522.5
1406160 1519.9
1406170 1519.9
1406180 1517.1
1406190 1513.1
1406200 1513.1
1406210 1509.3
1406220 1507.1
1406230 1506.0
1406240 1506.0
1406250 1505.3
1406260 1505.0
1406270 1505.0
1406280 1504.8
1406290 1504.9
1406300 1504.9
1406310 1504.0
1406320 1501.5
1406330 1501.5
1406340 1497.3
1406350 1492.0
1406360 1492.0
1406370 1486.8
1406380 1481.4
1406390 1475.9
1406400 1475.9
1406410 1471.5
1406420 1467.1
1406430 1467.1
1406440 1462.7
1406450 1459.9
1406460 1459.9
1406470 1458.4
1406480 1454.7
1406490 1454.7
1406500 1452.2
1406510 1449.6
1406520 1449.6
1406530 1447.1
1406540 1445.1
1406550 1445.1
1406560 1442.9
1406570 1439.8
1406580 1436.4
1406590 1436.4
1406600 1432.6
1406610 1427.4
1406620 1427.4
1406630 1421.4
1406640 1416.0
1406650 1416.0
1406660 1411.8
1406670 1408.3
1406680 1408.3
1406690 1404.6
1406700 1401.0
1406710 1401.0
1406720 1397.4
1406730 1394.0
1406740 1394.0
1406750 1389.4
1406760 1387.0
1406770 1385.7
1406780 1385.7
1406790 1384.0
1406800 1381.2
1406810 1381.2
1406820 1377.9
1406830 1373.9
1406840 1373.9
1406850 1368.6
1406860 1362.5
1406870 1362.5
1406880 1354.9
1406890 1347.6
1406900 1347.6
1406910 1340.5
1406920 1332.7
1406930 1332.7
1406940 1325.1
1406950 1317.2
1406960 1308.3
1406970 1308.3
1406980 1298.8
1406990 1289.9
1407000 1289.9
1407010 1281.6
1407020 1274.7
1407030 1274.7
1407040 1268.3
1407050 1262.8
1407060 1262.8
1407070 1259.0
1407080 1254.8
1407090 1254.8
1407100 1250.7
1407110 1247.2
1407120 1247.2
1407130 1244.2
1407140 1241.8
1407150 1239.7
1407160 1239.7
1407170 1238.3
1407180 1237.2
1407190 1237.2
1407200 1235.9
1407210 1233.8
1407220 1233.8
1407230 1231.0
1407240 1227.8
1407250 1227.8
1407260 1224.4
1407270 1221.0
1407280 1221.0
1407290 1217.6
1407300 1213.2
1407310 1213.2
1407320 1208.4
1407330 1202.9
1407340 1194.8
1407350 1194.8
1407360 1187.9
1407370 1181.8
1407380 1181.8
1407390 1177.0
1407400 1173.0
1407410 1173.0
1407420 1167.8
1407430 1162.3
1407440 1162.3
1407450 1156.8
1407460 1150.9
1407470 1150.9
1407480 1144.1
1407490 1137.1
1407500 1137.1
1407510 1130.5
1407520 1125.2
1407530 1119.9
1407540 1119.9
1407550 1117.9
1407560 1119.5
1407570 1119.5
1407580 1118.6
1407590 1117.6
1407600 1117.6
1407610 1117.6
1407620 1116.3
1407630 1116.3
1407640 1110.5
1407650 1102.8
1407660 1102.8
1407670 1095.3
1407680 1088.3
1407690 1082.1
1407700 1082.1
1407710 1075.9
1407720 1069.5
1407730 1069.5
1407740 1060.9
1407750 1046.5
1407760 1046.5
1407770 1030.3
1407780 1026.4
1407790 1026.4
1407800 1030.9
1407810 1039.2
1407820 1039.2
1407830 1045.3
1407840 1044.1
1407850 1044.1
1407860 1042.6
1407870 1043.5
1407880 1044.3
1407890 1044.3
1407900 1044.7
1407910 1044.7
1407920 1044.7
1407930 1044.6
1407940 1043.9
1407950 1043.9
1407960 1042.9
1407970 1042.1
1407980 1042.1
1407990 1041.7
1408000 1041.5
1408010 1041.5
1408020 1041.1
1408030 1040.8
1408040 1040.8
1408050 1040.0
1408060 1038.1
1408070 1036.5
1408080 1036.5
1408090 1035.7
1408100 1035.1
1408110 1035.1
1408120 1033.8
1408130 1032.2
1408140 1032.2
1408150 1030.5
1408160 1027.7
1408170 1027.7
1408180 1024.3
1408190 1021.3
1408200 1021.3
1408210 1018.7
1408220 1017.9
1408230 1017.9
1408240 1016.6
1408250 1012.8
1408260 1008.8
1408270 1008.8
1408280 1004.9
1408290 999.4
1408300 999.4
1408310 993.5
1408320 987.9
1408330 987.9
1408340 983.2
1408350 979.3
1408360 979.3
1408370 975.5
1408380 975.5
1408390 975.5
1408400 971.9
1408410 968.4
1408420 968.4
1408430 966.7
1408440 965.1
1408450 963.5
1408460 963.5
1408470 963.0
1408480 962.3
1408490 962.3
1408500 961.5
1408510 959.9
1408520 959.9
1408530 958.3
1408540 956.7
1408550 956.7
1408560 954.4
1408570 952.7
1408580 952.7
1408590 951.2
1408600 948.8
1408610 948.8
1408620 947.2
1408630 946.2
1408640 944.3
1408650 944.3
1408660 942.7
1408670 940.7
1408680 940.7
1408690 938.6
1408700 936.6
1408710 936.6
1408720 934.9
1408730 933.6
1408740 933.6
1408750 933.0
1408760 932.3
1408770 932.3
1408780 930.3
1408790 927.9
1408800 927.9
1408810 926.7
1408820 925.6
1408830 924.2
1408840 924.2
1408850 922.6
1408860 921.3
1408870 921.3
1408880 920.2
1408890 918.7
1408900 918.7
1408910 917.6
1408920 916.8
1408930 916.8
1408940 915.6
1408950 915.2
1408960 915.2
1408970 915.6
1408980 916.1
1408990 916.6
1409000 916.6
1409010 916.7
1409020 916.2
1409030 916.2
1409040 915.5
1409050 914.9
1409060 914.9
1409070 913.3
1409080 911.3
1409090 911.3
1409100 909.1
1409110 906.2
1409120 906.2
1409130 902.7
1409140 898.2
1409150 898.2
1409160 894.6
1409170 892.9
1409180 892.3
1409190 892.3
1409200 892.1
1409210 892.2
1409220 892.2
1409230 891.6
1409240 890.6
1409250 890.6
1409260 889.7
1409270 888.8
1409280 888.8
1409290 887.8
1409300 886.5
1409310 886.5
1409320 885.2
1409330 883.6
1409340 883.6
1409350 882.2
1409360 881.0
1409370 879.8
1409380 879.8
1409390 878.6
1409400 878.2
1409410 878.2
1409420 878.5
1409430 878.3
1409440 878.3
1409450 878.4
1409460 878.2
1409470 878.2
1409480 875.8
1409490 873.8
1409500 873.8
1409510 874.8
1409520 875.7
1409530 875.7
1409540 874.5
1409550 871.4
1409560 866.6
1409570 866.6
1409580 863.9
1409590 863.4
1409600 863.4
1409610 863.1
1409620 862.6
1409630 862.6
1409640 862.1
1409650 861.5
1409660 861.5
1409670 861.0
1409680 860.2
1409690 860.2
1409700 859.4
1409710 858.7
1409720 858.7
1409730 857.9
1409740 856.9
1409750 856.4
1409760 856.4
1409770 855.6
1409780 853.7
1409790 853.7
1409800 852.4
1409810 852.5
1409820 852.5
1409830 855.0
1409840 858.6
1409850 858.6
1409860 860.9
1409870 861.8
1409880 861.8
1409890 860.7
1409900 857.0
1409910 857.0
1409920 852.4
1409930 849.7
1409940 847.1
1409950 847.1
1409960 843.4
1409970 841.2
1409980 841.2
1409990 839.9
1410000 839.0
1410010 839.0
1410020 838.8
1410030 839.2
1410040 839.2
1410050 839.4
1410060 840.0
1410070 840.0
1410080 841.6
1410090 843.4
1410100 843.4
1410110 847.2
1410120 847.7
1410130 845.7
1410140 845.7
1410150 841.5
1410160 838.1
1410170 838.1
1410180 836.7
1410190 833.7
1410200 833.7
1410210 829.0
1410220 825.0
1410230 825.0
1410240 820.7
1410250 817.7
1410260 817.7
1410270 811.4
1410280 805.6
1410290 803.4
1410300 803.4
1410310 801.5
1410320 798.2
1410330 798.2
1410340 795.4
1410350 794.5
1410360 794.5
1410370 792.0
1410380 787.6
1410390 787.6
1410400 776.4
1410410 765.4
1410420 765.4
1410430 758.0
1410440 750.7
1410450 750.7
1410460 744.1
1410470 738.1
1410480 733.0
1410490 733.0
1410500 728.1
1410510 725.7
1410520 725.7
1410530 723.8
1410540 720.1
1410550 720.1
1410560 717.7
1410570 717.2
1410580 717.2
1410590 716.9
1410600 716.3
1410610 716.3
1410620 716.0
1410630 715.8
1410640 715.8
1410650 715.7
1410660 716.0
1410670 715.9
1410680 715.9
1410690 716.0
1410700 716.0
1410710 716.0
1410720 715.7
1410730 715.2
1410740 715.2
1410750 715.1
1410760 714.6
1410770 714.6
1410780 712.9
1410790 712.1
1410800 712.1
1410810 712.8
1410820 714.1
1410830 714.1
1410840 713.4
1410850 712.0
1410860 711.8
1410870 711.8
1410880 711.8
1410890 711.7
1410900 711.7
1410910 711.7
1410920 712.0
1410930 712.0
1410940 713.5
1410950 715.0
1410960 715.0
1410970 715.2
1410980 715.3
1410990 715.3
1411000 715.1
1411010 715.0
1411020 715.0
1411030 714.8
1411040 714.7
1411050 714.6
1411060 714.6
1411070 714.6
1411080 714.5
1411090 714.5
1411100 714.5
1411110 714.5
1411120 714.5
1411130 714.5
1411140 714.5
1411150 714.5
1411160 714.5
1411170 714.5
1411180 714.5
1411190 714.4
1411200 715.4
1411210 715.4
1411220 717.0
1411230 717.1
1411240 717.2
1411250 717.2
1411260 717.2
1411270 717.5
1411280 717.5
1411290 717.8
1411300 717.7
1411310 717.7
1411320 717.1
1411330 717.0
1411340 717.0
1411350 717.1
1411360 717.0
1411370 717.0
1411380 717.0
1411390 717.0
1411400 717.0
1411410 717.0
1411420 716.9
1411430 717.0
1411440 717.0
1411450 716.9
1411460 717.0
1411470 717.0
1411480 717.0
1411490 716.9
1411500 716.9
1411510 716.9
1411520 716.7
1411530 716.7
1411540 716.5
1411550 715.8
1411560 715.8
1411570 715.5
1411580 715.7
1411590 716.5
1411600 716.5
1411610 718.3
1411620 721.9
1411630 721.9
1411640 727.2
1411650 731.0
1411660 731.0
1411670 735.9
1411680 742.8
1411690 742.8
1411700 748.3
1411710 752.6
1411720 752.6
1411730 756.6
1411740 760.0
1411750 760.0
1411760 766.1
1411770 771.1
1411780 777.8
1411790 774.0
1411800 781.0
1411810 784.8
1411820 784.8
1411830 787.0
1411840 789.4
1411850 789.4
1411860 793.1
1411870 796.9
1411880 796.9
1411890 801.3
1411900 805.2
1411910 805.2
1411920 811.5
1411930 819.4
1411940 819.4
1411950 827.3
1411960 835.3
1411970 842.2
1411980 842.2
1411990 848.5
1412000 854.4
1412010 854.4
1412020 860.0
1412030 865.2
1412040 865.2
1412050 869.5
1412060 870.5
1412070 870.5
1412080 870.1
1412090 872.3
1412100 872.3
1412110 880.0
1412120 888.1
1412130 888.1
1412140 894.7
1412150 901.6
1412160 910.8
1412170 910.8
1412180 918.3
1412190 921.2
1412200 921.2
1412210 923.3
1412220 928.5
1412230 928.5
1412240 933.3
1412250 936.3
1412260 936.3
1412270 940.9
1412280 947.3
1412290 947.3
1412300 954.1
1412310 960.4
1412320 960.4
1412330 964.9
1412340 968.0
1412350 971.8
1412360 971.8
1412370 976.4
1412380 981.2
1412390 981.2
1412400 984.7
1412410 985.9
1412420 985.9
1412430 986.6
1412440 989.3
1412450 989.3
1412460 993.4
1412470 998.3
1412480 998.3
1412490 1003.2
1412500 1008.2
1412510 1008.2
1412520 1013.4
1412530 1019.0
1412540 1025.7
1412550 1025.7
1412560 1029.7
1412570 1032.7
1412580 1032.7
1412590 1035.4
1412600 1037.7
1412610 1037.7
1412620 1040.1
1412630 1042.7
1412640 1042.7
1412650 1045.6
1412660 1048.6
1412670 1048.6
1412680 1051.3
1412690 1054.8
1412700 1054.8
1412710 1058.7
1412720 1061.3
1412730 1063.9
1412740 1063.9
1412750 1066.4
1412760 1069.0
1412770 1069.0
1412780 1071.6
1412790 1074.6
1412800 1074.6
1412810 1076.6
1412820 1078.8
1412830 1078.8
1412840 1082.6
1412850 1087.4
1412860 1087.4
1412870 1091.2
1412880 1094.7
1412890 1099.3
1412900 1099.3
1412910 1103.5
1412920 1108.5
1412930 1108.5
1412940 1112.2
1412950 1115.0
1412960 1115.0
1412970 1117.0
1412980 1118.5
1412990 1118.5
1413000 1120.2
1413010 1121.8
1413020 1121.8
1413030 1123.9
1413040 1129.7
1413050 1129.7
1413060 1136.0
1413070 1138.3
1413080 1139.1
1413090 1139.1
1413100 1139.3
1413110 1139.6
1413120 1139.6
1413130 1141.7
1413140 1141.9
1413150 1141.9
1413160 1138.3
1413170 1133.9
1413180 1133.9
1413190 1129.0
1413200 1126.6
1413210 1126.6
1413220 1124.9
1413230 1121.2
1413240 1121.2
1413250 1119.0
1413260 1122.0
1413270 1124.3
1413280 1124.3
1413290 1127.1
1413300 1131.4
1413310 1131.4
1413320 1137.7
1413330 1145.2
1413340 1145.2
1413350 1152.1
1413360 1157.2
1413370 1157.2
1413380 1162.1
1413390 1168.3
1413400 1168.3
1413410 1171.9
1413420 1172.3
1413430 1172.3
1413440 1171.5
1413450 1171.0
1413460 1170.3
1413470 1170.3
1413480 1169.7
1413490 1170.7
1413500 1170.7
1413510 1173.6
1413520 1176.8
1413530 1176.8
1413540 1181.2
1413550 1182.5
1413560 1182.5
1413570 1185.6
1413580 1188.6
1413590 1188.6
1413600 1191.9
1413610 1195.3
1413620 1195.3
1413630 1198.5
1413640 1201.0
1413650 1202.6
1413660 1202.6
1413670 1204.4
1413680 1206.7
1413690 1206.7
1413700 1211.3
1413710 1217.1
1413720 1217.1
1413730 1220.9
1413740 1224.8
1413750 1224.8
1413760 1229.3
1413770 1233.6
1413780 1233.6
1413790 1237.2
1413800 1240.4
1413810 1240.4
1413820 1243.5
1413830 1246.4
1413840 1249.0
1413850 1249.0
1413860 1251.3
1413870 1252.7
1413880 1252.7
1413890 1254.2
1413900 1255.0
1413910 1255.0
1413920 1254.7
1413930 1254.3
1413940 1254.3
1413950 1253.5
1413960 1251.5
1413970 1251.5
1413980 1250.2
1413990 1249.2
1414000 1249.2
1414010 1247.8
1414020 1247.3
1414030 1247.8
1414040 1247.8
1414050 1248.7
1414060 1250.1
1414070 1250.1
1414080 1254.9
1414090 1260.6
1414100 1260.6
1414110 1267.0
1414120 1274.0
1414130 1274.0
1414140 1280.9
1414150 1286.6
1414160 1286.6
1414170 1292.2
1414180 1297.4
1414190 1302.2
1414200 1302.2
1414210 1307.1
1414220 1312.0
1414230 1312.0
1414240 1316.2
1414250 1321.7
1414260 1321.7
1414270 1328.3
1414280 1335.8
1414290 1335.8
1414300 1342.6
1414310 1346.5
1414320 1346.5
1414330 1352.1
1414340 1356.3
1414350 1356.3
1414360 1360.2
1414370 1363.9
1414380 1367.1
1414390 1367.1
1414400 1369.9
1414410 1372.8
1414420 1372.8
1414430 1375.6
1414440 1378.2
1414450 1378.2
1414460 1380.4
1414470 1382.7
1414480 1382.7
1414490 1385.3
1414500 1387.0
1414510 1387.0
1414520 1387.4
1414530 1387.8
1414540 1387.8
1414550 1388.5
1414560 1389.7
1414570 1390.5
1414580 1390.5
1414590 1389.3
1414600 1388.5
1414610 1388.5
1414620 1389.4
1414630 1390.7
1414640 1390.7
1414650 1391.3
1414660 1392.0
1414670 1392.0
1414680 1392.5
1414690 1391.0
1414700 1391.0
1414710 1388.3
1414720 1386.6
1414730 1386.6
1414740 1386.0
1414750 1385.2
1414760 1389.5
1414770 1389.5
1414780 1397.3
1414790 1404.7
1414800 1404.7
1414810 1411.8
1414820 1417.6
1414830 1417.6
1414840 1423.1
1414850 1430.5
1414860 1430.5
1414870 1437.3
1414880 1440.8
1414890 1440.8
1414900 1443.0
1414910 1444.7
1414920 1444.7
1414930 1447.5
1414940 1450.5
1414950 1451.0
1414960 1451.0
1414970 1450.7
1414980 1450.3
1414990 1450.3
1415000 1451.2
1415010 1452.6
1415020 1452.6
1415030 1454.3
1415040 1457.6
1415050 1457.6
1415060 1462.5
1415070 1467.0
1415080 1467.0
1415090 1468.9
1415100 1469.4
1415110 1469.4
1415120 1469.7
1415130 1469.5
1415140 1467.9
1415150 1467.9
1415160 1464.7
1415170 1457.4
1415180 1457.4
1415190 1447.1
1415200 1436.9
1415210 1436.9
1415220 1426.4
1415230 1416.8
1415240 1416.8
1415250 1408.8
1415260 1402.9
1415270 1402.9
1415280 1397.8
1415290 1393.3
1415300 1393.3
1415310 1388.5
1415320 1385.3
1415330 1379.4
1415340 1372.7
1415350 1366.2
1415360 1358.1
1415370 1358.1
1415380 1358.0
1415390 1362.5
1415400 1362.5
1415410 1369.0
1415420 1376.5
1415430 1376.5
1415440 1383.5
1415450 1389.2
1415460 1389.2
1415470 1392.9
1415480 1398.4
1415490 1404.8
1415500 1404.8
1415510 1411.2
1415520 1418.1
1415530 1418.1
1415540 1425.7
1415550 1432.0
1415560 1432.0
1415570 1439.3
1415580 1447.7
1415590 1447.7
1415600 1455.7
1415610 1463.2
1415620 1463.2
1415630 1470.8
1415640 1478.0
1415650 1478.0
1415660 1486.6
1415670 1496.7
1415680 1507.0
1415690 1507.0
1415700 1516.5
1415710 1525.4
1415720 1525.4
1415730 1534.0
1415740 1543.2
1415750 1543.2
1415760 1552.6
1415770 1561.7
1415780 1561.7
1415790 1570.4
1415800 1577.9
1415810 1577.9
1415820 1584.4
1415830 1590.5
1415840 1590.5
1415850 1596.9
1415860 1602.5
1415870 1608.7
1415880 1608.7
1415890 1614.9
1415900 1620.1
1415910 1620.1
1415920 1625.2
1415930 1630.4
1415940 1630.4
1415950 1635.6
1415960 1641.0
1415970 1641.0
1415980 1646.3
1415990 1651.5
1416000 1651.5
1416010 1656.7
1416020 1661.9
1416030 1661.9
1416040 1667.7
1416050 1674.1
1416060 1681.2
1416070 1681.2
1416080 1687.4
1416090 1691.4
1416100 1691.4
1416110 1694.9
1416120 1698.3
1416130 1698.3
1416140 1701.5
1416150 1705.1
1416160 1705.1
1416170 1708.6
1416180 1711.6
1416190 1711.6
1416200 1714.6
1416210 1718.1
1416220 1718.1
1416230 1722.3
1416240 1726.5
1416250 1731.2
1416260 1731.2
1416270 1735.6
1416280 1739.8
1416290 1739.8
1416300 1744.1
1416310 1748.8
1416320 1748.8
1416330 1754.3
1416340 1758.4
1416350 1758.4
1416360 1763.3
1416370 1767.4
1416380 1767.4
1416390 1770.8
1416400 1774.4
1416410 1774.4
1416420 1778.2
1416430 1781.8
1416440 1785.9
1416450 1785.9
1416460 1790.0
1416470 1794.5
1416480 1794.5
1416490 1798.8
1416500 1803.7
1416510 1803.7
1416520 1808.5
1416530 1812.5
1416540 1812.5
1416550 1816.8
1416560 1821.5
1416570 1821.5
1416580 1826.1
1416590 1830.8
1416600 1830.8
1416610 1835.1
1416620 1840.3
1416630 1845.0
1416640 1845.0
1416650 1849.8
1416660 1854.6
1416670 1854.6
1416680 1858.5
1416690 1862.1
1416700 1862.1
1416710 1865.7
1416720 1869.3
1416730 1869.3
1416740 1874.1
1416750 1878.8
1416760 1878.8
1416770 1882.7
1416780 1886.3
1416790 1886.3
1416800 1891.3
1416810 1896.4
1416820 1900.9
1416830 1900.9
1416840 1904.7
1416850 1908.7
1416860 1908.7
1416870 1912.3
1416880 1916.3
1416890 1916.3
1416900 1920.5
1416910 1923.9
1416920 1923.9
1416930 1926.6
1416940 1929.2
1416950 1929.2
1416960 1932.3
1416970 1935.8
1416980 1939.4
1416990 1939.4
1417000 1942.4
1417010 1946.3
1417020 1946.3
1417030 1950.2
1417040 1955.1
1417050 1955.1
1417060 1960.4
1417070 1964.3
1417080 1964.3
1417090 1966.2
1417100 1968.3
1417110 1968.3
1417120 1970.2
1417130 1971.0
1417140 1971.0
1417150 1971.2
1417160 1971.7
1417170 1972.1
1417180 1966.2
1417190 1966.3
1417200 1966.8
1417210 1966.8
1417220 1967.9
1417230 1969.1
1417240 1969.1
1417250 1971.5
1417260 1974.1
1417270 1974.1
1417280 1976.5
1417290 1978.4
1417300 1978.4
1417310 1980.2
1417320 1980.9
1417330 1980.9
1417340 1981.3
1417350 1982.4
1417360 1983.6
1417370 1983.6
1417380 1984.9
1417390 1986.3
1417400 1986.3
1417410 1987.7
1417420 1989.2
1417430 1989.2
1417440 1990.7
1417450 1992.2
1417460 1992.2
1417470 1993.6
1417480 1994.8
1417490 1994.8
1417500 1994.9
1417510 1994.4
1417520 1994.4
1417530 1991.2
1417540 1986.9
1417550 1984.9
1417560 1984.9
1417570 1985.1
1417580 1986.4
1417590 1986.4
1417600 1988.7
1417610 1989.6
1417620 1989.6
1417630 1988.0
1417640 1987.5
1417650 1987.5
1417660 1987.5
1417670 1988.7
1417680 1988.7
1417690 1990.0
1417700 1989.6
1417710 1989.6
1417720 1990.1
1417730 1990.1
1417740 1990.2
1417750 1990.2
1417760 1990.4
1417770 1989.6
1417780 1989.6
1417790 1986.8
1417800 1981.7
1417810 1981.7
1417820 1976.2
1417830 1971.4
1417840 1971.4
1417850 1967.6
1417860 1964.6
1417870 1964.6
1417880 1963.5
1417890 1962.6
1417900 1962.6
1417910 1958.2
1417920 1956.2
1417930 1956.4
1417940 1956.4
1417950 1954.5
1417960 1953.6
1417970 1953.6
1417980 1952.0
1417990 1950.5
1418000 1950.5
1418010 1946.3
1418020 1940.0
1418030 1940.0
1418040 1932.9
1418050 1926.7
1418060 1926.7
1418070 1920.8
1418080 1915.0
1418090 1915.0
1418100 1909.7
1418110 1905.8
1418120 1902.5
1418130 1902.5
1418140 1898.4
1418150 1893.8
1418160 1893.8
1418170 1888.5
1418180 1883.3
1418190 1883.3
1418200 1877.7
1418210 1871.6
1418220 1871.6
1418230 1865.2
1418240 1859.2
1418250 1859.2
1418260 1853.4
1418270 1848.3
1418280 1843.9
1418290 1843.9
1418300 1838.9
1418310 1833.8
1418320 1833.8
1418330 1828.5
1418340 1823.5
1418350 1823.5
1418360 1818.5
1418370 1813.2
1418380 1813.2
1418390 1807.8
1418400 1802.5
1418410 1802.5
1418420 1797.8
1418430 1792.7
1418440 1792.7
1418450 1788.2
1418460 1784.4
1418470 1780.2
1418480 1780.2
1418490 1776.8
1418500 1774.1
1418510 1774.1
1418520 1771.9
1418530 1769.6
1418540 1769.6
1418550 1766.0
1418560 1761.1
1418570 1761.1
1418580 1754.4
1418590 1746.0
1418600 1746.0
1418610 1737.3
1418620 1728.0
1418630 1728.0
1418640 1718.3
1418650 1709.6
1418660 1702.7
1418670 1702.7
1418680 1697.2
1418690 1697.8
1418700 1697.8
1418710 1700.8
1418720 1702.4
1418730 1702.4
1418740 1705.4
1418750 1708.4
1418760 1708.4
1418770 1709.4
1418780 1713.0
1418790 1713.0
1418800 1712.5
1418810 1707.4
1418820 1707.4
1418830 1701.3
1418840 1696.0
1418850 1694.0
1418860 1694.0
1418870 1696.0
1418880 1698.7
1418890 1698.7
1418900 1701.6
1418910 1704.6
1418920 1704.6
1418930 1707.4
1418940 1708.6
1418950 1708.6
1418960 1704.4
1418970 1701.9
1418980 1701.9
1418990 1704.0
1419000 1705.6
1419010 1705.6
1419020 1704.8
1419030 1702.3
1419040 1700.5
1419050 1700.5
1419060 1699.7
1419070 1698.3
1419080 1698.3
1419090 1701.1
1419100 1706.2
1419110 1706.2
1419120 1710.6
1419130 1712.2
1419140 1712.2
1419150 1711.5
1419160 1710.1
1419170 1710.1
1419180 1708.6
1419190 1708.3
1419200 1708.3
1419210 1706.7
1419220 1704.6
1419230 1702.4
1419240 1702.4
1419250 1698.1
1419260 1693.7
1419270 1693.7
1419280 1690.4
1419290 1687.6
1419300 1687.6
1419310 1689.5
1419320 1696.1
1419330 1696.1
1419340 1700.8
1419350 1700.6
1419360 1700.6
1419370 1700.5
1419380 1699.9
1419390 1699.9
1419400 1697.9
1419410 1697.3
1419420 1698.7
1419430 1698.7
1419440 1697.1
1419450 1689.4
1419460 1689.4
1419470 1683.0
1419480 1682.5
1419490 1682.5
1419500 1688.2
1419510 1694.8
1419520 1694.8
1419530 1701.2
1419540 1706.8
1419550 1706.8
1419560 1711.6
1419570 1715.5
1419580 1718.3
1419590 1718.3
1419600 1720.2
1419610 1721.5
1419620 1721.5
1419630 1722.2
1419640 1722.5
1419650 1722.5
1419660 1722.4
1419670 1721.8
1419680 1721.8
1419690 1720.5
1419700 1718.9
1419710 1718.9
1419720 1717.4
1419730 1714.9
1419740 1714.9
1419750 1712.1
1419760 1709.0
1419770 1705.5
1419780 1705.5
1419790 1702.9
1419800 1701.5
1419810 1701.5
1419820 1699.5
1419830 1696.8
1419840 1696.8
1419850 1692.4
1419860 1686.2
1419870 1686.2
1419880 1679.5
1419890 1675.8
1419900 1675.8
1419910 1674.6
1419920 1670.8
1419930 1670.8
1419940 1666.0
1419950 1661.4
1419960 1657.7
1419970 1657.7
1419980 1652.4
1419990 1648.6
