1400000 2023.9
1400010 2023.9
1400020 2018.6
1400030 2013.7
1400040 2013.7
1400050 2008.2
1400060 2002.4
1400070 2002.4
1400080 1996.1
1400090 1988.5
1400100 1988.5
1400110 1980.1
1400120 1973.7
1400130 1973.7
1400140 1968.8
1400150 1963.3
1400160 1955.8
1400170 1955.8
1400180 1946.6
1400190 1937.7
1400200 1937.7
1400210 1930.8
1400220 1923.8
1400230 1923.8
1400240 1918.3
1400250 1915.7
1400260 1915.7
1400270 1914.9
1400280 1910.6
1400290 1910.6
1400300 1899.5
1400310 1889.3
1400320 1889.3
1400330 1883.3
1400340 1878.9
1400350 1873.6
1400360 1873.6
1400370 1867.1
1400380 1859.5
1400390 1859.5
1400400 1855.6
1400410 1852.6
1400420 1852.6
1400430 1848.5
1400440 1836.8
1400450 1836.8
1400460 1831.2
1400470 1825.8
1400480 1825.8
1400490 1819.0
1400500 1811.1
1400510 1802.6
1400520 1802.6
1400530 1791.9
1400540 1780.0
1400550 1780.0
1400560 1769.8
1400570 1761.0
1400580 1761.0
1400590 1751.9
1400600 1742.6
1400610 1742.6
1400620 1734.2
1400630 1726.8
1400640 1726.8
1400650 1718.1
1400660 1709.6
1400670 1709.6
1400680 1701.1
1400690 1692.9
1400700 1686.7
1400710 1686.7
1400720 1682.9
1400730 1676.9
1400740 1676.9
1400750 1669.7
1400760 1662.7
1400770 1662.7
1400780 1655.7
1400790 1649.0
1400800 1649.0
1400810 1642.1
1400820 1634.6
1400830 1634.6
1400840 1627.4
1400850 1620.1
1400860 1620.1
1400870 1612.7
1400880 1605.7
1400890 1599.2
1400900 1599.2
1400910 1593.0
1400920 1586.1
1400930 1586.1
1400940 1580.9
1400950 1574.6
1400960 1574.6
1400970 1568.7
1400980 1563.0
1400990 1563.0
1401000 1557.4
1401010 1551.7
1401020 1551.7
1401030 1546.3
1401040 1540.9
1401050 1540.9
1401060 1536.2
1401070 1531.2
1401080 1526.4
1401090 1526.4
1401100 1521.8
1401110 1517.4
1401120 1517.4
1401130 1512.9
1401140 1508.7
1401150 1508.7
1401160 1504.6
1401170 1500.3
1401180 1500.3
1401190 1495.8
1401200 1490.2
1401210 1490.2
1401220 1482.7
1401230 1475.4
1401240 1475.4
1401250 1470.9
1401260 1468.3
1401270 1466.7
1401280 1466.7
1401290 1466.0
1401300 1465.9
1401310 1465.9
1401320 1467.0
1401330 1472.5
1401340 1472.5
1401350 1478.4
1401360 1483.6
1401370 1483.6
1401380 1488.1
1401390 1492.7
1401400 1492.7
1401410 1498.0
1401420 1502.9
1401430 1502.9
1401440 1507.7
1401450 1512.2
1401460 1517.7
1401470 1517.7
1401480 1523.0
1401490 1527.8
1401500 1527.8
1401510 1532.9
1401520 1538.4
1401530 1538.4
1401540 1543.8
1401550 1549.9
1401560 1549.9
1401570 1556.7
1401580 1562.8
1401590 1562.8
1401600 1568.8
1401610 1574.7
1401620 1574.7
1401630 1580.8
1401640 1587.5
1401650 1593.8
1401660 1593.8
1401670 1599.7
1401680 1604.4
1401690 1604.4
1401700 1608.7
1401710 1613.0
1401720 1613.0
1401730 1617.4
1401740 1621.8
1401750 1621.8
1401760 1625.1
1401770 1628.3
1401780 1628.3
1401790 1631.2
1401800 1634.0
1401810 1634.0
1401820 1636.7
1401830 1639.9
1401840 1643.8
1401850 1643.8
1401860 1648.3
1401870 1654.7
1401880 1654.7
1401890 1662.1
1401900 1669.1
1401910 1669.1
1401920 1675.9
1401930 1682.3
1401940 1682.3
1401950 1688.5
1401960 1700.2
1401970 1700.2
1401980 1705.6
1401990 1708.7
1402000 1708.7
1402010 1710.9
1402020 1715.7
1402030 1721.9
1402040 1721.9
1402050 1726.7
1402060 1729.2
1402070 1729.2
1402080 1731.6
1402090 1733.3
1402100 1733.3
1402110 1734.7
1402120 1737.4
1402130 1737.4
1402140 1741.2
1402150 1747.3
1402160 1747.3
1402170 1752.4
1402180 1757.8
1402190 1764.6
1402200 1764.6
1402210 1771.0
1402220 1777.4
1402230 1777.4
1402240 1781.4
1402250 1786.0
1402260 1786.0
1402270 1791.2
1402280 1797.0
1402290 1797.0
1402300 1803.6
1402310 1811.2
1402320 1811.2
1402330 1816.2
1402340 1817.8
1402350 1817.8
1402360 1822.3
1402370 1824.1
1402380 1824.8
1402390 1824.8
1402400 1824.5
1402410 1822.4
1402420 1822.4
1402430 1818.0
1402440 1814.2
1402450 1814.2
1402460 1811.4
1402470 1807.5
1402480 1807.5
1402490 1803.6
1402500 1803.3
1402510 1803.3
1402520 1802.1
1402530 1800.0
1402540 1800.0
1402550 1798.1
1402560 1801.1
1402570 1802.4
1402580 1802.4
1402590 1798.2
1402600 1795.2
1402610 1795.2
1402620 1799.2
1402630 1803.7
1402640 1803.7
1402650 1804.9
1402660 1806.1
1402670 1806.1
1402680 1808.6
1402690 1811.7
1402700 1811.7
1402710 1813.2
1402720 1817.2
1402730 1817.2
1402740 1824.5
1402750 1831.6
1402760 1835.9
1402770 1835.9
1402780 1838.9
1402790 1841.5
1402800 1841.5
1402810 1843.4
1402820 1847.2
1402830 1847.2
1402840 1851.2
1402850 1854.7
1402860 1854.7
1402870 1858.7
1402880 1862.8
1402890 1862.8
1402900 1867.2
1402910 1871.8
1402920 1871.8
1402930 1876.6
1402940 1881.5
1402950 1886.1
1402960 1886.1
1402970 1890.8
1402980 1895.6
1402990 1895.6
1403000 1900.3
1403010 1904.9
1403020 1904.9
1403030 1909.7
1403040 1914.8
1403050 1914.8
1403060 1919.1
1403070 1922.3
1403080 1922.3
1403090 1925.7
1403100 1929.4
1403110 1929.4
1403120 1932.7
1403130 1936.4
1403140 1940.6
1403150 1940.6
1403160 1944.8
1403170 1949.6
1403180 1949.6
1403190 1954.6
1403200 1960.5
1403210 1960.5
1403220 1967.6
1403230 1975.4
1403240 1975.4
1403250 1981.5
1403260 1987.1
1403270 1987.1
1403280 1993.1
1403290 1998.4
1403300 1998.4
1403310 2003.2
1403320 2006.1
1403330 2008.4
1403340 2008.4
1403350 2010.9
1403360 2014.8
1403370 2014.8
1403380 2017.9
1403390 2020.8
1403400 2020.8
1403410 2024.7
1403420 2028.2
1403430 2028.2
1403440 2031.6
1403450 2035.2
1403460 2035.2
1403470 2037.2
1403480 2037.6
1403490 2037.6
1403500 2037.6
1403510 2039.2
1403520 2043.3
1403530 2043.3
1403540 2048.2
1403550 2051.1
1403560 2051.1
1403570 2053.8
1403580 2058.7
1403590 2058.7
1403600 2064.5
1403610 2069.7
1403620 2069.7
1403630 2073.4
1403640 2074.9
1403650 2074.9
1403660 2074.6
1403670 2073.0
1403680 2070.6
1403690 2070.6
1403700 2068.3
1403710 2066.3
1403720 2066.3
1403730 2064.6
1403740 2063.4
1403750 2063.4
1403760 2061.5
1403770 2058.6
1403780 2058.6
1403790 2056.5
1403800 2053.9
1403810 2053.9
1403820 2050.7
1403830 2045.7
1403840 2045.7
1403850 2041.5
1403860 2041.7
1403870 2036.9
1403880 2036.9
1403890 2030.1
1403900 2023.8
1403910 2023.8
1403920 2017.5
1403930 2011.7
1403940 2011.7
1403950 2006.5
1403960 2002.1
1403970 2002.1
1403980 1998.0
1403990 1993.7
1404000 1993.7
1404010 1991.2
1404020 1989.4
1404030 1989.4
1404040 1987.0
1404050 1983.2
1404060 1979.6
1404070 1979.6
1404080 1977.2
1404090 1973.9
1404100 1973.9
1404110 1969.5
1404120 1965.2
1404130 1965.2
1404140 1961.0
1404150 1957.8
1404160 1957.8
1404170 1955.1
1404180 1952.4
1404190 1952.4
1404200 1949.1
1404210 1945.4
1404220 1945.4
1404230 1941.4
1404240 1936.0
1404250 1930.2
1404260 1930.2
1404270 1924.2
1404280 1919.2
1404290 1919.2
1404300 1914.8
1404310 1909.6
1404320 1909.6
1404330 1905.0
1404340 1901.5
1404350 1901.5
1404360 1898.4
1404370 1894.4
1404380 1894.4
1404390 1889.8
1404400 1884.8
1404410 1884.8
1404420 1880.6
1404430 1876.0
1404440 1869.7
1404450 1869.7
1404460 1863.4
1404470 1857.7
1404480 1857.7
1404490 1852.5
1404500 1846.8
1404510 1846.8
1404520 1840.1
1404530 1833.8
1404540 1833.8
1404550 1828.1
1404560 1823.8
1404570 1823.8
1404580 1820.6
1404590 1815.7
1404600 1815.7
1404610 1809.7
1404620 1802.8
1404630 1795.9
1404640 1795.9
1404650 1790.6
1404660 1786.0
1404670 1786.0
1404680 1781.5
1404690 1776.8
1404700 1776.8
1404710 1772.0
1404720 1766.2
1404730 1766.2
1404740 1758.7
1404750 1750.4
1404760 1750.4
1404770 1742.3
1404780 1735.3
1404790 1735.3
1404800 1729.2
1404810 1723.4
1404820 1716.7
1404830 1716.7
1404840 1710.0
1404850 1702.6
1404860 1702.6
1404870 1693.7
1404880 1685.8
1404890 1685.8
1404900 1678.8
1404910 1672.2
1404920 1672.2
1404930 1665.7
1404940 1660.5
1404950 1660.5
1404960 1654.8
1404970 1648.0
1404980 1648.0
1404990 1641.5
1405000 1635.2
1405010 1630.1
1405020 1630.1
1405030 1624.8
1405040 1619.8
1405050 1619.8
1405060 1615.4
1405070 1609.9
1405080 1609.9
1405090 1605.4
1405100 1601.0
1405110 1601.0
1405120 1595.9
1405130 1591.6
1405140 1591.6
1405150 1586.3
1405160 1579.5
1405170 1579.5
1405180 1574.1
1405190 1569.3
1405200 1564.0
1405210 1564.0
1405220 1557.8
1405230 1550.6
1405240 1550.6
1405250 1542.4
1405260 1532.6
1405270 1532.6
1405280 1528.2
1405290 1525.2
1405300 1525.2
1405310 1521.7
1405320 1517.6
1405330 1517.6
1405340 1513.4
1405350 1508.3
1405360 1502.1
1405370 1502.1
1405380 1495.2
1405390 1488.7
1405400 1488.7
1405410 1481.6
1405420 1473.8
1405430 1473.8
1405440 1466.2
1405450 1459.1
1405460 1459.1
1405470 1452.2
1405480 1445.7
1405490 1445.7
1405500 1438.7
1405510 1431.3
1405520 1431.3
1405530 1423.2
1405540 1411.5
1405550 1399.2
1405560 1399.2
1405570 1393.1
1405580 1397.1
1405590 1397.1
1405600 1405.5
1405610 1413.3
1405620 1413.3
1405630 1421.4
1405640 1429.9
1405650 1429.9
1405660 1437.4
1405670 1443.2
1405680 1443.2
1405690 1448.2
1405700 1450.4
1405710 1450.4
1405720 1452.4
1405730 1455.6
1405740 1456.7
1405750 1456.7
1405760 1455.7
1405770 1454.2
1405780 1454.2
1405790 1453.5
1405800 1452.6
1405810 1452.6
1405820 1451.1
1405830 1449.4
1405840 1449.4
1405850 1447.1
1405860 1444.4
1405870 1444.4
1405880 1442.0
1405890 1439.5
1405900 1439.5
1405910 1436.1
1405920 1431.9
1405930 1427.3
1405940 1427.3
1405950 1422.3
1405960 1417.4
1405970 1417.4
1405980 1413.6
1405990 1409.2
1406000 1409.2
1406010 1404.8
1406020 1401.0
1406030 1401.0
1406040 1398.0
1406050 1395.1
1406060 1395.1
1406070 1392.3
1406080 1390.2
1406090 1390.2
1406100 1388.1
1406110 1385.9
1406120 1383.5
1406130 1383.5
1406140 1380.7
1406150 1377.1
1406160 1377.1
1406170 1373.2
1406180 1369.3
1406190 1369.3
1406200 1364.9
1406210 1360.7
1406220 1360.7
1406230 1356.7
1406240 1352.6
1406250 1352.6
1406260 1348.4
1406270 1344.3
1406280 1344.3
1406290 1340.5
1406300 1335.9
1406310 1330.7
1406320 1330.7
1406330 1325.6
1406340 1321.2
1406350 1321.2
1406360 1317.8
1406370 1315.0
1406380 1315.0
1406390 1312.7
1406400 1310.9
1406410 1310.9
1406420 1310.4
1406430 1307.9
1406440 1307.9
1406450 1305.0
1406460 1302.4
1406470 1302.4
1406480 1298.6
1406490 1294.8
1406500 1290.5
1406510 1290.5
1406520 1284.1
1406530 1279.4
1406540 1279.4
1406550 1280.4
1406560 1278.2
1406570 1278.2
1406580 1275.3
1406590 1271.9
1406600 1271.9
1406610 1267.7
1406620 1264.1
1406630 1264.1
1406640 1260.5
1406650 1256.1
1406660 1256.1
1406670 1252.1
1406680 1249.8
1406690 1246.2
1406700 1246.2
1406710 1243.2
1406720 1240.6
1406730 1240.6
1406740 1237.6
1406750 1234.4
1406760 1234.4
1406770 1231.2
1406780 1227.4
1406790 1227.4
1406800 1223.2
1406810 1219.8
1406820 1219.8
1406830 1217.1
1406840 1214.9
1406850 1214.9
1406860 1212.5
1406870 1210.0
1406880 1207.4
1406890 1207.4
1406900 1205.5
1406910 1204.1
1406920 1204.1
1406930 1202.5
1406940 1200.1
1406950 1200.1
1406960 1197.5
1406970 1194.8
1406980 1194.8
1406990 1192.3
1407000 1190.2
1407010 1190.2
1407020 1187.7
1407030 1184.2
1407040 1181.6
1407050 1181.6
1407060 1179.3
1407070 1176.2
1407080 1176.2
1407090 1173.1
1407100 1169.8
1407110 1169.8
1407120 1167.4
1407130 1164.1
1407140 1164.1
1407150 1160.1
1407160 1156.0
1407170 1156.0
1407180 1151.2
1407190 1146.5
1407200 1146.5
1407210 1141.4
1407220 1135.6
1407230 1129.8
1407240 1129.8
1407250 1122.9
1407260 1114.8
1407270 1114.8
1407280 1106.5
1407290 1098.7
1407300 1098.7
1407310 1092.0
1407320 1085.8
1407330 1085.8
1407340 1080.0
1407350 1074.2
1407360 1074.2
1407370 1068.1
1407380 1062.0
1407390 1062.0
1407400 1057.5
1407410 1053.5
1407420 1050.7
1407430 1050.7
1407440 1048.7
1407450 1045.4
1407460 1045.4
1407470 1041.3
1407480 1037.8
1407490 1037.8
1407500 1033.9
1407510 1028.8
1407520 1028.8
1407530 1023.7
1407540 1018.1
1407550 1018.1
1407560 1013.0
1407570 1010.2
1407580 1010.2
1407590 1007.3
1407600 1004.3
1407610 1001.3
1407620 1001.3
1407630 998.2
1407640 994.8
1407650 994.8
1407660 990.8
1407670 987.6
1407680 987.6
1407690 982.5
1407700 976.6
1407710 976.6
1407720 970.6
1407730 964.9
1407740 964.9
1407750 960.1
1407760 954.8
1407770 954.8
1407780 949.3
1407790 944.5
1407800 940.5
1407810 940.5
1407820 937.2
1407830 934.8
1407840 934.8
1407850 931.5
1407860 928.5
1407870 928.5
1407880 927.1
1407890 926.5
1407900 926.5
1407910 924.9
1407920 922.1
1407930 922.1
1407940 919.4
1407950 917.3
1407960 917.3
1407970 916.3
1407980 915.5
1407990 914.5
1408000 914.5
1408010 913.3
1408020 912.4
1408030 912.4
1408040 911.7
1408050 910.6
1408060 910.6
1408070 909.9
1408080 909.4
1408090 909.4
1408100 909.0
1408110 908.5
1408120 908.5
1408130 907.9
1408140 907.2
1408150 907.2
1408160 906.6
1408170 906.2
1408180 905.8
1408190 905.8
1408200 904.9
1408210 903.4
1408220 903.4
1408230 901.6
1408240 900.3
1408250 900.3
1408260 899.3
1408270 898.6
1408280 898.6
1408290 897.9
1408300 897.4
1408310 897.4
1408320 897.0
1408330 895.6
1408340 895.6
1408350 894.6
1408360 893.7
1408370 892.6
1408380 892.6
1408390 891.2
1408400 888.9
1408410 888.9
1408420 886.4
1408430 885.8
1408440 885.8
1408450 885.1
1408460 884.3
1408470 884.3
1408480 883.7
1408490 883.0
1408500 883.0
1408510 882.2
1408520 880.8
1408530 879.4
1408540 879.4
1408550 877.9
1408560 876.6
1408570 876.6
1408580 875.5
1408590 874.3
1408600 874.3
1408610 873.0
1408620 871.6
1408630 871.6
1408640 868.7
1408650 865.9
1408660 865.9
1408670 863.2
1408680 861.1
1408690 861.1
1408700 859.7
1408710 858.0
1408720 856.5
1408730 856.5
1408740 856.8
1408750 861.7
1408760 861.7
1408770 861.5
1408780 860.9
1408790 860.9
1408800 860.2
1408810 860.1
1408820 860.1
1408830 859.2
1408840 859.4
1408850 859.4
1408860 860.6
1408870 861.9
1408880 861.9
1408890 861.5
1408900 860.8
1408910 860.5
1408920 860.5
1408930 860.7
1408940 861.4
1408950 861.4
1408960 861.1
1408970 859.3
1408980 859.3
1408990 856.2
1409000 852.3
1409010 852.3
1409020 847.6
1409030 844.0
1409040 844.0
1409050 841.1
1409060 837.2
1409070 837.2
1409080 836.7
1409090 837.3
1409100 838.2
1409110 838.2
1409120 839.5
1409130 841.2
1409140 841.2
1409150 842.9
1409160 842.9
1409170 842.9
1409180 841.7
1409190 839.6
1409200 839.6
1409210 836.3
1409220 835.5
1409230 835.5
1409240 835.4
1409250 834.8
1409260 834.8
1409270 832.5
1409280 828.5
1409290 820.0
1409300 820.0
1409310 814.6
1409320 812.7
1409330 812.7
1409340 808.1
1409350 803.5
1409360 803.5
1409370 801.1
1409380 798.3
1409390 798.3
1409400 794.8
1409410 793.0
1409420 793.0
1409430 792.4
1409440 792.6
1409450 792.6
1409460 793.3
1409470 793.3
1409480 793.2
1409490 793.2
1409500 793.3
1409510 793.2
1409520 793.2
1409530 793.2
1409540 793.4
1409550 793.4
1409560 793.0
1409570 791.6
1409580 791.6
1409590 789.9
1409600 787.7
1409610 787.7
1409620 780.6
1409630 767.7
1409640 767.7
1409650 748.9
1409660 732.2
1409670 723.7
1409680 723.7
1409690 723.2
1409700 723.1
1409710 723.1
1409720 722.5
1409730 721.7
1409740 721.7
1409750 721.2
1409760 721.2
1409770 721.2
1409780 722.1
1409790 723.4
1409800 723.4
1409810 722.5
1409820 720.9
1409830 720.9
1409840 719.9
1409850 718.9
1409860 718.5
1409870 718.5
1409880 718.4
1409890 718.5
1409900 718.5
1409910 718.3
1409920 718.1
1409930 718.1
1409940 718.0
1409950 718.0
1409960 718.0
1409970 717.8
1409980 717.6
1409990 717.6
1410000 717.5
1410010 717.4
1410020 717.4
1410030 717.2
1410040 717.1
1410050 717.0
1410060 717.0
1410070 717.0
1410080 717.5
1410090 717.5
1410100 718.5
1410110 719.6
1410120 719.6
1410130 720.2
1410140 720.3
1410150 720.3
1410160 720.1
1410170 720.0
1410180 720.0
1410190 719.9
1410200 719.9
1410210 719.8
1410220 719.8
1410230 719.7
1410240 719.6
1410250 719.6
1410260 719.5
1410270 719.5
1410280 719.5
1410290 719.8
1410300 721.1
1410310 721.1
1410320 722.9
1410330 723.4
1410340 723.4
1410350 723.5
1410360 723.5
1410370 723.5
1410380 723.5
1410390 723.6
1410400 723.7
1410410 723.7
1410420 723.7
1410430 723.8
1410440 723.8
1410450 723.8
1410460 723.7
1410470 723.7
1410480 723.9
1410490 724.0
1410500 724.0
1410510 723.9
1410520 723.9
1410530 723.9
1410540 723.9
1410550 724.1
1410560 724.1
1410570 724.2
1410580 724.4
1410590 724.5
1410600 724.5
1410610 724.7
1410620 725.9
1410630 725.9
1410640 728.3
1410650 731.3
1410660 731.3
1410670 734.7
1410680 736.9
1410690 736.9
1410700 738.7
1410710 741.2
1410720 741.2
1410730 746.6
1410740 751.8
1410750 751.8
1410760 756.1
1410770 760.9
1410780 765.5
1410790 765.5
1410800 772.8
1410810 783.6
1410820 783.6
1410830 788.1
1410840 790.6
1410850 790.6
1410860 792.9
1410870 795.6
1410880 795.6
1410890 799.6
1410900 804.9
1410910 804.9
1410920 810.9
1410930 816.8
1410940 816.8
1410950 821.2
1410960 824.0
1410970 828.5
1410980 828.5
1410990 832.0
1411000 835.0
1411010 835.0
1411020 837.9
1411030 840.5
1411040 840.5
1411050 845.2
1411060 851.0
1411070 851.0
1411080 856.2
1411090 863.7
1411100 863.7
1411110 872.9
1411120 881.1
1411130 881.1
1411140 889.8
1411150 896.9
1411160 902.2
1411170 902.2
1411180 906.3
1411190 909.1
1411200 909.1
1411210 913.1
1411220 917.3
1411230 917.3
1411240 920.8
1411250 923.1
1411260 923.1
1411270 924.9
1411280 927.5
1411290 927.5
1411300 931.2
1411310 935.2
1411320 935.2
1411330 938.7
1411340 942.0
1411350 945.4
1411360 945.4
1411370 949.2
1411380 953.2
1411390 953.2
1411400 957.3
1411410 960.4
1411420 960.4
1411430 963.5
1411440 967.2
1411450 967.2
1411460 969.6
1411470 971.1
1411480 971.1
1411490 971.5
1411500 970.3
1411510 969.0
1411520 969.0
1411530 969.3
1411540 970.0
1411550 970.0
1411560 970.2
1411570 970.8
1411580 970.8
1411590 973.2
1411600 976.2
1411610 976.2
1411620 980.7
1411630 985.9
1411640 985.9
1411650 990.3
1411660 995.2
1411670 995.2
1411680 1001.1
1411690 1005.6
1411700 1009.0
1411710 1009.0
1411720 1005.4
1411730 1016.3
1411740 1016.3
1411750 1026.0
1411760 1035.7
1411770 1035.7
1411780 1042.2
1411790 1044.4
1411800 1044.4
1411810 1047.8
1411820 1055.3
1411830 1055.3
1411840 1060.3
1411850 1064.9
1411860 1064.9
1411870 1069.2
1411880 1073.3
1411890 1077.2
1411900 1077.2
1411910 1081.3
1411920 1085.5
1411930 1085.5
1411940 1089.3
1411950 1092.7
1411960 1092.7
1411970 1095.1
1411980 1096.2
1411990 1096.2
1412000 1097.2
1412010 1098.2
1412020 1098.2
1412030 1099.2
1412040 1100.5
1412050 1100.5
1412060 1102.5
1412070 1105.5
1412080 1110.3
1412090 1110.3
1412100 1114.7
1412110 1118.2
1412120 1118.2
1412130 1122.7
1412140 1126.9
1412150 1126.9
1412160 1130.6
1412170 1135.2
1412180 1135.2
1412190 1138.8
1412200 1142.1
1412210 1142.1
1412220 1147.1
1412230 1153.1
1412240 1153.1
1412250 1159.8
1412260 1166.0
1412270 1171.9
1412280 1171.9
1412290 1177.8
1412300 1184.5
1412310 1184.5
1412320 1189.5
1412330 1193.9
1412340 1193.9
1412350 1198.4
1412360 1202.1
1412370 1202.1
1412380 1203.7
1412390 1207.7
1412400 1207.7
1412410 1214.5
1412420 1218.8
1412430 1218.8
1412440 1221.6
1412450 1224.8
1412460 1226.9
1412470 1226.9
1412480 1229.8
1412490 1233.7
1412500 1233.7
1412510 1237.2
1412520 1240.2
1412530 1240.2
1412540 1242.2
1412550 1243.8
1412560 1243.8
1412570 1245.9
1412580 1247.9
1412590 1247.9
1412600 1249.1
1412610 1249.9
1412620 1249.9
1412630 1250.4
1412640 1250.8
1412650 1251.6
1412660 1251.6
1412670 1252.9
1412680 1254.7
1412690 1254.7
1412700 1257.0
1412710 1260.9
1412720 1260.9
1412730 1264.0
1412740 1265.8
1412750 1265.8
1412760 1267.6
1412770 1269.2
1412780 1269.2
1412790 1270.0
1412800 1271.4
1412810 1271.4
1412820 1273.8
1412830 1274.8
1412840 1274.1
1412850 1274.1
1412860 1273.0
1412870 1272.1
1412880 1272.1
1412890 1271.4
1412900 1270.1
1412910 1270.1
1412920 1268.9
1412930 1268.9
1412940 1268.9
1412950 1270.1
1412960 1272.1
1412970 1272.1
1412980 1273.0
1412990 1271.5
1413000 1271.5
1413010 1270.5
1413020 1271.6
1413030 1273.1
1413040 1273.1
1413050 1274.8
1413060 1276.7
1413070 1276.7
1413080 1278.3
1413090 1279.5
1413100 1279.5
1413110 1281.2
1413120 1282.9
1413130 1282.9
1413140 1283.8
1413150 1284.0
1413160 1284.0
1413170 1284.6
1413180 1286.2
1413190 1288.9
1413200 1288.9
1413210 1291.0
1413220 1292.1
1413230 1292.1
1413240 1293.6
1413250 1296.2
1413260 1296.2
1413270 1299.7
1413280 1304.9
1413290 1304.9
1413300 1308.7
1413310 1310.2
1413320 1310.2
1413330 1312.4
1413340 1316.4
1413350 1316.4
1413360 1320.9
1413370 1323.7
1413380 1326.0
1413390 1326.0
1413400 1330.4
1413410 1335.1
1413420 1335.1
1413430 1333.3
1413440 1327.7
1413450 1327.7
1413460 1328.9
1413470 1338.6
1413480 1334.7
1413490 1342.6
1413500 1348.9
1413510 1348.9
1413520 1355.9
1413530 1362.4
1413540 1362.4
1413550 1365.0
1413560 1365.8
1413570 1366.2
1413580 1366.2
1413590 1366.4
1413600 1366.7
1413610 1366.7
1413620 1366.7
1413630 1370.6
1413640 1370.6
1413650 1376.8
1413660 1381.0
1413670 1381.0
1413680 1382.5
1413690 1380.8
1413700 1380.8
1413710 1376.6
1413720 1373.5
1413730 1373.5
1413740 1372.0
1413750 1370.2
1413760 1367.4
1413770 1367.4
1413780 1366.7
1413790 1368.8
1413800 1368.8
1413810 1372.9
1413820 1380.9
1413830 1380.9
1413840 1388.6
1413850 1397.4
1413860 1397.4
1413870 1403.1
1413880 1407.8
1413890 1407.8
1413900 1413.4
1413910 1419.4
1413920 1419.4
1413930 1425.5
1413940 1432.1
1413950 1438.3
1413960 1438.3
1413970 1444.3
1413980 1450.2
1413990 1450.2
1414000 1454.3
1414010 1455.6
1414020 1455.6
1414030 1457.7
1414040 1459.2
1414050 1459.2
1414060 1461.3
1414070 1462.0
1414080 1462.0
1414090 1459.7
1414100 1456.1
1414110 1456.1
1414120 1453.4
1414130 1450.3
1414140 1450.9
1414150 1450.9
1414160 1454.8
1414170 1458.6
1414180 1458.6
1414190 1462.8
1414200 1468.1
1414210 1468.1
1414220 1474.3
1414230 1480.8
1414240 1480.8
1414250 1487.4
1414260 1494.3
1414270 1494.3
1414280 1502.0
1414290 1509.3
1414300 1509.3
1414310 1516.6
1414320 1523.0
1414330 1526.8
1414340 1526.8
1414350 1530.5
1414360 1534.5
1414370 1534.5
1414380 1540.8
1414390 1549.6
1414400 1549.6
1414410 1557.6
1414420 1563.9
1414430 1563.9
1414440 1568.4
1414450 1570.8
1414460 1570.8
1414470 1576.7
1414480 1580.0
1414490 1580.0
1414500 1582.2
1414510 1582.7
1414520 1581.9
1414530 1581.9
1414540 1579.3
1414550 1577.2
1414560 1577.2
1414570 1577.1
1414580 1580.2
1414590 1580.2
1414600 1584.8
1414610 1589.4
1414620 1589.4
1414630 1593.6
1414640 1598.2
1414650 1598.2
1414660 1603.4
1414670 1608.1
1414680 1612.0
1414690 1612.0
1414700 1616.1
1414710 1620.6
1414720 1620.6
1414730 1626.7
1414740 1632.6
1414750 1632.6
1414760 1636.4
1414770 1639.5
1414780 1639.5
1414790 1641.9
1414800 1645.7
1414810 1645.7
1414820 1649.1
1414830 1652.3
1414840 1652.3
1414850 1654.6
1414860 1654.0
1414870 1652.0
1414880 1652.0
1414890 1651.7
1414900 1652.2
1414910 1652.2
1414920 1652.0
1414930 1650.8
1414940 1650.8
1414950 1649.1
1414960 1648.0
1414970 1648.0
1414980 1648.6
1414990 1649.7
1415000 1649.7
1415010 1650.1
1415020 1648.5
1415030 1648.5
1415040 1644.2
1415050 1642.4
1415060 1642.8
1415070 1642.8
1415080 1644.7
1415090 1645.1
1415100 1645.1
1415110 1644.9
1415120 1644.7
1415130 1644.7
1415140 1643.4
1415150 1639.2
1415160 1639.2
1415170 1634.8
1415180 1631.3
1415190 1631.3
1415200 1628.6
1415210 1627.6
1415220 1627.6
1415230 1627.4
1415240 1627.7
1415250 1628.8
1415260 1628.8
1415270 1624.6
1415280 1624.2
1415290 1624.2
1415300 1623.4
1415310 1621.9
1415320 1621.9
1415330 1620.1
1415340 1617.9
1415350 1617.9
1415360 1615.5
1415370 1612.2
1415380 1612.2
1415390 1612.4
1415400 1615.7
1415410 1615.7
1415420 1617.2
1415430 1617.2
1415440 1617.4
1415450 1617.4
1415460 1616.4
1415470 1613.7
1415480 1613.7
1415490 1609.7
1415500 1605.3
1415510 1605.3
1415520 1600.3
1415530 1596.2
1415540 1596.2
1415550 1593.1
1415560 1590.2
1415570 1590.2
1415580 1587.2
1415590 1584.2
1415600 1584.2
1415610 1582.3
1415620 1581.2
1415630 1581.6
1415640 1581.6
1415650 1581.3
1415660 1581.0
1415670 1581.0
1415680 1581.2
1415690 1578.0
1415700 1578.0
1415710 1572.7
1415720 1567.4
1415730 1567.4
1415740 1562.5
1415750 1558.6
1415760 1558.6
1415770 1555.2
1415780 1554.1
1415790 1554.1
1415800 1550.8
1415810 1545.7
1415820 1541.5
1415830 1541.5
1415840 1540.7
1415850 1537.9
1415860 1537.9
1415870 1538.2
1415880 1545.2
1415890 1545.2
1415900 1552.9
1415910 1560.1
1415920 1560.1
1415930 1567.6
1415940 1575.4
1415950 1575.4
1415960 1582.7
1415970 1590.4
1415980 1590.4
1415990 1599.3
1416000 1609.8
1416010 1620.7
1416020 1620.7
1416030 1631.8
1416040 1638.2
1416050 1638.2
1416060 1645.6
1416070 1657.1
1416080 1657.1
1416090 1667.0
1416100 1675.6
1416110 1675.6
1416120 1687.6
1416130 1695.8
1416140 1695.8
1416150 1705.3
1416160 1723.1
1416170 1723.1
1416180 1735.1
1416190 1739.7
1416200 1744.9
1416210 1744.9
1416220 1751.7
1416230 1759.7
1416240 1759.7
1416250 1767.9
1416260 1777.3
1416270 1777.3
1416280 1787.7
1416290 1798.7
1416300 1798.7
1416310 1808.6
1416320 1817.1
1416330 1817.1
1416340 1824.9
1416350 1832.9
1416360 1840.5
1416370 1840.5
1416380 1847.5
1416390 1855.6
1416400 1855.6
1416410 1864.7
1416420 1872.2
1416430 1872.2
1416440 1880.9
1416450 1894.7
1416460 1894.7
1416470 1901.8
1416480 1906.2
1416490 1906.2
1416500 1910.9
1416510 1916.3
1416520 1916.3
1416530 1923.2
1416540 1930.4
1416550 1937.2
1416560 1937.2
1416570 1942.7
1416580 1949.6
1416590 1949.6
1416600 1956.8
1416610 1964.1
1416620 1964.1
1416630 1971.3
1416640 1977.4
1416650 1977.4
1416660 1983.4
1416670 1990.8
1416680 1990.8
1416690 1999.0
1416700 2007.3
1416710 2007.3
1416720 2015.5
1416730 2023.5
1416740 2031.3
1416750 2031.3
1416760 2038.3
1416770 2044.3
1416780 2044.3
1416790 2049.7
1416800 2055.1
1416810 2055.1
1416820 2060.7
1416830 2066.9
1416840 2066.9
1416850 2072.5
1416860 2078.2
1416870 2078.2
1416880 2083.1
1416890 2087.9
1416900 2087.9
1416910 2093.2
1416920 2098.8
1416930 2104.5
1416940 2104.5
1416950 2110.2
1416960 2116.6
1416970 2116.6
1416980 2124.5
1416990 2132.3
1417000 2132.3
1417010 2140.3
1417020 2147.7
1417030 2147.7
1417040 2154.6
1417050 2162.0
1417060 2162.0
1417070 2169.3
1417080 2176.4
1417090 2176.4
1417100 2180.4
1417110 2187.2
1417120 2193.7
1417130 2193.7
1417140 2199.3
1417150 2202.3
1417160 2202.3
1417170 2203.6
1417180 2204.7
1417190 2204.7
1417200 2204.8
1417210 2205.7
1417220 2205.7
1417230 2206.7
1417240 2206.7
1417250 2206.7
1417260 2208.8
1417270 2211.1
1417280 2211.1
1417290 2212.9
1417300 2215.2
1417310 2217.5
1417320 2217.5
1417330 2218.9
1417340 2220.4
1417350 2220.4
1417360 2221.0
1417370 2219.8
1417380 2219.8
1417390 2217.1
1417400 2213.8
1417410 2213.8
1417420 2210.8
1417430 2208.5
1417440 2208.5
1417450 2206.5
1417460 2204.6
1417470 2204.6
1417480 2202.3
1417490 2199.3
1417500 2195.9
1417510 2195.9
1417520 2191.3
1417530 2186.6
1417540 2186.6
1417550 2183.8
1417560 2181.4
1417570 2181.4
1417580 2178.7
1417590 2175.4
1417600 2175.4
1417610 2174.4
1417620 2172.9
1417630 2172.9
1417640 2170.6
1417650 2168.2
1417660 2168.2
1417670 2165.4
1417680 2162.5
1417690 2159.8
1417700 2159.8
1417710 2156.4
1417720 2152.8
1417730 2152.8
1417740 2149.2
1417750 2144.2
1417760 2144.2
1417770 2138.2
1417780 2132.8
1417790 2132.8
1417800 2128.5
1417810 2124.9
1417820 2124.9
1417830 2121.3
1417840 2117.5
1417850 2117.5
1417860 2114.4
1417870 2111.3
1417880 2108.1
1417890 2108.1
1417900 2103.7
1417910 2099.5
1417920 2099.5
1417930 2095.5
1417940 2091.4
1417950 2091.4
1417960 2087.3
1417970 2083.0
1417980 2083.0
1417990 2078.5
1418000 2073.7
1418010 2073.7
1418020 2068.1
1418030 2062.2
1418040 2055.3
1418050 2055.3
1418060 2047.5
1418070 2039.5
1418080 2039.5
1418090 2031.4
1418100 2024.6
1418110 2024.6
1418120 2020.2
1418130 2016.8
1418140 2016.8
1418150 2014.0
1418160 2010.4
1418170 2010.4
1418180 2007.3
1418190 2001.9
1418200 2001.9
1418210 1994.9
1418220 1992.0
1418230 1993.5
1418240 1993.5
1418250 1991.2
1418260 1986.4
1418270 1986.4
1418280 1983.9
1418290 1981.9
1418300 1981.9
1418310 1975.9
1418320 1968.8
1418330 1968.8
1418340 1960.9
1418350 1954.5
1418360 1954.5
1418370 1955.3
1418380 1957.7
1418390 1957.7
1418400 1959.1
1418410 1964.4
1418420 1967.3
1418430 1967.3
1418440 1967.2
1418450 1969.9
1418460 1969.9
1418470 1971.8
1418480 1973.1
1418490 1973.1
1418500 1977.5
1418510 1983.2
1418520 1983.2
1418530 1989.2
1418540 1995.1
1418550 1995.1
1418560 2000.3
1418570 2004.8
1418580 2004.8
1418590 2008.8
1418600 2012.8
1418610 2016.3
1418620 2016.3
1418630 2019.7
1418640 2023.3
1418650 2023.3
1418660 2027.3
1418670 2031.7
1418680 2031.7
1418690 2036.6
1418700 2041.4
1418710 2041.4
1418720 2044.9
1418730 2046.2
1418740 2046.2
1418750 2044.6
1418760 2042.2
1418770 2042.2
1418780 2041.3
1418790 2040.1
1418800 2038.4
1418810 2038.4
1418820 2037.1
1418830 2037.3
1418840 2037.3
1418850 2038.7
1418860 2039.5
1418870 2039.5
1418880 2038.4
1418890 2036.1
1418900 2036.1
1418910 2033.2
1418920 2029.5
1418930 2029.5
1418940 2025.0
1418950 2019.3
1418960 2019.3
1418970 2013.0
1418980 2006.1
1418990 1998.1
1419000 1998.1
1419010 1990.6
1419020 1982.9
1419030 1982.9
1419040 1975.2
1419050 1967.7
1419060 1967.7
1419070 1960.4
1419080 1954.0
1419090 1954.0
1419100 1947.6
1419110 1942.2
1419120 1942.2
1419130 1938.1
1419140 1934.7
1419150 1934.7
1419160 1933.6
1419170 1932.5
1419180 1929.9
1419190 1929.9
1419200 1924.5
1419210 1918.3
1419220 1918.3
1419230 1913.9
1419240 1912.6
1419250 1912.6
1419260 1911.5
1419270 1911.0
1419280 1911.0
1419290 1910.8
1419300 1906.5
1419310 1906.5
1419320 1901.3
1419330 1896.9
1419340 1896.9
1419350 1896.6
1419360 1898.6
1419370 1901.9
1419380 1901.9
1419390 1905.1
1419400 1908.4
1419410 1908.4
1419420 1911.7
1419430 1915.0
1419440 1915.0
1419450 1916.7
1419460 1917.7
1419470 1917.7
1419480 1916.4
1419490 1914.8
1419500 1914.8
1419510 1912.7
1419520 1910.5
1419530 1909.1
1419540 1909.1
1419550 1909.2
1419560 1910.6
1419570 1910.6
1419580 1911.6
1419590 1910.8
1419600 1910.8
1419610 1909.4
1419620 1909.0
1419630 1909.0
1419640 1909.3
1419650 1910.0
1419660 1910.0
1419670 1910.6
1419680 1910.7
1419690 1910.7
1419700 1910.3
1419710 1910.9
1419720 1911.5
1419730 1911.5
1419740 1913.2
1419750 1914.5
1419760 1914.5
1419770 1915.6
1419780 1916.7
1419790 1916.7
1419800 1916.3
1419810 1914.6
1419820 1914.6
1419830 1913.6
1419840 1911.4
1419850 1911.4
1419860 1910.6
1419870 1908.3
1419880 1908.3
1419890 1904.5
1419900 1901.6
1419910 1900.4
1419920 1900.4
1419930 1897.7
1419940 1899.9
1419950 1899.9
1419960 1903.6
1419970 1905.6
1419980 1905.6
1419990 1906.0
