1400000 2077.4
1400010 2077.4
1400020 2074.8
1400030 2072.5
1400040 2072.5
1400050 2071.0
1400060 2068.1
1400070 2068.1
1400080 2064.2
1400090 2060.0
1400100 2060.0
1400110 2056.5
1400120 2052.8
1400130 2052.8
1400140 2048.6
1400150 2043.7
1400160 2043.7
1400170 2038.3
1400180 2032.1
1400190 2026.2
1400200 2026.2
1400210 2021.0
1400220 2016.3
1400230 2016.3
1400240 2011.4
1400250 2006.9
1400260 2006.9
1400270 2002.3
1400280 1997.4
1400290 1997.4
1400300 1992.1
1400310 1986.9
1400320 1986.9
1400330 1982.0
1400340 1976.4
1400350 1976.4
1400360 1971.8
1400370 1966.8
1400380 1960.6
1400390 1960.6
1400400 1954.2
1400410 1947.9
1400420 1947.9
1400430 1942.3
1400440 1938.6
1400450 1938.6
1400460 1936.8
1400470 1934.6
1400480 1934.6
1400490 1931.8
1400500 1927.1
1400510 1927.1
1400520 1921.1
1400530 1915.3
1400540 1915.3
1400550 1909.7
1400560 1904.4
1400570 1899.0
1400580 1899.0
1400590 1892.7
1400600 1886.2
1400610 1886.2
1400620 1879.8
1400630 1873.4
1400640 1873.4
1400650 1868.1
1400660 1862.9
1400670 1862.9
1400680 1857.3
1400690 1851.1
1400700 1851.1
1400710 1845.2
1400720 1837.8
1400730 1837.8
1400740 1832.0
1400750 1825.3
1400760 1818.7
1400770 1818.7
1400780 1812.7
1400790 1807.5
1400800 1807.5
1400810 1803.1
1400820 1799.0
1400830 1799.0
1400840 1796.4
1400850 1793.1
1400860 1793.1
1400870 1789.5
1400880 1786.3
1400890 1786.3
1400900 1782.4
1400910 1777.1
1400920 1777.1
1400930 1770.6
1400940 1763.0
1400950 1754.5
1400960 1754.5
1400970 1746.9
1400980 1744.2
1400990 1744.2
1401000 1738.4
1401010 1730.1
1401020 1730.1
1401030 1723.1
1401040 1718.2
1401050 1718.2
1401060 1713.9
1401070 1710.1
1401080 1710.1
1401090 1708.0
1401100 1704.7
1401110 1704.7
1401120 1700.8
1401130 1696.3
1401140 1690.7
1401150 1690.7
1401160 1683.6
1401170 1678.2
1401180 1678.2
1401190 1671.8
1401200 1664.3
1401210 1664.3
1401220 1658.7
1401230 1653.4
1401240 1653.4
1401250 1649.7
1401260 1646.1
1401270 1646.1
1401280 1642.1
1401290 1638.3
1401300 1638.3
1401310 1635.1
1401320 1632.2
1401330 1630.3
1401340 1630.3
1401350 1628.8
1401360 1627.5
1401370 1627.5
1401380 1626.4
1401390 1625.3
1401400 1625.3
1401410 1624.5
1401420 1622.5
1401430 1622.5
1401440 1618.4
1401450 1615.1
1401460 1615.1
1401470 1612.2
1401480 1608.3
1401490 1608.3
1401500 1604.4
1401510 1598.9
1401520 1596.8
1401530 1596.8
1401540 1595.9
1401550 1593.3
1401560 1593.3
1401570 1589.8
1401580 1587.3
1401590 1587.3
1401600 1584.4
1401610 1581.0
1401620 1581.0
1401630 1577.1
1401640 1573.6
1401650 1573.6
1401660 1569.0
1401670 1564.2
1401680 1564.2
1401690 1560.8
1401700 1557.5
1401710 1553.8
1401720 1553.8
1401730 1550.7
1401740 1546.4
1401750 1546.4
1401760 1542.1
1401770 1537.9
1401780 1537.9
1401790 1533.9
1401800 1529.7
1401810 1529.7
1401820 1524.9
1401830 1520.3
1401840 1520.3
1401850 1515.5
1401860 1510.8
1401870 1510.8
1401880 1505.9
1401890 1502.0
1401900 1499.3
1401910 1499.3
1401920 1497.4
1401930 1495.0
1401940 1495.0
1401950 1490.9
1401960 1484.6
1401970 1484.6
1401980 1478.0
1401990 1471.8
1402000 1471.8
1402010 1464.3
1402020 1455.1
1402030 1455.1
1402040 1447.3
1402050 1440.6
1402060 1440.6
1402070 1435.2
1402080 1430.6
1402090 1425.8
1402100 1425.8
1402110 1419.5
1402120 1413.2
1402130 1413.2
1402140 1407.0
1402150 1401.7
1402160 1401.7
1402170 1396.8
1402180 1392.3
1402190 1392.3
1402200 1388.0
1402210 1381.5
1402220 1381.5
1402230 1375.3
1402240 1368.0
1402250 1362.0
1402260 1362.0
1402270 1356.2
1402280 1351.8
1402290 1351.8
1402300 1346.0
1402310 1339.8
1402320 1339.8
1402330 1332.9
1402340 1326.9
1402350 1326.9
1402360 1320.8
1402370 1311.4
1402380 1311.4
1402390 1302.2
1402400 1294.7
1402410 1294.7
1402420 1288.8
1402430 1285.1
1402440 1288.9
1402450 1288.9
1402460 1297.5
1402470 1303.4
1402480 1303.4
1402490 1310.2
1402500 1319.0
1402510 1319.0
1402520 1328.7
1402530 1340.4
1402540 1340.4
1402550 1354.8
1402560 1366.6
1402570 1366.6
1402580 1376.0
1402590 1386.1
1402600 1386.1
1402610 1396.2
1402620 1406.4
1402630 1416.1
1402640 1416.1
1402650 1424.3
1402660 1431.5
1402670 1431.5
1402680 1434.2
1402690 1447.9
1402700 1447.9
1402710 1452.9
1402720 1458.3
1402730 1458.3
1402740 1461.0
1402750 1463.6
1402760 1463.6
1402770 1465.9
1402780 1469.4
1402790 1469.4
1402800 1474.3
1402810 1480.1
1402820 1486.0
1402830 1486.0
1402840 1492.4
1402850 1499.9
1402860 1499.9
1402870 1507.7
1402880 1513.5
1402890 1513.5
1402900 1517.8
1402910 1521.7
1402920 1521.7
1402930 1525.5
1402940 1529.9
1402950 1529.9
1402960 1534.4
1402970 1539.2
1402980 1539.2
1402990 1543.0
1403000 1547.5
1403010 1552.2
1403020 1552.2
1403030 1556.4
1403040 1560.7
1403050 1560.7
1403060 1565.2
1403070 1569.9
1403080 1569.9
1403090 1573.9
1403100 1577.7
1403110 1577.7
1403120 1582.0
1403130 1587.2
1403140 1587.2
1403150 1592.1
1403160 1596.8
1403170 1596.8
1403180 1601.3
1403190 1605.9
1403200 1611.0
1403210 1611.0
1403220 1616.1
1403230 1620.1
1403240 1620.1
1403250 1623.5
1403260 1627.8
1403270 1627.8
1403280 1632.7
1403290 1638.0
1403300 1638.0
1403310 1643.1
1403320 1647.5
1403330 1647.5
1403340 1651.2
1403350 1654.0
1403360 1654.0
1403370 1655.0
1403380 1653.9
1403390 1652.3
1403400 1652.3
1403410 1651.8
1403420 1650.7
1403430 1650.7
1403440 1649.1
1403450 1648.2
1403460 1648.2
1403470 1647.8
1403480 1647.2
1403490 1647.2
1403500 1646.3
1403510 1646.0
1403520 1646.0
1403530 1645.5
1403540 1645.3
1403550 1645.3
1403560 1644.5
1403570 1643.3
1403580 1641.2
1403590 1641.2
1403600 1638.9
1403610 1636.9
1403620 1636.9
1403630 1635.0
1403640 1632.6
1403650 1632.6
1403660 1630.2
1403670 1628.6
1403680 1628.6
1403690 1627.2
1403700 1623.7
1403710 1623.7
1403720 1624.3
1403730 1624.2
1403740 1624.2
1403750 1623.2
1403760 1622.6
1403770 1621.1
1403780 1621.1
1403790 1618.4
1403800 1614.8
1403810 1614.8
1403820 1611.2
1403830 1608.4
1403840 1608.4
1403850 1605.3
1403860 1601.2
1403870 1601.2
1403880 1598.0
1403890 1595.7
1403900 1595.7
1403910 1594.4
1403920 1594.0
1403930 1594.0
1403940 1593.4
1403950 1592.6
1403960 1592.1
1403970 1592.1
1403980 1591.7
1403990 1591.4
1404000 1591.4
1404010 1591.1
1404020 1590.7
1404030 1590.7
1404040 1590.2
1404050 1589.4
1404060 1589.4
1404070 1588.5
1404080 1588.3
1404090 1588.3
1404100 1588.0
1404110 1587.9
1404120 1587.9
1404130 1587.7
1404140 1587.6
1404150 1587.7
1404160 1587.7
1404170 1587.5
1404180 1587.4
1404190 1587.4
1404200 1587.4
1404210 1587.3
1404220 1587.3
1404230 1587.5
1404240 1588.4
1404250 1588.0
1404260 1589.5
1404270 1591.8
1404280 1591.8
1404290 1592.4
1404300 1591.6
1404310 1591.6
1404320 1589.9
1404330 1587.8
1404340 1585.1
1404350 1585.1
1404360 1581.7
1404370 1578.5
1404380 1578.5
1404390 1575.5
1404400 1573.1
1404410 1573.1
1404420 1571.3
1404430 1568.9
1404440 1568.9
1404450 1566.6
1404460 1564.1
1404470 1564.1
1404480 1561.1
1404490 1558.2
1404500 1558.2
1404510 1554.6
1404520 1550.1
1404530 1546.2
1404540 1546.2
1404550 1543.3
1404560 1540.8
1404570 1540.8
1404580 1537.6
1404590 1534.4
1404600 1534.4
1404610 1531.4
1404620 1530.0
1404630 1530.0
1404640 1529.1
1404650 1528.1
1404660 1528.1
1404670 1527.1
1404680 1526.2
1404690 1525.8
1404700 1525.8
1404710 1525.9
1404720 1526.8
1404730 1526.8
1404740 1528.9
1404750 1531.8
1404760 1531.8
1404770 1533.3
1404780 1534.1
1404790 1534.1
1404800 1534.9
1404810 1534.2
1404820 1534.2
1404830 1531.8
1404840 1530.0
1404850 1530.0
1404860 1528.7
1404870 1525.6
1404880 1523.0
1404890 1523.0
1404900 1520.5
1404910 1517.4
1404920 1517.4
1404930 1514.6
1404940 1512.3
1404950 1512.3
1404960 1510.0
1404970 1507.9
1404980 1507.9
1404990 1505.5
1405000 1503.6
1405010 1503.6
1405020 1502.7
1405030 1503.2
1405040 1503.2
1405050 1504.3
1405060 1504.4
1405070 1502.3
1405080 1502.3
1405090 1498.9
1405100 1494.3
1405110 1494.3
1405120 1489.2
1405130 1484.3
1405140 1484.3
1405150 1477.0
1405160 1469.4
1405170 1469.4
1405180 1464.9
1405190 1461.0
1405200 1461.0
1405210 1453.1
1405220 1442.6
1405230 1442.6
1405240 1435.6
1405250 1428.8
1405260 1422.0
1405270 1422.0
1405280 1415.5
1405290 1410.4
1405300 1410.4
1405310 1406.4
1405320 1402.3
1405330 1402.3
1405340 1397.8
1405350 1394.7
1405360 1394.7
1405370 1392.0
1405380 1388.4
1405390 1388.4
1405400 1385.5
1405410 1384.0
1405420 1384.0
1405430 1383.3
1405440 1381.6
1405450 1380.3
1405460 1380.3
1405470 1380.7
1405480 1380.5
1405490 1380.5
1405500 1379.0
1405510 1377.3
1405520 1377.3
1405530 1374.8
1405540 1371.6
1405550 1371.6
1405560 1368.4
1405570 1365.4
1405580 1365.4
1405590 1363.0
1405600 1360.5
1405610 1360.5
1405620 1357.3
1405630 1350.9
1405640 1347.1
1405650 1347.1
1405660 1344.4
1405670 1342.1
1405680 1342.1
1405690 1339.9
1405700 1336.9
1405710 1336.9
1405720 1333.2
1405730 1330.3
1405740 1330.3
1405750 1327.7
1405760 1324.3
1405770 1324.3
1405780 1319.7
1405790 1315.8
1405800 1315.8
1405810 1313.8
1405820 1312.6
1405830 1311.2
1405840 1310.7
1405850 1308.7
1405860 1307.1
1405870 1307.1
1405880 1305.9
1405890 1304.7
1405900 1304.7
1405910 1303.9
1405920 1303.8
1405930 1303.8
1405940 1304.3
1405950 1303.8
1405960 1303.8
1405970 1302.2
1405980 1299.7
1405990 1299.7
1406000 1294.6
1406010 1287.1
1406020 1280.3
1406030 1280.3
1406040 1273.9
1406050 1267.7
1406060 1267.7
1406070 1261.2
1406080 1257.4
1406090 1257.4
1406100 1254.8
1406110 1252.0
1406120 1252.0
1406130 1249.9
1406140 1248.9
1406150 1248.9
1406160 1247.5
1406170 1245.2
1406180 1245.2
1406190 1242.8
1406200 1240.8
1406210 1238.0
1406220 1238.0
1406230 1234.9
1406240 1232.5
1406250 1232.5
1406260 1230.6
1406270 1228.9
1406280 1228.9
1406290 1226.4
1406300 1222.0
1406310 1222.0
1406320 1218.0
1406330 1217.3
1406340 1217.3
1406350 1214.3
1406360 1209.8
1406370 1209.8
1406380 1206.4
1406390 1204.0
1406400 1202.2
1406410 1202.2
1406420 1201.2
1406430 1200.4
1406440 1200.4
1406450 1199.6
1406460 1197.7
1406470 1197.7
1406480 1194.4
1406490 1192.7
1406500 1192.7
1406510 1190.4
1406520 1186.2
1406530 1186.2
1406540 1182.5
1406550 1180.6
1406560 1180.6
1406570 1178.7
1406580 1176.1
1406590 1173.5
1406600 1173.5
1406610 1172.0
1406620 1171.0
1406630 1171.0
1406640 1170.2
1406650 1169.0
1406660 1169.0
1406670 1168.3
1406680 1169.2
1406690 1169.2
1406700 1170.9
1406710 1169.3
1406720 1169.3
1406730 1167.2
1406740 1166.7
1406750 1166.7
1406760 1163.0
1406770 1153.9
1406780 1146.3
1406790 1146.3
1406800 1145.4
1406810 1147.5
1406820 1147.5
1406830 1150.7
1406840 1151.7
1406850 1151.7
1406860 1148.9
1406870 1146.1
1406880 1146.1
1406890 1143.6
1406900 1141.7
1406910 1141.7
1406920 1142.0
1406930 1143.4
1406940 1143.4
1406950 1143.7
1406960 1144.9
1406970 1145.0
1406980 1145.0
1406990 1143.8
1407000 1143.3
1407010 1143.3
1407020 1143.1
1407030 1142.6
1407040 1142.6
1407050 1142.2
1407060 1141.9
1407070 1141.9
1407080 1136.3
1407090 1125.2
1407100 1125.2
1407110 1121.9
1407120 1122.7
1407130 1122.1
1407140 1122.1
1407150 1120.6
1407160 1120.1
1407170 1120.1
1407180 1120.4
1407190 1121.5
1407200 1121.5
1407210 1122.1
1407220 1124.1
1407230 1124.1
1407240 1127.0
1407250 1125.5
1407260 1125.5
1407270 1119.7
1407280 1114.6
1407290 1114.6
1407300 1110.6
1407310 1106.9
1407320 1103.0
1407330 1103.0
1407340 1097.5
1407350 1089.9
1407360 1089.9
1407370 1083.9
1407380 1075.0
1407390 1075.0
1407400 1063.7
1407410 1049.9
1407420 1049.9
1407430 1040.5
1407440 1032.2
1407450 1032.2
1407460 1025.6
1407470 1019.8
1407480 1019.8
1407490 1014.0
1407500 1008.0
1407510 1003.7
1407520 1003.7
1407530 1003.5
1407540 1005.5
1407550 1005.5
1407560 1004.6
1407570 1007.9
1407580 1007.9
1407590 1014.3
1407600 1017.7
1407610 1017.7
1407620 1017.1
1407630 1015.6
1407640 1015.6
1407650 1012.5
1407660 1008.2
1407670 1008.2
1407680 1003.8
1407690 999.6
1407700 995.8
1407710 995.8
1407720 993.7
1407730 993.2
1407740 993.2
1407750 994.3
1407760 994.7
1407770 994.7
1407780 991.9
1407790 986.2
1407800 986.2
1407810 978.9
1407820 967.6
1407830 967.6
1407840 956.4
1407850 948.7
1407860 948.7
1407870 939.5
1407880 929.4
1407890 922.2
1407900 922.2
1407910 915.7
1407920 910.3
1407930 910.3
1407940 906.5
1407950 902.8
1407960 902.8
1407970 896.4
1407980 889.2
1407990 889.2
1408000 881.7
1408010 874.1
1408020 874.1
1408030 866.1
1408040 857.9
1408050 857.9
1408060 850.5
1408070 841.0
1408080 825.6
1408090 825.6
1408100 792.5
1408110 771.2
1408120 771.2
1408130 755.8
1408140 745.3
1408150 745.3
1408160 739.0
1408170 736.1
1408180 736.1
1408190 734.2
1408200 732.7
1408210 732.7
1408220 731.6
1408230 731.0
1408240 731.0
1408250 729.6
1408260 728.9
1408270 729.2
1408280 729.2
1408290 729.2
1408300 729.2
1408310 729.2
1408320 729.3
1408330 729.4
1408340 729.4
1408350 729.5
1408360 729.5
1408370 729.5
1408380 729.7
1408390 729.8
1408400 729.8
1408410 728.0
1408420 727.0
1408430 727.0
1408440 726.9
1408450 726.9
1408460 726.9
1408470 726.9
1408480 726.9
1408490 727.2
1408500 727.2
1408510 728.4
1408520 729.2
1408530 729.2
1408540 730.7
1408550 731.1
1408560 731.1
1408570 731.2
1408580 731.5
1408590 731.5
1408600 732.0
1408610 731.5
1408620 731.5
1408630 730.3
1408640 730.1
1408650 730.1
1408660 730.1
1408670 730.4
1408680 730.7
1408690 730.7
1408700 731.0
1408710 731.3
1408720 731.3
1408730 731.6
1408740 731.9
1408750 731.9
1408760 732.2
1408770 732.5
1408780 732.5
1408790 732.7
1408800 732.7
1408810 732.7
1408820 733.0
1408830 733.4
1408840 733.7
1408850 733.7
1408860 733.6
1408870 733.8
1408880 733.8
1408890 735.3
1408900 739.3
1408910 739.3
1408920 744.4
1408930 749.7
1408940 749.7
1408950 755.3
1408960 760.8
1408970 760.8
1408980 765.8
1408990 770.5
1409000 770.5
1409010 775.1
1409020 779.7
1409030 784.4
1409040 784.4
1409050 790.0
1409060 796.0
1409070 796.0
1409080 802.2
1409090 808.6
1409100 808.6
1409110 815.1
1409120 816.9
1409130 816.9
1409140 822.9
1409150 828.6
1409160 828.6
1409170 835.6
1409180 841.4
1409190 841.4
1409200 848.4
1409210 855.9
1409220 860.9
1409230 860.9
1409240 866.6
1409250 874.3
1409260 874.3
1409270 881.3
1409280 888.8
1409290 888.8
1409300 895.7
1409310 902.3
1409320 902.3
1409330 908.7
1409340 915.5
1409350 915.5
1409360 922.7
1409370 925.7
1409380 926.6
1409390 926.6
1409400 926.2
1409410 927.2
1409420 927.2
1409430 929.4
1409440 932.0
1409450 932.0
1409460 934.3
1409470 937.3
1409480 937.3
1409490 942.1
1409500 947.7
1409510 947.7
1409520 954.2
1409530 963.7
1409540 963.7
1409550 974.4
1409560 981.0
1409570 986.3
1409580 986.3
1409590 991.7
1409600 994.5
1409610 994.5
1409620 994.6
1409630 993.5
1409640 993.5
1409650 992.0
1409660 994.7
1409670 994.7
1409680 1000.3
1409690 1008.0
1409700 1008.0
1409710 1016.2
1409720 1021.4
1409730 1021.4
1409740 1026.3
1409750 1031.8
1409760 1033.6
1409770 1033.6
1409780 1033.7
1409790 1034.8
1409800 1034.8
1409810 1036.4
1409820 1038.3
1409830 1038.3
1409840 1041.6
1409850 1045.1
1409860 1045.1
1409870 1046.6
1409880 1046.0
1409890 1046.0
1409900 1045.2
1409910 1044.6
1409920 1044.6
1409930 1044.7
1409940 1045.0
1409950 1045.2
1409960 1045.2
1409970 1045.1
1409980 1043.7
1409990 1043.7
1410000 1042.5
1410010 1044.7
1410020 1044.7
1410030 1048.9
1410040 1051.9
1410050 1051.9
1410060 1051.5
1410070 1049.1
1410080 1049.1
1410090 1047.2
1410100 1046.2
1410110 1046.2
1410120 1046.6
1410130 1049.4
1410140 1052.3
1410150 1052.3
1410160 1054.3
1410170 1056.0
1410180 1056.0
1410190 1058.3
1410200 1061.4
1410210 1061.4
1410220 1062.9
1410230 1062.3
1410240 1062.3
1410250 1061.3
1410260 1060.6
1410270 1060.6
1410280 1060.6
1410290 1061.6
1410300 1061.6
1410310 1062.6
1410320 1063.3
1410330 1063.9
1410340 1063.9
1410350 1064.2
1410360 1066.0
1410370 1066.0
1410380 1071.8
1410390 1080.9
1410400 1080.9
1410410 1090.7
1410420 1100.7
1410430 1100.7
1410440 1109.5
1410450 1115.8
1410460 1115.8
1410470 1119.4
1410480 1122.0
1410490 1122.0
1410500 1126.1
1410510 1130.9
1410520 1135.9
1410530 1135.9
1410540 1141.7
1410550 1147.2
1410560 1147.2
1410570 1151.0
1410580 1155.0
1410590 1155.0
1410600 1159.2
1410610 1163.9
1410620 1163.9
1410630 1169.3
1410640 1176.4
1410650 1176.4
1410660 1182.6
1410670 1188.1
1410680 1188.1
1410690 1192.8
1410700 1194.7
1410710 1191.9
1410720 1191.9
1410730 1190.5
1410740 1191.6
1410750 1191.6
1410760 1192.9
1410770 1195.3
1410780 1195.3
1410790 1198.7
1410800 1201.2
1410810 1201.2
1410820 1200.5
1410830 1203.2
1410840 1203.2
1410850 1206.2
1410860 1209.6
1410870 1209.6
1410880 1213.3
1410890 1216.6
1410900 1220.0
1410910 1220.0
1410920 1223.8
1410930 1227.7
1410940 1227.7
1410950 1231.8
1410960 1234.9
1410970 1234.9
1410980 1236.8
1410990 1238.1
1411000 1238.1
1411010 1240.0
1411020 1242.6
1411030 1242.6
1411040 1245.8
1411050 1248.7
1411060 1248.7
1411070 1251.6
1411080 1255.2
1411090 1257.7
1411100 1257.7
1411110 1259.6
1411120 1261.7
1411130 1261.7
1411140 1263.2
1411150 1263.4
1411160 1263.4
1411170 1266.5
1411180 1272.8
1411190 1272.8
1411200 1281.6
1411210 1290.1
1411220 1290.1
1411230 1291.1
1411240 1290.4
1411250 1290.4
1411260 1289.0
1411270 1289.9
1411280 1294.8
1411290 1294.8
1411300 1302.8
1411310 1310.9
1411320 1310.9
1411330 1318.6
1411340 1326.3
1411350 1326.3
1411360 1334.6
1411370 1338.8
1411380 1338.8
1411390 1344.6
1411400 1350.3
1411410 1350.3
1411420 1355.7
1411430 1360.6
1411440 1360.6
1411450 1364.8
1411460 1368.0
1411470 1370.6
1411480 1370.6
1411490 1373.3
1411500 1375.7
1411510 1375.7
1411520 1378.9
1411530 1383.8
1411540 1383.8
1411550 1388.8
1411560 1394.1
1411570 1394.1
1411580 1398.7
1411590 1403.6
1411600 1403.6
1411610 1407.5
1411620 1410.4
1411630 1413.2
1411640 1413.2
1411650 1416.0
1411660 1418.9
1411670 1418.9
1411680 1422.0
1411690 1425.4
1411700 1425.4
1411710 1428.3
1411720 1429.9
1411730 1429.9
1411740 1431.8
1411750 1435.8
1411760 1435.8
1411770 1440.0
1411780 1444.0
1411790 1444.0
1411800 1448.1
1411810 1450.7
1411820 1452.9
1411830 1452.9
1411840 1456.3
1411850 1460.2
1411860 1460.2
1411870 1464.5
1411880 1467.8
1411890 1467.8
1411900 1470.2
1411910 1471.2
1411920 1471.2
1411930 1471.4
1411940 1471.4
1411950 1471.4
1411960 1471.4
1411970 1471.4
1411980 1471.4
1411990 1471.4
1412000 1471.5
1412010 1473.4
1412020 1473.4
1412030 1477.0
1412040 1480.8
1412050 1480.8
1412060 1485.9
1412070 1491.3
1412080 1491.3
1412090 1496.1
1412100 1501.7
1412110 1501.7
1412120 1507.4
1412130 1510.8
1412140 1510.8
1412150 1511.0
1412160 1513.5
1412170 1513.5
1412180 1517.9
1412190 1521.7
1412200 1521.9
1412210 1521.9
1412220 1520.6
1412230 1520.0
1412240 1520.0
1412250 1520.5
1412260 1522.8
1412270 1522.8
1412280 1525.7
1412290 1528.6
1412300 1528.6
1412310 1531.4
1412320 1533.4
1412330 1533.4
1412340 1535.6
1412350 1538.6
1412360 1538.6
1412370 1542.5
1412380 1547.3
1412390 1552.7
1412400 1552.7
1412410 1558.7
1412420 1564.4
1412430 1564.4
1412440 1568.4
1412450 1570.7
1412460 1570.7
1412470 1569.8
1412480 1568.8
1412490 1568.8
1412500 1569.1
1412510 1571.9
1412520 1571.9
1412530 1576.2
1412540 1581.0
1412550 1581.0
1412560 1577.1
1412570 1579.2
1412580 1580.6
1412590 1580.6
1412600 1580.4
1412610 1577.6
1412620 1577.6
1412630 1573.7
1412640 1569.8
1412650 1569.8
1412660 1567.3
1412670 1565.0
1412680 1565.0
1412690 1561.8
1412700 1558.2
1412710 1558.2
1412720 1554.6
1412730 1550.8
1412740 1550.8
1412750 1546.7
1412760 1541.8
1412770 1537.2
1412780 1537.2
1412790 1530.7
1412800 1523.9
1412810 1523.9
1412820 1523.7
1412830 1529.0
1412840 1529.0
1412850 1535.3
1412860 1543.4
1412870 1543.4
1412880 1551.0
1412890 1557.7
1412900 1557.7
1412910 1565.6
1412920 1571.5
1412930 1571.5
1412940 1576.2
1412950 1581.9
1412960 1588.2
1412970 1588.2
1412980 1595.6
1412990 1602.8
1413000 1602.8
1413010 1608.4
1413020 1612.4
1413030 1612.4
1413040 1614.3
1413050 1615.2
1413060 1615.2
1413070 1616.3
1413080 1618.0
1413090 1618.0
1413100 1619.9
1413110 1622.0
1413120 1622.0
1413130 1624.3
1413140 1629.2
1413150 1634.3
1413160 1634.3
1413170 1633.1
1413180 1631.8
1413190 1631.8
1413200 1633.7
1413210 1636.7
1413220 1636.7
1413230 1640.1
1413240 1643.2
1413250 1643.2
1413260 1645.5
1413270 1646.0
1413280 1646.0
1413290 1648.5
1413300 1651.6
1413310 1651.6
1413320 1656.4
1413330 1662.0
1413340 1668.0
1413350 1668.0
1413360 1673.4
1413370 1677.0
1413380 1677.0
1413390 1679.5
1413400 1683.7
1413410 1683.7
1413420 1688.5
1413430 1691.1
1413440 1691.1
1413450 1691.7
1413460 1693.0
1413470 1693.0
1413480 1695.7
1413490 1699.8
1413500 1699.8
1413510 1705.0
1413520 1711.1
1413530 1717.8
1413540 1717.8
1413550 1725.2
1413560 1732.9
1413570 1732.9
1413580 1738.7
1413590 1746.7
1413600 1746.7
1413610 1752.1
1413620 1757.9
1413630 1757.9
1413640 1763.7
1413650 1768.4
1413660 1768.4
1413670 1773.8
1413680 1778.7
1413690 1778.7
1413700 1783.2
1413710 1787.0
1413720 1790.5
1413730 1790.5
1413740 1794.2
1413750 1798.2
1413760 1798.2
1413770 1802.0
1413780 1805.4
1413790 1805.4
1413800 1809.2
1413810 1812.6
1413820 1812.6
1413830 1814.7
1413840 1815.3
1413850 1815.3
1413860 1816.4
1413870 1818.9
1413880 1818.9
1413890 1823.3
1413900 1828.6
1413910 1832.5
1413920 1832.5
1413930 1836.2
1413940 1840.5
1413950 1840.5
1413960 1845.4
1413970 1851.9
1413980 1851.9
1413990 1858.3
1414000 1864.1
1414010 1864.1
1414020 1866.8
1414030 1866.9
1414040 1866.9
1414050 1867.2
1414060 1870.3
1414070 1873.6
1414080 1873.6
1414090 1876.7
1414100 1881.0
1414110 1881.0
1414120 1885.5
1414130 1889.6
1414140 1889.6
1414150 1893.6
1414160 1896.7
1414170 1896.7
1414180 1899.7
1414190 1903.1
1414200 1903.1
1414210 1906.4
1414220 1910.0
1414230 1910.0
1414240 1914.2
1414250 1913.6
1414260 1909.1
1414270 1909.1
1414280 1905.8
1414290 1901.5
1414300 1901.5
1414310 1898.9
1414320 1899.5
1414330 1896.1
1414340 1899.0
1414350 1905.2
1414360 1905.2
1414370 1912.5
1414380 1919.9
1414390 1919.9
1414400 1925.5
1414410 1930.1
1414420 1930.1
1414430 1934.4
1414440 1939.3
1414450 1945.0
1414460 1945.0
1414470 1950.0
1414480 1953.6
1414490 1953.6
1414500 1957.6
1414510 1961.9
1414520 1961.9
1414530 1966.2
1414540 1970.3
1414550 1970.3
1414560 1975.1
1414570 1981.1
1414580 1981.1
1414590 1987.3
1414600 1992.9
1414610 1992.9
1414620 1997.1
1414630 1998.8
1414640 1997.8
1414650 1997.8
1414660 1998.3
1414670 1999.5
1414680 1999.5
1414690 1999.3
1414700 1998.1
1414710 1998.1
1414720 1995.0
1414730 1991.0
1414740 1991.0
1414750 1988.2
1414760 1985.4
1414770 1985.4
1414780 1983.7
1414790 1983.0
1414800 1983.0
1414810 1983.9
1414820 1984.9
1414830 1984.2
1414840 1984.2
1414850 1983.4
1414860 1984.2
1414870 1984.2
1414880 1984.9
1414890 1984.3
1414900 1984.3
1414910 1986.0
1414920 1987.9
1414930 1987.9
1414940 1989.6
1414950 1992.9
1414960 1992.9
1414970 1997.0
1414980 2000.1
1414990 2000.1
1415000 2002.3
1415010 2004.1
1415020 2005.2
1415030 2005.2
1415040 2005.1
1415050 2004.5
1415060 2004.5
1415070 2004.7
1415080 2006.2
1415090 2006.2
1415100 2006.5
1415110 2006.4
1415120 2006.4
1415130 2006.8
1415140 2007.4
1415150 2007.4
1415160 2006.2
1415170 2003.8
1415180 2003.8
1415190 2002.4
1415200 2002.2
1415210 2002.3
1415220 2002.3
1415230 2001.7
1415240 2000.6
1415250 2000.6
1415260 1999.9
1415270 1998.5
1415280 1998.5
1415290 1996.6
1415300 1994.4
1415310 1994.4
1415320 1993.2
1415330 1991.9
1415340 1991.9
1415350 1990.9
1415360 1990.4
1415370 1990.4
1415380 1990.1
1415390 1989.2
1415400 1988.1
1415410 1988.1
1415420 1986.9
1415430 1985.3
1415440 1985.3
1415450 1983.9
1415460 1983.4
1415470 1983.4
1415480 1982.6
1415490 1981.9
1415500 1981.9
1415510 1980.8
1415520 1979.7
1415530 1979.7
1415540 1978.4
1415550 1976.8
1415560 1976.8
1415570 1976.0
1415580 1974.8
1415590 1972.7
1415600 1972.7
1415610 1970.9
1415620 1969.4
1415630 1969.4
1415640 1967.7
1415650 1966.1
1415660 1966.1
1415670 1965.8
1415680 1965.7
1415690 1965.7
1415700 1965.0
1415710 1964.8
1415720 1964.8
1415730 1965.2
1415740 1965.1
1415750 1965.1
1415760 1964.0
1415770 1961.4
1415780 1958.4
1415790 1958.4
1415800 1957.3
1415810 1957.8
1415820 1957.8
1415830 1957.4
1415840 1956.5
1415850 1956.5
1415860 1954.4
1415870 1952.3
1415880 1952.3
1415890 1949.3
1415900 1946.3
1415910 1946.3
1415920 1944.0
1415930 1941.3
1415940 1941.3
1415950 1939.7
1415960 1940.3
1415970 1940.3
1415980 1940.3
1415990 1938.3
1416000 1935.5
1416010 1935.5
1416020 1932.4
1416030 1929.3
1416040 1929.3
1416050 1925.7
1416060 1922.8
1416070 1922.8
1416080 1920.3
1416090 1918.0
1416100 1918.0
1416110 1916.5
1416120 1915.3
1416130 1915.3
1416140 1909.6
1416150 1905.9
1416160 1903.2
1416170 1903.2
1416180 1901.4
1416190 1898.7
1416200 1898.7
1416210 1896.4
1416220 1893.2
1416230 1893.2
1416240 1890.9
1416250 1888.8
1416260 1888.8
1416270 1885.3
1416280 1882.0
1416290 1882.0
1416300 1878.6
1416310 1873.6
1416320 1873.6
1416330 1869.3
1416340 1866.9
1416350 1870.9
1416360 1870.9
1416370 1878.1
1416380 1885.1
1416390 1885.1
1416400 1892.7
1416410 1900.2
1416420 1900.2
1416430 1907.6
1416440 1912.7
1416450 1912.7
1416460 1916.9
1416470 1920.8
1416480 1920.8
1416490 1924.6
1416500 1928.8
1416510 1933.1
1416520 1933.1
1416530 1937.5
1416540 1941.8
1416550 1941.8
1416560 1946.1
1416570 1950.5
1416580 1950.5
1416590 1955.9
1416600 1961.4
1416610 1961.4
1416620 1966.6
1416630 1971.3
1416640 1971.3
1416650 1976.0
1416660 1980.6
1416670 1980.6
1416680 1985.7
1416690 1990.9
1416700 1996.3
1416710 1996.3
1416720 2002.3
1416730 2008.5
1416740 2008.5
1416750 2014.7
1416760 2021.0
1416770 2021.0
1416780 2027.5
1416790 2034.0
1416800 2034.0
1416810 2040.7
1416820 2047.6
1416830 2047.6
1416840 2054.8
1416850 2061.8
1416860 2061.8
1416870 2068.8
1416880 2075.8
1416890 2083.1
1416900 2083.1
1416910 2090.3
1416920 2097.0
1416930 2097.0
1416940 2104.2
1416950 2111.6
1416960 2111.6
1416970 2118.9
1416980 2126.7
1416990 2126.7
1417000 2139.2
1417010 2153.2
1417020 2153.2
1417030 2162.6
1417040 2171.6
1417050 2171.6
1417060 2182.8
1417070 2196.9
1417080 2207.1
1417090 2207.1
1417100 2214.8
1417110 2225.0
1417120 2225.0
1417130 2237.2
1417140 2246.0
1417150 2246.0
1417160 2253.8
1417170 2261.9
1417180 2261.9
1417190 2269.8
1417200 2278.8
1417210 2278.8
1417220 2290.0
1417230 2305.3
1417240 2305.3
1417250 2318.8
1417260 2320.3
1417270 2321.4
1417280 2321.4
1417290 2332.0
1417300 2349.6
1417310 2349.6
1417320 2359.0
1417330 2355.4
1417340 2355.4
1417350 2372.0
1417360 2391.0
1417370 2391.0
1417380 2392.7
1417390 2396.0
1417400 2396.0
1417410 2400.1
1417420 2406.3
1417430 2406.3
1417440 2419.4
1417450 2424.8
1417460 2427.6
1417470 2427.6
1417480 2434.2
1417490 2443.4
1417500 2443.4
1417510 2453.3
1417520 2469.2
1417530 2469.2
1417540 2482.9
1417550 2495.8
1417560 2495.8
1417570 2503.8
1417580 2507.7
1417590 2507.7
1417600 2506.9
1417610 2507.6
1417620 2507.6
1417630 2518.2
1417640 2528.6
1417650 2540.5
1417660 2540.5
1417670 2541.8
1417680 2543.7
1417690 2543.7
1417700 2548.6
1417710 2552.4
1417720 2552.4
1417730 2555.2
1417740 2557.9
1417750 2557.9
1417760 2557.2
1417770 2555.1
1417780 2555.1
1417790 2552.8
1417800 2550.1
1417810 2550.1
1417820 2546.9
1417830 2543.4
1417840 2540.9
1417850 2540.9
1417860 2539.1
1417870 2536.7
1417880 2536.7
1417890 2534.6
1417900 2532.5
1417910 2532.5
1417920 2529.9
1417930 2526.8
1417940 2526.8
1417950 2524.5
1417960 2523.1
1417970 2523.1
1417980 2520.8
1417990 2517.8
1418000 2512.7
1418010 2509.6
1418020 2506.8
1418030 2504.7
1418040 2504.7
1418050 2502.6
1418060 2501.0
1418070 2501.0
1418080 2499.4
1418090 2497.5
1418100 2497.5
1418110 2496.6
1418120 2496.4
1418130 2496.4
1418140 2496.5
1418150 2497.7
1418160 2497.7
1418170 2499.3
1418180 2497.4
1418190 2497.4
1418200 2492.7
1418210 2486.6
1418220 2479.9
1418230 2479.9
1418240 2473.4
1418250 2467.4
1418260 2467.4
1418270 2462.6
1418280 2457.3
1418290 2457.3
1418300 2451.9
1418310 2446.5
1418320 2446.5
1418330 2441.2
1418340 2435.3
1418350 2435.3
1418360 2429.5
1418370 2423.8
1418380 2423.8
1418390 2417.6
1418400 2411.9
1418410 2405.8
1418420 2405.8
1418430 2400.0
1418440 2394.6
1418450 2394.6
1418460 2390.7
1418470 2387.8
1418480 2387.8
1418490 2384.0
1418500 2378.9
1418510 2378.9
1418520 2373.9
1418530 2368.0
1418540 2368.0
1418550 2362.0
1418560 2356.6
1418570 2356.6
1418580 2352.0
1418590 2348.5
1418600 2345.0
1418610 2345.0
1418620 2340.4
1418630 2336.4
1418640 2336.4
1418650 2333.5
1418660 2331.5
1418670 2331.5
1418680 2329.7
1418690 2328.0
1418700 2328.0
1418710 2325.3
1418720 2320.2
1418730 2320.2
1418740 2314.8
1418750 2311.9
1418760 2310.7
1418770 2310.7
1418780 2309.4
1418790 2306.2
1418800 2306.2
1418810 2301.6
1418820 2297.0
1418830 2297.0
1418840 2293.4
1418850 2291.3
1418860 2291.3
1418870 2290.4
1418880 2290.8
1418890 2290.8
1418900 2288.8
1418910 2286.1
1418920 2286.1
1418930 2283.0
1418940 2280.2
1418950 2278.7
1418960 2278.7
1418970 2277.5
1418980 2274.9
1418990 2274.9
1419000 2268.8
1419010 2264.9
1419020 2264.9
1419030 2264.3
1419040 2264.7
1419050 2264.7
1419060 2265.5
1419070 2267.7
1419080 2267.7
1419090 2269.7
1419100 2270.1
1419110 2270.1
1419120 2273.4
1419130 2277.1
1419140 2277.7
1419150 2277.7
1419160 2276.2
1419170 2280.4
1419180 2280.4
1419190 2282.8
1419200 2284.8
1419210 2284.8
1419220 2287.3
1419230 2290.3
1419240 2290.3
1419250 2293.7
1419260 2298.4
1419270 2298.4
1419280 2302.8
1419290 2304.7
1419300 2304.7
1419310 2305.2
1419320 2307.8
1419330 2312.2
1419340 2312.2
1419350 2317.9
1419360 2324.4
1419370 2324.4
1419380 2328.7
1419390 2330.9
1419400 2330.9
1419410 2331.8
1419420 2333.5
1419430 2333.5
1419440 2334.7
1419450 2333.1
1419460 2333.1
1419470 2329.3
1419480 2327.7
1419490 2327.7
1419500 2327.2
1419510 2328.5
1419520 2331.3
1419530 2331.3
1419540 2332.7
1419550 2331.1
1419560 2331.1
1419570 2329.8
1419580 2325.4
1419590 2325.4
1419600 2320.6
1419610 2316.1
1419620 2316.1
1419630 2310.4
1419640 2307.7
1419650 2307.7
1419660 2305.3
1419670 2303.5
1419680 2303.5
1419690 2300.6
1419700 2297.4
1419710 2293.4
1419720 2293.4
1419730 2288.9
1419740 2285.5
1419750 2285.5
1419760 2283.9
1419770 2283.2
1419780 2283.2
1419790 2283.1
1419800 2282.1
1419810 2282.1
1419820 2281.6
1419830 2280.4
1419840 2280.4
1419850 2279.3
1419860 2278.6
1419870 2278.6
1419880 2277.1
1419890 2276.0
1419900 2275.2
1419910 2275.2
1419920 2268.9
1419930 2268.8
1419940 2268.8
1419950 2269.9
1419960 2271.8
1419970 2271.8
1419980 2274.3
1419990 2275.9
