1400000 1426.3
1400010 1430.4
1400020 1433.1
1400030 1435.7
1400040 1436.9
1400050 1436.9
1400060 1437.3
1400070 1437.9
1400080 1437.9
1400090 1439.4
1400100 1440.7
1400110 1440.7
1400120 1441.4
1400130 1441.3
1400140 1441.3
1400150 1440.1
1400160 1438.1
1400170 1438.1
1400180 1435.3
1400190 1433.7
1400200 1433.7
1400210 1433.7
1400220 1434.2
1400230 1434.7
1400240 1434.7
1400250 1435.7
1400260 1436.8
1400270 1436.8
1400280 1437.7
1400290 1438.2
1400300 1438.2
1400310 1438.7
1400320 1437.7
1400330 1437.7
1400340 1437.3
1400350 1439.6
1400360 1439.6
1400370 1440.4
1400380 1439.9
1400390 1439.9
1400400 1439.2
1400410 1438.7
1400420 1438.6
1400430 1438.6
1400440 1437.0
1400450 1434.1
1400460 1434.1
1400470 1432.1
1400480 1430.1
1400490 1430.1
1400500 1428.3
1400510 1426.0
1400520 1426.0
1400530 1421.4
1400540 1418.9
1400550 1418.9
1400560 1417.0
1400570 1415.4
1400580 1415.4
1400590 1412.9
1400600 1408.1
1400610 1404.5
1400620 1404.5
1400630 1400.9
1400640 1396.7
1400650 1396.7
1400660 1393.6
1400670 1390.6
1400680 1390.6
1400690 1386.3
1400700 1382.6
1400710 1382.6
1400720 1379.4
1400730 1376.8
1400740 1376.8
1400750 1373.6
1400760 1369.6
1400770 1369.6
1400780 1366.9
1400790 1364.6
1400800 1364.6
1400810 1362.5
1400820 1358.9
1400830 1355.2
1400840 1355.2
1400850 1350.8
1400860 1345.9
1400870 1345.9
1400880 1342.7
1400890 1340.3
1400900 1340.3
1400910 1338.2
1400920 1334.3
1400930 1334.3
1400940 1326.4
1400950 1321.2
1400960 1321.2
1400970 1315.5
1400980 1307.3
1400990 1307.3
1401000 1299.6
1401010 1295.4
1401020 1292.7
1401030 1292.7
1401040 1288.7
1401050 1283.2
1401060 1283.2
1401070 1277.7
1401080 1273.8
1401090 1273.8
1401100 1270.5
1401110 1270.3
1401120 1270.3
1401130 1265.3
1401140 1255.7
1401150 1255.7
1401160 1249.6
1401170 1245.2
1401180 1245.2
1401190 1239.6
1401200 1233.8
1401210 1228.9
1401220 1228.9
1401230 1224.5
1401240 1220.2
1401250 1220.2
1401260 1215.5
1401270 1210.0
1401280 1210.0
1401290 1205.8
1401300 1201.1
1401310 1201.1
1401320 1195.0
1401330 1191.4
1401340 1191.4
1401350 1186.3
1401360 1180.9
1401370 1180.9
1401380 1177.8
1401390 1176.1
1401400 1173.9
1401410 1173.9
1401420 1170.2
1401430 1164.5
1401440 1164.5
1401450 1158.0
1401460 1152.2
1401470 1152.2
1401480 1145.8
1401490 1139.1
1401500 1139.1
1401510 1138.8
1401520 1132.8
1401530 1132.8
1401540 1128.6
1401550 1123.4
1401560 1123.4
1401570 1120.1
1401580 1115.0
1401590 1106.4
1401600 1106.4
1401610 1094.3
1401620 1087.2
1401630 1087.2
1401640 1088.5
1401650 1087.2
1401660 1087.2
1401670 1076.7
1401680 1066.6
1401690 1066.6
1401700 1064.0
1401710 1065.1
1401720 1065.1
1401730 1060.4
1401740 1054.6
1401750 1054.6
1401760 1048.6
1401770 1041.6
1401780 1035.5
1401790 1035.5
1401800 1034.6
1401810 1031.4
1401820 1031.4
1401830 1026.1
1401840 1025.1
1401850 1025.1
1401860 1023.8
1401870 1021.1
1401880 1021.1
1401890 1017.7
1401900 1013.0
1401910 1013.0
1401920 1007.9
1401930 1002.9
1401940 1002.9
1401950 999.6
1401960 997.2
1401970 994.9
1401980 994.9
1401990 992.1
1402000 990.3
1402010 990.3
1402020 988.7
1402030 986.1
1402040 986.1
1402050 982.5
1402060 979.0
1402070 979.0
1402080 976.0
1402090 972.2
1402100 972.2
1402110 968.4
1402120 964.1
1402130 964.1
1402140 960.8
1402150 960.7
1402160 958.5
1402170 958.5
1402180 955.7
1402190 952.6
1402200 952.6
1402210 949.4
1402220 946.7
1402230 946.7
1402240 941.9
1402250 934.0
1402260 934.0
1402270 929.0
1402280 923.9
1402290 923.9
1402300 919.4
1402310 917.4
1402320 917.4
1402330 914.6
1402340 911.1
1402350 908.6
1402360 908.6
1402370 905.5
1402380 902.7
1402390 902.7
1402400 900.5
1402410 897.7
1402420 897.7
1402430 894.1
1402440 891.8
1402450 891.8
1402460 887.7
1402470 885.1
1402480 885.1
1402490 883.0
1402500 880.7
1402510 880.7
1402520 878.5
1402530 876.0
1402540 874.8
1402550 874.8
1402560 873.2
1402570 872.5
1402580 872.5
1402590 871.1
1402600 868.5
1402610 868.5
1402620 865.2
1402630 863.2
1402640 863.2
1402650 861.4
1402660 859.6
1402670 859.6
1402680 856.0
1402690 849.9
1402700 849.9
1402710 841.1
1402720 831.6
1402730 821.1
1402740 821.1
1402750 813.8
1402760 806.4
1402770 806.4
1402780 797.5
1402790 791.5
1402800 791.5
1402810 787.7
1402820 782.5
1402830 782.5
1402840 777.9
1402850 774.8
1402860 774.8
1402870 773.1
1402880 772.8
1402890 772.8
1402900 772.9
1402910 773.1
1402920 773.1
1402930 773.1
1402940 773.5
1402950 773.4
1402960 773.4
1402970 773.5
1402980 773.3
1402990 773.3
1403000 773.1
1403010 773.0
1403020 773.0
1403030 772.9
1403040 772.8
1403050 772.8
1403060 772.7
1403070 772.5
1403080 772.5
1403090 772.4
1403100 772.4
1403110 772.1
1403120 772.1
1403130 771.5
1403140 771.4
1403150 771.4
1403160 771.4
1403170 771.1
1403180 771.1
1403190 769.8
1403200 770.1
1403210 770.1
1403220 771.9
1403230 771.5
1403240 771.5
1403250 769.5
1403260 768.5
1403270 768.5
1403280 767.4
1403290 767.5
1403300 768.3
1403310 768.3
1403320 768.7
1403330 768.8
1403340 768.8
1403350 768.7
1403360 770.7
1403370 770.7
1403380 772.3
1403390 770.7
1403400 770.7
1403410 770.1
1403420 770.0
1403430 770.0
1403440 769.9
1403450 769.8
1403460 769.8
1403470 769.6
1403480 769.5
1403490 769.3
1403500 769.3
1403510 769.3
1403520 769.3
1403530 769.3
1403540 769.3
1403550 769.3
1403560 769.3
1403570 769.3
1403580 769.3
1403590 769.3
1403600 769.2
1403610 769.1
1403620 769.1
1403630 769.0
1403640 769.2
1403650 769.2
1403660 769.6
1403670 769.5
1403680 769.5
1403690 769.2
1403700 769.1
1403710 769.0
1403720 769.0
1403730 768.8
1403740 768.6
1403750 768.6
1403760 768.2
1403770 768.2
1403780 768.2
1403790 771.3
1403800 780.4
1403810 780.4
1403820 789.6
1403830 802.7
1403840 802.7
1403850 811.9
1403860 817.3
1403870 817.3
1403880 823.0
1403890 829.6
1403900 839.9
1403910 839.9
1403920 852.8
1403930 870.5
1403940 870.5
1403950 880.9
1403960 882.1
1403970 882.1
1403980 880.9
1403990 879.9
1404000 879.9
1404010 879.6
1404020 881.1
1404030 881.1
1404040 888.1
1404050 896.6
1404060 896.6
1404070 905.3
1404080 914.0
1404090 920.4
1404100 920.4
1404110 926.2
1404120 928.7
1404130 928.7
1404140 933.6
1404150 939.7
1404160 939.7
1404170 947.5
1404180 955.8
1404190 955.8
1404200 964.9
1404210 975.1
1404220 975.1
1404230 981.4
1404240 984.3
1404250 984.3
1404260 988.6
1404270 993.4
1404280 1000.4
1404290 1000.4
1404300 1006.9
1404310 1011.5
1404320 1011.5
1404330 1014.2
1404340 1020.9
1404350 1020.9
1404360 1037.8
1404370 1052.8
1404380 1052.8
1404390 1055.6
1404400 1055.3
1404410 1055.3
1404420 1054.6
1404430 1055.9
1404440 1055.9
1404450 1058.9
1404460 1062.5
1404470 1067.3
1404480 1067.3
1404490 1073.3
1404500 1078.9
1404510 1078.9
1404520 1085.9
1404530 1096.7
1404540 1096.7
1404550 1103.2
1404560 1112.6
1404570 1112.6
1404580 1115.8
1404590 1113.8
1404600 1113.8
1404610 1110.1
1404620 1103.0
1404630 1103.0
1404640 1097.4
1404650 1100.9
1404660 1107.2
1404670 1107.2
1404680 1115.1
1404690 1122.6
1404700 1122.6
1404710 1133.5
1404720 1140.8
1404730 1140.8
1404740 1146.5
1404750 1153.5
1404760 1153.5
1404770 1159.4
1404780 1166.2
1404790 1166.2
1404800 1174.1
1404810 1178.9
1404820 1178.9
1404830 1182.5
1404840 1185.7
1404850 1192.0
1404860 1192.0
1404870 1202.7
1404880 1210.9
1404890 1210.9
1404900 1220.1
1404910 1226.1
1404920 1226.1
1404930 1230.7
1404940 1237.1
1404950 1237.1
1404960 1243.4
1404970 1249.2
1404980 1249.2
1404990 1255.2
1405000 1261.8
1405010 1261.8
1405020 1268.9
1405030 1277.1
1405040 1284.0
1405050 1284.0
1405060 1290.9
1405070 1299.9
1405080 1299.9
1405090 1307.1
1405100 1314.0
1405110 1314.0
1405120 1319.1
1405130 1323.3
1405140 1323.3
1405150 1326.0
1405160 1327.5
1405170 1327.5
1405180 1331.7
1405190 1335.5
1405200 1335.5
1405210 1339.9
1405220 1345.0
1405230 1349.2
1405240 1349.2
1405250 1353.6
1405260 1358.2
1405270 1358.2
1405280 1362.2
1405290 1366.2
1405300 1366.2
1405310 1371.1
1405320 1376.3
1405330 1376.3
1405340 1382.0
1405350 1386.5
1405360 1386.5
1405370 1390.7
1405380 1396.1
1405390 1396.1
1405400 1401.3
1405410 1401.3
1405420 1400.8
1405430 1400.8
1405440 1402.9
1405450 1404.4
1405460 1404.4
1405470 1403.8
1405480 1405.4
1405490 1405.4
1405500 1410.0
1405510 1415.5
1405520 1415.5
1405530 1421.6
1405540 1426.5
1405550 1426.5
1405560 1432.9
1405570 1438.9
1405580 1438.9
1405590 1443.4
1405600 1447.3
1405610 1449.7
1405620 1449.7
1405630 1454.9
1405640 1460.4
1405650 1460.4
1405660 1463.9
1405670 1465.9
1405680 1465.9
1405690 1468.9
1405700 1469.6
1405710 1469.6
1405720 1467.7
1405730 1465.8
1405740 1465.8
1405750 1465.5
1405760 1464.7
1405770 1464.7
1405780 1462.0
1405790 1456.8
1405800 1451.3
1405810 1451.3
1405820 1446.4
1405830 1441.2
1405840 1441.2
1405850 1439.4
1405860 1440.3
1405870 1440.3
1405880 1437.7
1405890 1436.7
1405900 1436.7
1405910 1437.9
1405920 1437.2
1405930 1437.2
1405940 1436.9
1405950 1436.1
1405960 1436.1
1405970 1436.1
1405980 1436.6
1405990 1433.8
1406000 1433.8
1406010 1426.9
1406020 1418.2
1406030 1418.2
1406040 1413.4
1406050 1409.3
1406060 1409.3
1406070 1404.2
1406080 1397.3
1406090 1397.3
1406100 1390.9
1406110 1384.9
1406120 1384.9
1406130 1380.0
1406140 1378.2
1406150 1378.2
1406160 1377.3
1406170 1375.4
1406180 1373.1
1406190 1373.1
1406200 1371.2
1406210 1361.1
1406220 1361.1
1406230 1355.7
1406240 1346.4
1406250 1346.4
1406260 1348.7
1406270 1355.6
1406280 1355.6
1406290 1362.0
1406300 1366.5
1406310 1366.5
1406320 1368.3
1406330 1370.8
1406340 1370.8
1406350 1372.8
1406360 1373.1
1406370 1374.4
1406380 1374.4
1406390 1376.1
1406400 1376.9
1406410 1376.9
1406420 1376.6
1406430 1376.7
1406440 1376.7
1406450 1377.2
1406460 1377.7
1406470 1377.7
1406480 1376.8
1406490 1375.3
1406500 1375.3
1406510 1374.0
1406520 1372.5
1406530 1372.5
1406540 1371.1
1406550 1370.4
1406560 1370.0
1406570 1370.0
1406580 1370.9
1406590 1373.6
1406600 1373.6
1406610 1376.4
1406620 1378.5
1406630 1378.5
1406640 1379.9
1406650 1381.0
1406660 1381.0
1406670 1382.4
1406680 1383.6
1406690 1383.6
1406700 1385.4
1406710 1386.8
1406720 1386.8
1406730 1389.2
1406740 1392.3
1406750 1396.3
1406760 1396.3
1406770 1399.8
1406780 1402.9
1406790 1402.9
1406800 1404.8
1406810 1408.0
1406820 1408.0
1406830 1409.8
1406840 1410.1
1406850 1410.1
1406860 1412.4
1406870 1418.2
1406880 1418.2
1406890 1420.9
1406900 1421.7
1406910 1421.7
1406920 1423.0
1406930 1425.1
1406940 1425.1
1406950 1426.9
1406960 1428.0
1406970 1429.4
1406980 1429.4
1406990 1430.4
1407000 1432.2
1407010 1432.2
1407020 1436.9
1407030 1442.7
1407040 1442.7
1407050 1447.6
1407060 1451.6
1407070 1451.6
1407080 1455.3
1407090 1458.8
1407100 1458.8
1407110 1463.0
1407120 1468.8
1407130 1468.8
1407140 1474.7
1407150 1479.8
1407160 1485.2
1407170 1485.2
1407180 1491.2
1407190 1497.0
1407200 1497.0
1407210 1503.1
1407220 1509.4
1407230 1509.4
1407240 1515.0
1407250 1521.0
1407260 1521.0
1407270 1527.4
1407280 1533.6
1407290 1533.6
1407300 1539.3
1407310 1545.1
1407320 1545.1
1407330 1552.4
1407340 1559.1
1407350 1566.4
1407360 1566.4
1407370 1574.4
1407380 1582.1
1407390 1582.1
1407400 1588.1
1407410 1592.4
1407420 1592.4
1407430 1596.4
1407440 1600.0
1407450 1600.0
1407460 1603.3
1407470 1606.2
1407480 1606.2
1407490 1607.4
1407500 1610.1
1407510 1610.1
1407520 1612.2
1407530 1613.1
1407540 1613.1
1407550 1613.1
1407560 1612.9
1407570 1612.8
1407580 1612.8
1407590 1613.0
1407600 1613.8
1407610 1613.8
1407620 1615.6
1407630 1617.5
1407640 1617.5
1407650 1620.9
1407660 1626.0
1407670 1626.0
1407680 1631.0
1407690 1635.5
1407700 1635.5
1407710 1639.4
1407720 1642.9
1407730 1646.4
1407740 1646.4
1407750 1649.3
1407760 1651.9
1407770 1651.9
1407780 1654.4
1407790 1657.0
1407800 1657.0
1407810 1660.1
1407820 1663.8
1407830 1663.8
1407840 1662.7
1407850 1666.0
1407860 1666.0
1407870 1668.8
1407880 1671.6
1407890 1671.6
1407900 1674.3
1407910 1676.9
1407920 1679.5
1407930 1679.5
1407940 1681.8
1407950 1684.5
1407960 1684.5
1407970 1687.3
1407980 1690.0
1407990 1690.0
1408000 1693.1
1408010 1696.4
1408020 1696.4
1408030 1698.6
1408040 1700.5
1408050 1700.5
1408060 1702.9
1408070 1705.8
1408080 1705.8
1408090 1709.2
1408100 1713.0
1408110 1717.8
1408120 1717.8
1408130 1722.5
1408140 1725.4
1408150 1725.4
1408160 1728.5
1408170 1732.3
1408180 1732.3
1408190 1736.6
1408200 1739.3
1408210 1739.3
1408220 1741.1
1408230 1741.9
1408240 1741.9
1408250 1742.1
1408260 1742.1
1408270 1742.1
1408280 1743.7
1408290 1744.7
1408300 1746.1
1408310 1746.1
1408320 1748.7
1408330 1753.0
1408340 1753.0
1408350 1757.8
1408360 1762.9
1408370 1762.9
1408380 1768.1
1408390 1773.6
1408400 1773.6
1408410 1778.5
1408420 1783.4
1408430 1783.4
1408440 1786.9
1408450 1792.6
1408460 1792.6
1408470 1797.9
1408480 1802.1
1408490 1806.4
1408500 1806.4
1408510 1811.6
1408520 1816.6
1408530 1816.6
1408540 1821.7
1408550 1826.8
1408560 1826.8
1408570 1830.9
1408580 1834.0
1408590 1834.0
1408600 1835.7
1408610 1838.3
1408620 1838.3
1408630 1840.7
1408640 1842.3
1408650 1842.3
1408660 1845.1
1408670 1849.4
1408680 1852.8
1408690 1852.8
1408700 1854.9
1408710 1856.3
1408720 1856.3
1408730 1857.2
1408740 1858.1
1408750 1858.1
1408760 1858.6
1408770 1859.4
1408780 1859.4
1408790 1862.3
1408800 1866.6
1408810 1866.6
1408820 1867.7
1408830 1867.2
1408840 1867.2
1408850 1866.6
1408860 1866.5
1408870 1865.4
1408880 1865.4
1408890 1862.1
1408900 1859.7
1408910 1859.7
1408920 1859.2
1408930 1860.4
1408940 1860.4
1408950 1861.9
1408960 1864.6
1408970 1864.6
1408980 1868.0
1408990 1869.1
1409000 1869.1
1409010 1868.5
1409020 1867.8
1409030 1867.8
1409040 1865.5
1409050 1863.5
1409060 1860.2
1409070 1860.2
1409080 1856.6
1409090 1853.7
1409100 1853.7
1409110 1851.1
1409120 1850.5
1409130 1850.5
1409140 1847.9
1409150 1841.1
1409160 1841.1
1409170 1833.5
1409180 1828.3
1409190 1828.3
1409200 1824.9
1409210 1822.3
1409220 1822.3
1409230 1819.3
1409240 1817.3
1409250 1819.5
1409260 1819.5
1409270 1822.8
1409280 1825.6
1409290 1825.6
1409300 1826.6
1409310 1824.8
1409320 1824.8
1409330 1822.5
1409340 1820.5
1409350 1820.5
1409360 1819.3
1409370 1819.8
1409380 1819.8
1409390 1821.6
1409400 1824.1
1409410 1824.1
1409420 1822.9
1409430 1817.4
1409440 1811.4
1409450 1811.4
1409460 1805.7
1409470 1800.0
1409480 1800.0
1409490 1793.9
1409500 1788.2
1409510 1786.6
1409520 1780.6
1409530 1773.2
1409540 1773.2
1409550 1766.0
1409560 1760.6
1409570 1760.6
1409580 1756.1
1409590 1757.2
1409600 1757.2
1409610 1756.3
1409620 1754.6
1409630 1753.5
1409640 1753.5
1409650 1753.0
1409660 1754.5
1409670 1754.5
1409680 1757.4
1409690 1761.6
1409700 1761.6
1409710 1766.4
1409720 1769.8
1409730 1769.8
1409740 1773.7
1409750 1778.2
1409760 1778.2
1409770 1782.9
1409780 1790.2
1409790 1790.2
1409800 1794.2
1409810 1797.7
1409820 1800.0
1409830 1800.0
1409840 1800.2
1409850 1799.3
1409860 1799.3
1409870 1798.3
1409880 1796.9
1409890 1796.9
1409900 1795.6
1409910 1795.0
1409920 1795.0
1409930 1794.9
1409940 1794.7
1409950 1794.7
1409960 1793.8
1409970 1790.8
1409980 1790.8
1409990 1788.8
1410000 1785.5
1410010 1782.5
1410020 1782.5
1410030 1782.3
1410040 1784.6
1410050 1784.6
1410060 1787.3
1410070 1786.3
1410080 1786.3
1410090 1781.8
1410100 1779.3
1410110 1779.3
1410120 1774.4
1410130 1771.3
1410140 1771.3
1410150 1770.8
1410160 1767.7
1410170 1767.7
1410180 1767.8
1410190 1769.6
1410200 1769.6
1410210 1766.6
1410220 1765.3
1410230 1765.2
1410240 1765.2
1410250 1762.9
1410260 1759.7
1410270 1759.7
1410280 1757.7
1410290 1756.9
1410300 1756.9
1410310 1756.5
1410320 1757.5
1410330 1757.5
1410340 1758.6
1410350 1757.4
1410360 1757.4
1410370 1755.8
1410380 1756.8
1410390 1756.8
1410400 1759.4
1410410 1763.5
1410420 1771.9
1410430 1771.9
1410440 1780.0
1410450 1787.0
1410460 1787.0
1410470 1793.2
1410480 1798.6
1410490 1798.6
1410500 1803.0
1410510 1806.8
1410520 1806.8
1410530 1811.2
1410540 1814.9
1410550 1814.9
1410560 1818.1
1410570 1821.9
1410580 1821.9
1410590 1825.1
1410600 1828.3
1410610 1832.0
1410620 1832.0
1410630 1834.6
1410640 1835.9
1410650 1835.9
1410660 1836.6
1410670 1837.7
1410680 1837.7
1410690 1839.6
1410700 1843.0
1410710 1843.0
1410720 1846.8
1410730 1851.5
1410740 1851.5
1410750 1856.2
1410760 1860.9
1410770 1860.9
1410780 1865.8
1410790 1870.9
1410800 1874.9
1410810 1874.9
1410820 1878.9
1410830 1882.2
1410840 1882.2
1410850 1885.7
1410860 1891.3
1410870 1891.3
1410880 1896.8
1410890 1900.8
1410900 1900.8
1410910 1911.2
1410920 1924.0
1410930 1924.0
1410940 1934.1
1410950 1944.1
1410960 1944.1
1410970 1954.4
1410980 1968.4
1410990 1979.6
1411000 1979.6
1411010 1986.9
1411020 1996.0
1411030 1996.0
1411040 2003.0
1411050 2012.5
1411060 2012.5
1411070 2016.9
1411080 2012.0
1411090 2012.0
1411100 2008.7
1411110 2018.2
1411120 2018.2
1411130 2050.1
1411140 2064.7
1411150 2064.7
1411160 2075.7
1411170 2083.1
1411180 2091.5
1411190 2091.5
1411200 2091.7
1411210 2101.0
1411220 2101.0
1411230 2104.1
1411240 2107.8
1411250 2107.8
1411260 2110.8
1411270 2118.6
1411280 2118.6
1411290 2126.4
1411300 2134.1
1411310 2134.1
1411320 2142.2
1411330 2144.3
1411340 2144.3
1411350 2137.6
1411360 2129.8
1411370 2124.8
1411380 2124.8
1411390 2126.3
1411400 2127.7
1411410 2127.7
1411420 2128.7
1411430 2132.7
1411440 2132.7
1411450 2143.4
1411460 2155.8
1411470 2155.8
1411480 2169.1
1411490 2172.5
1411500 2172.5
1411510 2174.9
1411520 2185.7
1411530 2185.7
1411540 2192.4
1411550 2196.7
1411560 2200.4
1411570 2200.4
1411580 2201.1
1411590 2195.7
1411600 2195.7
1411610 2195.5
1411620 2201.0
1411630 2201.0
1411640 2202.8
1411650 2203.0
1411660 2203.0
1411670 2203.5
1411680 2204.2
1411690 2204.2
1411700 2200.9
1411710 2197.8
1411720 2197.8
1411730 2200.7
1411740 2209.3
1411750 2225.9
1411760 2225.9
1411770 2244.0
1411780 2246.1
1411790 2246.1
1411800 2242.1
1411810 2238.6
1411820 2238.6
1411830 2236.7
1411840 2236.3
1411850 2236.3
1411860 2236.4
1411870 2236.1
1411880 2236.1
1411890 2235.3
1411900 2234.2
1411910 2234.2
1411920 2232.8
1411930 2231.7
1411940 2232.0
1411950 2232.0
1411960 2231.5
1411970 2230.5
1411980 2230.5
1411990 2232.3
1412000 2233.1
1412010 2233.1
1412020 2231.9
1412030 2230.5
1412040 2230.5
1412050 2230.4
1412060 2230.1
1412070 2230.1
1412080 2226.8
1412090 2224.7
1412100 2224.7
1412110 2230.4
1412120 2233.6
1412130 2233.2
1412140 2233.2
1412150 2232.6
1412160 2231.3
1412170 2231.3
1412180 2235.8
1412190 2238.1
1412200 2238.1
1412210 2237.1
1412220 2236.3
1412230 2236.3
1412240 2237.5
1412250 2238.3
1412260 2238.3
1412270 2238.8
1412280 2241.0
1412290 2241.0
1412300 2241.6
1412310 2240.9
1412320 2248.2
1412330 2248.2
1412340 2254.4
1412350 2252.0
1412360 2252.0
1412370 2249.3
1412380 2249.1
1412390 2249.1
1412400 2249.0
1412410 2248.9
1412420 2248.9
1412430 2248.4
1412440 2248.2
1412450 2248.2
1412460 2248.4
1412470 2250.1
1412480 2250.1
1412490 2249.7
1412500 2250.7
1412510 2251.2
1412520 2251.2
1412530 2250.8
1412540 2249.7
1412550 2249.7
1412560 2247.0
1412570 2244.1
1412580 2244.1
1412590 2241.5
1412600 2240.1
1412610 2240.1
1412620 2239.8
1412630 2239.2
1412640 2239.2
1412650 2238.1
1412660 2238.6
1412670 2238.6
1412680 2240.3
1412690 2242.0
1412700 2244.2
1412710 2244.2
1412720 2246.3
1412730 2249.2
1412740 2249.2
1412750 2250.6
1412760 2252.2
1412770 2252.2
1412780 2253.3
1412790 2253.6
1412800 2253.6
1412810 2253.0
1412820 2252.1
1412830 2252.1
1412840 2250.7
1412850 2248.7
1412860 2248.7
1412870 2246.8
1412880 2247.0
1412890 2248.9
1412900 2248.9
1412910 2250.2
1412920 2250.6
1412930 2250.6
1412940 2249.8
1412950 2256.0
1412960 2256.0
1412970 2256.1
1412980 2254.1
1412990 2254.1
1413000 2258.3
1413010 2272.2
1413020 2272.2
1413030 2270.4
1413040 2275.9
1413050 2275.9
1413060 2275.6
1413070 2274.6
1413080 2273.2
1413090 2273.2
1413100 2270.9
1413110 2270.0
1413120 2270.0
1413130 2273.4
1413140 2279.1
1413150 2279.1
1413160 2284.8
1413170 2288.9
1413180 2288.9
1413190 2291.8
1413200 2293.7
1413210 2293.7
1413220 2294.5
1413230 2295.3
1413240 2295.3
1413250 2295.7
1413260 2298.7
1413270 2301.4
1413280 2301.4
1413290 2302.9
1413300 2304.5
1413310 2304.5
1413320 2307.6
1413330 2311.2
1413340 2311.2
1413350 2314.4
1413360 2317.8
1413370 2317.8
1413380 2321.4
1413390 2326.9
1413400 2326.9
1413410 2332.9
1413420 2338.9
1413430 2338.9
1413440 2345.2
1413450 2351.2
1413460 2351.2
1413470 2355.6
1413480 2357.7
1413490 2358.4
1413500 2358.4
1413510 2357.6
1413520 2357.2
1413530 2357.2
1413540 2356.5
1413550 2357.9
1413560 2357.9
1413570 2360.3
1413580 2363.3
1413590 2363.3
1413600 2367.1
1413610 2371.5
1413620 2371.5
1413630 2377.1
1413640 2384.5
1413650 2384.5
1413660 2395.8
1413670 2404.7
1413680 2413.4
1413690 2413.4
1413700 2422.4
1413710 2431.8
1413720 2431.8
1413730 2442.4
1413740 2452.6
1413750 2452.6
1413760 2461.5
1413770 2469.1
1413780 2469.1
1413790 2478.4
1413800 2484.2
1413810 2484.2
1413820 2483.8
1413830 2486.6
1413840 2486.6
1413850 2490.4
1413860 2502.8
1413870 2524.1
1413880 2524.1
1413890 2549.7
1413900 2561.4
1413910 2561.4
1413920 2568.4
1413930 2574.0
1413940 2574.0
1413950 2571.7
1413960 2567.4
1413970 2567.4
1413980 2564.5
1413990 2561.1
1414000 2561.1
1414010 2553.5
1414020 2544.7
1414030 2544.7
1414040 2539.6
1414050 2534.6
1414060 2529.4
1414070 2529.4
1414080 2521.4
1414090 2514.3
1414100 2514.3
1414110 2504.2
1414120 2487.9
1414130 2487.9
1414140 2478.6
1414150 2473.3
1414160 2473.3
1414170 2468.6
1414180 2463.9
1414190 2463.9
1414200 2459.7
1414210 2457.3
1414220 2457.3
1414230 2455.7
1414240 2454.2
1414250 2454.7
1414260 2454.7
1414270 2455.0
1414280 2454.2
1414290 2454.2
1414300 2454.1
1414310 2455.0
1414320 2455.0
1414330 2457.9
1414340 2460.7
1414350 2460.7
1414360 2463.1
1414370 2465.7
1414380 2465.7
1414390 2468.5
1414400 2471.4
1414410 2471.4
1414420 2474.8
1414430 2479.1
1414440 2484.0
1414450 2484.0
1414460 2489.2
1414470 2494.8
1414480 2494.8
1414490 2500.6
1414500 2506.5
1414510 2506.5
1414520 2512.0
1414530 2517.1
1414540 2517.1
1414550 2521.7
1414560 2525.9
1414570 2525.9
1414580 2530.2
1414590 2535.1
1414600 2535.1
1414610 2540.9
1414620 2546.9
1414630 2552.8
1414640 2552.8
1414650 2558.6
1414660 2564.0
1414670 2564.0
1414680 2569.0
1414690 2574.0
1414700 2574.0
1414710 2579.0
1414720 2584.0
1414730 2588.8
1414740 2593.4
1414750 2597.5
1414760 2597.5
1414770 2601.5
1414780 2605.9
1414790 2605.9
1414800 2611.1
1414810 2614.9
1414820 2617.6
1414830 2617.6
1414840 2621.9
1414850 2628.0
1414860 2628.0
1414870 2634.3
1414880 2643.0
1414890 2643.0
1414900 2656.1
1414910 2672.2
1414920 2672.2
1414930 2686.3
1414940 2697.9
1414950 2697.9
1414960 2701.8
1414970 2705.8
1414980 2705.8
1414990 2721.0
1415000 2738.2
1415010 2755.0
1415020 2755.0
1415030 2768.0
1415040 2778.3
1415050 2778.3
1415060 2785.9
1415070 2790.2
1415080 2790.2
1415090 2795.7
1415100 2801.8
1415110 2801.8
1415120 2804.3
1415130 2806.6
1415140 2806.6
1415150 2812.2
1415160 2824.4
1415170 2824.4
1415180 2837.2
1415190 2852.7
1415200 2860.8
1415210 2860.8
1415220 2866.0
1415230 2874.2
1415240 2874.2
1415250 2875.8
1415260 2870.6
1415270 2870.6
1415280 2862.8
1415290 2856.6
1415300 2856.6
1415310 2855.6
1415320 2857.0
1415330 2857.0
1415340 2856.8
1415350 2851.7
1415360 2851.7
1415370 2845.5
1415380 2841.9
1415390 2842.4
1415400 2842.4
1415410 2843.3
1415420 2842.8
1415430 2842.8
1415440 2841.3
1415450 2839.1
1415460 2839.1
1415470 2838.0
1415480 2833.7
1415490 2833.7
1415500 2828.3
1415510 2829.1
1415520 2829.1
1415530 2828.9
1415540 2830.4
1415550 2830.4
1415560 2829.4
1415570 2825.4
1415580 2819.0
1415590 2819.0
1415600 2811.1
1415610 2804.9
1415620 2804.9
1415630 2803.5
1415640 2804.7
1415650 2804.7
1415660 2805.6
1415670 2805.3
1415680 2805.3
1415690 2800.7
1415700 2791.6
1415710 2791.6
1415720 2787.7
1415730 2787.9
1415740 2787.9
1415750 2789.8
1415760 2792.4
1415770 2794.7
1415780 2794.7
1415790 2799.6
1415800 2812.2
1415810 2812.2
1415820 2821.1
1415830 2816.8
1415840 2816.8
1415850 2823.6
1415860 2823.7
1415870 2823.7
1415880 2822.7
1415890 2833.2
1415900 2833.2
1415910 2844.2
1415920 2846.9
1415930 2846.9
1415940 2847.1
1415950 2848.8
1415960 2855.3
1415970 2855.3
1415980 2861.4
1415990 2870.4
1416000 2870.4
1416010 2877.2
1416020 2885.9
1416030 2885.9
1416040 2889.8
1416050 2891.7
1416060 2891.7
1416070 2890.9
1416080 2888.6
1416090 2888.6
1416100 2887.5
1416110 2889.4
1416120 2889.4
1416130 2888.6
1416140 2884.7
1416150 2879.9
1416160 2879.9
1416170 2875.3
1416180 2872.3
1416190 2872.3
1416200 2871.4
1416210 2871.4
1416220 2871.4
1416230 2870.4
1416240 2867.2
1416250 2867.2
1416260 2864.0
1416270 2861.1
1416280 2861.1
1416290 2859.1
1416300 2856.3
1416310 2856.3
1416320 2852.8
1416330 2847.8
1416340 2842.2
1416350 2842.2
1416360 2836.8
1416370 2832.3
1416380 2832.3
1416390 2827.3
1416400 2822.5
1416410 2822.5
1416420 2818.5
1416430 2815.5
1416440 2815.5
1416450 2811.4
1416460 2807.4
1416470 2807.4
1416480 2804.9
1416490 2802.3
1416500 2802.3
1416510 2799.7
1416520 2800.7
1416530 2800.8
1416540 2800.8
1416550 2799.4
1416560 2791.4
1416570 2791.4
1416580 2789.6
1416590 2790.8
1416600 2790.8
1416610 2793.4
1416620 2794.4
1416630 2794.4
1416640 2792.5
1416650 2789.9
1416660 2789.9
1416670 2793.1
1416680 2796.2
1416690 2796.2
1416700 2797.6
1416710 2801.1
1416720 2806.1
1416730 2806.1
1416740 2812.8
1416750 2817.1
1416760 2817.1
1416770 2821.8
1416780 2827.0
1416790 2827.0
1416800 2832.3
1416810 2837.4
1416820 2837.4
1416830 2842.6
1416840 2847.5
1416850 2847.5
1416860 2854.1
1416870 2860.7
1416880 2860.7
1416890 2868.2
1416900 2880.2
1416910 2880.2
1416920 2892.0
1416930 2901.7
1416940 2906.2
1416950 2906.2
1416960 2910.3
1416970 2916.8
1416980 2916.8
1416990 2925.2
1417000 2933.3
1417010 2933.3
1417020 2938.4
1417030 2943.3
1417040 2943.3
1417050 2947.6
1417060 2951.0
1417070 2951.0
1417080 2953.7
1417090 2958.6
1417100 2958.6
1417110 2964.9
1417120 2972.7
1417130 2986.0
1417140 2986.0
1417150 3000.2
1417160 3010.0
1417170 3010.0
1417180 3020.8
1417190 3032.2
1417200 3032.2
1417210 3041.4
1417220 3041.9
1417230 3041.9
1417240 3038.3
1417250 3032.3
1417260 3032.3
1417270 3021.8
1417280 3014.6
1417290 3014.6
1417300 3007.6
1417310 2997.6
1417320 2982.0
1417330 2982.0
1417340 2945.0
1417350 2917.7
1417360 2917.7
1417370 2908.2
1417380 2898.3
1417390 2898.3
1417400 2880.8
1417410 2864.1
1417420 2864.1
1417430 2856.5
1417440 2849.4
1417450 2849.4
1417460 2842.0
1417470 2838.2
1417480 2838.2
1417490 2829.2
1417500 2813.4
1417510 2798.0
1417520 2798.0
1417530 2784.2
1417540 2772.9
1417550 2772.9
1417560 2766.1
1417570 2746.0
1417580 2746.0
1417590 2725.7
1417600 2715.8
1417610 2715.8
1417620 2704.2
1417630 2693.9
1417640 2693.9
1417650 2682.0
1417660 2672.1
1417670 2672.1
1417680 2664.7
1417690 2657.3
1417700 2648.1
1417710 2648.1
1417720 2630.8
1417730 2616.6
1417740 2616.6
1417750 2605.6
1417760 2600.7
1417770 2600.7
1417780 2594.7
1417790 2584.4
1417800 2584.4
1417810 2575.2
1417820 2566.7
1417830 2566.7
1417840 2557.6
1417850 2548.4
1417860 2548.4
1417870 2541.6
1417880 2535.2
1417890 2523.1
1417900 2523.1
1417910 2513.5
1417920 2509.0
1417930 2509.0
1417940 2502.6
1417950 2496.0
1417960 2496.0
1417970 2488.7
1417980 2481.2
1417990 2481.2
1418000 2473.5
1418010 2465.7
1418020 2465.7
1418030 2457.8
1418040 2450.2
1418050 2450.2
1418060 2443.0
1418070 2436.3
1418080 2430.0
1418090 2430.0
1418100 2424.2
1418110 2418.4
1418120 2418.4
1418130 2412.8
1418140 2406.9
1418150 2406.9
1418160 2401.4
1418170 2396.8
1418180 2396.8
1418190 2391.3
1418200 2385.4
1418210 2385.4
1418220 2380.0
1418230 2374.9
1418240 2374.9
1418250 2369.7
1418260 2364.5
1418270 2359.7
1418280 2359.7
1418290 2354.3
1418300 2350.2
1418310 2350.2
1418320 2346.5
1418330 2343.2
1418340 2343.2
1418350 2340.5
1418360 2338.5
1418370 2338.5
1418380 2336.7
1418390 2334.9
1418400 2334.9
1418410 2333.0
1418420 2330.5
1418430 2330.5
1418440 2331.4
1418450 2329.4
1418460 2326.5
1418470 2326.5
1418480 2323.8
1418490 2321.0
1418500 2321.0
1418510 2317.8
1418520 2314.4
1418530 2314.4
1418540 2311.2
1418550 2307.7
1418560 2307.7
1418570 2304.0
1418580 2300.2
1418590 2300.2
1418600 2296.9
1418610 2294.2
1418620 2294.2
1418630 2290.7
1418640 2287.5
1418650 2283.5
1418660 2283.5
1418670 2279.8
1418680 2276.2
1418690 2276.2
1418700 2272.7
1418710 2268.9
1418720 2268.9
1418730 2264.7
1418740 2261.3
1418750 2261.3
1418760 2259.1
1418770 2256.7
1418780 2256.7
1418790 2255.3
1418800 2254.1
1418810 2254.1
1418820 2251.9
1418830 2249.5
1418840 2247.4
1418850 2247.4
1418860 2244.1
1418870 2241.7
1418880 2241.7
1418890 2240.7
1418900 2239.1
1418910 2239.1
1418920 2235.8
1418930 2233.9
1418940 2233.9
1418950 2233.3
1418960 2233.1
1418970 2233.1
1418980 2232.7
1418990 2231.7
1419000 2231.7
1419010 2231.0
1419020 2229.9
1419030 2229.1
1419040 2229.1
1419050 2228.2
1419060 2227.7
1419070 2227.7
1419080 2227.7
1419090 2227.4
1419100 2227.4
1419110 2227.3
1419120 2227.2
1419130 2227.2
1419140 2227.2
1419150 2227.2
1419160 2227.2
1419170 2226.8
1419180 2226.1
1419190 2226.1
1419200 2224.5
1419210 2223.1
1419220 2222.1
1419230 2222.1
1419240 2221.7
1419250 2221.4
1419260 2221.4
1419270 2219.3
1419280 2216.8
1419290 2216.8
1419300 2215.6
1419310 2215.1
1419320 2215.1
1419330 2214.6
1419340 2214.1
1419350 2214.1
1419360 2213.5
1419370 2212.7
1419380 2212.7
1419390 2211.8
1419400 2210.9
1419410 2210.2
1419420 2210.2
1419430 2209.7
1419440 2209.2
1419450 2209.2
1419460 2208.4
1419470 2207.5
1419480 2207.5
1419490 2206.8
1419500 2205.6
1419510 2205.6
1419520 2203.7
1419530 2201.8
1419540 2201.8
1419550 2200.4
1419560 2199.0
1419570 2199.0
1419580 2197.9
1419590 2196.9
1419600 2195.9
1419610 2195.9
1419620 2195.2
1419630 2195.2
1419640 2195.2
1419650 2195.2
1419660 2195.4
1419670 2195.4
1419680 2195.5
1419690 2195.6
1419700 2195.6
1419710 2195.5
1419720 2195.1
1419730 2195.1
1419740 2194.0
1419750 2194.2
1419760 2194.2
1419770 2194.4
1419780 2194.5
1419790 2195.9
1419800 2195.9
1419810 2195.3
1419820 2192.2
1419830 2192.2
1419840 2187.5
1419850 2185.2
1419860 2185.2
1419870 2184.1
1419880 2183.0
1419890 2183.0
1419900 2181.2
1419910 2179.5
1419920 2179.5
1419930 2178.5
1419940 2177.0
1419950 2177.0
1419960 2174.8
1419970 2173.0
1419980 2171.3
1419990 2171.3
