1400000 1485.2
1400010 1485.2
1400020 1486.4
1400030 1487.8
1400040 1487.8
1400050 1488.9
1400060 1489.2
1400070 1489.2
1400080 1488.0
1400090 1486.6
1400100 1486.6
1400110 1485.2
1400120 1484.0
1400130 1483.2
1400140 1483.2
1400150 1483.1
1400160 1482.7
1400170 1482.7
1400180 1481.5
1400190 1480.6
1400200 1480.6
1400210 1481.8
1400220 1483.4
1400230 1483.4
1400240 1484.1
1400250 1484.8
1400260 1484.8
1400270 1485.8
1400280 1485.8
1400290 1485.8
1400300 1485.5
1400310 1485.9
1400320 1486.7
1400330 1486.7
1400340 1486.7
1400350 1486.9
1400360 1486.9
1400370 1487.3
1400380 1488.3
1400390 1488.3
1400400 1489.6
1400410 1490.4
1400420 1490.4
1400430 1491.2
1400440 1491.4
1400450 1491.4
1400460 1491.4
1400470 1491.7
1400480 1491.7
1400490 1491.4
1400500 1490.3
1400510 1489.9
1400520 1489.9
1400530 1489.1
1400540 1489.5
1400550 1489.5
1400560 1490.5
1400570 1491.0
1400580 1491.0
1400590 1491.0
1400600 1489.4
1400610 1489.4
1400620 1487.1
1400630 1484.4
1400640 1484.4
1400650 1481.6
1400660 1477.8
1400670 1477.8
1400680 1472.7
1400690 1465.8
1400700 1457.8
1400710 1457.8
1400720 1451.7
1400730 1446.7
1400740 1446.7
1400750 1442.6
1400760 1438.3
1400770 1438.3
1400780 1433.2
1400790 1426.8
1400800 1426.8
1400810 1420.8
1400820 1415.1
1400830 1415.1
1400840 1410.5
1400850 1406.8
1400860 1406.8
1400870 1402.2
1400880 1397.5
1400890 1392.5
1400900 1392.5
1400910 1388.5
1400920 1385.3
1400930 1385.3
1400940 1382.7
1400950 1380.1
1400960 1380.1
1400970 1377.6
1400980 1375.0
1400990 1375.0
1401000 1372.3
1401010 1370.5
1401020 1370.5
1401030 1368.6
1401040 1366.9
1401050 1366.9
1401060 1364.9
1401070 1362.3
1401080 1358.3
1401090 1358.3
1401100 1354.9
1401110 1352.3
1401120 1352.3
1401130 1349.3
1401140 1346.0
1401150 1346.0
1401160 1342.3
1401170 1338.7
1401180 1338.7
1401190 1334.8
1401200 1330.0
1401210 1330.0
1401220 1324.7
1401230 1319.5
1401240 1319.5
1401250 1315.4
1401260 1312.5
1401270 1310.1
1401280 1310.1
1401290 1307.1
1401300 1302.6
1401310 1302.6
1401320 1298.7
1401330 1292.4
1401340 1292.4
1401350 1285.9
1401360 1279.1
1401370 1279.1
1401380 1270.8
1401390 1258.5
1401400 1258.5
1401410 1245.7
1401420 1233.0
1401430 1233.0
1401440 1227.7
1401450 1218.5
1401460 1210.7
1401470 1210.7
1401480 1211.4
1401490 1212.2
1401500 1212.2
1401510 1209.1
1401520 1202.6
1401530 1202.6
1401540 1195.1
1401550 1192.4
1401560 1192.4
1401570 1191.5
1401580 1188.7
1401590 1188.7
1401600 1185.8
1401610 1183.1
1401620 1183.1
1401630 1179.2
1401640 1174.5
1401650 1168.8
1401660 1168.8
1401670 1160.0
1401680 1148.9
1401690 1148.9
1401700 1150.1
1401710 1150.3
1401720 1150.3
1401730 1149.9
1401740 1150.0
1401750 1150.0
1401760 1147.4
1401770 1142.3
1401780 1142.3
1401790 1139.4
1401800 1131.3
1401810 1131.3
1401820 1122.7
1401830 1118.6
1401840 1113.9
1401850 1113.9
1401860 1108.6
1401870 1105.9
1401880 1105.9
1401890 1104.8
1401900 1101.9
1401910 1101.9
1401920 1097.7
1401930 1093.9
1401940 1093.9
1401950 1090.5
1401960 1087.5
1401970 1087.5
1401980 1085.0
1401990 1082.5
1402000 1082.5
1402010 1079.7
1402020 1077.3
1402030 1074.7
1402040 1074.7
1402050 1071.5
1402060 1065.9
1402070 1065.9
1402080 1060.4
1402090 1056.2
1402100 1056.2
1402110 1052.8
1402120 1050.0
1402130 1050.0
1402140 1047.9
1402150 1044.8
1402160 1044.8
1402170 1041.0
1402180 1035.8
1402190 1035.8
1402200 1030.3
1402210 1025.6
1402220 1021.3
1402230 1021.3
1402240 1017.6
1402250 1013.2
1402260 1013.2
1402270 1008.7
1402280 1004.4
1402290 1004.4
1402300 1000.3
1402310 996.3
1402320 996.3
1402330 992.5
1402340 987.8
1402350 987.8
1402360 983.9
1402370 980.6
1402380 980.6
1402390 977.5
1402400 975.1
1402410 972.3
1402420 972.3
1402430 968.8
1402440 965.5
1402450 965.5
1402460 962.6
1402470 959.5
1402480 959.5
1402490 956.5
1402500 953.9
1402510 953.9
1402520 952.4
1402530 950.4
1402540 950.4
1402550 947.6
1402560 942.3
1402570 942.3
1402580 938.2
1402590 935.0
1402600 929.3
1402610 929.3
1402620 921.0
1402630 915.9
1402640 915.9
1402650 913.7
1402660 911.1
1402670 911.1
1402680 907.2
1402690 903.0
1402700 903.0
1402710 898.8
1402720 894.7
1402730 894.7
1402740 889.8
1402750 884.3
1402760 884.3
1402770 879.4
1402780 875.1
1402790 869.9
1402800 869.9
1402810 864.2
1402820 859.1
1402830 859.1
1402840 855.2
1402850 851.1
1402860 851.1
1402870 846.3
1402880 842.0
1402890 842.0
1402900 839.1
1402910 837.3
1402920 837.3
1402930 834.6
1402940 830.0
1402950 830.0
1402960 826.3
1402970 821.6
1402980 817.7
1402990 817.7
1403000 813.3
1403010 808.6
1403020 808.6
1403030 802.6
1403040 795.3
1403050 795.3
1403060 784.7
1403070 773.5
1403080 773.5
1403090 770.5
1403100 770.3
1403110 770.3
1403120 770.1
1403130 770.0
1403140 770.0
1403150 770.1
1403160 770.6
1403170 770.6
1403180 771.0
1403190 771.4
1403200 771.7
1403210 771.7
1403220 771.7
1403230 771.5
1403240 771.5
1403250 771.1
1403260 770.9
1403270 770.9
1403280 770.9
1403290 770.8
1403300 770.8
1403310 770.9
1403320 770.6
1403330 770.6
1403340 767.9
1403350 766.5
1403360 766.5
1403370 766.4
1403380 766.5
1403390 766.7
1403400 766.7
1403410 766.4
1403420 766.7
1403430 766.7
1403440 767.3
1403450 767.5
1403460 767.5
1403470 767.4
1403480 768.7
1403490 768.7
1403500 770.5
1403510 771.5
1403520 771.5
1403530 771.6
1403540 771.2
1403550 771.2
1403560 770.1
1403570 769.1
1403580 768.7
1403590 768.7
1403600 768.5
1403610 768.4
1403620 768.4
1403630 768.3
1403640 768.1
1403650 768.1
1403660 767.9
1403670 767.8
1403680 767.8
1403690 767.7
1403700 767.7
1403710 767.7
1403720 767.6
1403730 767.5
1403740 767.5
1403750 767.4
1403760 767.3
1403770 767.3
1403780 767.3
1403790 767.9
1403800 767.9
1403810 767.9
1403820 767.4
1403830 770.4
1403840 770.4
1403850 776.3
1403860 784.3
1403870 784.3
1403880 792.0
1403890 797.7
1403900 797.7
1403910 803.5
1403920 808.8
1403930 808.8
1403940 813.6
1403950 818.3
1403960 819.9
1403970 819.9
1403980 821.0
1403990 821.6
1404000 821.6
1404010 822.6
1404020 824.9
1404030 824.9
1404040 827.5
1404050 830.8
1404060 830.8
1404070 835.5
1404080 839.9
1404090 839.9
1404100 843.3
1404110 847.4
1404120 847.4
1404130 852.1
1404140 856.7
1404150 860.0
1404160 860.0
1404170 863.8
1404180 856.9
1404190 856.9
1404200 858.7
1404210 864.3
1404220 864.3
1404230 871.2
1404240 876.4
1404250 876.4
1404260 880.0
1404270 884.1
1404280 884.1
1404290 887.7
1404300 890.5
1404310 890.5
1404320 893.2
1404330 896.2
1404340 900.3
1404350 900.3
1404360 904.7
1404370 908.6
1404380 908.6
1404390 912.5
1404400 915.4
1404410 915.4
1404420 919.4
1404430 926.7
1404440 926.7
1404450 938.3
1404460 966.0
1404470 966.0
1404480 983.5
1404490 992.8
1404500 992.8
1404510 999.2
1404520 1002.4
1404530 998.6
1404540 998.6
1404550 997.3
1404560 1000.5
1404570 1000.5
1404580 1006.2
1404590 1012.9
1404600 1012.9
1404610 1018.2
1404620 1021.0
1404630 1021.0
1404640 1023.9
1404650 1030.4
1404660 1030.4
1404670 1038.9
1404680 1050.0
1404690 1050.0
1404700 1064.9
1404710 1076.1
1404720 1076.8
1404730 1076.8
1404740 1078.5
1404750 1082.8
1404760 1082.8
1404770 1087.6
1404780 1090.7
1404790 1090.7
1404800 1094.4
1404810 1098.0
1404820 1098.0
1404830 1101.9
1404840 1106.4
1404850 1106.4
1404860 1111.6
1404870 1118.1
1404880 1118.1
1404890 1124.3
1404900 1130.0
1404910 1137.8
1404920 1137.8
1404930 1146.9
1404940 1154.6
1404950 1154.6
1404960 1167.8
1404970 1183.6
1404980 1183.6
1404990 1202.4
1405000 1212.1
1405010 1212.1
1405020 1216.7
1405030 1222.8
1405040 1222.8
1405050 1231.1
1405060 1238.6
1405070 1238.6
1405080 1245.4
1405090 1253.7
1405100 1261.2
1405110 1261.2
1405120 1267.4
1405130 1273.1
1405140 1273.1
1405150 1277.7
1405160 1282.7
1405170 1282.7
1405180 1291.4
1405190 1299.2
1405200 1299.2
1405210 1306.5
1405220 1313.3
1405230 1313.3
1405240 1315.1
1405250 1315.2
1405260 1315.2
1405270 1316.8
1405280 1319.8
1405290 1322.0
1405300 1322.0
1405310 1325.3
1405320 1331.0
1405330 1331.0
1405340 1338.1
1405350 1346.1
1405360 1346.1
1405370 1353.8
1405380 1361.2
1405390 1361.2
1405400 1366.4
1405410 1372.0
1405420 1372.0
1405430 1376.7
1405440 1379.8
1405450 1379.8
1405460 1383.2
1405470 1384.6
1405480 1386.5
1405490 1386.5
1405500 1389.9
1405510 1390.4
1405520 1390.4
1405530 1388.0
1405540 1379.1
1405550 1379.1
1405560 1368.9
1405570 1363.5
1405580 1363.5
1405590 1363.1
1405600 1364.0
1405610 1364.0
1405620 1364.1
1405630 1365.3
1405640 1365.3
1405650 1365.8
1405660 1366.2
1405670 1367.2
1405680 1367.2
1405690 1367.9
1405700 1368.3
1405710 1368.3
1405720 1369.7
1405730 1372.4
1405740 1372.4
1405750 1375.6
1405760 1378.2
1405770 1375.2
1405780 1380.3
1405790 1384.8
1405800 1384.8
1405810 1388.5
1405820 1393.0
1405830 1393.0
1405840 1397.6
1405850 1402.4
1405860 1407.0
1405870 1407.0
1405880 1410.7
1405890 1413.4
1405900 1413.4
1405910 1415.3
1405920 1418.0
1405930 1418.0
1405940 1419.7
1405950 1419.8
1405960 1419.8
1405970 1417.3
1405980 1410.8
1405990 1410.8
1406000 1403.4
1406010 1396.7
1406020 1396.7
1406030 1390.1
1406040 1385.3
1406050 1383.0
1406060 1383.0
1406070 1381.1
1406080 1377.0
1406090 1377.0
1406100 1369.6
1406110 1359.8
1406120 1359.8
1406130 1352.8
1406140 1347.6
1406150 1347.6
1406160 1343.1
1406170 1339.3
1406180 1339.3
1406190 1336.4
1406200 1335.0
1406210 1335.0
1406220 1334.7
1406230 1334.7
1406240 1336.1
1406250 1336.1
1406260 1336.7
1406270 1333.3
1406280 1333.3
1406290 1326.6
1406300 1322.4
1406310 1322.4
1406320 1324.0
1406330 1327.7
1406340 1327.7
1406350 1332.2
1406360 1337.1
1406370 1337.1
1406380 1342.1
1406390 1348.2
1406400 1348.2
1406410 1354.2
1406420 1356.2
1406430 1358.6
1406440 1358.6
1406450 1362.7
1406460 1366.1
1406470 1366.1
1406480 1366.9
1406490 1365.9
1406500 1365.9
1406510 1363.6
1406520 1360.4
1406530 1360.4
1406540 1357.8
1406550 1355.2
1406560 1355.2
1406570 1352.5
1406580 1349.8
1406590 1349.8
1406600 1347.4
1406610 1344.1
1406620 1344.1
1406630 1343.0
1406640 1343.7
1406650 1345.5
1406660 1345.5
1406670 1349.6
1406680 1355.5
1406690 1355.5
1406700 1359.6
1406710 1360.0
1406720 1360.0
1406730 1357.7
1406740 1356.6
1406750 1356.6
1406760 1356.1
1406770 1355.6
1406780 1355.6
1406790 1355.1
1406800 1355.4
1406810 1355.4
1406820 1357.4
1406830 1360.5
1406840 1364.1
1406850 1364.1
1406860 1366.7
1406870 1367.8
1406880 1367.8
1406890 1368.5
1406900 1369.9
1406910 1369.9
1406920 1372.9
1406930 1377.8
1406940 1377.8
1406950 1383.3
1406960 1386.9
1406970 1386.9
1406980 1389.2
1406990 1393.5
1407000 1393.5
1407010 1398.8
1407020 1404.3
1407030 1407.8
1407040 1407.8
1407050 1408.3
1407060 1408.2
1407070 1408.2
1407080 1407.6
1407090 1409.9
1407100 1409.9
1407110 1413.6
1407120 1419.8
1407130 1419.8
1407140 1427.3
1407150 1433.4
1407160 1433.4
1407170 1439.5
1407180 1446.0
1407190 1446.0
1407200 1451.8
1407210 1458.2
1407220 1466.1
1407230 1466.1
1407240 1473.8
1407250 1480.6
1407260 1480.6
1407270 1485.7
1407280 1490.4
1407290 1490.4
1407300 1495.5
1407310 1500.0
1407320 1500.0
1407330 1505.3
1407340 1510.7
1407350 1510.7
1407360 1515.8
1407370 1521.9
1407380 1521.9
1407390 1524.6
1407400 1530.5
1407410 1537.5
1407420 1537.5
1407430 1544.8
1407440 1550.6
1407450 1550.6
1407460 1555.1
1407470 1558.6
1407480 1558.6
1407490 1562.2
1407500 1566.1
1407510 1566.1
1407520 1568.8
1407530 1569.8
1407540 1569.8
1407550 1570.2
1407560 1571.4
1407570 1571.4
1407580 1572.2
1407590 1574.9
1407600 1578.9
1407610 1578.9
1407620 1582.3
1407630 1584.5
1407640 1584.5
1407650 1585.3
1407660 1586.3
1407670 1586.3
1407680 1586.8
1407690 1587.3
1407700 1587.3
1407710 1589.6
1407720 1592.0
1407730 1592.0
1407740 1593.2
1407750 1594.8
1407760 1594.8
1407770 1597.3
1407780 1600.0
1407790 1603.1
1407800 1603.1
1407810 1606.5
1407820 1609.4
1407830 1609.4
1407840 1612.3
1407850 1615.2
1407860 1615.2
1407870 1617.6
1407880 1620.2
1407890 1620.2
1407900 1622.6
1407910 1625.5
1407920 1625.5
1407930 1627.1
1407940 1628.5
1407950 1628.5
1407960 1630.5
1407970 1633.2
1407980 1636.1
1407990 1636.1
1408000 1638.7
1408010 1640.9
1408020 1640.9
1408030 1641.2
1408040 1640.9
1408050 1640.9
1408060 1641.8
1408070 1643.1
1408080 1643.1
1408090 1644.7
1408100 1648.4
1408110 1648.4
1408120 1653.2
1408130 1657.7
1408140 1657.7
1408150 1662.2
1408160 1666.5
1408170 1669.5
1408180 1669.5
1408190 1671.4
1408200 1674.2
1408210 1674.2
1408220 1677.2
1408230 1681.0
1408240 1681.0
1408250 1686.3
1408260 1691.9
1408270 1691.9
1408280 1695.6
1408290 1698.4
1408300 1698.4
1408310 1700.7
1408320 1703.3
1408330 1703.3
1408340 1705.8
1408350 1707.5
1408360 1709.6
1408370 1709.6
1408380 1712.3
1408390 1713.9
1408400 1713.9
1408410 1716.8
1408420 1720.7
1408430 1720.7
1408440 1722.6
1408450 1723.8
1408460 1723.8
1408470 1724.9
1408480 1726.5
1408490 1726.5
1408500 1727.8
1408510 1730.2
1408520 1730.2
1408530 1734.0
1408540 1738.2
1408550 1742.1
1408560 1742.1
1408570 1746.1
1408580 1749.8
1408590 1749.8
1408600 1753.1
1408610 1756.0
1408620 1756.0
1408630 1759.3
1408640 1762.1
1408650 1762.1
1408660 1764.8
1408670 1768.8
1408680 1768.8
1408690 1772.3
1408700 1775.0
1408710 1775.0
1408720 1777.5
1408730 1780.5
1408740 1783.8
1408750 1783.8
1408760 1785.8
1408770 1788.6
1408780 1788.6
1408790 1790.9
1408800 1791.6
1408810 1791.6
1408820 1792.7
1408830 1794.1
1408840 1794.1
1408850 1795.5
1408860 1798.1
1408870 1798.1
1408880 1801.3
1408890 1803.8
1408900 1803.8
1408910 1805.2
1408920 1804.6
1408930 1802.4
1408940 1802.4
1408950 1799.8
1408960 1797.5
1408970 1797.5
1408980 1794.9
1408990 1790.7
1409000 1790.7
1409010 1785.3
1409020 1782.3
1409030 1782.3
1409040 1775.1
1409050 1774.9
1409060 1774.9
1409070 1771.2
1409080 1766.3
1409090 1766.3
1409100 1760.3
1409110 1754.4
1409120 1752.5
1409130 1752.5
1409140 1751.6
1409150 1749.4
1409160 1749.4
1409170 1747.4
1409180 1744.6
1409190 1744.6
1409200 1739.9
1409210 1735.7
1409220 1735.7
1409230 1732.6
1409240 1732.8
1409250 1732.8
1409260 1735.3
1409270 1737.9
1409280 1737.9
1409290 1740.7
1409300 1740.1
1409310 1738.2
1409320 1738.2
1409330 1737.8
1409340 1739.3
1409350 1739.3
1409360 1742.5
1409370 1746.2
1409380 1746.2
1409390 1749.8
1409400 1752.7
1409410 1752.7
1409420 1754.6
1409430 1755.4
1409440 1755.4
1409450 1755.8
1409460 1754.5
1409470 1754.5
1409480 1751.9
1409490 1749.7
1409500 1747.3
1409510 1747.3
1409520 1744.5
1409530 1740.4
1409540 1740.4
1409550 1733.8
1409560 1726.4
1409570 1726.4
1409580 1718.9
1409590 1712.2
1409600 1712.2
1409610 1708.9
1409620 1706.7
1409630 1706.7
1409640 1707.4
1409650 1706.3
1409660 1706.3
1409670 1706.3
1409680 1706.2
1409690 1707.4
1409700 1707.4
1409710 1712.7
1409720 1717.8
1409730 1717.8
1409740 1721.9
1409750 1725.1
1409760 1725.1
1409770 1728.1
1409780 1731.4
1409790 1731.4
1409800 1730.7
1409810 1726.2
1409820 1726.2
1409830 1723.7
1409840 1724.3
1409850 1724.3
1409860 1726.5
1409870 1731.5
1409880 1733.2
1409890 1733.2
1409900 1732.7
1409910 1730.1
1409920 1730.1
1409930 1723.8
1409940 1721.3
1409950 1721.3
1409960 1726.0
1409970 1727.5
1409980 1727.5
1409990 1725.1
1410000 1722.1
1410010 1722.1
1410020 1719.2
1410030 1716.8
1410040 1716.8
1410050 1715.4
1410060 1712.6
1410070 1712.6
1410080 1710.8
1410090 1708.7
1410100 1709.4
1410110 1709.4
1410120 1709.6
1410130 1711.5
1410140 1711.5
1410150 1714.3
1410160 1719.3
1410170 1719.3
1410180 1722.2
1410190 1724.9
1410200 1724.9
1410210 1727.8
1410220 1731.1
1410230 1731.1
1410240 1734.6
1410250 1739.0
1410260 1739.0
1410270 1744.3
1410280 1749.5
1410290 1755.3
1410300 1755.3
1410310 1760.9
1410320 1766.0
1410330 1766.0
1410340 1771.7
1410350 1777.5
1410360 1777.5
1410370 1782.9
1410380 1788.6
1410390 1788.6
1410400 1794.1
1410410 1799.0
1410420 1799.0
1410430 1804.5
1410440 1810.0
1410450 1810.0
1410460 1815.5
1410470 1820.2
1410480 1826.7
1410490 1826.7
1410500 1833.6
1410510 1840.1
1410520 1840.1
1410530 1846.0
1410540 1851.8
1410550 1851.8
1410560 1857.4
1410570 1862.6
1410580 1862.6
1410590 1868.0
1410600 1873.4
1410610 1873.4
1410620 1878.7
1410630 1884.2
1410640 1884.2
1410650 1889.5
1410660 1894.4
1410670 1898.9
1410680 1898.9
1410690 1903.2
1410700 1907.7
1410710 1907.7
1410720 1911.7
1410730 1915.6
1410740 1920.6
1410750 1924.6
1410760 1928.3
1410770 1928.3
1410780 1933.4
1410790 1940.0
1410800 1940.0
1410810 1947.4
1410820 1955.5
1410830 1955.5
1410840 1963.4
1410850 1971.9
1410860 1983.3
1410870 1983.3
1410880 1994.7
1410890 1999.7
1410900 1999.7
1410910 2005.1
1410920 2014.1
1410930 2014.1
1410940 2013.4
1410950 2013.5
1410960 2013.5
1410970 2016.9
1410980 2028.2
1410990 2028.2
1411000 2036.9
1411010 2053.9
1411020 2053.9
1411030 2066.0
1411040 2075.9
1411050 2084.5
1411060 2084.5
1411070 2092.4
1411080 2100.4
1411090 2100.4
1411100 2108.4
1411110 2117.2
1411120 2117.2
1411130 2127.1
1411140 2136.4
1411150 2136.4
1411160 2146.4
1411170 2155.7
1411180 2155.7
1411190 2164.1
1411200 2173.0
1411210 2173.0
1411220 2181.8
1411230 2193.4
1411240 2205.7
1411250 2205.7
1411260 2217.1
1411270 2222.5
1411280 2222.5
1411290 2222.1
1411300 2229.8
1411310 2229.8
1411320 2236.6
1411330 2233.9
1411340 2233.9
1411350 2229.0
1411360 2225.0
1411370 2225.0
1411380 2223.9
1411390 2230.9
1411400 2230.9
1411410 2237.0
1411420 2237.7
1411430 2254.7
1411440 2254.7
1411450 2264.5
1411460 2264.1
1411470 2264.1
1411480 2259.0
1411490 2251.9
1411500 2251.9
1411510 2244.9
1411520 2241.6
1411530 2241.6
1411540 2253.0
1411550 2265.4
1411560 2265.4
1411570 2267.5
1411580 2273.1
1411590 2273.1
1411600 2279.7
1411610 2297.2
1411620 2315.9
1411630 2315.9
1411640 2315.4
1411650 2309.9
1411660 2309.9
1411670 2303.5
1411680 2299.0
1411690 2299.0
1411700 2296.9
1411710 2296.2
1411720 2296.2
1411730 2298.5
1411740 2297.9
1411750 2297.9
1411760 2297.8
1411770 2300.7
1411780 2300.7
1411790 2305.0
1411800 2309.7
1411810 2311.7
1411820 2311.7
1411830 2314.4
1411840 2318.0
1411850 2318.0
1411860 2319.4
1411870 2318.6
1411880 2318.6
1411890 2317.3
1411900 2316.0
1411910 2316.0
1411920 2314.6
1411930 2313.3
1411940 2313.3
1411950 2314.2
1411960 2318.8
1411970 2318.8
1411980 2325.8
1411990 2323.2
1412000 2320.3
1412010 2320.3
1412020 2320.8
1412030 2320.7
1412040 2320.7
1412050 2321.6
1412060 2322.8
1412070 2322.8
1412080 2323.6
1412090 2323.6
1412100 2323.6
1412110 2323.1
1412120 2324.2
1412130 2324.2
1412140 2326.5
1412150 2329.4
1412160 2329.4
1412170 2333.9
1412180 2339.7
1412190 2348.5
1412200 2348.5
1412210 2358.4
1412220 2368.5
1412230 2368.5
1412240 2378.4
1412250 2387.1
1412260 2387.1
1412270 2397.1
1412280 2402.7
1412290 2402.7
1412300 2396.2
1412310 2386.6
1412320 2386.6
1412330 2379.6
1412340 2372.5
1412350 2372.5
1412360 2364.6
1412370 2356.4
1412380 2347.9
1412390 2347.9
1412400 2339.7
1412410 2334.3
1412420 2334.3
1412430 2332.1
1412440 2338.9
1412450 2338.9
1412460 2348.0
1412470 2353.2
1412480 2353.2
1412490 2349.6
1412500 2348.9
1412510 2348.9
1412520 2347.1
1412530 2347.3
1412540 2347.3
1412550 2348.6
1412560 2352.6
1412570 2350.9
1412580 2350.9
1412590 2346.3
1412600 2345.1
1412610 2345.1
1412620 2343.9
1412630 2349.1
1412640 2349.1
1412650 2356.7
1412660 2364.8
1412670 2364.8
1412680 2368.5
1412690 2358.8
1412700 2358.8
1412710 2349.5
1412720 2345.3
1412730 2345.3
1412740 2341.5
1412750 2338.3
1412760 2335.6
1412770 2335.6
1412780 2335.7
1412790 2334.0
1412800 2334.0
1412810 2333.1
1412820 2333.2
1412830 2333.2
1412840 2332.7
1412850 2336.9
1412860 2336.9
1412870 2341.8
1412880 2337.5
1412890 2337.5
1412900 2332.5
1412910 2329.6
1412920 2329.6
1412930 2325.8
1412940 2325.7
1412950 2329.6
1412960 2329.6
1412970 2338.3
1412980 2349.1
1412990 2349.1
1413000 2356.9
1413010 2354.8
1413020 2354.8
1413030 2349.4
1413040 2349.2
1413050 2349.2
1413060 2350.1
1413070 2353.4
1413080 2353.4
1413090 2360.4
1413100 2362.1
1413110 2362.1
1413120 2360.7
1413130 2358.8
1413140 2351.9
1413150 2351.9
1413160 2346.5
1413170 2343.1
1413180 2343.1
1413190 2343.5
1413200 2346.0
1413210 2346.0
1413220 2349.0
1413230 2351.7
1413240 2351.7
1413250 2354.2
1413260 2355.7
1413270 2355.7
1413280 2355.4
1413290 2353.3
1413300 2353.3
1413310 2350.4
1413320 2348.5
1413330 2350.6
1413340 2350.6
1413350 2352.3
1413360 2352.9
1413370 2352.9
1413380 2355.5
1413390 2358.2
1413400 2358.2
1413410 2361.3
1413420 2364.5
1413430 2364.5
1413440 2365.0
1413450 2367.1
1413460 2367.1
1413470 2370.9
1413480 2374.3
1413490 2374.3
1413500 2377.3
1413510 2379.4
1413520 2380.2
1413530 2380.2
1413540 2379.7
1413550 2381.2
1413560 2381.2
1413570 2385.1
1413580 2390.1
1413590 2390.1
1413600 2395.4
1413610 2400.4
1413620 2400.4
1413630 2406.1
1413640 2412.8
1413650 2412.8
1413660 2420.9
1413670 2431.8
1413680 2431.8
1413690 2448.1
1413700 2469.4
1413710 2469.4
1413720 2477.3
1413730 2486.3
1413740 2494.6
1413750 2494.6
1413760 2500.8
1413770 2508.1
1413780 2508.1
1413790 2519.6
1413800 2528.5
1413810 2528.5
1413820 2536.4
1413830 2544.5
1413840 2544.5
1413850 2553.0
1413860 2561.1
1413870 2561.1
1413880 2569.8
1413890 2579.1
1413900 2579.1
1413910 2590.9
1413920 2602.0
1413930 2615.6
1413940 2615.6
1413950 2633.1
1413960 2642.0
1413970 2642.0
1413980 2649.4
1413990 2639.6
1414000 2639.6
1414010 2623.8
1414020 2611.8
1414030 2611.8
1414040 2603.5
1414050 2596.1
1414060 2596.1
1414070 2588.2
1414080 2580.7
1414090 2580.7
1414100 2574.6
1414110 2572.4
1414120 2568.3
1414130 2568.3
1414140 2560.3
1414150 2554.0
1414160 2554.0
1414170 2543.8
1414180 2536.3
1414190 2536.3
1414200 2531.9
1414210 2527.3
1414220 2527.3
1414230 2524.7
1414240 2529.6
1414250 2529.6
1414260 2530.0
1414270 2530.1
1414280 2530.1
1414290 2530.5
1414300 2530.8
1414310 2530.8
1414320 2530.8
1414330 2530.7
1414340 2530.5
1414350 2530.5
1414360 2530.7
1414370 2531.0
1414380 2531.0
1414390 2531.6
1414400 2532.2
1414410 2532.2
1414420 2533.1
1414430 2534.6
1414440 2534.6
1414450 2537.4
1414460 2540.2
1414470 2540.2
1414480 2542.7
1414490 2545.3
1414500 2548.7
1414510 2548.7
1414520 2552.5
1414530 2556.8
1414540 2556.8
1414550 2561.6
1414560 2566.6
1414570 2566.6
1414580 2571.7
1414590 2577.4
1414600 2577.4
1414610 2584.2
1414620 2591.7
1414630 2591.7
1414640 2600.5
1414650 2614.7
1414660 2614.7
1414670 2624.8
1414680 2632.0
1414690 2636.5
1414700 2636.5
1414710 2666.3
1414720 2699.1
1414730 2699.1
1414740 2723.9
1414750 2741.2
1414760 2741.2
1414770 2737.2
1414780 2727.3
1414790 2727.3
1414800 2712.5
1414810 2700.9
1414820 2700.9
1414830 2691.7
1414840 2692.6
1414850 2692.6
1414860 2695.6
1414870 2699.5
1414880 2704.0
1414890 2704.0
1414900 2708.6
1414910 2713.7
1414920 2713.7
1414930 2719.4
1414940 2728.9
1414950 2728.9
1414960 2744.6
1414970 2753.4
1414980 2753.4
1414990 2764.5
1415000 2791.8
1415010 2791.8
1415020 2822.4
1415030 2837.6
1415040 2837.6
1415050 2864.9
1415060 2923.9
1415070 2950.9
1415080 2950.9
1415090 2965.4
1415100 2981.4
1415110 2981.4
1415120 2996.8
1415130 3008.7
1415140 3008.7
1415150 3011.4
1415160 3007.1
1415170 3007.1
1415180 3003.8
1415190 3001.4
1415200 3001.4
1415210 3001.1
1415220 3000.1
1415230 3000.1
1415240 2997.1
1415250 2994.8
1415260 2989.8
1415270 2989.8
1415280 2983.4
1415290 2977.6
1415300 2977.6
1415310 2972.1
1415320 2967.7
1415330 2967.7
1415340 2963.3
1415350 2957.9
1415360 2957.9
1415370 2953.0
1415380 2949.8
1415390 2949.8
1415400 2945.6
1415410 2941.3
1415420 2941.3
1415430 2937.4
1415440 2934.4
1415450 2931.9
1415460 2931.9
1415470 2929.7
1415480 2929.0
1415490 2929.0
1415500 2926.1
1415510 2919.2
1415520 2919.2
1415530 2909.7
1415540 2900.0
1415550 2900.0
1415560 2891.9
1415570 2885.1
1415580 2885.1
1415590 2881.0
1415600 2877.7
1415610 2877.7
1415620 2877.9
1415630 2883.5
1415640 2888.9
1415650 2888.9
1415660 2892.3
1415670 2898.7
1415680 2898.7
1415690 2907.9
1415700 2917.9
1415710 2917.9
1415720 2927.3
1415730 2934.3
1415740 2934.3
1415750 2938.7
1415760 2939.8
1415770 2939.8
1415780 2938.9
1415790 2937.4
1415800 2937.4
1415810 2936.6
1415820 2935.5
1415830 2931.3
1415840 2931.3
1415850 2926.1
1415860 2920.7
1415870 2920.7
1415880 2914.4
1415890 2908.2
1415900 2908.2
1415910 2901.0
1415920 2894.7
1415930 2894.7
1415940 2888.4
1415950 2881.9
1415960 2881.9
1415970 2875.5
1415980 2869.3
1415990 2869.3
1416000 2862.9
1416010 2856.5
1416020 2851.4
1416030 2851.4
1416040 2845.2
1416050 2839.6
1416060 2832.0
1416070 2827.4
1416080 2821.1
1416090 2821.1
1416100 2816.4
1416110 2811.6
1416120 2811.6
1416130 2807.2
1416140 2802.4
1416150 2802.4
1416160 2796.4
1416170 2791.7
1416180 2791.7
1416190 2788.1
1416200 2782.7
1416210 2780.3
1416220 2780.3
1416230 2778.2
1416240 2777.4
1416250 2777.4
1416260 2781.4
1416270 2783.0
1416280 2783.0
1416290 2786.9
1416300 2793.0
1416310 2793.0
1416320 2796.0
1416330 2796.2
1416340 2796.2
1416350 2796.5
1416360 2796.8
1416370 2796.8
1416380 2798.8
1416390 2798.1
1416400 2793.8
1416410 2793.8
1416420 2789.4
1416430 2784.0
1416440 2784.0
1416450 2777.0
1416460 2770.9
1416470 2770.9
1416480 2764.1
1416490 2761.0
1416500 2761.0
1416510 2762.7
1416520 2765.5
1416530 2765.5
1416540 2766.4
1416550 2765.2
1416560 2765.2
1416570 2761.8
1416580 2760.0
1416590 2758.9
1416600 2758.9
1416610 2758.0
1416620 2760.1
1416630 2760.1
1416640 2762.9
1416650 2762.6
1416660 2762.6
1416670 2760.5
1416680 2761.6
1416690 2761.6
1416700 2763.4
1416710 2766.2
1416720 2766.2
1416730 2769.7
1416740 2773.6
1416750 2773.6
1416760 2778.0
1416770 2782.9
1416780 2787.8
1416790 2787.8
1416800 2792.9
1416810 2797.8
1416820 2797.8
1416830 2802.5
1416840 2807.1
1416850 2807.1
1416860 2811.3
1416870 2816.3
1416880 2816.3
1416890 2822.9
1416900 2829.9
1416910 2829.9
1416920 2836.6
1416930 2843.4
1416940 2843.4
1416950 2850.4
1416960 2857.2
1416970 2863.6
1416980 2863.6
1416990 2870.1
1417000 2876.2
1417010 2876.2
1417020 2885.1
1417030 2895.5
1417040 2895.5
1417050 2903.2
1417060 2906.5
1417070 2906.5
1417080 2910.7
1417090 2919.3
1417100 2919.3
1417110 2925.2
1417120 2926.7
1417130 2926.7
1417140 2931.7
1417150 2939.9
1417160 2943.6
1417170 2943.6
1417180 2947.7
1417190 2953.4
1417200 2953.4
1417210 2957.0
1417220 2959.4
1417230 2959.4
1417240 2963.6
1417250 2967.6
1417260 2967.6
1417270 2970.7
1417280 2975.4
1417290 2975.4
1417300 2984.1
1417310 2992.3
1417320 2992.3
1417330 2996.7
1417340 2996.0
1417350 2993.4
1417360 2993.4
1417370 2989.7
1417380 2986.4
1417390 2986.4
1417400 2979.5
1417410 2968.2
1417420 2968.2
1417430 2959.4
1417440 2951.6
1417450 2951.6
1417460 2942.3
1417470 2934.2
1417480 2934.2
1417490 2926.5
1417500 2918.6
1417510 2918.6
1417520 2910.6
1417530 2900.7
1417540 2900.7
1417550 2887.4
1417560 2868.1
1417570 2856.8
1417580 2856.8
1417590 2843.6
1417600 2829.4
1417610 2829.4
1417620 2821.3
1417630 2807.8
1417640 2807.8
1417650 2793.0
1417660 2787.9
1417670 2787.9
1417680 2777.0
1417690 2760.2
1417700 2760.2
1417710 2745.2
1417720 2727.9
1417730 2727.9
1417740 2707.0
1417750 2679.3
1417760 2662.8
1417770 2662.8
1417780 2653.3
1417790 2648.4
1417800 2648.4
1417810 2647.7
1417820 2645.9
1417830 2645.9
1417840 2639.3
1417850 2630.9
1417860 2630.9
1417870 2623.8
1417880 2611.7
1417890 2611.7
1417900 2601.5
1417910 2593.4
1417920 2592.2
1417930 2584.8
1417940 2576.7
1417950 2569.5
1417960 2569.5
1417970 2562.4
1417980 2555.4
1417990 2555.4
1418000 2547.9
1418010 2541.5
1418020 2541.5
1418030 2536.4
1418040 2530.7
1418050 2530.7
1418060 2524.2
1418070 2516.1
1418080 2516.1
1418090 2508.7
1418100 2498.6
1418110 2498.6
1418120 2486.4
1418130 2474.8
1418140 2464.7
1418150 2464.7
1418160 2448.9
1418170 2426.3
1418180 2426.3
1418190 2418.0
1418200 2415.4
1418210 2415.4
1418220 2415.4
1418230 2415.4
1418240 2415.4
1418250 2414.5
1418260 2412.1
1418270 2412.1
1418280 2409.4
1418290 2407.5
1418300 2407.5
1418310 2405.9
1418320 2404.1
1418330 2402.3
1418340 2402.3
1418350 2400.2
1418360 2398.0
1418370 2398.0
1418380 2395.6
1418390 2393.7
1418400 2393.7
1418410 2391.3
1418420 2388.7
1418430 2388.7
1418440 2385.7
1418450 2382.4
1418460 2382.4
1418470 2378.6
1418480 2374.4
1418490 2374.4
1418500 2370.3
1418510 2365.9
1418520 2361.3
1418530 2361.3
1418540 2356.7
1418550 2351.8
1418560 2351.8
1418570 2346.8
1418580 2341.9
1418590 2341.9
1418600 2337.3
1418610 2333.6
1418620 2333.6
1418630 2329.7
1418640 2326.8
1418650 2326.8
1418660 2324.8
1418670 2322.4
1418680 2322.4
1418690 2319.7
1418700 2317.1
1418710 2313.8
1418720 2313.8
1418730 2310.7
1418740 2307.5
1418750 2307.5
1418760 2303.8
1418770 2299.2
1418780 2299.2
1418790 2295.1
1418800 2292.3
1418810 2292.3
1418820 2291.5
1418830 2291.0
1418840 2291.0
1418850 2289.4
1418860 2287.2
1418870 2287.2
1418880 2284.5
1418890 2281.4
1418900 2278.1
1418910 2278.1
1418920 2275.5
1418930 2273.5
1418940 2273.5
1418950 2272.4
1418960 2271.3
1418970 2271.3
1418980 2269.8
1418990 2270.8
1419000 2270.8
1419010 2273.4
1419020 2275.5
1419030 2275.5
1419040 2276.8
1419050 2277.5
1419060 2277.5
1419070 2277.3
1419080 2276.7
1419090 2276.3
1419100 2276.3
1419110 2273.8
1419120 2272.0
1419130 2272.0
1419140 2274.6
1419150 2277.5
1419160 2277.5
1419170 2278.1
1419180 2276.9
1419190 2276.9
1419200 2274.4
1419210 2270.5
1419220 2270.5
1419230 2267.9
1419240 2269.3
1419250 2269.3
1419260 2270.3
1419270 2270.1
1419280 2267.9
1419290 2267.9
1419300 2264.2
1419310 2261.1
1419320 2261.1
1419330 2259.7
1419340 2257.1
1419350 2257.1
1419360 2253.1
1419370 2248.7
1419380 2248.7
1419390 2244.0
1419400 2239.7
1419410 2239.7
1419420 2234.9
1419430 2230.1
1419440 2230.1
1419450 2226.3
1419460 2224.8
1419470 2223.8
1419480 2223.8
1419490 2223.6
1419500 2223.0
1419510 2223.0
1419520 2221.1
1419530 2219.3
1419540 2219.3
1419550 2217.2
1419560 2215.5
1419570 2215.5
1419580 2213.9
1419590 2212.4
1419600 2212.4
1419610 2210.4
1419620 2208.2
1419630 2208.2
1419640 2206.9
1419650 2207.1
1419660 2207.1
1419670 2207.1
1419680 2205.5
1419690 2203.3
1419700 2203.3
1419710 2201.1
1419720 2200.1
1419730 2200.1
1419740 2199.3
1419750 2197.5
1419760 2197.5
1419770 2194.9
1419780 2192.0
1419790 2192.0
1419800 2188.5
1419810 2183.6
1419820 2183.6
1419830 2179.8
1419840 2174.1
1419850 2171.7
1419860 2171.7
1419870 2169.8
1419880 2167.6
1419890 2167.6
1419900 2164.9
1419910 2161.5
1419920 2161.5
1419930 2157.4
1419940 2152.5
1419950 2152.5
1419960 2148.0
1419970 2143.8
1419980 2143.8
1419990 2140.9
