1400000 830.0
1400010 825.8
1400020 825.8
1400030 821.5
1400040 817.4
1400050 817.4
1400060 813.6
1400070 810.3
1400080 810.3
1400090 808.7
1400100 808.2
1400110 807.9
1400120 807.9
1400130 807.7
1400140 807.7
1400150 807.7
1400160 808.4
1400170 808.0
1400180 808.0
1400190 804.9
1400200 803.6
1400210 803.6
1400220 803.3
1400230 803.2
1400240 803.2
1400250 803.0
1400260 804.4
1400270 804.4
1400280 806.7
1400290 806.5
1400300 804.9
1400310 804.9
1400320 804.4
1400330 804.0
1400340 804.0
1400350 803.8
1400360 803.5
1400370 803.5
1400380 803.3
1400390 803.1
1400400 803.1
1400410 802.9
1400420 803.0
1400430 803.0
1400440 803.2
1400450 803.4
1400460 803.4
1400470 803.4
1400480 803.2
1400490 802.8
1400500 802.8
1400510 802.3
1400520 801.4
1400530 801.4
1400540 800.7
1400550 800.1
1400560 800.1
1400570 799.3
1400580 798.7
1400590 798.7
1400600 798.2
1400610 797.9
1400620 797.9
1400630 797.5
1400640 797.2
1400650 797.2
1400660 796.9
1400670 796.7
1400680 796.7
1400690 796.6
1400700 796.5
1400710 796.4
1400720 796.4
1400730 796.4
1400740 796.3
1400750 796.3
1400760 796.1
1400770 795.9
1400780 795.9
1400790 795.7
1400800 795.5
1400810 795.5
1400820 795.2
1400830 795.1
1400840 795.1
1400850 795.1
1400860 795.0
1400870 795.0
1400880 795.1
1400890 795.2
1400900 795.2
1400910 795.2
1400920 795.3
1400930 795.3
1400940 795.3
1400950 795.3
1400960 795.2
1400970 795.2
1400980 794.8
1400990 794.2
1401000 794.2
1401010 793.6
1401020 793.7
1401030 793.7
1401040 794.3
1401050 794.7
1401060 794.7
1401070 795.0
1401080 795.9
1401090 796.7
1401100 796.7
1401110 797.0
1401120 797.3
1401130 797.3
1401140 797.5
1401150 797.7
1401160 797.7
1401170 798.0
1401180 797.4
1401190 797.4
1401200 797.6
1401210 797.9
1401220 797.9
1401230 798.1
1401240 798.1
1401250 798.1
1401260 797.8
1401270 797.5
1401280 797.3
1401290 797.3
1401300 797.2
1401310 797.1
1401320 797.1
1401330 797.0
1401340 796.8
1401350 796.8
1401360 796.5
1401370 796.2
1401380 796.2
1401390 796.0
1401400 795.9
1401410 795.9
1401420 795.6
1401430 796.3
1401440 796.3
1401450 796.6
1401460 796.9
1401470 797.2
1401480 797.2
1401490 797.6
1401500 797.9
1401510 797.9
1401520 797.9
1401530 798.1
1401540 798.1
1401550 798.4
1401560 798.8
1401570 798.8
1401580 799.2
1401590 799.7
1401600 799.7
1401610 800.2
1401620 800.7
1401630 800.7
1401640 801.1
1401650 801.2
1401660 802.2
1401670 802.2
1401680 803.6
1401690 803.2
1401700 803.2
1401710 801.2
1401720 798.8
1401730 798.8
1401740 798.0
1401750 797.4
1401760 797.4
1401770 796.8
1401780 797.0
1401790 797.0
1401800 798.1
1401810 800.7
1401820 800.7
1401830 803.2
1401840 805.7
1401850 807.3
1401860 807.3
1401870 806.9
1401880 806.0
1401890 806.0
1401900 806.0
1401910 807.8
1401920 807.8
1401930 813.1
1401940 819.0
1401950 819.0
1401960 824.8
1401970 831.0
1401980 831.0
1401990 836.9
1402000 842.7
1402010 842.7
1402020 847.6
1402030 853.1
1402040 859.3
1402050 859.3
1402060 865.7
1402070 872.4
1402080 872.4
1402090 879.0
1402100 884.9
1402110 884.9
1402120 890.3
1402130 895.2
1402140 895.2
1402150 898.6
1402160 901.6
1402170 901.6
1402180 903.0
1402190 905.4
1402200 905.4
1402210 907.9
1402220 911.0
1402230 910.1
1402240 910.1
1402250 911.2
1402260 916.7
1402270 916.7
1402280 921.6
1402290 926.1
1402300 926.1
1402310 930.7
1402320 936.1
1402330 936.1
1402340 942.3
1402350 949.1
1402360 949.1
1402370 956.9
1402380 967.6
1402390 967.6
1402400 976.3
1402410 981.8
1402420 981.8
1402430 988.1
1402440 995.4
1402450 1004.9
1402460 1004.9
1402470 1017.3
1402480 1028.3
1402490 1028.3
1402500 1040.6
1402510 1048.2
1402520 1048.2
1402530 1053.5
1402540 1055.9
1402550 1055.9
1402560 1057.1
1402570 1057.2
1402580 1057.2
1402590 1056.2
1402600 1055.8
1402610 1055.8
1402620 1053.7
1402630 1050.9
1402640 1051.9
1402650 1051.9
1402660 1053.3
1402670 1054.1
1402680 1054.1
1402690 1053.9
1402700 1052.6
1402710 1054.0
1402720 1054.0
1402730 1053.1
1402740 1053.1
1402750 1053.0
1402760 1052.4
1402770 1052.4
1402780 1052.1
1402790 1050.6
1402800 1050.6
1402810 1049.9
1402820 1050.0
1402830 1050.0
1402840 1050.0
1402850 1050.1
1402860 1050.3
1402870 1050.3
1402880 1050.3
1402890 1050.3
1402900 1050.3
1402910 1049.9
1402920 1049.8
1402930 1049.8
1402940 1049.8
1402950 1049.9
1402960 1049.9
1402970 1051.3
1402980 1054.2
1402990 1054.2
1403000 1055.8
1403010 1056.5
1403020 1058.1
1403030 1058.1
1403040 1061.1
1403050 1064.2
1403060 1064.2
1403070 1069.3
1403080 1073.4
1403090 1073.4
1403100 1077.4
1403110 1081.9
1403120 1081.9
1403130 1085.5
1403140 1089.9
1403150 1089.9
1403160 1097.0
1403170 1102.3
1403180 1102.3
1403190 1105.2
1403200 1108.5
1403210 1116.2
1403220 1116.2
1403230 1125.3
1403240 1134.0
1403250 1134.0
1403260 1143.4
1403270 1150.6
1403280 1150.6
1403290 1155.2
1403300 1158.8
1403310 1158.8
1403320 1161.3
1403330 1163.4
1403340 1163.4
1403350 1164.0
1403360 1165.6
1403370 1165.6
1403380 1168.8
1403390 1173.2
1403400 1179.5
1403410 1179.5
1403420 1183.0
1403430 1188.2
1403440 1188.2
1403450 1196.5
1403460 1206.8
1403470 1206.8
1403480 1215.7
1403490 1221.4
1403500 1221.4
1403510 1224.6
1403520 1226.0
1403530 1226.0
1403540 1228.6
1403550 1231.6
1403560 1231.6
1403570 1234.3
1403580 1237.1
1403590 1239.4
1403600 1239.4
1403610 1242.6
1403620 1243.9
1403630 1243.9
1403640 1240.7
1403650 1233.2
1403660 1233.2
1403670 1229.5
1403680 1230.3
1403690 1230.3
1403700 1241.8
1403710 1248.0
1403720 1248.0
1403730 1247.9
1403740 1247.7
1403750 1247.7
1403760 1248.0
1403770 1246.1
1403780 1244.6
1403790 1244.6
1403800 1243.9
1403810 1244.0
1403820 1244.0
1403830 1245.0
1403840 1246.8
1403850 1246.8
1403860 1246.6
1403870 1247.8
1403880 1247.8
1403890 1251.1
1403900 1256.7
1403910 1256.7
1403920 1261.3
1403930 1262.7
1403940 1262.7
1403950 1262.8
1403960 1262.4
1403970 1262.4
1403980 1262.9
1403990 1263.9
1404000 1265.3
1404010 1265.3
1404020 1266.9
1404030 1270.9
1404040 1270.9
1404050 1276.3
1404060 1280.1
1404070 1280.1
1404080 1281.0
1404090 1281.7
1404100 1281.7
1404110 1283.3
1404120 1285.9
1404130 1285.9
1404140 1288.7
1404150 1291.8
1404160 1291.8
1404170 1295.9
1404180 1299.3
1404190 1301.4
1404200 1301.4
1404210 1302.8
1404220 1302.6
1404230 1302.6
1404240 1302.8
1404250 1301.8
1404260 1297.6
1404270 1298.8
1404280 1300.3
1404290 1300.3
1404300 1299.6
1404310 1302.7
1404320 1302.7
1404330 1302.9
1404340 1302.7
1404350 1302.7
1404360 1303.6
1404370 1305.9
1404380 1306.6
1404390 1306.6
1404400 1305.5
1404410 1303.9
1404420 1303.9
1404430 1303.0
1404440 1302.1
1404450 1302.1
1404460 1301.0
1404470 1300.9
1404480 1300.9
1404490 1301.8
1404500 1302.3
1404510 1302.3
1404520 1301.9
1404530 1301.8
1404540 1301.8
1404550 1302.1
1404560 1302.1
1404570 1301.5
1404580 1301.5
1404590 1301.9
1404600 1305.7
1404610 1305.7
1404620 1309.6
1404630 1312.8
1404640 1312.8
1404650 1316.0
1404660 1319.3
1404670 1319.3
1404680 1322.6
1404690 1324.5
1404700 1324.5
1404710 1325.6
1404720 1325.7
1404730 1325.7
1404740 1325.6
1404750 1326.0
1404760 1329.2
1404770 1329.2
1404780 1334.3
1404790 1340.9
1404800 1340.9
1404810 1345.5
1404820 1350.6
1404830 1350.6
1404840 1356.6
1404850 1361.9
1404860 1361.9
1404870 1366.5
1404880 1370.4
1404890 1370.4
1404900 1374.2
1404910 1377.8
1404920 1377.8
1404930 1379.9
1404940 1382.6
1404950 1384.7
1404960 1384.7
1404970 1388.2
1404980 1391.7
1404990 1391.7
1405000 1394.9
1405010 1399.1
1405020 1399.1
1405030 1403.6
1405040 1408.0
1405050 1408.0
1405060 1412.3
1405070 1418.1
1405080 1418.1
1405090 1422.7
1405100 1426.4
1405110 1426.4
1405120 1430.3
1405130 1434.6
1405140 1438.5
1405150 1438.5
1405160 1442.1
1405170 1446.9
1405180 1446.9
1405190 1453.2
1405200 1459.0
1405210 1459.0
1405220 1463.7
1405230 1467.1
1405240 1467.1
1405250 1470.8
1405260 1475.1
1405270 1475.1
1405280 1479.5
1405290 1483.1
1405300 1483.1
1405310 1486.8
1405320 1489.9
1405330 1492.1
1405340 1492.1
1405350 1494.7
1405360 1497.9
1405370 1497.9
1405380 1501.8
1405390 1505.6
1405400 1505.6
1405410 1509.7
1405420 1514.7
1405430 1514.7
1405440 1519.6
1405450 1523.9
1405460 1523.9
1405470 1526.7
1405480 1528.7
1405490 1528.7
1405500 1529.2
1405510 1529.6
1405520 1530.2
1405530 1530.2
1405540 1532.9
1405550 1536.8
1405560 1536.8
1405570 1541.6
1405580 1547.2
1405590 1547.2
1405600 1552.8
1405610 1557.5
1405620 1557.5
1405630 1562.6
1405640 1567.4
1405650 1567.4
1405660 1571.4
1405670 1574.6
1405680 1574.6
1405690 1577.4
1405700 1576.8
1405710 1576.8
1405720 1574.4
1405730 1574.1
1405740 1576.4
1405750 1576.4
1405760 1580.2
1405770 1583.8
1405780 1583.8
1405790 1586.9
1405800 1588.7
1405810 1588.7
1405820 1592.2
1405830 1597.0
1405840 1597.0
1405850 1598.3
1405860 1599.9
1405870 1599.9
1405880 1597.2
1405890 1592.2
1405900 1592.2
1405910 1587.8
1405920 1586.3
1405930 1587.9
1405940 1587.9
1405950 1591.7
1405960 1596.3
1405970 1596.3
1405980 1601.5
1405990 1605.9
1406000 1605.9
1406010 1609.4
1406020 1612.3
1406030 1612.3
1406040 1615.3
1406050 1619.7
1406060 1619.7
1406070 1624.7
1406080 1627.2
1406090 1627.2
1406100 1628.3
1406110 1630.8
1406120 1633.1
1406130 1633.1
1406140 1635.5
1406150 1636.4
1406160 1636.4
1406170 1635.1
1406180 1635.1
1406190 1635.1
1406200 1639.0
1406210 1644.1
1406220 1644.1
1406230 1648.9
1406240 1653.0
1406250 1653.0
1406260 1656.8
1406270 1660.8
1406280 1660.8
1406290 1666.1
1406300 1672.2
1406310 1677.4
1406320 1677.4
1406330 1680.9
1406340 1681.8
1406350 1681.8
1406360 1681.8
1406370 1684.0
1406380 1684.0
1406390 1688.3
1406400 1693.6
1406410 1693.6
1406420 1699.0
1406430 1704.3
1406440 1704.3
1406450 1709.2
1406460 1713.8
1406470 1713.8
1406480 1717.2
1406490 1718.9
1406500 1720.3
1406510 1720.3
1406520 1720.8
1406530 1721.3
1406540 1721.3
1406550 1723.5
1406560 1726.8
1406570 1726.8
1406580 1730.3
1406590 1733.9
1406600 1733.9
1406610 1737.5
1406620 1740.5
1406630 1740.5
1406640 1743.9
1406650 1747.2
1406660 1747.2
1406670 1749.8
1406680 1751.7
1406690 1752.9
1406700 1752.9
1406710 1754.0
1406720 1756.8
1406730 1756.8
1406740 1760.8
1406750 1764.6
1406760 1764.6
1406770 1768.3
1406780 1771.9
1406790 1771.9
1406800 1774.7
1406810 1778.4
1406820 1778.4
1406830 1783.1
1406840 1788.5
1406850 1788.5
1406860 1793.0
1406870 1796.7
1406880 1797.9
1406890 1797.9
1406900 1798.8
1406910 1799.8
1406920 1799.8
1406930 1800.8
1406940 1802.8
1406950 1802.8
1406960 1805.2
1406970 1807.7
1406980 1807.7
1406990 1809.8
1407000 1812.1
1407010 1812.1
1407020 1815.1
1407030 1817.7
1407040 1817.7
1407050 1821.0
1407060 1824.7
1407070 1828.3
1407080 1828.3
1407090 1832.0
1407100 1836.4
1407110 1836.4
1407120 1840.6
1407130 1844.6
1407140 1844.6
1407150 1848.0
1407160 1851.0
1407170 1851.0
1407180 1854.9
1407190 1859.0
1407200 1859.0
1407210 1862.6
1407220 1866.5
1407230 1866.5
1407240 1870.1
1407250 1873.6
1407260 1877.1
1407270 1877.1
1407280 1879.9
1407290 1881.6
1407300 1881.6
1407310 1883.2
1407320 1884.5
1407330 1884.5
1407340 1885.8
1407350 1883.5
1407360 1883.5
1407370 1877.8
1407380 1873.4
1407390 1873.4
1407400 1872.5
1407410 1874.7
1407420 1874.7
1407430 1874.9
1407440 1873.7
1407450 1873.7
1407460 1871.9
1407470 1862.4
1407480 1861.8
1407490 1861.8
1407500 1861.6
1407510 1864.7
1407520 1864.7
1407530 1869.2
1407540 1874.5
1407550 1874.5
1407560 1881.3
1407570 1888.5
1407580 1888.5
1407590 1895.1
1407600 1900.3
1407610 1900.3
1407620 1906.7
1407630 1913.1
1407640 1913.1
1407650 1919.7
1407660 1926.8
1407670 1932.9
1407680 1932.9
1407690 1938.4
1407700 1944.2
1407710 1944.2
1407720 1950.9
1407730 1957.5
1407740 1957.5
1407750 1963.6
1407760 1970.2
1407770 1970.2
1407780 1976.8
1407790 1983.4
1407800 1983.4
1407810 1989.6
1407820 1996.2
1407830 1996.2
1407840 2002.6
1407850 2009.0
1407860 2014.6
1407870 2014.6
1407880 2019.8
1407890 2024.5
1407900 2024.5
1407910 2030.3
1407920 2036.7
1407930 2036.7
1407940 2043.3
1407950 2050.3
1407960 2050.3
1407970 2057.2
1407980 2063.6
1407990 2063.6
1408000 2069.9
1408010 2075.3
1408020 2075.3
1408030 2082.0
1408040 2089.7
1408050 2096.3
1408060 2096.3
1408070 2102.0
1408080 2108.2
1408090 2108.2
1408100 2115.1
1408110 2121.3
1408120 2121.3
1408130 2127.1
1408140 2133.0
1408150 2133.0
1408160 2139.2
1408170 2145.8
1408180 2145.8
1408190 2151.9
1408200 2157.2
1408210 2157.2
1408220 2162.2
1408230 2166.7
1408240 2170.7
1408250 2170.7
1408260 2175.0
1408270 2179.2
1408280 2179.2
1408290 2183.4
1408300 2188.4
1408310 2188.4
1408320 2193.9
1408330 2200.7
1408340 2200.7
1408350 2207.6
1408360 2214.4
1408370 2214.4
1408380 2221.1
1408390 2227.9
1408400 2227.9
1408410 2234.8
1408420 2242.0
1408430 2249.3
1408440 2249.3
1408450 2256.4
1408460 2263.8
1408470 2263.8
1408480 2271.3
1408490 2278.6
1408500 2278.6
1408510 2285.9
1408520 2293.2
1408530 2293.2
1408540 2300.6
1408550 2308.0
1408560 2308.0
1408570 2315.4
1408580 2322.7
1408590 2322.7
1408600 2329.9
1408610 2337.4
1408620 2345.1
1408630 2345.1
1408640 2353.0
1408650 2361.0
1408660 2361.0
1408670 2368.5
1408680 2376.4
1408690 2376.4
1408700 2383.8
1408710 2389.5
1408720 2389.5
1408730 2394.4
1408740 2399.3
1408750 2399.3
1408760 2404.2
1408770 2409.1
1408780 2409.1
1408790 2414.2
1408800 2419.1
1408810 2424.5
1408820 2424.5
1408830 2429.6
1408840 2435.4
1408850 2435.4
1408860 2442.1
1408870 2449.1
1408880 2449.1
1408890 2456.2
1408900 2463.2
1408910 2463.2
1408920 2470.9
1408930 2478.2
1408940 2478.2
1408950 2485.7
1408960 2493.9
1408970 2493.9
1408980 2499.2
1408990 2503.2
1409000 2508.1
1409010 2508.1
1409020 2513.6
1409030 2519.3
1409040 2519.3
1409050 2525.5
1409060 2531.4
1409070 2531.4
1409080 2534.7
1409090 2537.9
1409100 2537.9
1409110 2542.0
1409120 2546.2
1409130 2550.2
1409140 2554.2
1409150 2559.2
1409160 2559.2
1409170 2564.8
1409180 2570.1
1409190 2570.1
1409200 2574.1
1409210 2577.0
1409220 2579.9
1409230 2579.9
1409240 2582.7
1409250 2585.0
1409260 2585.0
1409270 2587.0
1409280 2588.9
1409290 2588.9
1409300 2590.3
1409310 2591.4
1409320 2591.4
1409330 2592.7
1409340 2595.0
1409350 2595.0
1409360 2597.4
1409370 2600.0
1409380 2600.0
1409390 2604.3
1409400 2608.2
1409410 2611.5
1409420 2611.5
1409430 2614.4
1409440 2617.8
1409450 2617.8
1409460 2621.2
1409470 2623.5
1409480 2623.5
1409490 2624.3
1409500 2625.4
1409510 2625.4
1409520 2627.1
1409530 2627.7
1409540 2627.7
1409550 2625.9
1409560 2622.4
1409570 2622.4
1409580 2617.3
1409590 2611.8
1409600 2604.9
1409610 2604.9
1409620 2598.1
1409630 2591.0
1409640 2591.0
1409650 2584.6
1409660 2578.5
1409670 2578.5
1409680 2573.9
1409690 2569.4
1409700 2569.4
1409710 2562.8
1409720 2550.2
1409730 2550.2
1409740 2541.3
1409750 2532.8
1409760 2532.8
1409770 2524.2
1409780 2516.3
1409790 2511.0
1409800 2511.0
1409810 2504.3
1409820 2493.3
1409830 2493.3
1409840 2485.3
1409850 2478.9
1409860 2478.9
1409870 2473.5
1409880 2469.2
1409890 2469.2
1409900 2465.9
1409910 2462.1
1409920 2462.1
1409930 2458.1
1409940 2454.0
1409950 2454.0
1409960 2451.4
1409970 2450.8
1409980 2450.8
1409990 2450.8
1410000 2449.8
1410010 2449.3
1410020 2449.3
1410030 2448.8
1410040 2448.1
1410050 2448.1
1410060 2447.0
1410070 2446.2
1410080 2446.2
1410090 2445.6
1410100 2443.7
1410110 2443.7
1410120 2440.5
1410130 2439.8
1410140 2439.8
1410150 2440.0
1410160 2439.8
1410170 2440.1
1410180 2440.1
1410190 2440.3
1410200 2440.5
1410210 2440.5
1410220 2440.0
1410230 2439.2
1410240 2439.2
1410250 2438.9
1410260 2437.3
1410270 2437.3
1410280 2436.1
1410290 2435.4
1410300 2435.4
1410310 2435.1
1410320 2434.2
1410330 2434.2
1410340 2435.6
1410350 2439.8
1410360 2445.2
1410370 2445.2
1410380 2449.0
1410390 2450.6
1410400 2450.6
1410410 2452.1
1410420 2453.2
1410430 2453.2
1410440 2454.3
1410450 2455.7
1410460 2455.7
1410470 2456.5
1410480 2457.1
1410490 2457.1
1410500 2459.2
1410510 2463.3
1410520 2463.3
1410530 2470.0
1410540 2481.5
1410550 2490.9
1410560 2490.9
1410570 2495.0
1410580 2499.3
1410590 2499.3
1410600 2504.9
1410610 2508.6
1410620 2508.6
1410630 2509.2
1410640 2505.1
1410650 2505.1
1410660 2498.6
1410670 2495.5
1410680 2495.5
1410690 2488.8
1410700 2476.5
1410710 2476.5
1410720 2466.4
1410730 2458.5
1410740 2458.5
1410750 2451.2
1410760 2443.5
1410770 2456.4
1410780 2456.4
1410790 2466.2
1410800 2472.1
1410810 2472.1
1410820 2465.8
1410830 2471.9
1410840 2471.9
1410850 2471.9
1410860 2465.2
1410870 2465.2
1410880 2460.1
1410890 2456.6
1410900 2456.6
1410910 2449.5
1410920 2446.1
1410930 2446.1
1410940 2448.0
1410950 2450.7
1410960 2450.7
1410970 2450.7
1410980 2452.9
1410990 2452.7
1411000 2452.7
1411010 2453.2
1411020 2451.2
1411030 2451.2
1411040 2457.8
1411050 2463.2
1411060 2463.2
1411070 2459.7
1411080 2457.6
1411090 2457.6
1411100 2453.7
1411110 2448.3
1411120 2448.3
1411130 2440.4
1411140 2434.4
1411150 2428.3
1411160 2428.3
1411170 2422.0
1411180 2422.8
1411190 2422.8
1411200 2433.0
1411210 2440.0
1411220 2440.0
1411230 2441.4
1411240 2440.5
1411250 2440.5
1411260 2440.7
1411270 2441.3
1411280 2441.3
1411290 2440.6
1411300 2451.0
1411310 2451.0
1411320 2461.7
1411330 2467.9
1411340 2472.9
1411350 2472.9
1411360 2466.6
1411370 2458.2
1411380 2458.2
1411390 2454.0
1411400 2448.5
1411410 2448.5
1411420 2443.4
1411430 2434.7
1411440 2434.7
1411450 2425.3
1411460 2417.6
1411470 2417.6
1411480 2411.9
1411490 2405.2
1411500 2405.2
1411510 2401.7
1411520 2398.2
1411530 2393.7
1411540 2393.7
1411550 2387.2
1411560 2379.0
1411570 2379.0
1411580 2373.4
1411590 2369.5
1411600 2369.5
1411610 2366.3
1411620 2364.1
1411630 2364.1
1411640 2366.7
1411650 2371.9
1411660 2371.9
1411670 2375.9
1411680 2377.7
1411690 2377.7
1411700 2379.4
1411710 2380.3
1411720 2380.0
1411730 2380.0
1411740 2376.2
1411750 2373.9
1411760 2373.9
1411770 2375.1
1411780 2377.8
1411790 2377.8
1411800 2379.5
1411810 2378.1
1411820 2378.1
1411830 2377.1
1411840 2376.4
1411850 2376.4
1411860 2376.2
1411870 2374.9
1411880 2374.9
1411890 2373.4
1411900 2370.2
1411910 2365.8
1411920 2365.8
1411930 2361.9
1411940 2362.0
1411950 2362.0
1411960 2365.2
1411970 2369.4
1411980 2369.4
1411990 2374.8
1412000 2386.4
1412010 2386.4
1412020 2408.2
1412030 2418.0
1412040 2418.0
1412050 2419.7
1412060 2421.8
1412070 2421.8
1412080 2425.9
1412090 2427.8
1412100 2430.2
1412110 2430.2
1412120 2440.8
1412130 2449.0
1412140 2449.0
1412150 2457.4
1412160 2466.0
1412170 2466.0
1412180 2475.1
1412190 2482.6
1412200 2482.6
1412210 2488.1
1412220 2493.0
1412230 2493.0
1412240 2496.3
1412250 2497.4
1412260 2497.4
1412270 2495.0
1412280 2491.2
1412290 2490.0
1412300 2490.0
1412310 2492.0
1412320 2492.1
1412330 2492.1
1412340 2494.4
1412350 2498.1
1412360 2498.1
1412370 2501.5
1412380 2501.9
1412390 2501.9
1412400 2503.3
1412410 2505.2
1412420 2505.2
1412430 2514.3
1412440 2518.1
1412450 2518.1
1412460 2518.5
1412470 2515.2
1412480 2515.2
1412490 2509.6
1412500 2503.7
1412510 2498.0
1412520 2498.0
1412530 2492.2
1412540 2486.7
1412550 2486.7
1412560 2475.7
1412570 2469.5
1412580 2469.5
1412590 2459.8
1412600 2449.7
1412610 2449.7
1412620 2439.2
1412630 2431.1
1412640 2431.1
1412650 2424.5
1412660 2419.2
1412670 2419.2
1412680 2416.9
1412690 2415.8
1412700 2412.9
1412710 2412.9
1412720 2408.8
1412730 2408.2
1412740 2408.2
1412750 2409.3
1412760 2411.9
1412770 2411.9
1412780 2413.1
1412790 2416.2
1412800 2416.2
1412810 2418.6
1412820 2419.6
1412830 2419.6
1412840 2418.9
1412850 2418.8
1412860 2418.8
1412870 2418.4
1412880 2416.8
1412890 2415.6
1412900 2415.6
1412910 2414.1
1412920 2412.7
1412930 2412.7
1412940 2411.7
1412950 2411.2
1412960 2411.2
1412970 2410.5
1412980 2410.2
1412990 2410.2
1413000 2409.6
1413010 2408.6
1413020 2408.6
1413030 2408.0
1413040 2406.3
1413050 2406.3
1413060 2404.7
1413070 2403.0
1413080 2401.6
1413090 2401.6
1413100 2399.4
1413110 2397.0
1413120 2397.0
1413130 2394.7
1413140 2392.5
1413150 2392.5
1413160 2390.0
1413170 2388.1
1413180 2388.1
1413190 2387.3
1413200 2386.6
1413210 2386.6
1413220 2385.7
1413230 2385.6
1413240 2385.6
1413250 2385.6
1413260 2386.0
1413270 2386.6
1413280 2386.6
1413290 2387.3
1413300 2387.1
1413310 2387.1
1413320 2385.6
1413330 2384.3
1413340 2384.3
1413350 2384.2
1413360 2381.9
1413370 2381.9
1413380 2378.2
1413390 2375.9
1413400 2375.9
1413410 2375.7
1413420 2373.4
1413430 2373.4
1413440 2368.9
1413450 2365.4
1413460 2363.7
1413470 2363.7
1413480 2362.7
1413490 2362.3
1413500 2362.3
1413510 2362.4
1413520 2360.3
1413530 2360.3
1413540 2359.5
1413550 2358.1
1413560 2358.1
1413570 2357.3
1413580 2353.7
1413590 2353.7
1413600 2349.1
1413610 2348.0
1413620 2348.0
1413630 2348.0
1413640 2348.3
1413650 2349.2
1413660 2349.2
1413670 2349.3
1413680 2350.1
1413690 2350.1
1413700 2350.3
1413710 2350.4
1413720 2350.4
1413730 2349.2
1413740 2345.9
1413750 2345.9
1413760 2342.7
1413770 2339.7
1413780 2339.7
1413790 2336.8
1413800 2335.8
1413810 2335.8
1413820 2335.5
1413830 2335.4
1413840 2335.6
1413850 2335.6
1413860 2335.6
1413870 2335.2
1413880 2335.2
1413890 2334.6
1413900 2334.8
1413910 2334.8
1413920 2335.2
1413930 2335.9
1413940 2335.9
1413950 2336.8
1413960 2337.7
1413970 2337.7
1413980 2338.7
1413990 2339.1
1414000 2339.1
1414010 2338.9
1414020 2338.9
1414030 2338.2
1414040 2338.2
1414050 2338.3
1414060 2338.8
1414070 2338.8
1414080 2338.4
1414090 2338.8
1414100 2338.8
1414110 2339.5
1414120 2340.7
1414130 2340.7
1414140 2343.7
1414150 2348.2
1414160 2348.2
1414170 2351.5
1414180 2353.3
1414190 2353.3
1414200 2356.0
1414210 2359.2
1414220 2360.7
1414230 2360.7
1414240 2360.0
1414250 2359.6
1414260 2359.6
1414270 2360.8
1414280 2362.1
1414290 2362.1
1414300 2363.3
1414310 2364.6
1414320 2364.6
1414330 2370.1
1414340 2372.8
1414350 2372.8
1414360 2376.1
1414370 2376.5
1414380 2376.5
1414390 2374.7
1414400 2376.5
1414410 2376.5
1414420 2379.0
1414430 2382.6
1414440 2387.2
1414450 2387.2
1414460 2392.4
1414470 2397.7
1414480 2397.7
1414490 2402.8
1414500 2405.6
1414510 2405.6
1414520 2407.8
1414530 2410.4
1414540 2410.4
1414550 2412.8
1414560 2414.5
1414570 2414.5
1414580 2417.5
1414590 2421.6
1414600 2421.6
1414610 2425.8
1414620 2429.8
1414630 2434.3
1414640 2434.3
1414650 2439.8
1414660 2444.7
1414670 2444.7
1414680 2447.2
1414690 2449.7
1414700 2449.7
1414710 2454.7
1414720 2458.9
1414730 2458.9
1414740 2461.9
1414750 2465.5
1414760 2465.5
1414770 2469.5
1414780 2473.8
1414790 2473.8
1414800 2478.4
1414810 2483.2
1414820 2488.1
1414830 2488.1
1414840 2493.3
1414850 2498.8
1414860 2498.8
1414870 2504.5
1414880 2510.5
1414890 2510.5
1414900 2516.5
1414910 2522.6
1414920 2522.6
1414930 2528.5
1414940 2534.3
1414950 2534.3
1414960 2539.9
1414970 2545.2
1414980 2545.2
1414990 2550.1
1415000 2554.7
1415010 2559.5
1415020 2559.5
1415030 2564.9
1415040 2570.5
1415050 2570.5
1415060 2576.0
1415070 2581.4
1415080 2581.4
1415090 2586.8
1415100 2591.8
1415110 2591.8
1415120 2599.9
1415130 2610.7
1415140 2610.7
1415150 2620.7
1415160 2629.7
1415170 2629.7
1415180 2639.6
1415190 2640.8
1415200 2642.9
1415210 2642.9
1415220 2651.3
1415230 2659.6
1415240 2659.6
1415250 2674.0
1415260 2687.3
1415270 2687.3
1415280 2696.0
1415290 2700.4
1415300 2700.4
1415310 2708.6
1415320 2720.6
1415330 2720.6
1415340 2734.0
1415350 2746.6
1415360 2746.6
1415370 2759.8
1415380 2761.4
1415390 2762.9
1415400 2762.9
1415410 2774.7
1415420 2785.7
1415430 2785.7
1415440 2802.4
1415450 2817.9
1415460 2817.9
1415470 2831.2
1415480 2842.7
1415490 2842.7
1415500 2849.3
1415510 2843.9
1415520 2843.9
1415530 2834.6
1415540 2825.2
1415550 2825.2
1415560 2817.1
1415570 2808.8
1415580 2800.9
1415590 2800.9
1415600 2793.3
1415610 2785.8
1415620 2785.8
1415630 2776.6
1415640 2767.8
1415650 2767.8
1415660 2759.4
1415670 2750.3
1415680 2750.3
1415690 2742.6
1415700 2735.2
1415710 2735.2
1415720 2728.8
1415730 2723.2
1415740 2723.2
1415750 2712.4
1415760 2701.0
1415770 2691.6
1415780 2691.6
1415790 2683.8
1415800 2675.7
1415810 2675.7
1415820 2664.7
1415830 2653.9
1415840 2653.9
1415850 2643.3
1415860 2634.3
1415870 2634.3
1415880 2625.3
1415890 2616.7
1415900 2616.7
1415910 2608.7
1415920 2599.1
1415930 2599.1
1415940 2589.0
1415950 2579.8
1415960 2572.1
1415970 2572.1
1415980 2564.6
1415990 2557.0
1416000 2557.0
1416010 2549.5
1416020 2542.4
1416030 2542.4
1416040 2535.5
1416050 2528.6
1416060 2528.6
1416070 2521.6
1416080 2515.0
1416090 2515.0
1416100 2508.6
1416110 2502.5
1416120 2502.5
1416130 2496.6
1416140 2490.7
1416150 2489.8
1416160 2484.2
1416170 2478.4
1416180 2472.8
1416190 2472.8
1416200 2467.3
1416210 2461.8
1416220 2461.8
1416230 2456.5
1416240 2451.6
1416250 2451.6
1416260 2447.3
1416270 2443.4
1416280 2443.4
1416290 2440.5
1416300 2438.0
1416310 2438.0
1416320 2435.7
1416330 2433.3
1416340 2433.3
1416350 2430.9
1416360 2429.0
1416370 2427.3
1416380 2427.3
1416390 2426.4
1416400 2426.7
1416410 2426.7
1416420 2427.1
1416430 2427.7
1416440 2427.7
1416450 2427.8
1416460 2426.7
1416470 2426.7
1416480 2425.1
1416490 2422.9
1416500 2422.9
1416510 2421.0
1416520 2419.6
1416530 2419.6
1416540 2417.7
1416550 2416.0
1416560 2414.6
1416570 2414.6
1416580 2411.6
1416590 2408.0
1416600 2408.0
1416610 2401.8
1416620 2394.1
1416630 2394.1
1416640 2387.4
1416650 2384.4
1416660 2384.4
1416670 2382.8
1416680 2381.3
1416690 2381.3
1416700 2380.1
1416710 2379.3
1416720 2379.3
1416730 2378.4
1416740 2376.5
1416750 2373.3
1416760 2373.3
1416770 2369.7
1416780 2364.9
1416790 2364.9
1416800 2359.3
1416810 2352.9
1416820 2352.9
1416830 2348.7
1416840 2345.9
1416850 2345.9
1416860 2343.3
1416870 2340.8
1416880 2340.8
1416890 2338.5
1416900 2336.0
1416910 2336.0
1416920 2333.0
1416930 2330.4
1416940 2328.3
1416950 2328.3
1416960 2326.8
1416970 2324.9
1416980 2324.9
1416990 2323.7
1417000 2322.7
1417010 2322.7
1417020 2322.2
1417030 2321.7
1417040 2321.7
1417050 2321.4
1417060 2321.0
1417070 2321.0
1417080 2320.8
1417090 2320.6
1417100 2320.6
1417110 2320.5
1417120 2320.4
1417130 2320.5
1417140 2320.5
1417150 2320.6
1417160 2320.5
1417170 2320.5
1417180 2320.4
1417190 2320.5
1417200 2320.5
1417210 2320.2
1417220 2320.2
1417230 2320.2
1417240 2321.3
1417250 2321.9
1417260 2321.9
1417270 2322.4
1417280 2320.9
1417290 2320.9
1417300 2319.9
1417310 2319.1
1417320 2316.4
1417330 2316.4
1417340 2313.3
1417350 2312.4
1417360 2312.4
1417370 2312.1
1417380 2311.9
1417390 2311.9
1417400 2313.4
1417410 2315.6
1417420 2315.6
1417430 2315.9
1417440 2314.5
1417450 2314.5
1417460 2311.0
1417470 2304.4
1417480 2304.4
1417490 2295.7
1417500 2288.4
1417510 2285.0
1417520 2285.0
1417530 2283.5
1417540 2282.6
1417550 2282.6
1417560 2281.6
1417570 2280.9
1417580 2280.9
1417590 2280.0
1417600 2278.1
1417610 2278.1
1417620 2274.9
1417630 2272.2
1417640 2272.2
1417650 2269.9
1417660 2267.4
1417670 2267.4
1417680 2265.1
1417690 2263.2
1417700 2262.1
1417710 2262.1
1417720 2260.8
1417730 2259.1
1417740 2259.1
1417750 2256.9
1417760 2254.1
1417770 2254.1
1417780 2253.2
1417790 2252.4
1417800 2252.4
1417810 2250.8
1417820 2249.0
1417830 2249.0
1417840 2247.3
1417850 2245.6
1417860 2245.6
1417870 2242.7
1417880 2239.6
1417890 2239.6
1417900 2236.6
1417910 2234.0
1417920 2231.6
1417930 2231.6
1417940 2229.7
1417950 2227.9
1417960 2227.9
1417970 2226.0
1417980 2224.3
1417990 2224.3
1418000 2222.8
1418010 2221.4
1418020 2218.8
1418030 2217.4
1418040 2215.8
1418050 2215.8
1418060 2214.3
1418070 2213.0
1418080 2213.0
1418090 2211.3
1418100 2209.8
1418110 2208.2
1418120 2208.2
1418130 2206.5
1418140 2204.8
1418150 2204.8
1418160 2203.1
1418170 2201.4
1418180 2201.4
1418190 2200.0
1418200 2198.4
1418210 2198.4
1418220 2197.1
1418230 2195.7
1418240 2195.7
1418250 2194.2
1418260 2192.7
1418270 2192.7
1418280 2191.1
1418290 2189.5
1418300 2187.7
1418310 2187.7
1418320 2185.6
1418330 2184.2
1418340 2184.2
1418350 2182.9
1418360 2181.6
1418370 2181.6
1418380 2180.3
1418390 2179.8
1418400 2179.8
1418410 2179.3
1418420 2178.6
1418430 2178.6
1418440 2177.5
1418450 2176.8
1418460 2176.8
1418470 2175.8
1418480 2174.8
1418490 2174.2
1418500 2174.2
1418510 2174.7
1418520 2174.8
1418530 2174.8
1418540 2174.8
1418550 2174.8
1418560 2174.8
1418570 2174.7
1418580 2174.8
1418590 2174.8
1418600 2174.5
1418610 2174.3
1418620 2174.3
1418630 2174.2
1418640 2174.3
1418650 2174.3
1418660 2175.4
1418670 2175.3
1418680 2174.5
1418690 2174.5
1418700 2173.2
1418710 2172.7
1418720 2172.7
1418730 2173.2
1418740 2174.0
1418750 2174.0
1418760 2174.6
1418770 2174.3
1418780 2174.3
1418790 2174.0
1418800 2173.9
1418810 2173.9
1418820 2172.6
1418830 2169.0
1418840 2169.0
1418850 2162.9
1418860 2155.0
1418870 2148.5
1418880 2148.5
1418890 2144.0
1418900 2141.2
1418910 2141.2
1418920 2138.2
1418930 2134.7
1418940 2134.7
1418950 2132.2
1418960 2129.0
1418970 2129.0
1418980 2126.4
1418990 2125.2
1419000 2125.2
1419010 2122.8
1419020 2119.5
1419030 2119.5
1419040 2116.0
1419050 2111.9
1419060 2108.1
1419070 2108.1
1419080 2103.5
1419090 2097.6
1419100 2097.6
1419110 2090.8
1419120 2084.0
1419130 2084.0
1419140 2077.4
1419150 2070.9
1419160 2070.9
1419170 2064.5
1419180 2058.4
1419190 2058.4
1419200 2052.7
1419210 2047.6
1419220 2047.6
1419230 2043.6
1419240 2040.8
1419250 2038.1
1419260 2038.1
1419270 2035.8
1419280 2033.8
1419290 2033.8
1419300 2033.1
1419310 2032.4
1419320 2032.4
1419330 2031.3
1419340 2030.6
1419350 2030.6
1419360 2029.0
1419370 2027.0
1419380 2027.0
1419390 2024.3
1419400 2020.9
1419410 2020.9
1419420 2016.5
1419430 2013.4
1419440 2012.4
1419450 2012.4
1419460 2013.3
1419470 2013.0
1419480 2013.0
1419490 2009.8
1419500 2003.7
1419510 2003.7
1419520 1996.0
1419530 1989.0
1419540 1989.0
1419550 1984.2
1419560 1980.4
1419570 1980.4
1419580 1976.0
1419590 1971.4
1419600 1971.4
1419610 1967.2
1419620 1962.5
1419630 1962.5
1419640 1957.2
1419650 1952.3
1419660 1947.6
1419670 1947.6
1419680 1943.5
1419690 1939.3
1419700 1939.3
1419710 1935.0
1419720 1930.2
1419730 1930.2
1419740 1925.2
1419750 1921.7
1419760 1921.7
1419770 1918.5
1419780 1914.9
1419790 1914.9
1419800 1911.0
1419810 1907.5
1419820 1907.5
1419830 1904.4
1419840 1901.2
1419850 1897.9
1419860 1897.9
1419870 1895.8
1419880 1893.0
1419890 1893.0
1419900 1890.0
1419910 1886.6
1419920 1886.6
1419930 1882.9
1419940 1879.3
1419950 1881.7
1419960 1878.2
1419970 1875.7
1419980 1875.7
1419990 1872.6
