1400000 1074.1
1400010 1078.3
1400020 1078.3
1400030 1083.5
1400040 1089.7
1400050 1089.7
1400060 1095.1
1400070 1100.5
1400080 1100.5
1400090 1106.4
1400100 1111.7
1400110 1111.7
1400120 1116.5
1400130 1121.4
1400140 1121.4
1400150 1127.2
1400160 1134.5
1400170 1134.5
1400180 1142.3
1400190 1150.8
1400200 1159.3
1400210 1159.3
1400220 1166.4
1400230 1172.6
1400240 1172.6
1400250 1178.8
1400260 1184.2
1400270 1184.2
1400280 1189.0
1400290 1192.7
1400300 1192.7
1400310 1195.9
1400320 1200.3
1400330 1200.3
1400340 1205.5
1400350 1211.9
1400360 1211.9
1400370 1218.1
1400380 1224.7
1400390 1230.2
1400400 1230.2
1400410 1235.0
1400420 1240.6
1400430 1240.6
1400440 1246.4
1400450 1252.4
1400460 1252.4
1400470 1258.1
1400480 1263.1
1400490 1263.1
1400500 1267.7
1400510 1272.3
1400520 1272.3
1400530 1276.8
1400540 1281.7
1400550 1281.7
1400560 1286.8
1400570 1292.3
1400580 1292.3
1400590 1298.5
1400600 1306.6
1400610 1315.3
1400620 1315.3
1400630 1323.2
1400640 1329.5
1400650 1329.5
1400660 1335.3
1400670 1340.3
1400680 1340.3
1400690 1345.3
1400700 1350.6
1400710 1350.6
1400720 1356.4
1400730 1362.4
1400740 1362.4
1400750 1368.3
1400760 1374.2
1400770 1374.2
1400780 1379.8
1400790 1385.8
1400800 1391.0
1400810 1391.0
1400820 1395.7
1400830 1401.5
1400840 1401.5
1400850 1407.7
1400860 1413.4
1400870 1413.4
1400880 1418.8
1400890 1424.0
1400900 1424.0
1400910 1428.7
1400920 1433.8
1400930 1433.8
1400940 1439.5
1400950 1444.7
1400960 1444.7
1400970 1449.4
1400980 1454.1
1400990 1458.7
1401000 1458.7
1401010 1463.1
1401020 1467.3
1401030 1467.3
1401040 1471.4
1401050 1475.2
1401060 1475.2
1401070 1478.9
1401080 1483.0
1401090 1483.0
1401100 1487.5
1401110 1492.1
1401120 1492.1
1401130 1497.2
1401140 1501.9
1401150 1501.9
1401160 1505.8
1401170 1510.7
1401180 1516.0
1401190 1516.0
1401200 1520.9
1401210 1528.3
1401220 1528.3
1401230 1535.7
1401240 1540.9
1401250 1540.9
1401260 1545.4
1401270 1549.6
1401280 1549.6
1401290 1553.3
1401300 1557.2
1401310 1557.2
1401320 1559.8
1401330 1562.5
1401340 1562.5
1401350 1566.6
1401360 1570.9
1401370 1574.6
1401380 1574.6
1401390 1578.0
1401400 1580.6
1401410 1580.6
1401420 1582.8
1401430 1585.6
1401440 1585.6
1401450 1586.3
1401460 1586.1
1401470 1586.1
1401480 1587.3
1401490 1588.9
1401500 1588.9
1401510 1591.1
1401520 1592.7
1401530 1592.7
1401540 1591.7
1401550 1587.7
1401560 1587.7
1401570 1584.3
1401580 1583.2
1401590 1584.1
1401600 1584.1
1401610 1585.9
1401620 1588.4
1401630 1588.4
1401640 1591.6
1401650 1594.6
1401660 1594.6
1401670 1598.0
1401680 1602.0
1401690 1602.0
1401700 1605.7
1401710 1609.3
1401720 1609.3
1401730 1613.5
1401740 1615.7
1401750 1615.7
1401760 1616.4
1401770 1617.9
1401780 1620.5
1401790 1620.5
1401800 1623.7
1401810 1624.8
1401820 1624.8
1401830 1626.0
1401840 1624.4
1401850 1624.4
1401860 1621.9
1401870 1621.1
1401880 1621.1
1401890 1620.9
1401900 1618.9
1401910 1618.9
1401920 1612.5
1401930 1605.7
1401940 1605.7
1401950 1604.1
1401960 1607.6
1401970 1611.6
1401980 1611.6
1401990 1614.9
1402000 1616.3
1402010 1616.3
1402020 1616.4
1402030 1615.6
1402040 1615.6
1402050 1614.2
1402060 1613.9
1402070 1613.9
1402080 1613.9
1402090 1611.3
1402100 1611.3
1402110 1605.0
1402120 1600.9
1402130 1600.9
1402140 1600.4
1402150 1601.4
1402160 1602.3
1402170 1602.3
1402180 1602.3
1402190 1602.3
1402200 1602.3
1402210 1600.6
1402220 1596.6
1402230 1596.6
1402240 1592.1
1402250 1588.6
1402260 1588.6
1402270 1586.2
1402280 1583.3
1402290 1583.3
1402300 1577.7
1402310 1571.5
1402320 1571.5
1402330 1567.5
1402340 1562.9
1402350 1557.7
1402360 1557.7
1402370 1552.0
1402380 1545.9
1402390 1545.9
1402400 1538.3
1402410 1529.6
1402420 1525.4
1402430 1514.9
1402440 1504.8
1402450 1504.8
1402460 1494.3
1402470 1483.1
1402480 1483.1
1402490 1475.0
1402500 1469.2
1402510 1469.2
1402520 1466.1
1402530 1460.9
1402540 1460.9
1402550 1449.5
1402560 1439.0
1402570 1427.4
1402580 1427.4
1402590 1414.9
1402600 1402.7
1402610 1402.7
1402620 1389.7
1402630 1380.6
1402640 1380.6
1402650 1374.1
1402660 1368.2
1402670 1368.2
1402680 1363.7
1402690 1359.6
1402700 1359.6
1402710 1355.6
1402720 1351.5
1402730 1351.5
1402740 1346.1
1402750 1338.2
1402760 1328.1
1402770 1328.1
1402780 1320.7
1402790 1317.1
1402800 1317.1
1402810 1314.7
1402820 1312.2
1402830 1312.2
1402840 1307.8
1402850 1301.6
1402860 1301.6
1402870 1294.8
1402880 1286.6
1402890 1286.6
1402900 1277.4
1402910 1265.5
1402920 1265.5
1402930 1253.3
1402940 1243.6
1402950 1234.0
1402960 1234.0
1402970 1224.9
1402980 1217.3
1402990 1217.3
1403000 1212.4
1403010 1208.7
1403020 1208.7
1403030 1204.6
1403040 1200.9
1403050 1200.9
1403060 1197.2
1403070 1193.5
1403080 1193.5
1403090 1189.1
1403100 1185.8
1403110 1185.8
1403120 1184.3
1403130 1184.7
1403140 1185.2
1403150 1185.2
1403160 1185.2
1403170 1185.3
1403180 1185.3
1403190 1184.1
1403200 1180.6
1403210 1180.6
1403220 1176.3
1403230 1171.8
1403240 1171.8
1403250 1167.9
1403260 1164.0
1403270 1164.0
1403280 1160.5
1403290 1156.9
1403300 1156.9
1403310 1153.7
1403320 1150.3
1403330 1146.2
1403340 1146.2
1403350 1142.2
1403360 1138.7
1403370 1138.7
1403380 1135.0
1403390 1131.2
1403400 1131.2
1403410 1127.4
1403420 1123.6
1403430 1123.6
1403440 1120.0
1403450 1116.1
1403460 1116.1
1403470 1112.6
1403480 1110.5
1403490 1110.5
1403500 1108.3
1403510 1105.7
1403520 1105.7
1403530 1102.4
1403540 1099.7
1403550 1094.9
1403560 1094.9
1403570 1087.1
1403580 1075.0
1403590 1075.0
1403600 1062.8
1403610 1052.3
1403620 1052.3
1403630 1038.6
1403640 1023.0
1403650 1023.0
1403660 1015.7
1403670 1021.8
1403680 1021.8
1403690 1038.9
1403700 1054.8
1403710 1054.8
1403720 1067.5
1403730 1076.9
1403740 1083.9
1403750 1083.9
1403760 1089.6
1403770 1095.2
1403780 1095.2
1403790 1101.7
1403800 1107.6
1403810 1107.6
1403820 1112.1
1403830 1116.3
1403840 1116.3
1403850 1119.0
1403860 1120.8
1403870 1120.8
1403880 1122.0
1403890 1122.0
1403900 1122.0
1403910 1120.8
1403920 1122.0
1403930 1128.1
1403940 1128.1
1403950 1134.7
1403960 1140.9
1403970 1140.9
1403980 1151.1
1403990 1157.6
1404000 1157.6
1404010 1161.0
1404020 1165.8
1404030 1165.8
1404040 1169.5
1404050 1174.7
1404060 1174.7
1404070 1180.2
1404080 1186.2
1404090 1186.2
1404100 1192.4
1404110 1197.9
1404120 1204.0
1404130 1204.0
1404140 1210.4
1404150 1216.3
1404160 1216.3
1404170 1222.0
1404180 1228.1
1404190 1228.1
1404200 1233.0
1404210 1237.5
1404220 1237.5
1404230 1242.9
1404240 1247.0
1404250 1247.0
1404260 1251.0
1404270 1256.4
1404280 1256.4
1404290 1262.3
1404300 1268.6
1404310 1276.4
1404320 1276.4
1404330 1282.3
1404340 1288.1
1404350 1288.1
1404360 1294.7
1404370 1301.9
1404380 1301.9
1404390 1309.1
1404400 1317.0
1404410 1317.0
1404420 1325.5
1404430 1333.8
1404440 1333.8
1404450 1341.3
1404460 1348.1
1404470 1348.1
1404480 1355.9
1404490 1364.1
1404500 1364.1
1404510 1372.7
1404520 1382.6
1404530 1390.8
1404540 1390.8
1404550 1397.4
1404560 1405.1
1404570 1405.1
1404580 1411.8
1404590 1416.1
1404600 1416.1
1404610 1421.3
1404620 1431.0
1404630 1431.0
1404640 1437.7
1404650 1443.8
1404660 1443.8
1404670 1446.9
1404680 1450.0
1404690 1450.0
1404700 1454.8
1404710 1460.5
1404720 1466.1
1404730 1466.1
1404740 1471.9
1404750 1475.9
1404760 1475.9
1404770 1478.1
1404780 1482.3
1404790 1482.3
1404800 1488.4
1404810 1494.5
1404820 1494.5
1404830 1501.0
1404840 1507.3
1404850 1507.3
1404860 1512.4
1404870 1517.5
1404880 1517.5
1404890 1523.2
1404900 1528.5
1404910 1533.3
1404920 1533.3
1404930 1538.0
1404940 1542.5
1404950 1542.5
1404960 1546.6
1404970 1552.3
1404980 1552.3
1404990 1558.7
1405000 1562.9
1405010 1562.9
1405020 1566.0
1405030 1571.8
1405040 1571.8
1405050 1578.7
1405060 1584.5
1405070 1584.5
1405080 1588.7
1405090 1594.0
1405100 1598.5
1405110 1598.5
1405120 1602.8
1405130 1606.4
1405140 1606.4
1405150 1609.3
1405160 1612.3
1405170 1612.3
1405180 1615.8
1405190 1618.9
1405200 1618.9
1405210 1622.8
1405220 1626.1
1405230 1626.1
1405240 1628.7
1405250 1631.6
1405260 1631.6
1405270 1635.9
1405280 1640.0
1405290 1643.9
1405300 1643.9
1405310 1648.7
1405320 1652.6
1405330 1652.6
1405340 1657.7
1405350 1662.8
1405360 1662.8
1405370 1666.3
1405380 1669.5
1405390 1669.5
1405400 1672.8
1405410 1675.5
1405420 1675.5
1405430 1678.2
1405440 1681.3
1405450 1681.3
1405460 1685.7
1405470 1690.8
1405480 1690.8
1405490 1694.2
1405500 1695.9
1405510 1698.8
1405520 1698.8
1405530 1702.1
1405540 1705.2
1405550 1705.2
1405560 1709.8
1405570 1712.6
1405580 1712.6
1405590 1715.7
1405600 1720.0
1405610 1720.0
1405620 1724.0
1405630 1728.2
1405640 1728.2
1405650 1732.3
1405660 1736.2
1405670 1736.2
1405680 1740.1
1405690 1743.7
1405700 1747.1
1405710 1747.1
1405720 1750.6
1405730 1755.0
1405740 1755.0
1405750 1759.2
1405760 1763.4
1405770 1763.4
1405780 1766.6
1405790 1769.4
1405800 1769.4
1405810 1772.5
1405820 1776.0
1405830 1776.0
1405840 1779.1
1405850 1781.9
1405860 1781.9
1405870 1785.6
1405880 1789.8
1405890 1793.7
1405900 1793.7
1405910 1797.8
1405920 1803.1
1405930 1803.1
1405940 1808.5
1405950 1812.9
1405960 1812.9
1405970 1816.1
1405980 1818.7
1405990 1818.7
1406000 1820.7
1406010 1822.5
1406020 1822.5
1406030 1824.1
1406040 1825.7
1406050 1825.7
1406060 1828.5
1406070 1830.4
1406080 1831.9
1406090 1831.9
1406100 1833.5
1406110 1833.8
1406120 1833.8
1406130 1833.8
1406140 1834.0
1406150 1834.0
1406160 1834.8
1406170 1834.8
1406180 1834.8
1406190 1834.5
1406200 1835.0
1406210 1835.0
1406220 1834.7
1406230 1831.1
1406240 1831.1
1406250 1825.0
1406260 1818.2
1406270 1812.4
1406280 1812.4
1406290 1811.1
1406300 1813.2
1406310 1813.2
1406320 1814.0
1406330 1813.4
1406340 1813.4
1406350 1811.6
1406360 1811.3
1406370 1811.3
1406380 1811.0
1406390 1809.3
1406400 1809.3
1406410 1807.6
1406420 1808.1
1406430 1808.1
1406440 1803.8
1406450 1799.0
1406460 1799.0
1406470 1799.3
1406480 1801.0
1406490 1799.5
1406500 1799.5
1406510 1795.2
1406520 1790.2
1406530 1790.2
1406540 1787.3
1406550 1792.6
1406560 1792.6
1406570 1799.8
1406580 1802.0
1406590 1802.0
1406600 1801.8
1406610 1799.2
1406620 1799.2
1406630 1796.5
1406640 1794.5
1406650 1794.5
1406660 1792.5
1406670 1792.2
1406680 1791.8
1406690 1791.8
1406700 1790.6
1406710 1790.7
1406720 1790.7
1406730 1789.6
1406740 1792.6
1406750 1792.6
1406760 1794.8
1406770 1796.2
1406780 1796.2
1406790 1796.8
1406800 1796.8
1406810 1796.8
1406820 1798.1
1406830 1800.7
1406840 1800.7
1406850 1804.0
1406860 1808.9
1406870 1815.0
1406880 1815.0
1406890 1820.8
1406900 1827.2
1406910 1827.2
1406920 1834.4
1406930 1841.8
1406940 1841.8
1406950 1849.2
1406960 1856.9
1406970 1856.9
1406980 1864.2
1406990 1871.2
1407000 1871.2
1407010 1879.6
1407020 1888.9
1407030 1888.9
1407040 1898.7
1407050 1909.3
1407060 1918.2
1407070 1918.2
1407080 1925.1
1407090 1933.0
1407100 1933.0
1407110 1941.0
1407120 1949.0
1407130 1949.0
1407140 1958.3
1407150 1968.7
1407160 1968.7
1407170 1978.6
1407180 1986.4
1407190 1986.4
1407200 1994.3
1407210 2002.0
1407220 2002.0
1407230 2008.8
1407240 2014.6
1407250 2019.3
1407260 2019.3
1407270 2025.3
1407280 2031.4
1407290 2031.4
1407300 2037.1
1407310 2042.6
1407320 2042.6
1407330 2047.5
1407340 2053.4
1407350 2053.4
1407360 2059.8
1407370 2067.0
1407380 2067.0
1407390 2074.3
1407400 2081.7
1407410 2081.7
1407420 2090.0
1407430 2099.6
1407440 2099.6
1407450 2109.7
1407460 2116.5
1407470 2120.7
1407480 2120.7
1407490 2126.2
1407500 2133.4
1407510 2133.4
1407520 2141.5
1407530 2149.6
1407540 2149.6
1407550 2158.1
1407560 2166.7
1407570 2166.7
1407580 2175.3
1407590 2183.1
1407600 2183.1
1407610 2190.9
1407620 2198.9
1407630 2198.9
1407640 2206.5
1407650 2213.9
1407660 2221.3
1407670 2221.3
1407680 2228.7
1407690 2236.2
1407700 2236.2
1407710 2244.2
1407720 2252.5
1407730 2252.5
1407740 2261.2
1407750 2269.5
1407760 2269.5
1407770 2277.2
1407780 2284.5
1407790 2284.5
1407800 2291.7
1407810 2299.7
1407820 2299.7
1407830 2307.4
1407840 2315.2
1407850 2323.8
1407860 2323.8
1407870 2334.0
1407880 2344.5
1407890 2344.5
1407900 2355.2
1407910 2367.6
1407920 2367.6
1407930 2381.4
1407940 2389.0
1407950 2389.0
1407960 2391.5
1407970 2396.8
1407980 2396.8
1407990 2405.9
1408000 2417.8
1408010 2417.8
1408020 2428.4
1408030 2437.9
1408040 2445.7
1408050 2445.7
1408060 2449.7
1408070 2454.5
1408080 2454.5
1408090 2459.7
1408100 2462.7
1408110 2462.7
1408120 2462.9
1408130 2462.8
1408140 2462.8
1408150 2464.1
1408160 2466.3
1408170 2466.3
1408180 2469.3
1408190 2471.5
1408200 2471.5
1408210 2472.9
1408220 2473.2
1408230 2471.4
1408240 2471.4
1408250 2469.7
1408260 2469.1
1408270 2469.1
1408280 2469.0
1408290 2469.8
1408300 2469.8
1408310 2469.7
1408320 2468.7
1408330 2468.7
1408340 2468.6
1408350 2468.2
1408360 2468.2
1408370 2467.5
1408380 2467.3
1408390 2467.3
1408400 2466.5
1408410 2464.0
1408420 2464.0
1408430 2461.0
1408440 2457.9
1408450 2454.7
1408460 2454.7
1408470 2451.4
1408480 2447.7
1408490 2447.7
1408500 2443.6
1408510 2439.2
1408520 2439.2
1408530 2434.3
1408540 2427.8
1408550 2427.8
1408560 2421.8
1408570 2419.4
1408580 2419.4
1408590 2413.4
1408600 2404.5
1408610 2404.5
1408620 2397.6
1408630 2392.5
1408640 2387.2
1408650 2387.2
1408660 2382.1
1408670 2377.6
1408680 2377.6
1408690 2374.6
1408700 2372.0
1408710 2372.0
1408720 2370.2
1408730 2367.4
1408740 2367.4
1408750 2363.6
1408760 2359.7
1408770 2359.7
1408780 2355.3
1408790 2352.1
1408800 2352.1
1408810 2351.5
1408820 2352.2
1408830 2358.2
1408840 2358.2
1408850 2357.1
1408860 2355.4
1408870 2355.4
1408880 2352.9
1408890 2349.6
1408900 2349.6
1408910 2346.2
1408920 2344.1
1408930 2344.1
1408940 2341.5
1408950 2338.4
1408960 2338.4
1408970 2335.3
1408980 2332.5
1408990 2332.5
1409000 2330.7
1409010 2329.4
1409020 2328.2
1409030 2328.2
1409040 2328.0
1409050 2328.0
1409060 2328.0
1409070 2326.3
1409080 2323.0
1409090 2323.0
1409100 2317.9
1409110 2312.5
1409120 2312.5
1409130 2308.6
1409140 2305.1
1409150 2305.1
1409160 2300.1
1409170 2295.6
1409180 2295.6
1409190 2292.9
1409200 2290.0
1409210 2286.8
1409220 2286.8
1409230 2284.6
1409240 2283.3
1409250 2283.3
1409260 2283.9
1409270 2285.7
1409280 2285.7
1409290 2286.9
1409300 2288.4
1409310 2288.4
1409320 2289.3
1409330 2289.5
1409340 2289.5
1409350 2288.8
1409360 2287.8
1409370 2287.8
1409380 2287.0
1409390 2282.9
1409400 2282.9
1409410 2278.1
1409420 2275.3
1409430 2274.8
1409440 2274.8
1409450 2274.3
1409460 2274.7
1409470 2274.7
1409480 2275.0
1409490 2275.2
1409500 2275.2
1409510 2275.6
1409520 2276.0
1409530 2276.0
1409540 2276.8
1409550 2277.8
1409560 2277.8
1409570 2280.2
1409580 2282.2
1409590 2282.2
1409600 2283.6
1409610 2286.6
1409620 2289.0
1409630 2289.0
1409640 2291.7
1409650 2296.0
1409660 2296.0
1409670 2298.4
1409680 2299.5
1409690 2299.5
1409700 2301.0
1409710 2303.4
1409720 2303.4
1409730 2305.6
1409740 2307.6
1409750 2307.6
1409760 2309.5
1409770 2311.5
1409780 2311.5
1409790 2313.6
1409800 2315.6
1409810 2317.4
1409820 2317.4
1409830 2319.2
1409840 2321.2
1409850 2321.2
1409860 2323.0
1409870 2324.5
1409880 2324.5
1409890 2325.6
1409900 2326.3
1409910 2326.3
1409920 2327.1
1409930 2328.2
1409940 2328.2
1409950 2329.2
1409960 2330.3
1409970 2330.3
1409980 2333.2
1409990 2338.3
1410000 2343.6
1410010 2343.6
1410020 2351.0
1410030 2360.4
1410040 2360.4
1410050 2367.4
1410060 2372.2
1410070 2372.2
1410080 2376.0
1410090 2379.4
1410100 2379.4
1410110 2380.2
1410120 2379.9
1410130 2379.9
1410140 2381.6
1410150 2384.1
1410160 2384.1
1410170 2387.1
1410180 2390.4
1410190 2394.1
1410200 2394.1
1410210 2396.7
1410220 2398.6
1410230 2398.6
1410240 2400.3
1410250 2402.0
1410260 2402.0
1410270 2403.7
1410280 2405.7
1410290 2405.7
1410300 2407.5
1410310 2408.6
1410320 2408.6
1410330 2409.9
1410340 2411.5
1410350 2411.5
1410360 2414.7
1410370 2419.4
1410380 2419.4
1410390 2424.6
1410400 2429.1
1410410 2432.7
1410420 2432.7
1410430 2436.6
1410440 2441.6
1410450 2441.6
1410460 2444.8
1410470 2447.3
1410480 2447.3
1410490 2449.9
1410500 2453.2
1410510 2458.2
1410520 2461.6
1410530 2464.6
1410540 2464.6
1410550 2469.4
1410560 2473.7
1410570 2473.7
1410580 2476.5
1410590 2478.4
1410600 2480.5
1410610 2480.5
1410620 2483.0
1410630 2483.5
1410640 2483.5
1410650 2483.2
1410660 2484.4
1410670 2484.4
1410680 2486.8
1410690 2489.6
1410700 2489.6
1410710 2490.7
1410720 2491.3
1410730 2491.3
1410740 2491.6
1410750 2490.2
1410760 2490.2
1410770 2488.0
1410780 2486.2
1410790 2485.0
1410800 2485.0
1410810 2484.1
1410820 2483.8
1410830 2483.8
1410840 2485.0
1410850 2487.0
1410860 2487.0
1410870 2489.2
1410880 2490.4
1410890 2490.4
1410900 2491.2
1410910 2495.1
1410920 2495.1
1410930 2500.3
1410940 2506.7
1410950 2506.7
1410960 2511.6
1410970 2515.5
1410980 2519.0
1410990 2519.0
1411000 2521.9
1411010 2524.3
1411020 2524.3
1411030 2527.6
1411040 2531.7
1411050 2531.7
1411060 2535.9
1411070 2539.3
1411080 2539.3
1411090 2542.9
1411100 2546.2
1411110 2546.2
1411120 2549.6
1411130 2554.0
1411140 2554.0
1411150 2558.0
1411160 2560.9
1411170 2563.2
1411180 2563.2
1411190 2566.5
1411200 2572.7
1411210 2572.7
1411220 2578.8
1411230 2583.6
1411240 2583.6
1411250 2590.7
1411260 2598.8
1411270 2598.8
1411280 2610.7
1411290 2622.6
1411300 2622.6
1411310 2633.7
1411320 2642.8
1411330 2642.8
1411340 2645.7
1411350 2644.5
1411360 2644.5
1411370 2644.4
1411380 2643.5
1411390 2643.2
1411400 2643.2
1411410 2642.0
1411420 2640.5
1411430 2640.5
1411440 2638.6
1411450 2635.6
1411460 2635.6
1411470 2631.3
1411480 2626.4
1411490 2626.4
1411500 2623.0
1411510 2619.2
1411520 2619.2
1411530 2616.2
1411540 2614.5
1411550 2614.5
1411560 2612.4
1411570 2613.4
1411580 2616.8
1411590 2616.8
1411600 2621.6
1411610 2625.4
1411620 2625.4
1411630 2628.5
1411640 2631.1
1411650 2631.1
1411660 2633.6
1411670 2636.2
1411680 2636.2
1411690 2639.3
1411700 2643.0
1411710 2643.0
1411720 2647.1
1411730 2650.9
1411740 2650.9
1411750 2653.7
1411760 2656.1
1411770 2658.2
1411780 2658.2
1411790 2659.7
1411800 2661.0
1411810 2661.0
1411820 2662.2
1411830 2663.7
1411840 2663.7
1411850 2666.3
1411860 2669.6
1411870 2669.6
1411880 2672.7
1411890 2675.6
1411900 2675.6
1411910 2678.1
1411920 2681.3
1411930 2681.3
1411940 2685.3
1411950 2688.4
1411960 2691.5
1411970 2691.5
1411980 2694.7
1411990 2698.1
1412000 2698.1
1412010 2702.1
1412020 2707.1
1412030 2707.1
1412040 2712.7
1412050 2718.7
1412060 2718.7
1412070 2724.1
1412080 2728.9
1412090 2728.9
1412100 2732.1
1412110 2735.5
1412120 2735.5
1412130 2739.1
1412140 2741.2
1412150 2743.5
1412160 2743.5
1412170 2746.3
1412180 2750.0
1412190 2750.0
1412200 2753.7
1412210 2757.8
1412220 2757.8
1412230 2761.8
1412240 2765.5
1412250 2765.5
1412260 2768.7
1412270 2771.1
1412280 2771.1
1412290 2773.1
1412300 2774.7
1412310 2774.7
1412320 2776.1
1412330 2777.4
1412340 2777.4
1412350 2779.0
1412360 2780.5
1412370 2782.0
1412380 2782.0
1412390 2783.6
1412400 2786.2
1412410 2786.2
1412420 2790.0
1412430 2793.5
1412440 2793.5
1412450 2797.3
1412460 2800.4
1412470 2800.4
1412480 2804.7
1412490 2807.8
1412500 2807.8
1412510 2809.1
1412520 2810.4
1412530 2810.4
1412540 2813.6
1412550 2819.6
1412560 2824.8
1412570 2824.8
1412580 2827.5
1412590 2829.2
1412600 2829.2
1412610 2832.0
1412620 2834.2
1412630 2834.2
1412640 2836.3
1412650 2839.0
1412660 2839.0
1412670 2841.9
1412680 2844.6
1412690 2844.6
1412700 2848.0
1412710 2852.6
1412720 2852.6
1412730 2857.9
1412740 2863.5
1412750 2869.5
1412760 2869.5
1412770 2875.7
1412780 2881.7
1412790 2881.7
1412800 2888.1
1412810 2894.2
1412820 2894.2
1412830 2900.2
1412840 2906.7
1412850 2906.7
1412860 2913.7
1412870 2920.9
1412880 2920.9
1412890 2928.4
1412900 2936.1
1412910 2936.1
1412920 2943.9
1412930 2952.0
1412940 2960.3
1412950 2960.3
1412960 2975.6
1412970 2992.4
1412980 2992.4
1412990 3004.6
1413000 3015.1
1413010 3015.1
1413020 3028.1
1413030 3045.1
1413040 3045.1
1413050 3064.7
1413060 3075.3
1413070 3075.3
1413080 3083.2
1413090 3092.7
1413100 3092.7
1413110 3091.7
1413120 3085.1
1413130 3082.3
1413140 3082.3
1413150 3075.2
1413160 3069.5
1413170 3069.5
1413180 3069.8
1413190 3068.6
1413200 3068.6
1413210 3066.7
1413220 3058.7
1413230 3058.7
1413240 3053.9
1413250 3051.7
1413260 3051.7
1413270 3043.3
1413280 3037.8
1413290 3037.8
1413300 3032.2
1413310 3023.2
1413320 3015.4
1413330 3015.4
1413340 3009.2
1413350 3004.3
1413360 3004.3
1413370 3000.1
1413380 2985.9
1413390 2985.9
1413400 2970.2
1413410 2962.9
1413420 2962.9
1413430 2957.8
1413440 2953.8
1413450 2953.8
1413460 2951.3
1413470 2949.7
1413480 2949.7
1413490 2948.6
1413500 2947.9
1413510 2947.9
1413520 2946.8
1413530 2946.6
1413540 2946.3
1413550 2946.3
1413560 2945.6
1413570 2945.1
1413580 2945.1
1413590 2944.4
1413600 2943.0
1413610 2943.0
1413620 2941.2
1413630 2942.1
1413640 2942.1
1413650 2942.7
1413660 2939.3
1413670 2939.3
1413680 2938.3
1413690 2939.4
1413700 2939.4
1413710 2940.4
1413720 2941.5
1413730 2943.0
1413740 2943.0
1413750 2945.3
1413760 2946.9
1413770 2946.9
1413780 2948.8
1413790 2951.4
1413800 2951.4
1413810 2954.3
1413820 2957.3
1413830 2957.3
1413840 2960.3
1413850 2963.3
1413860 2963.3
1413870 2966.5
1413880 2969.8
1413890 2969.8
1413900 2973.3
1413910 2977.2
1413920 2981.5
1413930 2981.5
1413940 2987.1
1413950 2993.8
1413960 2993.8
1413970 2998.2
1413980 3001.2
1413990 3001.2
1414000 3003.2
1414010 3009.3
1414020 3009.3
1414030 3011.8
1414040 3014.7
1414050 3014.7
1414060 3019.0
1414070 3024.5
1414080 3024.5
1414090 3030.8
1414100 3037.8
1414110 3044.9
1414120 3044.9
1414130 3051.1
1414140 3057.8
1414150 3057.8
1414160 3065.5
1414170 3075.9
1414180 3075.9
1414190 3083.9
1414200 3085.2
1414210 3085.2
1414220 3092.5
1414230 3100.2
1414240 3100.2
1414250 3106.1
1414260 3113.3
1414270 3113.3
1414280 3119.6
1414290 3119.6
1414300 3117.6
1414310 3117.6
1414320 3115.3
1414330 3113.0
1414340 3113.0
1414350 3110.0
1414360 3103.3
1414370 3103.3
1414380 3091.2
1414390 3074.9
1414400 3074.9
1414410 3062.2
1414420 3052.1
1414430 3052.1
1414440 3044.5
1414450 3038.2
1414460 3038.2
1414470 3033.3
1414480 3028.6
1414490 3028.6
1414500 3024.0
1414510 3019.0
1414520 3007.8
1414530 3007.8
1414540 2997.0
1414550 2984.6
1414560 2984.6
1414570 2972.6
1414580 2962.8
1414590 2962.8
1414600 2948.5
1414610 2934.7
1414620 2934.7
1414630 2923.7
1414640 2915.2
1414650 2915.2
1414660 2909.0
1414670 2904.5
1414680 2904.5
1414690 2894.4
1414700 2884.2
1414710 2869.6
1414720 2869.6
1414730 2859.3
1414740 2852.1
1414750 2852.1
1414760 2845.2
1414770 2838.7
1414780 2838.7
1414790 2832.3
1414800 2826.1
1414810 2826.1
1414820 2822.7
1414830 2822.3
1414840 2822.3
1414850 2822.1
1414860 2821.3
1414870 2821.3
1414880 2819.8
1414890 2817.8
1414900 2815.4
1414910 2815.4
1414920 2813.1
1414930 2809.3
1414940 2809.3
1414950 2802.9
1414960 2795.1
1414970 2795.1
1414980 2787.1
1414990 2779.8
1415000 2779.8
1415010 2772.9
1415020 2766.2
1415030 2766.2
1415040 2763.4
1415050 2762.3
1415060 2762.3
1415070 2763.4
1415080 2767.3
1415090 2770.8
1415100 2770.8
1415110 2773.0
1415120 2774.8
1415130 2774.8
1415140 2775.2
1415150 2775.7
1415160 2775.7
1415170 2776.6
1415180 2778.8
1415190 2778.8
1415200 2781.7
1415210 2783.9
1415220 2783.9
1415230 2789.2
1415240 2798.2
1415250 2798.2
1415260 2806.0
1415270 2814.1
1415280 2822.6
1415290 2822.6
1415300 2831.4
1415310 2838.2
1415320 2838.2
1415330 2843.5
1415340 2847.3
1415350 2847.3
1415360 2852.0
1415370 2856.9
1415380 2856.9
1415390 2859.1
1415400 2860.6
1415410 2860.6
1415420 2860.1
1415430 2855.0
1415440 2855.0
1415450 2846.5
1415460 2833.6
1415470 2833.6
1415480 2821.4
1415490 2810.9
1415500 2801.3
1415510 2801.3
1415520 2793.0
1415530 2785.2
1415540 2785.2
1415550 2778.4
1415560 2772.2
1415570 2772.2
1415580 2762.9
1415590 2756.7
1415600 2756.7
1415610 2747.9
1415620 2737.3
1415630 2737.3
1415640 2725.2
1415650 2712.5
1415660 2712.5
1415670 2703.0
1415680 2693.5
1415690 2685.2
1415700 2685.2
1415710 2676.8
1415720 2668.1
1415730 2668.1
1415740 2658.4
1415750 2650.2
1415760 2650.2
1415770 2642.9
1415780 2635.8
1415790 2635.8
1415800 2628.8
1415810 2621.1
1415820 2618.8
1415830 2610.4
1415840 2603.6
1415850 2603.6
1415860 2596.5
1415870 2588.2
1415880 2580.6
1415890 2580.6
1415900 2570.1
1415910 2557.8
1415920 2557.8
1415930 2544.6
1415940 2532.4
1415950 2532.4
1415960 2517.8
1415970 2507.3
1415980 2507.3
1415990 2500.6
1416000 2495.0
1416010 2495.0
1416020 2490.2
1416030 2485.6
1416040 2485.6
1416050 2480.8
1416060 2475.7
1416070 2470.4
1416080 2470.4
1416090 2464.8
1416100 2459.3
1416110 2459.3
1416120 2453.9
1416130 2448.4
1416140 2448.4
1416150 2442.7
1416160 2437.1
1416170 2437.1
1416180 2431.7
1416190 2426.2
1416200 2426.2
1416210 2420.7
1416220 2415.1
1416230 2415.1
1416240 2409.4
1416250 2404.2
1416260 2399.2
1416270 2399.2
1416280 2394.1
1416290 2389.2
1416300 2389.2
1416310 2384.4
1416320 2379.8
1416330 2379.8
1416340 2375.4
1416350 2370.9
1416360 2370.9
1416370 2366.6
1416380 2362.2
1416390 2362.2
1416400 2358.0
1416410 2353.9
1416420 2353.9
1416430 2349.6
1416440 2345.3
1416450 2345.3
1416460 2341.5
1416470 2338.6
1416480 2336.1
1416490 2336.1
1416500 2334.1
1416510 2332.3
1416520 2332.3
1416530 2330.4
1416540 2329.0
1416550 2329.0
1416560 2328.3
1416570 2328.1
1416580 2328.1
1416590 2328.7
1416600 2328.8
1416610 2328.8
1416620 2327.2
1416630 2324.5
1416640 2324.5
1416650 2323.5
1416660 2323.6
1416670 2323.7
1416680 2323.7
1416690 2324.2
1416700 2324.4
1416710 2324.4
1416720 2325.3
1416730 2325.4
1416740 2325.4
1416750 2324.4
1416760 2321.3
1416770 2321.3
1416780 2320.4
1416790 2329.0
1416800 2329.0
1416810 2336.4
1416820 2340.3
1416830 2340.3
1416840 2342.2
1416850 2342.9
1416860 2340.5
1416870 2340.5
1416880 2338.1
1416890 2340.2
1416900 2340.2
1416910 2343.0
1416920 2342.9
1416930 2342.9
1416940 2340.2
1416950 2335.5
1416960 2335.5
1416970 2329.8
1416980 2326.6
1416990 2326.6
1417000 2323.8
1417010 2322.9
1417020 2322.9
1417030 2324.2
1417040 2326.7
1417050 2329.1
1417060 2329.1
1417070 2329.3
1417080 2328.3
1417090 2328.3
1417100 2325.0
1417110 2322.1
1417120 2322.1
1417130 2320.1
1417140 2317.0
1417150 2317.0
1417160 2314.9
1417170 2314.2
1417180 2314.2
1417190 2314.0
1417200 2312.4
1417210 2312.4
1417220 2310.4
1417230 2309.1
1417240 2307.7
1417250 2307.7
1417260 2306.6
1417270 2306.6
1417280 2306.6
1417290 2307.0
1417300 2308.3
1417310 2308.3
1417320 2311.6
1417330 2315.3
1417340 2315.3
1417350 2318.0
1417360 2323.6
1417370 2323.6
1417380 2332.3
1417390 2340.2
1417400 2340.2
1417410 2348.9
1417420 2350.8
1417430 2350.8
1417440 2353.9
1417450 2358.8
1417460 2364.2
1417470 2364.2
1417480 2369.3
1417490 2373.3
1417500 2373.3
1417510 2376.0
1417520 2379.5
1417530 2379.5
1417540 2383.2
1417550 2386.0
1417560 2386.0
1417570 2388.5
1417580 2392.4
1417590 2392.4
1417600 2398.4
1417610 2402.6
1417620 2402.6
1417630 2404.5
1417640 2402.9
1417650 2397.2
1417660 2397.2
1417670 2387.6
1417680 2373.3
1417690 2373.3
1417700 2367.9
1417710 2364.9
1417720 2364.9
1417730 2361.3
1417740 2357.0
1417750 2357.0
1417760 2350.5
1417770 2344.9
1417780 2344.9
1417790 2342.4
1417800 2339.7
1417810 2339.7
1417820 2335.6
1417830 2330.5
1417840 2323.2
1417850 2323.2
1417860 2314.0
1417870 2305.5
1417880 2305.5
1417890 2299.2
1417900 2293.7
1417910 2293.7
1417920 2286.8
1417930 2279.2
1417940 2279.2
1417950 2274.6
1417960 2265.6
1417970 2265.6
1417980 2256.1
1417990 2255.2
1418000 2255.2
1418010 2263.2
1418020 2273.4
1418030 2284.6
1418040 2284.6
1418050 2286.3
1418060 2286.5
1418070 2286.5
1418080 2291.8
1418090 2295.3
1418100 2295.3
1418110 2296.5
1418120 2299.0
1418130 2299.0
1418140 2291.4
1418150 2281.8
1418160 2281.8
1418170 2280.2
1418180 2278.3
1418190 2278.3
1418200 2278.2
1418210 2276.9
1418220 2274.2
1418230 2274.2
1418240 2273.3
1418250 2276.7
1418260 2276.7
1418270 2286.6
1418280 2294.0
1418290 2294.0
1418300 2297.1
1418310 2304.9
1418320 2304.9
1418330 2312.7
1418340 2316.9
1418350 2316.9
1418360 2321.1
1418370 2327.8
1418380 2327.8
1418390 2332.4
1418400 2335.0
1418410 2338.9
1418420 2338.9
1418430 2342.8
1418440 2345.6
1418450 2345.6
1418460 2346.8
1418470 2348.0
1418480 2348.0
1418490 2348.0
1418500 2346.4
1418510 2346.4
1418520 2342.4
1418530 2337.1
1418540 2337.1
1418550 2330.8
1418560 2323.9
1418570 2323.9
1418580 2317.1
1418590 2311.6
1418600 2311.6
1418610 2308.7
1418620 2307.7
1418630 2306.8
1418640 2306.8
1418650 2306.6
1418660 2304.8
1418670 2304.8
1418680 2300.9
1418690 2297.2
1418700 2297.2
1418710 2293.5
1418720 2291.6
1418730 2291.6
1418740 2289.2
1418750 2285.9
1418760 2285.9
1418770 2283.7
1418780 2282.8
1418790 2282.8
1418800 2283.3
1418810 2284.1
1418820 2284.9
1418830 2284.9
1418840 2285.2
1418850 2286.2
1418860 2286.2
1418870 2288.4
1418880 2290.2
1418890 2290.2
1418900 2291.2
1418910 2291.7
1418920 2291.7
1418930 2293.3
1418940 2296.9
1418950 2296.9
1418960 2302.2
1418970 2307.9
1418980 2307.9
1418990 2313.8
1419000 2319.4
1419010 2324.5
1419020 2324.5
1419030 2328.2
1419040 2331.5
1419050 2331.5
1419060 2334.5
1419070 2337.9
1419080 2337.9
1419090 2342.5
1419100 2348.3
1419110 2348.3
1419120 2354.3
1419130 2360.3
1419140 2360.3
1419150 2365.9
1419160 2371.9
1419170 2371.9
1419180 2378.8
1419190 2386.0
1419200 2393.0
1419210 2393.0
1419220 2399.1
1419230 2403.5
1419240 2403.5
1419250 2408.3
1419260 2414.9
1419270 2414.9
1419280 2422.0
1419290 2429.3
1419300 2429.3
1419310 2436.4
1419320 2443.1
1419330 2443.1
1419340 2449.1
1419350 2452.0
1419360 2452.0
1419370 2452.5
1419380 2454.2
1419390 2457.3
1419400 2457.3
1419410 2460.7
1419420 2463.6
1419430 2463.6
1419440 2463.5
1419450 2464.7
1419460 2464.7
1419470 2469.9
1419480 2475.0
1419490 2475.0
1419500 2478.1
1419510 2480.0
1419520 2480.0
1419530 2480.9
1419540 2479.4
1419550 2479.4
1419560 2478.9
1419570 2479.7
1419580 2479.7
1419590 2481.3
1419600 2490.6
1419610 2494.7
1419620 2494.7
1419630 2510.0
1419640 2522.7
1419650 2522.7
1419660 2534.2
1419670 2544.3
1419680 2544.3
1419690 2557.4
1419700 2569.5
1419710 2569.5
1419720 2581.6
1419730 2585.2
1419740 2585.2
1419750 2599.7
1419760 2608.7
1419770 2608.7
1419780 2611.9
1419790 2615.3
1419800 2619.8
1419810 2619.8
1419820 2624.8
1419830 2631.6
1419840 2631.6
1419850 2633.8
1419860 2634.4
1419870 2634.4
1419880 2635.8
1419890 2637.5
1419900 2637.5
1419910 2641.7
1419920 2649.6
1419930 2649.6
1419940 2655.1
1419950 2652.2
1419960 2652.2
1419970 2644.6
1419980 2637.4
1419990 2629.7
