1400000 1161.9
1400010 1161.9
1400020 1162.6
1400030 1164.6
1400040 1164.6
1400050 1166.9
1400060 1171.5
1400070 1171.5
1400080 1178.1
1400090 1185.9
1400100 1185.9
1400110 1192.2
1400120 1197.3
1400130 1197.3
1400140 1204.0
1400150 1212.2
1400160 1220.2
1400170 1220.2
1400180 1227.1
1400190 1234.3
1400200 1234.3
1400210 1242.5
1400220 1252.3
1400230 1252.3
1400240 1262.8
1400250 1270.5
1400260 1270.5
1400270 1276.5
1400280 1283.1
1400290 1283.1
1400300 1290.0
1400310 1296.0
1400320 1296.0
1400330 1302.2
1400340 1308.4
1400350 1308.4
1400360 1315.1
1400370 1321.1
1400380 1329.1
1400390 1329.1
1400400 1337.2
1400410 1345.7
1400420 1345.7
1400430 1354.8
1400440 1364.4
1400450 1364.4
1400460 1375.0
1400470 1382.4
1400480 1382.4
1400490 1386.5
1400500 1390.7
1400510 1390.7
1400520 1397.2
1400530 1403.4
1400540 1403.4
1400550 1406.8
1400560 1409.4
1400570 1414.3
1400580 1414.3
1400590 1420.6
1400600 1426.8
1400610 1426.8
1400620 1432.6
1400630 1438.3
1400640 1438.3
1400650 1443.8
1400660 1448.9
1400670 1448.9
1400680 1453.4
1400690 1457.8
1400700 1457.8
1400710 1461.7
1400720 1465.2
1400730 1465.2
1400740 1468.4
1400750 1471.4
1400760 1473.9
1400770 1473.9
1400780 1476.5
1400790 1479.8
1400800 1479.8
1400810 1484.6
1400820 1488.5
1400830 1488.5
1400840 1491.5
1400850 1495.0
1400860 1495.0
1400870 1499.5
1400880 1503.7
1400890 1503.7
1400900 1507.3
1400910 1511.3
1400920 1511.3
1400930 1516.1
1400940 1522.3
1400950 1529.6
1400960 1529.6
1400970 1537.8
1400980 1545.6
1400990 1545.6
1401000 1551.6
1401010 1558.2
1401020 1558.2
1401030 1563.6
1401040 1568.3
1401050 1568.3
1401060 1572.5
1401070 1575.7
1401080 1575.7
1401090 1578.8
1401100 1582.0
1401110 1582.0
1401120 1586.9
1401130 1593.4
1401140 1598.8
1401150 1598.8
1401160 1602.4
1401170 1599.7
1401180 1599.7
1401190 1597.1
1401200 1597.7
1401210 1597.7
1401220 1599.2
1401230 1601.1
1401240 1601.1
1401250 1602.9
1401260 1606.4
1401270 1606.4
1401280 1610.9
1401290 1615.0
1401300 1615.0
1401310 1618.1
1401320 1619.9
1401330 1619.9
1401340 1621.8
1401350 1625.1
1401360 1630.0
1401370 1630.0
1401380 1635.2
1401390 1639.8
1401400 1639.8
1401410 1644.1
1401420 1649.0
1401430 1649.0
1401440 1654.3
1401450 1659.4
1401460 1659.4
1401470 1663.5
1401480 1667.3
1401490 1667.3
1401500 1671.3
1401510 1675.2
1401520 1675.2
1401530 1678.3
1401540 1680.7
1401550 1683.7
1401560 1683.7
1401570 1686.6
1401580 1689.5
1401590 1689.5
1401600 1692.5
1401610 1695.9
1401620 1695.9
1401630 1699.4
1401640 1702.7
1401650 1702.7
1401660 1706.2
1401670 1709.7
1401680 1709.7
1401690 1713.0
1401700 1716.1
1401710 1716.1
1401720 1719.8
1401730 1725.0
1401740 1730.5
1401750 1730.5
1401760 1735.8
1401770 1742.4
1401780 1742.4
1401790 1748.6
1401800 1755.0
1401810 1755.0
1401820 1763.1
1401830 1770.8
1401840 1770.8
1401850 1776.0
1401860 1779.7
1401870 1779.7
1401880 1781.8
1401890 1783.4
1401900 1783.4
1401910 1785.4
1401920 1787.4
1401930 1789.1
1401940 1789.1
1401950 1790.8
1401960 1792.6
1401970 1792.6
1401980 1794.7
1401990 1796.1
1402000 1796.1
1402010 1797.3
1402020 1798.8
1402030 1798.8
1402040 1799.2
1402050 1799.5
1402060 1799.5
1402070 1799.9
1402080 1800.2
1402090 1800.2
1402100 1800.1
1402110 1798.9
1402120 1798.9
1402130 1797.1
1402140 1795.4
1402150 1795.2
1402160 1795.2
1402170 1796.1
1402180 1796.2
1402190 1796.2
1402200 1797.9
1402210 1798.6
1402220 1798.6
1402230 1798.7
1402240 1798.7
1402250 1798.7
1402260 1797.8
1402270 1796.6
1402280 1796.6
1402290 1795.2
1402300 1793.5
1402310 1793.5
1402320 1792.1
1402330 1791.5
1402340 1790.1
1402350 1790.1
1402360 1789.1
1402370 1786.6
1402380 1786.6
1402390 1787.9
1402400 1788.7
1402410 1788.7
1402420 1787.8
1402430 1786.9
1402440 1786.9
1402450 1785.2
1402460 1783.0
1402470 1783.0
1402480 1779.7
1402490 1775.5
1402500 1775.5
1402510 1770.3
1402520 1763.5
1402530 1756.0
1402540 1756.0
1402550 1748.4
1402560 1741.3
1402570 1741.3
1402580 1734.1
1402590 1726.3
1402600 1726.3
1402610 1718.0
1402620 1709.3
1402630 1709.3
1402640 1700.4
1402650 1691.8
1402660 1691.8
1402670 1683.2
1402680 1673.9
1402690 1673.9
1402700 1665.2
1402710 1656.7
1402720 1649.2
1402730 1649.2
1402740 1643.7
1402750 1640.3
1402760 1640.3
1402770 1638.6
1402780 1637.1
1402790 1637.1
1402800 1634.3
1402810 1624.2
1402820 1624.2
1402830 1613.0
1402840 1602.7
1402850 1602.7
1402860 1594.9
1402870 1588.9
1402880 1588.9
1402890 1583.4
1402900 1576.0
1402910 1576.0
1402920 1566.5
1402930 1557.2
1402940 1551.7
1402950 1551.7
1402960 1549.4
1402970 1548.2
1402980 1548.2
1402990 1543.8
1403000 1538.9
1403010 1538.9
1403020 1534.5
1403030 1529.5
1403040 1529.5
1403050 1522.3
1403060 1514.8
1403070 1514.8
1403080 1507.0
1403090 1499.9
1403100 1499.9
1403110 1494.0
1403120 1488.3
1403130 1482.6
1403140 1482.6
1403150 1476.4
1403160 1470.4
1403170 1470.4
1403180 1463.1
1403190 1455.4
1403200 1455.4
1403210 1447.2
1403220 1439.9
1403230 1439.9
1403240 1434.0
1403250 1428.4
1403260 1428.4
1403270 1422.3
1403280 1415.9
1403290 1415.9
1403300 1407.2
1403310 1399.0
1403320 1393.4
1403330 1393.4
1403340 1388.3
1403350 1383.5
1403360 1383.5
1403370 1378.6
1403380 1374.3
1403390 1374.3
1403400 1371.2
1403410 1368.1
1403420 1368.1
1403430 1365.2
1403440 1362.8
1403450 1362.8
1403460 1360.7
1403470 1358.1
1403480 1358.1
1403490 1355.5
1403500 1352.9
1403510 1350.2
1403520 1350.2
1403530 1347.0
1403540 1344.0
1403550 1344.0
1403560 1340.8
1403570 1335.5
1403580 1335.5
1403590 1330.0
1403600 1325.3
1403610 1325.3
1403620 1321.5
1403630 1318.2
1403640 1318.2
1403650 1315.5
1403660 1314.6
1403670 1314.6
1403680 1314.8
1403690 1312.8
1403700 1312.8
1403710 1308.9
1403720 1304.7
1403730 1300.8
1403740 1300.8
1403750 1297.4
1403760 1294.0
1403770 1294.0
1403780 1290.3
1403790 1286.2
1403800 1286.2
1403810 1282.2
1403820 1279.1
1403830 1279.1
1403840 1275.8
1403850 1272.3
1403860 1272.3
1403870 1269.3
1403880 1265.7
1403890 1265.7
1403900 1262.9
1403910 1258.9
1403920 1250.6
1403930 1250.6
1403940 1246.5
1403950 1243.4
1403960 1243.4
1403970 1241.2
1403980 1238.6
1403990 1238.6
1404000 1234.4
1404010 1229.2
1404020 1229.2
1404030 1222.7
1404040 1216.1
1404050 1216.1
1404060 1210.2
1404070 1204.2
1404080 1204.2
1404090 1197.4
1404100 1190.4
1404110 1183.6
1404120 1183.6
1404130 1177.9
1404140 1172.5
1404150 1172.5
1404160 1166.7
1404170 1161.2
1404180 1161.2
1404190 1155.9
1404200 1150.5
1404210 1150.5
1404220 1143.3
1404230 1134.5
1404240 1134.5
1404250 1127.4
1404260 1121.2
1404270 1121.2
1404280 1115.0
1404290 1107.9
1404300 1101.7
1404310 1101.7
1404320 1095.6
1404330 1090.2
1404340 1090.2
1404350 1076.2
1404360 1068.6
1404370 1068.6
1404380 1069.1
1404390 1077.0
1404400 1077.0
1404410 1085.7
1404420 1092.1
1404430 1092.1
1404440 1098.8
1404450 1106.2
1404460 1106.2
1404470 1113.3
1404480 1120.3
1404490 1127.4
1404500 1127.4
1404510 1134.0
1404520 1140.5
1404530 1140.5
1404540 1147.0
1404550 1153.8
1404560 1153.8
1404570 1160.8
1404580 1167.6
1404590 1167.6
1404600 1173.4
1404610 1178.8
1404620 1178.8
1404630 1183.0
1404640 1185.3
1404650 1185.3
1404660 1186.4
1404670 1187.4
1404680 1187.4
1404690 1189.4
1404700 1191.9
1404710 1193.9
1404720 1193.9
1404730 1195.9
1404740 1198.7
1404750 1198.7
1404760 1203.3
1404770 1208.9
1404780 1208.9
1404790 1214.9
1404800 1219.8
1404810 1219.8
1404820 1224.0
1404830 1228.2
1404840 1228.2
1404850 1232.9
1404860 1236.9
1404870 1236.9
1404880 1239.0
1404890 1240.4
1404900 1241.6
1404910 1241.6
1404920 1243.8
1404930 1249.2
1404940 1249.2
1404950 1256.8
1404960 1265.6
1404970 1265.6
1404980 1275.4
1404990 1283.6
1405000 1283.6
1405010 1290.5
1405020 1295.0
1405030 1295.0
1405040 1288.8
1405050 1288.1
1405060 1288.1
1405070 1291.3
1405080 1296.9
1405090 1303.4
1405100 1303.4
1405110 1310.3
1405120 1317.9
1405130 1317.9
1405140 1326.2
1405150 1335.2
1405160 1335.2
1405170 1344.1
1405180 1353.3
1405190 1353.3
1405200 1361.9
1405210 1370.0
1405220 1370.0
1405230 1378.4
1405240 1387.1
1405250 1387.1
1405260 1397.1
1405270 1407.3
1405280 1415.9
1405290 1415.9
1405300 1424.0
1405310 1431.5
1405320 1431.5
1405330 1433.4
1405340 1429.5
1405350 1429.5
1405360 1422.8
1405370 1416.4
1405380 1416.4
1405390 1410.9
1405400 1406.3
1405410 1406.3
1405420 1402.7
1405430 1396.3
1405440 1396.3
1405450 1388.0
1405460 1382.3
1405470 1382.3
1405480 1378.0
1405490 1372.7
1405500 1367.6
1405510 1376.8
1405520 1374.2
1405530 1372.3
1405540 1372.3
1405550 1372.3
1405560 1372.1
1405570 1372.1
1405580 1371.2
1405590 1372.3
1405600 1372.3
1405610 1374.9
1405620 1379.1
1405630 1379.1
1405640 1387.2
1405650 1395.3
1405660 1395.3
1405670 1402.8
1405680 1412.0
1405690 1424.1
1405700 1424.1
1405710 1433.3
1405720 1443.6
1405730 1443.6
1405740 1451.0
1405750 1457.0
1405760 1457.0
1405770 1462.0
1405780 1467.4
1405790 1467.4
1405800 1473.9
1405810 1480.7
1405820 1480.7
1405830 1487.7
1405840 1494.2
1405850 1494.2
1405860 1500.4
1405870 1506.2
1405880 1512.4
1405890 1512.4
1405900 1518.8
1405910 1526.1
1405920 1526.1
1405930 1534.0
1405940 1542.1
1405950 1542.1
1405960 1549.9
1405970 1556.9
1405980 1556.9
1405990 1563.5
1406000 1570.1
1406010 1570.1
1406020 1576.8
1406030 1583.7
1406040 1583.7
1406050 1590.3
1406060 1596.9
1406070 1603.6
1406080 1603.6
1406090 1610.6
1406100 1617.7
1406110 1617.7
1406120 1625.0
1406130 1632.7
1406140 1632.7
1406150 1641.0
1406160 1649.2
1406170 1649.2
1406180 1657.1
1406190 1664.5
1406200 1664.5
1406210 1671.8
1406220 1679.6
1406230 1679.6
1406240 1688.5
1406250 1698.6
1406260 1698.6
1406270 1710.0
1406280 1720.4
1406290 1725.8
1406300 1725.8
1406310 1732.0
1406320 1739.5
1406330 1739.5
1406340 1747.1
1406350 1753.2
1406360 1753.2
1406370 1757.6
1406380 1763.0
1406390 1763.0
1406400 1768.4
1406410 1774.0
1406420 1774.0
1406430 1779.7
1406440 1785.6
1406450 1785.6
1406460 1791.6
1406470 1798.4
1406480 1805.6
1406490 1805.6
1406500 1812.8
1406510 1820.0
1406520 1820.0
1406530 1827.2
1406540 1833.2
1406550 1833.2
1406560 1838.4
1406570 1843.1
1406580 1843.1
1406590 1847.3
1406600 1851.5
1406610 1851.5
1406620 1855.8
1406630 1861.0
1406640 1861.0
1406650 1866.6
1406660 1871.9
1406670 1876.5
1406680 1876.5
1406690 1880.7
1406700 1885.0
1406710 1885.0
1406720 1889.2
1406730 1893.0
1406740 1893.0
1406750 1896.7
1406760 1900.2
1406770 1900.2
1406780 1903.4
1406790 1906.6
1406800 1906.6
1406810 1910.0
1406820 1913.4
1406830 1913.4
1406840 1916.3
1406850 1918.7
1406860 1920.3
1406870 1920.3
1406880 1922.3
1406890 1925.8
1406900 1925.8
1406910 1932.9
1406920 1940.0
1406930 1940.0
1406940 1944.3
1406950 1947.0
1406960 1947.0
1406970 1947.4
1406980 1946.3
1406990 1946.3
1407000 1944.7
1407010 1943.2
1407020 1943.2
1407030 1942.1
1407040 1941.3
1407050 1940.3
1407060 1940.3
1407070 1939.1
1407080 1939.0
1407090 1939.0
1407100 1938.7
1407110 1938.2
1407120 1946.1
1407130 1946.0
1407140 1947.1
1407150 1947.1
1407160 1948.8
1407170 1949.0
1407180 1949.0
1407190 1948.5
1407200 1948.3
1407210 1948.3
1407220 1950.3
1407230 1953.8
1407240 1953.8
1407250 1956.7
1407260 1959.0
1407270 1961.9
1407280 1961.9
1407290 1965.3
1407300 1967.5
1407310 1967.5
1407320 1969.7
1407330 1973.7
1407340 1973.7
1407350 1979.0
1407360 1984.7
1407370 1984.7
1407380 1989.6
1407390 1993.7
1407400 1993.7
1407410 1996.7
1407420 1998.8
1407430 1998.8
1407440 1999.5
1407450 1999.6
1407460 1998.7
1407470 1998.7
1407480 1996.0
1407490 1994.6
1407500 1994.6
1407510 1995.0
1407520 1994.9
1407530 1994.9
1407540 1994.6
1407550 1993.1
1407560 1993.1
1407570 1989.3
1407580 1982.5
1407590 1982.5
1407600 1984.3
1407610 1986.1
1407620 1986.1
1407630 1988.2
1407640 1990.8
1407650 1992.9
1407660 1992.9
1407670 1995.4
1407680 1995.9
1407690 1995.9
1407700 1997.7
1407710 1999.4
1407720 1999.4
1407730 2002.3
1407740 2007.5
1407750 2007.5
1407760 2011.7
1407770 2014.7
1407780 2014.7
1407790 2016.9
1407800 2017.9
1407810 2017.9
1407820 2018.0
1407830 2017.8
1407840 2018.0
1407850 2018.0
1407860 2018.0
1407870 2018.1
1407880 2018.1
1407890 2018.9
1407900 2019.2
1407910 2019.2
1407920 2018.5
1407930 2018.1
1407940 2018.1
1407950 2018.1
1407960 2018.3
1407970 2018.3
1407980 2022.0
1407990 2024.8
1408000 2024.8
1408010 2025.1
1408020 2024.9
1408030 2024.9
1408040 2025.1
1408050 2026.1
1408060 2027.3
1408070 2027.3
1408080 2028.0
1408090 2030.2
1408100 2030.2
1408110 2033.4
1408120 2037.6
1408130 2037.6
1408140 2042.2
1408150 2048.3
1408160 2048.3
1408170 2055.0
1408180 2060.6
1408190 2060.6
1408200 2066.9
1408210 2074.3
1408220 2074.3
1408230 2081.7
1408240 2086.9
1408250 2089.9
1408260 2089.9
1408270 2092.9
1408280 2096.6
1408290 2096.6
1408300 2100.6
1408310 2104.2
1408320 2104.2
1408330 2107.0
1408340 2109.3
1408350 2109.3
1408360 2112.5
1408370 2116.4
1408380 2116.4
1408390 2118.1
1408400 2118.8
1408410 2118.8
1408420 2119.2
1408430 2119.7
1408440 2119.3
1408450 2119.3
1408460 2118.7
1408470 2118.2
1408480 2118.2
1408490 2118.5
1408500 2120.7
1408510 2120.7
1408520 2124.1
1408530 2129.0
1408540 2129.0
1408550 2135.1
1408560 2141.2
1408570 2141.2
1408580 2146.9
1408590 2152.3
1408600 2152.3
1408610 2156.6
1408620 2159.4
1408630 2161.6
1408640 2161.6
1408650 2163.8
1408660 2165.4
1408670 2165.4
1408680 2167.4
1408690 2169.3
1408700 2169.3
1408710 2171.0
1408720 2172.6
1408730 2172.6
1408740 2174.1
1408750 2175.9
1408760 2175.9
1408770 2176.1
1408780 2177.4
1408790 2177.4
1408800 2178.9
1408810 2180.0
1408820 2180.0
1408830 2180.6
1408840 2180.8
1408850 2181.2
1408860 2181.2
1408870 2181.9
1408880 2182.2
1408890 2182.2
1408900 2182.5
1408910 2182.9
1408920 2182.9
1408930 2183.6
1408940 2184.6
1408950 2184.6
1408960 2185.5
1408970 2186.1
1408980 2186.1
1408990 2187.3
1409000 2189.0
1409010 2189.0
1409020 2190.4
1409030 2191.0
1409040 2192.0
1409050 2192.0
1409060 2193.8
1409070 2196.1
1409080 2196.1
1409090 2199.1
1409100 2201.4
1409110 2201.4
1409120 2205.1
1409130 2209.5
1409140 2209.5
1409150 2214.2
1409160 2218.4
1409170 2218.4
1409180 2222.5
1409190 2227.8
1409200 2227.8
1409210 2233.7
1409220 2238.9
1409230 2244.7
1409240 2244.7
1409250 2250.9
1409260 2256.8
1409270 2256.8
1409280 2262.6
1409290 2268.5
1409300 2268.5
1409310 2274.7
1409320 2281.7
1409330 2281.7
1409340 2288.7
1409350 2295.8
1409360 2295.8
1409370 2302.7
1409380 2309.9
1409390 2309.9
1409400 2317.0
1409410 2323.8
1409420 2330.4
1409430 2330.4
1409440 2336.6
1409450 2342.5
1409460 2342.5
1409470 2345.3
1409480 2346.4
1409490 2346.4
1409500 2348.7
1409510 2350.1
1409520 2350.1
1409530 2351.0
1409540 2350.3
1409550 2350.3
1409560 2350.1
1409570 2351.9
1409580 2351.9
1409590 2354.1
1409600 2356.5
1409610 2359.5
1409620 2359.5
1409630 2361.8
1409640 2362.6
1409650 2362.6
1409660 2363.3
1409670 2364.3
1409680 2364.3
1409690 2365.3
1409700 2364.3
1409710 2364.3
1409720 2362.3
1409730 2360.3
1409740 2360.3
1409750 2359.1
1409760 2357.7
1409770 2357.7
1409780 2356.1
1409790 2353.9
1409800 2353.9
1409810 2350.2
1409820 2349.9
1409830 2352.0
1409840 2352.0
1409850 2355.2
1409860 2357.7
1409870 2357.7
1409880 2360.1
1409890 2363.2
1409900 2363.2
1409910 2367.3
1409920 2372.5
1409930 2372.5
1409940 2377.7
1409950 2382.7
1409960 2382.7
1409970 2386.8
1409980 2391.4
1409990 2391.4
1410000 2397.6
1410010 2403.3
1410020 2408.6
1410030 2408.6
1410040 2414.6
1410050 2422.4
1410060 2422.4
1410070 2430.1
1410080 2437.1
1410090 2437.1
1410100 2444.0
1410110 2450.5
1410120 2450.5
1410130 2457.0
1410140 2464.5
1410150 2464.5
1410160 2471.7
1410170 2478.2
1410180 2478.2
1410190 2482.1
1410200 2482.4
1410210 2484.9
1410220 2484.9
1410230 2490.8
1410240 2496.9
1410250 2496.9
1410260 2500.4
1410270 2506.2
1410280 2506.2
1410290 2511.4
1410300 2515.3
1410310 2515.3
1410320 2518.6
1410330 2522.9
1410340 2522.9
1410350 2530.5
1410360 2538.0
1410370 2538.0
1410380 2544.2
1410390 2549.6
1410400 2555.8
1410410 2555.8
1410420 2563.3
1410430 2573.6
1410440 2573.6
1410450 2591.2
1410460 2602.0
1410470 2602.0
1410480 2611.2
1410490 2616.4
1410500 2616.4
1410510 2621.3
1410520 2628.8
1410530 2628.8
1410540 2638.3
1410550 2643.1
1410560 2643.1
1410570 2648.3
1410580 2654.3
1410590 2654.3
1410600 2661.7
1410610 2666.6
1410620 2668.9
1410630 2668.9
1410640 2672.9
1410650 2673.5
1410660 2673.5
1410670 2675.0
1410680 2679.0
1410690 2679.0
1410700 2683.8
1410710 2689.9
1410720 2689.9
1410730 2697.0
1410740 2704.1
1410750 2704.1
1410760 2711.3
1410770 2717.1
1410780 2717.1
1410790 2721.3
1410800 2722.4
1410810 2723.6
1410820 2723.6
1410830 2727.6
1410840 2734.1
1410850 2734.1
1410860 2739.2
1410870 2736.9
1410880 2736.9
1410890 2733.7
1410900 2725.7
1410910 2725.7
1410920 2713.1
1410930 2700.9
1410940 2700.9
1410950 2691.9
1410960 2683.2
1410970 2683.2
1410980 2675.8
1410990 2670.2
1411000 2664.1
1411010 2664.1
1411020 2659.5
1411030 2657.3
1411040 2657.3
1411050 2655.8
1411060 2656.0
1411070 2656.0
1411080 2654.9
1411090 2650.4
1411100 2650.4
1411110 2646.9
1411120 2643.6
1411130 2643.6
1411140 2643.7
1411150 2645.6
1411160 2645.6
1411170 2646.4
1411180 2647.1
1411190 2645.1
1411200 2645.1
1411210 2641.8
1411220 2640.5
1411230 2640.5
1411240 2639.4
1411250 2638.0
1411260 2638.0
1411270 2635.7
1411280 2632.2
1411290 2632.2
1411300 2629.6
1411310 2626.6
1411320 2626.6
1411330 2625.0
1411340 2625.6
1411350 2625.6
1411360 2625.7
1411370 2625.7
1411380 2625.7
1411390 2624.7
1411400 2623.5
1411410 2623.0
1411420 2623.0
1411430 2624.2
1411440 2626.9
1411450 2626.9
1411460 2630.1
1411470 2632.6
1411480 2632.6
1411490 2633.9
1411500 2635.8
1411510 2635.8
1411520 2640.2
1411530 2643.6
1411540 2643.6
1411550 2646.8
1411560 2649.1
1411570 2649.1
1411580 2652.3
1411590 2654.6
1411600 2655.5
1411610 2655.5
1411620 2656.5
1411630 2659.1
1411640 2659.1
1411650 2662.7
1411660 2666.5
1411670 2666.5
1411680 2671.5
1411690 2677.5
1411700 2677.5
1411710 2684.2
1411720 2690.7
1411730 2690.7
1411740 2697.3
1411750 2703.9
1411760 2703.9
1411770 2711.4
1411780 2722.8
1411790 2737.5
1411800 2737.5
1411810 2748.6
1411820 2757.3
1411830 2757.3
1411840 2763.5
1411850 2770.6
1411860 2770.6
1411870 2776.2
1411880 2783.4
1411890 2783.4
1411900 2790.2
1411910 2797.2
1411920 2797.2
1411930 2809.7
1411940 2829.5
1411950 2829.5
1411960 2845.1
1411970 2846.2
1411980 2845.7
1411990 2845.7
1412000 2846.1
1412010 2845.5
1412020 2845.5
1412030 2846.9
1412040 2847.5
1412050 2847.5
1412060 2849.2
1412070 2849.5
1412080 2849.5
1412090 2849.7
1412100 2849.6
1412110 2849.6
1412120 2850.4
1412130 2851.7
1412140 2851.7
1412150 2853.2
1412160 2855.4
1412170 2856.7
1412180 2858.1
1412190 2860.8
1412200 2863.4
1412210 2863.4
1412220 2867.0
1412230 2872.4
1412240 2872.4
1412250 2876.7
1412260 2879.9
1412270 2879.9
1412280 2877.3
1412290 2870.4
1412300 2870.4
1412310 2863.3
1412320 2854.1
1412330 2854.1
1412340 2845.8
1412350 2836.8
1412360 2836.8
1412370 2826.0
1412380 2814.7
1412390 2804.4
1412400 2804.4
1412410 2795.6
1412420 2788.8
1412430 2788.8
1412440 2783.8
1412450 2777.3
1412460 2777.3
1412470 2770.2
1412480 2764.6
1412490 2764.6
1412500 2758.8
1412510 2754.0
1412520 2754.0
1412530 2749.8
1412540 2745.2
1412550 2745.2
1412560 2742.0
1412570 2739.6
1412580 2739.0
1412590 2739.0
1412600 2738.4
1412610 2738.3
1412620 2738.3
1412630 2737.9
1412640 2736.7
1412650 2736.7
1412660 2734.8
1412670 2732.4
1412680 2732.4
1412690 2729.4
1412700 2726.5
1412710 2726.5
1412720 2724.4
1412730 2722.9
1412740 2722.9
1412750 2720.8
1412760 2718.3
1412770 2715.3
1412780 2715.3
1412790 2712.4
1412800 2710.2
1412810 2710.2
1412820 2707.5
1412830 2705.7
1412840 2705.7
1412850 2703.9
1412860 2702.3
1412870 2702.3
1412880 2700.7
1412890 2698.5
1412900 2698.5
1412910 2695.4
1412920 2692.2
1412930 2692.2
1412940 2689.2
1412950 2687.3
1412960 2684.7
1412970 2684.7
1412980 2679.9
1412990 2673.8
1413000 2673.8
1413010 2668.8
1413020 2668.2
1413030 2668.2
1413040 2667.1
1413050 2666.9
1413060 2666.9
1413070 2664.6
1413080 2661.5
1413090 2661.5
1413100 2657.3
1413110 2652.7
1413120 2652.7
1413130 2649.1
1413140 2646.4
1413150 2646.4
1413160 2642.5
1413170 2639.3
1413180 2638.6
1413190 2638.6
1413200 2637.6
1413210 2635.5
1413220 2635.5
1413230 2632.7
1413240 2628.1
1413250 2628.1
1413260 2623.1
1413270 2619.3
1413280 2619.3
1413290 2613.2
1413300 2607.4
1413310 2607.4
1413320 2603.0
1413330 2598.4
1413340 2598.4
1413350 2594.2
1413360 2590.6
1413370 2587.4
1413380 2587.4
1413390 2584.5
1413400 2582.8
1413410 2582.8
1413420 2581.6
1413430 2579.1
1413440 2579.1
1413450 2576.6
1413460 2572.5
1413470 2572.5
1413480 2569.2
1413490 2570.2
1413500 2570.2
1413510 2570.5
1413520 2569.8
1413530 2569.8
1413540 2567.3
1413550 2564.0
1413560 2560.9
1413570 2560.9
1413580 2560.6
1413590 2565.0
1413600 2565.0
1413610 2572.1
1413620 2581.3
1413630 2581.3
1413640 2590.8
1413650 2597.0
1413660 2597.0
1413670 2599.0
1413680 2600.1
1413690 2600.1
1413700 2598.6
1413710 2595.0
1413720 2595.0
1413730 2592.5
1413740 2592.2
1413750 2595.5
1413760 2595.5
1413770 2599.3
1413780 2600.6
1413790 2600.6
1413800 2602.6
1413810 2605.5
1413820 2605.5
1413830 2610.4
1413840 2616.1
1413850 2616.1
1413860 2623.8
1413870 2630.6
1413880 2630.6
1413890 2633.1
1413900 2633.8
1413910 2633.8
1413920 2634.8
1413930 2636.5
1413940 2639.0
1413950 2642.5
1413960 2645.4
1413970 2648.5
1413980 2648.5
1413990 2652.2
1414000 2656.6
1414010 2656.6
1414020 2660.6
1414030 2663.7
1414040 2663.7
1414050 2666.8
1414060 2670.5
1414070 2670.5
1414080 2675.2
1414090 2679.5
1414100 2679.5
1414110 2683.3
1414120 2687.1
1414130 2687.1
1414140 2691.4
1414150 2696.3
1414160 2701.5
1414170 2701.5
1414180 2706.8
1414190 2709.8
1414200 2709.8
1414210 2712.4
1414220 2713.8
1414230 2713.8
1414240 2717.2
1414250 2721.1
1414260 2721.1
1414270 2723.9
1414280 2726.6
1414290 2726.6
1414300 2729.7
1414310 2733.3
1414320 2733.3
1414330 2737.4
1414340 2739.0
1414350 2743.2
1414360 2743.2
1414370 2748.0
1414380 2751.6
1414390 2751.6
1414400 2754.8
1414410 2759.7
1414420 2759.7
1414430 2765.9
1414440 2773.4
1414450 2773.4
1414460 2785.9
1414470 2803.7
1414480 2803.7
1414490 2819.1
1414500 2829.9
1414510 2829.9
1414520 2839.6
1414530 2852.5
1414540 2867.5
1414550 2867.5
1414560 2876.2
1414570 2884.2
1414580 2884.2
1414590 2894.9
1414600 2903.4
1414610 2903.4
1414620 2911.6
1414630 2923.4
1414640 2923.4
1414650 2935.7
1414660 2942.8
1414670 2942.8
1414680 2948.4
1414690 2956.3
1414700 2956.3
1414710 2965.9
1414720 2974.9
1414730 2984.2
1414740 2984.2
1414750 2992.3
1414760 3001.9
1414770 3001.9
1414780 3013.8
1414790 3024.5
1414800 3024.5
1414810 3036.3
1414820 3042.5
1414830 3042.5
1414840 3035.0
1414850 3023.2
1414860 3023.2
1414870 3011.0
1414880 2997.6
1414890 2997.6
1414900 2986.6
1414910 2973.1
1414920 2973.1
1414930 2962.8
1414940 2956.4
1414950 2951.3
1414960 2951.3
1414970 2946.2
1414980 2939.2
1414990 2939.2
1415000 2929.6
1415010 2917.6
1415020 2917.6
1415030 2904.9
1415040 2892.4
1415050 2892.4
1415060 2880.1
1415070 2871.3
1415080 2871.3
1415090 2861.2
1415100 2852.7
1415110 2852.7
1415120 2842.2
1415130 2830.9
1415140 2820.9
1415150 2820.9
1415160 2811.8
1415170 2804.0
1415180 2804.0
1415190 2796.6
1415200 2789.3
1415210 2789.3
1415220 2782.4
1415230 2775.9
1415240 2775.9
1415250 2769.8
1415260 2764.1
1415270 2764.1
1415280 2759.2
1415290 2755.2
1415300 2755.2
1415310 2751.9
1415320 2748.7
1415330 2745.2
1415340 2745.2
1415350 2741.3
1415360 2737.4
1415370 2737.4
1415380 2733.7
1415390 2730.1
1415400 2730.1
1415410 2726.6
1415420 2723.6
1415430 2723.6
1415440 2720.6
1415450 2717.3
1415460 2717.3
1415470 2714.1
1415480 2711.3
1415490 2711.3
1415500 2708.2
1415510 2705.6
1415520 2704.0
1415530 2704.0
1415540 2703.1
1415550 2702.5
1415560 2702.5
1415570 2701.9
1415580 2701.5
1415590 2701.5
1415600 2701.1
1415610 2700.4
1415620 2700.4
1415630 2699.6
1415640 2698.9
1415650 2698.9
1415660 2698.1
1415670 2699.1
1415680 2699.1
1415690 2702.8
1415700 2706.3
1415710 2709.8
1415720 2709.8
1415730 2713.8
1415740 2718.1
1415750 2718.1
1415760 2717.0
1415770 2721.0
1415780 2721.0
1415790 2722.7
1415800 2720.4
1415810 2720.4
1415820 2715.9
1415830 2711.1
1415840 2711.1
1415850 2706.2
1415860 2702.9
1415870 2702.9
1415880 2699.7
1415890 2697.8
1415900 2697.8
1415910 2699.0
1415920 2703.6
1415930 2720.9
1415940 2720.9
1415950 2731.2
1415960 2724.8
1415970 2724.8
1415980 2716.2
1415990 2707.9
1416000 2707.9
1416010 2703.2
1416020 2700.5
1416030 2700.5
1416040 2699.3
1416050 2697.5
1416060 2697.5
1416070 2696.0
1416080 2696.5
1416090 2696.5
1416100 2699.9
1416110 2696.2
1416120 2684.1
1416130 2684.1
1416140 2672.5
1416150 2656.9
1416160 2656.9
1416170 2644.1
1416180 2636.2
1416190 2636.2
1416200 2628.8
1416210 2621.8
1416220 2621.8
1416230 2614.7
1416240 2608.4
1416250 2608.4
1416260 2603.2
1416270 2598.5
1416280 2598.5
1416290 2596.1
1416300 2594.7
1416310 2594.3
1416320 2594.3
1416330 2592.6
1416340 2586.7
1416350 2586.7
1416360 2585.3
1416370 2588.1
1416380 2588.1
1416390 2591.2
1416400 2593.4
1416410 2593.4
1416420 2594.9
1416430 2596.0
1416440 2596.0
1416450 2595.7
1416460 2584.6
1416470 2584.6
1416480 2571.1
1416490 2570.1
1416500 2564.7
1416510 2564.7
1416520 2557.9
1416530 2550.7
1416540 2550.7
1416550 2545.9
1416560 2545.3
1416570 2545.3
1416580 2547.4
1416590 2548.6
1416600 2548.6
1416610 2549.0
1416620 2553.6
1416630 2553.6
1416640 2559.9
1416650 2567.6
1416660 2567.6
1416670 2574.2
1416680 2581.1
1416690 2581.1
1416700 2587.4
1416710 2592.1
1416720 2596.6
1416730 2596.6
1416740 2600.7
1416750 2608.5
1416760 2608.5
1416770 2620.8
1416780 2626.8
1416790 2626.8
1416800 2628.1
1416810 2628.8
1416820 2628.8
1416830 2631.4
1416840 2634.5
1416850 2634.5
1416860 2635.9
1416870 2634.6
1416880 2634.6
1416890 2633.7
1416900 2634.3
1416910 2634.8
1416920 2634.8
1416930 2636.4
1416940 2638.8
1416950 2638.8
1416960 2643.1
1416970 2647.9
1416980 2647.9
1416990 2650.8
1417000 2647.5
1417010 2647.5
1417020 2642.8
1417030 2642.5
1417040 2642.5
1417050 2641.1
1417060 2642.6
1417070 2642.6
1417080 2649.0
1417090 2652.9
1417100 2651.6
1417110 2651.6
1417120 2648.5
1417130 2647.6
1417140 2647.6
1417150 2647.0
1417160 2645.3
1417170 2645.3
1417180 2641.4
1417190 2635.8
1417200 2635.8
1417210 2628.4
1417220 2621.7
1417230 2621.7
1417240 2610.9
1417250 2600.3
1417260 2600.3
1417270 2598.1
1417280 2595.9
1417290 2594.5
1417300 2594.5
1417310 2592.8
1417320 2588.7
1417330 2588.7
1417340 2585.1
1417350 2582.6
1417360 2582.6
1417370 2579.9
1417380 2579.8
1417390 2579.8
1417400 2581.4
1417410 2585.3
1417420 2585.3
1417430 2589.8
1417440 2594.4
1417450 2594.4
1417460 2599.1
1417470 2603.7
1417480 2603.7
1417490 2610.7
1417500 2618.5
1417510 2626.5
1417520 2626.5
1417530 2620.0
1417540 2605.7
1417550 2605.7
1417560 2590.9
1417570 2574.4
1417580 2574.4
1417590 2558.0
1417600 2543.9
1417610 2543.9
1417620 2530.4
1417630 2517.0
1417640 2517.0
1417650 2501.3
1417660 2493.5
1417670 2493.5
1417680 2487.8
1417690 2483.0
1417700 2479.5
1417710 2479.5
1417720 2476.2
1417730 2473.8
1417740 2473.8
1417750 2471.7
1417760 2472.2
1417770 2472.2
1417780 2472.1
1417790 2467.3
1417800 2467.3
1417810 2458.7
1417820 2454.0
1417830 2454.0
1417840 2452.9
1417850 2455.3
1417860 2455.3
1417870 2453.3
1417880 2445.8
1417890 2441.4
1417900 2441.4
1417910 2432.1
1417920 2425.1
1417930 2425.1
1417940 2421.1
1417950 2416.6
1417960 2416.6
1417970 2410.6
1417980 2403.3
1417990 2403.3
1418000 2398.6
1418010 2394.5
1418020 2394.5
1418030 2391.0
1418040 2389.4
1418050 2389.4
1418060 2389.3
1418070 2390.0
1418080 2391.6
1418090 2391.6
1418100 2393.7
1418110 2397.4
1418120 2397.4
1418130 2400.5
1418140 2402.3
1418150 2402.3
1418160 2402.1
1418170 2401.3
1418180 2401.3
1418190 2400.7
1418200 2400.6
1418210 2400.6
1418220 2400.8
1418230 2401.1
1418240 2401.1
1418250 2403.5
1418260 2405.9
1418270 2407.6
1418280 2407.6
1418290 2410.0
1418300 2411.9
1418310 2411.9
1418320 2414.0
1418330 2417.7
1418340 2417.7
1418350 2422.4
1418360 2427.0
1418370 2427.0
1418380 2432.6
1418390 2437.7
1418400 2437.7
1418410 2439.5
1418420 2440.3
1418430 2440.3
1418440 2441.9
1418450 2444.3
1418460 2444.3
1418470 2448.2
1418480 2452.6
1418490 2457.9
1418500 2457.9
1418510 2463.3
1418520 2469.0
1418530 2469.0
1418540 2475.0
1418550 2480.2
1418560 2480.2
1418570 2484.2
1418580 2488.6
1418590 2488.6
1418600 2494.4
1418610 2499.6
1418620 2499.6
1418630 2505.0
1418640 2511.2
1418650 2511.2
1418660 2517.5
1418670 2525.4
1418680 2531.4
1418690 2531.4
1418700 2534.4
1418710 2534.4
1418720 2534.4
1418730 2534.5
1418740 2536.6
1418750 2536.6
1418760 2540.2
1418770 2543.7
1418780 2543.7
1418790 2548.1
1418800 2552.7
1418810 2552.7
1418820 2559.2
1418830 2564.8
1418840 2564.8
1418850 2568.5
1418860 2572.2
1418870 2572.1
1418880 2572.1
1418890 2571.3
1418900 2570.8
1418910 2570.8
1418920 2569.3
1418930 2567.0
1418940 2567.0
1418950 2564.4
1418960 2562.8
1418970 2562.8
1418980 2559.5
1418990 2555.6
1419000 2555.6
1419010 2556.3
1419020 2561.0
1419030 2561.0
1419040 2564.5
1419050 2564.8
1419060 2562.9
1419070 2562.9
1419080 2562.7
1419090 2565.3
1419100 2565.3
1419110 2570.7
1419120 2573.4
1419130 2573.4
1419140 2570.2
1419150 2568.2
1419160 2568.2
1419170 2568.8
1419180 2569.4
1419190 2569.4
1419200 2567.6
1419210 2569.0
1419220 2569.0
1419230 2569.9
1419240 2568.8
1419250 2568.8
1419260 2567.9
1419270 2567.1
1419280 2566.8
1419290 2566.8
1419300 2566.7
1419310 2566.4
1419320 2566.4
1419330 2567.7
1419340 2570.5
1419350 2570.5
1419360 2573.6
1419370 2578.8
1419380 2578.8
1419390 2586.0
1419400 2593.7
1419410 2593.7
1419420 2595.3
1419430 2594.0
1419440 2594.0
1419450 2590.5
1419460 2588.5
1419470 2584.3
1419480 2584.3
1419490 2578.7
1419500 2576.6
1419510 2576.6
1419520 2576.2
1419530 2573.6
1419540 2569.8
1419550 2568.7
1419560 2569.7
1419570 2569.7
1419580 2572.7
1419590 2581.0
1419600 2581.0
1419610 2589.3
1419620 2592.1
1419630 2592.1
1419640 2597.7
1419650 2602.2
1419660 2604.2
1419670 2604.2
1419680 2606.3
1419690 2608.6
1419700 2608.6
1419710 2611.8
1419720 2615.7
1419730 2615.7
1419740 2620.0
1419750 2624.5
1419760 2624.5
1419770 2628.3
1419780 2632.6
1419790 2632.6
1419800 2637.1
1419810 2641.2
1419820 2641.2
1419830 2644.6
1419840 2647.8
1419850 2650.2
1419860 2650.2
1419870 2654.4
1419880 2663.9
1419890 2663.9
1419900 2665.9
1419910 2671.0
1419920 2671.0
1419930 2674.2
1419940 2671.3
1419950 2671.3
1419960 2674.3
1419970 2676.9
1419980 2676.9
1419990 2683.0
