1400000 1194.1
1400010 1194.1
1400020 1192.7
1400030 1190.9
1400040 1190.9
1400050 1190.2
1400060 1191.9
1400070 1191.9
1400080 1195.5
1400090 1200.1
1400100 1200.1
1400110 1207.3
1400120 1216.1
1400130 1216.1
1400140 1224.3
1400150 1230.8
1400160 1235.1
1400170 1235.1
1400180 1239.4
1400190 1243.9
1400200 1243.9
1400210 1248.7
1400220 1254.6
1400230 1254.6
1400240 1262.0
1400250 1269.8
1400260 1269.8
1400270 1278.1
1400280 1287.6
1400290 1287.6
1400300 1297.1
1400310 1305.4
1400320 1305.4
1400330 1311.8
1400340 1317.1
1400350 1323.3
1400360 1323.3
1400370 1330.7
1400380 1338.4
1400390 1338.4
1400400 1346.1
1400410 1353.9
1400420 1353.9
1400430 1362.3
1400440 1371.4
1400450 1371.4
1400460 1381.8
1400470 1393.7
1400480 1393.7
1400490 1403.7
1400500 1409.6
1400510 1409.6
1400520 1413.6
1400530 1414.1
1400540 1417.3
1400550 1417.3
1400560 1423.6
1400570 1427.6
1400580 1427.6
1400590 1430.8
1400600 1435.0
1400610 1435.0
1400620 1440.4
1400630 1445.9
1400640 1445.9
1400650 1449.7
1400660 1452.8
1400670 1452.8
1400680 1456.9
1400690 1461.6
1400700 1461.6
1400710 1466.8
1400720 1471.9
1400730 1475.2
1400740 1475.2
1400750 1478.7
1400760 1482.5
1400770 1482.5
1400780 1486.2
1400790 1489.4
1400800 1489.4
1400810 1492.6
1400820 1496.7
1400830 1496.7
1400840 1500.2
1400850 1503.6
1400860 1503.6
1400870 1508.2
1400880 1514.3
1400890 1514.3
1400900 1520.0
1400910 1526.9
1400920 1535.1
1400930 1535.1
1400940 1541.9
1400950 1548.7
1400960 1548.7
1400970 1555.6
1400980 1557.6
1400990 1557.6
1401000 1563.2
1401010 1569.6
1401020 1569.6
1401030 1575.6
1401040 1581.5
1401050 1581.5
1401060 1587.3
1401070 1593.2
1401080 1593.2
1401090 1597.7
1401100 1602.0
1401110 1602.0
1401120 1605.8
1401130 1609.8
1401140 1611.8
1401150 1611.8
1401160 1611.2
1401170 1608.6
1401180 1608.6
1401190 1608.1
1401200 1609.2
1401210 1609.2
1401220 1609.2
1401230 1610.3
1401240 1610.3
1401250 1612.8
1401260 1615.8
1401270 1615.8
1401280 1618.6
1401290 1622.0
1401300 1622.0
1401310 1626.6
1401320 1631.3
1401330 1635.5
1401340 1635.5
1401350 1639.5
1401360 1643.8
1401370 1643.8
1401380 1648.5
1401390 1653.8
1401400 1653.8
1401410 1659.1
1401420 1664.3
1401430 1664.3
1401440 1668.8
1401450 1672.4
1401460 1672.4
1401470 1675.1
1401480 1678.5
1401490 1678.5
1401500 1682.1
1401510 1684.6
1401520 1686.3
1401530 1686.3
1401540 1689.0
1401550 1691.6
1401560 1691.6
1401570 1694.2
1401580 1697.0
1401590 1697.0
1401600 1700.3
1401610 1703.5
1401620 1703.5
1401630 1706.5
1401640 1709.6
1401650 1709.6
1401660 1712.6
1401670 1715.7
1401680 1715.7
1401690 1719.5
1401700 1724.5
1401710 1729.6
1401720 1729.6
1401730 1735.6
1401740 1743.1
1401750 1743.1
1401760 1749.5
1401770 1755.3
1401780 1755.3
1401790 1761.6
1401800 1769.2
1401810 1769.2
1401820 1777.5
1401830 1783.8
1401840 1783.8
1401850 1787.8
1401860 1791.3
1401870 1791.3
1401880 1794.8
1401890 1798.2
1401900 1798.2
1401910 1801.3
1401920 1803.9
1401930 1806.7
1401940 1806.7
1401950 1809.2
1401960 1811.1
1401970 1811.1
1401980 1813.1
1401990 1814.2
1402000 1814.2
1402010 1815.8
1402020 1817.2
1402030 1817.2
1402040 1818.0
1402050 1818.8
1402060 1818.8
1402070 1819.4
1402080 1819.2
1402090 1819.2
1402100 1818.7
1402110 1818.0
1402120 1816.8
1402130 1816.8
1402140 1815.3
1402150 1813.7
1402160 1813.7
1402170 1812.4
1402180 1812.3
1402190 1812.3
1402200 1812.2
1402210 1811.8
1402220 1811.8
1402230 1811.0
1402240 1808.8
1402250 1808.8
1402260 1807.1
1402270 1805.5
1402280 1805.5
1402290 1803.8
1402300 1802.6
1402310 1802.2
1402320 1802.2
1402330 1802.1
1402340 1802.1
1402350 1802.1
1402360 1802.0
1402370 1801.5
1402380 1801.5
1402390 1800.7
1402400 1800.0
1402410 1800.0
1402420 1799.6
1402430 1798.2
1402440 1798.2
1402450 1794.0
1402460 1787.8
1402470 1787.8
1402480 1780.8
1402490 1773.8
1402500 1766.9
1402510 1768.3
1402520 1761.0
1402530 1753.3
1402540 1753.3
1402550 1746.4
1402560 1739.6
1402570 1739.6
1402580 1732.8
1402590 1726.0
1402600 1726.0
1402610 1719.2
1402620 1712.2
1402630 1712.2
1402640 1705.0
1402650 1698.4
1402660 1698.4
1402670 1692.2
1402680 1686.2
1402690 1686.2
1402700 1681.1
1402710 1677.9
1402720 1676.7
1402730 1676.7
1402740 1675.0
1402750 1671.2
1402760 1671.2
1402770 1665.8
1402780 1660.2
1402790 1660.2
1402800 1653.2
1402810 1647.2
1402820 1647.2
1402830 1642.0
1402840 1635.5
1402850 1635.5
1402860 1627.7
1402870 1615.0
1402880 1615.0
1402890 1601.9
1402900 1595.3
1402910 1591.0
1402920 1591.0
1402930 1587.9
1402940 1584.3
1402950 1584.3
1402960 1579.2
1402970 1571.9
1402980 1571.9
1402990 1563.7
1403000 1555.9
1403010 1555.9
1403020 1548.9
1403030 1542.2
1403040 1542.2
1403050 1535.9
1403060 1529.4
1403070 1529.4
1403080 1522.1
1403090 1514.5
1403100 1507.3
1403110 1507.3
1403120 1500.8
1403130 1494.4
1403140 1494.4
1403150 1488.5
1403160 1483.1
1403170 1483.1
1403180 1477.0
1403190 1470.5
1403200 1470.5
1403210 1465.1
1403220 1458.4
1403230 1458.4
1403240 1451.9
1403250 1446.7
1403260 1446.7
1403270 1440.9
1403280 1433.0
1403290 1423.9
1403300 1423.9
1403310 1416.1
1403320 1409.5
1403330 1409.5
1403340 1404.9
1403350 1401.2
1403360 1401.2
1403370 1397.6
1403380 1394.2
1403390 1394.2
1403400 1391.2
1403410 1388.4
1403420 1388.4
1403430 1385.6
1403440 1382.3
1403450 1382.3
1403460 1379.6
1403470 1376.8
1403480 1376.8
1403490 1373.5
1403500 1368.6
1403510 1362.9
1403520 1362.9
1403530 1358.3
1403540 1354.0
1403550 1354.0
1403560 1349.1
1403570 1345.6
1403580 1345.6
1403590 1343.3
1403600 1340.6
1403610 1340.6
1403620 1338.9
1403630 1337.8
1403640 1337.8
1403650 1333.7
1403660 1331.2
1403670 1331.2
1403680 1327.3
1403690 1322.4
1403700 1318.0
1403710 1318.0
1403720 1313.9
1403730 1309.9
1403740 1309.9
1403750 1306.2
1403760 1302.5
1403770 1302.5
1403780 1299.1
1403790 1295.8
1403800 1295.8
1403810 1292.7
1403820 1289.9
1403830 1289.9
1403840 1286.3
1403850 1283.2
1403860 1283.2
1403870 1280.1
1403880 1277.2
1403890 1274.3
1403900 1274.3
1403910 1271.7
1403920 1269.1
1403930 1269.1
1403940 1265.6
1403950 1262.0
1403960 1262.0
1403970 1256.8
1403980 1250.0
1403990 1250.0
1404000 1243.2
1404010 1236.6
1404020 1236.6
1404030 1230.9
1404040 1226.0
1404050 1226.0
1404060 1216.3
1404070 1210.7
1404080 1206.2
1404090 1206.2
1404100 1202.1
1404110 1195.9
1404120 1195.9
1404130 1188.4
1404140 1181.2
1404150 1181.2
1404160 1174.9
1404170 1168.9
1404180 1168.9
1404190 1160.8
1404200 1153.1
1404210 1153.1
1404220 1146.8
1404230 1139.1
1404240 1139.1
1404250 1131.4
1404260 1124.1
1404270 1118.3
1404280 1118.3
1404290 1112.0
1404300 1107.1
1404310 1107.1
1404320 1096.4
1404330 1089.0
1404340 1089.0
1404350 1078.0
1404360 1069.6
1404370 1069.6
1404380 1069.5
1404390 1078.3
1404400 1078.3
1404410 1086.7
1404420 1090.2
1404430 1090.2
1404440 1095.2
1404450 1101.8
1404460 1101.8
1404470 1108.4
1404480 1115.0
1404490 1122.0
1404500 1122.0
1404510 1128.6
1404520 1135.2
1404530 1135.2
1404540 1141.5
1404550 1148.1
1404560 1148.1
1404570 1155.0
1404580 1162.1
1404590 1162.1
1404600 1169.2
1404610 1176.4
1404620 1176.4
1404630 1183.6
1404640 1191.3
1404650 1191.3
1404660 1198.9
1404670 1205.3
1404680 1205.9
1404690 1205.9
1404700 1202.8
1404710 1200.4
1404720 1200.4
1404730 1199.8
1404740 1200.2
1404750 1200.2
1404760 1200.8
1404770 1201.7
1404780 1201.7
1404790 1203.9
1404800 1206.8
1404810 1206.8
1404820 1211.9
1404830 1219.2
1404840 1219.2
1404850 1226.5
1404860 1232.8
1404870 1236.0
1404880 1236.0
1404890 1237.4
1404900 1240.6
1404910 1240.6
1404920 1245.1
1404930 1249.6
1404940 1249.6
1404950 1251.8
1404960 1254.9
1404970 1254.9
1404980 1259.1
1404990 1261.3
1405000 1261.3
1405010 1261.2
1405020 1263.4
1405030 1263.4
1405040 1269.9
1405050 1278.1
1405060 1286.7
1405070 1286.7
1405080 1295.6
1405090 1305.9
1405100 1305.9
1405110 1315.3
1405120 1321.6
1405130 1321.6
1405140 1328.5
1405150 1336.1
1405160 1336.1
1405170 1342.5
1405180 1347.3
1405190 1347.3
1405200 1352.5
1405210 1359.1
1405220 1359.1
1405230 1366.0
1405240 1372.9
1405250 1372.9
1405260 1380.1
1405270 1387.4
1405280 1395.0
1405290 1395.0
1405300 1401.5
1405310 1396.6
1405320 1396.6
1405330 1393.4
1405340 1394.8
1405350 1394.8
1405360 1389.8
1405370 1384.9
1405380 1384.9
1405390 1381.0
1405400 1375.2
1405410 1375.2
1405420 1370.2
1405430 1364.5
1405440 1364.5
1405450 1358.5
1405460 1352.8
1405470 1346.3
1405480 1346.3
1405490 1342.0
1405500 1344.8
1405510 1344.8
1405520 1353.3
1405530 1362.7
1405540 1362.7
1405550 1370.3
1405560 1377.2
1405570 1377.2
1405580 1385.6
1405590 1396.2
1405600 1396.2
1405610 1404.7
1405620 1411.1
1405630 1411.1
1405640 1418.2
1405650 1420.2
1405660 1428.3
1405670 1428.3
1405680 1436.2
1405690 1441.4
1405700 1441.4
1405710 1446.4
1405720 1452.4
1405730 1452.4
1405740 1458.6
1405750 1464.0
1405760 1464.0
1405770 1468.7
1405780 1473.4
1405790 1473.4
1405800 1479.1
1405810 1485.6
1405820 1485.6
1405830 1492.8
1405840 1499.2
1405850 1504.8
1405860 1504.8
1405870 1509.4
1405880 1513.9
1405890 1513.9
1405900 1518.4
1405910 1523.0
1405920 1523.0
1405930 1528.2
1405940 1534.8
1405950 1534.8
1405960 1542.2
1405970 1550.7
1405980 1550.7
1405990 1559.4
1406000 1566.8
1406010 1566.8
1406020 1573.5
1406030 1580.5
1406040 1580.5
1406050 1587.5
1406060 1594.6
1406070 1602.4
1406080 1602.4
1406090 1611.2
1406100 1619.3
1406110 1619.3
1406120 1627.5
1406130 1636.3
1406140 1636.3
1406150 1644.5
1406160 1652.7
1406170 1652.7
1406180 1661.3
1406190 1670.6
1406200 1670.6
1406210 1679.6
1406220 1687.2
1406230 1687.2
1406240 1693.7
1406250 1699.4
1406260 1703.9
1406270 1703.9
1406280 1708.9
1406290 1714.8
1406300 1714.8
1406310 1721.0
1406320 1727.1
1406330 1727.1
1406340 1733.4
1406350 1739.9
1406360 1739.9
1406370 1746.9
1406380 1754.4
1406390 1754.4
1406400 1762.2
1406410 1769.7
1406420 1769.7
1406430 1776.5
1406440 1783.4
1406450 1790.7
1406460 1790.7
1406470 1798.1
1406480 1805.1
1406490 1805.1
1406500 1812.3
1406510 1819.0
1406520 1819.0
1406530 1824.6
1406540 1829.5
1406550 1829.5
1406560 1834.4
1406570 1838.9
1406580 1838.9
1406590 1842.0
1406600 1845.2
1406610 1845.2
1406620 1848.6
1406630 1851.8
1406640 1855.7
1406650 1855.7
1406660 1860.1
1406670 1865.3
1406680 1865.3
1406690 1870.5
1406700 1875.6
1406710 1875.6
1406720 1880.6
1406730 1885.1
1406740 1885.1
1406750 1888.4
1406760 1891.2
1406770 1891.2
1406780 1895.1
1406790 1900.0
1406800 1900.0
1406810 1906.0
1406820 1911.7
1406830 1911.7
1406840 1915.8
1406850 1918.3
1406860 1920.5
1406870 1920.5
1406880 1921.9
1406890 1921.7
1406900 1921.7
1406910 1920.2
1406920 1917.9
1406930 1917.9
1406940 1916.8
1406950 1915.7
1406960 1915.7
1406970 1914.7
1406980 1914.3
1406990 1914.3
1407000 1913.6
1407010 1913.1
1407020 1913.1
1407030 1912.6
1407040 1913.1
1407050 1913.8
1407060 1913.8
1407070 1913.7
1407080 1914.3
1407090 1914.3
1407100 1915.3
1407110 1915.6
1407120 1915.6
1407130 1915.7
1407140 1916.1
1407150 1916.1
1407160 1918.5
1407170 1921.3
1407180 1921.3
1407190 1925.3
1407200 1930.2
1407210 1930.2
1407220 1935.0
1407230 1938.8
1407240 1941.9
1407250 1941.9
1407260 1944.5
1407270 1951.9
1407280 1951.9
1407290 1954.1
1407300 1957.0
1407310 1957.0
1407320 1960.1
1407330 1962.9
1407340 1962.9
1407350 1965.3
1407360 1968.0
1407370 1968.0
1407380 1971.3
1407390 1973.8
1407400 1973.8
1407410 1974.3
1407420 1974.0
1407430 1973.8
1407440 1973.8
1407450 1973.9
1407460 1973.1
1407470 1973.1
1407480 1972.1
1407490 1971.0
1407500 1971.0
1407510 1969.8
1407520 1966.3
1407530 1966.3
1407540 1963.3
1407550 1962.4
1407560 1962.4
1407570 1962.9
1407580 1964.9
1407590 1964.9
1407600 1968.5
1407610 1972.8
1407620 1976.2
1407630 1976.2
1407640 1977.5
1407650 1977.4
1407660 1977.4
1407670 1978.4
1407680 1980.3
1407690 1980.3
1407700 1982.4
1407710 1985.0
1407720 1985.0
1407730 1987.8
1407740 1990.5
1407750 1990.5
1407760 1993.2
1407770 1996.8
1407780 1996.8
1407790 2000.6
1407800 2001.9
1407810 2001.9
1407820 2002.7
1407830 2002.2
1407840 2001.2
1407850 2001.2
1407860 2000.0
1407870 1998.7
1407880 1998.7
1407890 1998.3
1407900 1998.4
1407910 1998.4
1407920 1998.9
1407930 2000.1
1407940 2000.1
1407950 2002.0
1407960 2004.1
1407970 2004.1
1407980 2006.6
1407990 2009.7
1408000 2009.7
1408010 2014.2
1408020 2018.8
1408030 2019.7
1408040 2019.7
1408050 2020.4
1408060 2023.2
1408070 2023.2
1408080 2027.7
1408090 2034.0
1408100 2034.0
1408110 2042.1
1408120 2048.3
1408130 2048.3
1408140 2052.9
1408150 2056.8
1408160 2056.8
1408170 2059.3
1408180 2059.2
1408190 2059.2
1408200 2059.8
1408210 2065.0
1408220 2071.8
1408230 2071.8
1408240 2078.5
1408250 2083.9
1408260 2083.9
1408270 2087.9
1408280 2090.1
1408290 2090.1
1408300 2091.5
1408310 2092.5
1408320 2092.5
1408330 2093.2
1408340 2093.4
1408350 2093.4
1408360 2094.0
1408370 2095.2
1408380 2095.2
1408390 2096.4
1408400 2097.8
1408410 2099.6
1408420 2099.6
1408430 2103.1
1408440 2107.7
1408450 2107.7
1408460 2112.6
1408470 2118.5
1408480 2118.5
1408490 2124.5
1408500 2129.4
1408510 2129.4
1408520 2132.8
1408530 2135.2
1408540 2135.2
1408550 2136.9
1408560 2139.3
1408570 2139.3
1408580 2142.0
1408590 2144.8
1408600 2144.8
1408610 2148.0
1408620 2151.1
1408630 2153.9
1408640 2153.9
1408650 2156.6
1408660 2159.7
1408670 2159.7
1408680 2163.2
1408690 2166.6
1408700 2166.6
1408710 2170.1
1408720 2173.9
1408730 2173.9
1408740 2176.7
1408750 2178.3
1408760 2178.3
1408770 2179.3
1408780 2179.7
1408790 2179.7
1408800 2180.2
1408810 2180.8
1408820 2181.5
1408830 2181.5
1408840 2182.7
1408850 2184.6
1408860 2184.6
1408870 2186.6
1408880 2187.6
1408890 2187.6
1408900 2188.1
1408910 2189.8
1408920 2187.9
1408930 2190.2
1408940 2192.2
1408950 2192.2
1408960 2193.3
1408970 2194.4
1408980 2194.4
1408990 2196.2
1409000 2197.6
1409010 2198.9
1409020 2198.9
1409030 2200.8
1409040 2203.2
1409050 2203.2
1409060 2205.9
1409070 2208.0
1409080 2208.0
1409090 2210.5
1409100 2213.1
1409110 2213.1
1409120 2217.1
1409130 2221.4
1409140 2221.4
1409150 2225.8
1409160 2230.3
1409170 2230.3
1409180 2235.2
1409190 2239.7
1409200 2244.2
1409210 2244.2
1409220 2248.8
1409230 2253.5
1409240 2253.5
1409250 2258.3
1409260 2263.4
1409270 2263.4
1409280 2268.3
1409290 2272.7
1409300 2272.7
1409310 2277.4
1409320 2283.4
1409330 2283.4
1409340 2294.5
1409350 2304.1
1409360 2304.1
1409370 2310.4
1409380 2318.0
1409390 2318.0
1409400 2325.4
1409410 2334.4
1409420 2344.2
1409430 2344.2
1409440 2350.6
1409450 2356.9
1409460 2356.9
1409470 2361.8
1409480 2364.8
1409490 2364.8
1409500 2366.0
1409510 2365.5
1409520 2365.5
1409530 2363.4
1409540 2360.7
1409550 2360.7
1409560 2359.8
1409570 2358.9
1409580 2358.9
1409590 2360.6
1409600 2363.7
1409610 2364.6
1409620 2364.6
1409630 2365.7
1409640 2367.5
1409650 2367.5
1409660 2369.4
1409670 2371.7
1409680 2371.7
1409690 2373.3
1409700 2374.4
1409710 2374.4
1409720 2373.8
1409730 2373.3
1409740 2373.3
1409750 2373.4
1409760 2371.1
1409770 2371.1
1409780 2370.9
1409790 2367.8
1409800 2362.5
1409810 2362.5
1409820 2358.3
1409830 2358.6
1409840 2358.6
1409850 2360.1
1409860 2361.9
1409870 2361.9
1409880 2364.1
1409890 2366.7
1409900 2366.7
1409910 2370.3
1409920 2374.5
1409930 2374.5
1409940 2379.2
1409950 2384.2
1409960 2384.2
1409970 2389.7
1409980 2395.7
1409990 2401.3
1410000 2401.3
1410010 2407.1
1410020 2413.1
1410030 2413.1
1410040 2419.5
1410050 2425.4
1410060 2425.4
1410070 2431.0
1410080 2436.2
1410090 2436.2
1410100 2441.9
1410110 2448.0
1410120 2448.0
1410130 2454.2
1410140 2461.0
1410150 2461.0
1410160 2467.5
1410170 2473.9
1410180 2481.1
1410190 2481.1
1410200 2488.3
1410210 2494.8
1410220 2494.8
1410230 2499.3
1410240 2504.1
1410250 2504.1
1410260 2510.9
1410270 2518.3
1410280 2518.3
1410290 2525.3
1410300 2531.7
1410310 2531.7
1410320 2534.5
1410330 2535.9
1410340 2535.9
1410350 2538.3
1410360 2541.9
1410370 2541.9
1410380 2544.3
1410390 2546.6
1410400 2549.6
1410410 2549.6
1410420 2553.1
1410430 2557.3
1410440 2557.3
1410450 2562.1
1410460 2568.6
1410470 2568.6
1410480 2576.0
1410490 2583.4
1410500 2583.4
1410510 2590.4
1410520 2595.7
1410530 2595.7
1410540 2599.0
1410550 2604.6
1410560 2604.6
1410570 2614.7
1410580 2622.9
1410590 2625.0
1410600 2625.0
1410610 2634.2
1410620 2636.5
1410630 2636.5
1410640 2640.4
1410650 2645.1
1410660 2645.1
1410670 2652.2
1410680 2661.6
1410690 2661.6
1410700 2667.5
1410710 2671.8
1410720 2671.8
1410730 2675.1
1410740 2678.7
1410750 2678.7
1410760 2681.5
1410770 2684.9
1410780 2688.0
1410790 2688.0
1410800 2692.1
1410810 2697.4
1410820 2697.4
1410830 2703.5
1410840 2710.0
1410850 2710.0
1410860 2717.4
1410870 2726.8
1410880 2726.8
1410890 2735.7
1410900 2741.2
1410910 2741.2
1410920 2739.3
1410930 2732.1
1410940 2732.1
1410950 2726.8
1410960 2720.6
1410970 2710.8
1410980 2710.8
1410990 2700.7
1411000 2692.1
1411010 2692.1
1411020 2683.9
1411030 2679.5
1411040 2679.5
1411050 2676.2
1411060 2674.6
1411070 2674.6
1411080 2672.2
1411090 2668.2
1411100 2668.2
1411110 2662.7
1411120 2658.9
1411130 2658.9
1411140 2658.0
1411150 2658.2
1411160 2658.2
1411170 2657.5
1411180 2656.3
1411190 2653.9
1411200 2653.9
1411210 2652.2
1411220 2651.1
1411230 2651.1
1411240 2650.0
1411250 2647.7
1411260 2647.7
1411270 2645.0
1411280 2643.3
1411290 2643.3
1411300 2643.4
1411310 2644.1
1411320 2644.1
1411330 2645.0
1411340 2644.2
1411350 2644.2
1411360 2640.9
1411370 2638.0
1411380 2636.1
1411390 2636.1
1411400 2635.0
1411410 2635.5
1411420 2635.5
1411430 2637.2
1411440 2640.7
1411450 2640.7
1411460 2645.4
1411470 2649.7
1411480 2649.7
1411490 2651.9
1411500 2654.1
1411510 2654.1
1411520 2656.3
1411530 2658.1
1411540 2658.1
1411550 2660.2
1411560 2664.2
1411570 2668.0
1411580 2668.0
1411590 2668.5
1411600 2668.4
1411610 2668.4
1411620 2670.4
1411630 2672.6
1411640 2672.6
1411650 2674.8
1411660 2677.5
1411670 2677.5
1411680 2681.8
1411690 2687.0
1411700 2687.0
1411710 2693.3
1411720 2700.2
1411730 2700.2
1411740 2707.9
1411750 2715.6
1411760 2723.5
1411770 2723.5
1411780 2730.7
1411790 2738.4
1411800 2738.4
1411810 2747.2
1411820 2755.9
1411830 2755.9
1411840 2765.2
1411850 2773.5
1411860 2773.5
1411870 2782.0
1411880 2790.1
1411890 2790.1
1411900 2799.9
1411910 2811.3
1411920 2811.3
1411930 2821.0
1411940 2826.2
1411950 2826.2
1411960 2831.3
1411970 2837.8
1411980 2847.6
1411990 2847.6
1412000 2860.4
1412010 2872.2
1412020 2872.2
1412030 2874.2
1412040 2870.4
1412050 2870.4
1412060 2866.9
1412070 2863.9
1412080 2863.9
1412090 2861.0
1412100 2858.9
1412110 2858.9
1412120 2856.3
1412130 2854.7
1412140 2854.7
1412150 2853.5
1412160 2851.9
1412170 2851.2
1412180 2851.2
1412190 2851.3
1412200 2852.3
1412210 2852.3
1412220 2854.8
1412230 2854.3
1412240 2854.3
1412250 2847.4
1412260 2833.7
1412270 2833.7
1412280 2827.7
1412290 2822.8
1412300 2822.8
1412310 2818.6
1412320 2814.0
1412330 2823.8
1412340 2818.8
1412350 2814.3
1412360 2805.3
1412370 2805.3
1412380 2792.6
1412390 2783.2
1412400 2783.2
1412410 2776.0
1412420 2769.8
1412430 2769.8
1412440 2764.5
1412450 2758.6
1412460 2758.6
1412470 2751.8
1412480 2744.6
1412490 2744.6
1412500 2737.4
1412510 2730.1
1412520 2730.1
1412530 2724.0
1412540 2719.2
1412550 2716.3
1412560 2716.3
1412570 2714.3
1412580 2712.6
1412590 2712.6
1412600 2713.8
1412610 2714.4
1412620 2714.4
1412630 2713.9
1412640 2713.6
1412650 2713.6
1412660 2713.3
1412670 2712.5
1412680 2712.5
1412690 2710.7
1412700 2708.1
1412710 2708.1
1412720 2705.8
1412730 2703.8
1412740 2701.6
1412750 2701.6
1412760 2699.4
1412770 2696.6
1412780 2696.6
1412790 2693.8
1412800 2690.7
1412810 2690.7
1412820 2687.7
1412830 2685.1
1412840 2685.1
1412850 2683.0
1412860 2681.3
1412870 2681.3
1412880 2679.8
1412890 2678.2
1412900 2678.2
1412910 2675.8
1412920 2673.2
1412930 2673.2
1412940 2670.7
1412950 2668.3
1412960 2666.2
1412970 2666.2
1412980 2664.5
1412990 2662.5
1413000 2662.5
1413010 2659.3
1413020 2655.5
1413030 2655.5
1413040 2652.2
1413050 2648.4
1413060 2648.4
1413070 2646.2
1413080 2643.7
1413090 2643.7
1413100 2640.5
1413110 2635.7
1413120 2635.7
1413130 2630.0
1413140 2625.5
1413150 2623.3
1413160 2623.3
1413170 2620.2
1413180 2617.1
1413190 2617.1
1413200 2616.1
1413210 2615.1
1413220 2615.1
1413230 2613.6
1413240 2611.7
1413250 2611.7
1413260 2608.8
1413270 2603.7
1413280 2603.7
1413290 2596.4
1413300 2589.3
1413310 2589.3
1413320 2582.9
1413330 2576.1
1413340 2569.9
1413350 2569.9
1413360 2566.9
1413370 2567.5
1413380 2567.5
1413390 2568.0
1413400 2567.1
1413410 2567.1
1413420 2565.8
1413430 2564.7
1413440 2564.7
1413450 2563.8
1413460 2562.0
1413470 2562.0
1413480 2558.7
1413490 2554.3
1413500 2554.3
1413510 2551.7
1413520 2549.9
1413530 2545.0
1413540 2545.0
1413550 2542.7
1413560 2543.2
1413570 2543.2
1413580 2547.0
1413590 2550.6
1413600 2550.6
1413610 2551.7
1413620 2555.1
1413630 2555.1
1413640 2559.6
1413650 2563.4
1413660 2563.4
1413670 2565.6
1413680 2567.7
1413690 2567.7
1413700 2569.9
1413710 2571.7
1413720 2571.7
1413730 2572.0
1413740 2571.2
1413750 2570.9
1413760 2570.9
1413770 2574.3
1413780 2580.1
1413790 2580.1
1413800 2587.0
1413810 2595.0
1413820 2595.0
1413830 2602.7
1413840 2607.7
1413850 2607.7
1413860 2612.0
1413870 2615.2
1413880 2615.2
1413890 2617.5
1413900 2621.2
1413910 2621.2
1413920 2626.7
1413930 2631.8
1413940 2636.1
1413950 2636.1
1413960 2639.8
1413970 2644.6
1413980 2644.6
1413990 2650.1
1414000 2655.8
1414010 2655.8
1414020 2661.1
1414030 2666.0
1414040 2666.0
1414050 2671.3
1414060 2676.3
1414070 2676.3
1414080 2680.0
1414090 2682.7
1414100 2682.9
1414110 2685.1
1414120 2687.7
1414130 2690.2
1414140 2690.2
1414150 2692.4
1414160 2693.9
1414170 2693.9
1414180 2695.1
1414190 2695.7
1414200 2695.7
1414210 2697.5
1414220 2699.7
1414230 2699.7
1414240 2702.4
1414250 2705.2
1414260 2705.2
1414270 2708.3
1414280 2711.5
1414290 2711.5
1414300 2714.9
1414310 2718.3
1414320 2721.9
1414330 2721.9
1414340 2725.9
1414350 2730.0
1414360 2730.0
1414370 2734.6
1414380 2740.0
1414390 2740.0
1414400 2746.3
1414410 2752.4
1414420 2752.4
1414430 2757.9
1414440 2763.0
1414450 2763.0
1414460 2768.8
1414470 2774.6
1414480 2774.6
1414490 2780.8
1414500 2793.7
1414510 2813.7
1414520 2813.7
1414530 2827.8
1414540 2837.7
1414550 2837.7
1414560 2849.2
1414570 2861.1
1414580 2861.1
1414590 2873.4
1414600 2884.6
1414610 2884.6
1414620 2891.5
1414630 2902.5
1414640 2902.5
1414650 2911.5
1414660 2923.7
1414670 2923.7
1414680 2937.4
1414690 2947.9
1414700 2947.9
1414710 2958.7
1414720 2969.1
1414730 2980.9
1414740 2980.9
1414750 2991.1
1414760 3007.3
1414770 3007.3
1414780 3019.3
1414790 3029.9
1414800 3029.9
1414810 3038.9
1414820 3032.7
1414830 3032.7
1414840 3022.5
1414850 3013.9
1414860 3013.9
1414870 3003.4
1414880 2991.9
1414890 2991.9
1414900 2981.4
1414910 2975.8
1414920 2968.0
1414930 2968.0
1414940 2961.3
1414950 2952.9
1414960 2952.9
1414970 2943.2
1414980 2930.6
1414990 2930.6
1415000 2925.2
1415010 2923.5
1415020 2923.5
1415030 2923.0
1415040 2914.4
1415050 2914.4
1415060 2903.9
1415070 2889.3
1415080 2889.3
1415090 2877.8
1415100 2868.3
1415110 2857.5
1415120 2857.5
1415130 2847.6
1415140 2835.9
1415150 2835.9
1415160 2820.7
1415170 2808.0
1415180 2808.0
1415190 2797.8
1415200 2789.7
1415210 2789.7
1415220 2783.7
1415230 2778.1
1415240 2778.1
1415250 2773.0
1415260 2767.9
1415270 2767.9
1415280 2763.4
1415290 2759.4
1415300 2755.7
1415310 2755.7
1415320 2752.4
1415330 2749.5
1415340 2749.5
1415350 2747.0
1415360 2744.8
1415370 2744.8
1415380 2742.2
1415390 2739.4
1415400 2739.4
1415410 2736.7
1415420 2733.7
1415430 2733.7
1415440 2730.2
1415450 2727.4
1415460 2727.4
1415470 2724.7
1415480 2722.0
1415490 2722.0
1415500 2719.7
1415510 2718.1
1415520 2717.1
1415530 2717.1
1415540 2715.9
1415550 2714.4
1415560 2714.4
1415570 2712.2
1415580 2710.5
1415590 2710.5
1415600 2709.9
1415610 2709.3
1415620 2709.3
1415630 2709.2
1415640 2711.5
1415650 2711.5
1415660 2714.5
1415670 2715.4
1415680 2715.4
1415690 2717.4
1415700 2720.6
1415710 2723.9
1415720 2723.9
1415730 2728.4
1415740 2732.7
1415750 2732.7
1415760 2737.9
1415770 2743.0
1415780 2743.0
1415790 2751.0
1415800 2760.5
1415810 2760.5
1415820 2773.9
1415830 2771.8
1415840 2771.8
1415850 2764.5
1415860 2755.5
1415870 2755.5
1415880 2759.2
1415890 2764.8
1415900 2764.7
1415910 2764.7
1415920 2747.5
1415930 2753.4
1415940 2753.4
1415950 2765.5
1415960 2766.5
1415970 2766.5
1415980 2759.9
1415990 2750.7
1416000 2750.7
1416010 2742.0
1416020 2732.2
1416030 2732.2
1416040 2733.1
1416050 2737.7
1416060 2737.7
1416070 2732.2
1416080 2725.6
1416090 2714.8
1416100 2714.8
1416110 2701.5
1416120 2689.2
1416130 2689.2
1416140 2677.6
1416150 2661.2
1416160 2661.2
1416170 2647.3
1416180 2639.3
1416190 2639.3
1416200 2631.8
1416210 2624.5
1416220 2624.5
1416230 2618.1
1416240 2613.0
1416250 2613.0
1416260 2608.7
1416270 2606.5
1416280 2606.5
1416290 2605.7
1416300 2606.2
1416310 2606.3
1416320 2606.3
1416330 2601.6
1416340 2599.6
1416350 2599.6
1416360 2603.6
1416370 2608.7
1416380 2608.7
1416390 2613.1
1416400 2613.7
1416410 2613.7
1416420 2614.8
1416430 2615.2
1416440 2615.2
1416450 2618.6
1416460 2621.3
1416470 2621.3
1416480 2618.7
1416490 2615.7
1416500 2616.0
1416510 2616.0
1416520 2614.0
1416530 2611.9
1416540 2611.9
1416550 2610.4
1416560 2603.0
1416570 2603.0
1416580 2592.1
1416590 2583.1
1416600 2583.1
1416610 2577.6
1416620 2576.8
1416630 2576.8
1416640 2578.5
1416650 2582.8
1416660 2582.8
1416670 2585.3
1416680 2590.3
1416690 2595.7
1416700 2595.7
1416710 2600.3
1416720 2604.9
1416730 2604.9
1416740 2610.1
1416750 2623.1
1416760 2623.1
1416770 2636.3
1416780 2641.2
1416790 2641.2
1416800 2642.7
1416810 2644.0
1416820 2644.0
1416830 2645.1
1416840 2648.6
1416850 2648.6
1416860 2651.6
1416870 2653.2
1416880 2654.0
1416890 2654.0
1416900 2653.8
1416910 2656.2
1416920 2656.2
1416930 2661.9
1416940 2672.3
1416950 2672.3
1416960 2680.2
1416970 2685.5
1416980 2685.5
1416990 2690.3
1417000 2690.2
1417010 2690.2
1417020 2689.4
1417030 2690.2
1417040 2690.2
1417050 2694.5
1417060 2687.8
1417070 2678.6
1417080 2678.6
1417090 2671.8
1417100 2665.2
1417110 2665.2
1417120 2661.4
1417130 2660.2
1417140 2660.2
1417150 2660.0
1417160 2660.1
1417170 2660.1
1417180 2659.8
1417190 2656.6
1417200 2656.6
1417210 2651.2
1417220 2647.5
1417230 2647.5
1417240 2642.0
1417250 2633.9
1417260 2633.9
1417270 2624.5
1417280 2617.6
1417290 2614.1
1417300 2614.1
1417310 2610.8
1417320 2609.5
1417330 2609.5
1417340 2607.7
1417350 2606.2
1417360 2606.2
1417370 2602.2
1417380 2599.1
1417390 2599.1
1417400 2598.2
1417410 2600.1
1417420 2600.1
1417430 2603.9
1417440 2606.2
1417450 2606.2
1417460 2609.2
1417470 2614.9
1417480 2620.3
1417490 2620.3
1417500 2629.8
1417510 2641.0
1417520 2641.0
1417530 2638.7
1417540 2622.4
1417550 2622.4
1417560 2602.7
1417570 2590.3
1417580 2590.3
1417590 2575.9
1417600 2551.4
1417610 2551.4
1417620 2534.2
1417630 2526.7
1417640 2526.7
1417650 2519.5
1417660 2513.1
1417670 2506.7
1417680 2506.7
1417690 2500.3
1417700 2494.6
1417710 2494.6
1417720 2489.7
1417730 2486.3
1417740 2486.3
1417750 2484.9
1417760 2484.7
1417770 2484.7
1417780 2481.3
1417790 2472.8
1417800 2472.8
1417810 2470.2
1417820 2471.4
1417830 2471.4
1417840 2466.3
1417850 2460.5
1417860 2454.2
1417870 2454.2
1417880 2450.6
1417890 2444.4
1417900 2444.4
1417910 2434.7
1417920 2428.3
1417930 2428.3
1417940 2423.4
1417950 2418.5
1417960 2418.5
1417970 2413.4
1417980 2409.0
1417990 2409.0
1418000 2405.0
1418010 2401.4
1418020 2401.4
1418030 2397.8
1418040 2395.1
1418050 2395.1
1418060 2393.1
1418070 2391.6
1418080 2391.0
1418090 2391.0
1418100 2391.5
1418110 2392.5
1418120 2392.5
1418130 2394.2
1418140 2395.9
1418150 2395.9
1418160 2396.1
1418170 2395.7
1418180 2395.7
1418190 2395.2
1418200 2395.5
1418210 2395.5
1418220 2396.1
1418230 2396.8
1418240 2396.8
1418250 2397.6
1418260 2399.8
1418270 2403.1
1418280 2403.1
1418290 2407.1
1418300 2410.5
1418310 2410.5
1418320 2413.3
1418330 2417.5
1418340 2417.5
1418350 2422.7
1418360 2427.0
1418370 2427.0
1418380 2431.1
1418390 2435.3
1418400 2435.3
1418410 2440.4
1418420 2443.9
1418430 2443.9
1418440 2446.4
1418450 2449.9
1418460 2451.5
1418470 2451.5
1418480 2452.1
1418490 2454.0
1418500 2454.0
1418510 2456.4
1418520 2459.6
1418530 2459.6
1418540 2464.8
1418550 2470.2
1418560 2470.2
1418570 2475.2
1418580 2479.6
1418590 2479.6
1418600 2484.3
1418610 2487.9
1418620 2487.9
1418630 2490.9
1418640 2493.7
1418650 2496.3
1418660 2496.3
1418670 2499.6
1418680 2503.8
1418690 2503.8
1418700 2508.0
1418710 2510.9
1418720 2510.9
1418730 2514.1
1418740 2517.8
1418750 2517.8
1418760 2520.9
1418770 2525.1
1418780 2525.1
1418790 2530.0
1418800 2536.1
1418810 2536.1
1418820 2543.9
1418830 2553.1
1418840 2561.6
1418850 2561.6
1418860 2565.5
1418870 2568.0
1418880 2568.0
1418890 2569.8
1418900 2573.5
1418910 2573.5
1418920 2577.5
1418930 2579.3
1418940 2579.3
1418950 2580.2
1418960 2580.3
1418970 2580.3
1418980 2579.9
1418990 2579.9
1419000 2579.9
1419010 2581.9
1419020 2584.1
1419030 2584.1
1419040 2584.8
1419050 2584.3
1419060 2582.8
1419070 2582.8
1419080 2580.9
1419090 2580.1
1419100 2580.1
1419110 2580.4
1419120 2583.0
1419130 2583.0
1419140 2586.3
1419150 2587.1
1419160 2587.1
1419170 2582.8
1419180 2577.5
1419190 2577.5
1419200 2575.2
1419210 2573.0
1419220 2573.0
1419230 2572.0
1419240 2571.8
1419250 2571.4
1419260 2571.4
1419270 2571.6
1419280 2572.0
1419290 2572.0
1419300 2572.7
1419310 2572.7
1419320 2572.7
1419330 2574.3
1419340 2577.2
1419350 2577.2
1419360 2580.2
1419370 2584.9
1419380 2584.9
1419390 2592.9
1419400 2598.2
1419410 2598.2
1419420 2598.6
1419430 2601.2
1419440 2610.1
1419450 2610.1
1419460 2613.2
1419470 2613.7
1419480 2613.7
1419490 2613.2
1419500 2609.8
1419510 2609.8
1419520 2599.8
1419530 2595.0
1419540 2595.0
1419550 2594.4
1419560 2597.4
1419570 2597.4
1419580 2602.5
1419590 2605.4
1419600 2605.4
1419610 2608.0
1419620 2610.7
1419630 2618.7
1419640 2618.7
1419650 2626.1
1419660 2633.4
1419670 2633.4
1419680 2645.1
1419690 2646.7
1419700 2646.7
1419710 2634.6
1419720 2637.2
1419730 2637.2
1419740 2640.0
1419750 2643.5
1419760 2643.5
1419770 2647.8
1419780 2652.8
1419790 2652.8
1419800 2658.5
1419810 2664.3
1419820 2664.3
1419830 2670.1
1419840 2674.7
1419850 2677.8
1419860 2677.8
1419870 2682.0
1419880 2685.3
1419890 2685.3
1419900 2691.8
1419910 2703.3
1419920 2703.3
1419930 2713.1
1419940 2709.7
1419950 2709.7
1419960 2704.9
1419970 2706.0
1419980 2706.0
1419990 2709.5
