1400000 1322.2
1400010 1326.8
1400020 1326.8
1400030 1330.9
1400040 1336.8
1400050 1336.8
1400060 1342.4
1400070 1347.2
1400080 1347.2
1400090 1350.9
1400100 1354.8
1400110 1359.0
1400120 1359.0
1400130 1363.0
1400140 1366.9
1400150 1366.9
1400160 1371.4
1400170 1375.9
1400180 1375.9
1400190 1380.2
1400200 1384.3
1400210 1384.3
1400220 1388.0
1400230 1390.1
1400240 1390.1
1400250 1391.9
1400260 1394.1
1400270 1394.1
1400280 1395.6
1400290 1397.4
1400300 1398.6
1400310 1398.6
1400320 1399.2
1400330 1400.2
1400340 1400.2
1400350 1401.7
1400360 1403.3
1400370 1403.3
1400380 1405.0
1400390 1405.9
1400400 1405.9
1400410 1406.8
1400420 1408.5
1400430 1408.5
1400440 1411.6
1400450 1415.4
1400460 1415.4
1400470 1419.6
1400480 1423.7
1400490 1428.1
1400500 1428.1
1400510 1433.2
1400520 1437.8
1400530 1437.8
1400540 1443.4
1400550 1449.2
1400560 1449.2
1400570 1455.2
1400580 1461.2
1400590 1461.2
1400600 1467.4
1400610 1474.0
1400620 1474.0
1400630 1480.4
1400640 1487.2
1400650 1487.2
1400660 1493.7
1400670 1500.0
1400680 1506.0
1400690 1506.0
1400700 1512.1
1400710 1519.0
1400720 1519.0
1400730 1527.0
1400740 1537.4
1400750 1537.4
1400760 1548.8
1400770 1559.0
1400780 1559.0
1400790 1568.1
1400800 1577.5
1400810 1577.5
1400820 1586.3
1400830 1594.7
1400840 1594.7
1400850 1603.8
1400860 1611.7
1400870 1610.4
1400880 1617.8
1400890 1627.1
1400900 1637.4
1400910 1637.4
1400920 1648.9
1400930 1659.7
1400940 1659.7
1400950 1666.2
1400960 1672.5
1400970 1672.5
1400980 1678.5
1400990 1682.1
1401000 1682.1
1401010 1685.4
1401020 1688.1
1401030 1688.1
1401040 1692.1
1401050 1697.4
1401060 1697.4
1401070 1695.5
1401080 1695.6
1401090 1695.2
1401100 1695.2
1401110 1694.9
1401120 1696.1
1401130 1696.1
1401140 1697.4
1401150 1700.1
1401160 1700.1
1401170 1703.6
1401180 1707.1
1401190 1707.1
1401200 1711.5
1401210 1717.0
1401220 1717.0
1401230 1725.3
1401240 1737.1
1401250 1737.1
1401260 1747.4
1401270 1754.6
1401280 1760.6
1401290 1760.6
1401300 1766.8
1401310 1773.6
1401320 1773.6
1401330 1779.6
1401340 1785.3
1401350 1785.3
1401360 1791.0
1401370 1796.3
1401380 1796.3
1401390 1801.5
1401400 1806.7
1401410 1806.7
1401420 1811.9
1401430 1816.7
1401440 1816.7
1401450 1821.4
1401460 1825.5
1401470 1828.9
1401480 1828.9
1401490 1832.0
1401500 1836.2
1401510 1836.2
1401520 1841.5
1401530 1847.0
1401540 1847.0
1401550 1852.1
1401560 1856.9
1401570 1856.9
1401580 1862.9
1401590 1868.7
1401600 1868.7
1401610 1873.1
1401620 1879.6
1401630 1879.6
1401640 1887.0
1401650 1891.9
1401660 1891.9
1401670 1895.6
1401680 1899.9
1401690 1903.3
1401700 1903.3
1401710 1905.6
1401720 1907.3
1401730 1907.3
1401740 1909.7
1401750 1913.2
1401760 1913.2
1401770 1917.5
1401780 1922.0
1401790 1922.0
1401800 1925.0
1401810 1927.0
1401820 1927.0
1401830 1930.1
1401840 1934.7
1401850 1934.7
1401860 1937.6
1401870 1941.2
1401880 1946.0
1401890 1946.0
1401900 1949.2
1401910 1951.9
1401920 1951.9
1401930 1955.4
1401940 1960.5
1401950 1960.5
1401960 1963.0
1401970 1965.4
1401980 1965.4
1401990 1968.5
1402000 1970.1
1402010 1970.1
1402020 1972.3
1402030 1975.6
1402040 1975.6
1402050 1978.8
1402060 1982.0
1402070 1985.0
1402080 1985.0
1402090 1988.3
1402100 1991.3
1402110 1991.3
1402120 1993.3
1402130 1993.9
1402140 1993.9
1402150 1992.7
1402160 1991.4
1402170 1991.4
1402180 1990.9
1402190 1991.1
1402200 1991.1
1402210 1992.8
1402220 1995.6
1402230 1995.6
1402240 1997.3
1402250 1998.8
1402260 2001.1
1402270 2001.1
1402280 2003.0
1402290 2003.5
1402300 2003.5
1402310 2003.4
1402320 2002.6
1402330 2002.6
1402340 2000.6
1402350 1996.5
1402360 1996.5
1402370 1992.3
1402380 1988.3
1402390 1988.3
1402400 1979.5
1402410 1976.8
1402420 1976.8
1402430 1974.7
1402440 1971.0
1402450 1971.0
1402460 1967.0
1402470 1963.2
1402480 1960.2
1402490 1960.2
1402500 1956.6
1402510 1952.7
1402520 1952.7
1402530 1948.4
1402540 1943.7
1402550 1943.7
1402560 1937.5
1402570 1927.7
1402580 1927.7
1402590 1918.5
1402600 1909.5
1402610 1909.5
1402620 1899.5
1402630 1889.6
1402640 1889.6
1402650 1880.8
1402660 1872.3
1402670 1864.7
1402680 1864.7
1402690 1858.8
1402700 1852.8
1402710 1852.8
1402720 1844.2
1402730 1833.1
1402740 1833.1
1402750 1819.7
1402760 1809.4
1402770 1809.4
1402780 1803.7
1402790 1803.7
1402800 1803.7
1402810 1799.2
1402820 1790.5
1402830 1790.5
1402840 1781.4
1402850 1769.2
1402860 1759.7
1402870 1759.7
1402880 1751.8
1402890 1745.0
1402900 1745.0
1402910 1739.9
1402920 1736.7
1402930 1736.7
1402940 1734.1
1402950 1732.3
1402960 1732.3
1402970 1731.4
1402980 1732.6
1402990 1732.6
1403000 1733.8
1403010 1731.6
1403020 1731.6
1403030 1724.4
1403040 1719.1
1403050 1718.4
1403060 1718.4
1403070 1720.6
1403080 1724.6
1403090 1724.6
1403100 1725.7
1403110 1719.5
1403120 1719.5
1403130 1712.6
1403140 1707.6
1403150 1707.6
1403160 1703.3
1403170 1699.4
1403180 1699.4
1403190 1694.5
1403200 1688.8
1403210 1688.8
1403220 1680.4
1403230 1671.7
1403240 1671.7
1403250 1665.6
1403260 1660.3
1403270 1653.6
1403280 1653.6
1403290 1646.4
1403300 1639.9
1403310 1639.9
1403320 1633.6
1403330 1626.9
1403340 1626.9
1403350 1619.7
1403360 1613.4
1403370 1613.4
1403380 1608.1
1403390 1602.7
1403400 1602.7
1403410 1597.9
1403420 1593.6
1403430 1593.6
1403440 1589.1
1403450 1584.6
1403460 1580.8
1403470 1580.8
1403480 1575.7
1403490 1569.0
1403500 1569.0
1403510 1562.6
1403520 1556.9
1403530 1556.9
1403540 1550.9
1403550 1545.4
1403560 1545.4
1403570 1539.6
1403580 1531.5
1403590 1531.5
1403600 1522.4
1403610 1514.4
1403620 1514.4
1403630 1507.2
1403640 1500.7
1403650 1493.7
1403660 1493.7
1403670 1486.6
1403680 1480.4
1403690 1480.4
1403700 1474.5
1403710 1468.7
1403720 1468.7
1403730 1462.5
1403740 1455.3
1403750 1455.3
1403760 1448.3
1403770 1441.0
1403780 1441.0
1403790 1433.6
1403800 1426.6
1403810 1426.6
1403820 1420.5
1403830 1416.1
1403840 1412.4
1403850 1412.4
1403860 1408.2
1403870 1403.9
1403880 1403.9
1403890 1399.4
1403900 1393.3
1403910 1393.3
1403920 1387.8
1403930 1381.2
1403940 1381.2
1403950 1373.4
1403960 1367.5
1403970 1367.5
1403980 1361.6
1403990 1356.2
1404000 1356.2
1404010 1351.0
1404020 1345.7
1404030 1345.7
1404040 1340.2
1404050 1334.2
1404060 1327.6
1404070 1327.6
1404080 1321.0
1404090 1314.3
1404100 1314.3
1404110 1307.3
1404120 1300.4
1404130 1300.4
1404140 1293.4
1404150 1286.2
1404160 1286.2
1404170 1278.0
1404180 1269.0
1404190 1269.0
1404200 1261.2
1404210 1252.3
1404220 1252.3
1404230 1238.5
1404240 1224.8
1404250 1213.6
1404260 1213.6
1404270 1202.0
1404280 1191.2
1404290 1191.2
1404300 1181.7
1404310 1171.8
1404320 1171.8
1404330 1161.9
1404340 1152.1
1404350 1152.1
1404360 1141.0
1404370 1129.9
1404380 1129.9
1404390 1121.1
1404400 1113.7
1404410 1113.7
1404420 1106.4
1404430 1099.8
1404440 1093.7
1404450 1093.7
1404460 1088.3
1404470 1084.7
1404480 1084.7
1404490 1084.3
1404500 1085.7
1404510 1085.7
1404520 1087.7
1404530 1091.5
1404540 1091.5
1404550 1093.3
1404560 1093.6
1404570 1093.6
1404580 1096.9
1404590 1103.3
1404600 1103.3
1404610 1111.0
1404620 1118.8
1404630 1126.5
1404640 1126.5
1404650 1133.9
1404660 1141.1
1404670 1141.1
1404680 1148.8
1404690 1156.1
1404700 1156.1
1404710 1162.9
1404720 1169.9
1404730 1169.9
1404740 1177.1
1404750 1185.3
1404760 1185.3
1404770 1192.9
1404780 1198.8
1404790 1198.8
1404800 1200.9
1404810 1202.1
1404820 1202.1
1404830 1203.3
1404840 1204.2
1404850 1204.8
1404860 1204.8
1404870 1205.1
1404880 1205.9
1404890 1205.9
1404900 1207.1
1404910 1208.9
1404920 1208.9
1404930 1211.4
1404940 1215.4
1404950 1215.4
1404960 1220.2
1404970 1225.8
1404980 1225.8
1404990 1232.5
1405000 1239.5
1405010 1239.5
1405020 1246.3
1405030 1253.3
1405040 1260.3
1405050 1260.3
1405060 1267.5
1405070 1273.6
1405080 1273.6
1405090 1280.7
1405100 1288.0
1405110 1288.0
1405120 1295.1
1405130 1302.5
1405140 1302.5
1405150 1310.0
1405160 1317.5
1405170 1317.5
1405180 1325.1
1405190 1332.5
1405200 1332.5
1405210 1340.2
1405220 1350.0
1405230 1360.0
1405240 1360.0
1405250 1369.9
1405260 1378.0
1405270 1378.0
1405280 1385.4
1405290 1394.2
1405300 1394.2
1405310 1400.6
1405320 1406.4
1405330 1406.4
1405340 1412.3
1405350 1414.8
1405360 1414.8
1405370 1413.5
1405380 1410.9
1405390 1410.9
1405400 1407.8
1405410 1405.6
1405420 1403.6
1405430 1403.6
1405440 1401.6
1405450 1399.2
1405460 1399.2
1405470 1397.3
1405480 1396.7
1405490 1396.7
1405500 1397.6
1405510 1399.4
1405520 1399.4
1405530 1401.3
1405540 1411.0
1405550 1411.0
1405560 1413.0
1405570 1415.5
1405580 1415.5
1405590 1418.6
1405600 1423.3
1405610 1423.3
1405620 1427.7
1405630 1431.5
1405640 1437.3
1405650 1437.3
1405660 1443.6
1405670 1447.5
1405680 1447.5
1405690 1451.0
1405700 1455.8
1405710 1455.8
1405720 1460.6
1405730 1464.9
1405740 1464.9
1405750 1470.4
1405760 1477.2
1405770 1477.2
1405780 1482.3
1405790 1487.2
1405800 1487.2
1405810 1492.2
1405820 1496.4
1405830 1499.7
1405840 1499.7
1405850 1503.9
1405860 1508.6
1405870 1508.6
1405880 1513.4
1405890 1517.1
1405900 1517.1
1405910 1519.4
1405920 1521.3
1405930 1521.3
1405940 1522.5
1405950 1521.8
1405960 1521.8
1405970 1520.4
1405980 1520.5
1405990 1520.5
1406000 1522.0
1406010 1524.3
1406020 1526.2
1406030 1526.2
1406040 1527.9
1406050 1527.8
1406060 1527.8
1406070 1529.7
1406080 1529.9
1406090 1529.9
1406100 1528.7
1406110 1534.2
1406120 1534.2
1406130 1542.7
1406140 1550.0
1406150 1550.0
1406160 1557.8
1406170 1565.8
1406180 1565.8
1406190 1571.5
1406200 1575.5
1406210 1578.1
1406220 1578.1
1406230 1579.6
1406240 1576.5
1406250 1576.5
1406260 1576.4
1406270 1578.9
1406280 1578.9
1406290 1585.5
1406300 1593.0
1406310 1593.0
1406320 1599.0
1406330 1603.9
1406340 1603.9
1406350 1609.2
1406360 1614.0
1406370 1614.0
1406380 1617.8
1406390 1622.2
1406400 1622.2
1406410 1626.1
1406420 1629.5
1406430 1632.7
1406440 1632.7
1406450 1637.6
1406460 1642.0
1406470 1642.0
1406480 1645.8
1406490 1649.3
1406500 1649.3
1406510 1651.8
1406520 1653.8
1406530 1653.8
1406540 1656.6
1406550 1660.3
1406560 1660.3
1406570 1664.7
1406580 1669.6
1406590 1669.6
1406600 1674.8
1406610 1679.9
1406620 1684.3
1406630 1684.3
1406640 1688.5
1406650 1694.9
1406660 1694.9
1406670 1700.0
1406680 1705.3
1406690 1705.3
1406700 1711.4
1406710 1717.9
1406720 1717.9
1406730 1724.9
1406740 1731.1
1406750 1731.1
1406760 1737.3
1406770 1742.9
1406780 1742.9
1406790 1746.6
1406800 1749.7
1406810 1753.1
1406820 1753.1
1406830 1757.4
1406840 1761.6
1406850 1761.6
1406860 1764.7
1406870 1767.4
1406880 1767.4
1406890 1770.8
1406900 1774.4
1406910 1774.4
1406920 1778.1
1406930 1781.3
1406940 1781.3
1406950 1785.4
1406960 1789.8
1406970 1789.8
1406980 1794.6
1406990 1799.1
1407000 1803.2
1407010 1803.2
1407020 1807.2
1407030 1811.6
1407040 1811.6
1407050 1816.4
1407060 1820.6
1407070 1820.6
1407080 1824.6
1407090 1829.7
1407100 1829.7
1407110 1834.1
1407120 1837.1
1407130 1837.1
1407140 1841.2
1407150 1838.8
1407160 1838.8
1407170 1843.5
1407180 1849.2
1407190 1849.2
1407200 1853.8
1407210 1857.8
1407220 1862.1
1407230 1862.1
1407240 1866.8
1407250 1872.0
1407260 1872.0
1407270 1876.7
1407280 1880.7
1407290 1880.7
1407300 1885.2
1407310 1890.3
1407320 1890.3
1407330 1896.6
1407340 1903.5
1407350 1903.5
1407360 1909.5
1407370 1915.1
1407380 1915.1
1407390 1920.0
1407400 1923.8
1407410 1928.6
1407420 1928.6
1407430 1934.4
1407440 1938.9
1407450 1938.9
1407460 1941.4
1407470 1945.6
1407480 1945.6
1407490 1952.0
1407500 1958.8
1407510 1958.8
1407520 1965.9
1407530 1972.2
1407540 1972.2
1407550 1978.9
1407560 1988.8
1407570 1988.8
1407580 1996.5
1407590 2002.9
1407600 2010.9
1407610 2010.9
1407620 2018.5
1407630 2024.5
1407640 2024.5
1407650 2032.0
1407660 2040.7
1407670 2040.7
1407680 2048.2
1407690 2054.9
1407700 2054.9
1407710 2062.3
1407720 2069.8
1407730 2069.8
1407740 2076.0
1407750 2084.6
1407760 2084.6
1407770 2093.4
1407780 2100.2
1407790 2106.6
1407800 2106.6
1407810 2112.4
1407820 2118.3
1407830 2118.3
1407840 2125.9
1407850 2135.4
1407860 2135.4
1407870 2141.3
1407880 2144.9
1407890 2144.9
1407900 2147.3
1407910 2149.8
1407920 2149.8
1407930 2152.5
1407940 2155.2
1407950 2155.2
1407960 2157.6
1407970 2159.5
1407980 2159.5
1407990 2162.0
1408000 2165.8
1408010 2170.0
1408020 2170.0
1408030 2174.2
1408040 2178.7
1408050 2178.7
1408060 2183.3
1408070 2187.5
1408080 2187.5
1408090 2192.5
1408100 2196.7
1408110 2196.7
1408120 2200.8
1408130 2205.8
1408140 2205.8
1408150 2211.0
1408160 2216.0
1408170 2216.0
1408180 2221.4
1408190 2226.5
1408200 2231.9
1408210 2231.9
1408220 2237.6
1408230 2243.0
1408240 2243.0
1408250 2247.8
1408260 2252.9
1408270 2252.9
1408280 2259.0
1408290 2264.1
1408300 2264.1
1408310 2261.9
1408320 2260.3
1408330 2260.3
1408340 2262.0
1408350 2265.7
1408360 2265.7
1408370 2271.4
1408380 2277.4
1408390 2284.3
1408400 2284.3
1408410 2288.1
1408420 2289.1
1408430 2289.1
1408440 2289.8
1408450 2290.1
1408460 2290.1
1408470 2288.9
1408480 2286.3
1408490 2286.3
1408500 2285.4
1408510 2289.1
1408520 2289.1
1408530 2294.8
1408540 2299.9
1408550 2299.9
1408560 2303.6
1408570 2307.5
1408580 2311.0
1408590 2311.0
1408600 2313.9
1408610 2317.0
1408620 2317.0
1408630 2320.8
1408640 2324.1
1408650 2324.1
1408660 2329.8
1408670 2335.5
1408680 2335.5
1408690 2340.9
1408700 2345.1
1408710 2345.1
1408720 2350.8
1408730 2356.5
1408740 2356.5
1408750 2361.1
1408760 2366.8
1408770 2366.8
1408780 2372.5
1408790 2377.4
1408800 2374.0
1408810 2374.0
1408820 2380.6
1408830 2389.0
1408840 2389.0
1408850 2397.5
1408860 2403.6
1408870 2403.6
1408880 2408.4
1408890 2412.7
1408900 2412.7
1408910 2415.8
1408920 2420.2
1408930 2420.2
1408940 2426.9
1408950 2434.1
1408960 2434.1
1408970 2440.0
1408980 2444.2
1408990 2448.0
1409000 2448.0
1409010 2451.1
1409020 2454.8
1409030 2454.8
1409040 2458.4
1409050 2461.0
1409060 2461.0
1409070 2463.5
1409080 2467.7
1409090 2467.7
1409100 2472.9
1409110 2478.5
1409120 2478.5
1409130 2479.3
1409140 2480.4
1409150 2480.4
1409160 2484.8
1409170 2490.9
1409180 2497.8
1409190 2497.8
1409200 2503.1
1409210 2508.2
1409220 2508.2
1409230 2514.0
1409240 2521.5
1409250 2521.5
1409260 2525.8
1409270 2530.0
1409280 2530.0
1409290 2534.9
1409300 2542.2
1409310 2542.2
1409320 2551.5
1409330 2556.7
1409340 2556.7
1409350 2556.4
1409360 2561.0
1409370 2567.8
1409380 2567.8
1409390 2566.2
1409400 2561.3
1409410 2561.3
1409420 2563.7
1409430 2570.5
1409440 2570.5
1409450 2574.1
1409460 2574.6
1409470 2574.6
1409480 2578.8
1409490 2587.7
1409500 2587.7
1409510 2597.2
1409520 2606.8
1409530 2606.8
1409540 2614.7
1409550 2621.9
1409560 2621.9
1409570 2629.7
1409580 2638.1
1409590 2646.1
1409600 2646.1
1409610 2643.7
1409620 2632.2
1409630 2632.2
1409640 2621.7
1409650 2612.0
1409660 2612.0
1409670 2612.0
1409680 2619.2
1409690 2619.2
1409700 2627.9
1409710 2642.7
1409720 2642.7
1409730 2660.8
1409740 2663.9
1409750 2663.9
1409760 2655.5
1409770 2656.4
1409780 2653.7
1409790 2653.7
1409800 2651.0
1409810 2643.2
1409820 2643.2
1409830 2629.6
1409840 2624.9
1409850 2624.9
1409860 2625.4
1409870 2627.7
1409880 2627.7
1409890 2631.2
1409900 2625.8
1409910 2625.8
1409920 2619.8
1409930 2614.8
1409940 2614.8
1409950 2612.9
1409960 2609.8
1409970 2611.0
1409980 2611.0
1409990 2614.1
1410000 2616.4
1410010 2616.4
1410020 2617.3
1410030 2618.0
1410040 2618.0
1410050 2617.0
1410060 2614.5
1410070 2614.5
1410080 2610.8
1410090 2606.2
1410100 2606.2
1410110 2602.1
1410120 2600.5
1410130 2600.5
1410140 2601.3
1410150 2602.9
1410160 2603.9
1410170 2603.9
1410180 2605.0
1410190 2605.8
1410200 2605.8
1410210 2606.1
1410220 2606.0
1410230 2606.0
1410240 2606.2
1410250 2606.3
1410260 2606.3
1410270 2606.4
1410280 2606.5
1410290 2606.5
1410300 2606.2
1410310 2606.2
1410320 2606.2
1410330 2606.8
1410340 2605.4
1410350 2605.4
1410360 2604.0
1410370 2602.8
1410380 2605.8
1410390 2605.8
1410400 2609.7
1410410 2614.0
1410420 2614.0
1410430 2616.9
1410440 2615.8
1410450 2615.8
1410460 2614.5
1410470 2612.8
1410480 2612.8
1410490 2607.5
1410500 2606.6
1410510 2606.6
1410520 2607.6
1410530 2609.9
1410540 2609.9
1410550 2611.0
1410560 2611.5
1410570 2613.2
1410580 2613.2
1410590 2614.1
1410600 2612.6
1410610 2612.6
1410620 2609.5
1410630 2607.0
1410640 2607.0
1410650 2605.6
1410660 2605.3
1410670 2605.3
1410680 2604.0
1410690 2601.9
1410700 2601.9
1410710 2602.3
1410720 2606.1
1410730 2606.1
1410740 2609.0
1410750 2610.5
1410760 2611.0
1410770 2611.0
1410780 2611.6
1410790 2611.0
1410800 2611.0
1410810 2610.7
1410820 2610.3
1410830 2610.3
1410840 2609.8
1410850 2607.1
1410860 2607.1
1410870 2600.9
1410880 2601.8
1410890 2601.8
1410900 2607.8
1410910 2614.7
1410920 2614.7
1410930 2621.7
1410940 2627.0
1410950 2632.3
1410960 2632.3
1410970 2638.1
1410980 2644.1
1410990 2644.1
1411000 2650.2
1411010 2656.6
1411020 2656.6
1411030 2663.8
1411040 2671.7
1411050 2671.7
1411060 2680.1
1411070 2686.0
1411080 2686.0
1411090 2692.5
1411100 2700.8
1411110 2700.8
1411120 2707.1
1411130 2713.7
1411140 2713.7
1411150 2721.2
1411160 2728.8
1411170 2737.0
1411180 2737.0
1411190 2746.6
1411200 2755.9
1411210 2755.9
1411220 2767.0
1411230 2780.1
1411240 2780.1
1411250 2790.1
1411260 2799.7
1411270 2799.7
1411280 2810.8
1411290 2817.3
1411300 2817.3
1411310 2825.4
1411320 2828.1
1411330 2828.1
1411340 2837.2
1411350 2847.1
1411360 2853.3
1411370 2853.3
1411380 2860.8
1411390 2865.1
1411400 2865.1
1411410 2867.0
1411420 2870.2
1411430 2870.2
1411440 2874.6
1411450 2879.8
1411460 2879.8
1411470 2880.3
1411480 2876.6
1411490 2876.6
1411500 2871.3
1411510 2864.8
1411520 2864.8
1411530 2858.4
1411540 2852.2
1411550 2848.2
1411560 2848.2
1411570 2845.0
1411580 2837.3
1411590 2837.3
1411600 2828.1
1411610 2819.9
1411620 2819.9
1411630 2812.9
1411640 2806.3
1411650 2806.3
1411660 2800.7
1411670 2795.3
1411680 2795.3
1411690 2789.3
1411700 2779.2
1411710 2779.2
1411720 2766.2
1411730 2756.0
1411740 2747.2
1411750 2747.2
1411760 2737.7
1411770 2729.1
1411780 2729.1
1411790 2720.8
1411800 2712.1
1411810 2712.1
1411820 2702.4
1411830 2694.4
1411840 2694.4
1411850 2687.0
1411860 2680.3
1411870 2680.3
1411880 2673.7
1411890 2668.1
1411900 2668.1
1411910 2662.7
1411920 2656.3
1411930 2656.3
1411940 2651.2
1411950 2645.1
1411960 2638.0
1411970 2638.0
1411980 2630.9
1411990 2622.8
1412000 2622.8
1412010 2614.8
1412020 2608.0
1412030 2608.0
1412040 2601.4
1412050 2594.4
1412060 2594.4
1412070 2586.7
1412080 2577.7
1412090 2577.7
1412100 2571.1
1412110 2566.6
1412120 2566.6
1412130 2564.8
1412140 2565.3
1412150 2563.1
1412160 2563.1
1412170 2560.5
1412180 2555.1
1412190 2555.1
1412200 2550.6
1412210 2556.9
1412220 2556.9
1412230 2557.9
1412240 2556.7
1412250 2556.7
1412260 2555.0
1412270 2553.5
1412280 2553.5
1412290 2552.6
1412300 2550.0
1412310 2550.0
1412320 2542.2
1412330 2533.2
1412340 2526.3
1412350 2526.3
1412360 2519.2
1412370 2510.7
1412380 2510.7
1412390 2503.6
1412400 2497.0
1412410 2497.0
1412420 2491.1
1412430 2486.3
1412440 2486.3
1412450 2481.8
1412460 2475.6
1412470 2475.6
1412480 2469.8
1412490 2464.2
1412500 2464.2
1412510 2460.1
1412520 2456.8
1412530 2455.3
1412540 2455.3
1412550 2453.9
1412560 2451.7
1412570 2451.7
1412580 2450.8
1412590 2450.9
1412600 2450.9
1412610 2451.1
1412620 2448.7
1412630 2448.7
1412640 2445.8
1412650 2444.7
1412660 2444.7
1412670 2443.3
1412680 2444.9
1412690 2444.9
1412700 2445.7
1412710 2445.6
1412720 2445.6
1412730 2445.2
1412740 2444.4
1412750 2442.1
1412760 2442.1
1412770 2439.3
1412780 2436.6
1412790 2436.6
1412800 2434.7
1412810 2432.3
1412820 2432.3
1412830 2430.4
1412840 2427.7
1412850 2427.7
1412860 2426.0
1412870 2425.0
1412880 2425.0
1412890 2425.8
1412900 2425.9
1412910 2425.9
1412920 2426.6
1412930 2426.9
1412940 2427.7
1412950 2427.7
1412960 2427.9
1412970 2427.3
1412980 2427.3
1412990 2427.8
1413000 2427.5
1413010 2427.5
1413020 2425.5
1413030 2424.0
1413040 2424.0
1413050 2422.9
1413060 2422.4
1413070 2422.4
1413080 2424.2
1413090 2424.7
1413100 2424.7
1413110 2424.7
1413120 2424.7
1413130 2425.9
1413140 2425.9
1413150 2427.5
1413160 2428.7
1413170 2428.7
1413180 2430.3
1413190 2432.1
1413200 2432.1
1413210 2433.3
1413220 2433.9
1413230 2433.9
1413240 2434.4
1413250 2435.0
1413260 2435.0
1413270 2435.0
1413280 2436.0
1413290 2436.0
1413300 2437.7
1413310 2441.4
1413320 2444.0
1413330 2444.0
1413340 2446.3
1413350 2449.6
1413360 2449.6
1413370 2454.4
1413380 2461.2
1413390 2461.2
1413400 2468.5
1413410 2475.2
1413420 2475.2
1413430 2481.4
1413440 2487.9
1413450 2487.9
1413460 2493.8
1413470 2498.3
1413480 2498.3
1413490 2502.9
1413500 2508.2
1413510 2508.2
1413520 2514.1
1413530 2519.2
1413540 2524.0
1413550 2524.0
1413560 2529.7
1413570 2535.2
1413580 2535.2
1413590 2540.4
1413600 2545.2
1413610 2545.2
1413620 2550.3
1413630 2555.3
1413640 2555.3
1413650 2560.2
1413660 2565.0
1413670 2565.0
1413680 2569.4
1413690 2573.5
1413700 2573.5
1413710 2577.8
1413720 2582.5
1413730 2587.1
1413740 2587.1
1413750 2591.7
1413760 2596.0
1413770 2596.0
1413780 2601.4
1413790 2608.4
1413800 2608.4
1413810 2615.1
1413820 2621.2
1413830 2621.2
1413840 2626.8
1413850 2633.1
1413860 2633.1
1413870 2640.2
1413880 2647.4
1413890 2647.4
1413900 2654.4
1413910 2661.6
1413920 2669.2
1413930 2669.2
1413940 2676.8
1413950 2684.3
1413960 2684.3
1413970 2691.8
1413980 2696.1
1413990 2696.1
1414000 2703.0
1414010 2710.3
1414020 2710.3
1414030 2717.2
1414040 2724.0
1414050 2724.0
1414060 2730.1
1414070 2736.3
1414080 2736.3
1414090 2743.5
1414100 2750.7
1414110 2757.6
1414120 2757.6
1414130 2764.3
1414140 2769.9
1414150 2769.9
1414160 2775.8
1414170 2782.2
1414180 2782.2
1414190 2788.4
1414200 2795.6
1414210 2795.6
1414220 2805.0
1414230 2813.3
1414240 2813.3
1414250 2822.2
1414260 2835.8
1414270 2835.8
1414280 2848.4
1414290 2859.0
1414300 2859.0
1414310 2870.2
1414320 2889.4
1414330 2907.6
1414340 2907.6
1414350 2916.7
1414360 2917.7
1414370 2917.7
1414380 2920.4
1414390 2922.5
1414400 2922.5
1414410 2925.6
1414420 2929.3
1414430 2929.3
1414440 2932.8
1414450 2934.5
1414460 2934.5
1414470 2934.7
1414480 2932.4
1414490 2932.4
1414500 2927.7
1414510 2923.8
1414520 2921.5
1414530 2921.5
1414540 2919.2
1414550 2918.9
1414560 2918.9
1414570 2919.9
1414580 2920.6
1414590 2920.6
1414600 2920.0
1414610 2918.2
1414620 2918.2
1414630 2917.5
1414640 2917.8
1414650 2917.8
1414660 2921.4
1414670 2922.4
1414680 2922.4
1414690 2919.3
1414700 2914.7
1414710 2909.7
1414720 2909.7
1414730 2904.4
1414740 2899.0
1414750 2899.0
1414760 2895.2
1414770 2892.8
1414780 2892.8
1414790 2889.5
1414800 2886.9
1414810 2886.9
1414820 2885.0
1414830 2883.3
1414840 2883.3
1414850 2882.6
1414860 2883.1
1414870 2883.1
1414880 2883.9
1414890 2885.3
1414900 2887.3
1414910 2887.3
1414920 2889.7
1414930 2892.8
1414940 2892.8
1414950 2896.2
1414960 2899.6
1414970 2899.6
1414980 2903.5
1414990 2908.5
1415000 2908.5
1415010 2915.4
1415020 2920.2
1415030 2920.2
1415040 2924.6
1415050 2930.2
1415060 2930.2
1415070 2936.0
1415080 2942.5
1415090 2942.5
1415100 2949.6
1415110 2957.5
1415120 2966.5
1415130 2966.5
1415140 2978.1
1415150 2999.4
1415160 2999.4
1415170 3016.6
1415180 3029.2
1415190 3029.2
1415200 3041.1
1415210 3053.6
1415220 3053.6
1415230 3063.2
1415240 3073.5
1415250 3073.5
1415260 3079.6
1415270 3084.3
1415280 3084.3
1415290 3078.5
1415300 3043.0
1415310 3018.6
1415320 3018.6
1415330 3004.9
1415340 2972.2
1415350 2972.2
1415360 2940.7
1415370 2923.4
1415380 2923.4
1415390 2912.1
1415400 2905.9
1415410 2905.9
1415420 2902.9
1415430 2901.8
1415440 2901.8
1415450 2893.9
1415460 2888.6
1415470 2888.6
1415480 2887.5
1415490 2888.0
1415500 2884.1
1415510 2884.1
1415520 2884.6
1415530 2890.0
1415540 2890.0
1415550 2892.4
1415560 2891.8
1415570 2891.8
1415580 2892.3
1415590 2898.9
1415600 2898.9
1415610 2907.4
1415620 2915.5
1415630 2915.5
1415640 2921.4
1415650 2917.6
1415660 2917.6
1415670 2911.6
1415680 2902.9
1415690 2891.3
1415700 2891.3
1415710 2881.0
1415720 2875.0
1415730 2875.0
1415740 2867.9
1415750 2859.7
1415760 2859.7
1415770 2853.9
1415780 2847.7
1415790 2842.8
1415800 2835.2
1415810 2827.3
1415820 2827.3
1415830 2816.4
1415840 2801.9
1415850 2801.9
1415860 2787.1
1415870 2770.1
1415880 2770.1
1415890 2759.2
1415900 2752.5
1415910 2746.5
1415920 2746.5
1415930 2741.6
1415940 2736.6
1415950 2736.6
1415960 2732.1
1415970 2727.8
1415980 2727.8
1415990 2723.6
1416000 2719.7
1416010 2719.7
1416020 2716.7
1416030 2715.0
1416040 2715.0
1416050 2714.4
1416060 2713.2
1416070 2713.2
1416080 2711.5
1416090 2709.7
1416100 2707.4
1416110 2707.4
1416120 2704.5
1416130 2705.5
1416140 2705.5
1416150 2707.3
1416160 2709.2
1416170 2709.2
1416180 2710.6
1416190 2711.7
1416200 2711.7
1416210 2713.7
1416220 2717.0
1416230 2717.0
1416240 2721.4
1416250 2725.8
1416260 2725.8
1416270 2730.9
1416280 2735.4
1416290 2740.0
1416300 2740.0
1416310 2745.0
1416320 2750.7
1416330 2750.7
1416340 2758.1
1416350 2766.4
1416360 2766.4
1416370 2770.2
1416380 2773.0
1416390 2773.0
1416400 2778.3
1416410 2786.0
1416420 2786.0
1416430 2791.7
1416440 2795.1
1416450 2795.1
1416460 2798.9
1416470 2801.6
1416480 2805.1
1416490 2805.1
1416500 2809.0
1416510 2815.0
1416520 2815.0
1416530 2818.7
1416540 2820.2
1416550 2820.2
1416560 2821.6
1416570 2823.3
1416580 2823.3
1416590 2824.5
1416600 2826.6
1416610 2826.6
1416620 2827.3
1416630 2826.3
1416640 2826.3
1416650 2825.5
1416660 2826.0
1416670 2826.0
1416680 2824.7
1416690 2823.2
1416700 2822.5
1416710 2822.5
1416720 2821.9
1416730 2820.5
1416740 2820.5
1416750 2818.0
1416760 2816.5
1416770 2816.5
1416780 2817.1
1416790 2818.6
1416800 2818.6
1416810 2819.8
1416820 2820.8
1416830 2820.8
1416840 2820.4
1416850 2821.3
1416860 2821.3
1416870 2823.3
1416880 2826.7
1416890 2831.2
1416900 2831.2
1416910 2835.6
1416920 2838.2
1416930 2838.2
1416940 2840.4
1416950 2843.6
1416960 2843.6
1416970 2849.1
1416980 2853.7
1416990 2853.7
1417000 2853.5
1417010 2852.6
1417020 2852.6
1417030 2851.9
1417040 2849.7
1417050 2849.7
1417060 2849.6
1417070 2852.7
1417080 2855.2
1417090 2855.2
1417100 2850.4
1417110 2846.6
1417120 2846.6
1417130 2846.7
1417140 2848.7
1417150 2848.7
1417160 2850.3
1417170 2842.6
1417180 2842.6
1417190 2829.6
1417200 2819.6
1417210 2819.6
1417220 2807.6
1417230 2794.8
1417240 2794.8
1417250 2784.5
1417260 2774.7
1417270 2764.6
1417280 2764.6
1417290 2753.2
1417300 2742.5
1417310 2742.5
1417320 2729.0
1417330 2709.8
1417340 2709.8
1417350 2692.9
1417360 2681.9
1417370 2681.9
1417380 2670.4
1417390 2659.7
1417400 2659.7
1417410 2653.0
1417420 2647.8
1417430 2647.8
1417440 2642.3
1417450 2637.0
1417460 2637.0
1417470 2631.8
1417480 2626.6
1417490 2621.5
1417500 2621.5
1417510 2616.7
1417520 2612.4
1417530 2612.4
1417540 2609.7
1417550 2607.7
1417560 2607.7
1417570 2604.8
1417580 2600.9
1417590 2600.9
1417600 2596.0
1417610 2590.3
1417620 2590.3
1417630 2584.4
1417640 2580.1
1417650 2580.1
1417660 2579.0
1417670 2577.3
1417680 2577.1
1417690 2577.1
1417700 2578.2
1417710 2582.1
1417720 2582.1
1417730 2588.5
1417740 2594.1
1417750 2594.1
1417760 2597.4
1417770 2599.2
1417780 2599.2
1417790 2599.9
1417800 2598.2
1417810 2598.2
1417820 2594.8
1417830 2591.6
1417840 2591.6
1417850 2589.6
1417860 2587.2
1417870 2583.6
1417880 2583.6
1417890 2580.2
1417900 2579.2
1417910 2579.2
1417920 2580.6
1417930 2582.4
1417940 2582.4
1417950 2579.6
1417960 2574.2
1417970 2574.2
1417980 2569.1
1417990 2570.6
1418000 2570.6
1418010 2575.3
1418020 2577.9
1418030 2577.9
1418040 2579.7
1418050 2576.9
1418060 2569.8
1418070 2569.8
1418080 2562.6
1418090 2553.4
1418100 2553.4
1418110 2547.9
1418120 2536.5
1418130 2536.5
1418140 2531.5
1418150 2533.4
1418160 2533.4
1418170 2535.0
1418180 2534.9
1418190 2534.9
1418200 2532.8
1418210 2523.6
1418220 2523.6
1418230 2514.0
1418240 2509.6
1418250 2509.6
1418260 2505.0
1418270 2500.5
1418280 2498.9
1418290 2498.9
1418300 2498.5
1418310 2498.7
1418320 2498.7
1418330 2499.7
1418340 2500.5
1418350 2500.5
1418360 2499.1
1418370 2496.3
1418380 2496.3
1418390 2492.5
1418400 2487.6
1418410 2487.6
1418420 2483.8
1418430 2481.8
1418440 2481.8
1418450 2480.5
1418460 2479.9
1418470 2483.0
1418480 2483.0
1418490 2485.9
1418500 2484.9
1418510 2484.9
1418520 2481.3
1418530 2478.9
1418540 2478.9
1418550 2480.6
1418560 2482.5
1418570 2482.5
1418580 2483.5
1418590 2487.0
1418600 2487.0
1418610 2492.0
1418620 2493.8
1418630 2493.8
1418640 2495.0
1418650 2498.7
1418660 2500.6
1418670 2500.6
1418680 2500.8
1418690 2502.4
1418700 2502.4
1418710 2503.8
1418720 2505.6
1418730 2505.6
1418740 2507.6
1418750 2509.6
1418760 2509.6
1418770 2513.2
1418780 2517.8
1418790 2517.8
1418800 2523.0
1418810 2528.5
1418820 2528.5
1418830 2534.4
1418840 2542.3
1418850 2554.1
1418860 2554.1
1418870 2563.0
1418880 2571.2
1418890 2571.2
1418900 2579.2
1418910 2586.6
1418920 2586.6
1418930 2595.8
1418940 2605.3
1418950 2605.3
1418960 2611.9
1418970 2614.8
1418980 2614.8
1418990 2617.4
1419000 2619.7
1419010 2619.7
1419020 2621.1
1419030 2620.9
1419040 2620.9
1419050 2624.5
1419060 2628.0
1419070 2629.5
1419080 2629.5
1419090 2630.8
1419100 2630.0
1419110 2630.0
1419120 2626.4
1419130 2622.9
1419140 2622.9
1419150 2621.2
1419160 2623.7
1419170 2623.7
1419180 2631.7
1419190 2637.0
1419200 2637.0
1419210 2640.4
1419220 2641.9
1419230 2641.9
1419240 2640.9
1419250 2640.1
1419260 2641.5
1419270 2641.5
1419280 2645.1
1419290 2649.9
1419300 2649.9
1419310 2652.9
1419320 2655.9
1419330 2655.9
1419340 2658.1
1419350 2658.3
1419360 2658.3
1419370 2657.8
1419380 2658.1
1419390 2658.1
1419400 2658.5
1419410 2657.2
1419420 2657.2
1419430 2654.8
1419440 2656.1
1419450 2659.0
1419460 2659.0
1419470 2659.5
1419480 2658.8
1419490 2658.8
1419500 2660.3
1419510 2663.3
1419520 2663.3
1419530 2665.3
1419540 2667.5
1419550 2667.5
1419560 2668.9
1419570 2664.5
1419580 2664.5
1419590 2667.5
1419600 2670.1
1419610 2670.1
1419620 2672.8
1419630 2676.0
1419640 2680.9
1419650 2680.9
1419660 2685.9
1419670 2690.2
1419680 2690.2
1419690 2694.9
1419700 2701.2
1419710 2701.2
1419720 2707.0
1419730 2712.5
1419740 2712.5
1419750 2718.2
1419760 2724.0
1419770 2724.0
1419780 2729.7
1419790 2735.6
1419800 2735.6
1419810 2741.4
1419820 2747.2
1419830 2747.2
1419840 2753.2
1419850 2759.2
1419860 2765.2
1419870 2765.2
1419880 2771.8
1419890 2778.3
1419900 2778.3
1419910 2784.7
1419920 2791.5
1419930 2791.5
1419940 2798.5
1419950 2805.6
1419960 2805.6
1419970 2812.9
1419980 2820.5
1419990 2820.5
