1400000 1846.3
1400010 1841.0
1400020 1841.0
1400030 1837.6
1400040 1837.1
1400050 1836.7
1400060 1836.7
1400070 1835.7
1400080 1834.0
1400090 1834.0
1400100 1832.6
1400110 1831.7
1400120 1831.7
1400130 1830.9
1400140 1829.5
1400150 1829.5
1400160 1828.5
1400170 1829.8
1400180 1829.8
1400190 1832.5
1400200 1834.6
1400210 1834.6
1400220 1836.8
1400230 1838.7
1400240 1838.7
1400250 1839.3
1400260 1839.9
1400270 1843.6
1400280 1843.6
1400290 1847.7
1400300 1851.5
1400310 1851.5
1400320 1855.0
1400330 1857.1
1400340 1857.1
1400350 1858.6
1400360 1860.1
1400370 1860.1
1400380 1862.2
1400390 1866.5
1400400 1866.5
1400410 1871.8
1400420 1877.6
1400430 1877.6
1400440 1882.9
1400450 1888.1
1400460 1893.1
1400470 1893.1
1400480 1899.4
1400490 1906.2
1400500 1906.2
1400510 1913.2
1400520 1921.6
1400530 1921.6
1400540 1930.0
1400550 1937.0
1400560 1937.0
1400570 1944.7
1400580 1952.3
1400590 1952.3
1400600 1958.7
1400610 1964.3
1400620 1964.3
1400630 1970.7
1400640 1977.2
1400650 1984.1
1400660 1984.1
1400670 1989.3
1400680 1996.9
1400690 1996.9
1400700 2004.9
1400710 2012.2
1400720 2012.2
1400730 2018.2
1400740 2024.8
1400750 2024.8
1400760 2030.6
1400770 2035.9
1400780 2035.9
1400790 2041.7
1400800 2048.3
1400810 2048.3
1400820 2055.6
1400830 2061.8
1400840 2061.8
1400850 2068.7
1400860 2076.4
1400870 2082.7
1400880 2082.7
1400890 2089.1
1400900 2095.3
1400910 2095.3
1400920 2101.3
1400930 2106.3
1400940 2106.3
1400950 2110.4
1400960 2114.0
1400970 2114.0
1400980 2117.4
1400990 2121.0
1401000 2121.0
1401010 2123.7
1401020 2126.4
1401030 2126.4
1401040 2129.1
1401050 2131.2
1401060 2133.2
1401070 2133.2
1401080 2135.6
1401090 2137.7
1401100 2137.7
1401110 2139.3
1401120 2141.0
1401130 2141.0
1401140 2141.1
1401150 2141.1
1401160 2141.1
1401170 2141.7
1401180 2143.2
1401190 2143.2
1401200 2144.7
1401210 2144.7
1401220 2144.7
1401230 2143.1
1401240 2144.4
1401250 2144.4
1401260 2147.0
1401270 2149.7
1401280 2152.4
1401290 2152.4
1401300 2156.0
1401310 2160.5
1401320 2160.5
1401330 2165.2
1401340 2169.5
1401350 2169.5
1401360 2171.6
1401370 2171.6
1401380 2171.6
1401390 2172.5
1401400 2172.2
1401410 2172.2
1401420 2171.0
1401430 2173.9
1401440 2173.9
1401450 2177.9
1401460 2180.7
1401470 2180.4
1401480 2180.4
1401490 2180.8
1401500 2185.2
1401510 2185.2
1401520 2188.3
1401530 2192.8
1401540 2192.8
1401550 2199.4
1401560 2205.3
1401570 2205.3
1401580 2211.1
1401590 2217.0
1401600 2217.0
1401610 2223.5
1401620 2230.4
1401630 2230.4
1401640 2235.2
1401650 2234.8
1401660 2234.8
1401670 2231.4
1401680 2228.3
1401690 2227.2
1401700 2227.2
1401710 2227.6
1401720 2228.2
1401730 2228.2
1401740 2229.1
1401750 2230.4
1401760 2230.4
1401770 2231.7
1401780 2231.3
1401790 2231.3
1401800 2230.9
1401810 2233.6
1401820 2233.6
1401830 2235.7
1401840 2237.8
1401850 2237.8
1401860 2242.3
1401870 2248.1
1401880 2252.6
1401890 2252.6
1401900 2256.8
1401910 2261.6
1401920 2261.6
1401930 2267.2
1401940 2273.4
1401950 2273.4
1401960 2279.7
1401970 2285.4
1401980 2285.4
1401990 2290.6
1402000 2295.3
1402010 2295.3
1402020 2298.9
1402030 2302.0
1402040 2302.0
1402050 2304.9
1402060 2308.2
1402070 2308.2
1402080 2312.9
1402090 2317.4
1402100 2321.2
1402110 2321.2
1402120 2325.5
1402130 2330.2
1402140 2330.2
1402150 2335.2
1402160 2340.7
1402170 2340.7
1402180 2346.5
1402190 2363.4
1402200 2363.4
1402210 2369.7
1402220 2376.5
1402230 2376.5
1402240 2382.3
1402250 2386.6
1402260 2386.6
1402270 2385.5
1402280 2382.0
1402290 2378.8
1402300 2378.8
1402310 2374.4
1402320 2369.4
1402330 2369.4
1402340 2365.9
1402350 2363.8
1402360 2363.8
1402370 2362.2
1402380 2359.6
1402390 2359.6
1402400 2354.5
1402410 2348.5
1402420 2348.5
1402430 2343.9
1402440 2339.9
1402450 2339.9
1402460 2335.0
1402470 2330.2
1402480 2325.9
1402490 2325.9
1402500 2322.1
1402510 2319.0
1402520 2319.0
1402530 2314.6
1402540 2310.4
1402550 2310.4
1402560 2306.0
1402570 2302.7
1402580 2302.7
1402590 2299.9
1402600 2295.7
1402610 2295.7
1402620 2290.8
1402630 2284.5
1402640 2284.5
1402650 2278.7
1402660 2272.9
1402670 2272.9
1402680 2267.3
1402690 2260.9
1402700 2254.0
1402710 2254.0
1402720 2247.4
1402730 2241.2
1402740 2241.2
1402750 2235.1
1402760 2229.6
1402770 2229.6
1402780 2224.7
1402790 2219.7
1402800 2219.7
1402810 2214.7
1402820 2209.7
1402830 2209.7
1402840 2205.7
1402850 2203.2
1402860 2203.2
1402870 2203.2
1402880 2205.9
1402890 2207.9
1402900 2207.9
1402910 2205.2
1402920 2200.1
1402930 2200.1
1402940 2195.2
1402950 2190.7
1402960 2190.7
1402970 2187.9
1402980 2183.4
1402990 2183.4
1403000 2176.7
1403010 2169.3
1403020 2169.3
1403030 2161.6
1403040 2155.3
1403050 2155.3
1403060 2153.1
1403070 2151.8
1403080 2151.8
1403090 2150.3
1403100 2147.6
1403110 2146.2
1403120 2146.2
1403130 2144.6
1403140 2139.3
1403150 2139.3
1403160 2133.6
1403170 2130.1
1403180 2130.1
1403190 2126.6
1403200 2123.6
1403210 2123.6
1403220 2120.8
1403230 2115.0
1403240 2115.0
1403250 2109.2
1403260 2104.9
1403270 2104.9
1403280 2102.9
1403290 2102.2
1403300 2100.9
1403310 2100.9
1403320 2101.3
1403330 2100.7
1403340 2100.7
1403350 2099.3
1403360 2097.6
1403370 2097.6
1403380 2095.8
1403390 2093.8
1403400 2093.8
1403410 2092.2
1403420 2090.2
1403430 2090.2
1403440 2087.7
1403450 2085.1
1403460 2085.1
1403470 2083.8
1403480 2082.4
1403490 2082.4
1403500 2081.4
1403510 2081.3
1403520 2080.9
1403530 2080.9
1403540 2080.7
1403550 2079.8
1403560 2079.8
1403570 2079.8
1403580 2079.7
1403590 2079.7
1403600 2078.9
1403610 2079.4
1403620 2079.4
1403630 2080.0
1403640 2080.8
1403650 2080.8
1403660 2081.4
1403670 2081.6
1403680 2081.6
1403690 2083.0
1403700 2085.4
1403710 2089.2
1403720 2089.2
1403730 2093.2
1403740 2099.9
1403750 2099.9
1403760 2106.3
1403770 2112.2
1403780 2112.2
1403790 2117.9
1403800 2123.8
1403810 2123.8
1403820 2130.0
1403830 2136.6
1403840 2136.6
1403850 2143.5
1403860 2150.6
1403870 2150.6
1403880 2156.9
1403890 2160.0
1403900 2160.0
1403910 2161.4
1403920 2162.7
1403930 2164.0
1403940 2164.0
1403950 2164.9
1403960 2165.6
1403970 2165.6
1403980 2166.5
1403990 2167.4
1404000 2167.4
1404010 2167.9
1404020 2168.0
1404030 2168.0
1404040 2167.9
1404050 2167.5
1404060 2167.5
1404070 2167.0
1404080 2166.7
1404090 2166.7
1404100 2166.2
1404110 2165.6
1404120 2165.0
1404130 2165.0
1404140 2163.9
1404150 2162.9
1404160 2162.9
1404170 2162.3
1404180 2161.7
1404190 2161.7
1404200 2161.1
1404210 2160.9
1404220 2160.9
1404230 2160.7
1404240 2160.3
1404250 2160.3
1404260 2159.9
1404270 2159.4
1404280 2159.4
1404290 2158.8
1404300 2157.5
1404310 2155.5
1404320 2155.5
1404330 2153.3
1404340 2150.8
1404350 2150.8
1404360 2148.1
1404370 2145.4
1404380 2145.4
1404390 2142.5
1404400 2139.4
1404410 2139.4
1404420 2136.0
1404430 2132.5
1404440 2132.5
1404450 2128.9
1404460 2125.2
1404470 2125.2
1404480 2121.8
1404490 2118.6
1404500 2118.6
1404510 2115.1
1404520 2111.3
1404530 2106.7
1404540 2106.7
1404550 2103.1
1404560 2100.3
1404570 2100.3
1404580 2095.3
1404590 2089.6
1404600 2089.6
1404610 2085.0
1404620 2080.2
1404630 2080.2
1404640 2074.7
1404650 2068.9
1404660 2068.9
1404670 2063.3
1404680 2057.9
1404690 2057.9
1404700 2052.7
1404710 2047.3
1404720 2041.9
1404730 2041.9
1404740 2036.8
1404750 2032.0
1404760 2032.0
1404770 2026.9
1404780 2022.1
1404790 2022.1
1404800 2017.2
1404810 2012.2
1404820 2012.2
1404830 2007.1
1404840 2002.6
1404850 2002.6
1404860 1997.7
1404870 1992.6
1404880 1992.6
1404890 1986.8
1404900 1980.9
1404910 1980.9
1404920 1975.2
1404930 1969.5
1404940 1964.2
1404950 1964.2
1404960 1960.3
1404970 1957.2
1404980 1957.2
1404990 1953.8
1405000 1950.8
1405010 1950.8
1405020 1947.4
1405030 1943.1
1405040 1943.1
1405050 1938.6
1405060 1935.1
1405070 1935.1
1405080 1932.3
1405090 1929.7
1405100 1929.7
1405110 1926.9
1405120 1923.4
1405130 1919.3
1405140 1919.3
1405150 1915.3
1405160 1911.7
1405170 1911.7
1405180 1909.3
1405190 1907.8
1405200 1907.8
1405210 1905.9
1405220 1903.6
1405230 1903.6
1405240 1899.8
1405250 1895.4
1405260 1895.4
1405270 1891.3
1405280 1888.4
1405290 1888.4
1405300 1885.3
1405310 1881.4
1405320 1881.4
1405330 1876.9
1405340 1873.2
1405350 1869.1
1405360 1869.1
1405370 1866.7
1405380 1861.8
1405390 1861.8
1405400 1857.4
1405410 1851.6
1405420 1851.6
1405430 1845.7
1405440 1839.4
1405450 1839.4
1405460 1833.1
1405470 1827.1
1405480 1827.1
1405490 1821.2
1405500 1815.7
1405510 1815.7
1405520 1812.5
1405530 1806.6
1405540 1802.2
1405550 1802.2
1405560 1795.9
1405570 1788.2
1405580 1788.2
1405590 1779.9
1405600 1771.5
1405610 1771.5
1405620 1763.7
1405630 1755.5
1405640 1755.5
1405650 1748.4
1405660 1742.2
1405670 1742.2
1405680 1736.5
1405690 1731.5
1405700 1731.5
1405710 1726.5
1405720 1721.2
1405730 1721.2
1405740 1714.8
1405750 1707.5
1405760 1701.6
1405770 1701.6
1405780 1694.9
1405790 1688.0
1405800 1688.0
1405810 1681.5
1405820 1675.1
1405830 1675.1
1405840 1668.6
1405850 1661.0
1405860 1661.0
1405870 1653.0
1405880 1645.7
1405890 1645.7
1405900 1638.4
1405910 1630.8
1405920 1630.8
1405930 1623.8
1405940 1617.4
1405950 1610.4
1405960 1610.4
1405970 1602.9
1405980 1596.2
1405990 1596.2
1406000 1588.3
1406010 1579.4
1406020 1579.4
1406030 1565.6
1406040 1556.5
1406050 1556.5
1406060 1552.2
1406070 1551.1
1406080 1551.1
1406090 1550.7
1406100 1550.2
1406110 1550.2
1406120 1548.6
1406130 1545.2
1406140 1545.2
1406150 1540.9
1406160 1536.2
1406170 1527.5
1406180 1527.5
1406190 1510.9
1406200 1495.7
1406210 1495.7
1406220 1480.9
1406230 1473.0
1406240 1473.0
1406250 1468.6
1406260 1463.4
1406270 1463.4
1406280 1458.8
1406290 1453.0
1406300 1453.0
1406310 1446.8
1406320 1430.6
1406330 1430.6
1406340 1416.5
1406350 1408.3
1406360 1400.9
1406370 1400.9
1406380 1393.6
1406390 1386.4
1406400 1386.4
1406410 1379.0
1406420 1372.0
1406430 1372.0
1406440 1364.9
1406450 1358.8
1406460 1358.8
1406470 1353.6
1406480 1349.5
1406490 1349.5
1406500 1344.7
1406510 1338.8
1406520 1338.8
1406530 1333.0
1406540 1328.4
1406550 1324.3
1406560 1324.3
1406570 1321.2
1406580 1319.0
1406590 1319.0
1406600 1317.1
1406610 1315.8
1406620 1315.8
1406630 1314.4
1406640 1314.1
1406650 1314.1
1406660 1314.0
1406670 1314.1
1406680 1314.1
1406690 1314.2
1406700 1314.0
1406710 1314.0
1406720 1313.5
1406730 1313.1
1406740 1313.1
1406750 1312.9
1406760 1312.8
1406770 1312.3
1406780 1312.3
1406790 1312.0
1406800 1311.9
1406810 1311.9
1406820 1311.7
1406830 1311.7
1406840 1311.7
1406850 1311.4
1406860 1308.7
1406870 1308.7
1406880 1305.7
1406890 1307.5
1406900 1307.5
1406910 1308.2
1406920 1307.7
1406930 1307.7
1406940 1305.8
1406950 1302.9
1406960 1295.8
1406970 1295.8
1406980 1289.5
1406990 1287.0
1407000 1287.0
1407010 1286.0
1407020 1284.5
1407030 1284.5
1407040 1283.6
1407050 1282.6
1407060 1282.6
1407070 1281.8
1407080 1280.9
1407090 1280.9
1407100 1279.4
1407110 1275.6
1407120 1275.6
1407130 1272.6
1407140 1271.1
1407150 1271.1
1407160 1271.2
1407170 1271.5
1407180 1271.8
1407190 1271.8
1407200 1272.3
1407210 1274.7
1407220 1274.7
1407230 1276.2
1407240 1280.8
1407250 1280.8
1407260 1286.1
1407270 1287.3
1407280 1287.3
1407290 1288.2
1407300 1289.2
1407310 1289.2
1407320 1290.1
1407330 1291.5
1407340 1291.5
1407350 1292.7
1407360 1294.2
1407370 1296.6
1407380 1296.6
1407390 1299.7
1407400 1306.2
1407410 1306.2
1407420 1313.5
1407430 1321.9
1407440 1321.9
1407450 1333.1
1407460 1344.9
1407470 1344.9
1407480 1355.0
1407490 1363.2
1407500 1363.2
1407510 1370.8
1407520 1378.0
1407530 1378.0
1407540 1385.6
1407550 1393.6
1407560 1393.6
1407570 1401.6
1407580 1409.0
1407590 1416.0
1407600 1416.0
1407610 1422.9
1407620 1430.0
1407630 1430.0
1407640 1437.7
1407650 1445.6
1407660 1445.6
1407670 1453.3
1407680 1460.7
1407690 1460.7
1407700 1467.6
1407710 1474.6
1407720 1474.6
1407730 1481.9
1407740 1489.2
1407750 1489.2
1407760 1496.0
1407770 1502.1
1407780 1508.9
1407790 1508.9
1407800 1516.4
1407810 1523.9
1407820 1523.9
1407830 1531.1
1407840 1538.0
1407850 1538.0
1407860 1545.1
1407870 1553.1
1407880 1553.1
1407890 1562.2
1407900 1571.6
1407910 1571.6
1407920 1580.9
1407930 1589.6
1407940 1589.6
1407950 1599.1
1407960 1608.7
1407970 1608.7
1407980 1616.8
1407990 1623.2
1408000 1627.8
1408010 1627.8
1408020 1634.6
1408030 1642.5
1408040 1642.5
1408050 1649.5
1408060 1654.6
1408070 1654.6
1408080 1660.3
1408090 1664.6
1408100 1664.6
1408110 1668.2
1408120 1672.2
1408130 1672.2
1408140 1676.4
1408150 1683.0
1408160 1683.0
1408170 1690.0
1408180 1698.3
1408190 1707.6
1408200 1707.6
1408210 1716.7
1408220 1726.5
1408230 1726.5
1408240 1733.9
1408250 1740.2
1408260 1740.2
1408270 1744.3
1408280 1750.2
1408290 1750.2
1408300 1754.6
1408310 1760.6
1408320 1760.6
1408330 1765.9
1408340 1771.2
1408350 1771.2
1408360 1777.8
1408370 1783.9
1408380 1790.3
1408390 1790.3
1408400 1795.6
1408410 1800.8
1408420 1800.8
1408430 1805.2
1408440 1809.0
1408450 1809.0
1408460 1813.7
1408470 1819.3
1408480 1819.3
1408490 1823.1
1408500 1826.1
1408510 1826.1
1408520 1831.0
1408530 1836.1
1408540 1836.1
1408550 1841.2
1408560 1846.8
1408570 1846.8
1408580 1852.9
1408590 1859.4
1408600 1864.1
1408610 1864.1
1408620 1869.9
1408630 1875.7
1408640 1875.7
1408650 1881.2
1408660 1885.8
1408670 1885.8
1408680 1890.9
1408690 1896.1
1408700 1896.1
1408710 1899.5
1408720 1903.1
1408730 1903.1
1408740 1909.4
1408750 1915.5
1408760 1915.5
1408770 1921.1
1408780 1926.4
1408790 1932.1
1408800 1932.1
1408810 1938.4
1408820 1945.0
1408830 1945.0
1408840 1951.3
1408850 1956.3
1408860 1956.3
1408870 1960.8
1408880 1965.8
1408890 1965.8
1408900 1971.1
1408910 1974.9
1408920 1974.9
1408930 1978.2
1408940 1981.8
1408950 1981.8
1408960 1986.0
1408970 1990.3
1408980 1990.3
1408990 1993.2
1409000 1996.6
1409010 2000.0
1409020 2000.0
1409030 2002.5
1409040 2004.8
1409050 2004.8
1409060 2008.0
1409070 2011.8
1409080 2011.8
1409090 2018.1
1409100 2022.9
1409110 2022.9
1409120 2025.5
1409130 2028.2
1409140 2028.2
1409150 2031.7
1409160 2033.6
1409170 2033.6
1409180 2035.4
1409190 2038.8
1409200 2042.9
1409210 2042.9
1409220 2046.5
1409230 2048.3
1409240 2048.3
1409250 2049.9
1409260 2051.9
1409270 2051.9
1409280 2053.7
1409290 2055.8
1409300 2055.8
1409310 2057.8
1409320 2058.8
1409330 2058.8
1409340 2060.7
1409350 2063.2
1409360 2063.2
1409370 2065.4
1409380 2066.8
1409390 2066.8
1409400 2068.6
1409410 2070.1
1409420 2071.0
1409430 2071.0
1409440 2072.2
1409450 2073.9
1409460 2073.9
1409470 2075.5
1409480 2075.4
1409490 2075.4
1409500 2076.2
1409510 2079.3
1409520 2079.3
1409530 2083.4
1409540 2087.9
1409550 2087.9
1409560 2090.9
1409570 2093.8
1409580 2093.8
1409590 2097.1
1409600 2100.5
1409610 2103.7
1409620 2103.7
1409630 2105.7
1409640 2109.1
1409650 2109.1
1409660 2113.9
1409670 2117.4
1409680 2117.4
1409690 2120.3
1409700 2123.7
1409710 2123.7
1409720 2126.8
1409730 2129.7
1409740 2129.7
1409750 2132.6
1409760 2135.2
1409770 2135.2
1409780 2137.5
1409790 2139.5
1409800 2139.5
1409810 2142.4
1409820 2144.6
1409830 2147.3
1409840 2147.3
1409850 2150.6
1409860 2154.2
1409870 2154.2
1409880 2157.8
1409890 2161.3
1409900 2161.3
1409910 2164.2
1409920 2166.1
1409930 2166.1
1409940 2167.4
1409950 2168.5
1409960 2168.5
1409970 2170.1
1409980 2172.1
1409990 2172.1
1410000 2174.6
1410010 2177.3
1410020 2180.3
1410030 2180.3
1410040 2184.2
1410050 2188.3
1410060 2188.3
1410070 2192.1
1410080 2194.7
1410090 2194.7
1410100 2196.7
1410110 2199.2
1410120 2199.2
1410130 2201.3
1410140 2201.9
1410150 2201.9
1410160 2203.5
1410170 2205.4
1410180 2205.4
1410190 2208.6
1410200 2212.9
1410210 2215.2
1410220 2215.2
1410230 2217.7
1410240 2219.9
1410250 2219.9
1410260 2222.9
1410270 2225.8
1410280 2225.8
1410290 2227.8
1410300 2229.1
1410310 2229.1
1410320 2231.0
1410330 2233.0
1410340 2233.0
1410350 2235.3
1410360 2238.4
1410370 2238.4
1410380 2242.4
1410390 2245.9
1410400 2245.9
1410410 2248.4
1410420 2250.8
1410430 2254.8
1410440 2254.8
1410450 2260.2
1410460 2264.7
1410470 2264.7
1410480 2267.7
1410490 2268.9
1410500 2268.9
1410510 2270.1
1410520 2270.7
1410530 2270.7
1410540 2271.1
1410550 2272.2
1410560 2272.2
1410570 2273.9
1410580 2274.1
1410590 2274.1
1410600 2273.2
1410610 2271.9
1410620 2270.5
1410630 2270.5
1410640 2269.7
1410650 2269.7
1410660 2269.7
1410670 2271.4
1410680 2273.6
1410690 2273.6
1410700 2275.6
1410710 2278.8
1410720 2278.8
1410730 2280.4
1410740 2279.2
1410750 2279.2
1410760 2278.3
1410770 2279.7
1410780 2279.7
1410790 2283.3
1410800 2286.7
1410810 2286.7
1410820 2290.2
1410830 2293.7
1410840 2296.5
1410850 2296.5
1410860 2299.3
1410870 2304.1
1410880 2304.1
1410890 2308.9
1410900 2312.1
1410910 2312.1
1410920 2315.5
1410930 2318.7
1410940 2318.7
1410950 2321.7
1410960 2321.4
1410970 2321.4
1410980 2322.4
1410990 2326.7
1411000 2326.7
1411010 2331.6
1411020 2336.9
1411030 2343.2
1411040 2343.2
1411050 2349.1
1411060 2350.6
1411070 2350.6
1411080 2350.3
1411090 2350.1
1411100 2350.1
1411110 2350.3
1411120 2351.5
1411130 2351.5
1411140 2352.5
1411150 2353.6
1411160 2353.6
1411170 2356.2
1411180 2361.8
1411190 2361.8
1411200 2364.4
1411210 2365.5
1411220 2365.5
1411230 2368.2
1411240 2367.5
1411250 2365.2
1411260 2365.2
1411270 2369.1
1411280 2372.1
1411290 2372.1
1411300 2375.3
1411310 2379.1
1411320 2379.1
1411330 2380.8
1411340 2383.1
1411350 2383.1
1411360 2382.9
1411370 2386.2
1411380 2386.2
1411390 2393.8
1411400 2403.4
1411410 2403.4
1411420 2412.3
1411430 2414.3
1411440 2414.2
1411450 2414.2
1411460 2415.5
1411470 2419.2
1411480 2419.2
1411490 2416.0
1411500 2418.1
1411510 2418.1
1411520 2423.0
1411530 2424.5
1411540 2424.5
1411550 2422.7
1411560 2426.6
1411570 2426.6
1411580 2433.1
1411590 2442.2
1411600 2442.2
1411610 2447.4
1411620 2446.1
1411630 2446.1
1411640 2443.3
1411650 2442.8
1411660 2445.2
1411670 2445.2
1411680 2445.9
1411690 2448.7
1411700 2448.7
1411710 2454.9
1411720 2466.1
1411730 2466.1
1411740 2476.0
1411750 2485.8
1411760 2485.8
1411770 2495.6
1411780 2504.4
1411790 2504.4
1411800 2512.6
1411810 2517.4
1411820 2517.4
1411830 2520.7
1411840 2518.3
1411850 2515.2
1411860 2515.2
1411870 2514.8
1411880 2518.8
1411890 2518.8
1411900 2523.0
1411910 2524.2
1411920 2524.2
1411930 2525.3
1411940 2527.5
1411950 2527.5
1411960 2531.8
1411970 2535.6
1411980 2535.6
1411990 2547.7
1412000 2555.4
1412010 2555.4
1412020 2563.4
1412030 2566.6
1412040 2561.6
1412050 2561.6
1412060 2554.1
1412070 2547.5
1412080 2547.5
1412090 2540.5
1412100 2532.8
1412110 2532.8
1412120 2528.4
1412130 2525.9
1412140 2525.9
1412150 2525.0
1412160 2523.5
1412170 2523.5
1412180 2518.3
1412190 2519.4
1412200 2519.4
1412210 2520.6
1412220 2516.4
1412230 2516.4
1412240 2514.0
1412250 2513.8
1412260 2510.7
1412270 2510.7
1412280 2510.3
1412290 2505.7
1412300 2505.7
1412310 2496.1
1412320 2489.9
1412330 2489.9
1412340 2493.6
1412350 2495.8
1412360 2495.8
1412370 2496.0
1412380 2498.5
1412390 2498.5
1412400 2499.9
1412410 2494.9
1412420 2494.9
1412430 2490.8
1412440 2486.4
1412450 2476.9
1412460 2476.9
1412470 2467.7
1412480 2460.4
1412490 2460.4
1412500 2459.2
1412510 2464.2
1412520 2464.2
1412530 2473.1
1412540 2482.5
1412550 2482.5
1412560 2478.9
1412570 2476.7
1412580 2476.7
1412590 2476.8
1412600 2474.3
1412610 2474.3
1412620 2470.7
1412630 2465.8
1412640 2465.8
1412650 2466.1
1412660 2462.1
1412670 2461.0
1412680 2461.0
1412690 2456.2
1412700 2460.6
1412710 2460.6
1412720 2471.2
1412730 2472.8
1412740 2472.8
1412750 2468.7
1412760 2466.1
1412770 2466.1
1412780 2461.9
1412790 2459.8
1412800 2459.8
1412810 2463.6
1412820 2466.4
1412830 2466.4
1412840 2469.8
1412850 2471.6
1412860 2472.0
1412870 2472.0
1412880 2472.0
1412890 2471.4
1412900 2471.4
1412910 2468.2
1412920 2465.6
1412930 2465.6
1412940 2468.5
1412950 2472.6
1412960 2472.6
1412970 2474.8
1412980 2476.0
1412990 2476.0
1413000 2476.3
1413010 2473.0
1413020 2473.0
1413030 2469.0
1413040 2466.0
1413050 2466.0
1413060 2465.5
1413070 2466.8
1413080 2469.3
1413090 2469.3
1413100 2470.7
1413110 2470.7
1413120 2470.7
1413130 2470.5
1413140 2470.7
1413150 2470.7
1413160 2470.9
1413170 2470.2
1413180 2470.2
1413190 2467.3
1413200 2467.6
1413210 2467.6
1413220 2473.4
1413230 2479.1
1413240 2479.1
1413250 2481.8
1413260 2483.4
1413270 2485.0
1413280 2485.0
1413290 2486.9
1413300 2489.2
1413310 2489.2
1413320 2491.6
1413330 2493.9
1413340 2493.9
1413350 2496.3
1413360 2498.7
1413370 2498.7
1413380 2500.5
1413390 2501.9
1413400 2501.9
1413410 2503.8
1413420 2506.6
1413430 2506.6
1413440 2509.1
1413450 2510.7
1413460 2510.8
1413470 2510.8
1413480 2513.3
1413490 2520.6
1413500 2520.6
1413510 2526.6
1413520 2531.6
1413530 2531.6
1413540 2536.0
1413550 2538.8
1413560 2538.8
1413570 2540.7
1413580 2543.1
1413590 2543.1
1413600 2545.7
1413610 2548.1
1413620 2548.1
1413630 2550.6
1413640 2553.4
1413650 2553.4
1413660 2556.6
1413670 2560.4
1413680 2566.3
1413690 2566.3
1413700 2572.6
1413710 2579.2
1413720 2579.2
1413730 2588.0
1413740 2595.2
1413750 2593.2
1413760 2603.7
1413770 2609.8
1413780 2609.8
1413790 2613.0
1413800 2616.8
1413810 2616.8
1413820 2620.5
1413830 2624.6
1413840 2624.6
1413850 2629.1
1413860 2633.4
1413870 2637.8
1413880 2637.8
1413890 2641.9
1413900 2646.0
1413910 2646.0
1413920 2649.7
1413930 2651.8
1413940 2651.8
1413950 2653.2
1413960 2654.7
1413970 2654.7
1413980 2656.1
1413990 2657.7
1414000 2657.7
1414010 2659.9
1414020 2662.7
1414030 2662.7
1414040 2666.7
1414050 2672.3
1414060 2672.3
1414070 2677.8
1414080 2681.1
1414090 2683.9
1414100 2683.9
1414110 2690.0
1414120 2696.5
1414130 2696.5
1414140 2701.9
1414150 2706.6
1414160 2706.6
1414170 2710.4
1414180 2713.3
1414190 2713.3
1414200 2715.8
1414210 2718.1
1414220 2718.1
1414230 2720.1
1414240 2721.5
1414250 2721.5
1414260 2723.0
1414270 2724.5
1414280 2726.0
1414290 2726.0
1414300 2728.1
1414310 2730.8
1414320 2730.8
1414330 2733.8
1414340 2737.0
1414350 2737.0
1414360 2739.7
1414370 2741.9
1414380 2741.9
1414390 2743.7
1414400 2745.3
1414410 2745.3
1414420 2747.0
1414430 2749.1
1414440 2749.1
1414450 2751.3
1414460 2754.1
1414470 2754.1
1414480 2758.1
1414490 2762.9
1414500 2767.8
1414510 2767.8
1414520 2773.0
1414530 2778.0
1414540 2778.0
1414550 2782.8
1414560 2787.9
1414570 2787.9
1414580 2790.8
1414590 2793.1
1414600 2793.1
1414610 2796.1
1414620 2800.2
1414630 2800.2
1414640 2804.8
1414650 2808.0
1414660 2808.0
1414670 2811.6
1414680 2816.4
1414690 2821.5
1414700 2821.5
1414710 2827.1
1414720 2833.2
1414730 2833.2
1414740 2838.9
1414750 2844.5
1414760 2844.5
1414770 2849.0
1414780 2851.9
1414790 2851.9
1414800 2854.1
1414810 2855.8
1414820 2855.8
1414830 2858.1
1414840 2860.5
1414850 2860.5
1414860 2861.9
1414870 2861.9
1414880 2861.9
1414890 2862.1
1414900 2862.1
1414910 2863.8
1414920 2863.8
1414930 2866.3
1414940 2869.3
1414950 2869.3
1414960 2872.6
1414970 2876.0
1414980 2876.0
1414990 2879.8
1415000 2884.3
1415010 2884.3
1415020 2890.0
1415030 2895.2
1415040 2895.2
1415050 2901.5
1415060 2909.3
1415070 2909.3
1415080 2917.3
1415090 2925.0
1415100 2928.7
1415110 2928.7
1415120 2932.5
1415130 2937.7
1415140 2937.7
1415150 2944.8
1415160 2952.7
1415170 2952.7
1415180 2960.0
1415190 2966.4
1415200 2966.4
1415210 2972.5
1415220 2978.1
1415230 2978.1
1415240 2982.2
1415250 2984.5
1415260 2984.5
1415270 2986.6
1415280 2987.6
1415290 2987.2
1415300 2987.2
1415310 2985.7
1415320 2983.5
1415330 2983.5
1415340 2980.7
1415350 2978.6
1415360 2978.6
1415370 2977.8
1415380 2977.3
1415390 2977.3
1415400 2976.0
1415410 2973.7
1415420 2973.7
1415430 2970.8
1415440 2967.5
1415450 2967.5
1415460 2965.5
1415470 2964.4
1415480 2964.4
1415490 2964.2
1415500 2965.2
1415510 2966.3
1415520 2966.3
1415530 2967.2
1415540 2966.6
1415550 2966.6
1415560 2963.8
1415570 2960.6
1415580 2960.6
1415590 2956.4
1415600 2952.6
1415610 2952.6
1415620 2949.2
1415630 2946.2
1415640 2946.2
1415650 2943.7
1415660 2941.0
1415670 2941.0
1415680 2937.7
1415690 2934.1
1415700 2930.3
1415710 2930.3
1415720 2926.4
1415730 2923.0
1415740 2923.0
1415750 2918.1
1415760 2915.1
1415770 2915.1
1415780 2915.6
1415790 2916.0
1415800 2916.0
1415810 2915.0
1415820 2915.9
1415830 2915.9
1415840 2917.8
1415850 2918.5
1415860 2918.5
1415870 2919.3
1415880 2921.4
1415890 2921.4
1415900 2925.8
1415910 2931.7
1415920 2934.3
1415930 2934.3
1415940 2931.6
1415950 2927.4
1415960 2927.4
1415970 2923.4
1415980 2923.6
1415990 2923.6
1416000 2924.8
1416010 2923.7
1416020 2923.7
1416030 2925.6
1416040 2927.0
1416050 2927.0
1416060 2927.7
1416070 2930.7
1416080 2930.7
1416090 2934.7
1416100 2935.7
1416110 2937.8
1416120 2937.8
1416130 2940.9
1416140 2942.8
1416150 2942.8
1416160 2944.0
1416170 2944.4
1416180 2944.4
1416190 2944.8
1416200 2944.3
1416210 2944.3
1416220 2943.4
1416230 2943.7
1416240 2943.7
1416250 2944.6
1416260 2945.6
1416270 2945.6
1416280 2947.1
1416290 2950.2
1416300 2950.2
1416310 2952.0
1416320 2951.9
1416330 2951.5
1416340 2951.5
1416350 2952.5
1416360 2955.5
1416370 2955.5
1416380 2961.9
1416390 2969.3
1416400 2969.3
1416410 2976.7
1416420 2983.5
1416430 2983.5
1416440 2989.7
1416450 2998.1
1416460 2998.1
1416470 3003.6
1416480 3009.0
1416490 3009.0
1416500 3016.3
1416510 3021.0
1416520 3012.0
1416530 3012.0
1416540 3002.2
1416550 2992.9
1416560 2992.9
1416570 2982.4
1416580 2970.5
1416590 2970.5
1416600 2962.1
1416610 2954.8
1416620 2954.8
1416630 2948.0
1416640 2942.0
1416650 2942.0
1416660 2937.8
1416670 2933.1
1416680 2933.1
1416690 2925.5
1416700 2916.1
1416710 2916.1
1416720 2905.4
1416730 2897.5
1416740 2892.3
1416750 2892.3
1416760 2888.4
1416770 2885.7
1416780 2885.7
1416790 2883.4
1416800 2881.1
1416810 2881.1
1416820 2879.0
1416830 2877.0
1416840 2877.0
1416850 2875.3
1416860 2873.5
1416870 2873.5
1416880 2871.8
1416890 2870.3
1416900 2870.3
1416910 2867.8
1416920 2867.5
1416930 2868.8
1416940 2868.8
1416950 2869.5
1416960 2870.3
1416970 2870.3
1416980 2871.2
1416990 2871.2
1417000 2871.2
1417010 2870.2
1417020 2869.0
1417030 2869.0
1417040 2868.6
1417050 2868.3
1417060 2868.3
1417070 2866.3
1417080 2863.1
1417090 2863.1
1417100 2860.6
1417110 2857.4
1417120 2853.2
1417130 2853.2
1417140 2849.5
1417150 2846.4
1417160 2846.4
1417170 2844.1
1417180 2842.0
1417190 2842.0
1417200 2839.9
1417210 2838.1
1417220 2838.1
1417230 2834.9
1417240 2830.4
1417250 2830.4
1417260 2827.2
1417270 2828.5
1417280 2828.5
1417290 2829.6
1417300 2826.8
1417310 2826.8
1417320 2821.2
1417330 2815.4
1417340 2812.9
1417350 2812.9
1417360 2811.0
1417370 2808.6
1417380 2808.6
1417390 2806.2
1417400 2801.3
1417410 2801.3
1417420 2790.4
1417430 2781.1
1417440 2781.1
1417450 2763.9
1417460 2742.6
1417470 2742.6
1417480 2733.5
1417490 2725.8
1417500 2725.8
1417510 2718.3
1417520 2711.3
1417530 2704.9
1417540 2704.9
1417550 2699.1
1417560 2694.1
1417570 2694.1
1417580 2693.0
1417590 2691.6
1417600 2691.6
1417610 2685.7
1417620 2680.0
1417630 2680.0
1417640 2675.9
1417650 2674.9
1417660 2674.9
1417670 2679.9
1417680 2680.3
1417690 2680.3
1417700 2680.5
1417710 2684.2
1417720 2684.2
1417730 2688.8
1417740 2690.7
1417750 2692.6
1417760 2692.6
1417770 2695.6
1417780 2696.2
1417790 2696.2
1417800 2697.3
1417810 2698.3
1417820 2698.3
1417830 2699.8
1417840 2702.3
1417850 2702.3
1417860 2705.7
1417870 2709.7
1417880 2709.7
1417890 2712.0
1417900 2714.5
1417910 2714.5
1417920 2716.8
1417930 2719.6
1417940 2723.2
1417950 2723.2
1417960 2726.8
1417970 2731.1
1417980 2731.1
1417990 2736.0
1418000 2742.1
1418010 2742.1
1418020 2747.8
1418030 2753.3
1418040 2753.3
1418050 2758.4
1418060 2761.9
1418070 2761.9
1418080 2764.5
1418090 2766.5
1418100 2766.5
1418110 2768.5
1418120 2769.0
1418130 2769.0
1418140 2769.8
1418150 2771.4
1418160 2772.4
1418170 2772.4
1418180 2772.3
1418190 2771.4
1418200 2771.4
1418210 2770.8
1418220 2769.4
1418230 2769.4
1418240 2768.0
1418250 2767.8
1418260 2767.8
1418270 2767.9
1418280 2768.0
1418290 2768.0
1418300 2767.0
1418310 2767.0
1418320 2767.0
1418330 2766.9
1418340 2766.1
1418350 2764.5
1418360 2764.5
1418370 2763.3
1418380 2763.0
1418390 2763.0
1418400 2762.5
1418410 2761.0
1418420 2761.0
1418430 2758.0
1418440 2753.4
1418450 2753.4
1418460 2749.4
1418470 2747.2
1418480 2747.2
1418490 2746.0
1418500 2746.1
1418510 2746.1
1418520 2745.8
1418530 2747.0
1418540 2747.0
1418550 2747.5
1418560 2747.5
1418570 2747.7
1418580 2747.7
1418590 2748.1
1418600 2745.5
1418610 2745.5
1418620 2743.3
1418630 2742.7
1418640 2742.7
1418650 2743.2
1418660 2742.1
1418670 2742.1
1418680 2740.2
1418690 2738.5
1418700 2738.5
1418710 2736.4
1418720 2731.5
1418730 2731.5
1418740 2727.0
1418750 2722.0
1418760 2717.5
1418770 2717.5
1418780 2714.3
1418790 2711.8
1418800 2711.8
1418810 2709.9
1418820 2708.8
1418830 2708.8
1418840 2708.4
1418850 2709.0
1418860 2709.0
1418870 2707.1
1418880 2703.3
1418890 2703.3
1418900 2701.9
1418910 2701.2
1418920 2701.2
1418930 2702.3
1418940 2703.6
1418950 2702.3
1418960 2702.3
1418970 2700.6
1418980 2699.0
1418990 2699.0
1419000 2697.3
1419010 2695.5
1419020 2695.5
1419030 2693.7
1419040 2691.6
1419050 2691.6
1419060 2688.9
1419070 2686.0
1419080 2686.0
1419090 2683.8
1419100 2680.9
1419110 2680.9
1419120 2678.7
1419130 2678.1
1419140 2678.1
1419150 2676.2
1419160 2671.3
1419170 2663.8
1419180 2663.8
1419190 2655.0
1419200 2646.1
1419210 2646.1
1419220 2637.9
1419230 2629.0
1419240 2629.0
1419250 2616.8
1419260 2601.2
1419270 2601.2
1419280 2586.0
1419290 2576.6
1419300 2576.6
1419310 2566.5
1419320 2554.4
1419330 2554.4
1419340 2553.9
1419350 2542.7
1419360 2533.2
1419370 2533.2
1419380 2525.6
1419390 2517.4
1419400 2517.4
1419410 2507.4
1419420 2498.3
1419430 2498.3
1419440 2488.7
1419450 2479.3
1419460 2479.3
1419470 2467.8
1419480 2461.1
1419490 2461.1
1419500 2455.4
1419510 2449.9
1419520 2449.9
1419530 2444.9
1419540 2440.5
1419550 2440.5
1419560 2436.3
1419570 2431.6
1419580 2426.7
1419590 2426.7
1419600 2422.0
1419610 2414.9
1419620 2414.9
1419630 2408.0
1419640 2401.7
1419650 2401.7
1419660 2395.8
1419670 2386.6
1419680 2386.6
1419690 2374.6
1419700 2369.7
1419710 2369.7
1419720 2364.3
1419730 2358.3
1419740 2358.3
1419750 2352.9
1419760 2349.2
1419770 2343.3
1419780 2343.3
1419790 2337.8
1419800 2334.5
1419810 2334.5
1419820 2328.3
1419830 2322.3
1419840 2322.3
1419850 2317.7
1419860 2311.9
1419870 2311.9
1419880 2304.7
1419890 2297.9
1419900 2297.9
1419910 2292.9
1419920 2288.9
1419930 2288.9
1419940 2284.7
1419950 2282.2
1419960 2282.2
1419970 2280.5
1419980 2277.9
1419990 2272.9
