1400000 1765.4
1400010 1763.4
1400020 1760.8
1400030 1760.8
1400040 1754.0
1400050 1749.0
1400060 1749.0
1400070 1745.9
1400080 1749.0
1400090 1749.0
1400100 1754.8
1400110 1762.0
1400120 1762.0
1400130 1770.4
1400140 1779.3
1400150 1787.5
1400160 1786.3
1400170 1793.5
1400180 1802.4
1400190 1802.4
1400200 1809.7
1400210 1816.9
1400220 1816.9
1400230 1824.2
1400240 1831.7
1400250 1831.7
1400260 1839.9
1400270 1847.5
1400280 1847.5
1400290 1854.0
1400300 1860.7
1400310 1860.7
1400320 1868.3
1400330 1876.4
1400340 1876.4
1400350 1883.9
1400360 1890.5
1400370 1897.0
1400380 1897.0
1400390 1903.3
1400400 1909.0
1400410 1909.0
1400420 1913.9
1400430 1918.4
1400440 1918.4
1400450 1923.2
1400460 1927.9
1400470 1927.9
1400480 1932.8
1400490 1938.4
1400500 1938.4
1400510 1944.2
1400520 1950.0
1400530 1950.0
1400540 1955.7
1400550 1961.3
1400560 1967.1
1400570 1967.1
1400580 1974.2
1400590 1981.2
1400600 1981.2
1400610 1987.5
1400620 1993.8
1400630 1993.8
1400640 2000.6
1400650 2007.7
1400660 2007.7
1400670 2015.0
1400680 2021.5
1400690 2021.5
1400700 2026.9
1400710 2031.5
1400720 2031.5
1400730 2035.6
1400740 2039.6
1400750 2039.6
1400760 2042.7
1400770 2044.1
1400780 2044.2
1400790 2044.2
1400800 2043.9
1400810 2043.3
1400820 2043.3
1400830 2043.1
1400840 2043.2
1400850 2043.2
1400860 2042.9
1400870 2042.4
1400880 2042.4
1400890 2040.8
1400900 2038.2
1400910 2038.2
1400920 2035.9
1400930 2033.4
1400940 2033.4
1400950 2030.7
1400960 2028.5
1400970 2026.3
1400980 2026.3
1400990 2023.5
1401000 2021.1
1401010 2021.1
1401020 2021.7
1401030 2024.1
1401040 2024.1
1401050 2026.7
1401060 2028.3
1401070 2028.3
1401080 2029.1
1401090 2030.2
1401100 2030.2
1401110 2030.5
1401120 2030.2
1401130 2030.2
1401140 2028.9
1401150 2029.3
1401160 2029.3
1401170 2034.0
1401180 2038.6
1401190 2041.8
1401200 2041.8
1401210 2044.5
1401220 2047.0
1401230 2047.0
1401240 2048.8
1401250 2049.2
1401260 2049.2
1401270 2048.9
1401280 2049.2
1401290 2049.2
1401300 2047.2
1401310 2045.9
1401320 2045.9
1401330 2047.0
1401340 2048.4
1401350 2048.4
1401360 2056.4
1401370 2062.9
1401380 2068.2
1401390 2068.2
1401400 2073.2
1401410 2078.4
1401420 2078.4
1401430 2082.9
1401440 2087.3
1401450 2087.3
1401460 2091.6
1401470 2095.4
1401480 2095.4
1401490 2098.2
1401500 2101.6
1401510 2101.6
1401520 2105.3
1401530 2107.1
1401540 2107.1
1401550 2106.8
1401560 2107.0
1401570 2107.0
1401580 2107.1
1401590 2107.8
1401600 2109.2
1401610 2109.2
1401620 2110.1
1401630 2109.5
1401640 2109.5
1401650 2108.8
1401660 2106.1
1401670 2112.5
1401680 2112.2
1401690 2116.6
1401700 2116.6
1401710 2121.1
1401720 2125.8
1401730 2125.8
1401740 2131.1
1401750 2137.2
1401760 2137.2
1401770 2143.4
1401780 2148.8
1401790 2154.6
1401800 2154.6
1401810 2160.1
1401820 2165.4
1401830 2165.4
1401840 2170.1
1401850 2173.3
1401860 2173.3
1401870 2175.0
1401880 2176.0
1401890 2176.0
1401900 2177.6
1401910 2180.2
1401920 2180.2
1401930 2185.2
1401940 2191.1
1401950 2191.1
1401960 2194.4
1401970 2199.7
1401980 2199.7
1401990 2205.8
1402000 2212.2
1402010 2217.4
1402020 2217.4
1402030 2222.9
1402040 2228.3
1402050 2228.3
1402060 2234.0
1402070 2238.6
1402080 2238.6
1402090 2242.0
1402100 2246.2
1402110 2246.2
1402120 2251.0
1402130 2253.4
1402140 2253.4
1402150 2254.9
1402160 2258.1
1402170 2258.1
1402180 2260.2
1402190 2262.1
1402200 2265.0
1402210 2265.0
1402220 2267.9
1402230 2269.5
1402240 2269.5
1402250 2272.0
1402260 2274.4
1402270 2274.4
1402280 2274.6
1402290 2275.9
1402300 2275.9
1402310 2276.3
1402320 2275.5
1402330 2275.5
1402340 2277.1
1402350 2281.1
1402360 2281.1
1402370 2285.0
1402380 2289.1
1402390 2292.9
1402400 2292.9
1402410 2298.0
1402420 2303.6
1402430 2303.6
1402440 2308.9
1402450 2314.5
1402460 2314.5
1402470 2320.7
1402480 2328.0
1402490 2328.0
1402500 2335.6
1402510 2343.4
1402520 2343.4
1402530 2346.5
1402540 2341.4
1402550 2341.4
1402560 2340.8
1402570 2337.4
1402580 2337.4
1402590 2329.4
1402600 2322.3
1402610 2315.3
1402620 2315.3
1402630 2308.1
1402640 2300.8
1402650 2300.8
1402660 2292.6
1402670 2284.9
1402680 2284.9
1402690 2277.7
1402700 2270.2
1402710 2270.2
1402720 2262.8
1402730 2255.8
1402740 2255.8
1402750 2248.4
1402760 2239.6
1402770 2239.6
1402780 2229.7
1402790 2221.3
1402800 2213.6
1402810 2213.6
1402820 2205.2
1402830 2195.6
1402840 2195.6
1402850 2185.6
1402860 2175.6
1402870 2175.6
1402880 2167.7
1402890 2161.2
1402900 2161.2
1402910 2156.0
1402920 2151.4
1402930 2151.4
1402940 2146.9
1402950 2142.5
1402960 2142.5
1402970 2138.2
1402980 2133.3
1402990 2133.3
1403000 2128.4
1403010 2123.4
1403020 2118.0
1403030 2118.0
1403040 2112.9
1403050 2107.1
1403060 2107.1
1403070 2101.1
1403080 2095.7
1403090 2095.7
1403100 2090.5
1403110 2084.6
1403120 2084.6
1403130 2078.1
1403140 2072.5
1403150 2072.5
1403160 2066.6
1403170 2060.4
1403180 2060.4
1403190 2055.8
1403200 2050.8
1403210 2049.5
1403220 2049.5
1403230 2047.8
1403240 2046.9
1403250 2046.9
1403260 2046.7
1403270 2046.4
1403280 2046.4
1403290 2046.9
1403300 2047.4
1403310 2047.4
1403320 2047.2
1403330 2046.6
1403340 2046.6
1403350 2046.1
1403360 2045.6
1403370 2045.6
1403380 2044.9
1403390 2044.1
1403400 2044.1
1403410 2043.4
1403420 2042.1
1403430 2040.8
1403440 2040.8
1403450 2039.9
1403460 2038.8
1403470 2038.8
1403480 2037.5
1403490 2036.6
1403500 2036.6
1403510 2036.1
1403520 2035.0
1403530 2035.0
1403540 2034.0
1403550 2035.0
1403560 2035.0
1403570 2035.6
1403580 2034.6
1403590 2034.6
1403600 2033.9
1403610 2032.0
1403620 2028.9
1403630 2028.9
1403640 2029.6
1403650 2028.9
1403660 2028.9
1403670 2027.0
1403680 2024.3
1403690 2024.3
1403700 2022.7
1403710 2024.4
1403720 2024.4
1403730 2027.7
1403740 2031.9
1403750 2031.9
1403760 2036.0
1403770 2039.4
1403780 2039.4
1403790 2043.2
1403800 2048.3
1403810 2048.3
1403820 2054.3
1403830 2060.2
1403840 2064.3
1403850 2064.3
1403860 2067.5
1403870 2070.7
1403880 2070.7
1403890 2074.0
1403900 2077.8
1403910 2077.8
1403920 2079.9
1403930 2080.2
1403940 2080.2
1403950 2080.3
1403960 2080.0
1403970 2080.0
1403980 2079.3
1403990 2079.8
1404000 2079.8
1404010 2080.8
1404020 2081.6
1404030 2082.7
1404040 2082.7
1404050 2084.1
1404060 2084.9
1404070 2084.9
1404080 2085.1
1404090 2085.7
1404100 2085.7
1404110 2086.1
1404120 2086.8
1404130 2086.8
1404140 2088.1
1404150 2089.8
1404160 2089.8
1404170 2092.3
1404180 2094.8
1404190 2094.8
1404200 2096.8
1404210 2098.9
1404220 2098.9
1404230 2101.3
1404240 2103.5
1404250 2105.9
1404260 2105.9
1404270 2107.9
1404280 2109.7
1404290 2109.7
1404300 2111.7
1404310 2113.6
1404320 2113.6
1404330 2114.8
1404340 2116.0
1404350 2116.0
1404360 2117.1
1404370 2117.7
1404380 2117.7
1404390 2117.6
1404400 2117.7
1404410 2117.7
1404420 2118.0
1404430 2117.7
1404440 2116.6
1404450 2116.6
1404460 2114.0
1404470 2110.9
1404480 2110.9
1404490 2108.0
1404500 2104.9
1404510 2104.9
1404520 2101.5
1404530 2098.3
1404540 2098.3
1404550 2094.4
1404560 2090.3
1404570 2090.3
1404580 2085.5
1404590 2080.5
1404600 2080.5
1404610 2076.1
1404620 2071.9
1404630 2067.7
1404640 2067.7
1404650 2063.9
1404660 2060.6
1404670 2060.6
1404680 2057.5
1404690 2054.5
1404700 2054.5
1404710 2051.6
1404720 2048.4
1404730 2048.4
1404740 2044.4
1404750 2039.6
1404760 2039.6
1404770 2035.0
1404780 2031.4
1404790 2032.8
1404800 2030.4
1404810 2026.5
1404820 2026.5
1404830 2021.8
1404840 2018.1
1404850 2015.0
1404860 2015.0
1404870 2012.4
1404880 2009.2
1404890 2009.2
1404900 2006.5
1404910 2003.6
1404920 2003.6
1404930 1999.9
1404940 1996.1
1404950 1996.1
1404960 1992.8
1404970 1989.5
1404980 1989.5
1404990 1985.4
1405000 1981.7
1405010 1981.7
1405020 1978.8
1405030 1975.7
1405040 1971.8
1405050 1971.8
1405060 1968.2
1405070 1965.1
1405080 1965.1
1405090 1961.6
1405100 1958.1
1405110 1958.1
1405120 1954.6
1405130 1951.1
1405140 1951.1
1405150 1947.4
1405160 1944.0
1405170 1944.0
1405180 1939.8
1405190 1934.8
1405200 1934.8
1405210 1929.8
1405220 1924.8
1405230 1924.8
1405240 1920.3
1405250 1916.6
1405260 1913.1
1405270 1913.1
1405280 1909.6
1405290 1906.4
1405300 1906.4
1405310 1902.6
1405320 1898.5
1405330 1898.5
1405340 1894.1
1405350 1890.1
1405360 1890.1
1405370 1885.9
1405380 1881.3
1405390 1881.3
1405400 1876.0
1405410 1870.0
1405420 1870.0
1405430 1863.8
1405440 1857.4
1405450 1850.5
1405460 1850.5
1405470 1844.0
1405480 1840.2
1405490 1840.2
1405500 1835.0
1405510 1829.8
1405520 1829.8
1405530 1824.4
1405540 1819.0
1405550 1819.0
1405560 1812.8
1405570 1806.5
1405580 1806.5
1405590 1799.8
1405600 1793.1
1405610 1793.1
1405620 1787.1
1405630 1782.0
1405640 1782.0
1405650 1777.4
1405660 1773.1
1405670 1769.1
1405680 1769.1
1405690 1765.2
1405700 1760.9
1405710 1760.9
1405720 1757.3
1405730 1753.8
1405740 1753.8
1405750 1749.2
1405760 1745.1
1405770 1745.1
1405780 1741.8
1405790 1738.1
1405800 1738.1
1405810 1733.8
1405820 1729.7
1405830 1729.7
1405840 1725.7
1405850 1721.7
1405860 1716.6
1405870 1716.6
1405880 1710.7
1405890 1704.4
1405900 1704.4
1405910 1698.5
1405920 1694.3
1405930 1694.3
1405940 1689.3
1405950 1684.6
1405960 1684.6
1405970 1678.5
1405980 1671.3
1405990 1671.3
1406000 1667.6
1406010 1662.8
1406020 1662.8
1406030 1653.6
1406040 1643.8
1406050 1643.8
1406060 1633.3
1406070 1619.5
1406080 1607.9
1406090 1607.9
1406100 1595.3
1406110 1581.9
1406120 1581.9
1406130 1570.6
1406140 1558.1
1406150 1558.1
1406160 1548.6
1406170 1539.6
1406180 1539.6
1406190 1530.9
1406200 1523.4
1406210 1523.4
1406220 1515.8
1406230 1508.9
1406240 1508.9
1406250 1502.7
1406260 1496.5
1406270 1490.9
1406280 1490.9
1406290 1485.5
1406300 1480.3
1406310 1480.3
1406320 1473.8
1406330 1466.4
1406340 1466.4
1406350 1458.8
1406360 1451.1
1406370 1451.1
1406380 1443.3
1406390 1435.3
1406400 1435.3
1406410 1426.6
1406420 1417.9
1406430 1417.9
1406440 1410.1
1406450 1402.6
1406460 1402.6
1406470 1395.1
1406480 1387.3
1406490 1381.0
1406500 1381.0
1406510 1374.8
1406520 1368.0
1406530 1368.0
1406540 1360.7
1406550 1354.0
1406560 1354.0
1406570 1350.1
1406580 1347.0
1406590 1347.0
1406600 1342.8
1406610 1338.5
1406620 1338.5
1406630 1335.8
1406640 1334.1
1406650 1334.1
1406660 1332.8
1406670 1332.2
1406680 1331.8
1406690 1331.8
1406700 1332.0
1406710 1332.0
1406720 1332.0
1406730 1332.1
1406740 1332.2
1406750 1332.2
1406760 1331.1
1406770 1329.8
1406780 1329.8
1406790 1329.2
1406800 1328.7
1406810 1328.7
1406820 1328.1
1406830 1327.5
1406840 1327.5
1406850 1327.1
1406860 1326.9
1406870 1326.8
1406880 1326.8
1406890 1326.6
1406900 1326.3
1406910 1326.3
1406920 1325.6
1406930 1324.9
1406940 1324.9
1406950 1324.5
1406960 1324.1
1406970 1324.1
1406980 1323.9
1406990 1323.6
1407000 1323.6
1407010 1323.1
1407020 1318.7
1407030 1318.7
1407040 1310.7
1407050 1302.6
1407060 1302.6
1407070 1294.6
1407080 1286.7
1407090 1281.0
1407100 1281.0
1407110 1280.2
1407120 1280.3
1407130 1280.3
1407140 1280.8
1407150 1280.7
1407160 1280.7
1407170 1280.2
1407180 1279.1
1407190 1279.1
1407200 1277.1
1407210 1276.9
1407220 1276.9
1407230 1277.1
1407240 1277.9
1407250 1277.9
1407260 1278.9
1407270 1280.7
1407280 1281.1
1407290 1281.1
1407300 1282.8
1407310 1286.5
1407320 1286.5
1407330 1293.7
1407340 1295.6
1407350 1295.6
1407360 1296.3
1407370 1296.9
1407380 1296.9
1407390 1297.5
1407400 1297.8
1407410 1297.8
1407420 1298.1
1407430 1299.2
1407440 1299.2
1407450 1301.5
1407460 1306.7
1407470 1306.7
1407480 1313.5
1407490 1321.5
1407500 1330.1
1407510 1330.1
1407520 1340.4
1407530 1353.7
1407540 1353.7
1407550 1365.1
1407560 1374.0
1407570 1374.0
1407580 1383.3
1407590 1395.3
1407600 1395.3
1407610 1409.3
1407620 1419.4
1407630 1419.4
1407640 1426.1
1407650 1432.7
1407660 1432.7
1407670 1440.2
1407680 1445.6
1407690 1452.5
1407700 1452.5
1407710 1462.9
1407720 1471.8
1407730 1471.8
1407740 1481.8
1407750 1490.2
1407760 1490.2
1407770 1495.1
1407780 1497.9
1407790 1497.9
1407800 1503.1
1407810 1507.0
1407820 1507.0
1407830 1511.1
1407840 1518.5
1407850 1518.5
1407860 1525.7
1407870 1533.4
1407880 1533.4
1407890 1541.7
1407900 1551.7
1407910 1561.8
1407920 1561.8
1407930 1570.8
1407940 1577.7
1407950 1577.7
1407960 1586.1
1407970 1594.8
1407980 1594.8
1407990 1603.3
1408000 1611.1
1408010 1611.1
1408020 1617.0
1408030 1631.1
1408040 1631.1
1408050 1634.1
1408060 1641.1
1408070 1641.1
1408080 1650.5
1408090 1658.2
1408100 1665.4
1408110 1665.4
1408120 1673.3
1408130 1674.4
1408140 1674.4
1408150 1677.8
1408160 1685.6
1408170 1685.6
1408180 1692.5
1408190 1696.3
1408200 1696.3
1408210 1701.8
1408220 1707.7
1408230 1707.7
1408240 1713.3
1408250 1718.5
1408260 1718.5
1408270 1723.3
1408280 1727.0
1408290 1727.0
1408300 1731.8
1408310 1737.1
1408320 1741.1
1408330 1741.1
1408340 1744.8
1408350 1748.3
1408360 1748.3
1408370 1754.6
1408380 1761.1
1408390 1761.1
1408400 1765.7
1408410 1769.6
1408420 1769.6
1408430 1773.6
1408440 1778.5
1408450 1778.5
1408460 1783.4
1408470 1787.8
1408480 1787.8
1408490 1792.7
1408500 1797.5
1408510 1802.2
1408520 1802.2
1408530 1807.3
1408540 1811.6
1408550 1811.6
1408560 1815.2
1408570 1819.7
1408580 1819.7
1408590 1824.3
1408600 1827.9
1408610 1827.9
1408620 1831.5
1408630 1836.0
1408640 1836.0
1408650 1840.5
1408660 1844.8
1408670 1844.8
1408680 1849.1
1408690 1853.8
1408700 1857.9
1408710 1857.9
1408720 1862.4
1408730 1866.7
1408740 1866.7
1408750 1871.6
1408760 1877.0
1408770 1877.0
1408780 1882.5
1408790 1888.0
1408800 1888.0
1408810 1893.5
1408820 1898.1
1408830 1898.1
1408840 1901.4
1408850 1905.4
1408860 1905.4
1408870 1909.9
1408880 1914.1
1408890 1914.1
1408900 1918.1
1408910 1921.8
1408920 1925.2
1408930 1925.2
1408940 1929.0
1408950 1933.1
1408960 1933.1
1408970 1937.7
1408980 1942.0
1408990 1942.0
1409000 1946.2
1409010 1950.1
1409020 1950.1
1409030 1953.5
1409040 1957.3
1409050 1957.3
1409060 1960.9
1409070 1964.0
1409080 1964.0
1409090 1967.4
1409100 1971.0
1409110 1974.7
1409120 1974.7
1409130 1978.3
1409140 1981.6
1409150 1981.6
1409160 1984.5
1409170 1987.8
1409180 1987.8
1409190 1991.1
1409200 1993.7
1409210 1993.7
1409220 1995.5
1409230 1996.3
1409240 1996.3
1409250 1996.3
1409260 1997.9
1409270 1997.9
1409280 2000.2
1409290 2002.1
1409300 2002.1
1409310 2003.7
1409320 2005.3
1409330 2006.4
1409340 2006.4
1409350 2007.7
1409360 2008.6
1409370 2008.6
1409380 2009.5
1409390 2010.2
1409400 2010.2
1409410 2010.6
1409420 2011.3
1409430 2011.3
1409440 2012.0
1409450 2011.7
1409460 2011.7
1409470 2010.0
1409480 2005.6
1409490 2005.6
1409500 2000.5
1409510 1999.1
1409520 1998.9
1409530 1998.9
1409540 2000.4
1409550 2001.5
1409560 2001.5
1409570 2001.7
1409580 2003.9
1409590 2003.9
1409600 2006.8
1409610 2010.1
1409620 2010.1
1409630 2013.6
1409640 2017.6
1409650 2017.6
1409660 2023.3
1409670 2029.1
1409680 2029.1
1409690 2034.9
1409700 2045.4
1409710 2045.4
1409720 2048.3
1409730 2050.8
1409740 2052.6
1409750 2052.6
1409760 2054.4
1409770 2056.3
1409780 2056.3
1409790 2057.7
1409800 2059.5
1409810 2059.5
1409820 2062.0
1409830 2064.7
1409840 2064.7
1409850 2066.2
1409860 2068.6
1409870 2068.6
1409880 2073.0
1409890 2078.8
1409900 2078.8
1409910 2084.4
1409920 2088.3
1409930 2090.5
1409940 2090.5
1409950 2091.5
1409960 2091.7
1409970 2091.7
1409980 2093.4
1409990 2096.5
1410000 2096.5
1410010 2098.3
1410020 2098.1
1410030 2098.1
1410040 2097.5
1410050 2100.1
1410060 2100.1
1410070 2104.0
1410080 2108.6
1410090 2108.6
1410100 2113.6
1410110 2117.5
1410120 2117.5
1410130 2119.3
1410140 2120.5
1410150 2123.9
1410160 2123.9
1410170 2127.8
1410180 2131.2
1410190 2131.2
1410200 2134.1
1410210 2136.7
1410220 2136.7
1410230 2138.9
1410240 2141.3
1410250 2141.3
1410260 2143.1
1410270 2145.0
1410280 2145.0
1410290 2147.4
1410300 2150.0
1410310 2150.0
1410320 2152.9
1410330 2154.8
1410340 2155.1
1410350 2155.1
1410360 2154.4
1410370 2155.1
1410380 2155.1
1410390 2155.9
1410400 2157.1
1410410 2157.1
1410420 2159.3
1410430 2160.3
1410440 2160.3
1410450 2158.9
1410460 2156.9
1410470 2156.9
1410480 2156.4
1410490 2155.4
1410500 2155.4
1410510 2154.3
1410520 2154.0
1410530 2154.0
1410540 2155.3
1410550 2157.0
1410560 2158.7
1410570 2158.7
1410580 2159.7
1410590 2160.5
1410600 2160.5
1410610 2158.8
1410620 2155.1
1410630 2155.1
1410640 2155.8
1410650 2161.1
1410660 2161.1
1410670 2164.2
1410680 2164.9
1410690 2164.9
1410700 2165.4
1410710 2164.1
1410720 2164.1
1410730 2161.3
1410740 2161.5
1410750 2166.1
1410760 2166.1
1410770 2172.7
1410780 2179.4
1410790 2179.4
1410800 2185.3
1410810 2189.9
1410820 2189.9
1410830 2192.9
1410840 2196.6
1410850 2196.6
1410860 2201.8
1410870 2207.8
1410880 2207.8
1410890 2213.8
1410900 2219.3
1410910 2219.3
1410920 2223.8
1410930 2227.2
1410940 2228.6
1410950 2228.6
1410960 2227.9
1410970 2227.1
1410980 2227.1
1410990 2227.1
1411000 2226.8
1411010 2226.8
1411020 2225.2
1411030 2221.9
1411040 2221.9
1411050 2219.8
1411060 2221.3
1411070 2221.3
1411080 2224.1
1411090 2226.9
1411100 2226.9
1411110 2227.2
1411120 2228.6
1411130 2228.6
1411140 2231.2
1411150 2233.2
1411160 2233.1
1411170 2233.1
1411180 2238.8
1411190 2244.4
1411200 2244.4
1411210 2247.3
1411220 2247.5
1411230 2247.5
1411240 2247.8
1411250 2249.4
1411260 2249.4
1411270 2251.9
1411280 2255.0
1411290 2255.0
1411300 2255.5
1411310 2255.8
1411320 2255.8
1411330 2258.4
1411340 2261.2
1411350 2264.7
1411360 2264.7
1411370 2267.8
1411380 2270.7
1411390 2270.7
1411400 2273.8
1411410 2282.0
1411420 2282.0
1411430 2285.4
1411440 2289.2
1411450 2289.2
1411460 2293.5
1411470 2297.2
1411480 2297.2
1411490 2300.6
1411500 2303.2
1411510 2303.2
1411520 2308.1
1411530 2313.4
1411540 2313.4
1411550 2316.2
1411560 2318.4
1411570 2320.4
1411580 2320.4
1411590 2323.9
1411600 2329.2
1411610 2329.2
1411620 2334.5
1411630 2339.0
1411640 2339.0
1411650 2342.1
1411660 2346.9
1411670 2346.9
1411680 2352.0
1411690 2356.9
1411700 2356.9
1411710 2362.4
1411720 2369.0
1411730 2369.0
1411740 2374.3
1411750 2379.1
1411760 2384.0
1411770 2384.0
1411780 2387.6
1411790 2391.5
1411800 2391.5
1411810 2396.8
1411820 2402.0
1411830 2402.0
1411840 2407.0
1411850 2413.2
1411860 2413.2
1411870 2419.2
1411880 2425.7
1411890 2425.7
1411900 2432.1
1411910 2438.9
1411920 2438.9
1411930 2445.3
1411940 2452.1
1411950 2452.1
1411960 2459.0
1411970 2465.4
1411980 2469.7
1411990 2469.7
1412000 2469.4
1412010 2468.2
1412020 2468.2
1412030 2466.7
1412040 2461.9
1412050 2461.9
1412060 2458.1
1412070 2456.7
1412080 2456.7
1412090 2450.8
1412100 2441.0
1412110 2441.0
1412120 2434.8
1412130 2431.5
1412140 2431.5
1412150 2426.4
1412160 2419.3
1412170 2413.9
1412180 2413.9
1412190 2410.1
1412200 2406.5
1412210 2406.5
1412220 2402.2
1412230 2398.8
1412240 2398.8
1412250 2395.1
1412260 2391.4
1412270 2391.4
1412280 2386.0
1412290 2381.5
1412300 2381.5
1412310 2377.2
1412320 2373.1
1412330 2373.1
1412340 2369.6
1412350 2364.1
1412360 2364.1
1412370 2362.0
1412380 2366.5
1412390 2364.1
1412400 2364.1
1412410 2358.9
1412420 2349.6
1412430 2349.6
1412440 2340.8
1412450 2336.6
1412460 2336.6
1412470 2337.5
1412480 2340.1
1412490 2340.1
1412500 2345.4
1412510 2348.4
1412520 2348.4
1412530 2349.4
1412540 2350.5
1412550 2350.5
1412560 2350.2
1412570 2348.1
1412580 2345.6
1412590 2345.6
1412600 2342.7
1412610 2340.1
1412620 2340.1
1412630 2342.8
1412640 2347.0
1412650 2347.0
1412660 2352.3
1412670 2353.8
1412680 2353.8
1412690 2352.2
1412700 2350.7
1412710 2350.7
1412720 2354.0
1412730 2361.2
1412740 2361.2
1412750 2367.8
1412760 2372.9
1412770 2372.9
1412780 2374.8
1412790 2376.0
1412800 2377.2
1412810 2377.2
1412820 2378.4
1412830 2379.3
1412840 2379.3
1412850 2380.2
1412860 2381.0
1412870 2381.0
1412880 2381.7
1412890 2378.5
1412900 2378.5
1412910 2372.5
1412920 2366.3
1412930 2366.3
1412940 2369.2
1412950 2376.3
1412960 2376.3
1412970 2379.7
1412980 2380.8
1412990 2379.3
1413000 2379.3
1413010 2378.5
1413020 2378.5
1413030 2378.5
1413040 2379.8
1413050 2377.3
1413060 2377.3
1413070 2372.1
1413080 2370.1
1413090 2370.1
1413100 2370.2
1413110 2373.3
1413120 2373.3
1413130 2381.5
1413140 2389.1
1413150 2388.9
1413160 2396.6
1413170 2404.9
1413180 2411.1
1413190 2411.1
1413200 2412.3
1413210 2413.3
1413220 2413.3
1413230 2414.2
1413240 2417.7
1413250 2417.7
1413260 2420.4
1413270 2422.0
1413280 2422.0
1413290 2423.9
1413300 2426.6
1413310 2426.6
1413320 2427.2
1413330 2424.8
1413340 2424.8
1413350 2423.8
1413360 2425.4
1413370 2425.4
1413380 2430.5
1413390 2437.0
1413400 2443.5
1413410 2443.5
1413420 2449.2
1413430 2454.9
1413440 2454.9
1413450 2461.3
1413460 2468.6
1413470 2468.6
1413480 2476.7
1413490 2485.3
1413500 2485.3
1413510 2493.4
1413520 2501.3
1413530 2501.3
1413540 2508.0
1413550 2514.8
1413560 2514.8
1413570 2521.2
1413580 2524.5
1413590 2527.6
1413600 2527.6
1413610 2531.4
1413620 2535.7
1413630 2535.7
1413640 2540.9
1413650 2547.0
1413660 2547.0
1413670 2553.4
1413680 2557.0
1413690 2557.0
1413700 2559.6
1413710 2563.4
1413720 2563.4
1413730 2566.5
1413740 2572.0
1413750 2572.0
1413760 2576.0
1413770 2578.2
1413780 2578.2
1413790 2582.1
1413800 2587.3
1413810 2593.8
1413820 2593.8
1413830 2599.3
1413840 2601.4
1413850 2601.4
1413860 2604.1
1413870 2606.1
1413880 2606.1
1413890 2608.8
1413900 2610.4
1413910 2610.4
1413920 2612.8
1413930 2615.4
1413940 2615.4
1413950 2617.2
1413960 2617.7
1413970 2617.7
1413980 2618.5
1413990 2623.3
1414000 2628.0
1414010 2628.0
1414020 2628.7
1414030 2630.4
1414040 2630.4
1414050 2633.1
1414060 2636.1
1414070 2636.1
1414080 2637.5
1414090 2636.8
1414100 2636.8
1414110 2635.7
1414120 2637.5
1414130 2637.5
1414140 2642.0
1414150 2646.9
1414160 2646.9
1414170 2651.4
1414180 2653.0
1414190 2653.0
1414200 2653.9
1414210 2654.6
1414220 2655.0
1414230 2655.0
1414240 2655.9
1414250 2659.3
1414260 2659.3
1414270 2662.9
1414280 2666.3
1414290 2666.3
1414300 2669.9
1414310 2673.5
1414320 2673.5
1414330 2678.2
1414340 2680.7
1414350 2680.7
1414360 2684.7
1414370 2688.5
1414380 2688.5
1414390 2691.9
1414400 2695.1
1414410 2697.2
1414420 2697.2
1414430 2698.3
1414440 2699.5
1414450 2699.5
1414460 2703.3
1414470 2709.5
1414480 2709.5
1414490 2714.3
1414500 2717.5
1414510 2717.5
1414520 2720.4
1414530 2724.3
1414540 2724.3
1414550 2728.1
1414560 2731.8
1414570 2731.8
1414580 2736.1
1414590 2740.5
1414600 2740.5
1414610 2743.1
1414620 2746.0
1414630 2752.2
1414640 2752.2
1414650 2759.5
1414660 2767.0
1414670 2767.0
1414680 2773.9
1414690 2775.1
1414700 2775.1
1414710 2774.7
1414720 2780.4
1414730 2780.4
1414740 2786.9
1414750 2791.6
1414760 2791.6
1414770 2789.4
1414780 2786.8
1414790 2786.8
1414800 2786.4
1414810 2789.8
1414820 2793.5
1414830 2793.5
1414840 2800.4
1414850 2808.0
1414860 2808.0
1414870 2812.2
1414880 2812.7
1414890 2812.7
1414900 2817.0
1414910 2822.6
1414920 2822.6
1414930 2826.5
1414940 2830.1
1414950 2833.6
1414960 2836.8
1414970 2839.8
1414980 2839.8
1414990 2843.5
1415000 2848.0
1415010 2851.5
1415020 2851.5
1415030 2854.4
1415040 2857.0
1415050 2857.0
1415060 2859.9
1415070 2864.3
1415080 2864.3
1415090 2870.0
1415100 2875.4
1415110 2875.4
1415120 2880.2
1415130 2884.3
1415140 2884.3
1415150 2888.1
1415160 2892.8
1415170 2892.8
1415180 2896.5
1415190 2899.9
1415200 2899.9
1415210 2900.9
1415220 2900.0
1415230 2900.5
1415240 2900.5
1415250 2900.7
1415260 2903.1
1415270 2903.1
1415280 2909.8
1415290 2914.8
1415300 2914.8
1415310 2916.5
1415320 2916.3
1415330 2916.3
1415340 2911.4
1415350 2909.7
1415360 2909.7
1415370 2910.8
1415380 2910.8
1415390 2910.8
1415400 2915.5
1415410 2916.8
1415420 2916.2
1415430 2916.2
1415440 2920.5
1415450 2927.7
1415460 2927.7
1415470 2935.4
1415480 2944.1
1415490 2944.1
1415500 2952.9
1415510 2961.1
1415520 2961.1
1415530 2967.7
1415540 2970.7
1415550 2970.7
1415560 2972.0
1415570 2975.1
1415580 2975.1
1415590 2981.2
1415600 2986.6
1415610 2986.6
1415620 2988.0
1415630 2988.5
1415640 2989.3
1415650 2989.3
1415660 2989.9
1415670 2989.9
1415680 2989.9
1415690 2990.4
1415700 2992.0
1415710 2992.0
1415720 2993.5
1415730 2994.3
1415740 2994.3
1415750 2995.1
1415760 2996.5
1415770 2996.5
1415780 2997.4
1415790 2998.4
1415800 2998.4
1415810 2999.7
1415820 3001.5
1415830 3003.1
1415840 3003.1
1415850 3004.8
1415860 3006.7
1415870 3006.7
1415880 3009.5
1415890 3012.7
1415900 3012.7
1415910 3015.9
1415920 3019.2
1415930 3019.2
1415940 3021.5
1415950 3022.7
1415960 3022.7
1415970 3022.3
1415980 3020.2
1415990 3020.2
1416000 3020.1
1416010 3020.1
1416020 3020.1
1416030 3019.9
1416040 3019.4
1416050 3018.6
1416060 3018.6
1416070 3017.6
1416080 3016.6
1416090 3016.6
1416100 3015.4
1416110 3013.7
1416120 3013.7
1416130 3014.1
1416140 3016.4
1416150 3016.4
1416160 3018.0
1416170 3019.1
1416180 3019.1
1416190 3022.7
1416200 3027.7
1416210 3027.7
1416220 3033.3
1416230 3038.7
1416240 3041.0
1416250 3041.0
1416260 3044.8
1416270 3049.0
1416280 3049.0
1416290 3051.2
1416300 3052.4
1416310 3052.4
1416320 3054.7
1416330 3058.7
1416340 3058.7
1416350 3063.5
1416360 3070.5
1416370 3070.5
1416380 3070.0
1416390 3069.7
1416400 3069.7
1416410 3072.6
1416420 3080.3
1416430 3080.3
1416440 3087.3
1416450 3091.6
1416460 3091.7
1416470 3091.7
1416480 3082.2
1416490 3071.7
1416500 3071.7
1416510 3062.0
1416520 3052.2
1416530 3052.2
1416540 3045.3
1416550 3041.1
1416560 3041.1
1416570 3036.7
1416580 3032.8
1416590 3032.8
1416600 3028.3
1416610 3026.2
1416620 3026.2
1416630 3024.9
1416640 3025.2
1416650 3022.6
1416660 3022.6
1416670 3013.2
1416680 3005.1
1416690 3005.1
1416700 2999.2
1416710 2993.6
1416720 2993.6
1416730 2988.8
1416740 2985.0
1416750 2985.0
1416760 2981.6
1416770 2978.2
1416780 2978.2
1416790 2968.0
1416800 2964.2
1416810 2964.2
1416820 2960.0
1416830 2955.4
1416840 2955.4
1416850 2949.7
1416860 2942.8
1416870 2937.4
1416880 2937.4
1416890 2932.7
1416900 2928.1
1416910 2928.1
1416920 2922.7
1416930 2919.4
1416940 2919.4
1416950 2915.2
1416960 2912.0
1416970 2912.0
1416980 2909.4
1416990 2906.7
1417000 2906.7
1417010 2905.0
1417020 2903.6
1417030 2903.6
1417040 2900.9
1417050 2896.6
1417060 2891.1
1417070 2891.1
1417080 2887.7
1417090 2884.5
1417100 2884.5
1417110 2881.6
1417120 2878.4
1417130 2878.4
1417140 2875.3
1417150 2873.2
1417160 2873.2
1417170 2871.8
1417180 2871.1
1417190 2871.1
1417200 2869.7
1417210 2867.3
1417220 2867.3
1417230 2864.6
1417240 2861.4
1417250 2857.1
1417260 2857.1
1417270 2853.3
1417280 2850.3
1417290 2850.3
1417300 2846.1
1417310 2839.9
1417320 2839.9
1417330 2831.0
1417340 2816.2
1417350 2816.2
1417360 2797.5
1417370 2785.4
1417380 2785.4
1417390 2777.8
1417400 2771.9
1417410 2771.9
1417420 2766.4
1417430 2761.6
1417440 2761.6
1417450 2756.6
1417460 2751.0
1417470 2745.7
1417480 2745.7
1417490 2740.5
1417500 2735.8
1417510 2735.8
1417520 2731.5
1417530 2727.6
1417540 2727.6
1417550 2723.6
1417560 2720.1
1417570 2720.1
1417580 2718.0
1417590 2717.5
1417600 2717.5
1417610 2718.0
1417620 2718.4
1417630 2718.4
1417640 2719.8
1417650 2721.2
1417660 2722.1
1417670 2722.1
1417680 2723.0
1417690 2726.0
1417700 2726.0
1417710 2730.2
1417720 2732.2
1417730 2732.2
1417740 2732.7
1417750 2732.9
1417760 2732.9
1417770 2733.2
1417780 2739.9
1417790 2739.9
1417800 2747.1
1417810 2751.0
1417820 2751.0
1417830 2754.7
1417840 2759.3
1417850 2759.3
1417860 2763.8
1417870 2766.8
1417880 2769.3
1417890 2769.3
1417900 2773.3
1417910 2776.4
1417920 2776.4
1417930 2777.3
1417940 2778.2
1417950 2778.2
1417960 2779.9
1417970 2781.9
1417980 2781.9
1417990 2784.2
1418000 2786.9
1418010 2786.9
1418020 2789.2
1418030 2791.2
1418040 2791.2
1418050 2792.7
1418060 2793.8
1418070 2795.0
1418080 2795.0
1418090 2796.3
1418100 2796.8
1418110 2796.8
1418120 2799.0
1418130 2801.5
1418140 2801.5
1418150 2802.8
1418160 2803.9
1418170 2803.9
1418180 2805.1
1418190 2806.2
1418200 2806.2
1418210 2806.6
1418220 2807.8
1418230 2807.8
1418240 2809.7
1418250 2812.0
1418260 2812.0
1418270 2814.0
1418280 2815.1
1418290 2815.9
1418300 2815.9
1418310 2815.5
1418320 2813.1
1418330 2813.1
1418340 2811.4
1418350 2809.9
1418360 2809.9
1418370 2809.3
1418380 2808.1
1418390 2808.1
1418400 2808.0
1418410 2806.7
1418420 2806.7
1418430 2805.2
1418440 2805.4
1418450 2805.4
1418460 2805.2
1418470 2805.9
1418480 2806.5
1418490 2806.5
1418500 2806.7
1418510 2806.2
1418520 2806.2
1418530 2806.1
1418540 2806.1
1418550 2806.1
1418560 2804.8
1418570 2802.8
1418580 2802.8
1418590 2800.6
1418600 2799.7
1418610 2799.7
1418620 2798.9
1418630 2797.0
1418640 2797.0
1418650 2796.2
1418660 2794.8
1418670 2794.8
1418680 2785.6
1418690 2785.3
1418700 2786.3
1418710 2786.3
1418720 2787.2
1418730 2788.1
1418740 2788.1
1418750 2788.6
1418760 2790.4
1418770 2790.4
1418780 2793.5
1418790 2795.2
1418800 2795.2
1418810 2792.8
1418820 2787.1
1418830 2787.1
1418840 2778.5
1418850 2769.1
1418860 2769.1
1418870 2760.7
1418880 2750.8
1418890 2732.8
1418900 2732.8
1418910 2714.2
1418920 2697.1
1418930 2697.1
1418940 2686.2
1418950 2682.2
1418960 2682.2
1418970 2673.7
1418980 2665.9
1418990 2665.9
1419000 2658.7
1419010 2649.5
1419020 2649.5
1419030 2639.4
1419040 2632.4
1419050 2632.4
1419060 2625.6
1419070 2618.9
1419080 2613.3
1419090 2613.3
1419100 2604.5
1419110 2594.9
1419120 2594.9
1419130 2586.2
1419140 2578.9
1419150 2578.9
1419160 2571.8
1419170 2565.1
1419180 2565.1
1419190 2558.7
1419200 2552.8
1419210 2552.8
1419220 2546.9
1419230 2541.4
1419240 2541.4
1419250 2536.3
1419260 2531.6
1419270 2531.6
1419280 2527.6
1419290 2523.7
1419300 2519.3
1419310 2519.3
1419320 2513.0
1419330 2505.7
1419340 2505.7
1419350 2498.3
1419360 2491.1
1419370 2491.1
1419380 2484.2
1419390 2477.2
1419400 2477.2
1419410 2471.9
1419420 2468.5
1419430 2468.5
1419440 2464.9
1419450 2462.2
1419460 2462.2
1419470 2460.0
1419480 2456.3
1419490 2453.1
1419500 2453.1
1419510 2450.3
1419520 2447.5
1419530 2447.5
1419540 2445.1
1419550 2443.0
1419560 2443.0
1419570 2439.7
1419580 2434.4
1419590 2434.4
1419600 2428.7
1419610 2423.0
1419620 2423.0
1419630 2421.5
1419640 2421.1
1419650 2421.1
1419660 2419.5
1419670 2417.5
1419680 2417.5
1419690 2415.5
1419700 2411.0
1419710 2404.5
1419720 2404.5
1419730 2399.1
1419740 2394.9
1419750 2394.9
1419760 2390.4
1419770 2386.2
1419780 2386.2
1419790 2381.6
1419800 2377.9
1419810 2377.9
1419820 2374.9
1419830 2372.7
1419840 2372.7
1419850 2371.0
1419860 2369.3
1419870 2369.3
1419880 2368.0
1419890 2366.0
1419900 2363.4
1419910 2363.4
1419920 2360.3
1419930 2357.0
1419940 2357.0
1419950 2353.0
1419960 2349.5
1419970 2349.5
1419980 2346.9
1419990 2344.2
