1400000 1654.8
1400010 1656.9
1400020 1656.9
1400030 1658.8
1400040 1660.8
1400050 1660.8
1400060 1662.5
1400070 1664.3
1400080 1664.3
1400090 1666.0
1400100 1667.7
1400110 1669.3
1400120 1669.3
1400130 1671.0
1400140 1672.7
1400150 1672.7
1400160 1674.6
1400170 1675.9
1400180 1675.9
1400190 1676.3
1400200 1675.2
1400210 1675.2
1400220 1673.9
1400230 1672.5
1400240 1672.5
1400250 1670.3
1400260 1666.6
1400270 1666.6
1400280 1663.1
1400290 1660.8
1400300 1660.8
1400310 1658.6
1400320 1656.4
1400330 1652.2
1400340 1652.2
1400350 1644.9
1400360 1635.3
1400370 1635.3
1400380 1627.1
1400390 1625.6
1400400 1625.6
1400410 1629.2
1400420 1634.0
1400430 1634.0
1400440 1639.3
1400450 1644.5
1400460 1644.5
1400470 1650.1
1400480 1655.0
1400490 1655.0
1400500 1659.8
1400510 1664.4
1400520 1669.2
1400530 1669.2
1400540 1670.1
1400550 1674.2
1400560 1674.2
1400570 1679.3
1400580 1684.0
1400590 1684.0
1400600 1689.5
1400610 1695.6
1400620 1695.6
1400630 1701.2
1400640 1706.0
1400650 1706.0
1400660 1711.0
1400670 1716.2
1400680 1716.2
1400690 1721.6
1400700 1726.5
1400710 1726.5
1400720 1729.4
1400730 1730.4
1400740 1730.5
1400750 1730.5
1400760 1731.6
1400770 1733.6
1400780 1733.6
1400790 1735.6
1400800 1740.8
1400810 1740.8
1400820 1747.8
1400830 1754.5
1400840 1754.5
1400850 1760.5
1400860 1766.9
1400870 1766.9
1400880 1773.3
1400890 1779.5
1400900 1779.5
1400910 1785.2
1400920 1790.3
1400930 1794.4
1400940 1794.4
1400950 1798.4
1400960 1802.6
1400970 1802.6
1400980 1806.7
1400990 1809.7
1401000 1809.7
1401010 1812.2
1401020 1816.2
1401030 1816.2
1401040 1821.8
1401050 1826.6
1401060 1826.6
1401070 1831.5
1401080 1836.4
1401090 1836.4
1401100 1840.7
1401110 1845.2
1401120 1845.2
1401130 1849.0
1401140 1852.3
1401150 1855.7
1401160 1855.7
1401170 1859.0
1401180 1862.1
1401190 1862.1
1401200 1864.9
1401210 1867.6
1401220 1867.6
1401230 1870.6
1401240 1873.7
1401250 1873.7
1401260 1877.6
1401270 1881.3
1401280 1881.3
1401290 1884.9
1401300 1888.8
1401310 1888.8
1401320 1892.2
1401330 1895.6
1401340 1899.1
1401350 1899.1
1401360 1902.7
1401370 1906.0
1401380 1906.0
1401390 1908.8
1401400 1911.6
1401410 1911.6
1401420 1914.8
1401430 1919.2
1401440 1919.2
1401450 1923.0
1401460 1926.7
1401470 1926.7
1401480 1930.3
1401490 1933.8
1401500 1933.8
1401510 1936.8
1401520 1940.0
1401530 1940.0
1401540 1943.0
1401550 1945.6
1401560 1948.4
1401570 1948.4
1401580 1949.7
1401590 1947.1
1401600 1947.1
1401610 1945.0
1401620 1943.4
1401630 1943.4
1401640 1942.8
1401650 1943.5
1401660 1943.5
1401670 1944.2
1401680 1945.6
1401690 1945.6
1401700 1947.3
1401710 1948.8
1401720 1948.8
1401730 1949.1
1401740 1952.1
1401750 1959.8
1401760 1959.8
1401770 1969.1
1401780 1977.1
1401790 1977.1
1401800 1983.7
1401810 1989.6
1401820 1989.6
1401830 1995.5
1401840 2001.2
1401850 2001.2
1401860 2006.3
1401870 2011.4
1401880 2011.4
1401890 2016.8
1401900 2022.9
1401910 2022.9
1401920 2029.2
1401930 2035.5
1401940 2035.5
1401950 2041.1
1401960 2046.0
1401970 2050.7
1401980 2050.7
1401990 2054.9
1402000 2059.0
1402010 2059.0
1402020 2063.1
1402030 2067.1
1402040 2067.1
1402050 2071.3
1402060 2075.9
1402070 2073.4
1402080 2078.0
1402090 2082.8
1402100 2082.8
1402110 2088.0
1402120 2093.2
1402130 2093.2
1402140 2098.3
1402150 2103.4
1402160 2108.4
1402170 2108.4
1402180 2113.5
1402190 2118.8
1402200 2118.8
1402210 2124.0
1402220 2129.5
1402230 2129.5
1402240 2135.4
1402250 2140.6
1402260 2140.6
1402270 2144.7
1402280 2148.5
1402290 2148.5
1402300 2152.7
1402310 2157.2
1402320 2157.2
1402330 2162.2
1402340 2167.8
1402350 2167.8
1402360 2173.6
1402370 2179.1
1402380 2184.5
1402390 2184.5
1402400 2189.8
1402410 2194.9
1402420 2194.9
1402430 2200.4
1402440 2206.2
1402450 2206.2
1402460 2212.4
1402470 2218.7
1402480 2218.7
1402490 2224.4
1402500 2229.7
1402510 2229.7
1402520 2234.5
1402530 2239.3
1402540 2239.3
1402550 2243.8
1402560 2247.0
1402570 2248.2
1402580 2248.2
1402590 2247.7
1402600 2245.6
1402610 2245.6
1402620 2242.1
1402630 2238.8
1402640 2238.8
1402650 2236.1
1402660 2233.4
1402670 2233.4
1402680 2230.5
1402690 2227.0
1402700 2227.0
1402710 2223.5
1402720 2220.1
1402730 2220.1
1402740 2216.4
1402750 2212.7
1402760 2212.7
1402770 2208.7
1402780 2204.7
1402790 2201.2
1402800 2201.2
1402810 2197.5
1402820 2193.4
1402830 2193.4
1402840 2189.1
1402850 2184.8
1402860 2184.8
1402870 2180.9
1402880 2177.3
1402890 2177.3
1402900 2173.5
1402910 2169.5
1402920 2169.5
1402930 2165.6
1402940 2162.0
1402950 2162.0
1402960 2158.4
1402970 2154.3
1402980 2150.6
1402990 2150.6
1403000 2146.3
1403010 2142.4
1403020 2142.4
1403030 2138.6
1403040 2134.8
1403050 2134.8
1403060 2130.9
1403070 2127.6
1403080 2127.6
1403090 2124.2
1403100 2120.3
1403110 2120.3
1403120 2116.6
1403130 2112.7
1403140 2112.7
1403150 2108.6
1403160 2104.7
1403170 2104.7
1403180 2100.5
1403190 2096.3
1403200 2092.6
1403210 2092.6
1403220 2088.8
1403230 2085.0
1403240 2085.0
1403250 2081.0
1403260 2076.8
1403270 2076.8
1403280 2072.5
1403290 2067.8
1403300 2067.8
1403310 2062.9
1403320 2057.8
1403330 2057.8
1403340 2052.6
1403350 2046.8
1403360 2046.8
1403370 2041.0
1403380 2035.0
1403390 2028.1
1403400 2028.1
1403410 2022.0
1403420 2015.6
1403430 2015.6
1403440 2009.0
1403450 2002.9
1403460 2002.9
1403470 1997.4
1403480 1992.0
1403490 1992.0
1403500 1987.0
1403510 1982.5
1403520 1982.5
1403530 1977.2
1403540 1970.2
1403550 1970.2
1403560 1964.5
1403570 1957.9
1403580 1957.9
1403590 1950.7
1403600 1944.0
1403610 1938.2
1403620 1938.2
1403630 1934.9
1403640 1931.2
1403650 1931.2
1403660 1926.7
1403670 1922.1
1403680 1922.1
1403690 1916.8
1403700 1910.7
1403710 1910.7
1403720 1904.4
1403730 1898.6
1403740 1898.6
1403750 1893.0
1403760 1887.9
1403770 1887.9
1403780 1883.5
1403790 1878.2
1403800 1872.9
1403810 1872.9
1403820 1867.5
1403830 1861.7
1403840 1861.7
1403850 1855.9
1403860 1851.1
1403870 1851.1
1403880 1844.3
1403890 1836.2
1403900 1836.2
1403910 1830.3
1403920 1826.9
1403930 1826.9
1403940 1818.5
1403950 1806.9
1403960 1806.9
1403970 1796.5
1403980 1787.6
1403990 1787.6
1404000 1780.3
1404010 1772.3
1404020 1763.5
1404030 1763.5
1404040 1755.8
1404050 1748.1
1404060 1748.1
1404070 1738.4
1404080 1730.0
1404090 1730.0
1404100 1721.7
1404110 1714.0
1404120 1714.0
1404130 1713.3
1404140 1719.2
1404150 1719.2
1404160 1723.3
1404170 1725.4
1404180 1725.4
1404190 1727.1
1404200 1731.4
1404210 1734.0
1404220 1734.0
1404230 1737.3
1404240 1738.6
1404250 1738.6
1404260 1739.4
1404270 1736.7
1404280 1736.7
1404290 1733.6
1404300 1734.3
1404310 1734.3
1404320 1731.0
1404330 1728.7
1404340 1728.7
1404350 1727.1
1404360 1720.5
1404370 1720.5
1404380 1715.1
1404390 1710.9
1404400 1710.9
1404410 1707.2
1404420 1705.6
1404430 1706.7
1404440 1706.7
1404450 1706.9
1404460 1705.7
1404470 1705.7
1404480 1705.4
1404490 1705.0
1404500 1705.0
1404510 1704.2
1404520 1703.2
1404530 1703.2
1404540 1703.6
1404550 1707.8
1404560 1707.8
1404570 1708.4
1404580 1705.8
1404590 1705.8
1404600 1699.2
1404610 1691.1
1404620 1683.4
1404630 1683.4
1404640 1676.0
1404650 1667.7
1404660 1667.7
1404670 1659.0
1404680 1652.3
1404690 1652.3
1404700 1646.8
1404710 1641.1
1404720 1641.1
1404730 1634.3
1404740 1628.3
1404750 1628.3
1404760 1622.6
1404770 1615.6
1404780 1615.6
1404790 1608.1
1404800 1601.1
1404810 1601.1
1404820 1595.3
1404830 1589.6
1404840 1586.7
1404850 1586.7
1404860 1585.0
1404870 1583.2
1404880 1583.2
1404890 1581.0
1404900 1579.0
1404910 1579.0
1404920 1578.6
1404930 1580.4
1404940 1580.4
1404950 1581.6
1404960 1581.8
1404970 1581.8
1404980 1581.6
1404990 1581.3
1405000 1581.3
1405010 1580.4
1405020 1579.3
1405030 1576.6
1405040 1576.6
1405050 1575.5
1405060 1574.0
1405070 1574.0
1405080 1572.9
1405090 1571.5
1405100 1571.5
1405110 1568.1
1405120 1563.2
1405130 1563.2
1405140 1558.8
1405150 1553.4
1405160 1553.4
1405170 1548.4
1405180 1545.0
1405190 1548.7
1405200 1544.5
1405210 1541.5
1405220 1539.6
1405230 1539.6
1405240 1537.6
1405250 1536.4
1405260 1536.4
1405270 1533.6
1405280 1529.3
1405290 1529.3
1405300 1526.1
1405310 1524.3
1405320 1524.3
1405330 1524.6
1405340 1528.5
1405350 1528.5
1405360 1534.6
1405370 1534.7
1405380 1534.7
1405390 1530.4
1405400 1529.1
1405410 1529.1
1405420 1527.3
1405430 1525.6
1405440 1524.3
1405450 1524.3
1405460 1523.6
1405470 1524.1
1405480 1524.1
1405490 1524.5
1405500 1523.5
1405510 1523.5
1405520 1520.7
1405530 1518.1
1405540 1518.1
1405550 1516.9
1405560 1515.8
1405570 1515.8
1405580 1514.7
1405590 1514.1
1405600 1514.1
1405610 1514.1
1405620 1513.6
1405630 1512.2
1405640 1512.2
1405650 1510.0
1405660 1508.0
1405670 1508.0
1405680 1505.9
1405690 1504.1
1405700 1504.1
1405710 1502.3
1405720 1499.1
1405730 1499.1
1405740 1495.8
1405750 1493.1
1405760 1493.1
1405770 1490.8
1405780 1488.9
1405790 1488.9
1405800 1487.0
1405810 1485.5
1405820 1485.5
1405830 1484.6
1405840 1483.6
1405850 1481.7
1405860 1481.7
1405870 1479.9
1405880 1477.6
1405890 1477.6
1405900 1475.2
1405910 1473.8
1405920 1473.8
1405930 1471.6
1405940 1468.3
1405950 1468.3
1405960 1465.6
1405970 1463.3
1405980 1463.3
1405990 1461.2
1406000 1459.1
1406010 1459.1
1406020 1457.0
1406030 1454.8
1406040 1451.7
1406050 1451.7
1406060 1448.9
1406070 1446.5
1406080 1446.5
1406090 1444.9
1406100 1444.0
1406110 1444.0
1406120 1442.8
1406130 1441.3
1406140 1441.3
1406150 1439.8
1406160 1438.3
1406170 1438.3
1406180 1436.6
1406190 1434.8
1406200 1434.8
1406210 1433.2
1406220 1431.6
1406230 1431.6
1406240 1429.9
1406250 1428.4
1406260 1427.3
1406270 1427.3
1406280 1426.6
1406290 1426.3
1406300 1426.3
1406310 1425.6
1406320 1424.2
1406330 1424.2
1406340 1422.9
1406350 1421.6
1406360 1421.6
1406370 1420.7
1406380 1419.5
1406390 1419.5
1406400 1418.7
1406410 1417.1
1406420 1417.1
1406430 1415.5
1406440 1414.0
1406450 1413.4
1406460 1413.4
1406470 1412.0
1406480 1410.7
1406490 1410.7
1406500 1409.2
1406510 1407.9
1406520 1407.9
1406530 1406.9
1406540 1405.9
1406550 1405.9
1406560 1405.0
1406570 1403.4
1406580 1403.4
1406590 1402.3
1406600 1401.4
1406610 1401.4
1406620 1400.5
1406630 1399.4
1406640 1399.4
1406650 1398.0
1406660 1396.4
1406670 1395.5
1406680 1395.5
1406690 1394.7
1406700 1393.7
1406710 1393.7
1406720 1392.5
1406730 1391.3
1406740 1391.3
1406750 1390.3
1406760 1388.9
1406770 1388.9
1406780 1388.1
1406790 1387.2
1406800 1387.2
1406810 1385.3
1406820 1384.3
1406830 1384.3
1406840 1383.5
1406850 1382.6
1406860 1381.2
1406870 1381.2
1406880 1380.4
1406890 1379.6
1406900 1379.6
1406910 1378.0
1406920 1376.4
1406930 1376.4
1406940 1375.0
1406950 1373.6
1406960 1373.6
1406970 1372.5
1406980 1371.3
1406990 1371.3
1407000 1369.7
1407010 1368.7
1407020 1368.7
1407030 1367.4
1407040 1366.4
1407050 1366.4
1407060 1364.8
1407070 1363.6
1407080 1362.6
1407090 1362.6
1407100 1361.7
1407110 1360.4
1407120 1360.4
1407130 1359.2
1407140 1357.7
1407150 1357.7
1407160 1356.8
1407170 1355.6
1407180 1355.6
1407190 1354.4
1407200 1353.1
1407210 1353.1
1407220 1352.2
1407230 1351.5
1407240 1351.5
1407250 1350.3
1407260 1349.2
1407270 1348.7
1407280 1348.7
1407290 1347.3
1407300 1345.5
1407310 1345.5
1407320 1344.0
1407330 1343.0
1407340 1343.0
1407350 1341.8
1407360 1340.5
1407370 1340.5
1407380 1339.4
1407390 1337.4
1407400 1337.4
1407410 1331.5
1407420 1323.9
1407430 1323.9
1407440 1316.4
1407450 1311.0
1407460 1311.0
1407470 1305.1
1407480 1303.3
1407490 1303.6
1407500 1303.6
1407510 1305.4
1407520 1305.7
1407530 1305.7
1407540 1306.6
1407550 1311.3
1407560 1311.3
1407570 1319.4
1407580 1325.4
1407590 1325.4
1407600 1326.6
1407610 1329.2
1407620 1329.2
1407630 1334.4
1407640 1335.0
1407650 1335.0
1407660 1335.3
1407670 1335.9
1407680 1336.8
1407690 1336.8
1407700 1337.7
1407710 1338.5
1407720 1338.5
1407730 1339.5
1407740 1340.3
1407750 1340.3
1407760 1341.5
1407770 1342.1
1407780 1342.1
1407790 1342.7
1407800 1343.2
1407810 1343.2
1407820 1343.9
1407830 1344.2
1407840 1344.2
1407850 1344.8
1407860 1344.7
1407870 1344.7
1407880 1344.3
1407890 1344.0
1407900 1343.7
1407910 1343.7
1407920 1340.7
1407930 1335.1
1407940 1335.1
1407950 1332.2
1407960 1331.3
1407970 1331.3
1407980 1334.6
1407990 1338.5
1408000 1338.5
1408010 1344.2
1408020 1349.7
1408030 1349.7
1408040 1354.2
1408050 1358.8
1408060 1358.8
1408070 1363.5
1408080 1368.7
1408090 1374.7
1408100 1374.7
1408110 1380.0
1408120 1384.9
1408130 1384.9
1408140 1388.2
1408150 1392.1
1408160 1392.1
1408170 1394.4
1408180 1396.0
1408190 1396.0
1408200 1394.3
1408210 1393.4
1408220 1393.4
1408230 1392.6
1408240 1395.4
1408250 1395.4
1408260 1400.7
1408270 1407.1
1408280 1407.1
1408290 1413.4
1408300 1420.1
1408310 1424.1
1408320 1424.1
1408330 1427.1
1408340 1430.1
1408350 1430.1
1408360 1433.1
1408370 1436.0
1408380 1436.0
1408390 1439.5
1408400 1443.3
1408410 1443.3
1408420 1446.6
1408430 1450.3
1408440 1450.3
1408450 1459.3
1408460 1463.5
1408470 1463.5
1408480 1467.8
1408490 1472.8
1408500 1478.2
1408510 1478.2
1408520 1483.6
1408530 1488.2
1408540 1488.2
1408550 1492.8
1408560 1497.6
1408570 1497.6
1408580 1499.8
1408590 1499.1
1408600 1499.1
1408610 1499.3
1408620 1498.1
1408630 1498.1
1408640 1498.1
1408650 1498.5
1408660 1498.5
1408670 1497.3
1408680 1496.0
1408690 1496.0
1408700 1494.4
1408710 1491.8
1408720 1489.3
1408730 1489.3
1408740 1487.2
1408750 1485.0
1408760 1485.0
1408770 1481.3
1408780 1476.4
1408790 1476.4
1408800 1473.1
1408810 1474.9
1408820 1474.9
1408830 1478.0
1408840 1480.3
1408850 1480.3
1408860 1480.6
1408870 1480.8
1408880 1480.8
1408890 1480.3
1408900 1480.5
1408910 1481.8
1408920 1481.8
1408930 1484.9
1408940 1488.2
1408950 1488.2
1408960 1493.1
1408970 1500.9
1408980 1500.9
1408990 1509.1
1409000 1516.6
1409010 1516.6
1409020 1523.1
1409030 1528.8
1409040 1528.8
1409050 1534.8
1409060 1540.8
1409070 1540.8
1409080 1547.4
1409090 1554.4
1409100 1554.4
1409110 1560.3
1409120 1564.4
1409130 1563.9
1409140 1563.9
1409150 1561.8
1409160 1558.3
1409170 1558.3
1409180 1552.0
1409190 1547.8
1409200 1547.8
1409210 1548.4
1409220 1551.8
1409230 1551.8
1409240 1556.3
1409250 1560.3
1409260 1560.3
1409270 1563.5
1409280 1568.7
1409290 1568.7
1409300 1573.8
1409310 1580.0
1409320 1585.0
1409330 1585.0
1409340 1588.2
1409350 1593.2
1409360 1593.2
1409370 1598.1
1409380 1603.6
1409390 1603.6
1409400 1607.4
1409410 1608.0
1409420 1608.0
1409430 1607.5
1409440 1608.1
1409450 1608.1
1409460 1609.2
1409470 1610.0
1409480 1610.0
1409490 1611.5
1409500 1614.9
1409510 1614.9
1409520 1619.2
1409530 1622.1
1409540 1625.2
1409550 1625.2
1409560 1628.7
1409570 1633.1
1409580 1633.1
1409590 1638.0
1409600 1643.0
1409610 1643.0
1409620 1647.6
1409630 1651.4
1409640 1651.4
1409650 1654.9
1409660 1657.9
1409670 1657.9
1409680 1659.6
1409690 1660.1
1409700 1660.1
1409710 1661.9
1409720 1663.7
1409730 1664.7
1409740 1664.7
1409750 1666.6
1409760 1667.6
1409770 1667.6
1409780 1667.6
1409790 1667.3
1409800 1667.3
1409810 1666.7
1409820 1665.6
1409830 1665.6
1409840 1664.7
1409850 1665.7
1409860 1665.7
1409870 1669.1
1409880 1674.3
1409890 1674.3
1409900 1678.8
1409910 1681.7
1409920 1681.7
1409930 1684.5
1409940 1687.0
1409950 1690.3
1409960 1690.3
1409970 1691.4
1409980 1689.3
1409990 1689.3
1410000 1686.7
1410010 1683.5
1410020 1683.5
1410030 1681.2
1410040 1681.0
1410050 1681.0
1410060 1680.9
1410070 1679.5
1410080 1679.5
1410090 1675.5
1410100 1670.5
1410110 1670.5
1410120 1668.9
1410130 1678.5
1410140 1681.6
1410150 1681.6
1410160 1684.7
1410170 1687.7
1410180 1687.7
1410190 1688.3
1410200 1684.9
1410210 1684.9
1410220 1677.3
1410230 1670.7
1410240 1670.7
1410250 1673.5
1410260 1681.9
1410270 1681.9
1410280 1690.5
1410290 1696.8
1410300 1696.8
1410310 1702.3
1410320 1708.1
1410330 1708.1
1410340 1713.9
1410350 1719.5
1410360 1725.7
1410370 1725.7
1410380 1732.7
1410390 1738.7
1410400 1738.7
1410410 1744.4
1410420 1750.3
1410430 1750.3
1410440 1757.7
1410450 1763.5
1410460 1763.5
1410470 1769.2
1410480 1775.1
1410490 1775.1
1410500 1781.2
1410510 1781.4
1410520 1781.4
1410530 1779.7
1410540 1781.8
1410550 1786.6
1410560 1786.6
1410570 1792.9
1410580 1797.8
1410590 1797.8
1410600 1802.1
1410610 1803.9
1410620 1803.9
1410630 1803.8
1410640 1804.6
1410650 1804.6
1410660 1807.4
1410670 1810.4
1410680 1810.4
1410690 1813.3
1410700 1816.5
1410710 1816.5
1410720 1818.9
1410730 1820.5
1410740 1820.5
1410750 1822.0
1410760 1823.7
1410770 1825.4
1410780 1825.4
1410790 1827.8
1410800 1830.1
1410810 1830.1
1410820 1831.9
1410830 1833.8
1410840 1833.8
1410850 1836.2
1410860 1837.2
1410870 1837.2
1410880 1838.9
1410890 1842.5
1410900 1842.5
1410910 1846.1
1410920 1850.0
1410930 1850.0
1410940 1853.2
1410950 1855.7
1410960 1859.5
1410970 1859.5
1410980 1863.3
1410990 1866.3
1411000 1866.3
1411010 1868.6
1411020 1870.2
1411030 1870.2
1411040 1871.5
1411050 1873.5
1411060 1873.5
1411070 1875.9
1411080 1877.5
1411090 1877.5
1411100 1878.7
1411110 1879.9
1411120 1879.9
1411130 1880.8
1411140 1882.9
1411150 1882.9
1411160 1886.2
1411170 1889.4
1411180 1892.7
1411190 1892.7
1411200 1896.2
1411210 1899.6
1411220 1899.6
1411230 1902.1
1411240 1903.6
1411250 1903.6
1411260 1905.5
1411270 1907.4
1411280 1907.4
1411290 1909.8
1411300 1910.8
1411310 1910.8
1411320 1912.0
1411330 1915.5
1411340 1915.5
1411350 1917.4
1411360 1918.9
1411370 1920.1
1411380 1920.1
1411390 1922.0
1411400 1924.6
1411410 1924.6
1411420 1928.1
1411430 1931.0
1411440 1931.0
1411450 1931.3
1411460 1933.0
1411470 1933.0
1411480 1937.0
1411490 1941.2
1411500 1941.2
1411510 1946.5
1411520 1952.1
1411530 1952.1
1411540 1958.0
1411550 1963.8
1411560 1963.8
1411570 1968.5
1411580 1972.7
1411590 1978.9
1411600 1978.9
1411610 1985.6
1411620 1992.3
1411630 1992.3
1411640 1998.6
1411650 2002.8
1411660 2002.8
1411670 2006.6
1411680 2008.7
1411690 2008.7
1411700 2010.8
1411710 2013.5
1411720 2013.5
1411730 2015.2
1411740 2013.7
1411750 2013.7
1411760 2012.5
1411770 2011.7
1411780 2011.3
1411790 2011.3
1411800 2010.8
1411810 2010.5
1411820 2010.5
1411830 2009.1
1411840 2007.5
1411850 2013.1
1411860 2011.9
1411870 2010.0
1411880 2010.0
1411890 2008.6
1411900 2006.7
1411910 2006.7
1411920 2004.1
1411930 2002.4
1411940 2002.4
1411950 1999.7
1411960 1997.7
1411970 1997.7
1411980 1991.6
1411990 1985.4
1412000 1981.8
1412010 1981.8
1412020 1978.0
1412030 1975.3
1412040 1975.3
1412050 1972.3
1412060 1969.8
1412070 1969.8
1412080 1967.0
1412090 1964.2
1412100 1964.2
1412110 1961.2
1412120 1958.4
1412130 1958.4
1412140 1955.8
1412150 1953.1
1412160 1953.1
1412170 1949.2
1412180 1945.1
1412190 1945.0
1412200 1945.0
1412210 1947.2
1412220 1947.9
1412230 1947.9
1412240 1945.1
1412250 1941.7
1412260 1941.7
1412270 1938.3
1412280 1935.4
1412290 1935.4
1412300 1933.8
1412310 1936.8
1412320 1936.8
1412330 1946.2
1412340 1955.5
1412350 1955.5
1412360 1964.1
1412370 1967.7
1412380 1967.7
1412390 1969.4
1412400 1970.4
1412410 1970.8
1412420 1970.8
1412430 1969.4
1412440 1968.2
1412450 1968.2
1412460 1970.0
1412470 1973.2
1412480 1973.2
1412490 1977.6
1412500 1983.3
1412510 1983.3
1412520 1989.5
1412530 1995.4
1412540 1995.4
1412550 2000.4
1412560 2004.7
1412570 2004.7
1412580 2008.9
1412590 2013.0
1412600 2017.2
1412610 2017.2
1412620 2021.0
1412630 2025.5
1412640 2025.5
1412650 2030.9
1412660 2036.2
1412670 2036.2
1412680 2041.2
1412690 2047.2
1412700 2047.2
1412710 2053.0
1412720 2056.5
1412730 2056.5
1412740 2055.7
1412750 2054.5
1412760 2054.5
1412770 2055.7
1412780 2058.2
1412790 2058.2
1412800 2060.1
1412810 2062.8
1412820 2064.4
1412830 2064.4
1412840 2064.3
1412850 2066.9
1412860 2066.9
1412870 2071.7
1412880 2078.1
1412890 2078.1
1412900 2084.7
1412910 2091.2
1412920 2091.2
1412930 2098.2
1412940 2106.1
1412950 2106.1
1412960 2114.1
1412970 2120.9
1412980 2120.9
1412990 2127.1
1413000 2133.4
1413010 2139.1
1413020 2139.1
1413030 2144.6
1413040 2151.1
1413050 2151.1
1413060 2158.0
1413070 2164.3
1413080 2164.3
1413090 2170.4
1413100 2176.1
1413110 2176.1
1413120 2181.7
1413130 2188.3
1413140 2188.3
1413150 2194.9
1413160 2201.6
1413170 2201.6
1413180 2208.0
1413190 2214.2
1413200 2214.2
1413210 2220.0
1413220 2225.5
1413230 2229.9
1413240 2229.9
1413250 2234.5
1413260 2238.4
1413270 2238.4
1413280 2241.0
1413290 2243.3
1413300 2243.3
1413310 2246.2
1413320 2249.7
1413330 2249.7
1413340 2253.5
1413350 2257.4
1413360 2257.4
1413370 2261.5
1413380 2265.5
1413390 2265.5
1413400 2269.4
1413410 2273.8
1413420 2278.4
1413430 2278.4
1413440 2283.0
1413450 2288.0
1413460 2288.0
1413470 2293.4
1413480 2297.5
1413490 2297.5
1413500 2300.9
1413510 2304.6
1413520 2304.6
1413530 2309.9
1413540 2314.0
1413550 2314.0
1413560 2316.7
1413570 2318.9
1413580 2318.9
1413590 2320.8
1413600 2323.6
1413610 2328.2
1413620 2328.2
1413630 2331.3
1413640 2334.3
1413650 2334.3
1413660 2336.3
1413670 2338.9
1413680 2338.9
1413690 2342.3
1413700 2345.7
1413710 2345.7
1413720 2347.7
1413730 2348.4
1413740 2348.4
1413750 2349.1
1413760 2350.2
1413770 2350.2
1413780 2351.4
1413790 2352.9
1413800 2352.9
1413810 2355.0
1413820 2358.1
1413830 2362.2
1413840 2362.2
1413850 2366.3
1413860 2370.1
1413870 2370.1
1413880 2373.7
1413890 2376.7
1413900 2376.7
1413910 2379.6
1413920 2382.8
1413930 2382.8
1413940 2385.7
1413950 2388.5
1413960 2388.5
1413970 2391.1
1413980 2392.5
1413990 2392.5
1414000 2392.4
1414010 2393.2
1414020 2394.8
1414030 2394.8
1414040 2396.5
1414050 2398.0
1414060 2398.0
1414070 2399.4
1414080 2400.8
1414090 2400.8
1414100 2402.5
1414110 2404.0
1414120 2404.0
1414130 2405.1
1414140 2406.5
1414150 2406.5
1414160 2408.2
1414170 2409.7
1414180 2409.7
1414190 2411.2
1414200 2412.5
1414210 2412.5
1414220 2414.5
1414230 2417.2
1414240 2419.7
1414250 2419.7
1414260 2423.1
1414270 2427.6
1414280 2427.6
1414290 2430.6
1414300 2433.7
1414310 2433.7
1414320 2436.3
1414330 2439.1
1414340 2439.1
1414350 2442.6
1414360 2446.3
1414370 2446.3
1414380 2448.9
1414390 2450.4
1414400 2450.4
1414410 2452.5
1414420 2455.2
1414430 2457.1
1414440 2457.1
1414450 2458.7
1414460 2460.1
1414470 2460.1
1414480 2461.5
1414490 2463.1
1414500 2463.1
1414510 2464.6
1414520 2466.1
1414530 2466.1
1414540 2467.6
1414550 2469.1
1414560 2469.1
1414570 2470.8
1414580 2472.7
1414590 2472.7
1414600 2475.0
1414610 2477.5
1414620 2477.5
1414630 2479.4
1414640 2479.6
1414650 2479.2
1414660 2479.2
1414670 2479.8
1414680 2481.0
1414690 2481.0
1414700 2482.5
1414710 2484.4
1414720 2484.4
1414730 2486.3
1414740 2487.4
1414750 2487.4
1414760 2488.7
1414770 2490.0
1414780 2490.0
1414790 2491.2
1414800 2492.3
1414810 2492.3
1414820 2493.3
1414830 2494.7
1414840 2496.3
1414850 2496.3
1414860 2498.2
1414870 2500.3
1414880 2500.3
1414890 2502.4
1414900 2505.2
1414910 2505.2
1414920 2508.6
1414930 2512.5
1414940 2512.5
1414950 2516.1
1414960 2519.4
1414970 2519.4
1414980 2522.3
1414990 2524.8
1415000 2524.8
1415010 2527.5
1415020 2530.4
1415030 2530.4
1415040 2533.6
1415050 2537.4
1415060 2541.4
1415070 2541.4
1415080 2545.3
1415090 2549.4
1415100 2549.4
1415110 2553.5
1415120 2557.5
1415130 2557.5
1415140 2561.6
1415150 2566.0
1415160 2566.0
1415170 2571.9
1415180 2578.7
1415190 2578.7
1415200 2585.3
1415210 2591.5
1415220 2591.5
1415230 2599.8
1415240 2607.5
1415250 2612.9
1415260 2612.9
1415270 2617.7
1415280 2623.3
1415290 2623.3
1415300 2628.5
1415310 2635.0
1415320 2635.0
1415330 2641.7
1415340 2648.2
1415350 2648.2
1415360 2654.4
1415370 2660.6
1415380 2660.6
1415390 2667.1
1415400 2673.5
1415410 2673.5
1415420 2679.0
1415430 2685.2
1415440 2685.2
1415450 2691.1
1415460 2696.5
1415470 2702.0
1415480 2702.0
1415490 2707.8
1415500 2713.8
1415510 2713.8
1415520 2720.3
1415530 2728.1
1415540 2728.1
1415550 2737.2
1415560 2745.5
1415570 2745.5
1415580 2752.7
1415590 2759.1
1415600 2759.1
1415610 2763.5
1415620 2767.7
1415630 2767.7
1415640 2774.6
1415650 2783.1
1415660 2791.1
1415670 2791.1
1415680 2798.0
1415690 2805.2
1415700 2805.2
1415710 2812.3
1415720 2820.1
1415730 2820.1
1415740 2827.4
1415750 2834.8
1415760 2834.8
1415770 2842.3
1415780 2846.4
1415790 2846.4
1415800 2846.9
1415810 2846.4
1415820 2846.4
1415830 2844.9
1415840 2844.2
1415850 2844.2
1415860 2845.6
1415870 2843.5
1415880 2839.7
1415890 2839.7
1415900 2836.3
1415910 2832.4
1415920 2832.4
1415930 2828.4
1415940 2823.7
1415950 2823.7
1415960 2818.1
1415970 2812.7
1415980 2812.7
1415990 2807.7
1416000 2802.9
1416010 2802.9
1416020 2799.6
1416030 2797.9
1416040 2797.9
1416050 2796.7
1416060 2795.0
1416070 2791.9
1416080 2791.9
1416090 2788.5
1416100 2784.7
1416110 2784.7
1416120 2780.7
1416130 2777.3
1416140 2777.3
1416150 2772.4
1416160 2764.0
1416170 2764.0
1416180 2758.6
1416190 2757.5
1416200 2757.5
1416210 2755.6
1416220 2754.3
1416230 2754.3
1416240 2752.7
1416250 2750.4
1416260 2750.4
1416270 2747.2
1416280 2744.4
1416290 2742.8
1416300 2742.8
1416310 2741.9
1416320 2738.9
1416330 2738.9
1416340 2736.2
1416350 2734.3
1416360 2734.3
1416370 2732.5
1416380 2730.9
1416390 2730.9
1416400 2729.5
1416410 2728.8
1416420 2728.8
1416430 2727.9
1416440 2727.1
1416450 2727.1
1416460 2726.6
1416470 2726.0
1416480 2725.8
1416490 2725.8
1416500 2725.7
1416510 2725.7
1416520 2725.7
1416530 2725.7
1416540 2725.7
1416550 2725.7
1416560 2725.7
1416570 2725.7
1416580 2725.7
1416590 2725.7
1416600 2725.7
1416610 2725.7
1416620 2725.8
1416630 2726.1
1416640 2726.1
1416650 2728.9
1416660 2734.1
1416670 2734.1
1416680 2739.0
1416690 2744.8
1416700 2752.2
1416710 2752.2
1416720 2760.1
1416730 2765.4
1416740 2765.4
1416750 2769.2
1416760 2774.4
1416770 2774.4
1416780 2775.7
1416790 2776.1
1416800 2776.1
1416810 2778.3
1416820 2782.5
1416830 2782.5
1416840 2787.8
1416850 2793.6
1416860 2793.6
1416870 2799.2
1416880 2804.7
1416890 2809.9
1416900 2809.9
1416910 2816.0
1416920 2822.0
1416930 2822.0
1416940 2828.5
1416950 2836.3
1416960 2836.3
1416970 2845.4
1416980 2853.1
1416990 2853.1
1417000 2859.6
1417010 2865.8
1417020 2865.8
1417030 2873.3
1417040 2881.0
1417050 2881.0
1417060 2889.6
1417070 2898.3
1417080 2898.3
1417090 2907.7
1417100 2919.2
1417110 2931.3
1417120 2931.3
1417130 2940.9
1417140 2944.0
1417150 2944.0
1417160 2945.3
1417170 2947.2
1417180 2947.2
1417190 2948.6
1417200 2950.8
1417210 2950.8
1417220 2953.7
1417230 2956.7
1417240 2956.7
1417250 2960.6
1417260 2965.2
1417270 2959.8
1417280 2964.3
1417290 2969.0
1417300 2973.3
1417310 2973.3
1417320 2976.9
1417330 2982.1
1417340 2982.1
1417350 2988.0
1417360 2992.0
1417370 2992.0
1417380 2995.2
1417390 2998.6
1417400 2998.6
1417410 3002.5
1417420 3006.4
1417430 3006.4
1417440 3010.3
1417450 3014.6
1417460 3014.6
1417470 3018.8
1417480 3019.3
1417490 3019.3
1417500 3017.0
1417510 3013.9
1417520 3009.2
1417530 3009.2
1417540 3006.9
1417550 3006.1
1417560 3006.1
1417570 3005.7
1417580 3002.1
1417590 3002.1
1417600 2994.5
1417610 2988.6
1417620 2988.6
1417630 2984.7
1417640 2979.8
1417650 2979.8
1417660 2975.4
1417670 2972.4
1417680 2972.4
1417690 2971.2
1417700 2972.0
1417710 2976.1
1417720 2976.1
1417730 2982.2
1417740 2976.9
1417750 2976.9
1417760 2963.8
1417770 2951.3
1417780 2951.3
1417790 2937.5
1417800 2926.0
1417810 2926.0
1417820 2915.1
1417830 2904.8
1417840 2904.8
1417850 2896.0
1417860 2888.9
1417870 2888.9
1417880 2882.0
1417890 2876.5
1417900 2876.5
1417910 2872.0
1417920 2867.6
1417930 2863.8
1417940 2863.8
1417950 2860.3
1417960 2857.1
1417970 2857.1
1417980 2853.7
1417990 2850.6
1418000 2850.6
1418010 2849.6
1418020 2850.4
1418030 2850.4
1418040 2849.3
1418050 2847.4
1418060 2847.4
1418070 2848.7
1418080 2855.0
1418090 2855.0
1418100 2857.9
1418110 2857.4
1418120 2854.3
1418130 2854.3
1418140 2846.6
1418150 2833.4
1418160 2833.4
1418170 2820.9
1418180 2810.0
1418190 2810.0
1418200 2798.2
1418210 2788.8
1418220 2788.8
1418230 2777.5
1418240 2770.1
1418250 2770.1
1418260 2765.7
1418270 2762.9
1418280 2762.9
1418290 2760.7
1418300 2757.4
1418310 2757.4
1418320 2757.8
1418330 2759.5
1418340 2758.4
1418350 2758.4
1418360 2755.0
1418370 2753.2
1418380 2753.2
1418390 2754.4
1418400 2755.0
1418410 2755.0
1418420 2754.9
1418430 2756.0
1418440 2756.0
1418450 2758.6
1418460 2756.9
1418470 2756.9
1418480 2751.0
1418490 2747.6
1418500 2747.6
1418510 2746.0
1418520 2743.2
1418530 2740.7
1418540 2740.7
1418550 2738.4
1418560 2736.2
1418570 2736.2
1418580 2733.7
1418590 2731.5
1418600 2731.5
1418610 2729.9
1418620 2728.0
1418630 2728.0
1418640 2725.3
1418650 2722.2
1418660 2722.2
1418670 2718.8
1418680 2715.0
1418690 2715.0
1418700 2712.3
1418710 2712.0
1418720 2712.0
1418730 2713.4
1418740 2713.7
1418750 2712.6
1418760 2712.6
1418770 2711.7
1418780 2709.4
1418790 2709.4
1418800 2707.2
1418810 2707.2
1418820 2707.2
1418830 2707.3
1418840 2707.7
1418850 2707.7
1418860 2708.8
1418870 2708.4
1418880 2708.4
1418890 2707.4
1418900 2705.8
1418910 2705.8
1418920 2706.6
1418930 2708.4
1418940 2712.2
1418950 2712.2
1418960 2714.0
1418970 2708.4
1418980 2708.4
1418990 2692.9
1419000 2678.5
1419010 2678.5
1419020 2669.9
1419030 2664.3
1419040 2664.3
1419050 2659.9
1419060 2649.9
1419070 2649.9
1419080 2638.6
1419090 2632.4
1419100 2632.4
1419110 2621.3
1419120 2611.6
1419130 2611.6
1419140 2603.2
1419150 2596.5
1419160 2591.4
1419170 2591.4
1419180 2589.5
1419190 2582.5
1419200 2582.5
1419210 2575.4
1419220 2568.5
1419230 2568.5
1419240 2561.9
1419250 2555.3
1419260 2555.3
1419270 2551.2
1419280 2548.2
1419290 2548.2
1419300 2544.9
1419310 2542.8
1419320 2542.8
1419330 2542.6
1419340 2542.8
1419350 2541.7
1419360 2541.7
1419370 2538.9
1419380 2535.9
1419390 2535.9
1419400 2532.0
1419410 2528.8
1419420 2528.8
1419430 2525.7
1419440 2522.7
1419450 2522.7
1419460 2518.6
1419470 2515.0
1419480 2515.0
1419490 2511.0
1419500 2507.9
1419510 2507.9
1419520 2505.3
1419530 2502.4
1419540 2502.4
1419550 2499.4
1419560 2495.5
1419570 2490.9
1419580 2490.9
1419590 2486.8
1419600 2482.7
1419610 2482.7
1419620 2480.1
1419630 2478.6
1419640 2478.6
1419650 2478.0
1419660 2476.7
1419670 2476.7
1419680 2473.4
1419690 2468.9
1419700 2468.9
1419710 2463.8
1419720 2458.3
1419730 2458.3
1419740 2453.0
1419750 2448.5
1419760 2443.6
1419770 2443.6
1419780 2439.0
1419790 2434.4
1419800 2434.4
1419810 2429.7
1419820 2425.6
1419830 2425.6
1419840 2422.4
1419850 2419.9
1419860 2419.9
1419870 2417.2
1419880 2413.4
1419890 2413.4
1419900 2409.0
1419910 2403.3
1419920 2403.3
1419930 2397.1
1419940 2389.0
1419950 2389.0
1419960 2379.2
1419970 2372.2
1419980 2366.9
1419990 2366.9
