1400000 1722.7
1400010 1728.5
1400020 1721.6
1400030 1731.5
1400040 1737.6
1400050 1737.6
1400060 1739.6
1400070 1743.0
1400080 1748.6
1400090 1748.6
1400100 1754.9
1400110 1761.5
1400120 1761.5
1400130 1768.7
1400140 1776.2
1400150 1776.2
1400160 1783.5
1400170 1789.5
1400180 1789.5
1400190 1793.9
1400200 1798.0
1400210 1798.0
1400220 1802.8
1400230 1808.5
1400240 1808.5
1400250 1816.0
1400260 1822.7
1400270 1822.7
1400280 1828.8
1400290 1834.8
1400300 1841.1
1400310 1841.1
1400320 1847.9
1400330 1855.4
1400340 1855.4
1400350 1858.0
1400360 1855.3
1400370 1855.3
1400380 1852.4
1400390 1849.8
1400400 1849.8
1400410 1847.2
1400420 1845.3
1400430 1845.3
1400440 1844.6
1400450 1841.5
1400460 1841.5
1400470 1839.4
1400480 1840.4
1400490 1842.3
1400500 1842.3
1400510 1844.0
1400520 1845.1
1400530 1845.1
1400540 1845.6
1400550 1846.9
1400560 1846.9
1400570 1849.2
1400580 1852.5
1400590 1852.5
1400600 1857.4
1400610 1865.9
1400620 1865.9
1400630 1875.4
1400640 1875.8
1400650 1875.8
1400660 1873.3
1400670 1877.8
1400680 1877.8
1400690 1886.2
1400700 1891.6
1400710 1892.9
1400720 1892.9
1400730 1890.7
1400740 1886.4
1400750 1886.4
1400760 1880.0
1400770 1868.7
1400780 1868.7
1400790 1855.8
1400800 1870.0
1400810 1870.0
1400820 1876.0
1400830 1883.0
1400840 1883.0
1400850 1886.7
1400860 1890.7
1400870 1890.7
1400880 1899.2
1400890 1905.7
1400900 1905.7
1400910 1908.5
1400920 1915.6
1400930 1923.9
1400940 1923.9
1400950 1931.0
1400960 1938.5
1400970 1938.5
1400980 1945.9
1400990 1950.4
1401000 1950.4
1401010 1953.0
1401020 1954.9
1401030 1954.9
1401040 1957.2
1401050 1961.7
1401060 1961.7
1401070 1967.2
1401080 1973.4
1401090 1973.4
1401100 1979.9
1401110 1985.5
1401120 1990.7
1401130 1990.7
1401140 1996.1
1401150 2002.1
1401160 2002.1
1401170 2006.6
1401180 2010.3
1401190 2010.3
1401200 2014.2
1401210 2018.6
1401220 2018.6
1401230 2024.2
1401240 2031.4
1401250 2031.4
1401260 2039.7
1401270 2047.2
1401280 2047.2
1401290 2055.1
1401300 2063.5
1401310 2063.5
1401320 2067.9
1401330 2070.5
1401340 2072.8
1401350 2072.8
1401360 2075.8
1401370 2079.7
1401380 2079.7
1401390 2083.3
1401400 2086.5
1401410 2086.5
1401420 2090.8
1401430 2093.9
1401440 2093.9
1401450 2097.4
1401460 2101.0
1401470 2101.0
1401480 2104.5
1401490 2108.4
1401500 2108.4
1401510 2113.0
1401520 2117.1
1401530 2117.1
1401540 2117.1
1401550 2121.1
1401560 2125.9
1401570 2125.9
1401580 2131.4
1401590 2137.1
1401600 2137.1
1401610 2143.0
1401620 2148.1
1401630 2148.1
1401640 2152.4
1401650 2156.7
1401660 2156.7
1401670 2158.8
1401680 2161.5
1401690 2161.5
1401700 2164.3
1401710 2165.9
1401720 2165.9
1401730 2167.2
1401740 2166.7
1401750 2167.2
1401760 2167.2
1401770 2168.3
1401780 2169.3
1401790 2169.3
1401800 2170.4
1401810 2170.8
1401820 2170.8
1401830 2171.2
1401840 2171.8
1401850 2171.8
1401860 2172.5
1401870 2172.6
1401880 2172.6
1401890 2173.2
1401900 2173.1
1401910 2173.1
1401920 2174.9
1401930 2175.9
1401940 2175.9
1401950 2178.1
1401960 2181.5
1401970 2185.4
1401980 2185.4
1401990 2190.3
1402000 2195.7
1402010 2195.7
1402020 2202.0
1402030 2208.7
1402040 2208.7
1402050 2215.7
1402060 2223.8
1402070 2223.8
1402080 2232.7
1402090 2246.0
1402100 2246.0
1402110 2257.4
1402120 2269.4
1402130 2269.4
1402140 2285.9
1402150 2310.0
1402160 2331.2
1402170 2331.2
1402180 2342.2
1402190 2348.2
1402200 2348.2
1402210 2354.4
1402220 2357.6
1402230 2357.6
1402240 2360.9
1402250 2369.8
1402260 2369.8
1402270 2377.1
1402280 2388.3
1402290 2388.3
1402300 2401.4
1402310 2405.9
1402320 2405.9
1402330 2407.6
1402340 2419.6
1402350 2419.6
1402360 2428.7
1402370 2441.3
1402380 2460.8
1402390 2460.8
1402400 2461.2
1402410 2458.1
1402420 2458.1
1402430 2459.8
1402440 2463.7
1402450 2463.7
1402460 2464.8
1402470 2467.0
1402480 2467.0
1402490 2472.9
1402500 2480.3
1402510 2480.3
1402520 2485.4
1402530 2487.4
1402540 2487.4
1402550 2489.1
1402560 2491.1
1402570 2492.5
1402580 2492.5
1402590 2492.8
1402600 2497.2
1402610 2497.2
1402620 2504.3
1402630 2510.5
1402640 2510.5
1402650 2514.7
1402660 2517.9
1402670 2517.9
1402680 2519.4
1402690 2512.4
1402700 2512.4
1402710 2500.1
1402720 2492.3
1402730 2492.3
1402740 2488.6
1402750 2487.4
1402760 2487.4
1402770 2485.4
1402780 2481.0
1402790 2480.2
1402800 2480.2
1402810 2479.5
1402820 2474.4
1402830 2474.4
1402840 2473.4
1402850 2473.4
1402860 2473.4
1402870 2469.5
1402880 2464.0
1402890 2464.0
1402900 2460.2
1402910 2455.7
1402920 2455.7
1402930 2447.9
1402940 2439.1
1402950 2439.1
1402960 2437.8
1402970 2432.8
1402980 2432.8
1402990 2428.5
1403000 2419.0
1403010 2411.0
1403020 2411.0
1403030 2404.5
1403040 2401.1
1403050 2401.1
1403060 2397.7
1403070 2401.1
1403080 2401.1
1403090 2398.0
1403100 2394.4
1403110 2394.4
1403120 2390.6
1403130 2387.3
1403140 2387.3
1403150 2384.4
1403160 2382.7
1403170 2382.7
1403180 2381.3
1403190 2380.2
1403200 2379.6
1403210 2379.6
1403220 2380.0
1403230 2380.8
1403240 2380.8
1403250 2381.9
1403260 2382.3
1403270 2382.3
1403280 2383.0
1403290 2384.6
1403300 2384.6
1403310 2386.0
1403320 2389.5
1403330 2389.5
1403340 2395.6
1403350 2404.3
1403360 2404.3
1403370 2412.4
1403380 2418.3
1403390 2418.3
1403400 2423.0
1403410 2425.2
1403420 2428.8
1403430 2428.8
1403440 2431.3
1403450 2429.5
1403460 2429.5
1403470 2426.1
1403480 2422.2
1403490 2422.2
1403500 2418.2
1403510 2414.4
1403520 2414.4
1403530 2410.0
1403540 2403.8
1403550 2403.8
1403560 2397.0
1403570 2391.1
1403580 2391.1
1403590 2385.1
1403600 2377.9
1403610 2372.2
1403620 2372.2
1403630 2366.8
1403640 2357.6
1403650 2357.6
1403660 2345.2
1403670 2335.1
1403680 2335.1
1403690 2325.6
1403700 2316.7
1403710 2316.7
1403720 2307.8
1403730 2298.4
1403740 2298.4
1403750 2289.1
1403760 2279.3
1403770 2279.3
1403780 2271.8
1403790 2266.6
1403800 2266.6
1403810 2261.5
1403820 2256.1
1403830 2249.8
1403840 2249.8
1403850 2243.6
1403860 2237.0
1403870 2237.0
1403880 2230.8
1403890 2225.0
1403900 2225.0
1403910 2219.2
1403920 2213.3
1403930 2213.3
1403940 2207.6
1403950 2201.9
1403960 2201.9
1403970 2196.0
1403980 2190.4
1403990 2190.4
1404000 2185.0
1404010 2179.3
1404020 2179.3
1404030 2173.5
1404040 2167.4
1404050 2161.1
1404060 2161.1
1404070 2154.7
1404080 2148.6
1404090 2148.6
1404100 2142.5
1404110 2137.1
1404120 2137.1
1404130 2132.1
1404140 2127.4
1404150 2127.4
1404160 2122.2
1404170 2116.5
1404180 2116.5
1404190 2111.0
1404200 2105.7
1404210 2105.7
1404220 2100.3
1404230 2095.3
1404240 2090.0
1404250 2090.0
1404260 2084.6
1404270 2079.9
1404280 2079.9
1404290 2074.7
1404300 2069.5
1404310 2069.5
1404320 2064.5
1404330 2059.3
1404340 2059.3
1404350 2054.1
1404360 2049.1
1404370 2049.1
1404380 2043.8
1404390 2038.9
1404400 2038.9
1404410 2034.0
1404420 2028.3
1404430 2028.3
1404440 2020.9
1404450 2016.2
1404460 2019.1
1404470 2019.1
1404480 2018.0
1404490 2015.8
1404500 2015.8
1404510 2014.2
1404520 2012.2
1404530 2012.2
1404540 2010.1
1404550 2007.5
1404560 2007.5
1404570 2005.0
1404580 2002.9
1404590 2002.9
1404600 2000.5
1404610 1998.2
1404620 1998.2
1404630 1995.7
1404640 1992.7
1404650 1994.9
1404660 1994.9
1404670 1991.0
1404680 1986.9
1404690 1986.9
1404700 1982.1
1404710 1977.9
1404720 1977.9
1404730 1973.5
1404740 1969.0
1404750 1969.0
1404760 1964.7
1404770 1960.0
1404780 1960.0
1404790 1954.9
1404800 1949.8
1404810 1949.8
1404820 1944.7
1404830 1939.4
1404840 1939.4
1404850 1934.9
1404860 1930.2
1404870 1925.7
1404880 1925.7
1404890 1920.9
1404900 1916.4
1404910 1916.4
1404920 1911.2
1404930 1905.8
1404940 1905.8
1404950 1900.8
1404960 1896.4
1404970 1896.4
1404980 1892.5
1404990 1887.5
1405000 1887.5
1405010 1881.8
1405020 1875.4
1405030 1875.4
1405040 1869.8
1405050 1864.6
1405060 1858.9
1405070 1858.9
1405080 1852.8
1405090 1846.3
1405100 1846.3
1405110 1840.2
1405120 1833.8
1405130 1833.8
1405140 1826.8
1405150 1819.4
1405160 1819.4
1405170 1812.0
1405180 1804.9
1405190 1804.9
1405200 1799.2
1405210 1793.3
1405220 1793.3
1405230 1786.9
1405240 1779.7
1405250 1779.7
1405260 1772.6
1405270 1765.8
1405280 1759.5
1405290 1759.5
1405300 1753.1
1405310 1746.4
1405320 1746.4
1405330 1739.4
1405340 1732.3
1405350 1732.3
1405360 1725.4
1405370 1718.4
1405380 1718.4
1405390 1711.5
1405400 1704.2
1405410 1704.2
1405420 1696.8
1405430 1690.6
1405440 1690.6
1405450 1685.0
1405460 1679.3
1405470 1679.3
1405480 1673.9
1405490 1669.0
1405500 1662.8
1405510 1662.8
1405520 1656.9
1405530 1651.2
1405540 1651.2
1405550 1645.3
1405560 1638.5
1405570 1638.5
1405580 1631.7
1405590 1628.6
1405600 1628.6
1405610 1622.2
1405620 1615.6
1405630 1615.6
1405640 1609.2
1405650 1602.9
1405660 1602.9
1405670 1597.9
1405680 1593.3
1405690 1588.4
1405700 1588.4
1405710 1583.0
1405720 1577.6
1405730 1577.6
1405740 1572.4
1405750 1568.0
1405760 1568.0
1405770 1563.0
1405780 1557.8
1405790 1557.8
1405800 1552.8
1405810 1548.8
1405820 1548.8
1405830 1545.5
1405840 1541.2
1405850 1541.2
1405860 1535.8
1405870 1529.8
1405880 1529.8
1405890 1523.8
1405900 1517.6
1405910 1512.2
1405920 1512.2
1405930 1508.7
1405940 1504.0
1405950 1504.0
1405960 1498.2
1405970 1495.9
1405980 1495.9
1405990 1494.6
1406000 1493.1
1406010 1493.1
1406020 1491.3
1406030 1489.8
1406040 1489.8
1406050 1488.1
1406060 1486.7
1406070 1486.7
1406080 1485.2
1406090 1484.3
1406100 1483.0
1406110 1483.0
1406120 1481.2
1406130 1479.7
1406140 1479.7
1406150 1478.9
1406160 1478.0
1406170 1478.0
1406180 1478.0
1406190 1478.0
1406200 1478.0
1406210 1477.8
1406220 1477.4
1406230 1477.4
1406240 1477.3
1406250 1476.4
1406260 1476.4
1406270 1477.1
1406280 1478.4
1406290 1478.4
1406300 1479.1
1406310 1479.9
1406320 1481.6
1406330 1481.6
1406340 1483.5
1406350 1483.8
1406360 1483.8
1406370 1483.8
1406380 1483.9
1406390 1483.9
1406400 1485.0
1406410 1487.4
1406420 1487.4
1406430 1490.0
1406440 1492.0
1406450 1492.0
1406460 1492.2
1406470 1494.5
1406480 1494.5
1406490 1495.5
1406500 1495.6
1406510 1495.6
1406520 1496.6
1406530 1497.0
1406540 1497.7
1406550 1497.7
1406560 1498.8
1406570 1499.9
1406580 1499.9
1406590 1500.9
1406600 1501.4
1406610 1501.4
1406620 1501.8
1406630 1501.9
1406640 1501.9
1406650 1501.6
1406660 1501.1
1406670 1501.1
1406680 1501.1
1406690 1500.8
1406700 1500.8
1406710 1500.8
1406720 1500.8
1406730 1501.4
1406740 1501.4
1406750 1500.8
1406760 1500.2
1406770 1500.2
1406780 1500.0
1406790 1500.1
1406800 1500.1
1406810 1500.5
1406820 1501.6
1406830 1501.6
1406840 1501.3
1406850 1500.2
1406860 1500.2
1406870 1500.5
1406880 1501.3
1406890 1501.3
1406900 1502.2
1406910 1504.1
1406920 1504.1
1406930 1504.9
1406940 1504.5
1406950 1504.5
1406960 1504.5
1406970 1504.1
1406980 1504.0
1406990 1504.0
1407000 1505.6
1407010 1506.8
1407020 1506.8
1407030 1508.9
1407040 1510.9
1407050 1510.9
1407060 1512.5
1407070 1514.0
1407080 1514.0
1407090 1515.7
1407100 1518.0
1407110 1518.0
1407120 1520.4
1407130 1522.8
1407140 1525.2
1407150 1525.2
1407160 1527.6
1407170 1529.7
1407180 1529.7
1407190 1532.1
1407200 1534.5
1407210 1534.5
1407220 1536.1
1407230 1537.5
1407240 1537.5
1407250 1539.2
1407260 1541.5
1407270 1541.5
1407280 1543.5
1407290 1545.0
1407300 1545.0
1407310 1546.7
1407320 1548.3
1407330 1548.3
1407340 1550.0
1407350 1551.3
1407360 1552.2
1407370 1552.2
1407380 1554.6
1407390 1560.5
1407400 1560.5
1407410 1565.9
1407420 1570.9
1407430 1570.9
1407440 1576.4
1407450 1582.3
1407460 1582.3
1407470 1587.3
1407480 1591.6
1407490 1591.6
1407500 1595.9
1407510 1601.3
1407520 1601.3
1407530 1607.7
1407540 1614.3
1407550 1614.3
1407560 1621.6
1407570 1630.1
1407580 1638.2
1407590 1638.2
1407600 1646.5
1407610 1653.6
1407620 1653.6
1407630 1659.4
1407640 1665.0
1407650 1665.0
1407660 1669.1
1407670 1671.7
1407680 1671.7
1407690 1675.5
1407700 1681.1
1407710 1681.1
1407720 1684.9
1407730 1686.0
1407740 1686.0
1407750 1687.9
1407760 1689.9
1407770 1691.3
1407780 1691.3
1407790 1693.5
1407800 1696.4
1407810 1696.4
1407820 1699.7
1407830 1702.3
1407840 1702.3
1407850 1704.5
1407860 1708.0
1407870 1708.0
1407880 1708.6
1407890 1714.0
1407900 1714.0
1407910 1718.6
1407920 1720.0
1407930 1720.0
1407940 1720.9
1407950 1722.6
1407960 1722.6
1407970 1723.7
1407980 1726.1
1407990 1727.9
1408000 1727.9
1408010 1727.8
1408020 1726.7
1408030 1726.7
1408040 1726.5
1408050 1725.4
1408060 1725.4
1408070 1724.5
1408080 1724.2
1408090 1724.2
1408100 1722.1
1408110 1719.2
1408120 1719.2
1408130 1718.5
1408140 1719.3
1408150 1719.3
1408160 1719.3
1408170 1720.6
1408180 1724.7
1408190 1724.7
1408200 1729.6
1408210 1731.3
1408220 1731.3
1408230 1732.8
1408240 1734.8
1408250 1734.8
1408260 1739.1
1408270 1743.2
1408280 1743.2
1408290 1744.0
1408300 1740.7
1408310 1740.7
1408320 1737.0
1408330 1732.9
1408340 1732.9
1408350 1728.3
1408360 1725.1
1408370 1725.1
1408380 1723.4
1408390 1723.0
1408400 1721.1
1408410 1721.1
1408420 1720.6
1408430 1724.2
1408440 1724.2
1408450 1727.9
1408460 1728.9
1408470 1728.9
1408480 1728.0
1408490 1728.4
1408500 1728.4
1408510 1729.9
1408520 1732.9
1408530 1732.9
1408540 1737.3
1408550 1741.2
1408560 1741.2
1408570 1743.7
1408580 1743.7
1408590 1743.7
1408600 1742.9
1408610 1743.3
1408620 1738.2
1408630 1738.2
1408640 1731.7
1408650 1729.1
1408660 1729.1
1408670 1730.4
1408680 1732.7
1408690 1732.7
1408700 1737.5
1408710 1745.1
1408720 1745.1
1408730 1752.1
1408740 1758.7
1408750 1758.7
1408760 1765.0
1408770 1770.2
1408780 1770.2
1408790 1773.6
1408800 1774.9
1408810 1778.2
1408820 1778.2
1408830 1782.4
1408840 1787.0
1408850 1787.0
1408860 1790.9
1408870 1794.7
1408880 1794.7
1408890 1799.2
1408900 1804.5
1408910 1804.5
1408920 1811.5
1408930 1818.4
1408940 1818.4
1408950 1824.8
1408960 1831.4
1408970 1831.4
1408980 1838.7
1408990 1844.8
1409000 1844.8
1409010 1851.1
1409020 1857.6
1409030 1863.2
1409040 1863.2
1409050 1868.7
1409060 1874.4
1409070 1874.4
1409080 1880.8
1409090 1887.7
1409100 1887.7
1409110 1895.4
1409120 1901.7
1409130 1901.7
1409140 1906.4
1409150 1910.6
1409160 1910.6
1409170 1915.3
1409180 1919.6
1409190 1919.6
1409200 1923.0
1409210 1926.2
1409220 1930.4
1409230 1930.4
1409240 1935.7
1409250 1941.4
1409260 1941.4
1409270 1947.5
1409280 1954.4
1409290 1954.4
1409300 1959.3
1409310 1961.8
1409320 1961.8
1409330 1965.6
1409340 1969.2
1409350 1969.2
1409360 1972.6
1409370 1978.0
1409380 1978.0
1409390 1983.9
1409400 1989.7
1409410 1989.7
1409420 1995.7
1409430 2002.1
1409440 2008.3
1409450 2008.3
1409460 2014.5
1409470 2020.9
1409480 2020.9
1409490 2026.7
1409500 2032.0
1409510 2032.0
1409520 2035.9
1409530 2040.0
1409540 2040.0
1409550 2046.3
1409560 2053.4
1409570 2053.4
1409580 2061.0
1409590 2068.5
1409600 2068.5
1409610 2078.5
1409620 2088.4
1409630 2099.1
1409640 2099.1
1409650 2110.6
1409660 2122.0
1409670 2122.0
1409680 2130.4
1409690 2136.4
1409700 2136.4
1409710 2141.7
1409720 2147.9
1409730 2147.9
1409740 2157.2
1409750 2162.5
1409760 2162.5
1409770 2165.6
1409780 2171.3
1409790 2171.3
1409800 2167.0
1409810 2170.6
1409820 2170.6
1409830 2177.3
1409840 2185.3
1409850 2193.8
1409860 2193.8
1409870 2203.7
1409880 2213.2
1409890 2213.2
1409900 2220.5
1409910 2226.8
1409920 2226.8
1409930 2231.9
1409940 2236.5
1409950 2236.5
1409960 2241.9
1409970 2248.1
1409980 2248.1
1409990 2254.8
1410000 2259.9
1410010 2259.9
1410020 2263.7
1410030 2266.8
1410040 2266.8
1410050 2269.3
1410060 2271.2
1410070 2272.0
1410080 2272.0
1410090 2272.3
1410100 2273.6
1410110 2273.6
1410120 2274.2
1410130 2274.2
1410140 2274.2
1410150 2274.6
1410160 2275.5
1410170 2275.5
1410180 2276.3
1410190 2277.0
1410200 2277.0
1410210 2277.5
1410220 2277.9
1410230 2277.9
1410240 2277.6
1410250 2278.1
1410260 2279.2
1410270 2279.2
1410280 2280.4
1410290 2281.1
1410300 2281.1
1410310 2281.4
1410320 2281.5
1410330 2281.5
1410340 2281.7
1410350 2281.8
1410360 2281.8
1410370 2282.3
1410380 2282.8
1410390 2282.8
1410400 2283.3
1410410 2283.3
1410420 2283.3
1410430 2283.2
1410440 2282.7
1410450 2282.7
1410460 2281.7
1410470 2280.9
1410480 2280.7
1410490 2280.7
1410500 2280.5
1410510 2280.6
1410520 2280.6
1410530 2280.8
1410540 2280.9
1410550 2280.9
1410560 2280.3
1410570 2279.4
1410580 2279.4
1410590 2278.5
1410600 2277.0
1410610 2277.0
1410620 2275.8
1410630 2275.3
1410640 2275.3
1410650 2275.3
1410660 2275.5
1410670 2276.5
1410680 2276.5
1410690 2277.4
1410700 2277.5
1410710 2277.5
1410720 2276.1
1410730 2273.5
1410740 2273.5
1410750 2273.2
1410760 2276.0
1410770 2276.0
1410780 2277.9
1410790 2279.6
1410800 2279.6
1410810 2280.4
1410820 2280.5
1410830 2280.5
1410840 2280.7
1410850 2281.2
1410860 2281.2
1410870 2282.2
1410880 2283.5
1410890 2285.6
1410900 2285.6
1410910 2287.3
1410920 2288.5
1410930 2288.5
1410940 2289.0
1410950 2289.6
1410960 2289.6
1410970 2290.0
1410980 2290.1
1410990 2290.1
1411000 2289.4
1411010 2287.5
1411020 2287.5
1411030 2286.8
1411040 2286.5
1411050 2286.5
1411060 2285.6
1411070 2283.7
1411080 2283.7
1411090 2280.8
1411100 2278.6
1411110 2275.7
1411120 2275.7
1411130 2271.0
1411140 2267.0
1411150 2267.0
1411160 2264.5
1411170 2262.4
1411180 2262.4
1411190 2260.6
1411200 2258.5
1411210 2258.5
1411220 2257.1
1411230 2255.5
1411240 2255.5
1411250 2253.0
1411260 2245.8
1411270 2245.8
1411280 2243.3
1411290 2240.2
1411300 2236.5
1411310 2236.5
1411320 2234.1
1411330 2233.0
1411340 2233.0
1411350 2232.4
1411360 2231.4
1411370 2231.4
1411380 2229.7
1411390 2228.5
1411400 2228.5
1411410 2226.6
1411420 2223.4
1411430 2223.4
1411440 2221.4
1411450 2220.5
1411460 2220.5
1411470 2218.5
1411480 2215.8
1411490 2215.8
1411500 2213.0
1411510 2210.4
1411520 2208.7
1411530 2208.7
1411540 2207.3
1411550 2206.0
1411560 2206.0
1411570 2204.5
1411580 2204.3
1411590 2204.3
1411600 2203.8
1411610 2202.1
1411620 2202.1
1411630 2200.5
1411640 2199.6
1411650 2199.6
1411660 2198.0
1411670 2196.2
1411680 2196.2
1411690 2192.9
1411700 2188.3
1411710 2184.4
1411720 2184.4
1411730 2181.0
1411740 2178.6
1411750 2178.6
1411760 2176.3
1411770 2173.1
1411780 2173.1
1411790 2171.4
1411800 2170.1
1411810 2170.1
1411820 2167.1
1411830 2162.1
1411840 2162.1
1411850 2152.0
1411860 2141.3
1411870 2141.3
1411880 2130.4
1411890 2120.0
1411900 2120.0
1411910 2111.6
1411920 2103.4
1411930 2096.2
1411940 2096.2
1411950 2089.1
1411960 2082.3
1411970 2082.3
1411980 2076.9
1411990 2071.7
1412000 2071.7
1412010 2066.2
1412020 2059.9
1412030 2059.9
1412040 2053.5
1412050 2047.7
1412060 2047.7
1412070 2042.4
1412080 2035.7
1412090 2035.7
1412100 2028.7
1412110 2021.8
1412120 2021.8
1412130 2015.0
1412140 2008.3
1412150 2001.4
1412160 2001.4
1412170 1994.5
1412180 1988.3
1412190 1988.3
1412200 1982.4
1412210 1976.1
1412220 1976.1
1412230 1970.3
1412240 1965.8
1412250 1965.8
1412260 1961.9
1412270 1958.0
1412280 1958.0
1412290 1954.8
1412300 1951.2
1412310 1951.2
1412320 1947.3
1412330 1943.1
1412340 1938.4
1412350 1938.4
1412360 1933.7
1412370 1928.5
1412380 1928.5
1412390 1923.2
1412400 1918.9
1412410 1918.9
1412420 1917.0
1412430 1917.0
1412440 1917.0
1412450 1916.8
1412460 1916.4
1412470 1916.4
1412480 1916.1
1412490 1917.1
1412500 1917.1
1412510 1919.0
1412520 1920.6
1412530 1920.6
1412540 1921.0
1412550 1921.9
1412560 1923.7
1412570 1923.7
1412580 1926.3
1412590 1929.4
1412600 1929.4
1412610 1934.0
1412620 1937.2
1412630 1937.2
1412640 1939.6
1412650 1942.6
1412660 1942.6
1412670 1946.2
1412680 1950.2
1412690 1950.2
1412700 1953.6
1412710 1957.1
1412720 1957.1
1412730 1962.4
1412740 1968.6
1412750 1974.5
1412760 1974.5
1412770 1979.2
1412780 1982.6
1412790 1982.6
1412800 1984.9
1412810 1988.1
1412820 1988.1
1412830 1993.9
1412840 2000.0
1412850 2000.0
1412860 2005.7
1412870 2010.7
1412880 2010.7
1412890 2015.3
1412900 2019.6
1412910 2019.6
1412920 2024.3
1412930 2029.0
1412940 2029.0
1412950 2034.1
1412960 2039.2
1412970 2044.1
1412980 2044.1
1412990 2049.2
1413000 2055.1
1413010 2055.1
1413020 2060.0
1413030 2065.6
1413040 2065.6
1413050 2071.3
1413060 2077.3
1413070 2077.3
1413080 2082.9
1413090 2087.6
1413100 2087.6
1413110 2091.2
1413120 2095.0
1413130 2095.0
1413140 2099.1
1413150 2102.2
1413160 2102.2
1413170 2106.2
1413180 2110.5
1413190 2113.1
1413200 2113.1
1413210 2114.4
1413220 2117.4
1413230 2117.4
1413240 2121.8
1413250 2125.3
1413260 2125.3
1413270 2128.3
1413280 2131.8
1413290 2131.8
1413300 2134.8
1413310 2138.2
1413320 2138.2
1413330 2140.3
1413340 2141.5
1413350 2141.5
1413360 2143.9
1413370 2147.5
1413380 2152.8
1413390 2152.8
1413400 2158.1
1413410 2161.3
1413420 2161.3
1413430 2164.5
1413440 2167.5
1413450 2167.5
1413460 2170.7
1413470 2174.6
1413480 2174.6
1413490 2177.6
1413500 2180.3
1413510 2180.3
1413520 2182.3
1413530 2185.8
1413540 2185.8
1413550 2190.1
1413560 2196.3
1413570 2196.3
1413580 2203.5
1413590 2213.7
1413600 2222.5
1413610 2222.5
1413620 2228.5
1413630 2235.1
1413640 2235.1
1413650 2241.9
1413660 2248.3
1413670 2248.3
1413680 2252.9
1413690 2254.8
1413700 2254.8
1413710 2256.0
1413720 2257.5
1413730 2257.5
1413740 2259.2
1413750 2260.5
1413760 2260.5
1413770 2261.2
1413780 2262.4
1413790 2263.9
1413800 2263.9
1413810 2266.0
1413820 2267.1
1413830 2267.1
1413840 2267.6
1413850 2267.9
1413860 2267.9
1413870 2268.7
1413880 2269.6
1413890 2269.6
1413900 2270.0
1413910 2269.7
1413920 2269.7
1413930 2269.6
1413940 2269.9
1413950 2269.9
1413960 2269.8
1413970 2269.6
1413980 2269.6
1413990 2269.7
1414000 2273.7
1414010 2278.2
1414020 2278.2
1414030 2282.1
1414040 2285.4
1414050 2285.4
1414060 2289.3
1414070 2293.3
1414080 2293.3
1414090 2297.7
1414100 2301.5
1414110 2301.5
1414120 2305.3
1414130 2309.4
1414140 2309.4
1414150 2313.5
1414160 2318.3
1414170 2318.3
1414180 2323.0
1414190 2327.1
1414200 2332.1
1414210 2332.1
1414220 2336.7
1414230 2341.1
1414240 2341.1
1414250 2345.2
1414260 2349.5
1414270 2349.5
1414280 2353.6
1414290 2357.9
1414300 2357.9
1414310 2362.3
1414320 2366.9
1414330 2366.9
1414340 2371.6
1414350 2376.7
1414360 2376.7
1414370 2381.9
1414380 2386.6
1414390 2386.6
1414400 2392.1
1414410 2398.4
1414420 2404.4
1414430 2404.4
1414440 2410.1
1414450 2415.4
1414460 2415.4
1414470 2420.7
1414480 2426.2
1414490 2426.2
1414500 2431.9
1414510 2437.9
1414520 2437.9
1414530 2444.8
1414540 2451.7
1414550 2451.7
1414560 2458.4
1414570 2465.2
1414580 2465.2
1414590 2471.9
1414600 2480.2
1414610 2480.2
1414620 2489.3
1414630 2499.5
1414640 2507.6
1414650 2507.6
1414660 2515.4
1414670 2524.8
1414680 2524.8
1414690 2531.0
1414700 2536.8
1414710 2536.8
1414720 2543.0
1414730 2547.9
1414740 2547.9
1414750 2555.8
1414760 2561.4
1414770 2561.4
1414780 2568.6
1414790 2582.7
1414800 2582.7
1414810 2591.2
1414820 2592.2
1414830 2594.9
1414840 2594.9
1414850 2598.4
1414860 2601.8
1414870 2601.8
1414880 2605.8
1414890 2610.8
1414900 2610.8
1414910 2616.0
1414920 2621.3
1414930 2621.3
1414940 2626.5
1414950 2631.0
1414960 2631.0
1414970 2636.1
1414980 2642.3
1414990 2642.3
1415000 2647.6
1415010 2651.6
1415020 2651.6
1415030 2655.9
1415040 2662.6
1415050 2672.6
1415060 2672.6
1415070 2682.3
1415080 2690.1
1415090 2690.1
1415100 2698.6
1415110 2703.0
1415120 2703.0
1415130 2703.9
1415140 2708.8
1415150 2708.8
1415160 2714.9
1415170 2717.4
1415180 2717.4
1415190 2719.5
1415200 2722.0
1415210 2722.0
1415220 2724.5
1415230 2725.3
1415240 2726.0
1415250 2726.0
1415260 2727.8
1415270 2731.8
1415280 2731.8
1415290 2733.7
1415300 2734.1
1415310 2734.1
1415320 2733.6
1415330 2733.8
1415340 2733.8
1415350 2731.8
1415360 2727.7
1415370 2727.7
1415380 2724.5
1415390 2721.7
1415400 2721.7
1415410 2719.8
1415420 2717.6
1415430 2717.6
1415440 2715.7
1415450 2715.0
1415460 2713.8
1415470 2713.8
1415480 2712.0
1415490 2711.4
1415500 2711.4
1415510 2711.5
1415520 2711.9
1415530 2711.9
1415540 2711.5
1415550 2710.2
1415560 2710.2
1415570 2708.9
1415580 2707.9
1415590 2707.9
1415600 2707.0
1415610 2707.4
1415620 2707.4
1415630 2708.6
1415640 2709.3
1415650 2709.3
1415660 2709.8
1415670 2710.7
1415680 2711.2
1415690 2711.2
1415700 2710.7
1415710 2709.8
1415720 2709.8
1415730 2709.0
1415740 2708.1
1415750 2708.1
1415760 2706.7
1415770 2704.7
1415780 2704.7
1415790 2700.1
1415800 2695.2
1415810 2695.2
1415820 2691.4
1415830 2690.3
1415840 2690.3
1415850 2690.1
1415860 2690.7
1415870 2692.1
1415880 2692.1
1415890 2693.2
1415900 2693.4
1415910 2693.4
1415920 2693.2
1415930 2692.6
1415940 2692.6
1415950 2692.0
1415960 2692.1
1415970 2692.1
1415980 2692.8
1415990 2693.0
1416000 2693.0
1416010 2692.3
1416020 2691.3
1416030 2691.3
1416040 2690.0
1416050 2688.5
1416060 2688.5
1416070 2686.0
1416080 2683.3
1416090 2681.7
1416100 2681.7
1416110 2680.3
1416120 2679.3
1416130 2679.3
1416140 2677.6
1416150 2675.5
1416160 2675.5
1416170 2672.4
1416180 2669.1
1416190 2669.1
1416200 2665.9
1416210 2661.9
1416220 2661.9
1416230 2657.8
1416240 2654.2
1416250 2654.2
1416260 2650.1
1416270 2645.8
1416280 2641.4
1416290 2641.4
1416300 2637.4
1416310 2629.7
1416320 2629.7
1416330 2614.1
1416340 2601.8
1416350 2601.8
1416360 2592.2
1416370 2585.2
1416380 2585.2
1416390 2580.4
1416400 2576.3
1416410 2576.3
1416420 2572.4
1416430 2569.0
1416440 2569.0
1416450 2566.6
1416460 2563.9
1416470 2563.9
1416480 2560.6
1416490 2558.0
1416500 2556.3
1416510 2556.3
1416520 2554.3
1416530 2551.8
1416540 2551.8
1416550 2549.7
1416560 2547.8
1416570 2547.8
1416580 2546.3
1416590 2544.2
1416600 2544.2
1416610 2541.9
1416620 2540.4
1416630 2539.3
1416640 2537.5
1416650 2535.1
1416660 2535.1
1416670 2532.9
1416680 2530.6
1416690 2530.6
1416700 2527.8
1416710 2524.3
1416720 2519.9
1416730 2519.9
1416740 2516.4
1416750 2512.9
1416760 2512.9
1416770 2509.1
1416780 2505.7
1416790 2505.7
1416800 2503.1
1416810 2500.1
1416820 2500.1
1416830 2497.6
1416840 2494.8
1416850 2494.8
1416860 2492.0
1416870 2489.1
1416880 2489.1
1416890 2485.9
1416900 2482.1
1416910 2478.1
1416920 2478.1
1416930 2474.9
1416940 2472.1
1416950 2472.1
1416960 2469.4
1416970 2466.6
1416980 2466.6
1416990 2463.5
1417000 2459.9
1417010 2459.9
1417020 2456.2
1417030 2452.8
1417040 2452.8
1417050 2449.3
1417060 2446.4
1417070 2446.4
1417080 2443.1
1417090 2439.9
1417100 2439.9
1417110 2436.9
1417120 2434.4
1417130 2432.2
1417140 2432.2
1417150 2430.2
1417160 2427.3
1417170 2427.3
1417180 2424.7
1417190 2422.5
1417200 2422.5
1417210 2419.9
1417220 2418.0
1417230 2418.0
1417240 2415.6
1417250 2413.8
1417260 2413.8
1417270 2412.2
1417280 2411.1
1417290 2411.1
1417300 2409.6
1417310 2408.8
1417320 2408.6
1417330 2408.6
1417340 2408.2
1417350 2407.9
1417360 2407.9
1417370 2407.5
1417380 2407.1
1417390 2407.1
1417400 2406.8
1417410 2406.2
1417420 2406.2
1417430 2406.1
1417440 2406.0
1417450 2406.0
1417460 2405.6
1417470 2405.0
1417480 2405.0
1417490 2404.6
1417500 2404.1
1417510 2404.1
1417520 2403.0
1417530 2401.7
1417540 2403.1
1417550 2403.1
1417560 2405.0
1417570 2406.1
1417580 2406.1
1417590 2406.6
1417600 2408.1
1417610 2408.1
1417620 2409.6
1417630 2411.7
1417640 2411.7
1417650 2413.6
1417660 2414.9
1417670 2414.9
1417680 2416.9
1417690 2419.7
1417700 2419.7
1417710 2422.2
1417720 2424.5
1417730 2426.8
1417740 2426.8
1417750 2429.4
1417760 2430.3
1417770 2430.3
1417780 2430.3
1417790 2431.6
1417800 2431.6
1417810 2433.8
1417820 2435.5
1417830 2435.5
1417840 2436.6
1417850 2438.2
1417860 2438.2
1417870 2440.9
1417880 2447.0
1417890 2447.0
1417900 2456.8
1417910 2464.1
1417920 2464.1
1417930 2471.6
1417940 2479.5
1417950 2486.2
1417960 2486.2
1417970 2488.0
1417980 2488.7
1417990 2488.7
1418000 2489.4
1418010 2489.9
1418020 2489.9
1418030 2489.1
1418040 2489.4
1418050 2489.4
1418060 2493.2
1418070 2496.2
1418080 2496.2
1418090 2499.3
1418100 2502.1
1418110 2502.1
1418120 2505.7
1418130 2510.1
1418140 2510.1
1418150 2514.3
1418160 2518.2
1418170 2521.7
1418180 2521.7
1418190 2525.4
1418200 2528.3
1418210 2528.3
1418220 2532.2
1418230 2535.8
1418240 2535.8
1418250 2539.2
1418260 2542.6
1418270 2542.6
1418280 2545.7
1418290 2548.9
1418300 2548.9
1418310 2551.0
1418320 2551.3
1418330 2551.3
1418340 2553.4
1418350 2558.3
1418360 2560.8
1418370 2560.8
1418380 2563.3
1418390 2568.9
1418400 2568.9
1418410 2576.7
1418420 2584.2
1418430 2584.2
1418440 2590.9
1418450 2597.4
1418460 2597.4
1418470 2603.5
1418480 2610.1
1418490 2610.1
1418500 2614.9
1418510 2618.5
1418520 2625.3
1418530 2628.6
1418540 2633.6
1418550 2633.6
1418560 2640.3
1418570 2646.5
1418580 2652.0
1418590 2652.0
1418600 2658.5
1418610 2665.1
1418620 2665.1
1418630 2671.1
1418640 2677.4
1418650 2677.4
1418660 2683.5
1418670 2687.4
1418680 2687.4
1418690 2691.9
1418700 2698.2
1418710 2698.2
1418720 2702.6
1418730 2706.9
1418740 2706.9
1418750 2713.5
1418760 2722.3
1418770 2731.7
1418780 2731.7
1418790 2742.1
1418800 2751.0
1418810 2751.0
1418820 2759.1
1418830 2765.9
1418840 2765.9
1418850 2770.8
1418860 2778.9
1418870 2778.9
1418880 2788.0
1418890 2797.4
1418900 2797.4
1418910 2805.7
1418920 2812.2
1418930 2812.2
1418940 2818.3
1418950 2825.1
1418960 2825.1
1418970 2830.9
1418980 2835.4
1418990 2838.2
1419000 2838.2
1419010 2841.2
1419020 2843.5
1419030 2843.5
1419040 2845.0
1419050 2846.2
1419060 2846.2
1419070 2847.9
1419080 2849.6
1419090 2849.6
1419100 2854.5
1419110 2856.6
1419120 2856.6
1419130 2856.6
1419140 2860.6
1419150 2860.6
1419160 2861.6
1419170 2859.2
1419180 2859.2
1419190 2855.7
1419200 2851.8
1419210 2845.9
1419220 2845.9
1419230 2838.5
1419240 2831.4
1419250 2831.4
1419260 2825.0
1419270 2821.3
1419280 2821.3
1419290 2817.6
1419300 2812.2
1419310 2812.2
1419320 2805.3
1419330 2798.0
1419340 2798.0
1419350 2791.9
1419360 2785.9
1419370 2785.9
1419380 2780.1
1419390 2775.3
1419400 2770.5
1419410 2770.5
1419420 2765.6
1419430 2761.6
1419440 2761.6
1419450 2758.2
1419460 2756.2
1419470 2756.2
1419480 2749.9
1419490 2740.2
1419500 2740.2
1419510 2730.8
1419520 2717.7
1419530 2717.7
1419540 2702.4
1419550 2691.0
1419560 2691.0
1419570 2678.6
1419580 2670.0
1419590 2670.0
1419600 2659.3
1419610 2646.3
1419620 2639.5
1419630 2639.5
1419640 2633.1
1419650 2626.8
1419660 2626.8
1419670 2620.8
1419680 2615.4
1419690 2615.4
1419700 2610.8
1419710 2607.1
1419720 2607.1
1419730 2603.8
1419740 2599.8
1419750 2599.8
1419760 2596.7
1419770 2593.8
1419780 2593.8
1419790 2591.3
1419800 2589.9
1419810 2588.8
1419820 2588.8
1419830 2586.3
1419840 2584.3
1419850 2584.3
1419860 2583.7
1419870 2584.4
1419880 2584.4
1419890 2587.0
1419900 2590.9
1419910 2590.9
1419920 2594.9
1419930 2597.5
1419940 2597.5
1419950 2599.3
1419960 2601.2
1419970 2601.2
1419980 2602.7
1419990 2603.3
