1400000 1975.2
1400010 1975.2
1400020 1978.1
1400030 1982.0
1400040 1982.0
1400050 1987.4
1400060 1990.2
1400070 1990.2
1400080 1994.7
1400090 1995.8
1400100 1995.8
1400110 1997.4
1400120 1995.3
1400130 1993.8
1400140 1993.8
1400150 1991.8
1400160 1991.1
1400170 1991.1
1400180 1989.1
1400190 1986.5
1400200 1986.5
1400210 1983.2
1400220 1980.6
1400230 1980.6
1400240 1993.7
1400250 2016.6
1400260 2016.6
1400270 2021.9
1400280 2024.0
1400290 2024.0
1400300 2023.3
1400310 2023.0
1400320 2024.8
1400330 2024.8
1400340 2023.3
1400350 2020.3
1400360 2020.3
1400370 2015.5
1400380 2017.9
1400390 2017.9
1400400 2019.4
1400410 2017.8
1400420 2017.8
1400430 2015.4
1400440 2016.3
1400450 2016.3
1400460 2018.3
1400470 2025.5
1400480 2025.5
1400490 2033.6
1400500 2041.4
1400510 2041.4
1400520 2049.0
1400530 2056.9
1400540 2065.2
1400550 2065.2
1400560 2072.2
1400570 2078.6
1400580 2078.6
1400590 2084.2
1400600 2088.9
1400610 2088.9
1400620 2092.6
1400630 2095.5
1400640 2095.5
1400650 2098.0
1400660 2101.1
1400670 2101.1
1400680 2104.8
1400690 2108.3
1400700 2108.3
1400710 2111.0
1400720 2112.8
1400730 2116.8
1400740 2116.8
1400750 2122.4
1400760 2128.0
1400770 2128.0
1400780 2132.9
1400790 2140.7
1400800 2140.7
1400810 2154.0
1400820 2166.8
1400830 2166.8
1400840 2176.1
1400850 2185.6
1400860 2185.6
1400870 2197.6
1400880 2210.3
1400890 2210.3
1400900 2222.0
1400910 2232.9
1400920 2232.9
1400930 2237.0
1400940 2238.7
1400950 2241.1
1400960 2241.1
1400970 2245.0
1400980 2251.2
1400990 2251.2
1401000 2257.0
1401010 2263.6
1401020 2263.6
1401030 2272.2
1401040 2280.4
1401050 2280.4
1401060 2284.7
1401070 2286.6
1401080 2286.6
1401090 2287.6
1401100 2288.5
1401110 2288.5
1401120 2285.7
1401130 2280.3
1401140 2280.3
1401150 2279.2
1401160 2278.9
1401170 2275.5
1401180 2275.5
1401190 2269.6
1401200 2265.9
1401210 2265.9
1401220 2262.6
1401230 2258.8
1401240 2258.8
1401250 2252.7
1401260 2251.6
1401270 2251.6
1401280 2248.4
1401290 2243.9
1401300 2243.9
1401310 2239.9
1401320 2238.9
1401330 2238.9
1401340 2246.0
1401350 2252.0
1401360 2257.1
1401370 2257.1
1401380 2263.2
1401390 2269.6
1401400 2269.6
1401410 2276.2
1401420 2282.9
1401430 2282.9
1401440 2290.6
1401450 2299.3
1401460 2299.3
1401470 2309.0
1401480 2318.1
1401490 2318.1
1401500 2326.9
1401510 2336.9
1401520 2336.9
1401530 2347.0
1401540 2356.6
1401550 2356.6
1401560 2366.6
1401570 2377.1
1401580 2384.5
1401590 2384.5
1401600 2391.1
1401610 2397.8
1401620 2397.8
1401630 2404.4
1401640 2410.8
1401650 2410.8
1401660 2416.4
1401670 2421.6
1401680 2421.6
1401690 2427.2
1401700 2433.1
1401710 2433.1
1401720 2439.1
1401730 2444.5
1401740 2444.5
1401750 2449.1
1401760 2452.9
1401770 2452.9
1401780 2455.5
1401790 2458.2
1401800 2461.4
1401810 2461.4
1401820 2464.6
1401830 2468.7
1401840 2468.7
1401850 2473.0
1401860 2477.4
1401870 2477.4
1401880 2481.8
1401890 2486.3
1401900 2486.3
1401910 2491.1
1401920 2496.1
1401930 2496.1
1401940 2501.0
1401950 2506.0
1401960 2506.0
1401970 2511.5
1401980 2512.7
1401990 2518.6
1402000 2518.6
1402010 2524.6
1402020 2530.4
1402030 2530.4
1402040 2536.5
1402050 2542.5
1402060 2542.5
1402070 2548.8
1402080 2555.6
1402090 2555.6
1402100 2563.1
1402110 2571.8
1402120 2571.8
1402130 2580.7
1402140 2585.4
1402150 2585.4
1402160 2578.1
1402170 2567.1
1402180 2567.1
1402190 2556.1
1402200 2546.4
1402210 2537.7
1402220 2537.7
1402230 2529.6
1402240 2522.0
1402250 2522.0
1402260 2513.8
1402270 2506.2
1402280 2506.2
1402290 2500.1
1402300 2494.2
1402310 2494.2
1402320 2487.4
1402330 2480.2
1402340 2480.2
1402350 2474.4
1402360 2469.6
1402370 2469.6
1402380 2465.3
1402390 2460.6
1402400 2455.8
1402410 2455.8
1402420 2452.1
1402430 2451.2
1402440 2451.2
1402450 2448.3
1402460 2444.6
1402470 2444.6
1402480 2441.6
1402490 2439.5
1402500 2439.5
1402510 2437.2
1402520 2434.6
1402530 2434.6
1402540 2431.2
1402550 2429.2
1402560 2429.2
1402570 2426.1
1402580 2423.3
1402590 2423.3
1402600 2421.0
1402610 2417.3
1402620 2412.2
1402630 2412.2
1402640 2408.0
1402650 2405.1
1402660 2405.1
1402670 2402.2
1402680 2397.9
1402690 2397.9
1402700 2394.1
1402710 2391.7
1402720 2391.7
1402730 2389.9
1402740 2386.7
1402750 2386.7
1402760 2383.4
1402770 2380.3
1402780 2380.3
1402790 2377.4
1402800 2374.4
1402810 2374.4
1402820 2371.7
1402830 2368.4
1402840 2364.5
1402850 2364.5
1402860 2359.9
1402870 2354.3
1402880 2354.3
1402890 2348.3
1402900 2342.7
1402910 2342.7
1402920 2337.4
1402930 2332.0
1402940 2332.0
1402950 2326.7
1402960 2322.0
1402970 2322.0
1402980 2317.9
1402990 2313.6
1403000 2313.6
1403010 2310.1
1403020 2306.2
1403030 2301.5
1403040 2301.5
1403050 2296.8
1403060 2292.3
1403070 2292.3
1403080 2287.4
1403090 2282.2
1403100 2282.2
1403110 2277.3
1403120 2273.4
1403130 2273.4
1403140 2269.9
1403150 2265.3
1403160 2265.3
1403170 2260.7
1403180 2256.4
1403190 2256.4
1403200 2252.6
1403210 2248.7
1403220 2248.7
1403230 2244.7
1403240 2240.4
1403250 2235.5
1403260 2235.5
1403270 2229.8
1403280 2223.7
1403290 2223.7
1403300 2217.7
1403310 2212.6
1403320 2212.6
1403330 2207.9
1403340 2203.6
1403350 2203.6
1403360 2199.6
1403370 2195.0
1403380 2195.0
1403390 2190.3
1403400 2186.3
1403410 2186.3
1403420 2181.6
1403430 2177.4
1403440 2177.4
1403450 2172.4
1403460 2167.9
1403470 2164.9
1403480 2164.9
1403490 2161.1
1403500 2156.4
1403510 2156.4
1403520 2151.8
1403530 2149.0
1403540 2149.0
1403550 2143.7
1403560 2138.7
1403570 2138.7
1403580 2135.2
1403590 2131.6
1403600 2131.6
1403610 2127.9
1403620 2124.5
1403630 2124.5
1403640 2120.4
1403650 2117.2
1403660 2114.8
1403670 2114.8
1403680 2113.6
1403690 2114.0
1403700 2114.0
1403710 2113.4
1403720 2111.9
1403730 2111.9
1403740 2111.9
1403750 2112.5
1403760 2112.5
1403770 2110.5
1403780 2108.5
1403790 2108.5
1403800 2107.1
1403810 2106.4
1403820 2106.4
1403830 2104.7
1403840 2101.2
1403850 2101.2
1403860 2096.4
1403870 2092.4
1403880 2090.8
1403890 2090.8
1403900 2088.9
1403910 2086.7
1403920 2086.7
1403930 2084.1
1403940 2080.9
1403950 2080.9
1403960 2077.4
1403970 2072.9
1403980 2072.9
1403990 2065.9
1404000 2057.6
1404010 2057.6
1404020 2050.0
1404030 2043.5
1404040 2043.5
1404050 2038.7
1404060 2033.8
1404070 2029.2
1404080 2029.2
1404090 2026.6
1404100 2024.9
1404110 2024.9
1404120 2024.2
1404130 2023.4
1404140 2023.4
1404150 2023.4
1404160 2023.5
1404170 2023.5
1404180 2021.0
1404190 2015.3
1404200 2015.3
1404210 2009.1
1404220 2001.8
1404230 2001.8
1404240 1991.4
1404250 1979.3
1404260 1979.3
1404270 1969.3
1404280 1960.7
1404290 1954.1
1404300 1954.1
1404310 1949.2
1404320 1944.8
1404330 1944.8
1404340 1940.5
1404350 1935.5
1404360 1935.5
1404370 1930.3
1404380 1925.6
1404390 1925.6
1404400 1920.4
1404410 1915.7
1404420 1915.7
1404430 1913.9
1404440 1912.9
1404450 1912.9
1404460 1910.4
1404470 1906.6
1404480 1906.6
1404490 1905.7
1404500 1903.6
1404510 1901.2
1404520 1901.2
1404530 1901.3
1404540 1900.7
1404550 1900.7
1404560 1899.1
1404570 1897.6
1404580 1897.6
1404590 1895.6
1404600 1893.8
1404610 1893.8
1404620 1893.3
1404630 1892.7
1404640 1892.7
1404650 1891.8
1404660 1890.9
1404670 1890.9
1404680 1889.7
1404690 1884.8
1404700 1877.6
1404710 1877.6
1404720 1874.0
1404730 1873.3
1404740 1873.3
1404750 1872.2
1404760 1870.2
1404770 1870.2
1404780 1865.4
1404790 1859.9
1404800 1859.9
1404810 1855.9
1404820 1853.1
1404830 1853.1
1404840 1850.0
1404850 1847.6
1404860 1847.6
1404870 1845.1
1404880 1842.4
1404890 1842.4
1404900 1837.7
1404910 1832.6
1404920 1828.5
1404930 1828.5
1404940 1824.0
1404950 1819.5
1404960 1819.5
1404970 1816.1
1404980 1813.5
1404990 1813.5
1405000 1810.8
1405010 1807.8
1405020 1807.8
1405030 1803.6
1405040 1799.0
1405050 1799.0
1405060 1794.7
1405070 1791.3
1405080 1791.3
1405090 1790.2
1405100 1789.8
1405110 1787.1
1405120 1785.8
1405130 1781.5
1405140 1776.9
1405150 1776.9
1405160 1772.7
1405170 1768.5
1405180 1768.5
1405190 1762.9
1405200 1758.4
1405210 1758.4
1405220 1754.3
1405230 1750.2
1405240 1750.2
1405250 1745.4
1405260 1739.6
1405270 1739.6
1405280 1732.3
1405290 1725.3
1405300 1725.3
1405310 1719.3
1405320 1715.0
1405330 1711.2
1405340 1711.2
1405350 1704.2
1405360 1687.7
1405370 1687.7
1405380 1668.2
1405390 1655.4
1405400 1655.4
1405410 1656.6
1405420 1664.5
1405430 1664.5
1405440 1668.6
1405450 1664.9
1405460 1664.9
1405470 1657.7
1405480 1645.8
1405490 1645.8
1405500 1631.0
1405510 1614.6
1405520 1614.6
1405530 1595.5
1405540 1579.6
1405550 1564.0
1405560 1564.0
1405570 1550.0
1405580 1538.5
1405590 1538.5
1405600 1526.4
1405610 1513.0
1405620 1513.0
1405630 1503.4
1405640 1500.0
1405650 1500.0
1405660 1498.9
1405670 1500.4
1405680 1500.4
1405690 1501.9
1405700 1502.6
1405710 1502.6
1405720 1502.8
1405730 1501.8
1405740 1500.4
1405750 1500.4
1405760 1499.8
1405770 1499.9
1405780 1499.9
1405790 1500.1
1405800 1499.9
1405810 1499.9
1405820 1500.0
1405830 1500.2
1405840 1500.2
1405850 1501.1
1405860 1503.2
1405870 1503.2
1405880 1507.1
1405890 1512.5
1405900 1512.5
1405910 1518.4
1405920 1523.7
1405930 1523.7
1405940 1532.8
1405950 1549.4
1405960 1567.1
1405970 1567.1
1405980 1575.0
1405990 1581.1
1406000 1581.1
1406010 1587.0
1406020 1592.4
1406030 1592.4
1406040 1597.5
1406050 1601.1
1406060 1601.1
1406070 1601.9
1406080 1602.6
1406090 1602.6
1406100 1601.8
1406110 1598.3
1406120 1598.3
1406130 1593.5
1406140 1581.8
1406150 1581.8
1406160 1570.1
1406170 1562.3
1406180 1554.5
1406190 1554.5
1406200 1547.0
1406210 1542.3
1406220 1542.3
1406230 1539.2
1406240 1532.9
1406250 1532.9
1406260 1527.7
1406270 1524.9
1406280 1524.9
1406290 1522.0
1406300 1519.2
1406310 1519.2
1406320 1517.1
1406330 1515.3
1406340 1515.3
1406350 1512.1
1406360 1504.9
1406370 1501.6
1406380 1501.6
1406390 1503.5
1406400 1505.7
1406410 1505.7
1406420 1511.8
1406430 1515.6
1406440 1515.6
1406450 1520.4
1406460 1528.2
1406470 1528.2
1406480 1532.7
1406490 1535.7
1406500 1535.7
1406510 1538.4
1406520 1542.1
1406530 1542.1
1406540 1547.3
1406550 1555.0
1406560 1555.0
1406570 1562.4
1406580 1567.9
1406590 1575.1
1406600 1575.1
1406610 1581.2
1406620 1587.4
1406630 1587.4
1406640 1594.1
1406650 1599.9
1406660 1599.9
1406670 1605.2
1406680 1610.4
1406690 1610.4
1406700 1615.4
1406710 1619.5
1406720 1615.6
1406730 1620.6
1406740 1626.0
1406750 1626.0
1406760 1631.4
1406770 1635.8
1406780 1635.8
1406790 1640.2
1406800 1645.9
1406810 1652.2
1406820 1652.2
1406830 1657.9
1406840 1662.9
1406850 1662.9
1406860 1668.7
1406870 1676.0
1406880 1676.0
1406890 1683.9
1406900 1691.8
1406910 1691.8
1406920 1701.7
1406930 1709.6
1406940 1709.6
1406950 1713.9
1406960 1719.9
1406970 1719.9
1406980 1727.0
1406990 1734.5
1407000 1746.4
1407010 1746.4
1407020 1762.6
1407030 1775.7
1407040 1775.7
1407050 1783.3
1407060 1791.6
1407070 1791.6
1407080 1801.0
1407090 1809.9
1407100 1809.9
1407110 1820.2
1407120 1828.9
1407130 1828.9
1407140 1835.6
1407150 1842.2
1407160 1842.2
1407170 1848.8
1407180 1855.3
1407190 1855.3
1407200 1862.2
1407210 1870.3
1407220 1878.4
1407230 1878.4
1407240 1885.1
1407250 1888.8
1407260 1888.8
1407270 1892.3
1407280 1896.3
1407290 1896.3
1407300 1901.3
1407310 1907.2
1407320 1907.2
1407330 1914.8
1407340 1922.9
1407350 1922.9
1407360 1929.1
1407370 1934.8
1407380 1934.8
1407390 1940.7
1407400 1946.6
1407410 1952.4
1407420 1952.4
1407430 1957.7
1407440 1962.9
1407450 1962.9
1407460 1968.4
1407470 1974.5
1407480 1974.5
1407490 1980.6
1407500 1986.0
1407510 1986.0
1407520 1991.2
1407530 1996.0
1407540 1996.0
1407550 2001.6
1407560 2007.6
1407570 2007.6
1407580 2013.1
1407590 2016.9
1407600 2016.9
1407610 2021.6
1407620 2027.2
1407630 2033.4
1407640 2033.4
1407650 2042.3
1407660 2051.1
1407670 2051.1
1407680 2057.9
1407690 2063.6
1407700 2063.6
1407710 2068.1
1407720 2073.8
1407730 2073.8
1407740 2083.8
1407750 2091.0
1407760 2091.0
1407770 2091.3
1407780 2094.3
1407790 2094.3
1407800 2100.7
1407810 2109.4
1407820 2109.4
1407830 2120.4
1407840 2126.3
1407850 2129.9
1407860 2129.9
1407870 2133.6
1407880 2137.4
1407890 2137.4
1407900 2138.6
1407910 2134.8
1407920 2134.8
1407930 2134.1
1407940 2135.6
1407950 2135.6
1407960 2134.0
1407970 2130.3
1407980 2130.3
1407990 2128.3
1408000 2131.3
1408010 2131.3
1408020 2136.3
1408030 2136.7
1408040 2134.5
1408050 2134.5
1408060 2132.6
1408070 2131.4
1408080 2131.4
1408090 2130.2
1408100 2128.7
1408110 2128.7
1408120 2127.6
1408130 2126.2
1408140 2126.2
1408150 2124.4
1408160 2123.2
1408170 2123.2
1408180 2123.7
1408190 2125.4
1408200 2125.4
1408210 2126.3
1408220 2127.5
1408230 2127.5
1408240 2129.0
1408250 2128.9
1408260 2126.1
1408270 2126.1
1408280 2123.3
1408290 2121.8
1408300 2121.8
1408310 2121.1
1408320 2120.4
1408330 2120.4
1408340 2119.5
1408350 2119.0
1408360 2114.7
1408370 2114.6
1408380 2114.6
1408390 2114.6
1408400 2115.3
1408410 2116.1
1408420 2116.1
1408430 2117.4
1408440 2118.2
1408450 2118.2
1408460 2118.5
1408470 2119.9
1408480 2121.6
1408490 2121.6
1408500 2123.5
1408510 2123.3
1408520 2123.3
1408530 2121.0
1408540 2119.4
1408550 2119.4
1408560 2119.2
1408570 2119.4
1408580 2119.4
1408590 2120.6
1408600 2122.5
1408610 2122.5
1408620 2126.8
1408630 2132.1
1408640 2132.1
1408650 2136.9
1408660 2140.9
1408670 2144.0
1408680 2144.0
1408690 2146.2
1408700 2148.3
1408710 2148.3
1408720 2149.7
1408730 2151.8
1408740 2151.8
1408750 2152.3
1408760 2151.9
1408770 2151.9
1408780 2151.2
1408790 2147.4
1408800 2147.4
1408810 2142.9
1408820 2138.2
1408830 2138.2
1408840 2133.9
1408850 2130.1
1408860 2130.1
1408870 2127.0
1408880 2124.4
1408890 2122.6
1408900 2122.6
1408910 2121.2
1408920 2118.8
1408930 2118.8
1408940 2116.2
1408950 2115.7
1408960 2115.7
1408970 2115.2
1408980 2114.0
1408990 2114.0
1409000 2112.8
1409010 2112.5
1409020 2112.5
1409030 2112.7
1409040 2113.0
1409050 2113.0
1409060 2112.9
1409070 2109.5
1409080 2106.4
1409090 2106.4
1409100 2106.4
1409110 2106.1
1409120 2106.1
1409130 2105.1
1409140 2103.3
1409150 2103.3
1409160 2100.9
1409170 2099.1
1409180 2099.1
1409190 2098.3
1409200 2097.3
1409210 2097.3
1409220 2098.7
1409230 2102.1
1409240 2102.1
1409250 2104.5
1409260 2106.8
1409270 2106.8
1409280 2107.4
1409290 2106.9
1409300 2112.1
1409310 2112.1
1409320 2117.6
1409330 2122.2
1409340 2122.2
1409350 2126.5
1409360 2126.9
1409370 2126.9
1409380 2130.4
1409390 2134.9
1409400 2134.9
1409410 2138.3
1409420 2138.2
1409430 2138.2
1409440 2140.5
1409450 2144.4
1409460 2144.4
1409470 2148.6
1409480 2153.1
1409490 2153.1
1409500 2155.4
1409510 2157.5
1409520 2160.2
1409530 2160.2
1409540 2161.8
1409550 2162.0
1409560 2162.0
1409570 2162.5
1409580 2162.1
1409590 2162.1
1409600 2162.0
1409610 2161.8
1409620 2161.8
1409630 2163.8
1409640 2165.5
1409650 2165.5
1409660 2166.7
1409670 2166.9
1409680 2166.9
1409690 2168.3
1409700 2171.7
1409710 2174.2
1409720 2174.2
1409730 2176.7
1409740 2179.5
1409750 2179.5
1409760 2182.4
1409770 2184.3
1409780 2184.3
1409790 2184.9
1409800 2187.0
1409810 2187.0
1409820 2190.8
1409830 2194.9
1409840 2194.9
1409850 2197.7
1409860 2200.4
1409870 2200.4
1409880 2204.0
1409890 2208.0
1409900 2208.0
1409910 2211.0
1409920 2213.4
1409930 2212.8
1409940 2212.8
1409950 2210.9
1409960 2210.7
1409970 2210.7
1409980 2215.7
1409990 2223.3
1410000 2223.3
1410010 2229.6
1410020 2235.5
1410030 2235.5
1410040 2241.1
1410050 2249.5
1410060 2249.5
1410070 2259.7
1410080 2270.2
1410090 2270.2
1410100 2278.4
1410110 2285.6
1410120 2285.6
1410130 2292.5
1410140 2299.1
1410150 2305.5
1410160 2305.5
1410170 2315.5
1410180 2332.7
1410190 2332.7
1410200 2347.9
1410210 2362.3
1410220 2362.3
1410230 2379.0
1410240 2387.8
1410250 2387.8
1410260 2397.1
1410270 2402.7
1410280 2402.7
1410290 2404.9
1410300 2407.5
1410310 2407.5
1410320 2410.7
1410330 2411.3
1410340 2413.6
1410350 2413.6
1410360 2417.8
1410370 2421.8
1410380 2421.8
1410390 2426.5
1410400 2432.1
1410410 2432.1
1410420 2437.5
1410430 2440.8
1410440 2440.8
1410450 2442.5
1410460 2443.9
1410470 2443.9
1410480 2444.5
1410490 2446.3
1410500 2446.3
1410510 2449.1
1410520 2450.4
1410530 2450.4
1410540 2451.2
1410550 2452.4
1410560 2455.6
1410570 2455.6
1410580 2459.9
1410590 2464.8
1410600 2464.8
1410610 2467.5
1410620 2469.8
1410630 2469.8
1410640 2473.8
1410650 2479.0
1410660 2479.0
1410670 2482.3
1410680 2482.9
1410690 2482.9
1410700 2483.8
1410710 2484.0
1410720 2484.0
1410730 2484.2
1410740 2483.9
1410750 2483.5
1410760 2483.5
1410770 2483.0
1410780 2482.6
1410790 2482.6
1410800 2481.8
1410810 2481.6
1410820 2481.6
1410830 2482.3
1410840 2482.5
1410850 2482.5
1410860 2483.1
1410870 2483.8
1410880 2483.8
1410890 2484.3
1410900 2485.5
1410910 2485.5
1410920 2487.1
1410930 2488.2
1410940 2488.2
1410950 2489.2
1410960 2489.7
1410970 2490.5
1410980 2490.5
1410990 2492.1
1411000 2493.3
1411010 2493.3
1411020 2494.5
1411030 2496.3
1411040 2496.3
1411050 2498.3
1411060 2499.8
1411070 2499.8
1411080 2501.3
1411090 2502.8
1411100 2502.8
1411110 2504.2
1411120 2505.5
1411130 2505.5
1411140 2507.5
1411150 2509.4
1411160 2509.4
1411170 2511.9
1411180 2514.4
1411190 2516.4
1411200 2516.4
1411210 2517.9
1411220 2519.8
1411230 2519.8
1411240 2521.5
1411250 2523.2
1411260 2523.2
1411270 2524.9
1411280 2527.2
1411290 2527.2
1411300 2530.0
1411310 2533.1
1411320 2533.1
1411330 2536.7
1411340 2540.2
1411350 2540.2
1411360 2543.0
1411370 2540.1
1411380 2531.0
1411390 2531.0
1411400 2523.8
1411410 2516.8
1411420 2516.8
1411430 2509.1
1411440 2498.6
1411450 2498.6
1411460 2487.9
1411470 2474.6
1411480 2474.6
1411490 2461.7
1411500 2451.0
1411510 2451.0
1411520 2440.7
1411530 2431.1
1411540 2431.1
1411550 2422.7
1411560 2414.8
1411570 2414.8
1411580 2406.5
1411590 2398.2
1411600 2390.0
1411610 2390.0
1411620 2383.1
1411630 2377.0
1411640 2377.0
1411650 2370.3
1411660 2364.1
1411670 2364.1
1411680 2357.1
1411690 2349.9
1411700 2349.9
1411710 2343.3
1411720 2337.8
1411730 2337.8
1411740 2334.6
1411750 2331.2
1411760 2345.9
1411770 2342.4
1411780 2338.7
1411790 2338.7
1411800 2332.0
1411810 2323.2
1411820 2320.4
1411830 2320.4
1411840 2325.1
1411850 2329.8
1411860 2329.8
1411870 2328.1
1411880 2325.9
1411890 2325.9
1411900 2325.5
1411910 2324.4
1411920 2324.4
1411930 2318.4
1411940 2302.6
1411950 2302.6
1411960 2290.9
1411970 2280.5
1411980 2280.5
1411990 2267.4
1412000 2261.6
1412010 2261.5
1412020 2261.5
1412030 2245.0
1412040 2217.6
1412050 2217.6
1412060 2189.9
1412070 2154.6
1412080 2154.6
1412090 2137.9
1412100 2131.1
1412110 2131.1
1412120 2120.4
1412130 2111.1
1412140 2111.1
1412150 2104.9
1412160 2097.4
1412170 2097.4
1412180 2090.5
1412190 2084.4
1412200 2084.4
1412210 2078.3
1412220 2071.9
1412230 2066.1
1412240 2066.1
1412250 2059.6
1412260 2052.8
1412270 2052.8
1412280 2045.4
1412290 2040.2
1412300 2040.2
1412310 2037.5
1412320 2034.3
1412330 2034.3
1412340 2030.7
1412350 2027.5
1412360 2027.5
1412370 2023.9
1412380 2020.5
1412390 2020.5
1412400 2017.2
1412410 2014.1
1412420 2011.9
1412430 2011.9
1412440 2010.5
1412450 2009.8
1412460 2009.8
1412470 2009.1
1412480 2007.9
1412490 2007.9
1412500 2005.6
1412510 2004.4
1412520 2004.4
1412530 2004.2
1412540 2002.7
1412550 2002.7
1412560 1999.8
1412570 1997.6
1412580 1997.6
1412590 1995.5
1412600 1993.5
1412610 1993.5
1412620 1991.6
1412630 1989.5
1412640 1986.7
1412650 1986.7
1412660 1985.6
1412670 1990.4
1412680 1990.4
1412690 1995.7
1412700 2001.5
1412710 2001.5
1412720 2007.1
1412730 2012.5
1412740 2012.5
1412750 2017.9
1412760 2023.7
1412770 2023.7
1412780 2030.4
1412790 2037.2
1412800 2037.2
1412810 2044.0
1412820 2049.7
1412830 2049.7
1412840 2054.5
1412850 2059.7
1412860 2067.0
1412870 2067.0
1412880 2074.4
1412890 2080.1
1412900 2080.1
1412910 2090.2
1412920 2103.2
1412930 2103.2
1412940 2116.0
1412950 2125.3
1412960 2125.3
1412970 2132.2
1412980 2143.4
1412990 2143.4
1413000 2164.5
1413010 2181.7
1413020 2181.7
1413030 2196.0
1413040 2211.9
1413050 2227.1
1413060 2227.1
1413070 2234.7
1413080 2245.9
1413090 2245.9
1413100 2252.8
1413110 2260.0
1413120 2260.0
1413130 2268.8
1413140 2278.1
1413150 2278.1
1413160 2288.1
1413170 2298.1
1413180 2298.1
1413190 2307.3
1413200 2316.5
1413210 2316.5
1413220 2324.3
1413230 2331.9
1413240 2331.9
1413250 2338.9
1413260 2346.9
1413270 2355.3
1413280 2355.3
1413290 2362.2
1413300 2370.1
1413310 2370.1
1413320 2379.1
1413330 2384.8
1413340 2384.8
1413350 2390.0
1413360 2397.2
1413370 2397.2
1413380 2405.1
1413390 2415.5
1413400 2415.5
1413410 2421.8
1413420 2423.3
1413430 2423.3
1413440 2426.0
1413450 2428.2
1413460 2429.7
1413470 2429.7
1413480 2431.8
1413490 2430.9
1413500 2430.9
1413510 2425.9
1413520 2416.4
1413530 2416.4
1413540 2415.8
1413550 2414.5
1413560 2414.5
1413570 2413.8
1413580 2414.9
1413590 2414.9
1413600 2415.7
1413610 2415.4
1413620 2415.4
1413630 2413.2
1413640 2413.1
1413650 2413.1
1413660 2419.7
1413670 2426.0
1413680 2429.4
1413690 2429.4
1413700 2431.3
1413710 2430.3
1413720 2430.3
1413730 2427.7
1413740 2425.1
1413750 2425.1
1413760 2424.9
1413770 2424.6
1413780 2424.6
1413790 2424.1
1413800 2425.2
1413810 2425.2
1413820 2425.4
1413830 2423.4
1413840 2423.4
1413850 2423.1
1413860 2424.8
1413870 2424.8
1413880 2427.2
1413890 2428.2
1413900 2431.5
1413910 2431.5
1413920 2436.3
1413930 2445.2
1413940 2445.2
1413950 2455.0
1413960 2463.1
1413970 2463.1
1413980 2472.6
1413990 2486.6
1414000 2486.6
1414010 2497.5
1414020 2506.6
1414030 2506.6
1414040 2510.4
1414050 2512.6
1414060 2512.6
1414070 2513.1
1414080 2512.6
1414090 2512.0
1414100 2512.0
1414110 2510.2
1414120 2508.1
1414130 2508.1
1414140 2505.9
1414150 2503.9
1414160 2503.9
1414170 2502.0
1414180 2500.0
1414190 2500.0
1414200 2497.9
1414210 2493.6
1414220 2493.6
1414230 2486.9
1414240 2480.3
1414250 2480.3
1414260 2475.4
1414270 2471.0
1414280 2471.0
1414290 2468.1
1414300 2467.1
1414310 2466.5
1414320 2466.5
1414330 2465.6
1414340 2465.0
1414350 2465.0
1414360 2465.0
1414370 2467.1
1414380 2467.1
1414390 2468.2
1414400 2469.4
1414410 2469.4
1414420 2470.4
1414430 2469.8
1414440 2469.8
1414450 2467.7
1414460 2468.9
1414470 2468.9
1414480 2470.1
1414490 2470.5
1414500 2470.5
1414510 2470.5
1414520 2470.8
1414530 2472.5
1414540 2472.5
1414550 2473.8
1414560 2474.2
1414570 2474.2
1414580 2474.3
1414590 2474.3
1414600 2474.3
1414610 2473.9
1414620 2472.1
1414630 2472.1
1414640 2470.9
1414650 2474.3
1414660 2474.3
1414670 2477.2
1414680 2479.8
1414690 2479.8
1414700 2482.3
1414710 2484.8
1414720 2487.5
1414730 2487.5
1414740 2489.7
1414750 2491.3
1414760 2491.3
1414770 2493.0
1414780 2495.1
1414790 2495.1
1414800 2497.3
1414810 2499.5
1414820 2499.5
1414830 2502.8
1414840 2506.1
1414850 2506.1
1414860 2508.6
1414870 2511.2
1414880 2511.2
1414890 2514.0
1414900 2516.5
1414910 2516.5
1414920 2519.9
1414930 2522.9
1414940 2526.3
1414950 2526.3
1414960 2529.4
1414970 2532.2
1414980 2532.2
1414990 2534.8
1415000 2537.7
1415010 2537.7
1415020 2541.3
1415030 2545.3
1415040 2545.3
1415050 2549.7
1415060 2554.4
1415070 2554.4
1415080 2559.5
1415090 2564.6
1415100 2564.6
1415110 2569.5
1415120 2574.8
1415130 2581.1
1415140 2581.1
1415150 2589.3
1415160 2596.3
1415170 2596.3
1415180 2601.2
1415190 2605.7
1415200 2605.7
1415210 2611.9
1415220 2618.2
1415230 2618.2
1415240 2624.5
1415250 2630.3
1415260 2630.3
1415270 2636.3
1415280 2643.0
1415290 2643.0
1415300 2649.9
1415310 2656.4
1415320 2659.7
1415330 2666.2
1415340 2673.1
1415350 2681.0
1415360 2681.0
1415370 2689.0
1415380 2696.6
1415390 2696.6
1415400 2704.5
1415410 2715.4
1415420 2715.4
1415430 2728.4
1415440 2741.6
1415450 2741.6
1415460 2751.2
1415470 2758.7
1415480 2758.7
1415490 2768.5
1415500 2780.3
1415510 2780.3
1415520 2787.1
1415530 2786.5
1415540 2786.5
1415550 2784.5
1415560 2782.9
1415570 2782.6
1415580 2782.6
1415590 2781.6
1415600 2781.0
1415610 2781.0
1415620 2780.4
1415630 2780.3
1415640 2780.3
1415650 2780.3
1415660 2780.2
1415670 2780.2
1415680 2780.0
1415690 2780.7
1415700 2780.7
1415710 2781.3
1415720 2780.5
1415730 2780.5
1415740 2778.1
1415750 2774.9
1415760 2771.3
1415770 2771.3
1415780 2767.3
1415790 2762.2
1415800 2762.2
1415810 2758.0
1415820 2755.5
1415830 2755.5
1415840 2753.0
1415850 2750.6
1415860 2750.6
1415870 2749.2
1415880 2748.0
1415890 2748.0
1415900 2747.0
1415910 2745.9
1415920 2745.9
1415930 2744.3
1415940 2742.8
1415950 2742.8
1415960 2741.9
1415970 2740.6
1415980 2739.2
1415990 2739.2
1416000 2738.0
1416010 2736.5
1416020 2736.5
1416030 2734.5
1416040 2732.2
1416050 2732.2
1416060 2730.2
1416070 2728.1
1416080 2728.1
1416090 2725.1
1416100 2721.6
1416110 2721.6
1416120 2717.5
1416130 2713.0
1416140 2713.0
1416150 2708.0
1416160 2703.7
1416170 2703.7
1416180 2700.7
1416190 2698.8
1416200 2697.6
1416210 2697.6
1416220 2696.5
1416230 2695.6
1416240 2695.6
1416250 2694.5
1416260 2693.6
1416270 2693.6
1416280 2693.0
1416290 2692.6
1416300 2692.6
1416310 2691.9
1416320 2690.8
1416330 2690.8
1416340 2689.7
1416350 2688.6
1416360 2688.6
1416370 2687.8
1416380 2687.3
1416390 2686.8
1416400 2686.8
1416410 2686.7
1416420 2686.3
1416430 2686.3
1416440 2685.7
1416450 2685.0
1416460 2685.0
1416470 2684.3
1416480 2683.1
1416490 2683.1
1416500 2681.0
1416510 2679.1
1416520 2679.1
1416530 2676.7
1416540 2674.4
1416550 2674.4
1416560 2672.2
1416570 2670.3
1416580 2670.3
1416590 2668.2
1416600 2666.5
1416610 2664.8
1416620 2664.8
1416630 2662.6
1416640 2659.5
1416650 2659.5
1416660 2656.7
1416670 2654.7
1416680 2654.7
1416690 2653.3
1416700 2651.9
1416710 2651.9
1416720 2650.8
1416730 2649.3
1416740 2649.3
1416750 2647.2
1416760 2644.9
1416770 2644.9
1416780 2642.8
1416790 2640.0
1416800 2637.0
1416810 2637.0
1416820 2634.8
1416830 2632.7
1416840 2632.7
1416850 2631.2
1416860 2631.2
1416870 2631.2
1416880 2631.5
1416890 2632.7
1416900 2632.7
1416910 2634.0
1416920 2635.4
1416930 2635.4
1416940 2637.6
1416950 2638.3
1416960 2638.3
1416970 2636.4
1416980 2633.6
1416990 2633.6
1417000 2630.9
1417010 2629.9
1417020 2628.7
1417030 2628.7
1417040 2628.7
1417050 2628.3
1417060 2628.3
1417070 2628.7
1417080 2628.5
1417090 2628.5
1417100 2627.0
1417110 2625.6
1417120 2625.6
1417130 2624.6
1417140 2622.2
1417150 2622.2
1417160 2618.4
1417170 2615.7
1417180 2611.8
1417190 2609.8
1417200 2608.3
1417210 2608.3
1417220 2607.3
1417230 2606.2
1417240 2602.7
1417250 2602.7
1417260 2598.7
1417270 2596.3
1417280 2596.3
1417290 2593.6
1417300 2590.0
1417310 2590.0
1417320 2587.6
1417330 2584.9
1417340 2584.9
1417350 2580.4
1417360 2575.4
1417370 2575.4
1417380 2568.1
1417390 2558.1
1417400 2558.1
1417410 2551.9
1417420 2547.4
1417430 2542.7
1417440 2542.7
1417450 2539.6
1417460 2537.2
1417470 2537.2
1417480 2535.2
1417490 2533.1
1417500 2533.1
1417510 2530.2
1417520 2528.1
1417530 2528.1
1417540 2525.7
1417550 2521.2
1417560 2521.2
1417570 2515.6
1417580 2509.8
1417590 2509.8
1417600 2504.1
1417610 2499.3
1417620 2499.3
1417630 2494.9
1417640 2490.1
1417650 2484.5
1417660 2484.5
1417670 2480.4
1417680 2477.3
1417690 2477.3
1417700 2474.5
1417710 2471.8
1417720 2471.8
1417730 2469.6
1417740 2467.0
1417750 2467.0
1417760 2464.8
1417770 2463.7
1417780 2463.7
1417790 2460.7
1417800 2456.8
1417810 2456.8
1417820 2453.2
1417830 2449.8
1417840 2443.1
1417850 2443.1
1417860 2437.8
1417870 2434.8
1417880 2434.8
1417890 2430.4
1417900 2424.5
1417910 2424.5
1417920 2419.3
1417930 2414.8
1417940 2414.8
1417950 2408.9
1417960 2402.6
1417970 2402.6
1417980 2395.2
1417990 2387.7
1418000 2387.7
1418010 2382.0
1418020 2376.8
1418030 2376.8
1418040 2371.1
1418050 2364.5
1418060 2357.5
1418070 2357.5
1418080 2351.4
1418090 2345.2
1418100 2345.2
1418110 2339.3
1418120 2334.8
1418130 2334.8
1418140 2334.0
1418150 2334.1
1418160 2334.1
1418170 2335.3
1418180 2337.1
1418190 2337.1
1418200 2338.9
1418210 2340.5
1418220 2340.5
1418230 2341.7
1418240 2344.6
1418250 2344.6
1418260 2349.4
1418270 2352.5
1418280 2355.8
1418290 2355.8
1418300 2360.3
1418310 2364.8
1418320 2364.8
1418330 2369.0
1418340 2371.5
1418350 2371.5
1418360 2374.1
1418370 2375.3
1418380 2375.3
1418390 2374.9
1418400 2374.8
1418410 2374.8
1418420 2374.4
1418430 2375.1
1418440 2375.1
1418450 2377.1
1418460 2378.2
1418470 2380.5
1418480 2380.5
1418490 2383.2
1418500 2387.1
1418510 2387.1
1418520 2391.7
1418530 2396.3
1418540 2396.3
1418550 2401.5
1418560 2406.0
1418570 2406.0
1418580 2410.9
1418590 2415.4
1418600 2415.4
1418610 2422.7
1418620 2432.0
1418630 2432.0
1418640 2437.4
1418650 2441.2
1418660 2441.2
1418670 2443.6
1418680 2445.2
1418690 2445.9
1418700 2445.9
1418710 2445.4
1418720 2445.9
1418730 2445.9
1418740 2447.4
1418750 2449.0
1418760 2449.0
1418770 2451.1
1418780 2453.5
1418790 2453.5
1418800 2456.0
1418810 2459.2
1418820 2459.2
1418830 2461.9
1418840 2464.7
1418850 2464.7
1418860 2468.3
1418870 2472.8
1418880 2472.8
1418890 2476.8
1418900 2480.7
1418910 2485.6
1418920 2485.6
1418930 2490.8
1418940 2497.3
1418950 2497.3
1418960 2504.9
1418970 2511.2
1418980 2511.2
1418990 2517.9
1419000 2524.2
1419010 2524.2
1419020 2529.9
1419030 2535.7
1419040 2535.7
1419050 2541.8
1419060 2547.8
1419070 2547.8
1419080 2552.4
1419090 2555.5
1419100 2557.4
1419110 2557.4
1419120 2559.4
1419130 2563.0
1419140 2563.0
1419150 2566.9
1419160 2571.3
1419170 2571.3
1419180 2574.7
1419190 2577.9
1419200 2577.9
1419210 2582.3
1419220 2588.1
1419230 2588.1
1419240 2596.1
1419250 2604.4
1419260 2604.4
1419270 2610.6
1419280 2616.8
1419290 2616.8
1419300 2622.2
1419310 2628.0
1419320 2633.4
1419330 2633.4
1419340 2637.8
1419350 2639.7
1419360 2639.7
1419370 2641.0
1419380 2641.7
1419390 2641.7
1419400 2644.4
1419410 2648.6
1419420 2648.6
1419430 2652.8
1419440 2656.7
1419450 2656.7
1419460 2661.1
1419470 2665.4
1419480 2665.4
1419490 2670.4
1419500 2676.1
1419510 2682.0
1419520 2682.0
1419530 2687.3
1419540 2692.8
1419550 2692.8
1419560 2698.1
1419570 2705.9
1419580 2705.9
1419590 2716.1
1419600 2728.6
1419610 2728.6
1419620 2740.9
1419630 2751.6
1419640 2751.6
1419650 2761.0
1419660 2769.5
1419670 2769.5
1419680 2777.3
1419690 2784.0
1419700 2784.0
1419710 2788.7
1419720 2791.6
1419730 2795.8
1419740 2795.8
1419750 2803.4
1419760 2810.9
1419770 2810.9
1419780 2818.9
1419790 2826.9
1419800 2826.9
1419810 2834.3
1419820 2832.5
1419830 2832.5
1419840 2826.4
1419850 2822.7
1419860 2822.7
1419870 2816.0
1419880 2809.6
1419890 2809.6
1419900 2806.0
1419910 2801.7
1419920 2801.7
1419930 2795.8
1419940 2785.5
1419950 2768.1
1419960 2768.1
1419970 2754.8
1419980 2745.3
1419990 2745.3
