1400000 1976.8
1400010 1976.8
1400020 1978.8
1400030 1981.7
1400040 1981.7
1400050 1984.4
1400060 1986.6
1400070 1986.6
1400080 1984.8
1400090 1984.7
1400100 1984.7
1400110 1987.2
1400120 1986.8
1400130 1986.7
1400140 1986.7
1400150 1985.7
1400160 1985.2
1400170 1985.2
1400180 1983.2
1400190 1980.8
1400200 1980.8
1400210 1977.7
1400220 1974.7
1400230 1974.7
1400240 1982.1
1400250 2003.3
1400260 2003.3
1400270 2010.3
1400280 2013.8
1400290 2013.8
1400300 2014.1
1400310 2014.1
1400320 2015.2
1400330 2015.2
1400340 2011.5
1400350 2007.2
1400360 2007.2
1400370 2004.2
1400380 2006.5
1400390 2006.5
1400400 2007.4
1400410 2006.5
1400420 2006.5
1400430 2007.4
1400440 2011.8
1400450 2011.8
1400460 2018.3
1400470 2025.5
1400480 2025.5
1400490 2033.6
1400500 2041.4
1400510 2041.4
1400520 2049.0
1400530 2056.9
1400540 2065.2
1400550 2065.2
1400560 2072.2
1400570 2078.6
1400580 2078.6
1400590 2084.2
1400600 2088.9
1400610 2088.9
1400620 2092.6
1400630 2095.5
1400640 2095.5
1400650 2098.0
1400660 2101.1
1400670 2101.1
1400680 2104.8
1400690 2108.3
1400700 2108.3
1400710 2111.0
1400720 2112.8
1400730 2112.8
1400740 2116.8
1400750 2122.4
1400760 2128.0
1400770 2128.0
1400780 2132.9
1400790 2140.7
1400800 2140.7
1400810 2154.0
1400820 2166.8
1400830 2166.8
1400840 2176.1
1400850 2185.6
1400860 2185.6
1400870 2197.6
1400880 2210.3
1400890 2210.3
1400900 2222.0
1400910 2232.9
1400920 2232.9
1400930 2237.0
1400940 2230.2
1400950 2234.3
1400960 2234.3
1400970 2240.6
1400980 2247.3
1400990 2247.3
1401000 2253.4
1401010 2260.9
1401020 2260.9
1401030 2269.8
1401040 2277.7
1401050 2277.7
1401060 2281.3
1401070 2282.8
1401080 2282.8
1401090 2284.0
1401100 2284.8
1401110 2284.8
1401120 2281.5
1401130 2278.0
1401140 2278.0
1401150 2275.7
1401160 2274.9
1401170 2270.7
1401180 2270.7
1401190 2263.1
1401200 2257.7
1401210 2257.7
1401220 2254.9
1401230 2251.6
1401240 2251.6
1401250 2245.4
1401260 2242.6
1401270 2242.6
1401280 2240.4
1401290 2235.8
1401300 2235.8
1401310 2232.2
1401320 2232.4
1401330 2232.4
1401340 2241.0
1401350 2246.7
1401360 2252.9
1401370 2252.9
1401380 2259.5
1401390 2267.0
1401400 2267.0
1401410 2273.7
1401420 2281.1
1401430 2281.1
1401440 2292.1
1401450 2302.5
1401460 2302.5
1401470 2312.5
1401480 2322.1
1401490 2322.1
1401500 2334.6
1401510 2345.4
1401520 2345.4
1401530 2354.2
1401540 2362.9
1401550 2362.9
1401560 2370.6
1401570 2377.2
1401580 2383.1
1401590 2383.1
1401600 2389.2
1401610 2395.2
1401620 2395.2
1401630 2401.3
1401640 2407.0
1401650 2407.0
1401660 2412.4
1401670 2417.8
1401680 2417.8
1401690 2423.8
1401700 2429.2
1401710 2429.2
1401720 2434.9
1401730 2439.4
1401740 2439.4
1401750 2442.5
1401760 2444.9
1401770 2444.9
1401780 2447.7
1401790 2450.9
1401800 2454.5
1401810 2454.5
1401820 2458.7
1401830 2463.7
1401840 2463.7
1401850 2468.2
1401860 2472.5
1401870 2472.5
1401880 2476.8
1401890 2481.1
1401900 2481.1
1401910 2485.6
1401920 2490.5
1401930 2490.5
1401940 2496.0
1401950 2501.3
1401960 2501.3
1401970 2507.3
1401980 2512.7
1401990 2518.6
1402000 2518.6
1402010 2524.6
1402020 2530.4
1402030 2530.4
1402040 2536.5
1402050 2542.5
1402060 2542.5
1402070 2548.8
1402080 2555.6
1402090 2555.6
1402100 2563.1
1402110 2571.8
1402120 2571.8
1402130 2580.7
1402140 2585.4
1402150 2585.4
1402160 2578.1
1402170 2567.1
1402180 2567.1
1402190 2556.1
1402200 2546.4
1402210 2537.7
1402220 2537.7
1402230 2529.6
1402240 2522.0
1402250 2522.0
1402260 2513.8
1402270 2506.2
1402280 2506.2
1402290 2500.1
1402300 2494.2
1402310 2494.2
1402320 2487.4
1402330 2480.2
1402340 2480.2
1402350 2474.4
1402360 2469.6
1402370 2469.6
1402380 2465.3
1402390 2460.6
1402400 2460.6
1402410 2455.8
1402420 2452.1
1402430 2451.2
1402440 2451.2
1402450 2448.3
1402460 2444.6
1402470 2449.5
1402480 2446.6
1402490 2445.1
1402500 2445.1
1402510 2443.9
1402520 2442.1
1402530 2442.1
1402540 2437.7
1402550 2434.3
1402560 2434.3
1402570 2430.8
1402580 2428.0
1402590 2428.0
1402600 2425.1
1402610 2420.5
1402620 2416.3
1402630 2416.3
1402640 2412.4
1402650 2409.6
1402660 2409.6
1402670 2406.7
1402680 2401.9
1402690 2401.9
1402700 2397.6
1402710 2394.8
1402720 2394.8
1402730 2391.8
1402740 2389.5
1402750 2389.5
1402760 2385.8
1402770 2383.2
1402780 2383.2
1402790 2380.7
1402800 2377.9
1402810 2377.9
1402820 2375.7
1402830 2372.0
1402840 2367.1
1402850 2367.1
1402860 2361.2
1402870 2354.6
1402880 2354.6
1402890 2348.5
1402900 2342.8
1402910 2342.8
1402920 2337.8
1402930 2332.8
1402940 2332.8
1402950 2327.9
1402960 2324.2
1402970 2324.2
1402980 2320.7
1402990 2316.8
1403000 2316.8
1403010 2313.8
1403020 2311.2
1403030 2306.5
1403040 2306.5
1403050 2301.3
1403060 2296.3
1403070 2296.3
1403080 2291.4
1403090 2286.4
1403100 2286.4
1403110 2281.7
1403120 2277.4
1403130 2277.4
1403140 2273.2
1403150 2268.4
1403160 2268.4
1403170 2264.1
1403180 2259.6
1403190 2259.6
1403200 2255.8
1403210 2251.8
1403220 2251.8
1403230 2247.6
1403240 2243.8
1403250 2239.8
1403260 2239.8
1403270 2233.7
1403280 2227.3
1403290 2227.3
1403300 2221.4
1403310 2216.1
1403320 2216.1
1403330 2210.6
1403340 2205.5
1403350 2205.5
1403360 2201.2
1403370 2197.1
1403380 2197.1
1403390 2192.7
1403400 2188.3
1403410 2188.3
1403420 2183.7
1403430 2179.3
1403440 2179.3
1403450 2175.0
1403460 2170.8
1403470 2166.8
1403480 2166.8
1403490 2162.8
1403500 2158.1
1403510 2158.1
1403520 2153.6
1403530 2149.0
1403540 2149.0
1403550 2143.7
1403560 2138.7
1403570 2138.7
1403580 2135.2
1403590 2131.6
1403600 2131.6
1403610 2127.9
1403620 2124.5
1403630 2124.5
1403640 2120.4
1403650 2117.2
1403660 2114.8
1403670 2114.8
1403680 2113.6
1403690 2114.0
1403700 2114.0
1403710 2113.4
1403720 2111.9
1403730 2111.9
1403740 2111.9
1403750 2112.5
1403760 2112.5
1403770 2110.5
1403780 2108.5
1403790 2108.5
1403800 2107.1
1403810 2106.4
1403820 2106.4
1403830 2104.7
1403840 2101.2
1403850 2101.2
1403860 2096.4
1403870 2092.4
1403880 2090.8
1403890 2090.8
1403900 2088.9
1403910 2086.7
1403920 2086.7
1403930 2084.1
1403940 2080.9
1403950 2080.9
1403960 2077.4
1403970 2072.9
1403980 2072.9
1403990 2065.9
1404000 2057.6
1404010 2057.6
1404020 2050.0
1404030 2045.7
1404040 2045.7
1404050 2041.5
1404060 2038.5
1404070 2038.5
1404080 2036.0
1404090 2034.8
1404100 2033.2
1404110 2033.2
1404120 2032.8
1404130 2032.2
1404140 2032.2
1404150 2031.9
1404160 2029.5
1404170 2029.5
1404180 2024.4
1404190 2016.8
1404200 2016.8
1404210 2009.6
1404220 2002.6
1404230 2002.6
1404240 1994.7
1404250 1982.0
1404260 1982.0
1404270 1970.0
1404280 1961.4
1404290 1954.5
1404300 1954.5
1404310 1949.1
1404320 1945.1
1404330 1945.1
1404340 1941.1
1404350 1936.6
1404360 1936.6
1404370 1931.9
1404380 1927.0
1404390 1927.0
1404400 1922.1
1404410 1917.7
1404420 1917.7
1404430 1914.2
1404440 1910.2
1404450 1910.2
1404460 1906.0
1404470 1899.2
1404480 1899.2
1404490 1896.1
1404500 1893.9
1404510 1891.3
1404520 1891.3
1404530 1890.6
1404540 1890.1
1404550 1890.1
1404560 1889.0
1404570 1889.5
1404580 1889.5
1404590 1887.1
1404600 1884.9
1404610 1884.9
1404620 1884.1
1404630 1882.8
1404640 1882.8
1404650 1881.8
1404660 1880.5
1404670 1880.5
1404680 1879.5
1404690 1876.0
1404700 1870.0
1404710 1870.0
1404720 1865.6
1404730 1864.3
1404740 1864.3
1404750 1862.4
1404760 1861.8
1404770 1861.8
1404780 1861.4
1404790 1858.4
1404800 1858.4
1404810 1854.0
1404820 1850.4
1404830 1850.4
1404840 1847.6
1404850 1844.1
1404860 1844.1
1404870 1841.5
1404880 1839.3
1404890 1839.3
1404900 1835.7
1404910 1831.3
1404920 1826.6
1404930 1826.6
1404940 1821.6
1404950 1817.1
1404960 1817.1
1404970 1813.2
1404980 1810.1
1404990 1810.1
1405000 1808.4
1405010 1805.5
1405020 1805.5
1405030 1800.5
1405040 1795.3
1405050 1795.3
1405060 1792.0
1405070 1789.6
1405080 1789.6
1405090 1788.0
1405100 1787.1
1405110 1787.1
1405120 1785.8
1405130 1781.5
1405140 1776.9
1405150 1776.9
1405160 1772.7
1405170 1768.5
1405180 1768.5
1405190 1762.9
1405200 1758.4
1405210 1758.4
1405220 1754.3
1405230 1750.2
1405240 1750.2
1405250 1745.4
1405260 1739.6
1405270 1739.6
1405280 1732.3
1405290 1725.3
1405300 1725.3
1405310 1719.3
1405320 1715.0
1405330 1711.2
1405340 1711.2
1405350 1704.2
1405360 1687.7
1405370 1687.7
1405380 1668.2
1405390 1655.4
1405400 1655.4
1405410 1656.6
1405420 1664.5
1405430 1664.5
1405440 1668.6
1405450 1664.9
1405460 1664.9
1405470 1657.7
1405480 1645.8
1405490 1645.8
1405500 1631.0
1405510 1614.6
1405520 1614.6
1405530 1595.5
1405540 1579.6
1405550 1564.0
1405560 1564.0
1405570 1550.0
1405580 1538.5
1405590 1538.5
1405600 1526.4
1405610 1513.0
1405620 1521.8
1405630 1511.1
1405640 1504.8
1405650 1504.8
1405660 1500.1
1405670 1498.6
1405680 1498.6
1405690 1498.1
1405700 1498.0
1405710 1498.0
1405720 1497.8
1405730 1497.5
1405740 1497.5
1405750 1496.7
1405760 1496.2
1405770 1496.1
1405780 1496.1
1405790 1495.9
1405800 1495.6
1405810 1495.6
1405820 1495.3
1405830 1495.2
1405840 1495.2
1405850 1495.2
1405860 1495.3
1405870 1495.3
1405880 1496.4
1405890 1499.3
1405900 1499.3
1405910 1504.9
1405920 1510.9
1405930 1510.9
1405940 1518.1
1405950 1535.0
1405960 1556.3
1405970 1556.3
1405980 1566.7
1405990 1575.5
1406000 1575.5
1406010 1582.5
1406020 1588.4
1406030 1588.4
1406040 1593.5
1406050 1597.4
1406060 1597.4
1406070 1598.7
1406080 1598.9
1406090 1598.9
1406100 1598.8
1406110 1595.5
1406120 1595.5
1406130 1591.1
1406140 1584.7
1406150 1584.7
1406160 1571.2
1406170 1561.8
1406180 1554.4
1406190 1554.4
1406200 1545.9
1406210 1539.2
1406220 1539.2
1406230 1536.6
1406240 1530.7
1406250 1530.7
1406260 1525.9
1406270 1522.9
1406280 1522.9
1406290 1519.7
1406300 1516.9
1406310 1516.9
1406320 1515.0
1406330 1513.6
1406340 1513.6
1406350 1508.9
1406360 1502.0
1406370 1500.9
1406380 1500.9
1406390 1502.9
1406400 1507.3
1406410 1507.3
1406420 1512.2
1406430 1513.4
1406440 1513.4
1406450 1516.2
1406460 1521.5
1406470 1521.5
1406480 1526.2
1406490 1530.2
1406500 1530.2
1406510 1535.0
1406520 1539.2
1406530 1539.2
1406540 1546.0
1406550 1553.5
1406560 1553.5
1406570 1560.7
1406580 1566.4
1406590 1573.3
1406600 1573.3
1406610 1578.7
1406620 1584.8
1406630 1584.8
1406640 1590.9
1406650 1596.6
1406660 1596.6
1406670 1601.8
1406680 1607.1
1406690 1607.1
1406700 1611.4
1406710 1615.6
1406720 1615.6
1406730 1620.6
1406740 1626.0
1406750 1626.0
1406760 1631.4
1406770 1635.8
1406780 1635.8
1406790 1640.2
1406800 1645.9
1406810 1652.2
1406820 1652.2
1406830 1657.9
1406840 1662.9
1406850 1662.9
1406860 1668.7
1406870 1676.0
1406880 1676.0
1406890 1683.9
1406900 1691.8
1406910 1691.8
1406920 1701.7
1406930 1709.6
1406940 1709.6
1406950 1713.9
1406960 1719.9
1406970 1719.9
1406980 1727.0
1406990 1734.5
1407000 1746.4
1407010 1746.4
1407020 1762.6
1407030 1775.7
1407040 1775.7
1407050 1783.3
1407060 1791.6
1407070 1791.6
1407080 1801.0
1407090 1809.9
1407100 1809.9
1407110 1820.2
1407120 1828.9
1407130 1828.9
1407140 1835.6
1407150 1842.2
1407160 1842.2
1407170 1848.8
1407180 1855.3
1407190 1855.3
1407200 1862.2
1407210 1870.3
1407220 1878.4
1407230 1878.4
1407240 1878.1
1407250 1883.5
1407260 1883.5
1407270 1888.1
1407280 1893.2
1407290 1893.2
1407300 1898.2
1407310 1903.7
1407320 1903.7
1407330 1910.6
1407340 1918.5
1407350 1918.5
1407360 1926.2
1407370 1932.9
1407380 1932.9
1407390 1938.1
1407400 1943.2
1407410 1943.2
1407420 1948.3
1407430 1953.9
1407440 1959.6
1407450 1959.6
1407460 1964.3
1407470 1969.4
1407480 1969.4
1407490 1974.2
1407500 1978.8
1407510 1978.8
1407520 1984.0
1407530 1989.6
1407540 1989.6
1407550 1996.0
1407560 2002.3
1407570 2002.3
1407580 2007.7
1407590 2011.7
1407600 2011.7
1407610 2016.7
1407620 2022.0
1407630 2028.0
1407640 2028.0
1407650 2035.9
1407660 2042.6
1407670 2042.6
1407680 2048.5
1407690 2053.9
1407700 2053.9
1407710 2061.1
1407720 2070.2
1407730 2070.2
1407740 2077.5
1407750 2079.6
1407760 2079.6
1407770 2082.0
1407780 2088.2
1407790 2088.2
1407800 2095.8
1407810 2108.1
1407820 2108.1
1407830 2116.6
1407840 2120.5
1407850 2124.1
1407860 2124.1
1407870 2127.6
1407880 2130.9
1407890 2130.9
1407900 2126.9
1407910 2122.9
1407920 2122.9
1407930 2123.1
1407940 2125.3
1407950 2125.3
1407960 2123.7
1407970 2121.0
1407980 2121.0
1407990 2120.5
1408000 2125.5
1408010 2125.5
1408020 2129.8
1408030 2128.8
1408040 2127.4
1408050 2127.4
1408060 2126.3
1408070 2125.1
1408080 2125.1
1408090 2123.6
1408100 2121.5
1408110 2121.5
1408120 2119.8
1408130 2118.1
1408140 2118.1
1408150 2117.8
1408160 2118.9
1408170 2118.9
1408180 2120.3
1408190 2121.3
1408200 2121.3
1408210 2121.5
1408220 2122.7
1408230 2122.7
1408240 2124.6
1408250 2125.3
1408260 2123.0
1408270 2123.0
1408280 2120.8
1408290 2119.6
1408300 2119.6
1408310 2118.3
1408320 2116.9
1408330 2116.9
1408340 2115.5
1408350 2114.7
1408360 2114.7
1408370 2114.6
1408380 2114.6
1408390 2114.6
1408400 2115.3
1408410 2116.1
1408420 2116.1
1408430 2117.4
1408440 2118.2
1408450 2118.2
1408460 2118.5
1408470 2119.9
1408480 2121.6
1408490 2121.6
1408500 2123.5
1408510 2123.3
1408520 2123.3
1408530 2121.0
1408540 2119.4
1408550 2119.4
1408560 2119.2
1408570 2119.4
1408580 2119.4
1408590 2120.6
1408600 2122.5
1408610 2122.5
1408620 2126.8
1408630 2132.1
1408640 2132.1
1408650 2136.9
1408660 2140.9
1408670 2144.0
1408680 2144.0
1408690 2146.2
1408700 2148.3
1408710 2148.3
1408720 2149.7
1408730 2151.8
1408740 2151.8
1408750 2152.3
1408760 2151.9
1408770 2151.9
1408780 2151.2
1408790 2147.4
1408800 2147.4
1408810 2142.9
1408820 2138.2
1408830 2138.2
1408840 2133.9
1408850 2130.1
1408860 2130.1
1408870 2127.0
1408880 2124.4
1408890 2116.8
1408900 2116.8
1408910 2116.0
1408920 2114.2
1408930 2114.2
1408940 2112.2
1408950 2111.3
1408960 2111.3
1408970 2110.5
1408980 2108.2
1408990 2108.2
1409000 2106.7
1409010 2106.9
1409020 2106.9
1409030 2106.7
1409040 2105.9
1409050 2105.9
1409060 2106.2
1409070 2104.5
1409080 2104.5
1409090 2100.6
1409100 2099.3
1409110 2098.7
1409120 2098.7
1409130 2097.7
1409140 2096.5
1409150 2096.5
1409160 2094.6
1409170 2091.7
1409180 2091.7
1409190 2090.2
1409200 2089.4
1409210 2089.4
1409220 2089.7
1409230 2091.8
1409240 2091.8
1409250 2094.9
1409260 2098.1
1409270 2098.1
1409280 2100.7
1409290 2098.8
1409300 2102.7
1409310 2102.7
1409320 2108.9
1409330 2114.0
1409340 2114.0
1409350 2116.1
1409360 2117.3
1409370 2117.3
1409380 2122.6
1409390 2125.9
1409400 2125.9
1409410 2128.8
1409420 2129.5
1409430 2129.5
1409440 2132.1
1409450 2135.2
1409460 2135.2
1409470 2139.7
1409480 2144.7
1409490 2144.7
1409500 2147.4
1409510 2149.9
1409520 2152.5
1409530 2152.5
1409540 2154.6
1409550 2156.1
1409560 2156.1
1409570 2157.1
1409580 2157.3
1409590 2157.3
1409600 2156.4
1409610 2156.8
1409620 2156.8
1409630 2157.5
1409640 2158.9
1409650 2158.9
1409660 2161.2
1409670 2162.6
1409680 2162.6
1409690 2163.6
1409700 2166.4
1409710 2169.7
1409720 2169.7
1409730 2173.0
1409740 2176.9
1409750 2176.9
1409760 2179.3
1409770 2179.7
1409780 2179.7
1409790 2181.0
1409800 2184.1
1409810 2184.1
1409820 2186.6
1409830 2190.8
1409840 2190.8
1409850 2194.2
1409860 2197.1
1409870 2197.1
1409880 2199.7
1409890 2202.9
1409900 2202.9
1409910 2205.8
1409920 2207.9
1409930 2205.7
1409940 2205.7
1409950 2204.6
1409960 2208.9
1409970 2208.9
1409980 2215.6
1409990 2221.8
1410000 2221.8
1410010 2228.1
1410020 2234.3
1410030 2234.3
1410040 2241.1
1410050 2249.5
1410060 2249.5
1410070 2259.7
1410080 2270.2
1410090 2270.2
1410100 2278.4
1410110 2285.6
1410120 2285.6
1410130 2292.5
1410140 2299.1
1410150 2305.5
1410160 2305.5
1410170 2315.5
1410180 2332.7
1410190 2332.7
1410200 2347.9
1410210 2362.3
1410220 2362.3
1410230 2379.0
1410240 2387.8
1410250 2387.8
1410260 2397.1
1410270 2402.7
1410280 2402.7
1410290 2404.9
1410300 2407.5
1410310 2407.5
1410320 2410.7
1410330 2411.3
1410340 2413.6
1410350 2413.6
1410360 2417.8
1410370 2421.8
1410380 2421.8
1410390 2426.5
1410400 2432.1
1410410 2432.1
1410420 2437.5
1410430 2440.8
1410440 2440.8
1410450 2442.5
1410460 2443.9
1410470 2443.9
1410480 2444.5
1410490 2446.3
1410500 2446.3
1410510 2449.1
1410520 2450.4
1410530 2450.4
1410540 2451.2
1410550 2452.4
1410560 2455.6
1410570 2455.6
1410580 2459.9
1410590 2460.3
1410600 2460.3
1410610 2464.2
1410620 2467.0
1410630 2467.0
1410640 2469.4
1410650 2472.4
1410660 2472.4
1410670 2476.3
1410680 2478.5
1410690 2478.5
1410700 2479.0
1410710 2478.8
1410720 2478.8
1410730 2479.2
1410740 2479.2
1410750 2479.2
1410760 2478.9
1410770 2478.4
1410780 2477.9
1410790 2477.9
1410800 2478.0
1410810 2478.3
1410820 2478.3
1410830 2478.8
1410840 2479.3
1410850 2479.3
1410860 2479.8
1410870 2480.2
1410880 2480.2
1410890 2480.8
1410900 2481.9
1410910 2481.9
1410920 2483.2
1410930 2484.4
1410940 2484.4
1410950 2485.4
1410960 2486.1
1410970 2487.3
1410980 2487.3
1410990 2488.6
1411000 2489.5
1411010 2489.5
1411020 2490.5
1411030 2491.9
1411040 2491.9
1411050 2494.1
1411060 2496.3
1411070 2496.3
1411080 2497.6
1411090 2498.9
1411100 2498.9
1411110 2499.5
1411120 2499.5
1411130 2499.5
1411140 2501.2
1411150 2503.6
1411160 2503.6
1411170 2505.8
1411180 2508.2
1411190 2510.0
1411200 2510.0
1411210 2511.5
1411220 2513.0
1411230 2513.0
1411240 2514.7
1411250 2516.6
1411260 2516.6
1411270 2518.5
1411280 2520.5
1411290 2520.5
1411300 2523.3
1411310 2526.5
1411320 2526.5
1411330 2529.6
1411340 2532.8
1411350 2532.8
1411360 2536.1
1411370 2535.4
1411380 2524.5
1411390 2524.5
1411400 2515.1
1411410 2509.4
1411420 2509.4
1411430 2500.7
1411440 2490.7
1411450 2490.7
1411460 2478.5
1411470 2465.5
1411480 2465.5
1411490 2455.1
1411500 2445.5
1411510 2445.5
1411520 2436.9
1411530 2428.9
1411540 2428.9
1411550 2421.5
1411560 2414.3
1411570 2414.3
1411580 2407.4
1411590 2401.9
1411600 2397.2
1411610 2397.2
1411620 2393.3
1411630 2388.6
1411640 2388.6
1411650 2385.1
1411660 2381.8
1411670 2381.8
1411680 2375.9
1411690 2365.8
1411700 2365.8
1411710 2358.1
1411720 2353.7
1411730 2353.7
1411740 2350.7
1411750 2345.9
1411760 2345.9
1411770 2342.4
1411780 2338.7
1411790 2338.7
1411800 2332.0
1411810 2323.2
1411820 2320.4
1411830 2320.4
1411840 2325.1
1411850 2329.8
1411860 2329.8
1411870 2328.1
1411880 2325.9
1411890 2325.9
1411900 2325.5
1411910 2324.4
1411920 2324.4
1411930 2318.4
1411940 2302.6
1411950 2302.6
1411960 2290.9
1411970 2280.5
1411980 2280.5
1411990 2267.4
1412000 2261.6
1412010 2261.5
1412020 2261.5
1412030 2245.0
1412040 2217.6
1412050 2217.6
1412060 2189.9
1412070 2154.6
1412080 2154.6
1412090 2137.9
1412100 2131.1
1412110 2131.1
1412120 2120.4
1412130 2111.1
1412140 2111.1
1412150 2104.9
1412160 2097.4
1412170 2097.4
1412180 2090.5
1412190 2084.4
1412200 2084.4
1412210 2078.3
1412220 2071.9
1412230 2066.1
1412240 2066.1
1412250 2059.6
1412260 2052.8
1412270 2052.8
1412280 2045.4
1412290 2040.2
1412300 2040.2
1412310 2037.5
1412320 2031.3
1412330 2031.3
1412340 2028.1
1412350 2025.2
1412360 2025.2
1412370 2022.0
1412380 2018.9
1412390 2018.9
1412400 2015.8
1412410 2012.8
1412420 2012.8
1412430 2010.1
1412440 2008.3
1412450 2007.0
1412460 2007.0
1412470 2006.8
1412480 2006.3
1412490 2006.3
1412500 2004.2
1412510 2002.6
1412520 2002.6
1412530 2002.0
1412540 2000.4
1412550 2000.4
1412560 1998.9
1412570 1997.8
1412580 1997.8
1412590 1995.9
1412600 1993.6
1412610 1993.6
1412620 1991.4
1412630 1988.7
1412640 1985.4
1412650 1985.4
1412660 1984.5
1412670 1988.5
1412680 1988.5
1412690 1992.8
1412700 1997.9
1412710 1997.9
1412720 2003.3
1412730 2008.8
1412740 2008.8
1412750 2014.4
1412760 2021.1
1412770 2021.1
1412780 2028.6
1412790 2036.2
1412800 2036.2
1412810 2042.9
1412820 2048.2
1412830 2048.2
1412840 2054.4
1412850 2060.8
1412860 2067.8
1412870 2067.8
1412880 2074.5
1412890 2081.0
1412900 2081.0
1412910 2089.5
1412920 2100.7
1412930 2100.7
1412940 2113.0
1412950 2119.5
1412960 2119.5
1412970 2127.8
1412980 2145.2
1412990 2145.2
1413000 2165.0
1413010 2177.2
1413020 2177.2
1413030 2198.5
1413040 2213.8
1413050 2221.5
1413060 2221.5
1413070 2227.4
1413080 2238.2
1413090 2238.2
1413100 2246.6
1413110 2258.1
1413120 2258.1
1413130 2268.9
1413140 2278.3
1413150 2278.3
1413160 2289.0
1413170 2299.5
1413180 2299.5
1413190 2309.3
1413200 2316.8
1413210 2316.8
1413220 2323.0
1413230 2330.0
1413240 2330.0
1413250 2337.3
1413260 2345.3
1413270 2353.2
1413280 2353.2
1413290 2360.3
1413300 2368.1
1413310 2368.1
1413320 2375.6
1413330 2381.4
1413340 2381.4
1413350 2388.0
1413360 2396.1
1413370 2396.1
1413380 2405.3
1413390 2414.8
1413400 2414.8
1413410 2419.8
1413420 2421.3
1413430 2421.3
1413440 2423.3
1413450 2424.3
1413460 2424.3
1413470 2426.5
1413480 2426.9
1413490 2423.1
1413500 2423.1
1413510 2418.7
1413520 2416.4
1413530 2416.4
1413540 2415.8
1413550 2414.5
1413560 2414.5
1413570 2413.8
1413580 2414.9
1413590 2414.9
1413600 2415.7
1413610 2415.4
1413620 2415.4
1413630 2413.2
1413640 2413.1
1413650 2413.1
1413660 2419.7
1413670 2426.0
1413680 2429.4
1413690 2429.4
1413700 2431.3
1413710 2430.3
1413720 2430.3
1413730 2427.7
1413740 2425.1
1413750 2425.1
1413760 2424.9
1413770 2424.6
1413780 2424.6
1413790 2424.1
1413800 2425.2
1413810 2425.2
1413820 2425.4
1413830 2423.4
1413840 2423.4
1413850 2423.1
1413860 2424.8
1413870 2424.8
1413880 2427.2
1413890 2428.2
1413900 2431.5
1413910 2431.5
1413920 2436.3
1413930 2445.2
1413940 2445.2
1413950 2455.0
1413960 2463.1
1413970 2463.1
1413980 2472.6
1413990 2486.6
1414000 2486.6
1414010 2497.5
1414020 2506.6
1414030 2506.6
1414040 2510.4
1414050 2512.6
1414060 2512.6
1414070 2513.1
1414080 2512.6
1414090 2508.7
1414100 2508.7
1414110 2505.8
1414120 2503.3
1414130 2503.3
1414140 2501.2
1414150 2499.2
1414160 2499.2
1414170 2497.5
1414180 2495.5
1414190 2495.5
1414200 2492.8
1414210 2487.6
1414220 2487.6
1414230 2481.3
1414240 2475.2
1414250 2475.2
1414260 2470.3
1414270 2466.6
1414280 2466.6
1414290 2464.2
1414300 2463.7
1414310 2463.4
1414320 2463.4
1414330 2462.9
1414340 2461.8
1414350 2461.8
1414360 2462.0
1414370 2464.4
1414380 2464.4
1414390 2465.1
1414400 2466.1
1414410 2466.1
1414420 2467.0
1414430 2466.8
1414440 2466.8
1414450 2464.6
1414460 2465.5
1414470 2465.5
1414480 2466.1
1414490 2466.7
1414500 2466.7
1414510 2466.8
1414520 2466.8
1414530 2468.0
1414540 2468.0
1414550 2469.2
1414560 2469.9
1414570 2469.9
1414580 2470.4
1414590 2470.6
1414600 2470.6
1414610 2470.3
1414620 2468.3
1414630 2468.3
1414640 2468.7
1414650 2472.2
1414660 2472.2
1414670 2474.5
1414680 2477.1
1414690 2477.1
1414700 2479.1
1414710 2481.4
1414720 2484.3
1414730 2484.3
1414740 2486.5
1414750 2488.3
1414760 2488.3
1414770 2490.2
1414780 2492.5
1414790 2492.5
1414800 2495.0
1414810 2497.9
1414820 2497.9
1414830 2501.5
1414840 2504.8
1414850 2504.8
1414860 2506.8
1414870 2509.1
1414880 2509.1
1414890 2511.7
1414900 2514.2
1414910 2514.2
1414920 2517.2
1414930 2521.2
1414940 2524.7
1414950 2524.7
1414960 2527.7
1414970 2531.2
1414980 2531.2
1414990 2534.7
1415000 2538.3
1415010 2538.3
1415020 2542.3
1415030 2546.7
1415040 2546.7
1415050 2551.3
1415060 2556.0
1415070 2556.0
1415080 2561.0
1415090 2566.1
1415100 2566.1
1415110 2571.3
1415120 2576.5
1415130 2576.5
1415140 2582.1
1415150 2588.5
1415160 2595.8
1415170 2595.8
1415180 2602.2
1415190 2607.6
1415200 2607.6
1415210 2613.3
1415220 2619.7
1415230 2619.7
1415240 2626.2
1415250 2632.4
1415260 2632.4
1415270 2638.5
1415280 2645.8
1415290 2645.8
1415300 2653.1
1415310 2659.7
1415320 2659.7
1415330 2666.2
1415340 2673.1
1415350 2681.0
1415360 2681.0
1415370 2689.0
1415380 2696.6
1415390 2696.6
1415400 2704.5
1415410 2715.4
1415420 2715.4
1415430 2728.4
1415440 2741.6
1415450 2741.6
1415460 2751.2
1415470 2758.7
1415480 2758.7
1415490 2768.5
1415500 2780.3
1415510 2780.3
1415520 2787.1
1415530 2786.5
1415540 2786.5
1415550 2784.5
1415560 2782.9
1415570 2782.6
1415580 2782.6
1415590 2781.6
1415600 2781.0
1415610 2781.0
1415620 2780.4
1415630 2780.3
1415640 2780.3
1415650 2780.3
1415660 2780.2
1415670 2780.2
1415680 2780.0
1415690 2780.7
1415700 2780.7
1415710 2781.3
1415720 2780.5
1415730 2780.5
1415740 2778.1
1415750 2774.9
1415760 2771.3
1415770 2771.3
1415780 2767.3
1415790 2762.2
1415800 2762.2
1415810 2758.0
1415820 2755.5
1415830 2755.5
1415840 2753.0
1415850 2750.6
1415860 2750.6
1415870 2749.2
1415880 2748.0
1415890 2748.0
1415900 2747.0
1415910 2743.7
1415920 2743.7
1415930 2742.4
1415940 2741.2
1415950 2741.2
1415960 2740.0
1415970 2739.2
1415980 2738.3
1415990 2738.3
1416000 2737.4
1416010 2735.9
1416020 2735.9
1416030 2734.0
1416040 2732.0
1416050 2732.0
1416060 2729.9
1416070 2728.2
1416080 2728.2
1416090 2726.7
1416100 2724.4
1416110 2724.4
1416120 2720.7
1416130 2716.9
1416140 2716.9
1416150 2711.6
1416160 2705.8
1416170 2705.8
1416180 2701.5
1416190 2699.7
1416200 2699.0
1416210 2699.0
1416220 2698.2
1416230 2696.6
1416240 2696.6
1416250 2695.0
1416260 2693.8
1416270 2693.8
1416280 2693.2
1416290 2692.5
1416300 2692.5
1416310 2691.3
1416320 2690.3
1416330 2690.3
1416340 2689.0
1416350 2688.2
1416360 2688.2
1416370 2687.7
1416380 2687.3
1416390 2687.1
1416400 2687.1
1416410 2687.2
1416420 2687.2
1416430 2687.2
1416440 2686.5
1416450 2685.8
1416460 2685.8
1416470 2685.4
1416480 2684.6
1416490 2684.6
1416500 2682.6
1416510 2679.1
1416520 2679.1
1416530 2676.2
1416540 2673.4
1416550 2673.4
1416560 2671.0
1416570 2669.1
1416580 2669.1
1416590 2667.2
1416600 2665.4
1416610 2663.5
1416620 2663.5
1416630 2661.2
1416640 2658.1
1416650 2658.1
1416660 2654.9
1416670 2652.1
1416680 2652.1
1416690 2650.2
1416700 2649.2
1416710 2649.2
1416720 2648.4
1416730 2647.1
1416740 2647.1
1416750 2645.2
1416760 2643.3
1416770 2643.3
1416780 2640.6
1416790 2637.5
1416800 2637.5
1416810 2634.5
1416820 2631.9
1416830 2629.4
1416840 2629.4
1416850 2627.7
1416860 2627.8
1416870 2627.8
1416880 2627.9
1416890 2628.1
1416900 2628.1
1416910 2629.5
1416920 2631.4
1416930 2631.4
1416940 2633.3
1416950 2634.5
1416960 2634.5
1416970 2633.1
1416980 2629.7
1416990 2629.7
1417000 2626.0
1417010 2624.1
1417020 2623.6
1417030 2623.6
1417040 2624.0
1417050 2624.7
1417060 2624.7
1417070 2626.3
1417080 2626.1
1417090 2626.1
1417100 2623.8
1417110 2622.0
1417120 2622.0
1417130 2620.7
1417140 2619.4
1417150 2619.4
1417160 2615.4
1417170 2611.8
1417180 2611.8
1417190 2609.8
1417200 2608.3
1417210 2608.3
1417220 2607.3
1417230 2606.2
1417240 2602.7
1417250 2602.7
1417260 2598.7
1417270 2596.3
1417280 2596.3
1417290 2593.6
1417300 2590.0
1417310 2590.0
1417320 2587.6
1417330 2584.9
1417340 2584.9
1417350 2580.4
1417360 2575.4
1417370 2575.4
1417380 2568.1
1417390 2558.1
1417400 2558.1
1417410 2551.9
1417420 2547.4
1417430 2542.7
1417440 2542.7
1417450 2539.6
1417460 2537.2
1417470 2537.2
1417480 2535.2
1417490 2533.1
1417500 2533.1
1417510 2530.2
1417520 2528.1
1417530 2528.1
1417540 2525.7
1417550 2521.2
1417560 2521.2
1417570 2515.6
1417580 2509.8
1417590 2509.8
1417600 2504.1
1417610 2499.3
1417620 2499.3
1417630 2494.9
1417640 2490.1
1417650 2484.5
1417660 2484.5
1417670 2480.4
1417680 2477.3
1417690 2477.3
1417700 2474.5
1417710 2471.8
1417720 2471.8
1417730 2469.6
1417740 2467.0
1417750 2467.0
1417760 2464.8
1417770 2463.7
1417780 2464.0
1417790 2462.3
1417800 2461.9
1417810 2461.9
1417820 2459.5
1417830 2455.3
1417840 2455.3
1417850 2447.9
1417860 2441.5
1417870 2437.4
1417880 2437.4
1417890 2429.5
1417900 2422.2
1417910 2422.2
1417920 2416.7
1417930 2411.5
1417940 2411.5
1417950 2407.2
1417960 2401.1
1417970 2401.1
1417980 2393.6
1417990 2388.9
1418000 2388.9
1418010 2384.3
1418020 2376.0
1418030 2376.0
1418040 2368.1
1418050 2361.6
1418060 2355.5
1418070 2355.5
1418080 2349.8
1418090 2343.1
1418100 2343.1
1418110 2337.9
1418120 2337.8
1418130 2337.8
1418140 2338.1
1418150 2337.8
1418160 2337.8
1418170 2339.3
1418180 2341.0
1418190 2341.0
1418200 2342.7
1418210 2344.0
1418220 2344.0
1418230 2345.3
1418240 2348.9
1418250 2348.9
1418260 2352.7
1418270 2355.5
1418280 2359.4
1418290 2359.4
1418300 2363.7
1418310 2367.6
1418320 2367.6
1418330 2371.7
1418340 2374.3
1418350 2374.3
1418360 2376.3
1418370 2377.1
1418380 2377.1
1418390 2376.7
1418400 2376.4
1418410 2376.4
1418420 2376.8
1418430 2378.6
1418440 2378.6
1418450 2381.5
1418460 2381.6
1418470 2383.1
1418480 2383.1
1418490 2385.8
1418500 2389.2
1418510 2389.2
1418520 2393.3
1418530 2397.2
1418540 2397.2
1418550 2402.0
1418560 2406.9
1418570 2406.9
1418580 2413.4
1418590 2419.2
1418600 2419.2
1418610 2425.9
1418620 2432.9
1418630 2432.9
1418640 2438.1
1418650 2441.2
1418660 2441.2
1418670 2443.7
1418680 2445.8
1418690 2446.3
1418700 2446.3
1418710 2445.4
1418720 2445.8
1418730 2445.8
1418740 2447.2
1418750 2448.6
1418760 2448.6
1418770 2450.6
1418780 2452.7
1418790 2452.7
1418800 2455.2
1418810 2458.2
1418820 2458.2
1418830 2461.0
1418840 2463.9
1418850 2463.9
1418860 2467.2
1418870 2471.3
1418880 2471.3
1418890 2475.6
1418900 2482.4
1418910 2490.2
1418920 2490.2
1418930 2495.4
1418940 2500.8
1418950 2500.8
1418960 2506.4
1418970 2511.7
1418980 2511.7
1418990 2517.0
1419000 2522.7
1419010 2522.7
1419020 2529.0
1419030 2535.5
1419040 2535.5
1419050 2542.2
1419060 2548.3
1419070 2548.3
1419080 2552.6
1419090 2555.5
1419100 2557.4
1419110 2557.4
1419120 2559.4
1419130 2563.0
1419140 2563.0
1419150 2566.9
1419160 2571.3
1419170 2571.3
1419180 2574.7
1419190 2577.9
1419200 2577.9
1419210 2582.3
1419220 2588.1
1419230 2588.1
1419240 2596.1
1419250 2604.4
1419260 2604.4
1419270 2610.6
1419280 2616.8
1419290 2616.8
1419300 2622.2
1419310 2628.0
1419320 2633.4
1419330 2633.4
1419340 2637.8
1419350 2639.7
1419360 2639.7
1419370 2641.0
1419380 2641.7
1419390 2641.7
1419400 2644.4
1419410 2648.6
1419420 2648.6
1419430 2652.8
1419440 2656.7
1419450 2656.7
1419460 2661.1
1419470 2665.4
1419480 2665.4
1419490 2670.4
1419500 2676.1
1419510 2676.1
1419520 2682.0
1419530 2687.3
1419540 2692.8
1419550 2692.8
1419560 2698.1
1419570 2705.9
1419580 2705.9
1419590 2716.1
1419600 2728.6
1419610 2728.6
1419620 2740.9
1419630 2751.6
1419640 2751.6
1419650 2761.0
1419660 2769.5
1419670 2769.5
1419680 2777.3
1419690 2784.0
1419700 2784.0
1419710 2792.7
1419720 2800.7
1419730 2806.6
1419740 2806.6
1419750 2814.6
1419760 2820.4
1419770 2820.4
1419780 2829.3
1419790 2837.7
1419800 2837.7
1419810 2842.5
1419820 2842.7
1419830 2842.7
1419840 2838.9
1419850 2832.7
1419860 2832.7
1419870 2826.2
1419880 2819.2
1419890 2819.2
1419900 2813.7
1419910 2813.8
1419920 2813.8
1419930 2808.8
1419940 2799.1
1419950 2781.6
1419960 2781.6
1419970 2763.4
1419980 2745.9
1419990 2745.9
