1400000 2752.1
1400010 2752.1
1400020 2744.3
1400030 2735.2
1400040 2735.2
1400050 2725.6
1400060 2715.2
1400070 2715.2
1400080 2704.4
1400090 2692.6
1400100 2692.6
1400110 2680.7
1400120 2654.0
1400130 2654.0
1400140 2628.5
1400150 2617.5
1400160 2617.5
1400170 2611.5
1400180 2610.7
1400190 2610.7
1400200 2608.6
1400210 2594.8
1400220 2578.3
1400230 2578.3
1400240 2571.8
1400250 2566.8
1400260 2566.8
1400270 2562.5
1400280 2558.7
1400290 2558.7
1400300 2554.0
1400310 2549.6
1400320 2549.6
1400330 2547.6
1400340 2545.2
1400350 2545.2
1400360 2541.8
1400370 2538.2
1400380 2538.2
1400390 2535.2
1400400 2532.2
1400410 2532.2
1400420 2528.4
1400430 2530.7
1400440 2535.6
1400450 2535.6
1400460 2538.6
1400470 2540.9
1400480 2540.9
1400490 2542.6
1400500 2545.1
1400510 2545.1
1400520 2548.0
1400530 2551.6
1400540 2551.6
1400550 2554.0
1400560 2557.5
1400570 2557.5
1400580 2556.7
1400590 2554.9
1400600 2554.9
1400610 2555.2
1400620 2557.2
1400630 2558.3
1400640 2558.3
1400650 2558.1
1400660 2556.7
1400670 2556.7
1400680 2554.8
1400690 2553.6
1400700 2553.6
1400710 2552.7
1400720 2551.9
1400730 2551.9
1400740 2552.7
1400750 2553.3
1400760 2553.3
1400770 2555.2
1400780 2557.7
1400790 2557.7
1400800 2558.4
1400810 2559.2
1400820 2559.2
1400830 2560.4
1400840 2563.0
1400850 2565.2
1400860 2565.2
1400870 2567.0
1400880 2568.5
1400890 2568.5
1400900 2570.6
1400910 2574.0
1400920 2574.0
1400930 2580.0
1400940 2586.9
1400950 2586.9
1400960 2593.3
1400970 2599.6
1400980 2599.6
1400990 2606.1
1401000 2613.4
1401010 2613.4
1401020 2621.0
1401030 2629.4
1401040 2629.4
1401050 2637.0
1401060 2644.0
1401070 2650.9
1401080 2650.9
1401090 2659.6
1401100 2667.1
1401110 2667.1
1401120 2674.1
1401130 2681.2
1401140 2681.2
1401150 2688.4
1401160 2695.5
1401170 2695.5
1401180 2703.2
1401190 2711.5
1401200 2711.5
1401210 2717.3
1401220 2723.8
1401230 2723.8
1401240 2731.5
1401250 2739.7
1401260 2749.0
1401270 2749.0
1401280 2763.6
1401290 2775.7
1401300 2775.7
1401310 2782.4
1401320 2789.4
1401330 2789.4
1401340 2796.9
1401350 2804.2
1401360 2804.2
1401370 2811.0
1401380 2818.0
1401390 2818.0
1401400 2825.6
1401410 2833.4
1401420 2833.4
1401430 2841.1
1401440 2849.2
1401450 2849.2
1401460 2857.1
1401470 2864.1
1401480 2870.9
1401490 2870.9
1401500 2878.0
1401510 2884.7
1401520 2884.7
1401530 2890.4
1401540 2895.9
1401550 2895.9
1401560 2900.8
1401570 2905.0
1401580 2905.0
1401590 2908.1
1401600 2910.2
1401610 2910.2
1401620 2908.2
1401630 2904.8
1401640 2904.8
1401650 2896.3
1401660 2880.9
1401670 2880.9
1401680 2863.9
1401690 2849.9
1401700 2837.2
1401710 2837.2
1401720 2829.9
1401730 2825.4
1401740 2825.4
1401750 2818.8
1401760 2806.8
1401770 2806.8
1401780 2784.3
1401790 2770.2
1401800 2770.2
1401810 2764.2
1401820 2746.1
1401830 2746.1
1401840 2716.6
1401850 2702.7
1401860 2702.7
1401870 2685.3
1401880 2674.2
1401890 2669.0
1401900 2669.0
1401910 2665.8
1401920 2665.4
1401930 2665.4
1401940 2665.6
1401950 2664.8
1401960 2664.8
1401970 2663.9
1401980 2663.5
1401990 2663.5
1402000 2666.7
1402010 2669.9
1402020 2669.9
1402030 2672.1
1402040 2672.8
1402050 2672.8
1402060 2672.0
1402070 2672.8
1402080 2672.8
1402090 2676.1
1402100 2680.4
1402110 2684.9
1402120 2684.9
1402130 2690.0
1402140 2695.3
1402150 2695.3
1402160 2700.7
1402170 2705.9
1402180 2705.9
1402190 2710.7
1402200 2715.2
1402210 2715.2
1402220 2724.2
1402230 2738.8
1402240 2738.8
1402250 2761.1
1402260 2794.2
1402270 2794.2
1402280 2802.9
1402290 2797.5
1402300 2797.5
1402310 2792.5
1402320 2773.6
1402330 2751.2
1402340 2751.2
1402350 2738.0
1402360 2727.9
1402370 2727.9
1402380 2718.2
1402390 2708.6
1402400 2708.6
1402410 2698.9
1402420 2690.1
1402430 2690.1
1402440 2682.8
1402450 2677.3
1402460 2677.3
1402470 2670.1
1402480 2659.4
1402490 2659.4
1402500 2634.2
1402510 2579.6
1402520 2560.8
1402530 2560.8
1402540 2553.0
1402550 2545.5
1402560 2545.5
1402570 2538.7
1402580 2532.9
1402590 2532.9
1402600 2527.6
1402610 2522.4
1402620 2521.6
1402630 2516.9
1402640 2512.9
1402650 2512.9
1402660 2510.0
1402670 2509.1
1402680 2509.1
1402690 2512.2
1402700 2517.7
1402710 2517.7
1402720 2523.9
1402730 2531.0
1402740 2539.2
1402750 2539.2
1402760 2568.5
1402770 2600.1
1402780 2600.1
1402790 2599.8
1402800 2597.8
1402810 2597.8
1402820 2594.8
1402830 2590.3
1402840 2590.3
1402850 2587.3
1402860 2582.8
1402870 2582.8
1402880 2577.8
1402890 2576.4
1402900 2576.4
1402910 2577.2
1402920 2579.1
1402930 2579.1
1402940 2581.2
1402950 2584.1
1402960 2588.8
1402970 2588.8
1402980 2600.4
1402990 2611.2
1403000 2611.2
1403010 2616.5
1403020 2625.6
1403030 2625.6
1403040 2633.9
1403050 2640.0
1403060 2640.0
1403070 2648.2
1403080 2658.2
1403090 2658.2
1403100 2669.5
1403110 2680.6
1403120 2680.6
1403130 2685.3
1403140 2687.6
1403150 2690.1
1403160 2690.1
1403170 2694.0
1403180 2700.0
1403190 2700.0
1403200 2705.0
1403210 2707.6
1403220 2707.6
1403230 2702.3
1403240 2687.5
1403250 2687.5
1403260 2675.2
1403270 2662.0
1403280 2662.0
1403290 2652.2
1403300 2645.0
1403310 2645.0
1403320 2636.9
1403330 2627.1
1403340 2627.1
1403350 2613.8
1403360 2597.3
1403370 2585.5
1403380 2585.5
1403390 2577.3
1403400 2568.1
1403410 2568.1
1403420 2545.1
1403430 2531.4
1403440 2531.4
1403450 2527.3
1403460 2513.1
1403470 2513.1
1403480 2490.6
1403490 2478.4
1403500 2478.4
1403510 2468.7
1403520 2461.1
1403530 2461.1
1403540 2458.6
1403550 2456.7
1403560 2456.7
1403570 2450.9
1403580 2443.3
1403590 2429.2
1403600 2429.2
1403610 2413.4
1403620 2403.8
1403630 2403.8
1403640 2393.3
1403650 2385.1
1403660 2385.1
1403670 2380.5
1403680 2377.4
1403690 2377.4
1403700 2374.6
1403710 2370.7
1403720 2370.7
1403730 2365.7
1403740 2360.0
1403750 2360.0
1403760 2354.0
1403770 2346.1
1403780 2338.6
1403790 2338.6
1403800 2332.4
1403810 2326.3
1403820 2326.3
1403830 2319.0
1403840 2307.6
1403850 2307.6
1403860 2293.8
1403870 2283.1
1403880 2283.1
1403890 2272.1
1403900 2261.4
1403910 2261.4
1403920 2252.9
1403930 2244.8
1403940 2244.8
1403950 2235.9
1403960 2225.6
1403970 2225.6
1403980 2215.7
1403990 2205.9
1404000 2198.1
1404010 2198.1
1404020 2188.8
1404030 2180.4
1404040 2180.4
1404050 2173.0
1404060 2165.5
1404070 2165.5
1404080 2157.5
1404090 2147.2
1404100 2147.2
1404110 2138.3
1404120 2130.3
1404130 2130.3
1404140 2122.5
1404150 2114.0
1404160 2114.0
1404170 2108.1
1404180 2102.3
1404190 2102.3
1404200 2096.3
1404210 2090.4
1404220 2083.3
1404230 2083.3
1404240 2074.1
1404250 2064.3
1404260 2064.3
1404270 2054.6
1404280 2047.0
1404290 2047.0
1404300 2040.1
1404310 2030.2
1404320 2030.2
1404330 2012.5
1404340 1996.0
1404350 1996.0
1404360 1987.1
1404370 1980.8
1404380 1980.8
1404390 1972.7
1404400 1963.4
1404410 1956.8
1404420 1956.8
1404430 1949.6
1404440 1938.8
1404450 1938.8
1404460 1919.7
1404470 1903.7
1404480 1903.7
1404490 1894.3
1404500 1889.3
1404510 1889.3
1404520 1886.9
1404530 1883.8
1404540 1883.8
1404550 1878.2
1404560 1871.2
1404570 1871.2
1404580 1866.7
1404590 1861.3
1404600 1861.3
1404610 1849.3
1404620 1841.6
1404630 1844.8
1404640 1844.8
1404650 1855.0
1404660 1863.8
1404670 1863.8
1404680 1863.9
1404690 1863.2
1404700 1863.2
1404710 1866.0
1404720 1870.4
1404730 1870.4
1404740 1876.2
1404750 1886.0
1404760 1886.0
1404770 1891.1
1404780 1891.2
1404790 1891.2
1404800 1888.4
1404810 1885.4
1404820 1885.4
1404830 1882.3
1404840 1878.5
1404850 1873.8
1404860 1873.8
1404870 1868.4
1404880 1861.2
1404890 1861.2
1404900 1854.7
1404910 1847.2
1404920 1847.2
1404930 1841.0
1404940 1833.8
1404950 1833.8
1404960 1824.8
1404970 1815.1
1404980 1815.1
1404990 1801.4
1405000 1787.8
1405010 1787.8
1405020 1776.8
1405030 1765.2
1405040 1755.8
1405050 1755.8
1405060 1744.2
1405070 1719.4
1405080 1719.4
1405090 1697.3
1405100 1679.1
1405110 1679.1
1405120 1665.0
1405130 1648.4
1405140 1648.4
1405150 1628.7
1405160 1609.0
1405170 1609.0
1405180 1599.3
1405190 1594.5
1405200 1594.5
1405210 1598.2
1405220 1605.5
1405230 1605.5
1405240 1614.0
1405250 1624.2
1405260 1633.5
1405270 1633.5
1405280 1644.0
1405290 1659.1
1405300 1659.1
1405310 1670.5
1405320 1679.2
1405330 1679.2
1405340 1689.3
1405350 1707.9
1405360 1707.9
1405370 1726.5
1405380 1749.5
1405390 1749.5
1405400 1768.1
1405410 1773.3
1405420 1773.3
1405430 1783.1
1405440 1796.8
1405450 1796.8
1405460 1806.3
1405470 1814.2
1405480 1819.1
1405490 1819.1
1405500 1821.0
1405510 1826.0
1405520 1826.0
1405530 1828.9
1405540 1829.2
1405550 1829.2
1405560 1830.1
1405570 1833.3
1405580 1833.3
1405590 1836.6
1405600 1839.5
1405610 1839.5
1405620 1841.9
1405630 1844.8
1405640 1844.8
1405650 1848.1
1405660 1848.8
1405670 1849.3
1405680 1849.3
1405690 1851.3
1405700 1852.7
1405710 1852.7
1405720 1854.9
1405730 1858.4
1405740 1858.4
1405750 1862.4
1405760 1866.0
1405770 1866.0
1405780 1863.9
1405790 1866.4
1405800 1866.4
1405810 1869.6
1405820 1873.1
1405830 1873.1
1405840 1876.9
1405850 1880.2
1405860 1880.2
1405870 1881.4
1405880 1881.6
1405890 1882.3
1405900 1882.3
1405910 1884.1
1405920 1885.9
1405930 1885.9
1405940 1889.1
1405950 1892.6
1405960 1892.6
1405970 1897.0
1405980 1901.9
1405990 1901.9
1406000 1907.0
1406010 1912.1
1406020 1912.1
1406030 1917.0
1406040 1921.8
1406050 1921.8
1406060 1927.4
1406070 1933.1
1406080 1933.1
1406090 1938.3
1406100 1941.6
1406110 1944.2
1406120 1944.2
1406130 1946.9
1406140 1951.6
1406150 1951.6
1406160 1956.7
1406170 1961.1
1406180 1961.1
1406190 1963.3
1406200 1967.2
1406210 1967.2
1406220 1971.1
1406230 1975.0
1406240 1975.0
1406250 1977.4
1406260 1975.9
1406270 1975.9
1406280 1974.8
1406290 1974.7
1406300 1975.6
1406310 1975.6
1406320 1978.1
1406330 1979.4
1406340 1979.4
1406350 1979.7
1406360 1982.4
1406370 1982.4
1406380 1984.3
1406390 1986.2
1406400 1986.2
1406410 1988.4
1406420 1991.2
1406430 1991.2
1406440 1994.8
1406450 1997.8
1406460 1997.8
1406470 1996.6
1406480 1991.6
1406490 1991.6
1406500 1987.4
1406510 1979.6
1406520 1973.7
1406530 1973.7
1406540 1964.9
1406550 1958.2
1406560 1958.2
1406570 1953.6
1406580 1947.7
1406590 1947.7
1406600 1938.3
1406610 1932.7
1406620 1932.7
1406630 1930.0
1406640 1930.6
1406650 1930.6
1406660 1931.7
1406670 1931.9
1406680 1931.9
1406690 1927.0
1406700 1921.9
1406710 1921.9
1406720 1916.4
1406730 1911.0
1406740 1909.0
1406750 1909.0
1406760 1907.7
1406770 1904.6
1406780 1904.6
1406790 1900.2
1406800 1897.7
1406810 1897.7
1406820 1894.3
1406830 1887.7
1406840 1887.7
1406850 1885.5
1406860 1891.4
1406870 1891.4
1406880 1894.3
1406890 1891.4
1406900 1891.4
1406910 1890.6
1406920 1885.0
1406930 1875.9
1406940 1875.9
1406950 1873.4
1406960 1871.9
1406970 1871.9
1406980 1868.0
1406990 1863.7
1407000 1863.7
1407010 1862.4
1407020 1862.2
1407030 1862.2
1407040 1860.9
1407050 1860.4
1407060 1860.4
1407070 1863.7
1407080 1863.5
1407090 1863.5
1407100 1862.2
1407110 1862.1
1407120 1862.1
1407130 1860.7
1407140 1858.4
1407150 1857.6
1407160 1857.6
1407170 1856.9
1407180 1855.8
1407190 1855.8
1407200 1855.4
1407210 1854.5
1407220 1854.5
1407230 1852.5
1407240 1850.5
1407250 1850.5
1407260 1847.9
1407270 1843.0
1407280 1843.0
1407290 1836.7
1407300 1828.7
1407310 1828.7
1407320 1824.8
1407330 1829.7
1407340 1829.7
1407350 1836.2
1407360 1840.1
1407370 1842.8
1407380 1842.8
1407390 1847.5
1407400 1852.6
1407410 1852.6
1407420 1858.6
1407430 1863.6
1407440 1863.6
1407450 1868.0
1407460 1870.9
1407470 1870.9
1407480 1872.9
1407490 1874.7
1407500 1874.7
1407510 1876.1
1407520 1877.2
1407530 1877.2
1407540 1879.1
1407550 1881.3
1407560 1880.2
1407570 1880.2
1407580 1877.6
1407590 1878.3
1407600 1878.3
1407610 1878.5
1407620 1878.4
1407630 1878.4
1407640 1879.0
1407650 1880.3
1407660 1880.3
1407670 1881.2
1407680 1882.1
1407690 1882.1
1407700 1884.5
1407710 1886.4
1407720 1886.4
1407730 1886.8
1407740 1887.4
1407750 1887.4
1407760 1885.2
1407770 1885.1
1407780 1886.7
1407790 1886.7
1407800 1892.2
1407810 1898.4
1407820 1898.4
1407830 1904.0
1407840 1911.9
1407850 1911.9
1407860 1920.0
1407870 1929.3
1407880 1929.3
1407890 1939.1
1407900 1949.4
1407910 1949.4
1407920 1956.2
1407930 1959.5
1407940 1959.5
1407950 1961.1
1407960 1961.3
1407970 1961.3
1407980 1961.7
1407990 1962.3
1408000 1962.8
1408010 1962.8
1408020 1962.9
1408030 1963.0
1408040 1963.0
1408050 1963.1
1408060 1962.5
1408070 1962.5
1408080 1960.5
1408090 1958.0
1408100 1958.0
1408110 1953.3
1408120 1949.3
1408130 1949.3
1408140 1944.9
1408150 1941.8
1408160 1941.8
1408170 1942.0
1408180 1945.0
1408190 1952.6
1408200 1952.6
1408210 1960.8
1408220 1977.7
1408230 1977.7
1408240 1993.0
1408250 1998.9
1408260 1998.9
1408270 1999.4
1408280 1999.9
1408290 1999.9
1408300 2000.5
1408310 2001.2
1408320 2001.2
1408330 2003.3
1408340 2003.6
1408350 2003.6
1408360 2004.1
1408370 2004.7
1408380 2004.7
1408390 2005.7
1408400 2005.5
1408410 2001.3
1408420 2001.3
1408430 1999.3
1408440 1999.2
1408450 1999.2
1408460 1999.3
1408470 2002.8
1408480 2002.8
1408490 2005.3
1408500 2007.7
1408510 2007.7
1408520 2011.0
1408530 2018.9
1408540 2018.9
1408550 2024.2
1408560 2028.6
1408570 2028.6
1408580 2036.3
1408590 2056.9
1408600 2056.9
1408610 2065.7
1408620 2064.9
1408630 2066.1
1408640 2066.1
1408650 2070.3
1408660 2074.9
1408670 2074.9
1408680 2080.8
1408690 2084.6
1408700 2084.6
1408710 2097.2
1408720 2105.6
1408730 2105.6
1408740 2108.5
1408750 2112.6
1408760 2112.6
1408770 2116.2
1408780 2117.3
1408790 2117.3
1408800 2117.4
1408810 2117.7
1408820 2118.1
1408830 2118.1
1408840 2116.3
1408850 2115.3
1408860 2115.3
1408870 2117.3
1408880 2119.3
1408890 2119.3
1408900 2119.8
1408910 2120.3
1408920 2120.3
1408930 2123.0
1408940 2129.3
1408950 2129.3
1408960 2136.1
1408970 2139.5
1408980 2139.5
1408990 2143.6
1409000 2147.2
1409010 2147.2
1409020 2150.5
1409030 2153.9
1409040 2160.6
1409050 2160.6
1409060 2173.0
1409070 2180.6
1409080 2180.6
1409090 2181.2
1409100 2179.0
1409110 2179.0
1409120 2176.9
1409130 2174.8
1409140 2174.8
1409150 2173.2
1409160 2172.3
1409170 2172.3
1409180 2170.0
1409190 2167.7
1409200 2167.7
1409210 2165.5
1409220 2162.5
1409230 2162.5
1409240 2158.0
1409250 2154.2
1409260 2153.9
1409270 2153.9
1409280 2156.6
1409290 2158.2
1409300 2158.2
1409310 2159.3
1409320 2160.8
1409330 2160.8
1409340 2162.7
1409350 2165.3
1409360 2165.3
1409370 2170.0
1409380 2176.3
1409390 2176.3
1409400 2182.9
1409410 2192.7
1409420 2192.7
1409430 2198.9
1409440 2205.2
1409450 2210.5
1409460 2210.5
1409470 2214.3
1409480 2217.4
1409490 2217.4
1409500 2220.6
1409510 2222.9
1409520 2222.9
1409530 2223.2
1409540 2223.3
1409550 2223.3
1409560 2221.7
1409570 2219.1
1409580 2219.1
1409590 2213.0
1409600 2209.6
1409610 2209.6
1409620 2206.3
1409630 2205.1
1409640 2205.1
1409650 2205.3
1409660 2205.1
1409670 2204.7
1409680 2204.7
1409690 2204.5
1409700 2204.8
1409710 2204.8
1409720 2206.0
1409730 2206.7
1409740 2206.7
1409750 2207.6
1409760 2211.0
1409770 2211.0
1409780 2214.5
1409790 2220.5
1409800 2220.5
1409810 2227.7
1409820 2234.4
1409830 2234.4
1409840 2236.8
1409850 2239.0
1409860 2239.0
1409870 2241.6
1409880 2247.9
1409890 2255.3
1409900 2255.3
1409910 2261.1
1409920 2267.5
1409930 2267.5
1409940 2272.8
1409950 2276.6
1409960 2276.6
1409970 2280.5
1409980 2285.1
1409990 2285.1
1410000 2290.1
1410010 2295.5
1410020 2295.5
1410030 2299.1
1410040 2303.3
1410050 2303.3
1410060 2307.1
1410070 2312.4
1410080 2318.3
1410090 2318.3
1410100 2322.3
1410110 2326.6
1410120 2326.6
1410130 2332.2
1410140 2338.0
1410150 2338.0
1410160 2343.9
1410170 2347.2
1410180 2347.2
1410190 2349.6
1410200 2353.6
1410210 2353.6
1410220 2359.9
1410230 2365.2
1410240 2365.2
1410250 2368.6
1410260 2375.5
1410270 2375.5
1410280 2382.4
1410290 2390.2
1410300 2397.9
1410310 2397.9
1410320 2404.9
1410330 2411.6
1410340 2411.6
1410350 2418.7
1410360 2424.5
1410370 2424.5
1410380 2429.5
1410390 2434.8
1410400 2434.8
1410410 2440.7
1410420 2446.7
1410430 2446.7
1410440 2452.4
1410450 2457.6
1410460 2457.6
1410470 2462.5
1410480 2467.2
1410490 2467.2
1410500 2472.5
1410510 2478.2
1410520 2483.9
1410530 2483.9
1410540 2489.4
1410550 2495.2
1410560 2495.2
1410570 2501.1
1410580 2507.1
1410590 2507.1
1410600 2512.6
1410610 2518.5
1410620 2518.5
1410630 2524.9
1410640 2531.3
1410650 2531.3
1410660 2537.3
1410670 2540.9
1410680 2540.9
1410690 2544.3
1410700 2548.5
1410710 2552.9
1410720 2552.9
1410730 2556.9
1410740 2560.9
1410750 2560.9
1410760 2565.3
1410770 2567.2
1410780 2567.2
1410790 2569.1
1410800 2570.0
1410810 2570.0
1410820 2569.2
1410830 2568.0
1410840 2568.0
1410850 2567.5
1410860 2566.9
1410870 2566.9
1410880 2565.8
1410890 2565.0
1410900 2565.0
1410910 2563.8
1410920 2562.8
1410930 2563.7
1410940 2563.7
1410950 2565.1
1410960 2567.8
1410970 2567.8
1410980 2568.6
1410990 2569.4
1411000 2569.4
1411010 2570.9
1411020 2572.6
1411030 2572.6
1411040 2575.7
1411050 2579.7
1411060 2579.7
1411070 2583.4
1411080 2586.6
1411090 2586.6
1411100 2589.5
1411110 2592.1
1411120 2592.1
1411130 2595.0
1411140 2599.4
1411150 2603.9
1411160 2603.9
1411170 2609.4
1411180 2614.0
1411190 2614.0
1411200 2618.4
1411210 2623.6
1411220 2623.6
1411230 2628.2
1411240 2632.8
1411250 2632.8
1411260 2633.7
1411270 2626.1
1411280 2626.1
1411290 2614.0
1411300 2603.1
1411310 2603.1
1411320 2595.7
1411330 2588.4
1411340 2580.8
1411350 2580.8
1411360 2573.4
1411370 2568.3
1411380 2568.3
1411390 2562.3
1411400 2558.4
1411410 2558.4
1411420 2546.4
1411430 2528.6
1411440 2528.6
1411450 2519.3
1411460 2509.0
1411470 2509.0
1411480 2498.9
1411490 2488.9
1411500 2488.9
1411510 2480.1
1411520 2470.4
1411530 2470.4
1411540 2463.4
1411550 2460.9
1411560 2459.0
1411570 2459.0
1411580 2454.1
1411590 2445.1
1411600 2445.1
1411610 2436.6
1411620 2430.9
1411630 2430.9
1411640 2427.6
1411650 2425.3
1411660 2425.3
1411670 2420.1
1411680 2410.8
1411690 2410.8
1411700 2406.8
1411710 2408.2
1411720 2408.2
1411730 2409.3
1411740 2409.6
1411750 2409.6
1411760 2406.8
1411770 2406.0
1411780 2410.1
1411790 2410.1
1411800 2408.4
1411810 2408.0
1411820 2408.0
1411830 2406.5
1411840 2404.0
1411850 2404.0
1411860 2400.1
1411870 2391.2
1411880 2391.2
1411890 2374.8
1411900 2367.4
1411910 2367.4
1411920 2368.2
1411930 2364.1
1411940 2364.1
1411950 2336.6
1411960 2311.5
1411970 2296.1
1411980 2296.1
1411990 2289.5
1412000 2290.6
1412010 2290.6
1412020 2294.9
1412030 2299.1
1412040 2299.1
1412050 2288.1
1412060 2267.7
1412070 2267.7
1412080 2260.7
1412090 2254.1
1412100 2254.1
1412110 2253.2
1412120 2251.3
1412130 2251.3
1412140 2243.4
1412150 2230.3
1412160 2230.3
1412170 2211.3
1412180 2198.6
1412190 2195.0
1412200 2195.0
1412210 2191.3
1412220 2181.8
1412230 2181.8
1412240 2170.6
1412250 2160.5
1412260 2160.5
1412270 2152.2
1412280 2146.3
1412290 2146.3
1412300 2140.8
1412310 2135.4
1412320 2135.4
1412330 2131.4
1412340 2128.2
1412350 2128.2
1412360 2124.7
1412370 2121.0
1412380 2121.0
1412390 2117.1
1412400 2113.4
1412410 2109.9
1412420 2109.9
1412430 2106.4
1412440 2103.0
1412450 2103.0
1412460 2100.0
1412470 2096.7
1412480 2096.7
1412490 2092.2
1412500 2089.1
1412510 2089.1
1412520 2086.2
1412530 2083.6
1412540 2083.6
1412550 2081.5
1412560 2079.4
1412570 2079.4
1412580 2077.3
1412590 2075.2
1412600 2073.2
1412610 2073.2
1412620 2071.2
1412630 2069.1
1412640 2069.1
1412650 2067.1
1412660 2065.0
1412670 2065.0
1412680 2064.8
1412690 2067.6
1412700 2067.6
1412710 2069.0
1412720 2069.3
1412730 2069.3
1412740 2070.9
1412750 2072.7
1412760 2072.7
1412770 2073.3
1412780 2074.7
1412790 2074.7
1412800 2076.4
1412810 2077.8
1412820 2079.0
1412830 2079.0
1412840 2079.6
1412850 2081.3
1412860 2081.3
1412870 2082.3
1412880 2082.9
1412890 2082.9
1412900 2084.7
1412910 2089.0
1412920 2089.0
1412930 2094.9
1412940 2101.7
1412950 2101.7
1412960 2107.7
1412970 2112.4
1412980 2112.4
1412990 2119.3
1413000 2127.6
1413010 2127.6
1413020 2136.3
1413030 2145.2
1413040 2155.5
1413050 2155.5
1413060 2171.0
1413070 2189.5
1413080 2189.5
1413090 2200.9
1413100 2204.8
1413110 2204.8
1413120 2208.6
1413130 2212.8
1413140 2212.8
1413150 2217.7
1413160 2223.0
1413170 2223.0
1413180 2227.7
1413190 2232.9
1413200 2232.9
1413210 2238.4
1413220 2243.7
1413230 2249.3
1413240 2249.3
1413250 2255.1
1413260 2260.4
1413270 2260.4
1413280 2265.8
1413290 2271.2
1413300 2271.2
1413310 2277.3
1413320 2284.1
1413330 2284.1
1413340 2290.8
1413350 2297.8
1413360 2297.8
1413370 2305.0
1413380 2313.0
1413390 2313.0
1413400 2320.4
1413410 2328.2
1413420 2328.2
1413430 2335.7
1413440 2342.2
1413450 2349.1
1413460 2349.1
1413470 2356.5
1413480 2363.9
1413490 2363.9
1413500 2371.3
1413510 2378.2
1413520 2378.2
1413530 2385.3
1413540 2392.3
1413550 2392.3
1413560 2399.8
1413570 2406.7
1413580 2406.7
1413590 2413.6
1413600 2420.8
1413610 2420.8
1413620 2428.1
1413630 2435.9
1413640 2435.9
1413650 2443.7
1413660 2451.6
1413670 2459.6
1413680 2459.6
1413690 2466.9
1413700 2474.6
1413710 2474.6
1413720 2482.0
1413730 2489.4
1413740 2489.4
1413750 2496.5
1413760 2503.6
1413770 2503.6
1413780 2510.9
1413790 2518.0
1413800 2518.0
1413810 2524.6
1413820 2531.0
1413830 2531.0
1413840 2537.4
1413850 2544.0
1413860 2551.0
1413870 2551.0
1413880 2558.9
1413890 2566.7
1413900 2566.7
1413910 2574.6
1413920 2583.8
1413930 2583.8
1413940 2593.0
1413950 2601.6
1413960 2601.6
1413970 2609.5
1413980 2616.8
1413990 2616.8
1414000 2624.8
1414010 2632.9
1414020 2632.9
1414030 2640.8
1414040 2648.4
1414050 2648.4
1414060 2655.9
1414070 2658.5
1414080 2659.1
1414090 2659.1
1414100 2661.1
1414110 2664.6
1414120 2664.6
1414130 2667.1
1414140 2673.6
1414150 2673.6
1414160 2681.3
1414170 2688.7
1414180 2688.7
1414190 2694.0
1414200 2692.4
1414210 2692.4
1414220 2693.6
1414230 2697.8
1414240 2697.8
1414250 2703.6
1414260 2710.4
1414270 2714.1
1414280 2720.9
1414290 2727.5
1414300 2735.3
1414310 2735.3
1414320 2743.5
1414330 2752.1
1414340 2752.1
1414350 2760.5
1414360 2766.1
1414370 2766.1
1414380 2773.3
1414390 2781.9
1414400 2781.9
1414410 2791.3
1414420 2799.7
1414430 2799.7
1414440 2808.3
1414450 2817.8
1414460 2817.8
1414470 2825.0
1414480 2832.0
1414490 2836.2
1414500 2836.2
1414510 2835.7
1414520 2836.1
1414530 2836.1
1414540 2840.1
1414550 2840.4
1414560 2840.4
1414570 2838.6
1414580 2837.1
1414590 2837.1
1414600 2835.7
1414610 2835.4
1414620 2835.4
1414630 2835.9
1414640 2837.5
1414650 2837.5
1414660 2841.3
1414670 2846.0
1414680 2846.0
1414690 2848.6
1414700 2847.0
1414710 2843.3
1414720 2843.3
1414730 2837.4
1414740 2829.8
1414750 2829.8
1414760 2822.5
1414770 2815.2
1414780 2815.2
1414790 2806.7
1414800 2798.2
1414810 2798.2
1414820 2793.3
1414830 2788.1
1414840 2788.1
1414850 2782.5
1414860 2776.4
1414870 2776.4
1414880 2771.1
1414890 2766.5
1414900 2766.5
1414910 2761.6
1414920 2757.0
1414930 2752.6
1414940 2752.6
1414950 2747.8
1414960 2742.8
1414970 2742.8
1414980 2737.9
1414990 2733.1
1415000 2733.1
1415010 2728.5
1415020 2724.4
1415030 2724.4
1415040 2720.5
1415050 2716.5
1415060 2716.5
1415070 2713.6
1415080 2711.4
1415090 2711.4
1415100 2710.1
1415110 2708.4
1415120 2706.9
1415130 2706.9
1415140 2705.8
1415150 2703.2
1415160 2703.2
1415170 2700.2
1415180 2697.9
1415190 2697.9
1415200 2695.0
1415210 2692.7
1415220 2692.7
1415230 2689.4
1415240 2687.5
1415250 2687.5
1415260 2685.8
1415270 2684.6
1415280 2684.6
1415290 2683.7
1415300 2681.7
1415310 2681.7
1415320 2678.4
1415330 2673.5
1415340 2668.9
1415350 2668.9
1415360 2664.6
1415370 2660.6
1415380 2660.6
1415390 2656.8
1415400 2653.2
1415410 2653.2
1415420 2650.1
1415430 2647.0
1415440 2647.0
1415450 2643.9
1415460 2641.0
1415470 2641.0
1415480 2638.3
1415490 2636.1
1415500 2636.1
1415510 2634.4
1415520 2633.4
1415530 2633.4
1415540 2632.7
1415550 2630.7
1415560 2628.0
1415570 2628.0
1415580 2625.4
1415590 2623.5
1415600 2623.5
1415610 2621.6
1415620 2620.1
1415630 2620.1
1415640 2617.7
1415650 2614.5
1415660 2614.5
1415670 2610.8
1415680 2610.0
1415690 2610.0
1415700 2607.9
1415710 2604.3
1415720 2604.3
1415730 2600.4
1415740 2595.5
1415750 2590.2
1415760 2590.2
1415770 2587.8
1415780 2588.5
1415790 2588.5
1415800 2588.0
1415810 2586.4
1415820 2586.4
1415830 2585.5
1415840 2586.2
1415850 2586.2
1415860 2585.3
1415870 2582.2
1415880 2582.2
1415890 2579.1
1415900 2577.0
1415910 2577.0
1415920 2576.2
1415930 2575.6
1415940 2575.6
1415950 2575.4
1415960 2575.4
1415970 2575.0
1415980 2575.0
1415990 2574.6
1416000 2574.9
1416010 2574.9
1416020 2576.2
1416030 2578.0
1416040 2578.0
1416050 2579.3
1416060 2579.4
1416070 2579.4
1416080 2578.9
1416090 2578.6
1416100 2575.6
1416110 2574.9
1416120 2573.5
1416130 2573.5
1416140 2570.6
1416150 2565.6
1416160 2565.6
1416170 2560.3
1416180 2554.9
1416190 2547.4
1416200 2547.4
1416210 2538.3
1416220 2530.3
1416230 2530.3
1416240 2523.8
1416250 2517.4
1416260 2517.4
1416270 2511.0
1416280 2503.9
1416290 2503.9
1416300 2498.0
1416310 2494.2
1416320 2494.2
1416330 2490.1
1416340 2487.8
1416350 2487.8
1416360 2492.2
1416370 2493.1
1416380 2492.9
1416390 2492.9
1416400 2491.2
1416410 2487.9
1416420 2487.9
1416430 2484.4
1416440 2482.0
1416450 2482.0
1416460 2480.5
1416470 2479.3
1416480 2479.3
1416490 2478.3
1416500 2478.0
1416510 2478.0
1416520 2478.0
1416530 2478.5
1416540 2478.5
1416550 2479.9
1416560 2481.2
1416570 2481.2
1416580 2481.9
1416590 2483.1
1416600 2484.6
1416610 2484.6
1416620 2486.6
1416630 2487.9
1416640 2487.9
1416650 2490.3
1416660 2494.1
1416670 2494.1
1416680 2498.7
1416690 2501.2
1416700 2501.2
1416710 2500.8
1416720 2499.4
1416730 2499.4
1416740 2498.0
1416750 2498.0
1416760 2498.0
1416770 2499.5
1416780 2502.0
1416790 2502.0
1416800 2506.0
1416810 2509.9
1416820 2511.7
1416830 2511.7
1416840 2511.0
1416850 2509.2
1416860 2509.2
1416870 2507.3
1416880 2506.6
1416890 2506.6
1416900 2507.4
1416910 2509.3
1416920 2509.3
1416930 2511.0
1416940 2511.2
1416950 2511.2
1416960 2511.7
1416970 2512.2
1416980 2512.2
1416990 2512.8
1417000 2513.3
1417010 2513.8
1417020 2513.8
1417030 2513.3
1417040 2512.1
1417050 2512.1
1417060 2511.6
1417070 2511.5
1417080 2511.5
1417090 2511.5
1417100 2512.0
1417110 2512.0
1417120 2513.2
1417130 2515.3
1417140 2515.3
1417150 2516.8
1417160 2517.9
1417170 2517.9
1417180 2519.1
1417190 2520.1
1417200 2520.1
1417210 2520.5
1417220 2520.5
1417230 2519.9
1417240 2519.9
1417250 2519.2
1417260 2518.3
1417270 2518.3
1417280 2517.3
1417290 2516.1
1417300 2516.1
1417310 2514.7
1417320 2512.4
1417330 2512.4
1417340 2510.0
1417350 2507.0
1417360 2507.0
1417370 2502.9
1417380 2496.9
1417390 2496.9
1417400 2488.4
1417410 2481.2
1417420 2475.1
1417430 2475.1
1417440 2469.6
1417450 2465.3
1417460 2465.3
1417470 2460.3
1417480 2455.3
1417490 2455.3
1417500 2450.7
1417510 2446.9
1417520 2446.9
1417530 2443.2
1417540 2439.9
1417550 2439.9
1417560 2436.7
1417570 2433.8
1417580 2433.8
1417590 2430.9
1417600 2427.8
1417610 2427.8
1417620 2425.0
1417630 2422.1
1417640 2418.7
1417650 2418.7
1417660 2415.3
1417670 2411.3
1417680 2411.3
1417690 2406.7
1417700 2402.6
1417710 2402.6
1417720 2399.5
1417730 2395.7
1417740 2395.7
1417750 2390.8
1417760 2385.2
1417770 2385.2
1417780 2378.2
1417790 2370.4
1417800 2370.4
1417810 2362.8
1417820 2356.5
1417830 2356.5
1417840 2350.5
1417850 2346.0
1417860 2340.8
1417870 2340.8
1417880 2334.1
1417890 2326.8
1417900 2326.8
1417910 2319.8
1417920 2312.9
1417930 2312.9
1417940 2306.2
1417950 2299.7
1417960 2299.7
1417970 2296.4
1417980 2289.6
1417990 2289.6
1418000 2283.5
1418010 2277.3
1418020 2277.3
1418030 2271.6
1418040 2267.3
1418050 2263.4
1418060 2263.4
1418070 2258.9
1418080 2254.9
1418090 2254.9
1418100 2251.5
1418110 2248.0
1418120 2248.0
1418130 2244.1
1418140 2240.1
1418150 2240.1
1418160 2235.9
1418170 2231.9
1418180 2231.9
1418190 2227.9
1418200 2223.9
1418210 2223.9
1418220 2219.9
1418230 2216.9
1418240 2216.9
1418250 2214.8
1418260 2213.1
1418270 2211.5
1418280 2211.5
1418290 2210.0
1418300 2208.2
1418310 2208.2
1418320 2206.6
1418330 2205.2
1418340 2205.2
1418350 2203.6
1418360 2201.9
1418370 2201.9
1418380 2200.1
1418390 2199.1
1418400 2199.1
1418410 2198.7
1418420 2197.9
1418430 2197.9
1418440 2196.9
1418450 2194.6
1418460 2194.6
1418470 2191.5
1418480 2190.6
1418490 2191.5
1418500 2191.5
1418510 2193.6
1418520 2195.7
1418530 2195.7
1418540 2198.2
1418550 2201.1
1418560 2201.1
1418570 2203.9
1418580 2208.2
1418590 2208.2
1418600 2213.2
1418610 2215.8
1418620 2215.8
1418630 2219.1
1418640 2224.0
1418650 2224.0
1418660 2228.7
1418670 2232.2
1418680 2235.9
1418690 2235.9
1418700 2239.4
1418710 2243.6
1418720 2243.6
1418730 2247.6
1418740 2252.3
1418750 2252.3
1418760 2256.3
1418770 2260.3
1418780 2260.3
1418790 2265.1
1418800 2270.5
1418810 2270.5
1418820 2275.7
1418830 2281.5
1418840 2281.5
1418850 2287.3
1418860 2293.3
1418870 2293.3
1418880 2299.5
1418890 2305.8
1418900 2312.6
1418910 2312.6
1418920 2319.6
1418930 2326.7
1418940 2326.7
1418950 2333.0
1418960 2339.6
1418970 2339.6
1418980 2347.6
1418990 2356.1
1419000 2356.1
1419010 2365.5
1419020 2373.5
1419030 2373.5
1419040 2380.3
1419050 2386.4
1419060 2386.4
1419070 2390.8
1419080 2393.7
1419090 2393.7
1419100 2396.9
1419110 2401.0
1419120 2405.4
1419130 2405.4
1419140 2409.3
1419150 2412.8
1419160 2412.8
1419170 2417.1
1419180 2423.3
1419190 2423.3
1419200 2429.8
1419210 2436.6
1419220 2436.6
1419230 2445.2
1419240 2452.2
1419250 2452.2
1419260 2457.3
1419270 2461.0
1419280 2461.0
1419290 2464.4
1419300 2469.2
1419310 2474.2
1419320 2474.2
1419330 2479.9
1419340 2486.4
1419350 2486.4
1419360 2493.7
1419370 2500.1
1419380 2500.1
1419390 2505.8
1419400 2510.4
1419410 2510.4
1419420 2514.6
1419430 2519.5
1419440 2519.5
1419450 2525.3
1419460 2531.4
1419470 2531.4
1419480 2539.9
1419490 2547.7
1419500 2547.7
1419510 2555.2
1419520 2562.5
1419530 2569.2
1419540 2569.2
1419550 2575.3
1419560 2581.5
1419570 2581.5
1419580 2587.4
1419590 2591.1
1419600 2591.1
1419610 2591.9
1419620 2593.9
1419630 2593.9
1419640 2596.6
1419650 2599.3
1419660 2599.3
1419670 2602.8
1419680 2606.1
1419690 2606.1
1419700 2608.3
1419710 2609.7
1419720 2609.7
1419730 2611.1
1419740 2611.9
1419750 2611.6
1419760 2611.6
1419770 2611.0
1419780 2610.0
1419790 2610.0
1419800 2610.1
1419810 2610.5
1419820 2610.5
1419830 2610.3
1419840 2610.1
1419850 2610.1
1419860 2611.4
1419870 2613.5
1419880 2613.5
1419890 2614.0
1419900 2610.5
1419910 2618.8
1419920 2620.8
1419930 2620.9
1419940 2621.6
1419950 2621.6
1419960 2623.1
1419970 2621.3
1419980 2621.3
1419990 2620.9
