1400000 2770.7
1400010 2770.7
1400020 2762.3
1400030 2753.0
1400040 2753.0
1400050 2744.5
1400060 2736.1
1400070 2736.1
1400080 2722.9
1400090 2703.3
1400100 2703.3
1400110 2688.3
1400120 2683.4
1400130 2683.4
1400140 2666.2
1400150 2652.4
1400160 2652.4
1400170 2651.4
1400180 2653.0
1400190 2637.4
1400200 2637.4
1400210 2615.4
1400220 2598.2
1400230 2598.2
1400240 2591.3
1400250 2585.8
1400260 2585.8
1400270 2581.9
1400280 2575.1
1400290 2575.1
1400300 2569.8
1400310 2568.5
1400320 2568.5
1400330 2565.3
1400340 2560.9
1400350 2560.9
1400360 2557.2
1400370 2553.7
1400380 2553.7
1400390 2549.7
1400400 2545.3
1400410 2540.8
1400420 2540.8
1400430 2545.3
1400440 2550.7
1400450 2550.7
1400460 2552.1
1400470 2551.1
1400480 2551.1
1400490 2547.9
1400500 2548.1
1400510 2548.1
1400520 2551.5
1400530 2555.6
1400540 2555.6
1400550 2559.4
1400560 2561.7
1400570 2561.7
1400580 2562.6
1400590 2562.5
1400600 2562.5
1400610 2560.8
1400620 2559.0
1400630 2559.0
1400640 2559.0
1400650 2558.5
1400660 2558.0
1400670 2558.0
1400680 2557.2
1400690 2556.6
1400700 2556.6
1400710 2556.4
1400720 2556.1
1400730 2556.1
1400740 2557.1
1400750 2557.9
1400760 2557.9
1400770 2560.0
1400780 2562.8
1400790 2562.8
1400800 2563.9
1400810 2565.4
1400820 2567.1
1400830 2567.1
1400840 2568.8
1400850 2570.1
1400860 2570.1
1400870 2572.9
1400880 2575.5
1400890 2575.5
1400900 2577.9
1400910 2580.5
1400920 2580.5
1400930 2583.5
1400940 2587.4
1400950 2587.4
1400960 2594.0
1400970 2602.1
1400980 2602.1
1400990 2608.2
1401000 2614.0
1401010 2614.0
1401020 2620.2
1401030 2626.6
1401040 2633.5
1401050 2633.5
1401060 2640.5
1401070 2647.4
1401080 2647.4
1401090 2654.7
1401100 2661.9
1401110 2661.9
1401120 2668.5
1401130 2675.3
1401140 2675.3
1401150 2682.5
1401160 2690.3
1401170 2690.3
1401180 2698.0
1401190 2706.1
1401200 2706.1
1401210 2714.5
1401220 2723.1
1401230 2723.1
1401240 2730.8
1401250 2739.0
1401260 2748.9
1401270 2748.9
1401280 2757.7
1401290 2767.7
1401300 2767.7
1401310 2776.5
1401320 2784.2
1401330 2784.2
1401340 2787.5
1401350 2795.1
1401360 2795.1
1401370 2805.5
1401380 2813.4
1401390 2813.4
1401400 2819.8
1401410 2826.4
1401420 2826.4
1401430 2833.6
1401440 2841.3
1401450 2851.0
1401460 2851.0
1401470 2865.7
1401480 2879.5
1401490 2879.5
1401500 2888.9
1401510 2897.4
1401520 2897.4
1401530 2905.5
1401540 2912.4
1401550 2912.4
1401560 2919.1
1401570 2925.2
1401580 2925.2
1401590 2929.9
1401600 2934.8
1401610 2934.8
1401620 2935.5
1401630 2919.5
1401640 2919.5
1401650 2905.3
1401660 2894.5
1401670 2886.1
1401680 2886.1
1401690 2881.4
1401700 2873.4
1401710 2873.4
1401720 2860.8
1401730 2843.8
1401740 2843.8
1401750 2833.2
1401760 2824.0
1401770 2824.0
1401780 2813.8
1401790 2805.1
1401800 2805.1
1401810 2797.1
1401820 2784.7
1401830 2784.7
1401840 2760.0
1401850 2731.2
1401860 2731.2
1401870 2722.2
1401880 2711.9
1401890 2709.1
1401900 2709.1
1401910 2708.1
1401920 2700.8
1401930 2700.8
1401940 2697.3
1401950 2696.8
1401960 2696.8
1401970 2696.8
1401980 2696.4
1401990 2696.4
1402000 2694.5
1402010 2690.4
1402020 2690.4
1402030 2690.5
1402040 2693.6
1402050 2693.6
1402060 2700.2
1402070 2710.7
1402080 2719.1
1402090 2719.1
1402100 2725.4
1402110 2729.4
1402120 2729.4
1402130 2732.5
1402140 2735.4
1402150 2735.4
1402160 2736.9
1402170 2737.9
1402180 2737.9
1402190 2738.9
1402200 2739.3
1402210 2739.3
1402220 2739.9
1402230 2748.7
1402240 2748.7
1402250 2762.0
1402260 2779.5
1402270 2779.5
1402280 2792.1
1402290 2793.8
1402300 2786.2
1402310 2786.2
1402320 2775.1
1402330 2756.5
1402340 2756.5
1402350 2741.0
1402360 2733.6
1402370 2733.6
1402380 2727.3
1402390 2713.8
1402400 2713.8
1402410 2699.5
1402420 2689.3
1402430 2689.3
1402440 2680.8
1402450 2673.1
1402460 2673.1
1402470 2666.1
1402480 2655.6
1402490 2655.6
1402500 2631.8
1402510 2587.1
1402520 2555.4
1402530 2555.4
1402540 2548.5
1402550 2542.5
1402560 2542.5
1402570 2536.4
1402580 2530.6
1402590 2530.6
1402600 2525.0
1402610 2519.7
1402620 2519.7
1402630 2515.5
1402640 2513.6
1402650 2513.6
1402660 2512.6
1402670 2512.2
1402680 2512.2
1402690 2512.8
1402700 2514.2
1402710 2518.5
1402720 2518.5
1402730 2524.6
1402740 2531.7
1402750 2531.7
1402760 2557.0
1402770 2591.2
1402780 2591.2
1402790 2605.9
1402800 2617.1
1402810 2617.1
1402820 2624.1
1402830 2627.4
1402840 2627.4
1402850 2625.4
1402860 2618.4
1402870 2618.4
1402880 2617.6
1402890 2621.8
1402900 2621.8
1402910 2631.8
1402920 2636.0
1402930 2641.7
1402940 2641.7
1402950 2645.3
1402960 2647.2
1402970 2647.2
1402980 2649.4
1402990 2653.0
1403000 2653.0
1403010 2657.5
1403020 2668.8
1403030 2668.8
1403040 2680.7
1403050 2689.5
1403060 2689.5
1403070 2696.0
1403080 2702.2
1403090 2702.2
1403100 2715.1
1403110 2728.4
1403120 2728.4
1403130 2735.8
1403140 2742.3
1403150 2739.6
1403160 2739.6
1403170 2720.9
1403180 2707.3
1403190 2707.3
1403200 2696.9
1403210 2687.6
1403220 2687.6
1403230 2673.7
1403240 2659.9
1403250 2659.8
1403260 2651.2
1403270 2645.0
1403280 2645.0
1403290 2635.6
1403300 2625.4
1403310 2625.4
1403320 2619.3
1403330 2617.9
1403340 2616.3
1403350 2616.3
1403360 2617.0
1403370 2609.6
1403380 2609.6
1403390 2589.5
1403400 2579.8
1403410 2579.8
1403420 2565.3
1403430 2535.9
1403440 2535.9
1403450 2506.2
1403460 2496.8
1403470 2496.8
1403480 2493.0
1403490 2489.2
1403500 2489.2
1403510 2488.2
1403520 2483.5
1403530 2483.5
1403540 2475.9
1403550 2467.9
1403560 2456.4
1403570 2456.4
1403580 2439.4
1403590 2428.9
1403600 2428.9
1403610 2421.5
1403620 2416.2
1403630 2416.2
1403640 2411.3
1403650 2404.8
1403660 2404.8
1403670 2400.5
1403680 2396.3
1403690 2396.3
1403700 2390.5
1403710 2384.0
1403720 2384.0
1403730 2376.4
1403740 2368.7
1403750 2368.7
1403760 2360.7
1403770 2352.2
1403780 2344.0
1403790 2344.0
1403800 2334.9
1403810 2326.2
1403820 2326.2
1403830 2316.4
1403840 2307.1
1403850 2307.1
1403860 2297.2
1403870 2285.2
1403880 2285.2
1403890 2274.7
1403900 2264.2
1403910 2264.2
1403920 2254.3
1403930 2242.5
1403940 2242.5
1403950 2233.2
1403960 2224.0
1403970 2214.8
1403980 2214.8
1403990 2206.1
1404000 2197.4
1404010 2197.4
1404020 2189.2
1404030 2181.7
1404040 2181.7
1404050 2173.0
1404060 2164.3
1404070 2164.3
1404080 2155.5
1404090 2147.3
1404100 2147.3
1404110 2139.6
1404120 2133.3
1404130 2133.3
1404140 2127.8
1404150 2122.1
1404160 2122.1
1404170 2116.0
1404180 2108.9
1404190 2099.8
1404200 2099.8
1404210 2088.2
1404220 2077.5
1404230 2077.5
1404240 2070.1
1404250 2064.5
1404260 2064.5
1404270 2058.7
1404280 2053.0
1404290 2053.0
1404300 2046.9
1404310 2040.4
1404320 2040.4
1404330 2031.5
1404340 2019.6
1404350 2019.6
1404360 2007.7
1404370 1996.7
1404380 1996.7
1404390 1983.5
1404400 1972.3
1404410 1963.1
1404420 1963.1
1404430 1955.3
1404440 1947.1
1404450 1947.1
1404460 1933.3
1404470 1919.9
1404480 1919.9
1404490 1910.3
1404500 1902.7
1404510 1902.7
1404520 1893.1
1404530 1880.5
1404540 1880.5
1404550 1868.8
1404560 1858.9
1404570 1858.9
1404580 1848.6
1404590 1842.1
1404600 1837.0
1404610 1837.0
1404620 1827.3
1404630 1813.7
1404640 1813.7
1404650 1806.0
1404660 1799.0
1404670 1799.0
1404680 1788.2
1404690 1782.1
1404700 1782.1
1404710 1780.8
1404720 1782.7
1404730 1782.7
1404740 1782.9
1404750 1782.9
1404760 1782.9
1404770 1785.6
1404780 1785.9
1404790 1785.9
1404800 1787.7
1404810 1792.9
1404820 1824.8
1404830 1824.8
1404840 1828.1
1404850 1829.2
1404860 1829.2
1404870 1824.2
1404880 1820.9
1404890 1820.9
1404900 1814.0
1404910 1803.7
1404920 1803.7
1404930 1794.2
1404940 1785.2
1404950 1785.2
1404960 1780.0
1404970 1771.8
1404980 1771.8
1404990 1764.0
1405000 1749.0
1405010 1749.0
1405020 1734.8
1405030 1722.2
1405040 1713.1
1405050 1713.1
1405060 1702.2
1405070 1689.2
1405080 1689.2
1405090 1679.0
1405100 1667.4
1405110 1667.4
1405120 1652.3
1405130 1639.9
1405140 1639.9
1405150 1628.9
1405160 1609.0
1405170 1609.0
1405180 1596.6
1405190 1597.2
1405200 1597.2
1405210 1604.7
1405220 1612.2
1405230 1621.2
1405240 1621.2
1405250 1629.4
1405260 1638.6
1405270 1638.6
1405280 1649.5
1405290 1662.3
1405300 1662.3
1405310 1681.4
1405320 1696.7
1405330 1696.7
1405340 1707.1
1405350 1713.5
1405360 1713.5
1405370 1722.9
1405380 1739.1
1405390 1739.1
1405400 1750.4
1405410 1758.4
1405420 1758.4
1405430 1771.0
1405440 1792.1
1405450 1806.0
1405460 1806.0
1405470 1815.9
1405480 1823.5
1405490 1823.5
1405500 1828.5
1405510 1832.1
1405520 1832.1
1405530 1835.0
1405540 1838.2
1405550 1838.2
1405560 1842.5
1405570 1846.9
1405580 1846.9
1405590 1850.3
1405600 1853.5
1405610 1853.5
1405620 1857.0
1405630 1860.4
1405640 1860.4
1405650 1862.3
1405660 1862.6
1405670 1864.0
1405680 1864.0
1405690 1866.1
1405700 1869.1
1405710 1869.1
1405720 1872.4
1405730 1876.3
1405740 1876.3
1405750 1880.3
1405760 1883.3
1405770 1883.3
1405780 1886.2
1405790 1889.5
1405800 1889.5
1405810 1894.2
1405820 1899.1
1405830 1899.1
1405840 1903.0
1405850 1907.3
1405860 1909.7
1405870 1909.7
1405880 1910.7
1405890 1912.1
1405900 1912.1
1405910 1914.7
1405920 1916.4
1405930 1916.4
1405940 1918.5
1405950 1920.4
1405960 1920.4
1405970 1922.4
1405980 1925.7
1405990 1925.7
1406000 1929.3
1406010 1933.3
1406020 1933.3
1406030 1938.2
1406040 1943.3
1406050 1943.3
1406060 1947.3
1406070 1952.7
1406080 1959.1
1406090 1959.1
1406100 1965.1
1406110 1970.2
1406120 1970.2
1406130 1974.8
1406140 1978.4
1406150 1978.4
1406160 1981.4
1406170 1985.6
1406180 1985.6
1406190 1989.6
1406200 1993.0
1406210 1993.0
1406220 1997.1
1406230 1999.9
1406240 1999.9
1406250 2002.5
1406260 2004.7
1406270 2004.7
1406280 2005.2
1406290 2005.5
1406300 2007.1
1406310 2007.1
1406320 2008.6
1406330 2009.1
1406340 2009.1
1406350 2009.4
1406360 2011.9
1406370 2011.9
1406380 2017.2
1406390 2023.0
1406400 2023.0
1406410 2027.1
1406420 2028.7
1406430 2020.0
1406440 2021.4
1406450 2023.4
1406460 2023.4
1406470 2022.2
1406480 2021.0
1406490 2014.0
1406500 2014.0
1406510 2008.1
1406520 2003.0
1406530 2003.0
1406540 1991.3
1406550 1982.8
1406560 1982.8
1406570 1976.0
1406580 1967.7
1406590 1967.7
1406600 1962.2
1406610 1958.3
1406620 1958.3
1406630 1956.8
1406640 1956.5
1406650 1956.5
1406660 1956.1
1406670 1954.8
1406680 1954.8
1406690 1954.0
1406700 1947.6
1406710 1945.1
1406720 1945.1
1406730 1945.6
1406740 1943.9
1406750 1943.9
1406760 1943.1
1406770 1941.5
1406780 1941.5
1406790 1929.5
1406800 1916.9
1406810 1916.9
1406820 1913.9
1406830 1915.6
1406840 1915.6
1406850 1917.1
1406860 1918.8
1406870 1918.8
1406880 1920.4
1406890 1921.7
1406900 1921.7
1406910 1922.8
1406920 1916.0
1406930 1909.8
1406940 1909.8
1406950 1912.9
1406960 1911.6
1406970 1911.6
1406980 1907.9
1406990 1909.2
1407000 1909.2
1407010 1907.3
1407020 1905.3
1407030 1905.3
1407040 1900.0
1407050 1893.2
1407060 1893.2
1407070 1887.6
1407080 1887.5
1407090 1887.5
1407100 1886.4
1407110 1884.4
1407120 1883.1
1407130 1883.1
1407140 1883.5
1407150 1883.6
1407160 1883.6
1407170 1881.4
1407180 1878.3
1407190 1878.3
1407200 1877.5
1407210 1875.6
1407220 1875.6
1407230 1870.2
1407240 1861.5
1407250 1861.5
1407260 1853.9
1407270 1850.4
1407280 1850.4
1407290 1848.1
1407300 1847.3
1407310 1847.3
1407320 1847.1
1407330 1847.3
1407340 1849.4
1407350 1849.4
1407360 1851.0
1407370 1857.7
1407380 1857.7
1407390 1865.9
1407400 1870.5
1407410 1870.5
1407420 1871.0
1407430 1876.9
1407440 1876.9
1407450 1884.1
1407460 1890.2
1407470 1890.2
1407480 1895.5
1407490 1900.3
1407500 1900.3
1407510 1903.4
1407520 1905.2
1407530 1905.2
1407540 1906.7
1407550 1907.4
1407560 1906.0
1407570 1906.0
1407580 1904.2
1407590 1905.2
1407600 1905.2
1407610 1907.2
1407620 1908.7
1407630 1908.7
1407640 1907.5
1407650 1906.5
1407660 1906.5
1407670 1905.7
1407680 1906.4
1407690 1906.4
1407700 1908.9
1407710 1911.8
1407720 1911.8
1407730 1913.5
1407740 1913.8
1407750 1914.0
1407760 1914.0
1407770 1913.3
1407780 1916.0
1407790 1916.0
1407800 1919.5
1407810 1922.9
1407820 1922.9
1407830 1926.9
1407840 1929.5
1407850 1929.5
1407860 1929.6
1407870 1930.4
1407880 1930.4
1407890 1933.2
1407900 1935.7
1407910 1935.7
1407920 1938.2
1407930 1942.3
1407940 1942.3
1407950 1949.3
1407960 1957.2
1407970 1964.8
1407980 1964.8
1407990 1971.5
1408000 1977.4
1408010 1977.4
1408020 1981.6
1408030 1983.9
1408040 1983.9
1408050 1984.9
1408060 1979.3
1408070 1979.3
1408080 1978.5
1408090 1977.2
1408100 1977.2
1408110 1975.4
1408120 1974.9
1408130 1974.9
1408140 1975.3
1408150 1977.4
1408160 1977.4
1408170 1976.5
1408180 1973.2
1408190 1976.7
1408200 1976.7
1408210 1981.2
1408220 1994.6
1408230 1994.6
1408240 2006.6
1408250 2009.9
1408260 2009.9
1408270 2012.3
1408280 2013.7
1408290 2013.7
1408300 2015.2
1408310 2017.1
1408320 2017.1
1408330 2018.9
1408340 2020.4
1408350 2020.4
1408360 2022.7
1408370 2024.3
1408380 2025.5
1408390 2025.5
1408400 2027.7
1408410 2030.0
1408420 2030.0
1408430 2032.2
1408440 2034.2
1408450 2034.2
1408460 2034.8
1408470 2035.4
1408480 2035.4
1408490 2036.5
1408500 2039.4
1408510 2039.4
1408520 2042.6
1408530 2047.3
1408540 2047.3
1408550 2050.4
1408560 2053.4
1408570 2053.4
1408580 2056.3
1408590 2061.7
1408600 2067.8
1408610 2067.8
1408620 2077.3
1408630 2089.1
1408640 2089.1
1408650 2100.9
1408660 2107.9
1408670 2107.9
1408680 2111.1
1408690 2113.8
1408700 2113.8
1408710 2120.2
1408720 2127.1
1408730 2127.1
1408740 2134.0
1408750 2135.1
1408760 2135.1
1408770 2135.0
1408780 2137.7
1408790 2137.7
1408800 2138.0
1408810 2137.1
1408820 2136.8
1408830 2136.8
1408840 2136.5
1408850 2136.7
1408860 2136.7
1408870 2138.6
1408880 2141.3
1408890 2141.3
1408900 2141.9
1408910 2140.3
1408920 2140.3
1408930 2142.6
1408940 2146.4
1408950 2146.4
1408960 2150.6
1408970 2157.1
1408980 2157.1
1408990 2163.7
1409000 2168.6
1409010 2169.8
1409020 2169.8
1409030 2169.7
1409040 2172.6
1409050 2172.6
1409060 2178.4
1409070 2185.7
1409080 2185.7
1409090 2192.5
1409100 2200.2
1409110 2200.2
1409120 2205.1
1409130 2206.7
1409140 2206.7
1409150 2207.1
1409160 2207.1
1409170 2207.1
1409180 2206.7
1409190 2205.5
1409200 2205.5
1409210 2203.4
1409220 2200.7
1409230 2198.0
1409240 2198.0
1409250 2195.7
1409260 2197.1
1409270 2197.1
1409280 2201.0
1409290 2204.6
1409300 2204.6
1409310 2203.8
1409320 2202.5
1409330 2202.5
1409340 2202.5
1409350 2198.9
1409360 2198.9
1409370 2194.7
1409380 2191.2
1409390 2191.2
1409400 2188.0
1409410 2183.5
1409420 2183.5
1409430 2176.3
1409440 2175.7
1409450 2181.6
1409460 2181.6
1409470 2190.3
1409480 2196.8
1409490 2196.8
1409500 2199.5
1409510 2200.8
1409520 2200.8
1409530 2201.8
1409540 2200.2
1409550 2200.2
1409560 2197.2
1409570 2195.6
1409580 2195.6
1409590 2194.8
1409600 2195.2
1409610 2195.2
1409620 2196.5
1409630 2195.2
1409640 2194.3
1409650 2194.3
1409660 2193.6
1409670 2192.9
1409680 2192.9
1409690 2192.2
1409700 2193.0
1409710 2193.0
1409720 2193.4
1409730 2193.9
1409740 2196.8
1409750 2198.7
1409760 2200.2
1409770 2200.2
1409780 2202.4
1409790 2208.0
1409800 2208.0
1409810 2214.8
1409820 2219.1
1409830 2219.1
1409840 2224.2
1409850 2231.8
1409860 2238.8
1409870 2238.8
1409880 2245.3
1409890 2249.3
1409900 2249.3
1409910 2253.3
1409920 2257.1
1409930 2257.1
1409940 2260.8
1409950 2264.9
1409960 2264.9
1409970 2269.3
1409980 2273.3
1409990 2273.3
1410000 2277.9
1410010 2282.1
1410020 2282.1
1410030 2286.3
1410040 2289.6
1410050 2289.6
1410060 2293.8
1410070 2297.7
1410080 2300.9
1410090 2300.9
1410100 2305.6
1410110 2310.7
1410120 2310.7
1410130 2316.3
1410140 2320.1
1410150 2320.1
1410160 2323.5
1410170 2329.5
1410180 2329.5
1410190 2335.1
1410200 2336.9
1410210 2336.9
1410220 2340.1
1410230 2345.3
1410240 2345.3
1410250 2349.6
1410260 2358.7
1410270 2367.3
1410280 2367.3
1410290 2374.4
1410300 2380.3
1410310 2380.3
1410320 2385.9
1410330 2393.3
1410340 2393.3
1410350 2400.8
1410360 2406.9
1410370 2406.9
1410380 2412.5
1410390 2418.2
1410400 2418.2
1410410 2424.8
1410420 2432.1
1410430 2432.1
1410440 2438.9
1410450 2444.0
1410460 2444.0
1410470 2448.7
1410480 2453.9
1410490 2459.1
1410500 2459.1
1410510 2464.9
1410520 2471.1
1410530 2471.1
1410540 2476.2
1410550 2481.6
1410560 2481.6
1410570 2487.8
1410580 2494.3
1410590 2494.3
1410600 2500.7
1410610 2507.9
1410620 2507.9
1410630 2513.9
1410640 2519.2
1410650 2519.2
1410660 2524.9
1410670 2530.3
1410680 2530.3
1410690 2535.7
1410700 2540.2
1410710 2544.7
1410720 2544.7
1410730 2549.5
1410740 2554.7
1410750 2554.7
1410760 2558.7
1410770 2562.2
1410780 2562.2
1410790 2564.8
1410800 2567.1
1410810 2567.1
1410820 2569.0
1410830 2570.7
1410840 2570.7
1410850 2572.9
1410860 2575.2
1410870 2575.2
1410880 2577.2
1410890 2581.0
1410900 2582.9
1410910 2582.9
1410920 2583.1
1410930 2583.5
1410940 2583.5
1410950 2583.8
1410960 2584.4
1410970 2584.4
1410980 2584.1
1410990 2583.1
1411000 2583.1
1411010 2582.9
1411020 2583.2
1411030 2583.2
1411040 2583.3
1411050 2582.3
1411060 2582.3
1411070 2582.4
1411080 2584.5
1411090 2584.5
1411100 2587.9
1411110 2591.7
1411120 2594.9
1411130 2594.9
1411140 2598.1
1411150 2601.7
1411160 2601.7
1411170 2605.1
1411180 2609.1
1411190 2609.1
1411200 2613.5
1411210 2617.6
1411220 2617.6
1411230 2621.8
1411240 2626.1
1411250 2626.1
1411260 2630.5
1411270 2634.7
1411280 2634.7
1411290 2631.4
1411300 2620.2
1411310 2620.2
1411320 2609.5
1411330 2594.2
1411340 2582.1
1411350 2582.1
1411360 2573.7
1411370 2563.9
1411380 2563.9
1411390 2554.3
1411400 2546.6
1411410 2546.6
1411420 2538.3
1411430 2531.7
1411440 2531.7
1411450 2519.9
1411460 2514.7
1411470 2514.7
1411480 2509.5
1411490 2505.0
1411500 2505.0
1411510 2500.8
1411520 2497.2
1411530 2489.9
1411540 2489.9
1411550 2477.0
1411560 2469.9
1411570 2469.9
1411580 2467.5
1411590 2464.7
1411600 2464.7
1411610 2461.2
1411620 2457.5
1411630 2457.5
1411640 2450.0
1411650 2439.6
1411660 2439.6
1411670 2437.0
1411680 2436.2
1411690 2436.2
1411700 2435.0
1411710 2434.1
1411720 2434.1
1411730 2435.5
1411740 2436.7
1411750 2432.3
1411760 2432.3
1411770 2433.4
1411780 2436.3
1411790 2436.3
1411800 2438.1
1411810 2437.1
1411820 2437.1
1411830 2432.3
1411840 2422.6
1411850 2422.6
1411860 2408.9
1411870 2401.4
1411880 2401.4
1411890 2397.3
1411900 2380.6
1411910 2380.6
1411920 2352.3
1411930 2330.6
1411940 2330.6
1411950 2319.8
1411960 2316.4
1411970 2315.1
1411980 2315.1
1411990 2318.0
1412000 2318.9
1412010 2318.9
1412020 2322.7
1412030 2306.4
1412040 2306.4
1412050 2293.9
1412060 2287.4
1412070 2287.4
1412080 2281.8
1412090 2278.8
1412100 2278.8
1412110 2277.0
1412120 2264.3
1412130 2264.3
1412140 2251.8
1412150 2234.3
1412160 2225.5
1412170 2225.5
1412180 2224.6
1412190 2223.0
1412200 2223.0
1412210 2218.2
1412220 2199.4
1412230 2199.4
1412240 2179.0
1412250 2168.9
1412260 2168.9
1412270 2160.4
1412280 2154.1
1412290 2154.1
1412300 2149.7
1412310 2145.6
1412320 2145.6
1412330 2141.3
1412340 2136.8
1412350 2136.8
1412360 2132.5
1412370 2128.2
1412380 2123.9
1412390 2123.9
1412400 2120.4
1412410 2116.6
1412420 2116.6
1412430 2112.9
1412440 2109.1
1412450 2109.1
1412460 2105.7
1412470 2101.7
1412480 2101.7
1412490 2097.9
1412500 2094.7
1412510 2094.7
1412520 2091.0
1412530 2087.4
1412540 2087.4
1412550 2084.1
1412560 2081.1
1412570 2081.1
1412580 2078.2
1412590 2075.5
1412600 2073.1
1412610 2073.1
1412620 2071.1
1412630 2068.7
1412640 2068.7
1412650 2067.7
1412660 2069.1
1412670 2069.1
1412680 2070.3
1412690 2071.6
1412700 2071.6
1412710 2073.0
1412720 2074.5
1412730 2074.5
1412740 2075.9
1412750 2077.0
1412760 2077.0
1412770 2078.8
1412780 2080.3
1412790 2080.9
1412800 2080.9
1412810 2081.6
1412820 2084.1
1412830 2084.1
1412840 2086.3
1412850 2088.5
1412860 2088.5
1412870 2091.0
1412880 2093.0
1412890 2093.0
1412900 2094.1
1412910 2096.9
1412920 2096.9
1412930 2101.2
1412940 2107.1
1412950 2107.1
1412960 2113.2
1412970 2119.1
1412980 2119.1
1412990 2126.2
1413000 2134.1
1413010 2140.7
1413020 2140.7
1413030 2147.3
1413040 2153.7
1413050 2153.7
1413060 2161.2
1413070 2170.2
1413080 2170.2
1413090 2183.4
1413100 2196.4
1413110 2196.4
1413120 2204.4
1413130 2210.4
1413140 2210.4
1413150 2216.2
1413160 2223.2
1413170 2223.2
1413180 2232.0
1413190 2237.3
1413200 2235.6
1413210 2240.8
1413220 2246.1
1413230 2251.8
1413240 2251.8
1413250 2257.4
1413260 2263.0
1413270 2263.0
1413280 2268.5
1413290 2274.2
1413300 2274.2
1413310 2280.1
1413320 2286.2
1413330 2286.2
1413340 2292.2
1413350 2298.3
1413360 2298.3
1413370 2304.5
1413380 2311.6
1413390 2311.6
1413400 2318.5
1413410 2325.6
1413420 2332.9
1413430 2332.9
1413440 2340.4
1413450 2348.4
1413460 2348.4
1413470 2355.7
1413480 2363.3
1413490 2363.3
1413500 2370.6
1413510 2378.3
1413520 2378.3
1413530 2385.8
1413540 2393.1
1413550 2393.1
1413560 2400.1
1413570 2407.3
1413580 2407.3
1413590 2414.7
1413600 2422.3
1413610 2422.3
1413620 2430.0
1413630 2437.0
1413640 2443.7
1413650 2443.7
1413660 2450.6
1413670 2458.6
1413680 2458.6
1413690 2466.6
1413700 2475.0
1413710 2475.0
1413720 2483.1
1413730 2490.5
1413740 2490.5
1413750 2497.8
1413760 2505.4
1413770 2505.4
1413780 2512.9
1413790 2520.6
1413800 2520.6
1413810 2528.9
1413820 2535.6
1413830 2535.6
1413840 2541.8
1413850 2547.7
1413860 2553.6
1413870 2553.6
1413880 2559.6
1413890 2566.6
1413900 2566.6
1413910 2573.6
1413920 2580.3
1413930 2580.3
1413940 2587.8
1413950 2594.8
1413960 2594.8
1413970 2599.5
1413980 2604.1
1413990 2604.1
1414000 2609.7
1414010 2615.7
1414020 2615.7
1414030 2621.8
1414040 2622.7
1414050 2627.6
1414060 2627.6
1414070 2631.8
1414080 2633.3
1414090 2633.3
1414100 2640.2
1414110 2643.4
1414120 2643.4
1414130 2648.3
1414140 2653.6
1414150 2653.6
1414160 2660.0
1414170 2666.5
1414180 2666.5
1414190 2672.1
1414200 2677.8
1414210 2677.8
1414220 2687.3
1414230 2697.3
1414240 2697.3
1414250 2700.7
1414260 2709.3
1414270 2719.9
1414280 2719.9
1414290 2725.0
1414300 2732.0
1414310 2732.0
1414320 2740.1
1414330 2747.5
1414340 2747.5
1414350 2754.4
1414360 2762.2
1414370 2762.2
1414380 2769.9
1414390 2777.0
1414400 2777.0
1414410 2787.1
1414420 2797.8
1414430 2797.8
1414440 2805.0
1414450 2812.1
1414460 2812.1
1414470 2820.5
1414480 2829.7
1414490 2837.5
1414500 2837.5
1414510 2843.9
1414520 2851.5
1414530 2851.5
1414540 2858.8
1414550 2865.9
1414560 2865.9
1414570 2868.1
1414580 2864.9
1414590 2864.9
1414600 2863.7
1414610 2864.0
1414620 2864.0
1414630 2864.2
1414640 2863.0
1414650 2863.0
1414660 2862.0
1414670 2857.3
1414680 2850.6
1414690 2850.6
1414700 2843.5
1414710 2836.0
1414720 2836.0
1414730 2829.2
1414740 2822.0
1414750 2822.0
1414760 2813.7
1414770 2805.6
1414780 2805.6
1414790 2799.6
1414800 2794.1
1414810 2794.1
1414820 2788.6
1414830 2783.4
1414840 2783.4
1414850 2778.4
1414860 2773.3
1414870 2773.3
1414880 2768.3
1414890 2763.2
1414900 2757.8
1414910 2757.8
1414920 2752.7
1414930 2748.1
1414940 2748.1
1414950 2743.5
1414960 2738.3
1414970 2738.3
1414980 2733.4
1414990 2729.1
1415000 2730.1
1415010 2725.1
1415020 2720.5
1415030 2720.5
1415040 2715.9
1415050 2711.4
1415060 2711.4
1415070 2707.9
1415080 2704.4
1415090 2704.4
1415100 2701.6
1415110 2699.9
1415120 2697.7
1415130 2697.7
1415140 2694.9
1415150 2692.3
1415160 2692.3
1415170 2689.5
1415180 2686.6
1415190 2686.6
1415200 2684.2
1415210 2681.6
1415220 2681.6
1415230 2680.1
1415240 2679.0
1415250 2679.0
1415260 2678.6
1415270 2677.4
1415280 2677.4
1415290 2675.6
1415300 2672.3
1415310 2669.8
1415320 2669.8
1415330 2667.3
1415340 2664.6
1415350 2664.6
1415360 2661.3
1415370 2658.0
1415380 2658.0
1415390 2654.5
1415400 2650.6
1415410 2650.6
1415420 2647.2
1415430 2644.8
1415440 2644.8
1415450 2642.8
1415460 2640.8
1415470 2640.8
1415480 2638.4
1415490 2634.7
1415500 2634.7
1415510 2632.2
1415520 2630.4
1415530 2628.6
1415540 2628.6
1415550 2626.9
1415560 2624.5
1415570 2624.5
1415580 2621.6
1415590 2618.9
1415600 2618.9
1415610 2616.5
1415620 2614.3
1415630 2614.3
1415640 2612.2
1415650 2608.9
1415660 2608.9
1415670 2605.8
1415680 2603.1
1415690 2603.1
1415700 2600.4
1415710 2598.2
1415720 2598.2
1415730 2596.8
1415740 2598.5
1415750 2600.1
1415760 2600.1
1415770 2599.8
1415780 2600.7
1415790 2600.7
1415800 2601.2
1415810 2600.4
1415820 2600.4
1415830 2598.2
1415840 2596.0
1415850 2596.0
1415860 2593.2
1415870 2589.5
1415880 2589.5
1415890 2586.0
1415900 2582.9
1415910 2582.9
1415920 2581.7
1415930 2580.9
1415940 2580.4
1415950 2580.4
1415960 2579.6
1415970 2579.2
1415980 2579.2
1415990 2579.7
1416000 2580.7
1416010 2580.7
1416020 2580.9
1416030 2579.7
1416040 2579.7
1416050 2576.6
1416060 2571.1
1416070 2571.1
1416080 2565.6
1416090 2560.8
1416100 2560.8
1416110 2555.6
1416120 2551.3
1416130 2551.3
1416140 2547.1
1416150 2543.3
1416160 2539.4
1416170 2539.4
1416180 2535.4
1416190 2530.6
1416200 2530.6
1416210 2525.5
1416220 2520.7
1416230 2520.7
1416240 2515.4
1416250 2510.4
1416260 2510.4
1416270 2505.6
1416280 2501.3
1416290 2501.3
1416300 2496.1
1416310 2492.4
1416320 2492.4
1416330 2490.2
1416340 2488.2
1416350 2488.2
1416360 2484.5
1416370 2481.1
1416380 2478.2
1416390 2478.2
1416400 2476.8
1416410 2476.8
1416420 2476.8
1416430 2475.9
1416440 2474.9
1416450 2474.9
1416460 2474.4
1416470 2473.7
1416480 2473.7
1416490 2472.9
1416500 2472.0
1416510 2472.0
1416520 2471.9
1416530 2472.3
1416540 2472.3
1416550 2472.6
1416560 2472.7
1416570 2472.8
1416580 2472.8
1416590 2473.1
1416600 2473.4
1416610 2473.4
1416620 2473.7
1416630 2474.5
1416640 2474.5
1416650 2475.2
1416660 2475.6
1416670 2475.6
1416680 2476.3
1416690 2477.4
1416700 2477.4
1416710 2478.9
1416720 2480.6
1416730 2480.6
1416740 2482.0
1416750 2483.5
1416760 2483.5
1416770 2486.1
1416780 2487.7
1416790 2487.9
1416800 2487.9
1416810 2488.2
1416820 2488.8
1416830 2488.8
1416840 2493.7
1416850 2494.8
1416860 2494.8
1416870 2496.8
1416880 2498.0
1416890 2498.0
1416900 2501.2
1416910 2506.7
1416920 2506.7
1416930 2512.3
1416940 2515.7
1416950 2515.7
1416960 2517.3
1416970 2518.0
1416980 2518.0
1416990 2518.0
1417000 2518.2
1417010 2518.6
1417020 2518.6
1417030 2518.4
1417040 2517.5
1417050 2517.5
1417060 2516.8
1417070 2516.6
1417080 2516.6
1417090 2516.7
1417100 2517.6
1417110 2517.6
1417120 2518.7
1417130 2518.6
1417140 2518.6
1417150 2518.2
1417160 2517.9
1417170 2517.9
1417180 2517.5
1417190 2516.6
1417200 2515.5
1417210 2515.5
1417220 2513.7
1417230 2512.3
1417240 2512.3
1417250 2511.4
1417260 2510.5
1417270 2510.5
1417280 2509.6
1417290 2507.8
1417300 2507.8
1417310 2505.1
1417320 2502.5
1417330 2502.5
1417340 2499.2
1417350 2495.4
1417360 2495.4
1417370 2491.2
1417380 2486.2
1417390 2486.2
1417400 2481.3
1417410 2476.1
1417420 2471.0
1417430 2471.0
1417440 2465.8
1417450 2460.9
1417460 2460.9
1417470 2456.2
1417480 2451.4
1417490 2451.4
1417500 2446.6
1417510 2442.2
1417520 2442.2
1417530 2438.8
1417540 2435.9
1417550 2435.9
1417560 2432.9
1417570 2429.5
1417580 2429.5
1417590 2425.9
1417600 2422.6
1417610 2422.6
1417620 2419.4
1417630 2416.2
1417640 2412.3
1417650 2412.3
1417660 2408.3
1417670 2404.6
1417680 2404.6
1417690 2401.1
1417700 2397.1
1417710 2397.1
1417720 2393.6
1417730 2389.9
1417740 2389.9
1417750 2385.3
1417760 2379.7
1417770 2379.7
1417780 2373.8
1417790 2368.2
1417800 2368.2
1417810 2362.5
1417820 2356.6
1417830 2350.4
1417840 2350.4
1417850 2344.5
1417860 2339.0
1417870 2339.0
1417880 2333.9
1417890 2329.7
1417900 2329.7
1417910 2325.4
1417920 2321.6
1417930 2321.6
1417940 2319.6
1417950 2316.1
1417960 2316.1
1417970 2313.2
1417980 2307.5
1417990 2307.5
1418000 2303.0
1418010 2298.7
1418020 2298.7
1418030 2293.5
1418040 2288.3
1418050 2282.3
1418060 2282.3
1418070 2276.3
1418080 2271.2
1418090 2271.2
1418100 2266.2
1418110 2261.5
1418120 2261.5
1418130 2257.7
1418140 2254.1
1418150 2254.1
1418160 2250.1
1418170 2245.2
1418180 2245.2
1418190 2239.8
1418200 2234.5
1418210 2234.5
1418220 2229.7
1418230 2226.0
1418240 2226.0
1418250 2221.9
1418260 2218.5
1418270 2215.7
1418280 2215.7
1418290 2212.7
1418300 2209.9
1418310 2209.9
1418320 2207.2
1418330 2204.9
1418340 2204.9
1418350 2202.6
1418360 2200.3
1418370 2200.3
1418380 2198.5
1418390 2197.2
1418400 2197.2
1418410 2196.1
1418420 2194.9
1418430 2194.9
1418440 2193.8
1418450 2192.9
1418460 2192.0
1418470 2192.0
1418480 2190.9
1418490 2189.9
1418500 2189.9
1418510 2188.7
1418520 2191.1
1418530 2191.1
1418540 2194.4
1418550 2199.5
1418560 2199.5
1418570 2202.4
1418580 2204.0
1418590 2204.0
1418600 2206.6
1418610 2209.8
1418620 2209.8
1418630 2213.0
1418640 2218.1
1418650 2218.1
1418660 2223.5
1418670 2227.9
1418680 2230.9
1418690 2230.9
1418700 2233.9
1418710 2236.6
1418720 2236.6
1418730 2239.5
1418740 2245.4
1418750 2245.4
1418760 2249.9
1418770 2253.8
1418780 2253.8
1418790 2257.0
1418800 2263.6
1418810 2263.6
1418820 2273.7
1418830 2280.7
1418840 2280.7
1418850 2286.3
1418860 2292.0
1418870 2292.0
1418880 2296.2
1418890 2301.0
1418900 2307.0
1418910 2307.0
1418920 2314.3
1418930 2321.5
1418940 2321.5
1418950 2329.5
1418960 2336.1
1418970 2336.1
1418980 2342.6
1418990 2349.1
1419000 2349.1
1419010 2356.3
1419020 2363.5
1419030 2363.5
1419040 2371.2
1419050 2378.4
1419060 2378.4
1419070 2385.0
1419080 2391.4
1419090 2396.7
1419100 2396.7
1419110 2401.1
1419120 2405.7
1419130 2405.7
1419140 2409.2
1419150 2412.1
1419160 2412.1
1419170 2415.1
1419180 2418.5
1419190 2418.5
1419200 2422.3
1419210 2426.0
1419220 2426.0
1419230 2431.6
1419240 2437.4
1419250 2437.4
1419260 2443.2
1419270 2447.4
1419280 2447.4
1419290 2450.8
1419300 2455.7
1419310 2462.0
1419320 2462.0
1419330 2469.1
1419340 2475.9
1419350 2475.9
1419360 2482.2
1419370 2488.2
1419380 2488.2
1419390 2494.2
1419400 2499.2
1419410 2499.2
1419420 2503.7
1419430 2508.0
1419440 2508.0
1419450 2513.4
1419460 2518.5
1419470 2518.5
1419480 2522.7
1419490 2527.1
1419500 2527.1
1419510 2531.7
1419520 2537.4
1419530 2544.2
1419540 2544.2
1419550 2553.1
1419560 2560.5
1419570 2560.5
1419580 2564.1
1419590 2563.7
1419600 2563.7
1419610 2569.2
1419620 2570.5
1419630 2570.5
1419640 2572.0
1419650 2576.1
1419660 2576.1
1419670 2580.3
1419680 2584.3
1419690 2584.3
1419700 2586.4
1419710 2588.6
1419720 2588.3
1419730 2588.3
1419740 2588.8
1419750 2589.1
1419760 2589.1
1419770 2587.8
1419780 2587.2
1419790 2587.2
1419800 2587.5
1419810 2586.8
1419820 2586.8
1419830 2586.4
1419840 2585.9
1419850 2585.9
1419860 2585.5
1419870 2584.4
1419880 2584.4
1419890 2585.2
1419900 2587.1
1419910 2587.1
1419920 2587.7
1419930 2588.6
1419940 2588.4
1419950 2588.4
1419960 2589.2
1419970 2590.9
1419980 2590.9
1419990 2590.5
