1400000 2869.3
1400010 2869.3
1400020 2863.9
1400030 2848.0
1400040 2848.0
1400050 2833.2
1400060 2820.8
1400070 2809.3
1400080 2809.3
1400090 2800.2
1400100 2792.8
1400110 2792.8
1400120 2784.9
1400130 2775.6
1400140 2775.6
1400150 2764.8
1400160 2752.3
1400170 2752.3
1400180 2736.3
1400190 2718.7
1400200 2718.7
1400210 2706.3
1400220 2698.9
1400230 2698.9
1400240 2691.7
1400250 2684.6
1400260 2684.6
1400270 2677.7
1400280 2671.1
1400290 2664.9
1400300 2664.9
1400310 2658.6
1400320 2651.8
1400330 2648.7
1400340 2642.4
1400350 2636.4
1400360 2636.4
1400370 2630.5
1400380 2624.4
1400390 2624.4
1400400 2618.2
1400410 2612.1
1400420 2612.1
1400430 2606.1
1400440 2600.5
1400450 2600.5
1400460 2595.8
1400470 2592.0
1400480 2588.8
1400490 2588.8
1400500 2585.1
1400510 2582.2
1400520 2582.2
1400530 2579.6
1400540 2577.5
1400550 2577.5
1400560 2575.4
1400570 2573.9
1400580 2573.9
1400590 2573.0
1400600 2572.5
1400610 2572.5
1400620 2572.5
1400630 2573.1
1400640 2573.1
1400650 2573.5
1400660 2574.1
1400670 2574.1
1400680 2574.7
1400690 2575.2
1400700 2575.8
1400710 2575.8
1400720 2576.7
1400730 2578.1
1400740 2578.1
1400750 2579.8
1400760 2581.6
1400770 2581.6
1400780 2583.7
1400790 2586.6
1400800 2586.6
1400810 2588.6
1400820 2590.4
1400830 2590.4
1400840 2592.6
1400850 2594.9
1400860 2594.9
1400870 2597.2
1400880 2599.9
1400890 2599.9
1400900 2602.7
1400910 2605.2
1400920 2608.2
1400930 2608.2
1400940 2611.7
1400950 2616.1
1400960 2616.1
1400970 2622.5
1400980 2628.0
1400990 2628.0
1401000 2631.7
1401010 2634.6
1401020 2634.6
1401030 2637.0
1401040 2640.6
1401050 2640.6
1401060 2645.8
1401070 2650.7
1401080 2650.7
1401090 2655.6
1401100 2660.8
1401110 2666.4
1401120 2666.4
1401130 2672.2
1401140 2677.7
1401150 2677.7
1401160 2682.8
1401170 2688.1
1401180 2688.1
1401190 2693.7
1401200 2700.3
1401210 2700.3
1401220 2708.4
1401230 2716.6
1401240 2716.6
1401250 2724.9
1401260 2734.4
1401270 2734.4
1401280 2744.4
1401290 2753.5
1401300 2753.5
1401310 2762.8
1401320 2771.1
1401330 2781.1
1401340 2781.1
1401350 2790.0
1401360 2796.7
1401370 2796.7
1401380 2802.8
1401390 2807.4
1401400 2807.4
1401410 2814.7
1401420 2822.5
1401430 2822.5
1401440 2828.1
1401450 2835.8
1401460 2835.8
1401470 2844.4
1401480 2852.3
1401490 2852.3
1401500 2861.5
1401510 2869.8
1401520 2869.8
1401530 2878.6
1401540 2887.6
1401550 2896.4
1401560 2896.4
1401570 2904.8
1401580 2912.9
1401590 2912.9
1401600 2921.4
1401610 2929.7
1401620 2929.7
1401630 2937.6
1401640 2946.2
1401650 2946.2
1401660 2955.1
1401670 2963.9
1401680 2963.9
1401690 2973.0
1401700 2982.8
1401710 2982.8
1401720 2993.0
1401730 3003.3
1401740 3015.8
1401750 3015.8
1401760 3024.2
1401770 3014.6
1401780 3014.6
1401790 3009.6
1401800 3005.0
1401810 3005.0
1401820 3000.2
1401830 3000.4
1401840 2985.6
1401850 2991.8
1401860 3000.0
1401870 3000.0
1401880 2990.9
1401890 2979.2
1401900 2979.2
1401910 2970.9
1401920 2971.7
1401930 2971.7
1401940 2978.6
1401950 2978.9
1401960 2977.9
1401970 2977.9
1401980 2978.4
1401990 2984.1
1402000 2984.1
1402010 2987.3
1402020 2986.4
1402030 2986.4
1402040 2991.1
1402050 2987.6
1402060 2987.6
1402070 2964.1
1402080 2948.2
1402090 2948.2
1402100 2937.4
1402110 2929.4
1402120 2929.4
1402130 2923.4
1402140 2914.7
1402150 2914.7
1402160 2905.1
1402170 2896.0
1402180 2886.8
1402190 2886.8
1402200 2870.7
1402210 2854.4
1402220 2854.4
1402230 2844.1
1402240 2836.5
1402250 2836.5
1402260 2835.0
1402270 2832.8
1402280 2832.8
1402290 2824.0
1402300 2803.2
1402310 2803.2
1402320 2771.8
1402330 2738.5
1402340 2738.5
1402350 2710.6
1402360 2681.1
1402370 2666.5
1402380 2666.5
1402390 2658.2
1402400 2650.5
1402410 2650.5
1402420 2642.8
1402430 2635.2
1402440 2635.2
1402450 2627.8
1402460 2620.7
1402470 2620.7
1402480 2614.3
1402490 2608.8
1402500 2608.8
1402510 2603.5
1402520 2598.3
1402530 2598.3
1402540 2593.4
1402550 2588.2
1402560 2588.2
1402570 2582.9
1402580 2577.6
1402590 2572.6
1402600 2572.6
1402610 2568.2
1402620 2564.0
1402630 2564.0
1402640 2559.7
1402650 2556.4
1402660 2556.4
1402670 2553.7
1402680 2551.4
1402690 2551.4
1402700 2549.7
1402710 2548.3
1402720 2548.3
1402730 2547.4
1402740 2546.5
1402750 2546.5
1402760 2546.7
1402770 2548.2
1402780 2548.2
1402790 2551.1
1402800 2555.9
1402810 2560.9
1402820 2560.9
1402830 2566.3
1402840 2572.0
1402850 2572.0
1402860 2578.7
1402870 2585.7
1402880 2585.7
1402890 2592.8
1402900 2602.0
1402910 2602.0
1402920 2614.2
1402930 2627.7
1402940 2627.7
1402950 2639.0
1402960 2650.5
1402970 2650.5
1402980 2659.2
1402990 2667.7
1403000 2683.1
1403010 2683.1
1403020 2731.0
1403030 2751.3
1403040 2751.3
1403050 2763.4
1403060 2774.1
1403070 2774.1
1403080 2772.7
1403090 2761.2
1403100 2761.2
1403110 2752.7
1403120 2746.3
1403130 2746.3
1403140 2740.6
1403150 2731.3
1403160 2731.3
1403170 2718.9
1403180 2705.3
1403190 2705.3
1403200 2697.2
1403210 2690.0
1403220 2682.7
1403230 2682.7
1403240 2675.8
1403250 2668.9
1403260 2668.9
1403270 2662.4
1403280 2656.1
1403290 2656.1
1403300 2649.7
1403310 2643.4
1403320 2643.4
1403330 2636.9
1403340 2630.1
1403350 2630.1
1403360 2622.6
1403370 2613.0
1403380 2613.0
1403390 2606.6
1403400 2598.0
1403410 2598.0
1403420 2588.8
1403430 2573.0
1403440 2555.7
1403450 2555.7
1403460 2537.8
1403470 2525.6
1403480 2525.6
1403490 2508.5
1403500 2492.4
1403510 2492.4
1403520 2482.7
1403530 2474.6
1403540 2474.6
1403550 2467.0
1403560 2459.0
1403570 2459.0
1403580 2450.3
1403590 2442.0
1403600 2442.0
1403610 2432.8
1403620 2422.9
1403630 2410.4
1403640 2410.4
1403650 2396.9
1403660 2386.5
1403670 2386.5
1403680 2377.5
1403690 2367.4
1403700 2367.4
1403710 2357.5
1403720 2347.5
1403730 2347.5
1403740 2338.4
1403750 2329.9
1403760 2329.9
1403770 2321.4
1403780 2311.7
1403790 2311.7
1403800 2304.2
1403810 2298.9
1403820 2298.9
1403830 2295.9
1403840 2293.7
1403850 2290.7
1403860 2290.7
1403870 2286.0
1403880 2280.3
1403890 2280.3
1403900 2275.7
1403910 2269.5
1403920 2269.5
1403930 2260.2
1403940 2248.2
1403950 2248.2
1403960 2235.3
1403970 2226.1
1403980 2226.1
1403990 2218.1
1404000 2209.9
1404010 2209.9
1404020 2200.3
1404030 2194.9
1404040 2194.9
1404050 2192.0
1404060 2183.3
1404070 2166.7
1404080 2166.7
1404090 2146.9
1404100 2132.9
1404110 2132.9
1404120 2122.2
1404130 2112.8
1404140 2112.8
1404150 2105.0
1404160 2097.4
1404170 2097.4
1404180 2088.0
1404190 2076.4
1404200 2076.4
1404210 2059.3
1404220 2042.1
1404230 2042.1
1404240 2038.4
1404250 2033.7
1404260 2013.7
1404270 2013.7
1404280 2004.2
1404290 2011.8
1404300 2011.8
1404310 2009.2
1404320 1999.3
1404330 1999.3
1404340 1990.3
1404350 1983.8
1404360 1983.8
1404370 1978.2
1404380 1973.5
1404390 1973.5
1404400 1970.4
1404410 1965.1
1404420 1965.1
1404430 1957.7
1404440 1939.0
1404450 1939.0
1404460 1920.5
1404470 1909.7
1404480 1899.8
1404490 1899.8
1404500 1890.0
1404510 1881.1
1404520 1881.1
1404530 1872.8
1404540 1864.5
1404550 1864.5
1404560 1857.4
1404570 1850.9
1404580 1850.9
1404590 1844.6
1404600 1838.3
1404610 1838.3
1404620 1832.1
1404630 1825.7
1404640 1825.7
1404650 1819.0
1404660 1812.3
1404670 1812.3
1404680 1806.0
1404690 1800.0
1404700 1792.5
1404710 1792.5
1404720 1784.0
1404730 1776.7
1404740 1776.7
1404750 1769.6
1404760 1760.3
1404770 1760.3
1404780 1751.9
1404790 1744.3
1404800 1744.3
1404810 1736.9
1404820 1724.3
1404830 1724.3
1404840 1707.6
1404850 1690.0
1404860 1690.0
1404870 1674.6
1404880 1668.6
1404890 1668.6
1404900 1665.3
1404910 1661.2
1404920 1656.1
1404930 1656.1
1404940 1651.0
1404950 1646.7
1404960 1646.7
1404970 1646.4
1404980 1644.2
1404990 1644.2
1405000 1643.0
1405010 1642.1
1405020 1642.1
1405030 1641.2
1405040 1640.1
1405050 1640.1
1405060 1638.7
1405070 1637.1
1405080 1637.1
1405090 1635.5
1405100 1633.4
1405110 1631.5
1405120 1631.5
1405130 1629.6
1405140 1627.9
1405150 1627.9
1405160 1625.8
1405170 1623.5
1405180 1623.5
1405190 1618.1
1405200 1609.9
1405210 1609.9
1405220 1605.9
1405230 1608.9
1405240 1608.9
1405250 1616.3
1405260 1623.5
1405270 1623.5
1405280 1634.7
1405290 1647.9
1405300 1647.9
1405310 1662.2
1405320 1678.2
1405330 1692.9
1405340 1692.9
1405350 1704.6
1405360 1715.5
1405370 1715.5
1405380 1731.4
1405390 1745.3
1405400 1745.3
1405410 1753.3
1405420 1760.2
1405430 1760.2
1405440 1767.6
1405450 1775.1
1405460 1775.1
1405470 1782.6
1405480 1790.8
1405490 1790.8
1405500 1802.4
1405510 1815.8
1405520 1815.8
1405530 1826.5
1405540 1836.7
1405550 1849.3
1405560 1849.3
1405570 1862.4
1405580 1873.5
1405590 1873.5
1405600 1884.9
1405610 1895.4
1405620 1895.4
1405630 1902.4
1405640 1909.6
1405650 1909.6
1405660 1918.2
1405670 1925.0
1405680 1925.0
1405690 1930.8
1405700 1936.2
1405710 1936.2
1405720 1941.9
1405730 1950.6
1405740 1958.4
1405750 1958.4
1405760 1965.1
1405770 1972.5
1405780 1972.5
1405790 1980.7
1405800 1990.2
1405810 1990.2
1405820 2000.1
1405830 2010.0
1405840 2010.0
1405850 2019.3
1405860 2032.5
1405870 2032.5
1405880 2044.6
1405890 2055.0
1405900 2055.0
1405910 2065.4
1405920 2075.4
1405930 2075.4
1405940 2081.5
1405950 2085.7
1405960 2090.6
1405970 2090.6
1405980 2094.5
1405990 2098.2
1406000 2098.2
1406010 2102.0
1406020 2107.6
1406030 2107.6
1406040 2113.7
1406050 2121.1
1406060 2121.1
1406070 2128.5
1406080 2135.8
1406090 2135.8
1406100 2143.1
1406110 2151.4
1406120 2151.4
1406130 2159.7
1406140 2168.6
1406150 2168.6
1406160 2181.0
1406170 2193.6
1406180 2209.6
1406190 2209.6
1406200 2223.8
1406210 2201.7
1406220 2201.7
1406230 2189.0
1406240 2187.5
1406250 2187.5
1406260 2186.3
1406270 2183.0
1406280 2183.0
1406290 2180.2
1406300 2179.2
1406310 2179.2
1406320 2179.5
1406330 2178.4
1406340 2178.4
1406350 2177.5
1406360 2178.7
1406370 2177.4
1406380 2177.4
1406390 2178.5
1406400 2185.1
1406410 2185.1
1406420 2190.8
1406430 2192.0
1406440 2192.0
1406450 2197.1
1406460 2199.9
1406470 2199.9
1406480 2201.3
1406490 2206.0
1406500 2206.0
1406510 2213.7
1406520 2219.5
1406530 2219.5
1406540 2218.4
1406550 2216.8
1406560 2216.8
1406570 2214.6
1406580 2202.1
1406590 2199.7
1406600 2199.7
1406610 2195.7
1406620 2194.3
1406630 2194.3
1406640 2192.4
1406650 2183.3
1406660 2183.3
1406670 2172.3
1406680 2165.5
1406690 2165.5
1406700 2164.5
1406710 2164.9
1406720 2164.9
1406730 2165.0
1406740 2166.5
1406750 2166.5
1406760 2166.3
1406770 2166.4
1406780 2166.4
1406790 2163.6
1406800 2161.7
1406810 2163.1
1406820 2163.1
1406830 2164.8
1406840 2162.2
1406850 2162.2
1406860 2156.3
1406870 2156.5
1406880 2156.5
1406890 2155.9
1406900 2155.7
1406910 2155.7
1406920 2153.3
1406930 2150.8
1406940 2150.8
1406950 2145.3
1406960 2136.2
1406970 2136.2
1406980 2132.4
1406990 2130.1
1407000 2122.8
1407010 2122.8
1407020 2113.4
1407030 2107.1
1407040 2107.1
1407050 2099.4
1407060 2095.0
1407070 2095.0
1407080 2093.6
1407090 2088.5
1407100 2088.5
1407110 2082.9
1407120 2081.3
1407130 2081.3
1407140 2080.1
1407150 2078.9
1407160 2078.9
1407170 2078.1
1407180 2077.6
1407190 2077.6
1407200 2078.3
1407210 2078.1
1407220 2077.8
1407230 2077.8
1407240 2078.7
1407250 2085.0
1407260 2085.0
1407270 2090.1
1407280 2089.6
1407290 2089.6
1407300 2087.3
1407310 2083.1
1407320 2083.1
1407330 2079.5
1407340 2079.0
1407350 2079.0
1407360 2080.3
1407370 2081.2
1407380 2081.2
1407390 2080.3
1407400 2078.1
1407410 2078.1
1407420 2079.7
1407430 2081.1
1407440 2077.7
1407450 2077.7
1407460 2074.2
1407470 2073.9
1407480 2073.9
1407490 2072.8
1407500 2072.5
1407510 2072.5
1407520 2070.4
1407530 2069.1
1407540 2069.1
1407550 2068.9
1407560 2071.3
1407570 2071.3
1407580 2070.6
1407590 2068.4
1407600 2068.4
1407610 2070.2
1407620 2077.5
1407630 2084.2
1407640 2084.2
1407650 2085.4
1407660 2087.9
1407670 2087.9
1407680 2095.5
1407690 2101.1
1407700 2101.1
1407710 2100.8
1407720 2097.9
1407730 2097.9
1407740 2095.6
1407750 2095.1
1407760 2095.1
1407770 2094.2
1407780 2092.5
1407790 2092.5
1407800 2091.6
1407810 2088.0
1407820 2088.0
1407830 2087.8
1407840 2088.8
1407850 2086.8
1407860 2086.8
1407870 2084.2
1407880 2083.6
1407890 2083.6
1407900 2081.8
1407910 2081.9
1407920 2081.9
1407930 2082.4
1407940 2082.0
1407950 2082.0
1407960 2081.0
1407970 2082.8
1407980 2082.8
1407990 2083.1
1408000 2080.3
1408010 2080.3
1408020 2077.5
1408030 2078.4
1408040 2078.4
1408050 2085.2
1408060 2088.1
1408070 2085.5
1408080 2085.5
1408090 2083.0
1408100 2084.0
1408110 2084.0
1408120 2089.1
1408130 2090.7
1408140 2090.7
1408150 2093.0
1408160 2094.8
1408170 2094.8
1408180 2097.9
1408190 2101.5
1408200 2101.5
1408210 2104.1
1408220 2098.9
1408230 2098.9
1408240 2099.5
1408250 2100.3
1408260 2101.3
1408270 2101.3
1408280 2098.1
1408290 2092.9
1408300 2092.9
1408310 2090.9
1408320 2093.4
1408330 2093.4
1408340 2095.3
1408350 2099.4
1408360 2099.4
1408370 2106.6
1408380 2112.0
1408390 2112.0
1408400 2115.0
1408410 2118.5
1408420 2118.5
1408430 2122.0
1408440 2125.4
1408450 2125.4
1408460 2129.1
1408470 2132.6
1408480 2135.4
1408490 2135.4
1408500 2138.6
1408510 2141.6
1408520 2141.6
1408530 2144.3
1408540 2148.3
1408550 2148.3
1408560 2152.6
1408570 2156.2
1408580 2156.2
1408590 2159.5
1408600 2162.0
1408610 2162.0
1408620 2165.4
1408630 2169.6
1408640 2169.6
1408650 2172.8
1408660 2177.0
1408670 2177.0
1408680 2180.7
1408690 2183.9
1408700 2187.8
1408710 2187.8
1408720 2191.5
1408730 2195.4
1408740 2195.4
1408750 2200.2
1408760 2204.8
1408770 2204.8
1408780 2208.1
1408790 2211.7
1408800 2211.7
1408810 2216.3
1408820 2219.3
1408830 2219.3
1408840 2220.7
1408850 2222.3
1408860 2222.3
1408870 2224.0
1408880 2224.4
1408890 2225.1
1408900 2225.1
1408910 2226.2
1408920 2228.7
1408930 2228.7
1408940 2231.8
1408950 2235.6
1408960 2235.6
1408970 2239.4
1408980 2243.0
1408990 2243.0
1409000 2245.7
1409010 2247.8
1409020 2247.8
1409030 2248.6
1409040 2248.3
1409050 2248.3
1409060 2247.8
1409070 2247.3
1409080 2247.3
1409090 2247.2
1409100 2248.7
1409110 2251.9
1409120 2251.9
1409130 2254.2
1409140 2254.0
1409150 2254.0
1409160 2253.8
1409170 2254.2
1409180 2254.2
1409190 2254.2
1409200 2254.3
1409210 2254.3
1409220 2254.5
1409230 2253.9
1409240 2253.9
1409250 2252.9
1409260 2252.7
1409270 2252.7
1409280 2254.2
1409290 2256.6
1409300 2256.6
1409310 2258.5
1409320 2260.5
1409330 2261.7
1409340 2261.7
1409350 2262.1
1409360 2263.0
1409370 2263.0
1409380 2263.5
1409390 2263.4
1409400 2263.4
1409410 2263.1
1409420 2262.0
1409430 2262.0
1409440 2260.9
1409450 2259.2
1409460 2259.2
1409470 2257.6
1409480 2254.2
1409490 2254.2
1409500 2249.9
1409510 2246.6
1409520 2241.8
1409530 2241.8
1409540 2235.7
1409550 2230.2
1409560 2230.2
1409570 2225.1
1409580 2219.7
1409590 2219.7
1409600 2215.0
1409610 2210.2
1409620 2210.2
1409630 2205.3
1409640 2201.3
1409650 2201.3
1409660 2197.8
1409670 2193.9
1409680 2193.9
1409690 2190.0
1409700 2187.4
1409710 2187.4
1409720 2186.5
1409730 2186.6
1409740 2186.7
1409750 2186.7
1409760 2186.8
1409770 2186.9
1409780 2186.9
1409790 2186.7
1409800 2186.6
1409810 2186.6
1409820 2186.6
1409830 2186.8
1409840 2186.8
1409850 2187.0
1409860 2187.4
1409870 2187.4
1409880 2188.0
1409890 2188.3
1409900 2188.3
1409910 2188.5
1409920 2188.5
1409930 2188.5
1409940 2188.7
1409950 2188.8
1409960 2189.2
1409970 2189.2
1409980 2189.6
1409990 2189.8
1410000 2189.8
1410010 2190.0
1410020 2190.8
1410030 2190.8
1410040 2192.8
1410050 2195.7
1410060 2195.7
1410070 2198.1
1410080 2200.4
1410090 2200.4
1410100 2203.2
1410110 2206.9
1410120 2206.9
1410130 2209.3
1410140 2211.3
1410150 2211.3
1410160 2215.8
1410170 2220.8
1410180 2226.8
1410190 2226.8
1410200 2232.3
1410210 2237.1
1410220 2237.1
1410230 2243.6
1410240 2251.5
1410250 2251.5
1410260 2258.5
1410270 2272.5
1410280 2272.5
1410290 2284.4
1410300 2292.0
1410310 2292.0
1410320 2300.9
1410330 2310.3
1410340 2310.3
1410350 2320.2
1410360 2329.3
1410370 2337.4
1410380 2337.4
1410390 2343.0
1410400 2347.6
1410410 2347.6
1410420 2353.4
1410430 2358.9
1410440 2358.9
1410450 2364.6
1410460 2371.1
1410470 2371.1
1410480 2378.4
1410490 2384.0
1410500 2384.0
1410510 2388.4
1410520 2393.5
1410530 2393.5
1410540 2400.8
1410550 2407.6
1410560 2407.6
1410570 2412.6
1410580 2417.2
1410590 2421.4
1410600 2421.4
1410610 2426.6
1410620 2433.3
1410630 2433.3
1410640 2440.4
1410650 2445.9
1410660 2445.9
1410670 2451.5
1410680 2457.2
1410690 2457.2
1410700 2461.8
1410710 2467.4
1410720 2467.4
1410730 2474.7
1410740 2481.8
1410750 2481.8
1410760 2490.4
1410770 2498.9
1410780 2498.9
1410790 2508.0
1410800 2516.4
1410810 2523.4
1410820 2523.4
1410830 2531.0
1410840 2539.6
1410850 2539.6
1410860 2548.2
1410870 2555.6
1410880 2555.6
1410890 2562.4
1410900 2568.8
1410910 2568.8
1410920 2575.7
1410930 2583.4
1410940 2583.4
1410950 2591.0
1410960 2598.2
1410970 2598.2
1410980 2605.0
1410990 2611.7
1411000 2618.6
1411010 2618.6
1411020 2625.7
1411030 2632.6
1411040 2632.6
1411050 2639.1
1411060 2645.6
1411070 2645.6
1411080 2652.0
1411090 2658.0
1411100 2658.0
1411110 2663.9
1411120 2669.7
1411130 2669.7
1411140 2675.5
1411150 2681.2
1411160 2681.2
1411170 2686.9
1411180 2692.3
1411190 2692.3
1411200 2697.7
1411210 2703.0
1411220 2707.3
1411230 2707.3
1411240 2710.0
1411250 2713.4
1411260 2713.4
1411270 2717.0
1411280 2719.9
1411290 2719.9
1411300 2725.3
1411310 2731.2
1411320 2731.2
1411330 2741.8
1411340 2748.3
1411350 2748.3
1411360 2748.6
1411370 2747.1
1411380 2747.1
1411390 2742.5
1411400 2733.9
1411410 2733.9
1411420 2723.9
1411430 2703.9
1411440 2683.8
1411450 2683.8
1411460 2678.7
1411470 2672.8
1411480 2672.8
1411490 2668.9
1411500 2666.9
1411510 2666.9
1411520 2664.6
1411530 2667.0
1411540 2667.0
1411550 2665.2
1411560 2659.3
1411570 2659.3
1411580 2652.5
1411590 2645.0
1411600 2645.0
1411610 2633.4
1411620 2631.3
1411630 2632.4
1411640 2632.4
1411650 2627.7
1411660 2621.9
1411670 2621.9
1411680 2614.5
1411690 2601.9
1411700 2601.9
1411710 2593.2
1411720 2587.1
1411730 2587.1
1411740 2584.8
1411750 2580.5
1411760 2580.5
1411770 2563.7
1411780 2552.1
1411790 2552.1
1411800 2552.1
1411810 2552.8
1411820 2552.8
1411830 2551.0
1411840 2547.1
1411850 2535.4
1411860 2535.4
1411870 2530.3
1411880 2528.2
1411890 2528.2
1411900 2528.0
1411910 2526.4
1411920 2526.4
1411930 2521.4
1411940 2514.7
1411950 2514.7
1411960 2508.8
1411970 2497.5
1411980 2497.5
1411990 2486.9
1412000 2481.1
1412010 2481.1
1412020 2475.4
1412030 2470.3
1412040 2470.3
1412050 2464.5
1412060 2452.0
1412070 2431.1
1412080 2431.1
1412090 2406.2
1412100 2373.0
1412110 2373.0
1412120 2348.3
1412130 2338.7
1412140 2338.7
1412150 2338.3
1412160 2337.5
1412170 2337.5
1412180 2334.5
1412190 2324.2
1412200 2324.2
1412210 2300.2
1412220 2287.7
1412230 2287.7
1412240 2275.8
1412250 2253.1
1412260 2242.7
1412270 2242.7
1412280 2236.8
1412290 2229.8
1412300 2229.8
1412310 2223.4
1412320 2216.6
1412330 2216.6
1412340 2210.7
1412350 2205.5
1412360 2205.5
1412370 2199.9
1412380 2193.1
1412390 2193.1
1412400 2187.2
1412410 2180.9
1412420 2180.9
1412430 2174.5
1412440 2168.1
1412450 2168.1
1412460 2162.2
1412470 2156.5
1412480 2150.8
1412490 2150.8
1412500 2145.5
1412510 2140.9
1412520 2140.9
1412530 2136.1
1412540 2130.9
1412550 2130.9
1412560 2126.1
1412570 2121.7
1412580 2121.7
1412590 2117.2
1412600 2112.9
1412610 2112.9
1412620 2108.9
1412630 2104.7
1412640 2104.7
1412650 2100.1
1412660 2098.3
1412670 2098.3
1412680 2095.2
1412690 2094.8
1412700 2100.7
1412710 2100.7
1412720 2102.6
1412730 2105.5
1412740 2105.5
1412750 2109.2
1412760 2111.4
1412770 2111.4
1412780 2112.2
1412790 2115.2
1412800 2115.2
1412810 2122.6
1412820 2124.7
1412830 2124.7
1412840 2133.4
1412850 2148.8
1412860 2148.8
1412870 2156.2
1412880 2162.7
1412890 2167.8
1412900 2167.8
1412910 2172.8
1412920 2178.4
1412930 2178.4
1412940 2184.6
1412950 2186.8
1412960 2186.8
1412970 2184.3
1412980 2182.1
1412990 2182.1
1413000 2181.2
1413010 2181.1
1413020 2181.1
1413030 2181.0
1413040 2184.3
1413050 2184.3
1413060 2187.5
1413070 2190.8
1413080 2190.8
1413090 2194.2
1413100 2197.7
1413110 2201.2
1413120 2201.2
1413130 2204.5
1413140 2207.2
1413150 2207.2
1413160 2210.5
1413170 2213.6
1413180 2213.6
1413190 2216.5
1413200 2219.5
1413210 2219.5
1413220 2222.2
1413230 2225.4
1413240 2225.4
1413250 2232.3
1413260 2243.1
1413270 2243.1
1413280 2249.3
1413290 2254.8
1413300 2254.8
1413310 2260.7
1413320 2266.3
1413330 2272.6
1413340 2272.6
1413350 2278.1
1413360 2284.0
1413370 2290.6
1413380 2298.6
1413390 2307.7
1413400 2307.7
1413410 2317.7
1413420 2327.7
1413430 2327.7
1413440 2333.7
1413450 2339.7
1413460 2339.7
1413470 2351.4
1413480 2357.9
1413490 2357.9
1413500 2363.8
1413510 2368.0
1413520 2375.1
1413530 2375.1
1413540 2389.0
1413550 2398.3
1413560 2398.3
1413570 2405.4
1413580 2411.4
1413590 2411.4
1413600 2417.4
1413610 2423.3
1413620 2423.3
1413630 2430.2
1413640 2438.0
1413650 2438.0
1413660 2445.1
1413670 2451.8
1413680 2451.8
1413690 2458.4
1413700 2465.1
1413710 2465.1
1413720 2471.8
1413730 2478.5
1413740 2485.1
1413750 2485.1
1413760 2492.0
1413770 2498.7
1413780 2498.7
1413790 2505.3
1413800 2512.6
1413810 2512.6
1413820 2519.7
1413830 2526.7
1413840 2526.7
1413850 2533.6
1413860 2540.6
1413870 2540.6
1413880 2548.0
1413890 2555.3
1413900 2555.3
1413910 2563.0
1413920 2570.3
1413930 2570.3
1413940 2576.8
1413950 2582.8
1413960 2588.9
1413970 2588.9
1413980 2596.1
1413990 2603.0
1414000 2603.0
1414010 2610.1
1414020 2615.5
1414030 2615.5
1414040 2618.2
1414050 2621.2
1414060 2621.2
1414070 2626.7
1414080 2635.9
1414090 2635.9
1414100 2646.3
1414110 2651.9
1414120 2651.9
1414130 2654.8
1414140 2657.9
1414150 2661.7
1414160 2661.7
1414170 2668.0
1414180 2672.5
1414190 2672.5
1414200 2678.9
1414210 2686.1
1414220 2686.1
1414230 2693.4
1414240 2700.5
1414250 2700.5
1414260 2706.5
1414270 2714.1
1414280 2714.1
1414290 2735.0
1414300 2768.0
1414310 2768.0
1414320 2775.9
1414330 2778.5
1414340 2778.5
1414350 2777.8
1414360 2779.8
1414370 2793.7
1414380 2793.7
1414390 2800.9
1414400 2805.3
1414410 2805.3
1414420 2811.3
1414430 2818.9
1414440 2818.9
1414450 2826.3
1414460 2832.8
1414470 2832.8
1414480 2843.5
1414490 2853.6
1414500 2853.6
1414510 2861.0
1414520 2867.1
1414530 2867.1
1414540 2872.8
1414550 2879.7
1414560 2879.7
1414570 2890.3
1414580 2897.7
1414590 2897.8
1414600 2897.8
1414610 2891.5
1414620 2879.9
1414630 2879.9
1414640 2869.2
1414650 2860.6
1414660 2860.6
1414670 2855.0
1414680 2848.4
1414690 2848.4
1414700 2842.9
1414710 2837.9
1414720 2837.9
1414730 2832.8
1414740 2826.8
1414750 2826.8
1414760 2822.1
1414770 2818.8
1414780 2815.7
1414790 2815.7
1414800 2812.3
1414810 2808.7
1414820 2808.7
1414830 2804.6
1414840 2799.6
1414850 2799.6
1414860 2794.2
1414870 2787.7
1414880 2787.7
1414890 2781.9
1414900 2776.8
1414910 2776.8
1414920 2772.1
1414930 2768.3
1414940 2768.3
1414950 2765.2
1414960 2762.1
1414970 2762.1
1414980 2759.1
1414990 2756.3
1415000 2753.1
1415010 2753.1
1415020 2750.6
1415030 2748.9
1415040 2748.9
1415050 2745.1
1415060 2739.5
1415070 2739.5
1415080 2734.4
1415090 2730.5
1415100 2730.5
1415110 2727.1
1415120 2723.9
1415130 2723.9
1415140 2719.9
1415150 2714.1
1415160 2714.1
1415170 2705.9
1415180 2699.7
1415190 2699.7
1415200 2695.1
1415210 2690.6
1415220 2683.7
1415230 2683.7
1415240 2676.0
1415250 2669.1
1415260 2669.1
1415270 2661.9
1415280 2656.0
1415290 2656.0
1415300 2650.8
1415310 2648.1
1415320 2648.1
1415330 2645.7
1415340 2642.9
1415350 2642.9
1415360 2640.8
1415370 2639.3
1415380 2639.3
1415390 2637.6
1415400 2635.1
1415410 2632.4
1415420 2632.4
1415430 2630.4
1415440 2629.5
1415450 2629.5
1415460 2629.4
1415470 2629.6
1415480 2629.6
1415490 2628.8
1415500 2626.8
1415510 2626.8
1415520 2627.1
1415530 2628.6
1415540 2628.6
1415550 2629.3
1415560 2630.5
1415570 2630.5
1415580 2631.3
1415590 2631.7
1415600 2631.7
1415610 2632.4
1415620 2633.3
1415630 2632.9
1415640 2632.9
1415650 2631.9
1415660 2630.9
1415670 2630.9
1415680 2630.3
1415690 2630.2
1415700 2630.2
1415710 2630.7
1415720 2631.6
1415730 2631.6
1415740 2631.1
1415750 2628.1
1415760 2628.1
1415770 2623.2
1415780 2617.3
1415790 2617.3
1415800 2613.0
1415810 2610.4
1415820 2610.4
1415830 2606.2
1415840 2600.9
1415850 2597.3
1415860 2597.3
1415870 2594.6
1415880 2591.6
1415890 2591.6
1415900 2587.5
1415910 2583.2
1415920 2583.2
1415930 2579.7
1415940 2574.6
1415950 2574.6
1415960 2566.5
1415970 2557.2
1415980 2557.2
1415990 2551.4
1416000 2546.4
1416010 2546.4
1416020 2541.9
1416030 2539.4
1416040 2537.7
1416050 2537.7
1416060 2535.7
1416070 2533.3
1416080 2533.3
1416090 2529.7
1416100 2526.1
1416110 2526.1
1416120 2523.5
1416130 2521.7
1416140 2521.7
1416150 2520.5
1416160 2518.8
1416170 2518.8
1416180 2517.2
1416190 2515.5
1416200 2515.5
1416210 2513.7
1416220 2511.7
1416230 2511.7
1416240 2509.6
1416250 2507.6
1416260 2504.8
1416270 2504.8
1416280 2501.4
1416290 2499.8
1416300 2499.8
1416310 2499.7
1416320 2498.4
1416330 2498.4
1416340 2497.1
1416350 2495.6
1416360 2495.6
1416370 2493.8
1416380 2492.2
1416390 2492.2
1416400 2490.6
1416410 2488.7
1416420 2488.7
1416430 2487.4
1416440 2486.6
1416450 2486.6
1416460 2484.8
1416470 2483.6
1416480 2482.2
1416490 2482.2
1416500 2480.8
1416510 2479.1
1416520 2479.1
1416530 2477.7
1416540 2475.9
1416550 2475.9
1416560 2473.8
1416570 2472.0
1416580 2472.0
1416590 2470.8
1416600 2469.6
1416610 2469.6
1416620 2468.5
1416630 2467.5
1416640 2467.5
1416650 2466.0
1416660 2464.6
1416670 2463.3
1416680 2463.3
1416690 2462.3
1416700 2461.1
1416710 2461.1
1416720 2459.5
1416730 2457.9
1416740 2457.9
1416750 2456.5
1416760 2454.7
1416770 2454.7
1416780 2451.7
1416790 2448.2
1416800 2448.2
1416810 2447.6
1416820 2448.8
1416830 2448.8
1416840 2449.8
1416850 2450.3
1416860 2450.3
1416870 2449.6
1416880 2449.0
1416890 2448.2
1416900 2448.2
1416910 2447.4
1416920 2446.2
1416930 2446.2
1416940 2444.9
1416950 2443.5
1416960 2443.5
1416970 2444.0
1416980 2445.6
1416990 2445.6
1417000 2447.1
1417010 2449.0
1417020 2454.3
1417030 2456.4
1417040 2458.0
1417050 2458.0
1417060 2458.5
1417070 2458.8
1417080 2458.8
1417090 2459.3
1417100 2459.2
1417110 2458.5
1417120 2458.5
1417130 2457.7
1417140 2457.6
1417150 2457.6
1417160 2457.2
1417170 2456.5
1417180 2456.5
1417190 2455.0
1417200 2452.8
1417210 2452.8
1417220 2451.9
1417230 2451.6
1417240 2451.6
1417250 2450.3
1417260 2448.0
1417270 2448.0
1417280 2446.6
1417290 2445.5
1417300 2445.1
1417310 2445.1
1417320 2445.4
1417330 2445.6
1417340 2445.6
1417350 2445.4
1417360 2445.3
1417370 2445.3
1417380 2444.9
1417390 2444.3
1417400 2444.3
1417410 2443.7
1417420 2443.5
1417430 2443.5
1417440 2443.6
1417450 2444.8
1417460 2444.8
1417470 2446.7
1417480 2448.7
1417490 2448.7
1417500 2450.8
1417510 2452.8
1417520 2453.6
1417530 2453.6
1417540 2452.8
1417550 2452.0
1417560 2452.0
1417570 2452.0
1417580 2452.9
1417590 2452.9
1417600 2453.4
1417610 2452.9
1417620 2452.9
1417630 2450.5
1417640 2446.2
1417650 2446.2
1417660 2443.0
1417670 2440.8
1417680 2440.8
1417690 2437.4
1417700 2433.4
1417710 2433.4
1417720 2429.1
1417730 2426.8
1417740 2424.4
1417750 2424.4
1417760 2421.3
1417770 2413.9
1417780 2413.9
1417790 2406.1
1417800 2402.0
1417810 2402.0
1417820 2399.8
1417830 2397.5
1417840 2397.5
1417850 2394.1
1417860 2389.9
1417870 2389.9
1417880 2386.3
1417890 2384.6
1417900 2384.6
1417910 2382.4
1417920 2380.5
1417930 2380.5
1417940 2378.5
1417950 2374.5
1417960 2368.5
1417970 2368.5
1417980 2363.3
1417990 2358.3
1418000 2358.3
1418010 2353.2
1418020 2349.0
1418030 2349.0
1418040 2345.7
1418050 2341.9
1418060 2341.9
1418070 2336.5
1418080 2330.8
1418090 2330.8
1418100 2325.1
1418110 2318.8
1418120 2318.8
1418130 2312.8
1418140 2308.2
1418150 2303.2
1418160 2303.2
1418170 2298.3
1418180 2294.0
1418190 2294.0
1418200 2289.1
1418210 2284.4
1418220 2284.4
1418230 2279.9
1418240 2276.1
1418250 2276.1
1418260 2272.7
1418270 2269.5
1418280 2269.5
1418290 2266.3
1418300 2262.8
1418310 2262.8
1418320 2259.8
1418330 2255.7
1418340 2255.7
1418350 2250.8
1418360 2245.6
1418370 2242.1
1418380 2242.1
1418390 2234.8
1418400 2224.0
1418410 2224.0
1418420 2216.9
1418430 2211.5
1418440 2211.5
1418450 2208.1
1418460 2205.8
1418470 2205.8
1418480 2199.5
1418490 2191.5
1418500 2191.5
1418510 2186.9
1418520 2184.3
1418530 2184.3
1418540 2181.5
1418550 2179.6
1418560 2179.6
1418570 2180.6
1418580 2183.7
1418590 2186.7
1418600 2186.7
1418610 2190.7
1418620 2194.7
1418630 2194.7
1418640 2197.4
1418650 2199.8
1418660 2199.8
1418670 2202.9
1418680 2206.1
1418690 2206.1
1418700 2209.7
1418710 2213.6
1418720 2213.6
1418730 2217.0
1418740 2220.9
1418750 2220.9
1418760 2224.2
1418770 2228.3
1418780 2231.0
1418790 2231.0
1418800 2233.5
1418810 2236.8
1418820 2236.8
1418830 2240.6
1418840 2245.4
1418850 2245.4
1418860 2251.8
1418870 2257.6
1418880 2257.6
1418890 2261.4
1418900 2264.6
1418910 2264.6
1418920 2268.3
1418930 2272.3
1418940 2272.3
1418950 2276.4
1418960 2280.0
1418970 2280.0
1418980 2282.7
1418990 2286.0
1419000 2289.6
1419010 2289.6
1419020 2293.6
1419030 2297.8
1419040 2297.8
1419050 2302.0
1419060 2306.2
1419070 2306.2
1419080 2311.3
1419090 2316.9
1419100 2316.9
1419110 2322.1
1419120 2326.0
1419130 2326.0
1419140 2329.3
1419150 2333.3
1419160 2333.3
1419170 2337.9
1419180 2343.5
1419190 2343.5
1419200 2349.9
1419210 2355.4
1419220 2359.3
1419230 2359.3
1419240 2363.0
1419250 2368.5
1419260 2368.5
1419270 2375.8
1419280 2383.8
1419290 2383.8
1419300 2391.0
1419310 2396.9
1419320 2396.9
1419330 2400.0
1419340 2403.0
1419350 2403.0
1419360 2405.9
1419370 2409.8
1419380 2409.8
1419390 2414.3
1419400 2416.7
1419410 2416.7
1419420 2416.7
1419430 2417.3
1419440 2420.9
1419450 2420.9
1419460 2424.0
1419470 2426.8
1419480 2426.8
1419490 2430.2
1419500 2435.3
1419510 2435.3
1419520 2438.7
1419530 2439.7
1419540 2439.7
1419550 2439.2
1419560 2439.3
1419570 2439.3
1419580 2441.2
1419590 2443.2
1419600 2443.2
1419610 2444.6
1419620 2447.8
1419630 2450.6
1419640 2450.6
1419650 2452.5
1419660 2454.4
1419670 2454.4
1419680 2457.4
1419690 2461.2
1419700 2461.2
1419710 2464.0
1419720 2466.1
1419730 2466.1
1419740 2467.2
1419750 2468.5
1419760 2468.5
1419770 2470.8
1419780 2473.3
1419790 2473.3
1419800 2475.9
1419810 2477.6
1419820 2477.6
1419830 2478.6
1419840 2480.4
1419850 2483.3
1419860 2483.3
1419870 2485.7
1419880 2488.7
1419890 2488.7
1419900 2491.6
1419910 2493.2
1419920 2493.2
1419930 2494.3
1419940 2494.3
1419950 2494.3
1419960 2493.5
1419970 2491.7
1419980 2491.7
1419990 2491.1
