1400000 2751.0
1400010 2754.0
1400020 2754.4
1400030 2756.5
1400040 2756.5
1400050 2758.6
1400060 2761.8
1400070 2761.8
1400080 2764.7
1400090 2765.5
1400100 2765.5
1400110 2766.9
1400120 2769.8
1400130 2769.8
1400140 2770.0
1400150 2770.8
1400160 2770.8
1400170 2773.3
1400180 2774.2
1400190 2774.2
1400200 2772.6
1400210 2772.2
1400220 2772.2
1400230 2772.6
1400240 2773.5
1400250 2775.6
1400260 2775.6
1400270 2776.5
1400280 2779.2
1400290 2779.2
1400300 2782.3
1400310 2784.7
1400320 2784.7
1400330 2789.7
1400340 2794.1
1400350 2794.1
1400360 2800.0
1400370 2805.2
1400380 2805.2
1400390 2806.8
1400400 2805.7
1400410 2805.7
1400420 2803.6
1400430 2800.8
1400440 2797.8
1400450 2797.8
1400460 2795.9
1400470 2795.1
1400480 2795.1
1400490 2793.4
1400500 2791.3
1400510 2791.3
1400520 2789.6
1400530 2788.8
1400540 2788.8
1400550 2789.8
1400560 2791.4
1400570 2791.4
1400580 2795.1
1400590 2795.2
1400600 2795.2
1400610 2791.6
1400620 2787.3
1400630 2787.3
1400640 2784.7
1400650 2781.2
1400660 2777.3
1400670 2777.3
1400680 2775.5
1400690 2771.5
1400700 2771.5
1400710 2767.5
1400720 2762.7
1400730 2762.7
1400740 2757.3
1400750 2751.7
1400760 2751.7
1400770 2746.1
1400780 2740.1
1400790 2740.1
1400800 2734.9
1400810 2730.9
1400820 2730.9
1400830 2727.0
1400840 2723.5
1400850 2723.5
1400860 2721.0
1400870 2719.4
1400880 2717.6
1400890 2717.6
1400900 2715.5
1400910 2713.0
1400920 2713.0
1400930 2710.7
1400940 2709.9
1400950 2709.9
1400960 2709.9
1400970 2709.9
1400980 2709.9
1400990 2709.9
1401000 2710.0
1401010 2710.0
1401020 2710.1
1401030 2711.1
1401040 2711.1
1401050 2713.5
1401060 2716.7
1401070 2716.7
1401080 2718.9
1401090 2720.4
1401100 2721.7
1401110 2721.7
1401120 2721.6
1401130 2720.2
1401140 2720.2
1401150 2718.7
1401160 2717.6
1401170 2716.8
1401180 2716.6
1401190 2716.5
1401200 2716.5
1401210 2717.0
1401220 2717.3
1401230 2717.3
1401240 2716.8
1401250 2716.5
1401260 2716.5
1401270 2716.5
1401280 2717.4
1401290 2718.3
1401300 2718.3
1401310 2718.5
1401320 2719.2
1401330 2719.2
1401340 2720.0
1401350 2719.6
1401360 2719.6
1401370 2719.7
1401380 2721.4
1401390 2721.4
1401400 2724.5
1401410 2728.4
1401420 2728.4
1401430 2731.9
1401440 2736.2
1401450 2736.2
1401460 2741.5
1401470 2745.8
1401480 2745.8
1401490 2750.6
1401500 2756.4
1401510 2763.2
1401520 2763.2
1401530 2771.6
1401540 2783.0
1401550 2783.0
1401560 2796.8
1401570 2813.2
1401580 2813.2
1401590 2829.0
1401600 2840.7
1401610 2840.7
1401620 2852.6
1401630 2862.6
1401640 2862.6
1401650 2869.6
1401660 2875.5
1401670 2875.5
1401680 2880.7
1401690 2884.1
1401700 2884.1
1401710 2883.3
1401720 2878.7
1401730 2869.7
1401740 2869.7
1401750 2856.2
1401760 2833.9
1401770 2833.9
1401780 2789.1
1401790 2758.2
1401800 2758.2
1401810 2746.9
1401820 2738.5
1401830 2738.5
1401840 2730.5
1401850 2722.6
1401860 2722.6
1401870 2714.9
1401880 2707.6
1401890 2707.6
1401900 2700.4
1401910 2693.4
1401920 2693.4
1401930 2686.5
1401940 2679.8
1401950 2673.3
1401960 2673.3
1401970 2667.1
1401980 2661.3
1401990 2661.3
1402000 2655.7
1402010 2650.3
1402020 2650.3
1402030 2645.0
1402040 2640.1
1402050 2640.1
1402060 2635.3
1402070 2631.1
1402080 2631.1
1402090 2627.1
1402100 2619.3
1402110 2619.3
1402120 2609.5
1402130 2602.6
1402140 2602.6
1402150 2596.9
1402160 2592.2
1402170 2588.3
1402180 2588.3
1402190 2584.5
1402200 2580.6
1402210 2580.6
1402220 2577.0
1402230 2573.1
1402240 2573.1
1402250 2569.2
1402260 2565.2
1402270 2565.2
1402280 2561.5
1402290 2557.7
1402300 2557.7
1402310 2554.1
1402320 2550.8
1402330 2550.8
1402340 2547.4
1402350 2544.0
1402360 2540.5
1402370 2540.5
1402380 2537.0
1402390 2533.2
1402400 2533.2
1402410 2528.9
1402420 2523.3
1402430 2523.3
1402440 2516.4
1402450 2512.0
1402460 2512.0
1402470 2508.9
1402480 2506.3
1402490 2506.3
1402500 2503.9
1402510 2501.6
1402520 2501.6
1402530 2499.6
1402540 2497.9
1402550 2497.9
1402560 2496.6
1402570 2495.7
1402580 2497.9
1402590 2497.9
1402600 2505.2
1402610 2513.5
1402620 2513.5
1402630 2519.5
1402640 2518.8
1402650 2518.8
1402660 2520.6
1402670 2525.5
1402680 2525.5
1402690 2526.9
1402700 2521.9
1402710 2521.9
1402720 2525.0
1402730 2528.1
1402740 2528.1
1402750 2528.2
1402760 2525.6
1402770 2525.6
1402780 2522.8
1402790 2519.5
1402800 2513.2
1402810 2513.2
1402820 2507.2
1402830 2506.3
1402840 2506.3
1402850 2504.8
1402860 2501.8
1402870 2501.8
1402880 2498.8
1402890 2493.7
1402900 2493.7
1402910 2491.1
1402920 2488.3
1402930 2488.3
1402940 2482.4
1402950 2478.1
1402960 2478.1
1402970 2472.4
1402980 2464.6
1402990 2464.6
1403000 2457.2
1403010 2451.0
1403020 2448.2
1403030 2448.2
1403040 2447.1
1403050 2445.0
1403060 2445.0
1403070 2440.6
1403080 2435.6
1403090 2435.6
1403100 2431.0
1403110 2424.3
1403120 2424.3
1403130 2416.8
1403140 2411.4
1403150 2411.4
1403160 2407.0
1403170 2404.2
1403180 2404.2
1403190 2402.1
1403200 2400.1
1403210 2398.3
1403220 2398.3
1403230 2395.0
1403240 2389.6
1403250 2389.6
1403260 2384.1
1403270 2380.1
1403280 2380.1
1403290 2376.1
1403300 2372.5
1403310 2372.5
1403320 2368.5
1403330 2363.5
1403340 2363.5
1403350 2362.6
1403360 2362.5
1403370 2362.5
1403380 2361.3
1403390 2358.8
1403400 2358.8
1403410 2353.6
1403420 2348.3
1403430 2344.2
1403440 2344.2
1403450 2340.4
1403460 2337.3
1403470 2337.3
1403480 2333.2
1403490 2327.7
1403500 2327.7
1403510 2321.4
1403520 2314.9
1403530 2314.9
1403540 2308.8
1403550 2303.0
1403560 2303.0
1403570 2297.5
1403580 2292.7
1403590 2292.7
1403600 2289.0
1403610 2286.0
1403620 2286.0
1403630 2280.9
1403640 2275.9
1403650 2270.8
1403660 2270.8
1403670 2265.5
1403680 2260.8
1403690 2260.8
1403700 2257.3
1403710 2253.4
1403720 2253.4
1403730 2250.5
1403740 2246.9
1403750 2246.9
1403760 2240.9
1403770 2235.0
1403780 2235.0
1403790 2232.9
1403800 2231.7
1403810 2231.7
1403820 2224.8
1403830 2217.1
1403840 2217.1
1403850 2210.1
1403860 2202.9
1403870 2194.5
1403880 2194.5
1403890 2183.1
1403900 2168.0
1403910 2168.0
1403920 2155.4
1403930 2145.3
1403940 2145.3
1403950 2135.1
1403960 2125.4
1403970 2125.4
1403980 2114.0
1403990 2103.8
1404000 2103.8
1404010 2095.7
1404020 2088.7
1404030 2088.7
1404040 2082.1
1404050 2075.9
1404060 2069.8
1404070 2069.8
1404080 2063.7
1404090 2057.8
1404100 2057.8
1404110 2051.1
1404120 2046.0
1404130 2046.0
1404140 2041.3
1404150 2035.4
1404160 2035.4
1404170 2029.6
1404180 2024.1
1404190 2024.1
1404200 2018.9
1404210 2012.5
1404220 2012.5
1404230 2006.4
1404240 2001.4
1404250 2001.4
1404260 1992.8
1404270 1986.9
1404280 1979.9
1404290 1979.9
1404300 1972.6
1404310 1965.4
1404320 1965.4
1404330 1958.1
1404340 1950.3
1404350 1950.3
1404360 1942.5
1404370 1935.2
1404380 1935.2
1404390 1928.0
1404400 1919.2
1404410 1919.2
1404420 1909.4
1404430 1900.2
1404440 1900.2
1404450 1891.7
1404460 1884.4
1404470 1884.4
1404480 1877.9
1404490 1871.2
1404500 1864.5
1404510 1864.5
1404520 1857.3
1404530 1851.9
1404540 1851.9
1404550 1846.6
1404560 1842.1
1404570 1842.1
1404580 1838.1
1404590 1835.5
1404600 1835.5
1404610 1831.4
1404620 1825.7
1404630 1825.7
1404640 1824.0
1404650 1818.5
1404660 1818.5
1404670 1809.3
1404680 1800.7
1404690 1800.7
1404700 1793.1
1404710 1785.1
1404720 1777.6
1404730 1777.6
1404740 1768.3
1404750 1759.2
1404760 1759.2
1404770 1749.4
1404780 1741.8
1404790 1741.8
1404800 1735.9
1404810 1729.1
1404820 1729.1
1404830 1721.9
1404840 1713.7
1404850 1713.7
1404860 1706.3
1404870 1701.1
1404880 1701.1
1404890 1695.9
1404900 1689.1
1404910 1689.1
1404920 1684.0
1404930 1679.4
1404940 1674.6
1404950 1674.6
1404960 1669.6
1404970 1663.9
1404980 1663.9
1404990 1658.6
1405000 1654.0
1405010 1654.0
1405020 1651.5
1405030 1649.8
1405040 1649.8
1405050 1649.0
1405060 1648.5
1405070 1648.5
1405080 1648.1
1405090 1647.8
1405100 1647.8
1405110 1647.4
1405120 1646.1
1405130 1645.5
1405140 1645.5
1405150 1645.5
1405160 1645.6
1405170 1645.6
1405180 1645.5
1405190 1644.7
1405200 1644.7
1405210 1644.4
1405220 1645.2
1405230 1645.2
1405240 1645.6
1405250 1644.9
1405260 1644.9
1405270 1644.6
1405280 1645.1
1405290 1645.1
1405300 1649.1
1405310 1655.1
1405320 1655.1
1405330 1657.9
1405340 1661.1
1405350 1663.5
1405360 1663.5
1405370 1665.5
1405380 1668.1
1405390 1668.1
1405400 1670.7
1405410 1673.2
1405420 1673.2
1405430 1676.7
1405440 1680.9
1405450 1680.9
1405460 1685.0
1405470 1689.5
1405480 1689.5
1405490 1694.4
1405500 1699.7
1405510 1699.7
1405520 1705.7
1405530 1711.6
1405540 1711.6
1405550 1717.5
1405560 1723.3
1405570 1728.6
1405580 1728.6
1405590 1735.2
1405600 1743.7
1405610 1743.7
1405620 1751.4
1405630 1759.3
1405640 1759.3
1405650 1768.6
1405660 1776.4
1405670 1776.4
1405680 1781.2
1405690 1786.2
1405700 1786.2
1405710 1792.8
1405720 1798.8
1405730 1798.8
1405740 1805.5
1405750 1814.9
1405760 1814.9
1405770 1830.1
1405780 1837.1
1405790 1840.8
1405800 1840.8
1405810 1855.0
1405820 1874.1
1405830 1874.1
1405840 1889.1
1405850 1897.4
1405860 1897.4
1405870 1907.8
1405880 1917.0
1405890 1917.0
1405900 1927.8
1405910 1943.2
1405920 1943.2
1405930 1961.0
1405940 1972.4
1405950 1972.4
1405960 1981.6
1405970 1991.5
1405980 2000.0
1405990 2000.0
1406000 2007.6
1406010 2015.0
1406020 2015.0
1406030 2022.7
1406040 2030.5
1406050 2030.5
1406060 2039.2
1406070 2047.4
1406080 2047.4
1406090 2055.5
1406100 2064.1
1406110 2064.1
1406120 2074.0
1406130 2082.9
1406140 2082.9
1406150 2090.8
1406160 2099.9
1406170 2099.9
1406180 2113.0
1406190 2124.5
1406200 2132.5
1406210 2132.5
1406220 2140.0
1406230 2147.4
1406240 2147.4
1406250 2154.8
1406260 2162.9
1406270 2162.9
1406280 2172.1
1406290 2181.2
1406300 2181.2
1406310 2191.1
1406320 2199.8
1406330 2199.8
1406340 2206.3
1406350 2212.8
1406360 2212.8
1406370 2219.3
1406380 2225.6
1406390 2225.6
1406400 2232.7
1406410 2240.5
1406420 2248.2
1406430 2248.2
1406440 2255.7
1406450 2264.3
1406460 2264.3
1406470 2274.3
1406480 2287.0
1406490 2287.0
1406500 2304.4
1406510 2317.6
1406520 2317.6
1406530 2326.0
1406540 2334.0
1406550 2334.0
1406560 2337.7
1406570 2342.7
1406580 2342.7
1406590 2348.8
1406600 2352.4
1406610 2352.4
1406620 2358.5
1406630 2364.6
1406640 2375.7
1406650 2375.7
1406660 2385.2
1406670 2389.0
1406680 2389.0
1406690 2384.3
1406700 2384.3
1406710 2384.3
1406720 2386.4
1406730 2392.6
1406740 2392.6
1406750 2400.3
1406760 2408.7
1406770 2408.7
1406780 2417.0
1406790 2424.8
1406800 2424.8
1406810 2433.1
1406820 2441.0
1406830 2448.5
1406840 2448.5
1406850 2456.5
1406860 2465.8
1406870 2465.8
1406880 2475.0
1406890 2483.3
1406900 2483.3
1406910 2493.4
1406920 2499.0
1406930 2499.0
1406940 2504.8
1406950 2511.0
1406960 2511.0
1406970 2519.3
1406980 2527.8
1406990 2527.8
1407000 2534.8
1407010 2541.7
1407020 2541.7
1407030 2549.2
1407040 2557.4
1407050 2566.2
1407060 2566.2
1407070 2577.1
1407080 2591.1
1407090 2591.1
1407100 2602.6
1407110 2613.8
1407120 2613.8
1407130 2624.4
1407140 2631.8
1407150 2631.8
1407160 2639.0
1407170 2643.4
1407180 2643.4
1407190 2649.3
1407200 2655.8
1407210 2655.8
1407220 2663.6
1407230 2672.5
1407240 2672.5
1407250 2684.1
1407260 2697.6
1407270 2713.0
1407280 2713.0
1407290 2722.8
1407300 2734.8
1407310 2734.8
1407320 2744.5
1407330 2751.9
1407340 2751.9
1407350 2759.1
1407360 2767.2
1407370 2767.2
1407380 2775.2
1407390 2783.9
1407400 2783.9
1407410 2792.7
1407420 2797.9
1407430 2797.9
1407440 2804.5
1407450 2812.0
1407460 2812.0
1407470 2818.3
1407480 2843.2
1407490 2854.1
1407500 2854.1
1407510 2861.7
1407520 2869.9
1407530 2869.9
1407540 2876.1
1407550 2880.2
1407560 2880.2
1407570 2885.2
1407580 2890.6
1407590 2890.6
1407600 2895.1
1407610 2900.9
1407620 2900.9
1407630 2904.8
1407640 2908.1
1407650 2908.1
1407660 2912.3
1407670 2916.6
1407680 2916.6
1407690 2922.0
1407700 2928.9
1407710 2934.5
1407720 2934.5
1407730 2938.6
1407740 2939.6
1407750 2939.6
1407760 2935.2
1407770 2930.3
1407780 2930.3
1407790 2924.9
1407800 2920.4
1407810 2920.4
1407820 2914.5
1407830 2907.6
1407840 2907.6
1407850 2900.5
1407860 2895.4
1407870 2895.4
1407880 2889.1
1407890 2884.8
1407900 2880.4
1407910 2880.4
1407920 2875.9
1407930 2871.4
1407940 2871.4
1407950 2867.1
1407960 2863.3
1407970 2863.3
1407980 2861.5
1407990 2859.3
1408000 2859.3
1408010 2856.5
1408020 2856.1
1408030 2856.1
1408040 2853.0
1408050 2850.4
1408060 2850.4
1408070 2847.9
1408080 2846.8
1408090 2846.8
1408100 2852.5
1408110 2865.2
1408120 2861.3
1408130 2861.3
1408140 2856.9
1408150 2855.9
1408160 2855.9
1408170 2854.6
1408180 2846.8
1408190 2846.8
1408200 2838.1
1408210 2829.6
1408220 2829.6
1408230 2821.9
1408240 2815.4
1408250 2815.4
1408260 2809.2
1408270 2803.3
1408280 2803.3
1408290 2797.7
1408300 2792.7
1408310 2792.7
1408320 2788.3
1408330 2784.0
1408340 2779.9
1408350 2779.9
1408360 2777.6
1408370 2776.1
1408380 2776.1
1408390 2774.8
1408400 2774.4
1408410 2774.4
1408420 2774.0
1408430 2773.5
1408440 2773.5
1408450 2773.3
1408460 2773.0
1408470 2773.0
1408480 2773.0
1408490 2772.3
1408500 2772.3
1408510 2771.7
1408520 2771.6
1408530 2771.6
1408540 2772.4
1408550 2773.0
1408560 2773.0
1408570 2773.0
1408580 2774.5
1408590 2777.0
1408600 2777.0
1408610 2780.5
1408620 2783.5
1408630 2783.5
1408640 2786.0
1408650 2788.9
1408660 2788.9
1408670 2793.3
1408680 2797.4
1408690 2797.4
1408700 2801.7
1408710 2805.7
1408720 2805.7
1408730 2809.8
1408740 2814.5
1408750 2819.5
1408760 2819.5
1408770 2825.0
1408780 2830.0
1408790 2830.0
1408800 2834.5
1408810 2839.6
1408820 2839.6
1408830 2844.6
1408840 2853.4
1408850 2853.4
1408860 2873.8
1408870 2894.2
1408880 2894.2
1408890 2893.2
1408900 2890.6
1408910 2890.6
1408920 2904.2
1408930 2940.1
1408940 2940.1
1408950 2952.0
1408960 2958.5
1408970 2967.5
1408980 2967.5
1408990 2974.5
1409000 2980.9
1409010 2980.9
1409020 2993.0
1409030 3001.0
1409040 3001.0
1409050 3005.3
1409060 3001.4
1409070 3001.4
1409080 2990.8
1409090 2977.6
1409100 2977.6
1409110 2966.8
1409120 2958.8
1409130 2958.8
1409140 2959.1
1409150 2946.5
1409160 2946.5
1409170 2932.6
1409180 2920.9
1409190 2911.1
1409200 2911.1
1409210 2901.2
1409220 2885.8
1409230 2885.8
1409240 2873.2
1409250 2864.2
1409260 2864.2
1409270 2852.4
1409280 2841.2
1409290 2841.2
1409300 2825.2
1409310 2801.0
1409320 2801.0
1409330 2783.8
1409340 2770.9
1409350 2770.9
1409360 2760.0
1409370 2750.5
1409380 2750.5
1409390 2742.6
1409400 2738.8
1409410 2731.1
1409420 2731.1
1409430 2715.6
1409440 2705.6
1409450 2705.6
1409460 2700.7
1409470 2695.5
1409480 2695.5
1409490 2690.1
1409500 2684.6
1409510 2684.6
1409520 2678.9
1409530 2673.4
1409540 2673.4
1409550 2667.6
1409560 2661.8
1409570 2661.8
1409580 2656.2
1409590 2650.7
1409600 2645.7
1409610 2645.7
1409620 2641.0
1409630 2636.4
1409640 2636.4
1409650 2632.2
1409660 2628.1
1409670 2628.1
1409680 2624.3
1409690 2620.4
1409700 2620.4
1409710 2616.5
1409720 2612.5
1409730 2612.5
1409740 2609.3
1409750 2605.4
1409760 2605.4
1409770 2600.1
1409780 2596.7
1409790 2596.7
1409800 2592.9
1409810 2587.8
1409820 2582.3
1409830 2582.3
1409840 2576.1
1409850 2569.3
1409860 2569.3
1409870 2561.4
1409880 2553.6
1409890 2553.6
1409900 2544.9
1409910 2536.6
1409920 2536.6
1409930 2528.8
1409940 2522.4
1409950 2522.4
1409960 2516.7
1409970 2511.7
1409980 2511.7
1409990 2505.7
1410000 2498.7
1410010 2498.7
1410020 2488.9
1410030 2477.9
1410040 2466.7
1410050 2466.7
1410060 2458.4
1410070 2450.7
1410080 2450.7
1410090 2443.0
1410100 2435.3
1410110 2435.3
1410120 2427.6
1410130 2419.4
1410140 2419.4
1410150 2411.7
1410160 2403.7
1410170 2403.7
1410180 2395.6
1410190 2387.4
1410200 2387.4
1410210 2379.5
1410220 2372.0
1410230 2372.0
1410240 2362.7
1410250 2354.7
1410260 2347.3
1410270 2347.3
1410280 2340.5
1410290 2334.8
1410300 2334.8
1410310 2330.2
1410320 2326.1
1410330 2326.1
1410340 2322.4
1410350 2318.5
1410360 2318.5
1410370 2315.8
1410380 2313.9
1410390 2313.9
1410400 2312.4
1410410 2312.2
1410420 2312.2
1410430 2312.7
1410440 2312.0
1410450 2312.0
1410460 2310.2
1410470 2310.0
1410480 2311.2
1410490 2311.2
1410500 2312.5
1410510 2313.9
1410520 2313.9
1410530 2315.5
1410540 2317.5
1410550 2317.5
1410560 2319.9
1410570 2322.7
1410580 2322.7
1410590 2326.1
1410600 2330.4
1410610 2330.4
1410620 2336.4
1410630 2343.4
1410640 2343.4
1410650 2350.5
1410660 2356.1
1410670 2361.1
1410680 2361.1
1410690 2368.0
1410700 2375.0
1410710 2375.0
1410720 2382.3
1410730 2389.1
1410740 2389.1
1410750 2395.9
1410760 2403.1
1410770 2403.1
1410780 2410.8
1410790 2418.7
1410800 2418.7
1410810 2426.3
1410820 2434.1
1410830 2434.1
1410840 2443.3
1410850 2453.8
1410860 2453.8
1410870 2463.9
1410880 2474.5
1410890 2491.5
1410900 2491.5
1410910 2512.4
1410920 2525.3
1410930 2525.3
1410940 2534.2
1410950 2541.3
1410960 2541.3
1410970 2548.6
1410980 2556.6
1410990 2556.6
1411000 2567.2
1411010 2579.0
1411020 2579.0
1411030 2588.7
1411040 2599.7
1411050 2599.7
1411060 2610.3
1411070 2619.8
1411080 2619.8
1411090 2631.7
1411100 2644.2
1411110 2656.6
1411120 2656.6
1411130 2667.8
1411140 2679.6
1411150 2679.6
1411160 2689.5
1411170 2698.0
1411180 2698.0
1411190 2699.9
1411200 2699.7
1411210 2699.7
1411220 2699.6
1411230 2699.7
1411240 2699.7
1411250 2700.0
1411260 2700.3
1411270 2700.3
1411280 2701.0
1411290 2702.8
1411300 2702.8
1411310 2704.7
1411320 2706.4
1411330 2709.6
1411340 2709.6
1411350 2712.9
1411360 2715.5
1411370 2715.5
1411380 2718.5
1411390 2722.1
1411400 2722.1
1411410 2726.4
1411420 2732.2
1411430 2732.2
1411440 2738.3
1411450 2743.6
1411460 2743.6
1411470 2749.7
1411480 2756.3
1411490 2756.3
1411500 2761.5
1411510 2765.6
1411520 2770.7
1411530 2770.7
1411540 2775.0
1411550 2778.9
1411560 2778.9
1411570 2783.3
1411580 2787.7
1411590 2787.7
1411600 2792.3
1411610 2797.4
1411620 2797.4
1411630 2803.1
1411640 2809.6
1411650 2809.6
1411660 2816.7
1411670 2824.6
1411680 2824.6
1411690 2832.6
1411700 2840.2
1411710 2840.2
1411720 2846.1
1411730 2852.5
1411740 2859.5
1411750 2859.5
1411760 2866.6
1411770 2873.8
1411780 2873.8
1411790 2868.9
1411800 2866.3
1411810 2866.3
1411820 2863.4
1411830 2859.2
1411840 2859.2
1411850 2848.7
1411860 2833.6
1411870 2833.6
1411880 2816.9
1411890 2804.2
1411900 2804.2
1411910 2790.5
1411920 2777.9
1411930 2777.9
1411940 2767.1
1411950 2758.8
1411960 2752.6
1411970 2752.6
1411980 2746.9
1411990 2741.0
1412000 2741.0
1412010 2735.0
1412020 2729.5
1412030 2729.5
1412040 2725.0
1412050 2718.8
1412060 2718.8
1412070 2712.3
1412080 2706.2
1412090 2706.2
1412100 2699.8
1412110 2693.0
1412120 2693.0
1412130 2686.3
1412140 2679.9
1412150 2679.9
1412160 2673.6
1412170 2667.7
1412180 2660.9
1412190 2660.9
1412200 2654.1
1412210 2647.2
1412220 2647.2
1412230 2642.0
1412240 2637.5
1412250 2637.5
1412260 2636.0
1412270 2636.6
1412280 2636.6
1412290 2639.9
1412300 2644.4
1412310 2644.4
1412320 2649.0
1412330 2652.5
1412340 2652.5
1412350 2650.4
1412360 2646.6
1412370 2646.6
1412380 2643.5
1412390 2642.0
1412400 2642.0
1412410 2642.0
1412420 2644.0
1412430 2649.7
1412440 2649.7
1412450 2655.8
1412460 2660.6
1412470 2660.6
1412480 2662.7
1412490 2662.0
1412500 2662.0
1412510 2661.2
1412520 2664.0
1412530 2664.0
1412540 2667.6
1412550 2669.3
1412560 2669.3
1412570 2670.7
1412580 2671.2
1412590 2674.2
1412600 2674.2
1412610 2679.5
1412620 2685.6
1412630 2685.6
1412640 2691.9
1412650 2698.6
1412660 2698.6
1412670 2705.0
1412680 2709.8
1412690 2709.8
1412700 2711.3
1412710 2713.4
1412720 2713.4
1412730 2717.7
1412740 2722.5
1412750 2722.5
1412760 2722.6
1412770 2720.3
1412780 2720.3
1412790 2717.5
1412800 2713.9
1412810 2709.5
1412820 2709.5
1412830 2705.7
1412840 2702.4
1412850 2702.4
1412860 2699.0
1412870 2695.8
1412880 2695.8
1412890 2693.7
1412900 2692.6
1412910 2692.6
1412920 2691.1
1412930 2690.0
1412940 2690.0
1412950 2689.5
1412960 2691.0
1412970 2691.0
1412980 2690.8
1412990 2687.8
1413000 2687.8
1413010 2686.0
1413020 2685.8
1413030 2686.5
1413040 2686.5
1413050 2686.7
1413060 2688.1
1413070 2688.1
1413080 2691.0
1413090 2691.3
1413100 2691.3
1413110 2690.1
1413120 2688.1
1413130 2688.1
1413140 2685.4
1413150 2682.9
1413160 2682.9
1413170 2680.2
1413180 2676.3
1413190 2676.3
1413200 2672.4
1413210 2668.6
1413220 2668.6
1413230 2668.4
1413240 2669.8
1413250 2671.0
1413260 2671.0
1413270 2670.8
1413280 2670.4
1413290 2670.4
1413300 2670.1
1413310 2669.5
1413320 2669.5
1413330 2668.5
1413340 2671.6
1413350 2671.6
1413360 2674.2
1413370 2676.2
1413380 2676.2
1413390 2677.2
1413400 2681.7
1413410 2681.7
1413420 2685.6
1413430 2688.4
1413440 2691.3
1413450 2691.3
1413460 2694.7
1413470 2698.4
1413480 2698.4
1413490 2703.5
1413500 2709.1
1413510 2709.1
1413520 2715.3
1413530 2720.8
1413540 2720.8
1413550 2726.0
1413560 2732.3
1413570 2732.3
1413580 2739.4
1413590 2746.1
1413600 2746.1
1413610 2753.6
1413620 2760.6
1413630 2760.6
1413640 2765.2
1413650 2769.5
1413660 2773.8
1413670 2773.8
1413680 2778.2
1413690 2782.7
1413700 2782.7
1413710 2786.9
1413720 2791.6
1413730 2791.6
1413740 2798.3
1413750 2810.8
1413760 2810.8
1413770 2822.3
1413780 2830.6
1413790 2830.6
1413800 2842.4
1413810 2869.3
1413820 2869.3
1413830 2893.1
1413840 2913.8
1413850 2913.8
1413860 2928.2
1413870 2944.1
1413880 2959.2
1413890 2959.2
1413900 2970.8
1413910 2984.4
1413920 2984.4
1413930 2991.2
1413940 2991.3
1413950 2991.3
1413960 2989.2
1413970 2988.8
1413980 2988.8
1413990 2989.9
1414000 2988.2
1414010 2988.2
1414020 2982.4
1414030 2976.4
1414040 2976.4
1414050 2971.1
1414060 2965.4
1414070 2965.4
1414080 2958.0
1414090 2949.0
1414100 2939.4
1414110 2939.4
1414120 2929.9
1414130 2919.3
1414140 2919.3
1414150 2903.6
1414160 2881.9
1414170 2881.9
1414180 2865.9
1414190 2853.2
1414200 2853.2
1414210 2840.4
1414220 2830.5
1414230 2830.5
1414240 2823.2
1414250 2817.2
1414260 2817.2
1414270 2811.3
1414280 2805.2
1414290 2799.4
1414300 2799.4
1414310 2794.0
1414320 2788.2
1414330 2788.2
1414340 2781.7
1414350 2775.6
1414360 2774.2
1414370 2768.1
1414380 2762.4
1414390 2762.4
1414400 2756.2
1414410 2748.4
1414420 2748.4
1414430 2741.1
1414440 2732.7
1414450 2732.7
1414460 2725.2
1414470 2719.2
1414480 2719.2
1414490 2713.9
1414500 2707.8
1414510 2704.9
1414520 2704.9
1414530 2702.9
1414540 2700.2
1414550 2700.2
1414560 2698.4
1414570 2696.4
1414580 2696.4
1414590 2693.9
1414600 2691.6
1414610 2691.6
1414620 2689.6
1414630 2687.7
1414640 2687.7
1414650 2685.3
1414660 2683.6
1414670 2683.6
1414680 2681.8
1414690 2679.8
1414700 2679.8
1414710 2678.6
1414720 2678.4
1414730 2677.7
1414740 2677.7
1414750 2676.7
1414760 2676.8
1414770 2676.8
1414780 2677.6
1414790 2679.6
1414800 2679.6
1414810 2683.3
1414820 2685.3
1414830 2685.3
1414840 2685.2
1414850 2685.5
1414860 2685.5
1414870 2684.8
1414880 2682.8
1414890 2682.8
1414900 2679.3
1414910 2676.2
1414920 2676.2
1414930 2673.5
1414940 2670.8
1414950 2667.3
1414960 2667.3
1414970 2666.3
1414980 2665.1
1414990 2665.1
1415000 2665.8
1415010 2666.6
1415020 2666.6
1415030 2666.5
1415040 2667.4
1415050 2667.4
1415060 2667.7
1415070 2666.7
1415080 2666.7
1415090 2667.2
1415100 2670.3
1415110 2670.3
1415120 2672.6
1415130 2673.1
1415140 2671.3
1415150 2671.3
1415160 2671.7
1415170 2673.0
1415180 2673.0
1415190 2671.3
1415200 2669.7
1415210 2669.7
1415220 2668.3
1415230 2668.1
1415240 2668.1
1415250 2669.0
1415260 2669.6
1415270 2669.6
1415280 2670.6
1415290 2672.7
1415300 2672.7
1415310 2676.2
1415320 2680.3
1415330 2680.3
1415340 2685.1
1415350 2691.0
1415360 2696.3
1415370 2696.3
1415380 2700.6
1415390 2705.8
1415400 2705.8
1415410 2710.3
1415420 2713.3
1415430 2713.3
1415440 2715.5
1415450 2715.5
1415460 2715.5
1415470 2715.1
1415480 2715.8
1415490 2715.8
1415500 2717.4
1415510 2720.5
1415520 2720.5
1415530 2723.5
1415540 2728.1
1415550 2728.1
1415560 2731.7
1415570 2736.4
1415580 2742.8
1415590 2742.8
1415600 2750.2
1415610 2757.4
1415620 2757.4
1415630 2767.9
1415640 2781.5
1415650 2781.5
1415660 2790.7
1415670 2803.3
1415680 2803.3
1415690 2827.8
1415700 2837.1
1415710 2837.1
1415720 2850.9
1415730 2860.8
1415740 2860.8
1415750 2866.5
1415760 2879.6
1415770 2879.6
1415780 2899.1
1415790 2915.7
1415800 2923.1
1415810 2923.1
1415820 2930.6
1415830 2940.0
1415840 2940.0
1415850 2948.4
1415860 2955.5
1415870 2955.5
1415880 2966.6
1415890 2981.7
1415900 2981.7
1415910 2998.4
1415920 3007.8
1415930 3007.8
1415940 3008.0
1415950 3009.8
1415960 3009.8
1415970 3011.9
1415980 3016.9
1415990 3016.9
1416000 3025.4
1416010 3040.7
1416020 3051.4
1416030 3051.4
1416040 3057.0
1416050 3058.5
1416060 3058.5
1416070 3058.0
1416080 3056.4
1416090 3056.4
1416100 3053.5
1416110 3049.5
1416120 3049.5
1416130 3044.5
1416140 3036.2
1416150 3036.2
1416160 3025.6
1416170 3015.8
1416180 3015.8
1416190 3002.4
1416200 2992.8
1416210 2983.5
1416220 2983.5
1416230 2974.0
1416240 2964.4
1416250 2964.4
1416260 2955.1
1416270 2945.7
1416280 2945.7
1416290 2937.3
1416300 2928.7
1416310 2928.7
1416320 2919.3
1416330 2908.5
1416340 2908.5
1416350 2898.1
1416360 2888.3
1416370 2888.3
1416380 2873.9
1416390 2836.5
1416400 2836.5
1416410 2821.4
1416420 2808.8
1416430 2798.1
1416440 2798.1
1416450 2786.6
1416460 2779.8
1416470 2779.8
1416480 2773.3
1416490 2767.4
1416500 2767.4
1416510 2762.6
1416520 2758.2
1416530 2758.2
1416540 2755.1
1416550 2752.8
1416560 2752.8
1416570 2750.9
1416580 2749.2
1416590 2749.2
1416600 2748.1
1416610 2747.6
1416620 2747.6
1416630 2746.9
1416640 2745.1
1416650 2743.8
1416660 2743.8
1416670 2742.9
1416680 2740.8
1416690 2740.8
1416700 2738.4
1416710 2738.0
1416720 2738.0
1416730 2739.5
1416740 2742.7
1416750 2742.7
1416760 2748.3
1416770 2756.6
1416780 2756.6
1416790 2764.1
1416800 2767.8
1416810 2767.8
1416820 2770.6
1416830 2776.8
1416840 2776.8
1416850 2787.2
1416860 2800.7
1416870 2815.7
1416880 2815.7
1416890 2824.8
1416900 2873.2
1416910 2873.2
1416920 2899.6
1416930 2914.8
1416940 2914.8
1416950 2936.0
1416960 2948.0
1416970 2948.0
1416980 2939.4
1416990 2927.9
1417000 2927.9
1417010 2916.9
1417020 2906.7
1417030 2906.7
1417040 2895.9
1417050 2888.7
1417060 2884.2
1417070 2884.2
1417080 2881.0
1417090 2874.2
1417100 2874.2
1417110 2852.8
1417120 2834.4
1417130 2834.4
1417140 2812.0
1417150 2784.7
1417160 2784.7
1417170 2749.2
1417180 2727.0
1417190 2727.0
1417200 2717.9
1417210 2710.4
1417220 2710.4
1417230 2704.2
1417240 2700.7
1417250 2700.7
1417260 2698.6
1417270 2697.3
1417280 2696.4
1417290 2696.4
1417300 2695.9
1417310 2696.0
1417320 2696.0
1417330 2696.5
1417340 2698.9
1417350 2698.9
1417360 2701.6
1417370 2705.3
1417380 2705.3
1417390 2711.5
1417400 2717.8
1417410 2717.8
1417420 2725.4
1417430 2736.7
1417440 2736.7
1417450 2750.2
1417460 2760.5
1417470 2760.5
1417480 2771.2
1417490 2783.0
1417500 2794.6
1417510 2794.6
1417520 2802.9
1417530 2809.9
1417540 2809.9
1417550 2816.6
1417560 2822.7
1417570 2822.7
1417580 2828.6
1417590 2835.2
1417600 2835.2
1417610 2841.9
1417620 2848.4
1417630 2848.4
1417640 2854.7
1417650 2861.2
1417660 2861.2
1417670 2867.1
1417680 2872.9
1417690 2872.9
1417700 2878.8
1417710 2884.4
1417720 2890.0
1417730 2890.0
1417740 2895.4
1417750 2900.8
1417760 2900.8
1417770 2906.4
1417780 2912.2
1417790 2912.2
1417800 2918.7
1417810 2925.9
1417820 2925.9
1417830 2933.2
1417840 2941.1
1417850 2941.1
1417860 2949.1
1417870 2956.8
1417880 2956.8
1417890 2963.7
1417900 2969.9
1417910 2974.9
1417920 2974.9
1417930 2977.3
1417940 2978.1
1417950 2978.1
1417960 2978.0
1417970 2977.6
1417980 2977.6
1417990 2977.3
1418000 2976.8
1418010 2976.8
1418020 2976.5
1418030 2976.4
1418040 2976.4
1418050 2976.2
1418060 2976.2
1418070 2969.5
1418080 2969.4
1418090 2969.5
1418100 2969.5
1418110 2969.2
1418120 2968.7
1418130 2968.5
1418140 2968.5
1418150 2968.0
1418160 2967.1
1418170 2967.1
1418180 2965.3
1418190 2957.1
1418200 2957.1
1418210 2944.5
1418220 2938.1
1418230 2938.1
1418240 2933.3
1418250 2926.9
1418260 2926.9
1418270 2919.3
1418280 2913.5
1418290 2913.5
1418300 2909.9
1418310 2907.9
1418320 2907.9
1418330 2905.0
1418340 2901.9
1418350 2897.4
1418360 2897.4
1418370 2892.4
1418380 2888.4
1418390 2888.4
1418400 2884.3
1418410 2880.5
1418420 2880.5
1418430 2876.9
1418440 2873.9
1418450 2873.9
1418460 2871.2
1418470 2869.2
1418480 2869.2
1418490 2868.5
1418500 2866.9
1418510 2866.9
1418520 2863.5
1418530 2858.9
1418540 2858.9
1418550 2853.3
1418560 2847.0
1418570 2841.9
1418580 2841.9
1418590 2838.4
1418600 2835.0
1418610 2835.0
1418620 2830.4
1418630 2825.9
1418640 2825.9
1418650 2821.0
1418660 2816.3
1418670 2816.3
1418680 2811.3
1418690 2806.9
1418700 2806.9
1418710 2803.2
1418720 2799.2
1418730 2799.2
1418740 2795.0
1418750 2790.8
1418760 2790.8
1418770 2787.0
1418780 2782.9
1418790 2778.7
1418800 2778.7
1418810 2773.4
1418820 2767.3
1418830 2767.3
1418840 2760.5
1418850 2751.5
1418860 2751.5
1418870 2736.7
1418880 2724.3
1418890 2724.3
1418900 2715.9
1418910 2709.1
1418920 2709.1
1418930 2704.0
1418940 2700.3
1418950 2700.3
1418960 2694.5
1418970 2688.0
1418980 2684.2
1418990 2684.2
1419000 2681.0
1419010 2676.9
1419020 2676.9
1419030 2673.7
1419040 2668.0
1419050 2668.0
1419060 2662.7
1419070 2655.0
1419080 2655.0
1419090 2653.4
1419100 2652.0
1419110 2652.0
1419120 2651.0
1419130 2651.8
1419140 2651.8
1419150 2653.0
1419160 2655.1
1419170 2655.1
1419180 2657.8
1419190 2659.2
1419200 2659.4
1419210 2659.4
1419220 2661.1
1419230 2659.5
1419240 2659.5
1419250 2664.8
1419260 2673.5
1419270 2673.5
1419280 2678.9
1419290 2683.4
1419300 2683.4
1419310 2690.2
1419320 2697.2
1419330 2697.2
1419340 2704.4
1419350 2711.8
1419360 2711.8
1419370 2718.3
1419380 2723.7
1419390 2723.7
1419400 2728.1
1419410 2731.5
1419420 2734.4
1419430 2734.4
1419440 2735.2
1419450 2731.1
1419460 2731.1
1419470 2725.6
1419480 2720.2
1419490 2720.2
1419500 2714.8
1419510 2709.6
1419520 2709.6
1419530 2705.6
1419540 2701.9
1419550 2701.9
1419560 2698.2
1419570 2694.8
1419580 2694.8
1419590 2691.5
1419600 2688.4
1419610 2688.4
1419620 2685.1
1419630 2682.8
1419640 2680.1
1419650 2680.1
1419660 2677.4
1419670 2674.5
1419680 2674.5
1419690 2671.9
1419700 2669.1
1419710 2669.1
1419720 2666.4
1419730 2664.2
1419740 2664.2
1419750 2662.7
1419760 2661.3
1419770 2661.3
1419780 2660.8
1419790 2659.8
1419800 2659.8
1419810 2658.2
1419820 2657.6
1419830 2657.0
1419840 2657.0
1419850 2656.3
1419860 2655.9
1419870 2655.9
1419880 2655.5
1419890 2654.6
1419900 2654.6
1419910 2654.0
1419920 2653.3
1419930 2653.3
1419940 2651.7
1419950 2650.1
1419960 2650.1
1419970 2648.9
1419980 2647.1
1419990 2647.1
