1400000 2751.6
1400010 2756.1
1400020 2761.2
1400030 2761.2
1400040 2766.1
1400050 2770.9
1400060 2770.9
1400070 2775.6
1400080 2780.2
1400090 2780.2
1400100 2784.6
1400110 2788.7
1400120 2788.7
1400130 2792.6
1400140 2797.7
1400150 2797.7
1400160 2804.0
1400170 2810.1
1400180 2810.1
1400190 2816.2
1400200 2822.2
1400210 2822.2
1400220 2828.1
1400230 2834.7
1400240 2841.8
1400250 2841.8
1400260 2849.0
1400270 2855.8
1400280 2855.8
1400290 2862.5
1400300 2869.0
1400310 2869.0
1400320 2875.8
1400330 2885.7
1400340 2885.7
1400350 2896.8
1400360 2908.9
1400370 2908.9
1400380 2918.2
1400390 2928.8
1400400 2928.8
1400410 2937.2
1400420 2943.6
1400430 2943.6
1400440 2946.5
1400450 2958.5
1400460 2972.1
1400470 2972.1
1400480 2985.8
1400490 2991.3
1400500 2991.3
1400510 2994.0
1400520 2998.7
1400530 2998.7
1400540 3004.6
1400550 3009.7
1400560 3009.7
1400570 3013.4
1400580 3020.0
1400590 3020.0
1400600 3029.4
1400610 3042.7
1400620 3042.7
1400630 3067.9
1400640 3090.3
1400650 3104.9
1400660 3115.5
1400670 3121.9
1400680 3125.8
1400690 3125.8
1400700 3129.0
1400710 3131.7
1400720 3131.7
1400730 3134.3
1400740 3136.8
1400750 3136.8
1400760 3139.2
1400770 3141.7
1400780 3141.7
1400790 3144.0
1400800 3146.2
1400810 3146.2
1400820 3148.2
1400830 3150.5
1400840 3150.5
1400850 3152.8
1400860 3155.1
1400870 3155.1
1400880 3156.1
1400890 3154.0
1400900 3151.0
1400910 3151.0
1400920 3147.6
1400930 3142.2
1400940 3142.2
1400950 3138.1
1400960 3133.5
1400970 3133.5
1400980 3126.5
1400990 3112.9
1401000 3112.9
1401010 3098.5
1401020 3078.7
1401030 3078.7
1401040 3068.3
1401050 3060.2
1401060 3060.2
1401070 3052.7
1401080 3045.4
1401090 3045.4
1401100 3039.0
1401110 3033.4
1401120 3028.5
1401130 3028.5
1401140 3023.9
1401150 3019.5
1401160 3019.5
1401170 3015.3
1401180 3011.5
1401190 3011.5
1401200 3007.7
1401210 3004.1
1401220 3004.1
1401230 3000.8
1401240 2997.5
1401250 2997.5
1401260 2994.5
1401270 2991.7
1401280 2991.7
1401290 2989.1
1401300 2986.8
1401310 2986.8
1401320 2984.6
1401330 2982.7
1401340 2980.9
1401350 2980.9
1401360 2979.3
1401370 2978.1
1401380 2978.1
1401390 2977.1
1401400 2976.5
1401410 2976.5
1401420 2976.4
1401430 2976.6
1401440 2976.6
1401450 2977.3
1401460 2979.1
1401470 2979.1
1401480 2981.6
1401490 2986.5
1401500 2986.5
1401510 2990.0
1401520 2992.0
1401530 2992.0
1401540 2993.5
1401550 2996.4
1401560 2996.8
1401570 2996.8
1401580 2998.2
1401590 3001.2
1401600 3001.2
1401610 3003.0
1401620 3005.2
1401630 3005.2
1401640 3008.8
1401650 3012.3
1401660 3012.3
1401670 3016.5
1401680 3021.2
1401690 3021.2
1401700 3024.7
1401710 3026.2
1401720 3026.2
1401730 3030.1
1401740 3036.4
1401750 3043.6
1401760 3043.6
1401770 3052.6
1401780 3063.4
1401790 3063.4
1401800 3072.9
1401810 3082.4
1401820 3082.4
1401830 3093.2
1401840 3091.1
1401850 3091.1
1401860 3085.4
1401870 3077.4
1401880 3077.4
1401890 3067.5
1401900 3063.1
1401910 3063.1
1401920 3061.4
1401930 3050.0
1401940 3050.0
1401950 3036.5
1401960 3028.0
1401970 3018.7
1401980 3018.7
1401990 3003.8
1402000 2994.3
1402010 2994.3
1402020 2986.5
1402030 2979.4
1402040 2979.4
1402050 2971.0
1402060 2967.0
1402070 2967.0
1402080 2963.5
1402090 2959.4
1402100 2959.4
1402110 2954.1
1402120 2948.3
1402130 2948.3
1402140 2943.4
1402150 2939.3
1402160 2939.3
1402170 2935.0
1402180 2924.6
1402190 2919.9
1402200 2919.9
1402210 2915.8
1402220 2911.8
1402230 2911.8
1402240 2910.1
1402250 2909.9
1402260 2909.9
1402270 2910.6
1402280 2912.9
1402290 2912.9
1402300 2915.0
1402310 2909.3
1402320 2909.3
1402330 2900.5
1402340 2891.1
1402350 2891.1
1402360 2883.4
1402370 2877.4
1402380 2877.4
1402390 2870.4
1402400 2862.4
1402410 2852.9
1402420 2852.9
1402430 2846.5
1402440 2840.9
1402450 2840.9
1402460 2835.8
1402470 2830.3
1402480 2830.3
1402490 2823.4
1402500 2817.2
1402510 2817.2
1402520 2812.2
1402530 2807.6
1402540 2807.6
1402550 2803.2
1402560 2799.8
1402570 2799.8
1402580 2796.8
1402590 2794.7
1402600 2794.7
1402610 2792.4
1402620 2790.7
1402630 2788.2
1402640 2788.2
1402650 2785.2
1402660 2782.9
1402670 2782.9
1402680 2781.0
1402690 2778.9
1402700 2778.9
1402710 2775.5
1402720 2772.9
1402730 2772.9
1402740 2772.0
1402750 2767.5
1402760 2767.5
1402770 2757.6
1402780 2744.4
1402790 2744.4
1402800 2726.5
1402810 2704.6
1402820 2704.6
1402830 2693.7
1402840 2685.6
1402850 2677.8
1402860 2677.8
1402870 2669.8
1402880 2662.1
1402890 2662.1
1402900 2655.0
1402910 2648.3
1402920 2648.3
1402930 2642.3
1402940 2637.1
1402950 2637.1
1402960 2632.2
1402970 2627.4
1402980 2627.4
1402990 2623.0
1403000 2618.3
1403010 2618.3
1403020 2613.9
1403030 2610.6
1403040 2610.6
1403050 2608.6
1403060 2604.8
1403070 2600.8
1403080 2600.8
1403090 2597.4
1403100 2593.0
1403110 2593.0
1403120 2587.8
1403130 2581.3
1403140 2581.3
1403150 2569.5
1403160 2554.1
1403170 2554.1
1403180 2540.7
1403190 2531.2
1403200 2531.2
1403210 2524.0
1403220 2517.1
1403230 2517.1
1403240 2510.1
1403250 2504.3
1403260 2500.2
1403270 2500.2
1403280 2496.9
1403290 2493.7
1403300 2493.7
1403310 2491.0
1403320 2488.3
1403330 2488.3
1403340 2484.4
1403350 2479.6
1403360 2479.6
1403370 2474.8
1403380 2470.1
1403390 2470.1
1403400 2463.6
1403410 2457.0
1403420 2457.0
1403430 2452.4
1403440 2446.5
1403450 2446.5
1403460 2440.8
1403470 2435.3
1403480 2428.9
1403490 2428.9
1403500 2423.5
1403510 2417.2
1403520 2417.2
1403530 2408.5
1403540 2399.5
1403550 2399.5
1403560 2392.5
1403570 2386.3
1403580 2386.3
1403590 2381.2
1403600 2375.9
1403610 2375.9
1403620 2370.9
1403630 2366.2
1403640 2366.2
1403650 2361.3
1403660 2357.2
1403670 2357.2
1403680 2353.6
1403690 2350.1
1403700 2345.1
1403710 2345.1
1403720 2339.1
1403730 2331.5
1403740 2331.5
1403750 2320.9
1403760 2312.2
1403770 2312.2
1403780 2304.9
1403790 2298.1
1403800 2298.1
1403810 2291.0
1403820 2282.9
1403830 2282.9
1403840 2275.7
1403850 2270.0
1403860 2270.0
1403870 2264.7
1403880 2257.5
1403890 2257.5
1403900 2251.1
1403910 2247.9
1403920 2245.3
1403930 2245.3
1403940 2242.2
1403950 2237.8
1403960 2237.8
1403970 2232.5
1403980 2227.0
1403990 2227.0
1404000 2221.4
1404010 2215.7
1404020 2215.7
1404030 2209.6
1404040 2203.3
1404050 2203.3
1404060 2196.6
1404070 2189.5
1404080 2189.5
1404090 2182.1
1404100 2174.9
1404110 2174.9
1404120 2169.5
1404130 2164.9
1404140 2158.6
1404150 2158.6
1404160 2149.1
1404170 2139.4
1404180 2139.4
1404190 2132.5
1404200 2126.0
1404210 2126.0
1404220 2120.4
1404230 2115.7
1404240 2115.7
1404250 2110.9
1404260 2106.1
1404270 2106.1
1404280 2101.1
1404290 2096.2
1404300 2096.2
1404310 2091.9
1404320 2087.4
1404330 2087.4
1404340 2082.7
1404350 2078.4
1404360 2073.9
1404370 2073.9
1404380 2069.5
1404390 2065.6
1404400 2065.6
1404410 2062.0
1404420 2058.9
1404430 2058.9
1404440 2056.1
1404450 2052.3
1404460 2052.3
1404470 2047.9
1404480 2044.1
1404490 2044.1
1404500 2040.6
1404510 2036.5
1404520 2036.5
1404530 2030.5
1404540 2017.3
1404550 2017.3
1404560 2002.5
1404570 1995.8
1404580 1989.7
1404590 1989.7
1404600 1982.9
1404610 1974.3
1404620 1974.3
1404630 1966.8
1404640 1959.0
1404650 1959.0
1404660 1952.2
1404670 1947.5
1404680 1947.5
1404690 1943.9
1404700 1939.0
1404710 1939.0
1404720 1933.9
1404730 1927.5
1404740 1927.5
1404750 1917.3
1404760 1907.2
1404770 1893.7
1404780 1893.7
1404790 1884.4
1404800 1876.2
1404810 1876.2
1404820 1868.8
1404830 1861.7
1404840 1861.7
1404850 1852.7
1404860 1843.0
1404870 1843.0
1404880 1833.7
1404890 1825.4
1404900 1825.4
1404910 1818.3
1404920 1811.5
1404930 1811.5
1404940 1804.4
1404950 1797.4
1404960 1797.4
1404970 1790.7
1404980 1784.8
1404990 1779.5
1405000 1779.5
1405010 1774.5
1405020 1770.2
1405030 1770.2
1405040 1764.7
1405050 1759.2
1405060 1759.2
1405070 1752.9
1405080 1747.4
1405090 1747.4
1405100 1742.7
1405110 1738.9
1405120 1738.9
1405130 1734.9
1405140 1730.8
1405150 1730.8
1405160 1726.0
1405170 1721.5
1405180 1721.5
1405190 1717.9
1405200 1715.7
1405210 1714.8
1405220 1714.8
1405230 1715.6
1405240 1718.0
1405250 1718.0
1405260 1720.4
1405270 1722.0
1405280 1722.0
1405290 1723.6
1405300 1726.0
1405310 1726.7
1405320 1728.1
1405330 1729.8
1405340 1729.8
1405350 1731.4
1405360 1733.0
1405370 1733.0
1405380 1734.4
1405390 1736.4
1405400 1736.4
1405410 1738.3
1405420 1740.2
1405430 1742.1
1405440 1742.1
1405450 1743.9
1405460 1746.1
1405470 1746.1
1405480 1746.5
1405490 1746.8
1405500 1746.8
1405510 1749.1
1405520 1750.8
1405530 1750.8
1405540 1752.4
1405550 1754.9
1405560 1754.9
1405570 1756.4
1405580 1757.8
1405590 1757.8
1405600 1759.8
1405610 1760.1
1405620 1760.1
1405630 1760.5
1405640 1762.5
1405650 1762.8
1405660 1762.8
1405670 1763.6
1405680 1767.4
1405690 1767.4
1405700 1773.7
1405710 1780.5
1405720 1780.5
1405730 1786.9
1405740 1791.8
1405750 1791.8
1405760 1796.8
1405770 1802.3
1405780 1802.3
1405790 1807.1
1405800 1812.8
1405810 1812.8
1405820 1818.3
1405830 1824.0
1405840 1824.0
1405850 1829.1
1405860 1835.2
1405870 1842.0
1405880 1842.0
1405890 1848.8
1405900 1855.1
1405910 1855.1
1405920 1861.7
1405930 1869.1
1405940 1869.1
1405950 1876.8
1405960 1885.0
1405970 1885.0
1405980 1893.7
1405990 1906.1
1406000 1906.1
1406010 1922.6
1406020 1934.9
1406030 1934.9
1406040 1941.7
1406050 1947.3
1406060 1947.3
1406070 1953.1
1406080 1958.5
1406090 1963.9
1406100 1963.9
1406110 1970.0
1406120 1975.1
1406130 1975.1
1406140 1980.5
1406150 1987.1
1406160 1987.1
1406170 1996.4
1406180 2003.9
1406190 2003.9
1406200 2008.7
1406210 2014.1
1406220 2014.1
1406230 2019.8
1406240 2025.8
1406250 2025.8
1406260 2032.7
1406270 2041.5
1406280 2046.6
1406290 2046.6
1406300 2051.9
1406310 2058.4
1406320 2058.4
1406330 2062.2
1406340 2065.6
1406350 2065.6
1406360 2069.2
1406370 2071.8
1406380 2071.8
1406390 2068.4
1406400 2055.0
1406410 2055.0
1406420 2043.4
1406430 2045.0
1406440 2045.0
1406450 2042.7
1406460 2040.1
1406470 2040.1
1406480 2043.9
1406490 2050.2
1406500 2054.7
1406510 2054.7
1406520 2058.7
1406530 2052.4
1406540 2052.4
1406550 2051.2
1406560 2054.4
1406570 2054.4
1406580 2053.3
1406590 2052.1
1406600 2052.1
1406610 2056.2
1406620 2062.7
1406630 2062.7
1406640 2066.6
1406650 2065.1
1406660 2065.1
1406670 2071.1
1406680 2082.1
1406690 2082.1
1406700 2084.0
1406710 2082.7
1406720 2081.5
1406730 2081.5
1406740 2083.6
1406750 2090.1
1406760 2090.1
1406770 2098.8
1406780 2106.7
1406790 2106.7
1406800 2110.2
1406810 2110.4
1406820 2110.4
1406830 2119.1
1406840 2124.5
1406850 2124.5
1406860 2123.4
1406870 2121.7
1406880 2121.7
1406890 2125.3
1406900 2131.4
1406910 2131.4
1406920 2136.7
1406930 2145.1
1406940 2147.3
1406950 2147.3
1406960 2149.3
1406970 2153.2
1406980 2153.2
1406990 2159.8
1407000 2166.5
1407010 2166.5
1407020 2173.8
1407030 2181.8
1407040 2181.8
1407050 2189.9
1407060 2197.8
1407070 2197.8
1407080 2203.3
1407090 2208.5
1407100 2208.5
1407110 2214.1
1407120 2219.7
1407130 2219.7
1407140 2225.2
1407150 2231.1
1407160 2236.7
1407170 2236.7
1407180 2242.3
1407190 2247.5
1407200 2247.5
1407210 2252.6
1407220 2257.7
1407230 2257.7
1407240 2262.7
1407250 2266.4
1407260 2266.4
1407270 2271.4
1407280 2278.3
1407290 2278.3
1407300 2283.3
1407310 2287.8
1407320 2287.8
1407330 2292.3
1407340 2296.9
1407350 2296.9
1407360 2301.7
1407370 2307.1
1407380 2311.0
1407390 2311.0
1407400 2313.3
1407410 2318.0
1407420 2318.0
1407430 2323.5
1407440 2328.2
1407450 2328.2
1407460 2332.3
1407470 2336.1
1407480 2336.1
1407490 2340.8
1407500 2346.2
1407510 2346.2
1407520 2352.0
1407530 2357.1
1407540 2357.1
1407550 2363.0
1407560 2369.0
1407570 2369.0
1407580 2374.3
1407590 2378.5
1407600 2381.8
1407610 2381.8
1407620 2384.5
1407630 2387.5
1407640 2387.5
1407650 2391.2
1407660 2394.9
1407670 2394.9
1407680 2399.4
1407690 2403.9
1407700 2403.9
1407710 2408.2
1407720 2411.8
1407730 2411.8
1407740 2414.7
1407750 2416.6
1407760 2416.6
1407770 2417.5
1407780 2418.6
1407790 2418.6
1407800 2421.1
1407810 2423.9
1407820 2427.0
1407830 2427.0
1407840 2431.3
1407850 2434.8
1407860 2434.8
1407870 2437.8
1407880 2441.0
1407890 2441.0
1407900 2443.9
1407910 2447.3
1407920 2447.3
1407930 2450.4
1407940 2451.9
1407950 2451.9
1407960 2453.2
1407970 2455.1
1407980 2455.1
1407990 2457.0
1408000 2457.9
1408010 2458.6
1408020 2458.6
1408030 2461.0
1408040 2463.5
1408050 2463.5
1408060 2467.7
1408070 2470.8
1408080 2470.8
1408090 2473.5
1408100 2477.6
1408110 2477.6
1408120 2483.3
1408130 2494.0
1408140 2494.0
1408150 2505.2
1408160 2508.9
1408170 2508.9
1408180 2513.2
1408190 2517.7
1408200 2517.7
1408210 2523.0
1408220 2529.8
1408230 2543.3
1408240 2543.3
1408250 2552.3
1408260 2557.0
1408270 2557.0
1408280 2562.7
1408290 2570.3
1408300 2570.3
1408310 2575.3
1408320 2579.7
1408330 2579.7
1408340 2584.9
1408350 2589.7
1408360 2589.7
1408370 2599.6
1408380 2608.5
1408390 2608.5
1408400 2613.9
1408410 2617.6
1408420 2617.6
1408430 2618.6
1408440 2619.8
1408450 2623.5
1408460 2623.5
1408470 2626.6
1408480 2627.8
1408490 2627.8
1408500 2631.1
1408510 2636.4
1408520 2636.4
1408530 2642.6
1408540 2648.5
1408550 2648.5
1408560 2654.0
1408570 2659.1
1408580 2657.1
1408590 2662.5
1408600 2668.1
1408610 2668.1
1408620 2673.1
1408630 2676.9
1408640 2676.9
1408650 2681.0
1408660 2685.1
1408670 2689.0
1408680 2689.0
1408690 2692.6
1408700 2696.0
1408710 2696.0
1408720 2700.0
1408730 2704.7
1408740 2704.7
1408750 2710.0
1408760 2716.5
1408770 2716.5
1408780 2724.4
1408790 2737.0
1408800 2737.0
1408810 2749.3
1408820 2761.7
1408830 2761.7
1408840 2774.5
1408850 2784.2
1408860 2784.2
1408870 2796.4
1408880 2819.6
1408890 2843.2
1408900 2843.2
1408910 2858.1
1408920 2873.6
1408930 2873.6
1408940 2887.1
1408950 2896.2
1408960 2896.2
1408970 2904.2
1408980 2911.1
1408990 2911.1
1409000 2916.2
1409010 2925.3
1409020 2925.3
1409030 2935.7
1409040 2943.9
1409050 2943.9
1409060 2951.7
1409070 2959.2
1409080 2959.2
1409090 2966.9
1409100 2975.9
1409110 2983.3
1409120 2983.3
1409130 2990.4
1409140 2997.4
1409150 2997.4
1409160 3001.8
1409170 2997.8
1409180 2997.8
1409190 2993.4
1409200 2990.4
1409210 2990.4
1409220 2988.7
1409230 2988.6
1409240 2988.6
1409250 2989.2
1409260 2991.6
1409270 2991.6
1409280 2994.6
1409290 2998.8
1409300 2998.8
1409310 3004.1
1409320 3009.6
1409330 3013.5
1409340 3013.5
1409350 3020.7
1409360 3029.1
1409370 3029.1
1409380 3035.9
1409390 3041.5
1409400 3041.5
1409410 3047.9
1409420 3049.7
1409430 3049.7
1409440 3039.4
1409450 3026.1
1409460 3026.1
1409470 3015.3
1409480 3006.3
1409490 3006.3
1409500 3003.4
1409510 3017.7
1409520 3038.2
1409530 3038.2
1409540 3055.8
1409550 3069.8
1409560 3069.8
1409570 3079.0
1409580 3073.0
1409590 3073.0
1409600 3067.4
1409610 3062.4
1409620 3062.4
1409630 3058.2
1409640 3051.4
1409650 3051.4
1409660 3044.5
1409670 3039.3
1409680 3039.3
1409690 3033.3
1409700 3027.8
1409710 3027.8
1409720 3021.3
1409730 3015.1
1409740 3009.5
1409750 3009.5
1409760 3005.9
1409770 3002.4
1409780 3002.4
1409790 3001.0
1409800 3000.0
1409810 3000.0
1409820 2999.1
1409830 2999.3
1409840 2999.3
1409850 2999.5
1409860 2998.4
1409870 2998.4
1409880 2996.0
1409890 2992.8
1409900 2992.8
1409910 2990.4
1409920 2988.6
1409930 2988.6
1409940 2987.4
1409950 2987.4
1409960 2989.2
1409970 2989.2
1409980 2993.7
1409990 2993.8
1410000 2993.8
1410010 2993.1
1410020 2993.8
1410030 2993.8
1410040 2995.1
1410050 2996.6
1410060 2996.6
1410070 2998.4
1410080 3001.3
1410090 3001.3
1410100 3002.2
1410110 3001.8
1410120 3001.8
1410130 3003.8
1410140 3007.2
1410150 3007.2
1410160 3013.4
1410170 3020.3
1410180 3023.6
1410190 3023.6
1410200 3026.0
1410210 3029.1
1410220 3029.1
1410230 3032.5
1410240 3038.2
1410250 3038.2
1410260 3047.6
1410270 3056.6
1410280 3056.6
1410290 3060.9
1410300 3063.3
1410310 3063.3
1410320 3066.1
1410330 3068.4
1410340 3068.4
1410350 3069.5
1410360 3067.9
1410370 3067.9
1410380 3065.0
1410390 3061.6
1410400 3058.0
1410410 3058.0
1410420 3053.2
1410430 3048.6
1410440 3048.6
1410450 3045.8
1410460 3044.7
1410470 3044.7
1410480 3042.5
1410490 3038.8
1410500 3038.8
1410510 3034.5
1410520 3031.6
1410530 3031.6
1410540 3030.4
1410550 3029.0
1410560 3029.0
1410570 3027.9
1410580 3028.1
1410590 3028.1
1410600 3028.4
1410610 3029.2
1410620 3030.6
1410630 3030.6
1410640 3030.9
1410650 3030.2
1410660 3030.2
1410670 3029.6
1410680 3030.2
1410690 3030.2
1410700 3031.2
1410710 3032.2
1410720 3032.2
1410730 3033.3
1410740 3034.5
1410750 3034.5
1410760 3035.8
1410770 3036.9
1410780 3036.9
1410790 3038.0
1410800 3038.8
1410810 3038.8
1410820 3051.3
1410830 3061.6
1410840 3063.1
1410850 3063.1
1410860 3065.7
1410870 3069.2
1410880 3069.2
1410890 3072.0
1410900 3075.1
1410910 3075.1
1410920 3077.9
1410930 3079.6
1410940 3079.6
1410950 3079.3
1410960 3080.4
1410970 3080.4
1410980 3083.1
1410990 3085.6
1411000 3085.6
1411010 3087.5
1411020 3089.2
1411030 3091.0
1411040 3091.0
1411050 3093.2
1411060 3095.3
1411070 3095.3
1411080 3097.3
1411090 3099.3
1411100 3099.3
1411110 3101.1
1411120 3102.9
1411130 3102.9
1411140 3104.5
1411150 3106.0
1411160 3106.0
1411170 3107.3
1411180 3108.4
1411190 3108.4
1411200 3109.4
1411210 3110.3
1411220 3110.3
1411230 3111.2
1411240 3111.9
1411250 3112.4
1411260 3112.4
1411270 3112.8
1411280 3113.2
1411290 3113.2
1411300 3113.5
1411310 3113.9
1411320 3113.9
1411330 3114.1
1411340 3114.5
1411350 3114.5
1411360 3114.9
1411370 3115.1
1411380 3115.1
1411390 3115.3
1411400 3115.6
1411410 3115.6
1411420 3116.0
1411430 3116.2
1411440 3116.2
1411450 3116.3
1411460 3116.5
1411470 3116.6
1411480 3116.6
1411490 3116.7
1411500 3116.7
1411510 3116.7
1411520 3116.8
1411530 3116.8
1411540 3116.8
1411550 3116.8
1411560 3116.7
1411570 3116.7
1411580 3116.7
1411590 3116.8
1411600 3116.8
1411610 3116.8
1411620 3116.7
1411630 3116.7
1411640 3116.9
1411650 3117.0
1411660 3117.0
1411670 3117.1
1411680 3117.4
1411690 3117.7
1411700 3117.7
1411710 3118.0
1411720 3118.2
1411730 3118.2
1411740 3118.7
1411750 3119.3
1411760 3119.3
1411770 3119.8
1411780 3120.3
1411790 3120.3
1411800 3120.8
1411810 3121.7
1411820 3121.7
1411830 3122.5
1411840 3123.5
1411850 3123.5
1411860 3124.6
1411870 3125.9
1411880 3125.9
1411890 3127.2
1411900 3128.7
1411910 3130.3
1411920 3130.3
1411930 3132.0
1411940 3133.7
1411950 3133.7
1411960 3135.5
1411970 3137.2
1411980 3137.2
1411990 3137.9
1412000 3139.7
1412010 3139.7
1412020 3141.4
1412030 3143.2
1412040 3143.2
1412050 3145.1
1412060 3147.0
1412070 3147.0
1412080 3149.1
1412090 3151.3
1412100 3151.3
1412110 3153.7
1412120 3156.2
1412130 3158.8
1412140 3158.8
1412150 3161.3
1412160 3163.8
1412170 3163.8
1412180 3166.3
1412190 3168.5
1412200 3168.5
1412210 3170.9
1412220 3173.1
1412230 3173.1
1412240 3175.4
1412250 3177.9
1412260 3177.9
1412270 3181.2
1412280 3186.8
1412290 3186.8
1412300 3186.8
1412310 3176.0
1412320 3176.0
1412330 3169.4
1412340 3164.4
1412350 3159.4
1412360 3159.4
1412370 3150.1
1412380 3138.9
1412390 3138.9
1412400 3133.3
1412410 3129.2
1412420 3129.2
1412430 3125.7
1412440 3122.7
1412450 3122.7
1412460 3120.5
1412470 3118.8
1412480 3118.8
1412490 3117.4
1412500 3116.3
1412510 3116.3
1412520 3115.6
1412530 3114.9
1412540 3114.8
1412550 3114.8
1412560 3115.1
1412570 3115.6
1412580 3115.6
1412590 3116.3
1412600 3117.2
1412610 3117.2
1412620 3118.3
1412630 3119.6
1412640 3119.6
1412650 3120.9
1412660 3122.7
1412670 3122.7
1412680 3124.4
1412690 3125.6
1412700 3125.6
1412710 3127.5
1412720 3128.9
1412730 3128.9
1412740 3130.0
1412750 3131.1
1412760 3132.3
1412770 3132.3
1412780 3133.2
1412790 3134.8
1412800 3134.8
1412810 3136.1
1412820 3137.0
1412830 3137.0
1412840 3137.5
1412850 3137.6
1412860 3137.6
1412870 3137.2
1412880 3136.6
1412890 3136.6
1412900 3135.7
1412910 3134.8
1412920 3134.8
1412930 3133.7
1412940 3133.1
1412950 3133.1
1412960 3132.5
1412970 3132.2
1412980 3131.8
1412990 3131.8
1413000 3131.4
1413010 3131.1
1413020 3131.1
1413030 3131.0
1413040 3130.8
1413050 3130.8
1413060 3130.7
1413070 3130.8
1413080 3130.8
1413090 3131.2
1413100 3132.0
1413110 3132.0
1413120 3133.2
1413130 3134.8
1413140 3134.8
1413150 3136.7
1413160 3138.7
1413170 3138.7
1413180 3140.9
1413190 3143.2
1413200 3145.6
1413210 3145.6
1413220 3148.0
1413230 3150.5
1413240 3150.5
1413250 3153.1
1413260 3155.7
1413270 3155.7
1413280 3158.3
1413290 3161.0
1413300 3161.0
1413310 3163.7
1413320 3166.4
1413330 3166.4
1413340 3169.1
1413350 3171.6
1413360 3171.6
1413370 3174.2
1413380 3176.7
1413390 3176.7
1413400 3178.8
1413410 3180.4
1413420 3182.2
1413430 3182.2
1413440 3184.2
1413450 3186.6
1413460 3186.6
1413470 3189.5
1413480 3192.9
1413490 3192.9
1413500 3198.6
1413510 3210.8
1413520 3210.8
1413530 3222.6
1413540 3232.3
1413550 3232.3
1413560 3242.7
1413570 3253.5
1413580 3253.5
1413590 3268.5
1413600 3281.1
1413610 3281.1
1413620 3284.9
1413630 3285.5
1413640 3285.8
1413650 3285.8
1413660 3287.3
1413670 3289.8
1413680 3289.8
1413690 3293.0
1413700 3296.6
1413710 3296.6
1413720 3300.5
1413730 3304.9
1413740 3304.9
1413750 3309.9
1413760 3317.1
1413770 3317.1
1413780 3323.8
1413790 3320.8
1413800 3320.8
1413810 3306.6
1413820 3295.3
1413830 3295.3
1413840 3284.8
1413850 3275.4
1413860 3267.6
1413870 3267.6
1413880 3262.1
1413890 3258.2
1413900 3258.2
1413910 3250.8
1413920 3243.8
1413930 3243.8
1413940 3239.7
1413950 3233.9
1413960 3233.9
1413970 3229.8
1413980 3236.0
1413990 3236.0
1414000 3262.3
1414010 3269.1
1414020 3269.1
1414030 3263.2
1414040 3260.4
1414050 3260.9
1414060 3260.9
1414070 3250.8
1414080 3241.6
1414090 3241.6
1414100 3245.3
1414110 3251.1
1414120 3251.1
1414130 3250.9
1414140 3253.4
1414150 3253.4
1414160 3257.0
1414170 3257.9
1414180 3257.9
1414190 3258.0
1414200 3257.4
1414210 3257.4
1414220 3254.8
1414230 3251.0
1414240 3251.0
1414250 3247.0
1414260 3247.3
1414270 3244.8
1414280 3244.8
1414290 3239.7
1414300 3240.2
1414310 3240.2
1414320 3240.8
1414330 3242.2
1414340 3242.2
1414350 3242.2
1414360 3243.4
1414370 3243.4
1414380 3247.0
1414390 3256.2
1414400 3256.2
1414410 3260.7
1414420 3265.6
1414430 3265.6
1414440 3270.8
1414450 3276.9
1414460 3276.9
1414470 3283.3
1414480 3295.5
1414490 3302.0
1414500 3302.0
1414510 3302.7
1414520 3301.7
1414530 3301.7
1414540 3300.6
1414550 3299.1
1414560 3299.1
1414570 3297.2
1414580 3295.9
1414590 3295.9
1414600 3293.5
1414610 3289.2
1414620 3289.2
1414630 3285.6
1414640 3278.3
1414650 3278.3
1414660 3272.1
1414670 3265.3
1414680 3265.3
1414690 3256.9
1414700 3251.3
1414710 3246.1
1414720 3246.1
1414730 3238.2
1414740 3232.6
1414750 3232.6
1414760 3223.6
1414770 3215.3
1414780 3215.3
1414790 3208.7
1414800 3202.7
1414810 3202.7
1414820 3196.5
1414830 3191.3
1414840 3191.3
1414850 3186.6
1414860 3182.4
1414870 3182.4
1414880 3178.9
1414890 3176.8
1414900 3176.8
1414910 3175.3
1414920 3172.2
1414930 3172.1
1414940 3172.1
1414950 3172.7
1414960 3169.5
1414970 3169.5
1414980 3167.4
1414990 3166.9
1415000 3166.9
1415010 3165.2
1415020 3162.1
1415030 3162.1
1415040 3156.6
1415050 3150.9
1415060 3150.9
1415070 3143.8
1415080 3134.8
1415090 3134.8
1415100 3124.8
1415110 3113.8
1415120 3113.8
1415130 3102.9
1415140 3099.4
1415150 3096.8
1415160 3096.8
1415170 3093.9
1415180 3091.1
1415190 3091.1
1415200 3088.6
1415210 3085.6
1415220 3085.6
1415230 3082.2
1415240 3078.4
1415250 3078.4
1415260 3074.4
1415270 3069.8
1415280 3069.8
1415290 3065.7
1415300 3061.2
1415310 3061.2
1415320 3056.4
1415330 3051.3
1415340 3051.3
1415350 3046.1
1415360 3041.1
1415370 3036.7
1415380 3036.7
1415390 3032.8
1415400 3029.3
1415410 3029.3
1415420 3026.0
1415430 3022.8
1415440 3022.8
1415450 3019.9
1415460 3016.8
1415470 3016.8
1415480 3013.7
1415490 3010.8
1415500 3010.8
1415510 3008.2
1415520 3005.2
1415530 3005.2
1415540 3003.0
1415550 3001.3
1415560 3000.1
1415570 3007.0
1415580 3007.9
1415590 3008.5
1415600 3008.5
1415610 3012.7
1415620 3026.3
1415630 3026.3
1415640 3033.5
1415650 3040.1
1415660 3040.1
1415670 3044.3
1415680 3044.5
1415690 3044.5
1415700 3047.8
1415710 3054.2
1415720 3054.2
1415730 3067.2
1415740 3080.1
1415750 3080.1
1415760 3085.2
1415770 3092.8
1415780 3096.4
1415790 3096.4
1415800 3094.7
1415810 3088.9
1415820 3088.9
1415830 3072.8
1415840 3060.3
1415850 3060.3
1415860 3043.8
1415870 3035.6
1415880 3035.6
1415890 3038.5
1415900 3046.7
1415910 3046.7
1415920 3052.0
1415930 3049.1
1415940 3049.1
1415950 3043.5
1415960 3040.5
1415970 3040.5
1415980 3035.9
1415990 3030.6
1416000 3022.9
1416010 3022.9
1416020 3015.6
1416030 3002.6
1416040 3002.6
1416050 2989.7
1416060 2979.5
1416070 2979.5
1416080 2966.8
1416090 2955.6
1416100 2955.6
1416110 2946.5
1416120 2938.7
1416130 2938.7
1416140 2929.8
1416150 2920.4
1416160 2920.4
1416170 2914.6
1416180 2904.4
1416190 2904.4
1416200 2891.3
1416210 2878.8
1416220 2871.8
1416230 2871.8
1416240 2866.3
1416250 2859.9
1416260 2859.9
1416270 2854.9
1416280 2849.8
1416290 2849.8
1416300 2845.7
1416310 2842.3
1416320 2842.3
1416330 2838.9
1416340 2835.7
1416350 2835.7
1416360 2833.1
1416370 2830.8
1416380 2830.8
1416390 2829.2
1416400 2827.6
1416410 2827.6
1416420 2826.3
1416430 2824.8
1416440 2825.5
1416450 2825.5
1416460 2826.5
1416470 2829.2
1416480 2829.2
1416490 2832.6
1416500 2834.9
1416510 2834.9
1416520 2838.5
1416530 2840.6
1416540 2840.6
1416550 2841.1
1416560 2836.9
1416570 2836.9
1416580 2831.4
1416590 2827.1
1416600 2827.1
1416610 2825.3
1416620 2827.8
1416630 2827.8
1416640 2830.6
1416650 2826.6
1416660 2819.9
1416670 2819.9
1416680 2814.5
1416690 2807.4
1416700 2807.4
1416710 2797.0
1416720 2787.2
1416730 2787.2
1416740 2780.9
1416750 2778.1
1416760 2778.1
1416770 2769.7
1416780 2759.6
1416790 2759.6
1416800 2753.4
1416810 2750.3
1416820 2750.3
1416830 2746.8
1416840 2742.3
1416850 2742.3
1416860 2737.1
1416870 2735.6
1416880 2736.8
1416890 2736.8
1416900 2738.9
1416910 2736.7
1416920 2736.7
1416930 2731.6
1416940 2729.1
1416950 2729.1
1416960 2729.3
1416970 2729.4
1416980 2729.4
1416990 2732.0
1417000 2734.1
1417010 2734.1
1417020 2733.7
1417030 2734.6
1417040 2734.6
1417050 2739.5
1417060 2746.8
1417070 2750.3
1417080 2750.3
1417090 2748.4
1417100 2744.3
1417110 2744.3
1417120 2739.4
1417130 2734.6
1417140 2734.6
1417150 2730.4
1417160 2725.9
1417170 2725.9
1417180 2720.5
1417190 2714.3
1417200 2714.3
1417210 2707.5
1417220 2700.7
1417230 2700.7
1417240 2693.8
1417250 2686.8
1417260 2686.8
1417270 2680.2
1417280 2673.9
1417290 2667.9
1417300 2667.9
1417310 2661.9
1417320 2656.0
1417330 2656.0
1417340 2649.0
1417350 2642.8
1417360 2642.8
1417370 2636.1
1417380 2628.7
1417390 2628.7
1417400 2621.3
1417410 2614.0
1417420 2614.0
1417430 2607.6
1417440 2607.1
1417450 2607.1
1417460 2601.5
1417470 2595.5
1417480 2595.5
1417490 2588.2
1417500 2580.6
1417510 2574.4
1417520 2574.4
1417530 2569.4
1417540 2565.6
1417550 2565.6
1417560 2562.2
1417570 2558.2
1417580 2558.2
1417590 2553.0
1417600 2548.0
1417610 2548.0
1417620 2543.1
1417630 2540.4
1417640 2540.4
1417650 2537.0
1417660 2532.7
1417670 2532.7
1417680 2527.2
1417690 2523.1
1417700 2523.1
1417710 2521.6
1417720 2520.7
1417730 2515.1
1417740 2515.1
1417750 2505.1
1417760 2499.9
1417770 2499.9
1417780 2494.2
1417790 2488.9
1417800 2488.9
1417810 2484.4
1417820 2479.9
1417830 2479.9
1417840 2475.9
1417850 2470.7
1417860 2470.7
1417870 2459.9
1417880 2454.1
1417890 2454.1
1417900 2448.0
1417910 2438.4
1417920 2438.4
1417930 2432.2
1417940 2427.5
1417950 2416.7
1417960 2416.7
1417970 2406.7
1417980 2398.7
1417990 2398.7
1418000 2391.4
1418010 2385.5
1418020 2385.5
1418030 2382.4
1418040 2378.7
1418050 2378.7
1418060 2374.4
1418070 2371.0
1418080 2371.0
1418090 2367.8
1418100 2365.9
1418110 2365.9
1418120 2363.0
1418130 2359.7
1418140 2359.7
1418150 2356.0
1418160 2351.3
1418170 2346.7
1418180 2346.7
1418190 2342.6
1418200 2336.8
1418210 2336.8
1418220 2328.6
1418230 2320.2
1418240 2320.2
1418250 2312.7
1418260 2306.9
1418270 2306.9
1418280 2300.9
1418290 2293.9
1418300 2293.9
1418310 2286.8
1418320 2279.1
1418330 2279.1
1418340 2271.1
1418350 2264.9
1418360 2264.9
1418370 2259.2
1418380 2253.6
1418390 2245.9
1418400 2245.9
1418410 2228.7
1418420 2215.7
1418430 2215.7
1418440 2206.0
1418450 2198.3
1418460 2198.3
1418470 2188.2
1418480 2177.4
1418490 2177.4
1418500 2169.7
1418510 2161.7
1418520 2161.7
1418530 2153.3
1418540 2146.5
1418550 2146.5
1418560 2139.8
1418570 2133.8
1418580 2129.9
1418590 2129.9
1418600 2126.6
1418610 2120.5
1418620 2120.5
1418630 2115.0
1418640 2109.7
1418650 2109.7
1418660 2104.4
1418670 2098.7
1418680 2098.7
1418690 2093.8
1418700 2089.4
1418710 2089.4
1418720 2084.8
1418730 2080.9
1418740 2080.9
1418750 2077.3
1418760 2074.4
1418770 2074.4
1418780 2072.1
1418790 2071.1
1418800 2070.5
1418810 2070.5
1418820 2070.3
1418830 2069.9
1418840 2069.9
1418850 2069.9
1418860 2070.5
1418870 2070.5
1418880 2073.0
1418890 2072.6
1418900 2072.6
1418910 2069.9
1418920 2070.0
1418930 2070.0
1418940 2070.2
1418950 2070.3
1418960 2070.3
1418970 2071.9
1418980 2075.7
1418990 2075.7
1419000 2079.7
1419010 2078.7
1419020 2077.8
1419030 2077.8
1419040 2075.4
1419050 2074.1
1419060 2074.1
1419070 2073.7
1419080 2073.3
1419090 2073.3
1419100 2073.4
1419110 2076.2
1419120 2076.2
1419130 2079.6
1419140 2083.6
1419150 2083.6
1419160 2088.5
1419170 2093.7
1419180 2093.7
1419190 2098.7
1419200 2103.9
1419210 2103.9
1419220 2109.7
1419230 2115.1
1419240 2117.2
1419250 2117.2
1419260 2118.9
1419270 2121.4
1419280 2121.4
1419290 2119.1
1419300 2105.8
1419310 2105.8
1419320 2094.3
1419330 2087.2
1419340 2087.2
1419350 2084.8
1419360 2077.4
1419370 2077.4
1419380 2074.1
1419390 2072.3
1419400 2072.3
1419410 2070.0
1419420 2069.4
1419430 2069.4
1419440 2069.3
1419450 2069.0
1419460 2068.9
1419470 2068.9
1419480 2068.8
1419490 2068.8
1419500 2068.8
1419510 2068.8
1419520 2068.8
1419530 2068.8
1419540 2068.9
1419550 2069.0
1419560 2069.0
1419570 2069.3
1419580 2069.3
1419590 2069.3
1419600 2069.0
1419610 2068.8
1419620 2068.8
1419630 2068.8
1419640 2068.8
1419650 2068.8
1419660 2068.8
1419670 2068.8
1419680 2068.8
1419690 2068.8
1419700 2068.8
1419710 2068.9
1419720 2068.9
1419730 2069.0
1419740 2069.0
1419750 2069.0
1419760 2069.0
1419770 2069.0
1419780 2069.0
1419790 2069.0
1419800 2069.1
1419810 2069.1
1419820 2069.4
1419830 2072.4
1419840 2072.4
1419850 2078.1
1419860 2085.1
1419870 2085.1
1419880 2090.4
1419890 2093.0
1419900 2091.7
1419910 2091.7
1419920 2091.4
1419930 2089.0
1419940 2089.0
1419950 2085.4
1419960 2082.1
1419970 2082.1
1419980 2076.4
1419990 2074.9
