1400000 2814.3
1400010 2820.4
1400020 2820.4
1400030 2824.1
1400040 2829.1
1400050 2829.1
1400060 2835.5
1400070 2842.1
1400080 2842.1
1400090 2846.9
1400100 2853.0
1400110 2860.7
1400120 2860.7
1400130 2866.2
1400140 2869.7
1400150 2869.7
1400160 2875.6
1400170 2883.0
1400180 2883.0
1400190 2892.1
1400200 2901.8
1400210 2901.8
1400220 2912.0
1400230 2921.9
1400240 2921.9
1400250 2930.5
1400260 2938.4
1400270 2938.4
1400280 2946.5
1400290 2956.5
1400300 2956.5
1400310 2968.6
1400320 2977.4
1400330 2983.5
1400340 2983.5
1400350 2989.5
1400360 2995.8
1400370 2995.8
1400380 3002.5
1400390 3008.9
1400400 3008.9
1400410 3015.5
1400420 3022.0
1400430 3022.0
1400440 3027.0
1400450 3031.6
1400460 3031.6
1400470 3036.3
1400480 3041.2
1400490 3041.2
1400500 3046.1
1400510 3051.6
1400520 3051.6
1400530 3057.7
1400540 3065.0
1400550 3071.6
1400560 3071.6
1400570 3078.1
1400580 3085.1
1400590 3085.1
1400600 3096.1
1400610 3104.1
1400620 3104.1
1400630 3110.9
1400640 3119.4
1400650 3119.4
1400660 3124.8
1400670 3127.3
1400680 3127.3
1400690 3129.4
1400700 3131.2
1400710 3131.2
1400720 3132.4
1400730 3133.4
1400740 3133.1
1400750 3133.1
1400760 3126.4
1400770 3122.0
1400780 3122.0
1400790 3116.6
1400800 3106.2
1400810 3106.2
1400820 3101.2
1400830 3083.5
1400840 3083.5
1400850 3080.3
1400860 3073.0
1400870 3073.0
1400880 3061.3
1400890 3054.1
1400900 3054.1
1400910 3051.7
1400920 3050.2
1400930 3050.2
1400940 3048.7
1400950 3047.2
1400960 3045.7
1400970 3045.7
1400980 3044.4
1400990 3042.7
1401000 3042.7
1401010 3040.6
1401020 3037.3
1401030 3037.3
1401040 3032.9
1401050 3028.5
1401060 3028.5
1401070 3024.1
1401080 3020.2
1401090 3020.2
1401100 3016.6
1401110 3013.1
1401120 3013.1
1401130 3009.8
1401140 3006.8
1401150 3006.8
1401160 3003.8
1401170 3000.9
1401180 2998.2
1401190 2998.2
1401200 2995.8
1401210 2993.3
1401220 2993.3
1401230 2990.9
1401240 2988.8
1401250 2988.8
1401260 2986.6
1401270 2984.4
1401280 2984.4
1401290 2982.3
1401300 2980.2
1401310 2980.2
1401320 2978.5
1401330 2976.7
1401340 2976.7
1401350 2974.9
1401360 2973.3
1401370 2973.3
1401380 2971.7
1401390 2970.1
1401400 2968.8
1401410 2968.8
1401420 2967.6
1401430 2966.6
1401440 2966.6
1401450 2966.1
1401460 2966.0
1401470 2966.0
1401480 2966.0
1401490 2966.2
1401500 2966.2
1401510 2966.6
1401520 2967.6
1401530 2967.6
1401540 2968.9
1401550 2970.4
1401560 2970.4
1401570 2972.1
1401580 2974.3
1401590 2974.3
1401600 2979.0
1401610 2986.8
1401620 2992.5
1401630 2992.5
1401640 2995.5
1401650 2997.3
1401660 2997.3
1401670 2998.3
1401680 3000.3
1401690 3000.3
1401700 3004.0
1401710 3007.6
1401720 3007.6
1401730 3012.2
1401740 3019.3
1401750 3019.3
1401760 3027.5
1401770 3039.5
1401780 3039.5
1401790 3053.3
1401800 3059.4
1401810 3059.4
1401820 3053.9
1401830 3045.3
1401840 3036.9
1401850 3036.9
1401860 3028.4
1401870 3018.5
1401880 3018.5
1401890 3009.3
1401900 2999.3
1401910 2999.3
1401920 2985.7
1401930 2973.9
1401940 2973.9
1401950 2961.0
1401960 2948.8
1401970 2948.8
1401980 2941.1
1401990 2934.4
1402000 2934.4
1402010 2928.0
1402020 2922.0
1402030 2916.4
1402040 2916.4
1402050 2911.5
1402060 2906.3
1402070 2906.3
1402080 2900.8
1402090 2895.4
1402100 2895.4
1402110 2890.4
1402120 2885.4
1402130 2885.4
1402140 2880.2
1402150 2875.3
1402160 2875.3
1402170 2870.0
1402180 2866.0
1402190 2866.0
1402200 2863.0
1402210 2860.9
1402220 2860.9
1402230 2860.5
1402240 2860.5
1402250 2856.1
1402260 2856.1
1402270 2850.4
1402280 2849.2
1402290 2849.2
1402300 2847.1
1402310 2847.4
1402320 2847.4
1402330 2851.7
1402340 2855.2
1402350 2855.2
1402360 2843.5
1402370 2840.5
1402380 2840.5
1402390 2836.6
1402400 2832.7
1402410 2832.7
1402420 2824.8
1402430 2815.6
1402440 2815.6
1402450 2807.8
1402460 2800.6
1402470 2793.5
1402480 2793.5
1402490 2786.7
1402500 2780.4
1402510 2780.4
1402520 2774.6
1402530 2769.1
1402540 2769.1
1402550 2765.1
1402560 2762.1
1402570 2762.1
1402580 2759.1
1402590 2756.5
1402600 2756.5
1402610 2753.8
1402620 2748.8
1402630 2748.8
1402640 2744.2
1402650 2739.6
1402660 2739.6
1402670 2736.6
1402680 2734.1
1402690 2730.5
1402700 2730.5
1402710 2724.9
1402720 2718.8
1402730 2718.8
1402740 2715.4
1402750 2712.1
1402760 2712.1
1402770 2709.1
1402780 2705.1
1402790 2705.1
1402800 2700.5
1402810 2696.2
1402820 2696.2
1402830 2691.1
1402840 2687.8
1402850 2687.8
1402860 2684.2
1402870 2680.7
1402880 2680.7
1402890 2677.2
1402900 2673.7
1402910 2670.5
1402920 2670.5
1402930 2667.9
1402940 2666.2
1402950 2666.2
1402960 2664.8
1402970 2650.9
1402980 2650.9
1402990 2627.4
1403000 2612.5
1403010 2612.5
1403020 2603.4
1403030 2596.1
1403040 2596.1
1403050 2588.8
1403060 2582.2
1403070 2582.2
1403080 2576.7
1403090 2572.3
1403100 2572.3
1403110 2568.7
1403120 2565.5
1403130 2562.9
1403140 2562.9
1403150 2560.4
1403160 2557.1
1403170 2557.1
1403180 2551.5
1403190 2546.6
1403200 2546.6
1403210 2539.8
1403220 2532.1
1403230 2532.1
1403240 2523.6
1403250 2515.4
1403260 2515.4
1403270 2508.2
1403280 2501.2
1403290 2501.2
1403300 2494.4
1403310 2488.4
1403320 2488.4
1403330 2482.8
1403340 2477.4
1403350 2471.8
1403360 2471.8
1403370 2466.5
1403380 2461.8
1403390 2461.8
1403400 2457.4
1403410 2452.9
1403420 2452.9
1403430 2447.3
1403440 2440.1
1403450 2440.1
1403460 2432.5
1403470 2427.2
1403480 2427.2
1403490 2421.5
1403500 2414.6
1403510 2414.6
1403520 2407.0
1403530 2400.4
1403540 2394.2
1403550 2394.2
1403560 2387.9
1403570 2382.2
1403580 2382.2
1403590 2374.4
1403600 2368.2
1403610 2368.2
1403620 2364.2
1403630 2362.2
1403640 2362.2
1403650 2360.8
1403660 2357.1
1403670 2357.1
1403680 2350.6
1403690 2344.6
1403700 2344.6
1403710 2340.6
1403720 2339.1
1403730 2339.1
1403740 2337.7
1403750 2337.3
1403760 2335.5
1403770 2335.5
1403780 2333.2
1403790 2326.4
1403800 2326.4
1403810 2314.4
1403820 2307.5
1403830 2307.5
1403840 2297.8
1403850 2289.7
1403860 2289.7
1403870 2282.9
1403880 2270.8
1403890 2270.8
1403900 2256.4
1403910 2248.2
1403920 2249.7
1403930 2242.0
1403940 2234.9
1403950 2234.9
1403960 2229.0
1403970 2221.5
1403980 2212.8
1403990 2212.8
1404000 2206.2
1404010 2200.6
1404020 2200.6
1404030 2194.4
1404040 2187.7
1404050 2187.7
1404060 2180.7
1404070 2173.7
1404080 2173.7
1404090 2168.2
1404100 2164.0
1404110 2164.0
1404120 2159.2
1404130 2154.3
1404140 2154.3
1404150 2150.1
1404160 2145.5
1404170 2145.5
1404180 2140.7
1404190 2135.4
1404200 2129.3
1404210 2129.3
1404220 2123.1
1404230 2117.4
1404240 2117.4
1404250 2111.6
1404260 2106.6
1404270 2106.6
1404280 2101.1
1404290 2095.4
1404300 2095.4
1404310 2089.9
1404320 2084.4
1404330 2084.4
1404340 2079.2
1404350 2074.0
1404360 2074.0
1404370 2069.2
1404380 2064.9
1404390 2064.9
1404400 2061.1
1404410 2057.4
1404420 2054.0
1404430 2054.0
1404440 2050.3
1404450 2046.6
1404460 2046.6
1404470 2042.0
1404480 2038.0
1404490 2038.0
1404500 2035.6
1404510 2031.2
1404520 2031.2
1404530 2025.1
1404540 2019.0
1404550 2019.0
1404560 2012.5
1404570 2005.2
1404580 2005.2
1404590 1998.4
1404600 1992.0
1404610 1992.0
1404620 1983.1
1404630 1972.5
1404640 1963.3
1404650 1963.3
1404660 1951.8
1404670 1942.3
1404680 1942.3
1404690 1934.6
1404700 1927.8
1404710 1927.8
1404720 1920.7
1404730 1913.3
1404740 1913.3
1404750 1905.9
1404760 1898.4
1404770 1898.4
1404780 1890.7
1404790 1882.9
1404800 1882.9
1404810 1875.3
1404820 1867.7
1404830 1867.7
1404840 1857.9
1404850 1847.7
1404860 1836.7
1404870 1836.7
1404880 1823.6
1404890 1812.2
1404900 1812.2
1404910 1804.6
1404920 1796.1
1404930 1796.1
1404940 1785.3
1404950 1774.5
1404960 1774.5
1404970 1765.8
1404980 1759.2
1404990 1759.2
1405000 1754.1
1405010 1749.7
1405020 1749.7
1405030 1745.3
1405040 1740.1
1405050 1735.0
1405060 1735.0
1405070 1730.8
1405080 1727.2
1405090 1727.2
1405100 1723.6
1405110 1720.6
1405120 1720.6
1405130 1717.7
1405140 1714.7
1405150 1714.7
1405160 1712.2
1405170 1708.4
1405180 1708.4
1405190 1708.5
1405200 1710.5
1405210 1710.5
1405220 1711.7
1405230 1712.6
1405240 1712.6
1405250 1713.9
1405260 1715.3
1405270 1717.0
1405280 1717.0
1405290 1718.4
1405300 1719.7
1405310 1719.7
1405320 1721.2
1405330 1722.6
1405340 1722.6
1405350 1724.0
1405360 1725.3
1405370 1725.3
1405380 1726.6
1405390 1727.4
1405400 1727.4
1405410 1728.9
1405420 1730.2
1405430 1730.2
1405440 1731.7
1405450 1733.5
1405460 1733.5
1405470 1735.9
1405480 1736.9
1405490 1735.9
1405500 1735.9
1405510 1735.8
1405520 1735.8
1405530 1735.8
1405540 1737.2
1405550 1739.1
1405560 1739.1
1405570 1740.4
1405580 1741.9
1405590 1741.9
1405600 1743.7
1405610 1745.0
1405620 1745.0
1405630 1746.9
1405640 1753.9
1405650 1753.9
1405660 1760.8
1405670 1765.9
1405680 1765.9
1405690 1771.1
1405700 1775.7
1405710 1781.4
1405720 1781.4
1405730 1787.8
1405740 1793.7
1405750 1793.7
1405760 1799.5
1405770 1805.2
1405780 1805.2
1405790 1812.1
1405800 1823.1
1405810 1823.1
1405820 1836.8
1405830 1845.9
1405840 1845.9
1405850 1851.6
1405860 1857.7
1405870 1857.7
1405880 1866.8
1405890 1875.9
1405900 1875.9
1405910 1883.7
1405920 1890.6
1405930 1896.5
1405940 1896.5
1405950 1903.3
1405960 1910.0
1405970 1910.0
1405980 1916.8
1405990 1924.3
1406000 1924.3
1406010 1932.0
1406020 1939.0
1406030 1939.0
1406040 1947.3
1406050 1956.2
1406060 1956.2
1406070 1963.0
1406080 1968.4
1406090 1968.4
1406100 1973.2
1406110 1978.8
1406120 1978.8
1406130 1985.0
1406140 1991.4
1406150 1997.4
1406160 1997.4
1406170 2003.4
1406180 2009.2
1406190 2009.2
1406200 2015.5
1406210 2022.7
1406220 2022.7
1406230 2030.0
1406240 2036.9
1406250 2036.9
1406260 2043.6
1406270 2050.4
1406280 2050.4
1406290 2057.5
1406300 2063.9
1406310 2063.9
1406320 2070.3
1406330 2076.6
1406340 2076.6
1406350 2083.2
1406360 2090.9
1406370 2097.6
1406380 2097.6
1406390 2104.2
1406400 2111.7
1406410 2111.7
1406420 2120.1
1406430 2130.6
1406440 2130.6
1406450 2138.0
1406460 2143.6
1406470 2143.6
1406480 2148.1
1406490 2152.0
1406500 2152.0
1406510 2156.1
1406520 2160.7
1406530 2160.7
1406540 2165.4
1406550 2170.1
1406560 2174.0
1406570 2174.0
1406580 2177.5
1406590 2180.4
1406600 2180.4
1406610 2182.7
1406620 2183.5
1406630 2183.5
1406640 2184.1
1406650 2183.5
1406660 2183.5
1406670 2185.4
1406680 2190.7
1406690 2190.7
1406700 2192.8
1406710 2193.8
1406720 2193.8
1406730 2201.0
1406740 2210.3
1406750 2210.3
1406760 2216.6
1406770 2219.7
1406780 2223.9
1406790 2223.9
1406800 2228.8
1406810 2231.0
1406820 2231.0
1406830 2230.0
1406840 2229.4
1406850 2229.4
1406860 2230.2
1406870 2233.3
1406880 2233.3
1406890 2237.5
1406900 2242.2
1406910 2242.2
1406920 2246.4
1406930 2247.8
1406940 2247.8
1406950 2248.8
1406960 2251.0
1406970 2251.0
1406980 2252.3
1406990 2257.4
1407000 2262.7
1407010 2262.7
1407020 2263.1
1407030 2259.9
1407040 2259.9
1407050 2264.3
1407060 2265.2
1407070 2265.2
1407080 2265.3
1407090 2268.8
1407100 2268.8
1407110 2270.9
1407120 2282.9
1407130 2282.9
1407140 2287.0
1407150 2291.1
1407160 2291.1
1407170 2304.2
1407180 2312.9
1407190 2312.9
1407200 2317.8
1407210 2322.6
1407220 2332.2
1407230 2332.2
1407240 2345.1
1407250 2350.9
1407260 2350.9
1407270 2353.0
1407280 2355.3
1407290 2355.3
1407300 2360.7
1407310 2364.3
1407320 2364.3
1407330 2366.1
1407340 2367.2
1407350 2367.2
1407360 2368.5
1407370 2370.5
1407380 2370.5
1407390 2371.6
1407400 2377.4
1407410 2377.4
1407420 2381.6
1407430 2386.2
1407440 2391.8
1407450 2391.8
1407460 2398.0
1407470 2404.8
1407480 2404.8
1407490 2410.9
1407500 2415.3
1407510 2415.3
1407520 2419.4
1407530 2423.2
1407540 2423.2
1407550 2426.6
1407560 2429.6
1407570 2429.6
1407580 2432.1
1407590 2434.5
1407600 2434.5
1407610 2436.7
1407620 2439.6
1407630 2439.6
1407640 2444.1
1407650 2447.6
1407660 2450.7
1407670 2450.7
1407680 2454.9
1407690 2459.8
1407700 2459.8
1407710 2466.3
1407720 2471.7
1407730 2471.7
1407740 2475.9
1407750 2479.4
1407760 2479.4
1407770 2483.2
1407780 2486.9
1407790 2486.9
1407800 2489.0
1407810 2491.8
1407820 2491.8
1407830 2496.6
1407840 2500.5
1407850 2500.5
1407860 2503.2
1407870 2505.4
1407880 2506.8
1407890 2506.8
1407900 2508.5
1407910 2511.3
1407920 2511.3
1407930 2514.7
1407940 2517.2
1407950 2517.2
1407960 2519.6
1407970 2522.0
1407980 2522.0
1407990 2524.0
1408000 2524.9
1408010 2524.9
1408020 2526.0
1408030 2529.2
1408040 2529.2
1408050 2531.3
1408060 2532.9
1408070 2533.7
1408080 2533.7
1408090 2537.0
1408100 2539.3
1408110 2539.3
1408120 2540.8
1408130 2541.0
1408140 2541.0
1408150 2542.2
1408160 2543.6
1408170 2543.6
1408180 2547.1
1408190 2548.6
1408200 2548.6
1408210 2550.7
1408220 2555.6
1408230 2555.6
1408240 2560.7
1408250 2565.5
1408260 2565.5
1408270 2569.8
1408280 2572.8
1408290 2575.3
1408300 2575.3
1408310 2578.0
1408320 2581.3
1408330 2581.3
1408340 2585.5
1408350 2589.8
1408360 2589.8
1408370 2594.1
1408380 2598.2
1408390 2598.2
1408400 2602.3
1408410 2606.1
1408420 2606.1
1408430 2609.9
1408440 2615.0
1408450 2615.0
1408460 2619.9
1408470 2625.2
1408480 2625.2
1408490 2631.0
1408500 2636.2
1408510 2641.5
1408520 2641.5
1408530 2646.6
1408540 2652.3
1408550 2652.3
1408560 2659.0
1408570 2667.1
1408580 2667.1
1408590 2675.2
1408600 2683.8
1408610 2683.8
1408620 2692.8
1408630 2702.1
1408640 2702.1
1408650 2708.9
1408660 2715.8
1408670 2715.8
1408680 2722.5
1408690 2729.2
1408700 2729.2
1408710 2735.9
1408720 2742.6
1408730 2749.3
1408740 2749.3
1408750 2754.9
1408760 2759.4
1408770 2759.4
1408780 2769.3
1408790 2774.0
1408800 2774.0
1408810 2778.7
1408820 2783.5
1408830 2783.5
1408840 2792.8
1408850 2804.8
1408860 2804.8
1408870 2818.2
1408880 2826.4
1408890 2826.4
1408900 2835.0
1408910 2841.4
1408920 2841.4
1408930 2848.2
1408940 2855.0
1408950 2862.9
1408960 2862.9
1408970 2871.6
1408980 2878.9
1408990 2878.9
1409000 2885.7
1409010 2895.0
1409020 2895.0
1409030 2907.7
1409040 2916.3
1409050 2916.3
1409060 2930.1
1409070 2946.8
1409080 2946.8
1409090 2959.1
1409100 2972.0
1409110 2972.0
1409120 2982.6
1409130 2988.1
1409140 2988.1
1409150 2984.3
1409160 2976.5
1409170 2968.1
1409180 2968.1
1409190 2960.5
1409200 2953.6
1409210 2953.6
1409220 2947.7
1409230 2943.7
1409240 2943.7
1409250 2941.9
1409260 2940.3
1409270 2940.3
1409280 2937.1
1409290 2934.8
1409300 2934.8
1409310 2934.9
1409320 2938.4
1409330 2938.4
1409340 2941.2
1409350 2940.2
1409360 2940.2
1409370 2933.1
1409380 2930.8
1409390 2937.8
1409400 2937.8
1409410 2927.0
1409420 2917.7
1409430 2917.7
1409440 2915.0
1409450 2915.2
1409460 2915.2
1409470 2914.9
1409480 2913.5
1409490 2913.5
1409500 2915.1
1409510 2925.3
1409520 2925.3
1409530 2918.3
1409540 2915.5
1409550 2915.5
1409560 2915.4
1409570 2916.4
1409580 2932.6
1409590 2932.6
1409600 2946.7
1409610 2947.6
1409620 2947.6
1409630 2943.9
1409640 2936.8
1409650 2936.8
1409660 2931.6
1409670 2930.8
1409680 2930.8
1409690 2928.5
1409700 2926.0
1409710 2926.0
1409720 2927.3
1409730 2926.6
1409740 2926.6
1409750 2924.9
1409760 2922.4
1409770 2922.4
1409780 2919.3
1409790 2920.8
1409800 2924.7
1409810 2924.7
1409820 2927.0
1409830 2927.2
1409840 2927.2
1409850 2926.8
1409860 2928.0
1409870 2928.0
1409880 2931.5
1409890 2936.2
1409900 2936.2
1409910 2939.2
1409920 2940.6
1409930 2940.6
1409940 2940.0
1409950 2937.1
1409960 2937.1
1409970 2934.7
1409980 2933.6
1409990 2933.6
1410000 2935.5
1410010 2948.4
1410020 2955.0
1410030 2955.0
1410040 2957.6
1410050 2961.1
1410060 2961.1
1410070 2965.6
1410080 2966.0
1410090 2966.0
1410100 2965.1
1410110 2964.6
1410120 2964.6
1410130 2964.5
1410140 2965.9
1410150 2965.9
1410160 2969.1
1410170 2973.7
1410180 2973.7
1410190 2982.5
1410200 2998.4
1410210 2998.4
1410220 3001.1
1410230 3001.4
1410240 3002.1
1410250 3002.1
1410260 3004.0
1410270 3004.9
1410280 3004.9
1410290 3005.0
1410300 3006.6
1410310 3006.6
1410320 3007.9
1410330 3007.8
1410340 3007.8
1410350 3009.2
1410360 3013.4
1410370 3013.4
1410380 3019.3
1410390 3028.0
1410400 3028.0
1410410 3029.7
1410420 3024.8
1410430 3024.8
1410440 3019.4
1410450 3014.3
1410460 3007.6
1410470 3005.7
1410480 3000.3
1410490 2995.6
1410500 2995.6
1410510 2988.5
1410520 2984.7
1410530 2984.7
1410540 2982.8
1410550 2983.0
1410560 2983.0
1410570 2983.6
1410580 2982.9
1410590 2982.9
1410600 2982.1
1410610 2980.7
1410620 2980.7
1410630 2980.2
1410640 2979.2
1410650 2979.2
1410660 2977.3
1410670 2973.9
1410680 2971.3
1410690 2971.3
1410700 2969.1
1410710 2968.2
1410720 2968.2
1410730 2968.1
1410740 2969.1
1410750 2969.1
1410760 2973.2
1410770 2981.2
1410780 2981.2
1410790 2985.6
1410800 2985.8
1410810 2985.8
1410820 2984.9
1410830 2983.0
1410840 2983.0
1410850 2986.1
1410860 3011.5
1410870 3011.5
1410880 3027.6
1410890 3032.0
1410900 3036.6
1410910 3036.6
1410920 3040.6
1410930 3043.6
1410940 3043.6
1410950 3046.4
1410960 3049.0
1410970 3049.0
1410980 3051.4
1410990 3053.8
1411000 3053.8
1411010 3056.4
1411020 3059.3
1411030 3059.3
1411040 3062.7
1411050 3066.4
1411060 3066.4
1411070 3069.9
1411080 3073.3
1411090 3076.5
1411100 3076.5
1411110 3079.3
1411120 3082.0
1411130 3082.0
1411140 3084.7
1411150 3087.7
1411160 3087.7
1411170 3089.9
1411180 3091.0
1411190 3091.0
1411200 3092.9
1411210 3094.1
1411220 3094.1
1411230 3094.6
1411240 3096.5
1411250 3096.5
1411260 3098.3
1411270 3099.5
1411280 3099.5
1411290 3100.7
1411300 3101.0
1411310 3101.2
1411320 3101.2
1411330 3101.9
1411340 3102.3
1411350 3102.3
1411360 3103.2
1411370 3104.1
1411380 3104.1
1411390 3104.8
1411400 3105.0
1411410 3105.0
1411420 3105.1
1411430 3105.4
1411440 3105.4
1411450 3105.6
1411460 3105.5
1411470 3105.5
1411480 3105.3
1411490 3105.5
1411500 3105.5
1411510 3106.3
1411520 3106.5
1411530 3106.4
1411540 3106.4
1411550 3106.3
1411560 3106.3
1411570 3106.3
1411580 3106.4
1411590 3106.5
1411600 3106.5
1411610 3106.7
1411620 3107.0
1411630 3107.0
1411640 3107.3
1411650 3107.7
1411660 3107.7
1411670 3108.1
1411680 3108.5
1411690 3108.5
1411700 3109.0
1411710 3109.3
1411720 3109.3
1411730 3109.8
1411740 3110.4
1411750 3111.1
1411760 3111.1
1411770 3111.8
1411780 3112.6
1411790 3112.6
1411800 3113.4
1411810 3114.3
1411820 3114.3
1411830 3115.4
1411840 3116.5
1411850 3116.5
1411860 3117.6
1411870 3118.7
1411880 3118.7
1411890 3119.9
1411900 3121.5
1411910 3121.5
1411920 3122.6
1411930 3123.8
1411940 3123.8
1411950 3125.7
1411960 3127.4
1411970 3129.2
1411980 3129.2
1411990 3130.8
1412000 3132.3
1412010 3132.3
1412020 3134.0
1412030 3135.7
1412040 3135.7
1412050 3137.5
1412060 3139.3
1412070 3139.3
1412080 3141.2
1412090 3143.2
1412100 3143.2
1412110 3145.3
1412120 3147.6
1412130 3147.6
1412140 3150.0
1412150 3152.6
1412160 3152.6
1412170 3155.4
1412180 3158.2
1412190 3161.0
1412200 3161.4
1412210 3164.4
1412220 3167.6
1412230 3167.6
1412240 3171.4
1412250 3176.6
1412260 3176.6
1412270 3181.1
1412280 3175.2
1412290 3175.2
1412300 3157.7
1412310 3137.7
1412320 3137.7
1412330 3127.8
1412340 3120.4
1412350 3120.4
1412360 3113.3
1412370 3106.4
1412380 3106.4
1412390 3100.8
1412400 3096.1
1412410 3092.2
1412420 3092.2
1412430 3088.8
1412440 3086.1
1412450 3086.1
1412460 3084.0
1412470 3082.3
1412480 3082.3
1412490 3081.3
1412500 3080.6
1412510 3080.6
1412520 3080.1
1412530 3079.8
1412540 3079.8
1412550 3079.6
1412560 3079.6
1412570 3079.6
1412580 3079.7
1412590 3079.7
1412600 3079.9
1412610 3079.9
1412620 3080.2
1412630 3080.8
1412640 3080.8
1412650 3081.5
1412660 3082.2
1412670 3082.2
1412680 3082.9
1412690 3083.5
1412700 3083.5
1412710 3083.9
1412720 3084.1
1412730 3084.1
1412740 3084.1
1412750 3084.1
1412760 3084.1
1412770 3084.0
1412780 3084.1
1412790 3084.1
1412800 3084.3
1412810 3084.5
1412820 3084.4
1412830 3084.4
1412840 3084.1
1412850 3083.4
1412860 3083.4
1412870 3082.1
1412880 3080.7
1412890 3080.7
1412900 3079.6
1412910 3079.6
1412920 3079.6
1412930 3080.5
1412940 3081.8
1412950 3081.8
1412960 3083.4
1412970 3085.1
1412980 3085.1
1412990 3086.9
1413000 3088.6
1413010 3088.6
1413020 3090.6
1413030 3092.8
1413040 3095.2
1413050 3095.2
1413060 3097.6
1413070 3099.9
1413080 3099.9
1413090 3102.2
1413100 3104.4
1413110 3104.4
1413120 3106.5
1413130 3108.4
1413140 3108.4
1413150 3110.3
1413160 3112.1
1413170 3112.1
1413180 3113.8
1413190 3115.6
1413200 3115.6
1413210 3117.3
1413220 3119.0
1413230 3119.0
1413240 3120.7
1413250 3122.4
1413260 3124.1
1413270 3124.1
1413280 3125.9
1413290 3127.7
1413300 3127.7
1413310 3129.5
1413320 3131.4
1413330 3131.4
1413340 3133.3
1413350 3135.1
1413360 3135.1
1413370 3136.8
1413380 3138.3
1413390 3138.3
1413400 3139.5
1413410 3140.6
1413420 3140.6
1413430 3141.5
1413440 3142.1
1413450 3142.1
1413460 3142.3
1413470 3142.6
1413480 3143.4
1413490 3143.4
1413500 3144.4
1413510 3146.0
1413520 3146.0
1413530 3148.5
1413540 3152.8
1413550 3152.8
1413560 3171.1
1413570 3196.2
1413580 3196.2
1413590 3212.9
1413600 3221.9
1413610 3221.9
1413620 3228.5
1413630 3233.4
1413640 3233.4
1413650 3232.9
1413660 3235.3
1413670 3235.3
1413680 3247.8
1413690 3249.9
1413700 3248.1
1413710 3248.1
1413720 3245.0
1413730 3240.6
1413740 3240.6
1413750 3233.6
1413760 3218.7
1413770 3218.7
1413780 3203.6
1413790 3192.3
1413800 3192.3
1413810 3182.0
1413820 3171.2
1413830 3171.2
1413840 3162.2
1413850 3155.3
1413860 3155.3
1413870 3152.2
1413880 3150.5
1413890 3150.5
1413900 3147.9
1413910 3142.9
1413920 3136.0
1413930 3136.0
1413940 3134.7
1413950 3134.2
1413960 3134.2
1413970 3126.0
1413980 3125.4
1413990 3125.4
1414000 3124.3
1414010 3122.8
1414020 3122.8
1414030 3121.1
1414040 3120.2
1414050 3120.2
1414060 3118.9
1414070 3118.1
1414080 3118.1
1414090 3118.7
1414100 3118.9
1414110 3118.8
1414120 3118.8
1414130 3118.4
1414140 3117.8
1414150 3117.8
1414160 3117.7
1414170 3118.8
1414180 3118.8
1414190 3119.7
1414200 3122.6
1414210 3122.6
1414220 3127.3
1414230 3131.6
1414240 3131.6
1414250 3134.9
1414260 3137.1
1414270 3137.1
1414280 3137.3
1414290 3137.1
1414300 3137.1
1414310 3137.5
1414320 3139.7
1414330 3141.4
1414340 3141.4
1414350 3142.5
1414360 3145.0
1414370 3145.0
1414380 3146.7
1414390 3150.5
1414400 3150.5
1414410 3161.6
1414420 3168.3
1414430 3168.3
1414440 3174.3
1414450 3181.5
1414460 3181.5
1414470 3187.9
1414480 3193.1
1414490 3193.1
1414500 3196.5
1414510 3200.6
1414520 3200.6
1414530 3205.9
1414540 3212.3
1414550 3217.8
1414560 3217.8
1414570 3221.0
1414580 3225.6
1414590 3225.6
1414600 3234.0
1414610 3238.9
1414620 3238.9
1414630 3240.6
1414640 3236.6
1414650 3236.6
1414660 3235.6
1414670 3235.7
1414680 3235.7
1414690 3233.1
1414700 3228.2
1414710 3228.2
1414720 3223.5
1414730 3219.6
1414740 3219.6
1414750 3215.1
1414760 3210.6
1414770 3207.5
1414780 3207.5
1414790 3205.9
1414800 3204.3
1414810 3204.3
1414820 3202.5
1414830 3200.2
1414840 3200.2
1414850 3198.5
1414860 3197.7
1414870 3197.7
1414880 3194.3
1414890 3190.3
1414900 3190.3
1414910 3186.9
1414920 3181.6
1414930 3181.6
1414940 3176.8
1414950 3168.1
1414960 3168.1
1414970 3158.3
1414980 3150.0
1414990 3144.6
1415000 3144.6
1415010 3141.2
1415020 3138.5
1415030 3138.5
1415040 3136.0
1415050 3133.8
1415060 3133.8
1415070 3132.0
1415080 3130.4
1415090 3130.4
1415100 3128.9
1415110 3127.2
1415120 3127.2
1415130 3125.5
1415140 3124.0
1415150 3124.0
1415160 3122.2
1415170 3120.1
1415180 3120.1
1415190 3118.3
1415200 3116.5
1415210 3114.3
1415220 3114.3
1415230 3111.9
1415240 3109.3
1415250 3109.3
1415260 3106.4
1415270 3103.6
1415280 3103.6
1415290 3100.8
1415300 3098.0
1415310 3098.0
1415320 3095.1
1415330 3092.5
1415340 3092.5
1415350 3090.0
1415360 3088.5
1415370 3088.5
1415380 3087.1
1415390 3085.2
1415400 3083.7
1415410 3083.7
1415420 3083.1
1415430 3082.9
1415440 3082.9
1415450 3083.0
1415460 3082.9
1415470 3082.9
1415480 3083.4
1415490 3084.3
1415500 3084.3
1415510 3085.9
1415520 3087.8
1415530 3087.8
1415540 3090.8
1415550 3098.8
1415560 3098.8
1415570 3104.9
1415580 3110.3
1415590 3110.3
1415600 3115.3
1415610 3121.8
1415620 3128.4
1415630 3128.4
1415640 3135.9
1415650 3144.0
1415660 3144.0
1415670 3153.6
1415680 3164.7
1415690 3164.7
1415700 3171.0
1415710 3162.3
1415720 3162.3
1415730 3151.9
1415740 3142.7
1415750 3142.7
1415760 3130.0
1415770 3121.0
1415780 3121.0
1415790 3118.4
1415800 3111.9
1415810 3111.9
1415820 3103.8
1415830 3095.3
1415840 3084.8
1415850 3084.8
1415860 3075.9
1415870 3068.5
1415880 3068.5
1415890 3061.1
1415900 3053.8
1415910 3053.8
1415920 3046.8
1415930 3039.3
1415940 3039.3
1415950 3031.8
1415960 3023.9
1415970 3023.9
1415980 3016.4
1415990 3009.1
1416000 3009.1
1416010 3001.9
1416020 2994.8
1416030 2994.8
1416040 2988.0
1416050 2981.4
1416060 2975.2
1416070 2975.2
1416080 2969.9
1416090 2963.0
1416100 2963.0
1416110 2957.2
1416120 2951.6
1416130 2951.6
1416140 2947.3
1416150 2941.7
1416160 2941.7
1416170 2935.8
1416180 2931.0
1416190 2931.0
1416200 2923.4
1416210 2913.9
1416220 2913.9
1416230 2906.3
1416240 2901.1
1416250 2901.1
1416260 2895.7
1416270 2891.6
1416280 2889.1
1416290 2889.1
1416300 2886.9
1416310 2884.9
1416320 2884.9
1416330 2883.1
1416340 2881.0
1416350 2881.0
1416360 2878.3
1416370 2875.4
1416380 2875.4
1416390 2874.0
1416400 2874.8
1416410 2874.8
1416420 2875.7
1416430 2877.9
1416440 2877.9
1416450 2880.3
1416460 2882.7
1416470 2882.7
1416480 2887.8
1416490 2894.4
1416500 2901.2
1416510 2901.2
1416520 2908.4
1416530 2915.5
1416540 2915.5
1416550 2925.2
1416560 2936.6
1416570 2936.6
1416580 2947.5
1416590 2956.2
1416600 2956.2
1416610 2961.4
1416620 2961.7
1416630 2961.7
1416640 2960.6
1416650 2964.6
1416660 2964.6
1416670 2964.5
1416680 2956.4
1416690 2956.4
1416700 2944.0
1416710 2927.3
1416720 2919.8
1416730 2919.8
1416740 2914.0
1416750 2914.0
1416760 2914.0
1416770 2909.5
1416780 2902.2
1416790 2902.2
1416800 2900.5
1416810 2899.6
1416820 2899.6
1416830 2896.8
1416840 2895.4
1416850 2895.4
1416860 2891.3
1416870 2884.3
1416880 2884.3
1416890 2883.2
1416900 2880.3
1416910 2876.2
1416920 2876.2
1416930 2872.2
1416940 2868.8
1416950 2868.8
1416960 2863.8
1416970 2857.0
1416980 2857.0
1416990 2849.5
1417000 2842.0
1417010 2842.0
1417020 2832.8
1417030 2823.1
1417040 2823.1
1417050 2815.3
1417060 2807.1
1417070 2807.1
1417080 2798.2
1417090 2791.0
1417100 2791.0
1417110 2783.3
1417120 2776.1
1417130 2769.1
1417140 2769.1
1417150 2762.1
1417160 2755.4
1417170 2755.4
1417180 2749.1
1417190 2742.6
1417200 2742.6
1417210 2735.1
1417220 2728.3
1417230 2728.3
1417240 2721.8
1417250 2715.2
1417260 2715.2
1417270 2708.7
1417280 2702.3
1417290 2702.3
1417300 2696.5
1417310 2691.2
1417320 2691.2
1417330 2686.3
1417340 2681.3
1417350 2676.9
1417360 2676.9
1417370 2672.5
1417380 2667.8
1417390 2667.8
1417400 2663.2
1417410 2658.3
1417420 2658.3
1417430 2653.5
1417440 2648.9
1417450 2648.9
1417460 2644.7
1417470 2640.2
1417480 2640.2
1417490 2635.6
1417500 2631.1
1417510 2631.1
1417520 2625.6
1417530 2621.3
1417540 2621.3
1417550 2618.0
1417560 2615.4
1417570 2612.3
1417580 2612.3
1417590 2607.6
1417600 2603.8
1417610 2603.8
1417620 2600.3
1417630 2596.0
1417640 2596.0
1417650 2590.3
1417660 2588.6
1417670 2588.6
1417680 2581.6
1417690 2576.7
1417700 2576.7
1417710 2573.2
1417720 2569.2
1417730 2569.2
1417740 2565.5
1417750 2560.2
1417760 2560.2
1417770 2553.2
1417780 2548.9
1417790 2545.4
1417800 2545.4
1417810 2541.9
1417820 2538.5
1417830 2538.5
1417840 2535.4
1417850 2531.2
1417860 2531.2
1417870 2525.0
1417880 2518.6
1417890 2518.6
1417900 2514.7
1417910 2510.9
1417920 2510.9
1417930 2504.6
1417940 2496.0
1417950 2496.0
1417960 2489.1
1417970 2481.3
1417980 2481.3
1417990 2474.4
1418000 2468.8
1418010 2461.4
1418020 2461.4
1418030 2456.3
1418040 2450.2
1418050 2450.2
1418060 2445.2
1418070 2445.1
1418080 2445.1
1418090 2443.8
1418100 2442.1
1418110 2442.1
1418120 2440.6
1418130 2439.2
1418140 2439.2
1418150 2435.6
1418160 2430.3
1418170 2430.3
1418180 2423.9
1418190 2415.0
1418200 2415.0
1418210 2409.6
1418220 2405.2
1418230 2402.2
1418240 2402.2
1418250 2398.3
1418260 2385.1
1418270 2385.1
1418280 2369.9
1418290 2363.9
1418300 2363.9
1418310 2358.6
1418320 2348.2
1418330 2348.2
1418340 2335.3
1418350 2316.9
1418360 2316.9
1418370 2298.7
1418380 2286.4
1418390 2286.4
1418400 2274.9
1418410 2263.7
1418420 2255.3
1418430 2255.3
1418440 2248.1
1418450 2241.0
1418460 2241.0
1418470 2232.9
1418480 2225.1
1418490 2225.1
1418500 2216.8
1418510 2207.3
1418520 2207.3
1418530 2199.0
1418540 2192.3
1418550 2192.3
1418560 2185.9
1418570 2179.4
1418580 2179.4
1418590 2172.3
1418600 2165.1
1418610 2165.1
1418620 2157.0
1418630 2150.7
1418640 2143.8
1418650 2143.8
1418660 2138.0
1418670 2132.8
1418680 2132.8
1418690 2127.8
1418700 2119.0
1418710 2119.0
1418720 2113.7
1418730 2109.2
1418740 2109.2
1418750 2104.3
1418760 2098.8
1418770 2098.8
1418780 2093.6
1418790 2088.6
1418800 2088.6
1418810 2084.3
1418820 2080.6
1418830 2080.6
1418840 2077.7
1418850 2076.4
1418860 2073.8
1418870 2073.8
1418880 2071.5
1418890 2070.7
1418900 2070.7
1418910 2071.5
1418920 2071.5
1418930 2071.5
1418940 2072.5
1418950 2071.4
1418960 2071.4
1418970 2070.0
1418980 2069.5
1418990 2069.5
1419000 2069.6
1419010 2069.7
1419020 2069.7
1419030 2069.7
1419040 2070.5
1419050 2070.5
1419060 2070.5
1419070 2070.0
1419080 2069.7
1419090 2069.7
1419100 2069.3
1419110 2069.3
1419120 2069.3
1419130 2069.4
1419140 2069.5
1419150 2069.5
1419160 2069.9
1419170 2070.6
1419180 2070.6
1419190 2071.6
1419200 2074.0
1419210 2074.0
1419220 2078.4
1419230 2082.1
1419240 2082.1
1419250 2084.5
1419260 2085.1
1419270 2085.1
1419280 2085.1
1419290 2082.9
1419300 2078.3
1419310 2078.3
1419320 2074.5
1419330 2072.4
1419340 2072.4
1419350 2071.7
1419360 2069.7
1419370 2069.7
1419380 2069.3
1419390 2069.2
1419400 2069.2
1419410 2069.2
1419420 2069.2
1419430 2069.2
1419440 2069.2
1419450 2069.3
1419460 2069.3
1419470 2069.3
1419480 2069.3
1419490 2069.3
1419500 2069.2
1419510 2069.2
1419520 2069.3
1419530 2069.3
1419540 2069.3
1419550 2069.3
1419560 2069.3
1419570 2069.2
1419580 2069.1
1419590 2068.8
1419600 2068.8
1419610 2068.8
1419620 2068.8
1419630 2068.8
1419640 2068.9
1419650 2068.9
1419660 2068.9
1419670 2069.0
1419680 2069.0
1419690 2069.0
1419700 2068.9
1419710 2068.9
1419720 2068.9
1419730 2069.0
1419740 2069.0
1419750 2069.0
1419760 2068.9
1419770 2069.0
1419780 2069.0
1419790 2069.0
1419800 2069.0
1419810 2069.0
1419820 2069.0
1419830 2069.0
1419840 2069.0
1419850 2068.9
1419860 2068.9
1419870 2068.9
1419880 2069.2
1419890 2070.8
1419900 2070.8
1419910 2072.2
1419920 2073.1
1419930 2073.7
1419940 2073.7
1419950 2074.9
1419960 2076.9
1419970 2076.9
1419980 2076.8
1419990 2077.1
