1400000 2648.8
1400010 2650.9
1400020 2653.1
1400030 2655.8
1400040 2655.8
1400050 2658.4
1400060 2660.6
1400070 2660.6
1400080 2663.4
1400090 2666.4
1400100 2666.4
1400110 2669.1
1400120 2672.2
1400130 2672.2
1400140 2677.0
1400150 2682.5
1400160 2682.5
1400170 2687.4
1400180 2692.5
1400190 2692.5
1400200 2698.9
1400210 2705.8
1400220 2711.9
1400230 2711.9
1400240 2717.5
1400250 2723.3
1400260 2723.3
1400270 2729.3
1400280 2734.7
1400290 2734.7
1400300 2740.6
1400310 2748.3
1400320 2748.3
1400330 2756.1
1400340 2763.5
1400350 2763.5
1400360 2770.6
1400370 2777.4
1400380 2777.4
1400390 2784.5
1400400 2791.1
1400410 2791.1
1400420 2798.4
1400430 2807.4
1400440 2809.6
1400450 2809.6
1400460 2806.4
1400470 2801.3
1400480 2801.3
1400490 2798.2
1400500 2802.4
1400510 2802.4
1400520 2806.5
1400530 2809.6
1400540 2809.6
1400550 2811.3
1400560 2807.8
1400570 2807.8
1400580 2804.0
1400590 2798.8
1400600 2798.8
1400610 2793.1
1400620 2788.3
1400630 2788.3
1400640 2785.7
1400650 2785.7
1400660 2788.2
1400670 2788.2
1400680 2790.9
1400690 2792.0
1400700 2792.0
1400710 2787.9
1400720 2794.7
1400730 2794.7
1400740 2809.3
1400750 2822.4
1400760 2822.4
1400770 2829.0
1400780 2836.5
1400790 2836.5
1400800 2840.2
1400810 2842.8
1400820 2842.8
1400830 2846.5
1400840 2847.2
1400850 2847.2
1400860 2850.3
1400870 2853.4
1400880 2859.9
1400890 2859.9
1400900 2870.5
1400910 2882.6
1400920 2882.6
1400930 2887.4
1400940 2888.2
1400950 2888.2
1400960 2889.8
1400970 2890.8
1400980 2890.8
1400990 2893.8
1401000 2902.8
1401010 2902.8
1401020 2907.9
1401030 2905.7
1401040 2905.7
1401050 2899.0
1401060 2893.8
1401070 2893.8
1401080 2892.4
1401090 2889.8
1401100 2881.1
1401110 2881.1
1401120 2869.2
1401130 2863.3
1401140 2863.3
1401150 2859.0
1401160 2854.8
1401170 2854.8
1401180 2850.8
1401190 2848.0
1401200 2848.0
1401210 2846.4
1401220 2844.6
1401230 2840.0
1401240 2838.5
1401250 2836.5
1401260 2836.5
1401270 2834.6
1401280 2833.7
1401290 2833.7
1401300 2832.5
1401310 2831.2
1401320 2830.7
1401330 2830.7
1401340 2830.6
1401350 2830.1
1401360 2830.1
1401370 2829.3
1401380 2827.9
1401390 2827.9
1401400 2825.5
1401410 2823.5
1401420 2823.5
1401430 2820.1
1401440 2813.4
1401450 2813.4
1401460 2806.9
1401470 2800.0
1401480 2800.0
1401490 2795.0
1401500 2792.5
1401510 2792.5
1401520 2790.9
1401530 2789.3
1401540 2788.3
1401550 2788.3
1401560 2787.5
1401570 2785.8
1401580 2785.8
1401590 2783.5
1401600 2779.7
1401610 2779.7
1401620 2776.1
1401630 2773.6
1401640 2773.6
1401650 2772.0
1401660 2771.1
1401670 2771.1
1401680 2771.8
1401690 2773.4
1401700 2773.4
1401710 2775.1
1401720 2776.9
1401730 2776.9
1401740 2779.2
1401750 2780.5
1401760 2780.5
1401770 2780.5
1401780 2780.9
1401790 2781.5
1401800 2781.5
1401810 2780.7
1401820 2781.2
1401830 2781.2
1401840 2782.1
1401850 2783.1
1401860 2783.1
1401870 2783.9
1401880 2782.9
1401890 2782.9
1401900 2782.1
1401910 2781.2
1401920 2781.2
1401930 2777.1
1401940 2777.4
1401950 2777.4
1401960 2779.1
1401970 2780.5
1401980 2781.1
1401990 2781.1
1402000 2779.9
1402010 2776.1
1402020 2776.1
1402030 2768.6
1402040 2761.1
1402050 2761.1
1402060 2756.5
1402070 2754.4
1402080 2754.4
1402090 2753.4
1402100 2752.9
1402110 2752.9
1402120 2753.3
1402130 2754.1
1402140 2754.1
1402150 2755.2
1402160 2755.9
1402170 2755.9
1402180 2756.2
1402190 2755.9
1402200 2755.4
1402210 2755.4
1402220 2753.1
1402230 2751.5
1402240 2751.5
1402250 2749.9
1402260 2748.2
1402270 2748.2
1402280 2747.1
1402290 2745.6
1402300 2745.6
1402310 2742.4
1402320 2738.6
1402330 2738.6
1402340 2735.4
1402350 2731.6
1402360 2731.6
1402370 2727.6
1402380 2725.1
1402390 2725.1
1402400 2722.5
1402410 2720.3
1402420 2718.4
1402430 2718.4
1402440 2715.9
1402450 2715.1
1402460 2715.1
1402470 2715.6
1402480 2716.6
1402490 2716.6
1402500 2717.5
1402510 2719.7
1402520 2719.7
1402530 2721.8
1402540 2723.1
1402550 2723.1
1402560 2723.5
1402570 2722.9
1402580 2722.9
1402590 2721.9
1402600 2717.0
1402610 2717.0
1402620 2711.2
1402630 2705.3
1402640 2699.3
1402650 2699.3
1402660 2692.6
1402670 2686.7
1402680 2686.7
1402690 2682.3
1402700 2679.5
1402710 2679.5
1402720 2678.7
1402730 2679.2
1402740 2679.2
1402750 2680.3
1402760 2681.7
1402770 2675.2
1402780 2676.2
1402790 2676.6
1402800 2676.6
1402810 2676.3
1402820 2675.9
1402830 2675.9
1402840 2674.6
1402850 2671.9
1402860 2668.8
1402870 2668.8
1402880 2665.1
1402890 2662.9
1402900 2662.9
1402910 2661.0
1402920 2658.1
1402930 2658.1
1402940 2655.5
1402950 2652.1
1402960 2652.1
1402970 2641.4
1402980 2616.6
1402990 2616.6
1403000 2585.7
1403010 2563.4
1403020 2563.4
1403030 2547.6
1403040 2534.1
1403050 2534.1
1403060 2524.1
1403070 2517.6
1403080 2512.1
1403090 2512.1
1403100 2507.0
1403110 2502.0
1403120 2502.0
1403130 2497.1
1403140 2492.2
1403150 2492.2
1403160 2487.9
1403170 2483.5
1403180 2483.5
1403190 2480.1
1403200 2477.0
1403210 2477.0
1403220 2472.0
1403230 2465.7
1403240 2465.7
1403250 2460.2
1403260 2455.8
1403270 2455.8
1403280 2451.6
1403290 2447.6
1403300 2443.8
1403310 2443.8
1403320 2440.1
1403330 2436.6
1403340 2436.6
1403350 2432.6
1403360 2428.1
1403370 2428.1
1403380 2423.6
1403390 2418.8
1403400 2418.8
1403410 2413.2
1403420 2407.4
1403430 2407.4
1403440 2401.7
1403450 2395.4
1403460 2395.4
1403470 2389.2
1403480 2382.3
1403490 2382.3
1403500 2374.9
1403510 2368.3
1403520 2362.6
1403530 2362.6
1403540 2357.4
1403550 2351.0
1403560 2351.0
1403570 2347.4
1403580 2340.9
1403590 2340.9
1403600 2333.2
1403610 2326.4
1403620 2326.4
1403630 2312.7
1403640 2299.6
1403650 2299.6
1403660 2287.9
1403670 2278.6
1403680 2278.6
1403690 2271.6
1403700 2266.3
1403710 2266.3
1403720 2261.9
1403730 2258.0
1403740 2255.2
1403750 2255.2
1403760 2252.6
1403770 2250.3
1403780 2250.3
1403790 2248.2
1403800 2246.6
1403810 2246.6
1403820 2245.1
1403830 2243.7
1403840 2243.7
1403850 2243.0
1403860 2242.2
1403870 2242.2
1403880 2241.0
1403890 2240.4
1403900 2240.4
1403910 2240.0
1403920 2239.2
1403930 2240.1
1403940 2240.1
1403950 2239.7
1403960 2239.5
1403970 2239.5
1403980 2241.5
1403990 2242.2
1404000 2242.2
1404010 2242.0
1404020 2242.1
1404030 2242.1
1404040 2240.3
1404050 2241.5
1404060 2241.5
1404070 2243.5
1404080 2245.7
1404090 2245.7
1404100 2248.4
1404110 2251.1
1404120 2251.1
1404130 2254.5
1404140 2257.9
1404150 2261.1
1404160 2261.1
1404170 2263.2
1404180 2264.4
1404190 2264.4
1404200 2265.3
1404210 2266.3
1404220 2266.3
1404230 2267.8
1404240 2270.3
1404250 2270.3
1404260 2272.5
1404270 2275.2
1404280 2275.2
1404290 2277.6
1404300 2279.3
1404310 2279.3
1404320 2280.7
1404330 2278.7
1404340 2278.7
1404350 2280.0
1404360 2280.7
1404370 2281.0
1404380 2281.0
1404390 2281.0
1404400 2281.3
1404410 2281.3
1404420 2281.5
1404430 2280.3
1404440 2280.3
1404450 2279.1
1404460 2279.2
1404470 2279.2
1404480 2279.3
1404490 2279.4
1404500 2279.4
1404510 2279.9
1404520 2280.6
1404530 2280.6
1404540 2282.0
1404550 2282.8
1404560 2282.8
1404570 2283.3
1404580 2283.4
1404590 2283.1
1404600 2283.1
1404610 2282.4
1404620 2281.6
1404630 2281.6
1404640 2279.1
1404650 2275.9
1404660 2275.9
1404670 2272.4
1404680 2269.0
1404690 2269.0
1404700 2265.7
1404710 2260.8
1404720 2260.8
1404730 2255.5
1404740 2250.9
1404750 2250.9
1404760 2247.4
1404770 2244.8
1404780 2244.8
1404790 2242.4
1404800 2239.7
1404810 2236.8
1404820 2236.8
1404830 2228.9
1404840 2215.4
1404850 2215.4
1404860 2208.1
1404870 2201.8
1404880 2201.8
1404890 2196.8
1404900 2192.5
1404910 2192.5
1404920 2187.4
1404930 2184.1
1404940 2184.1
1404950 2176.0
1404960 2170.6
1404970 2170.6
1404980 2166.0
1404990 2162.1
1405000 2162.1
1405010 2159.8
1405020 2157.6
1405030 2155.4
1405040 2155.4
1405050 2142.5
1405060 2134.1
1405070 2134.1
1405080 2123.2
1405090 2111.5
1405100 2111.5
1405110 2109.2
1405120 2106.7
1405130 2106.7
1405140 2104.0
1405150 2101.4
1405160 2101.4
1405170 2098.6
1405180 2095.6
1405190 2095.6
1405200 2090.4
1405210 2080.7
1405220 2080.7
1405230 2070.3
1405240 2065.6
1405250 2062.9
1405260 2062.9
1405270 2062.0
1405280 2061.8
1405290 2061.8
1405300 2060.3
1405310 2057.0
1405320 2057.0
1405330 2048.7
1405340 2037.3
1405350 2037.3
1405360 2028.2
1405370 2022.1
1405380 2022.1
1405390 2017.9
1405400 2009.0
1405410 2009.0
1405420 2002.7
1405430 1998.3
1405440 1998.3
1405450 1991.7
1405460 1981.1
1405470 1960.2
1405480 1960.2
1405490 1947.7
1405500 1929.4
1405510 1929.4
1405520 1917.2
1405530 1908.1
1405540 1908.1
1405550 1899.8
1405560 1894.2
1405570 1894.2
1405580 1888.3
1405590 1881.4
1405600 1881.4
1405610 1874.8
1405620 1868.4
1405630 1868.4
1405640 1861.4
1405650 1855.6
1405660 1855.6
1405670 1850.3
1405680 1845.5
1405690 1840.5
1405700 1840.5
1405710 1836.4
1405720 1832.4
1405730 1832.4
1405740 1828.2
1405750 1824.4
1405760 1824.4
1405770 1820.6
1405780 1816.6
1405790 1816.6
1405800 1815.5
1405810 1819.7
1405820 1819.7
1405830 1823.4
1405840 1824.8
1405850 1824.8
1405860 1824.7
1405870 1824.5
1405880 1824.5
1405890 1825.5
1405900 1829.7
1405910 1835.1
1405920 1835.1
1405930 1842.1
1405940 1848.0
1405950 1848.0
1405960 1854.5
1405970 1861.9
1405980 1861.9
1405990 1869.0
1406000 1876.7
1406010 1876.7
1406020 1885.3
1406030 1893.7
1406040 1893.7
1406050 1901.9
1406060 1910.3
1406070 1910.3
1406080 1918.5
1406090 1926.1
1406100 1926.1
1406110 1933.8
1406120 1942.3
1406130 1951.9
1406140 1951.9
1406150 1961.0
1406160 1970.5
1406170 1970.5
1406180 1978.1
1406190 1987.6
1406200 1987.6
1406210 1997.3
1406220 2005.1
1406230 2005.1
1406240 2009.8
1406250 2015.8
1406260 2015.8
1406270 2023.1
1406280 2034.1
1406290 2034.1
1406300 2046.7
1406310 2055.0
1406320 2055.0
1406330 2059.6
1406340 2061.0
1406350 2062.0
1406360 2062.0
1406370 2063.4
1406380 2063.9
1406390 2063.9
1406400 2066.7
1406410 2070.6
1406420 2070.6
1406430 2074.9
1406440 2079.1
1406450 2079.1
1406460 2082.6
1406470 2086.3
1406480 2086.3
1406490 2089.7
1406500 2091.6
1406510 2091.6
1406520 2092.9
1406530 2094.4
1406540 2094.4
1406550 2095.5
1406560 2095.4
1406570 2099.0
1406580 2099.0
1406590 2103.1
1406600 2107.1
1406610 2107.1
1406620 2114.4
1406630 2123.6
1406640 2123.6
1406650 2125.9
1406660 2128.8
1406670 2128.8
1406680 2133.8
1406690 2138.6
1406700 2138.6
1406710 2141.3
1406720 2141.4
1406730 2141.4
1406740 2141.7
1406750 2144.5
1406760 2144.5
1406770 2148.3
1406780 2152.0
1406790 2155.8
1406800 2155.8
1406810 2158.9
1406820 2159.2
1406830 2159.2
1406840 2157.6
1406850 2156.2
1406860 2156.2
1406870 2153.9
1406880 2151.7
1406890 2151.7
1406900 2151.0
1406910 2150.5
1406920 2150.5
1406930 2154.4
1406940 2161.5
1406950 2161.5
1406960 2165.3
1406970 2168.2
1406980 2168.2
1406990 2178.5
1407000 2191.8
1407010 2199.0
1407020 2199.0
1407030 2207.0
1407040 2216.9
1407050 2216.9
1407060 2226.7
1407070 2236.2
1407080 2236.2
1407090 2243.3
1407100 2250.8
1407110 2250.8
1407120 2259.7
1407130 2271.0
1407140 2271.0
1407150 2279.3
1407160 2286.3
1407170 2286.3
1407180 2293.5
1407190 2301.3
1407200 2309.4
1407210 2309.4
1407220 2318.9
1407230 2332.2
1407240 2332.2
1407250 2348.1
1407260 2363.3
1407270 2363.3
1407280 2378.4
1407290 2394.5
1407300 2394.5
1407310 2408.1
1407320 2421.9
1407330 2421.9
1407340 2433.6
1407350 2444.5
1407360 2444.5
1407370 2449.0
1407380 2456.1
1407390 2456.1
1407400 2464.8
1407410 2471.7
1407420 2478.8
1407430 2478.8
1407440 2483.4
1407450 2486.6
1407460 2486.6
1407470 2488.5
1407480 2489.1
1407490 2489.1
1407500 2489.2
1407510 2489.0
1407520 2489.0
1407530 2490.9
1407540 2493.8
1407550 2491.7
1407560 2494.5
1407570 2495.8
1407580 2495.8
1407590 2497.3
1407600 2501.4
1407610 2501.4
1407620 2504.4
1407630 2507.3
1407640 2510.4
1407650 2510.4
1407660 2512.1
1407670 2512.8
1407680 2512.8
1407690 2516.0
1407700 2521.9
1407710 2521.9
1407720 2528.7
1407730 2534.3
1407740 2534.3
1407750 2535.9
1407760 2534.9
1407770 2534.9
1407780 2533.6
1407790 2531.9
1407800 2531.9
1407810 2533.4
1407820 2535.1
1407830 2535.1
1407840 2533.8
1407850 2532.4
1407860 2531.1
1407870 2531.1
1407880 2531.0
1407890 2529.9
1407900 2529.9
1407910 2527.3
1407920 2524.5
1407930 2524.5
1407940 2521.2
1407950 2517.8
1407960 2517.8
1407970 2515.8
1407980 2512.6
1407990 2512.6
1408000 2510.7
1408010 2510.2
1408020 2510.2
1408030 2512.6
1408040 2516.4
1408050 2516.4
1408060 2524.9
1408070 2536.4
1408080 2542.8
1408090 2542.8
1408100 2546.6
1408110 2555.4
1408120 2555.4
1408130 2560.8
1408140 2567.0
1408150 2567.0
1408160 2571.1
1408170 2574.3
1408180 2574.3
1408190 2581.1
1408200 2588.4
1408210 2588.4
1408220 2594.1
1408230 2597.4
1408240 2597.4
1408250 2601.4
1408260 2612.6
1408270 2612.6
1408280 2619.3
1408290 2621.0
1408300 2622.9
1408310 2622.9
1408320 2625.3
1408330 2629.7
1408340 2629.7
1408350 2632.4
1408360 2639.4
1408370 2639.4
1408380 2650.4
1408390 2652.1
1408400 2652.1
1408410 2652.9
1408420 2653.1
1408430 2653.1
1408440 2651.7
1408450 2654.3
1408460 2654.3
1408470 2662.4
1408480 2669.7
1408490 2669.7
1408500 2677.5
1408510 2682.9
1408520 2689.1
1408530 2689.1
1408540 2697.9
1408550 2701.2
1408560 2701.2
1408570 2701.3
1408580 2700.8
1408590 2700.8
1408600 2699.4
1408610 2701.1
1408620 2701.1
1408630 2706.1
1408640 2708.3
1408650 2708.3
1408660 2708.8
1408670 2709.2
1408680 2709.2
1408690 2710.1
1408700 2713.7
1408710 2713.7
1408720 2721.8
1408730 2730.4
1408740 2738.3
1408750 2738.3
1408760 2744.2
1408770 2747.3
1408780 2747.3
1408790 2749.5
1408800 2751.8
1408810 2751.8
1408820 2753.7
1408830 2753.3
1408840 2753.3
1408850 2755.3
1408860 2757.6
1408870 2757.6
1408880 2761.3
1408890 2765.6
1408900 2765.6
1408910 2770.2
1408920 2775.3
1408930 2775.3
1408940 2780.2
1408950 2784.2
1408960 2788.3
1408970 2788.3
1408980 2791.9
1408990 2795.7
1409000 2795.7
1409010 2799.9
1409020 2803.9
1409030 2803.9
1409040 2808.1
1409050 2812.1
1409060 2812.1
1409070 2815.8
1409080 2819.2
1409090 2819.2
1409100 2822.2
1409110 2824.0
1409120 2824.0
1409130 2824.4
1409140 2824.8
1409150 2824.8
1409160 2825.8
1409170 2826.9
1409180 2827.9
1409190 2827.9
1409200 2828.9
1409210 2829.8
1409220 2827.4
1409230 2828.0
1409240 2828.8
1409250 2828.8
1409260 2830.1
1409270 2832.5
1409280 2832.5
1409290 2836.3
1409300 2848.4
1409310 2848.4
1409320 2868.8
1409330 2900.0
1409340 2900.0
1409350 2922.7
1409360 2938.8
1409370 2938.8
1409380 2959.1
1409390 2976.0
1409400 2986.3
1409410 2986.3
1409420 2990.1
1409430 2989.6
1409440 2989.6
1409450 2989.6
1409460 2992.1
1409470 2992.1
1409480 2994.2
1409490 2998.3
1409500 2998.3
1409510 3002.8
1409520 3007.6
1409530 3007.6
1409540 3017.1
1409550 3029.7
1409560 3029.7
1409570 3045.0
1409580 3055.8
1409590 3055.8
1409600 3060.2
1409610 3062.2
1409620 3065.2
1409630 3065.2
1409640 3067.6
1409650 3071.4
1409660 3071.4
1409670 3075.8
1409680 3082.1
1409690 3082.1
1409700 3088.1
1409710 3094.2
1409720 3094.2
1409730 3099.9
1409740 3105.3
1409750 3105.3
1409760 3110.9
1409770 3118.5
1409780 3118.5
1409790 3124.8
1409800 3130.0
1409810 3130.0
1409820 3134.7
1409830 3138.8
1409840 3142.8
1409850 3142.8
1409860 3146.3
1409870 3149.2
1409880 3149.2
1409890 3151.9
1409900 3154.5
1409910 3154.5
1409920 3156.8
1409930 3158.9
1409940 3158.9
1409950 3160.8
1409960 3162.5
1409970 3162.5
1409980 3164.3
1409990 3166.2
1410000 3166.2
1410010 3168.0
1410020 3169.8
1410030 3169.8
1410040 3171.6
1410050 3173.4
1410060 3175.3
1410070 3175.3
1410080 3177.1
1410090 3178.9
1410100 3178.9
1410110 3181.0
1410120 3182.9
1410130 3182.9
1410140 3184.7
1410150 3186.5
1410160 3186.5
1410170 3188.3
1410180 3190.0
1410190 3190.0
1410200 3191.5
1410210 3192.6
1410220 3192.6
1410230 3193.4
1410240 3194.2
1410250 3194.2
1410260 3195.1
1410270 3196.3
1410280 3197.8
1410290 3197.8
1410300 3199.6
1410310 3201.7
1410320 3201.7
1410330 3204.0
1410340 3206.6
1410350 3206.6
1410360 3209.0
1410370 3211.2
1410380 3211.2
1410390 3213.4
1410400 3215.4
1410410 3215.4
1410420 3217.4
1410430 3219.3
1410440 3219.3
1410450 3221.0
1410460 3222.5
1410470 3222.5
1410480 3223.8
1410490 3225.0
1410500 3226.0
1410510 3226.0
1410520 3226.8
1410530 3227.4
1410540 3227.4
1410550 3227.9
1410560 3228.2
1410570 3228.2
1410580 3228.4
1410590 3228.5
1410600 3228.5
1410610 3228.5
1410620 3228.5
1410630 3228.5
1410640 3228.4
1410650 3228.5
1410660 3228.5
1410670 3228.7
1410680 3229.1
1410690 3229.6
1410700 3229.6
1410710 3230.3
1410720 3231.0
1410730 3231.0
1410740 3231.7
1410750 3232.4
1410760 3232.4
1410770 3233.4
1410780 3235.1
1410790 3235.1
1410800 3237.7
1410810 3241.2
1410820 3241.2
1410830 3245.4
1410840 3250.1
1410850 3250.1
1410860 3255.1
1410870 3260.1
1410880 3260.1
1410890 3265.0
1410900 3269.8
1410910 3274.4
1410920 3274.2
1410930 3278.6
1410940 3282.5
1410950 3282.5
1410960 3286.5
1410970 3289.9
1410980 3289.9
1410990 3293.1
1411000 3296.0
1411010 3296.0
1411020 3298.9
1411030 3301.7
1411040 3301.7
1411050 3304.2
1411060 3307.4
1411070 3307.4
1411080 3310.7
1411090 3313.7
1411100 3313.7
1411110 3316.5
1411120 3319.0
1411130 3321.8
1411140 3321.8
1411150 3325.4
1411160 3330.9
1411170 3330.9
1411180 3338.1
1411190 3344.6
1411200 3344.6
1411210 3352.4
1411220 3358.7
1411230 3358.7
1411240 3364.0
1411250 3368.6
1411260 3368.6
1411270 3372.9
1411280 3377.3
1411290 3377.3
1411300 3382.2
1411310 3387.1
1411320 3387.1
1411330 3392.2
1411340 3396.3
1411350 3400.0
1411360 3400.0
1411370 3403.6
1411380 3406.9
1411390 3406.9
1411400 3410.0
1411410 3412.8
1411420 3412.8
1411430 3415.7
1411440 3418.4
1411450 3418.4
1411460 3421.1
1411470 3423.7
1411480 3423.7
1411490 3426.3
1411500 3428.9
1411510 3428.9
1411520 3431.4
1411530 3433.7
1411540 3433.7
1411550 3436.1
1411560 3438.2
1411570 3440.3
1411580 3440.3
1411590 3442.3
1411600 3444.1
1411610 3444.1
1411620 3445.7
1411630 3447.2
1411640 3447.2
1411650 3448.5
1411660 3449.6
1411670 3449.6
1411680 3450.6
1411690 3451.4
1411700 3451.4
1411710 3452.1
1411720 3452.8
1411730 3452.8
1411740 3453.7
1411750 3454.9
1411760 3454.9
1411770 3456.4
1411780 3458.4
1411790 3460.9
1411800 3460.9
1411810 3463.9
1411820 3467.3
1411830 3467.3
1411840 3471.0
1411850 3475.3
1411860 3475.3
1411870 3479.9
1411880 3484.9
1411890 3484.9
1411900 3490.1
1411910 3495.7
1411920 3495.7
1411930 3501.5
1411940 3507.0
1411950 3507.0
1411960 3513.8
1411970 3527.3
1411980 3527.3
1411990 3538.7
1412000 3547.2
1412010 3556.0
1412020 3556.0
1412030 3564.3
1412040 3572.2
1412050 3572.2
1412060 3580.3
1412070 3589.0
1412080 3589.0
1412090 3598.1
1412100 3606.6
1412110 3606.6
1412120 3614.9
1412130 3623.9
1412140 3623.9
1412150 3633.6
1412160 3644.3
1412170 3644.3
1412180 3656.6
1412190 3668.9
1412200 3668.9
1412210 3677.3
1412220 3665.5
1412230 3649.0
1412240 3649.0
1412250 3621.2
1412260 3597.9
1412270 3597.9
1412280 3585.9
1412290 3574.7
1412300 3574.7
1412310 3562.9
1412320 3551.5
1412330 3551.5
1412340 3540.0
1412350 3528.7
1412360 3528.7
1412370 3518.1
1412380 3507.9
1412390 3507.9
1412400 3498.0
1412410 3488.6
1412420 3488.6
1412430 3476.2
1412440 3460.8
1412450 3450.2
1412460 3450.2
1412470 3438.7
1412480 3427.5
1412490 3427.5
1412500 3416.7
1412510 3405.6
1412520 3405.6
1412530 3393.7
1412540 3383.0
1412550 3383.0
1412560 3372.8
1412570 3361.4
1412580 3361.4
1412590 3347.9
1412600 3336.3
1412610 3336.3
1412620 3325.6
1412630 3315.5
1412640 3315.5
1412650 3308.0
1412660 3300.0
1412670 3295.2
1412680 3295.2
1412690 3290.6
1412700 3286.4
1412710 3286.4
1412720 3282.8
1412730 3279.3
1412740 3279.3
1412750 3276.3
1412760 3273.5
1412770 3273.5
1412780 3270.7
1412790 3267.9
1412800 3267.9
1412810 3265.4
1412820 3263.1
1412830 3263.1
1412840 3260.8
1412850 3258.5
1412860 3258.5
1412870 3256.0
1412880 3253.5
1412890 3251.1
1412900 3251.1
1412910 3248.5
1412920 3246.0
1412930 3246.0
1412940 3243.2
1412950 3240.3
1412960 3240.3
1412970 3236.8
1412980 3232.1
1412990 3232.1
1413000 3232.1
1413010 3230.1
1413020 3230.1
1413030 3226.8
1413040 3225.0
1413050 3225.0
1413060 3223.5
1413070 3219.8
1413080 3219.8
1413090 3215.5
1413100 3212.0
1413110 3209.1
1413120 3209.1
1413130 3204.5
1413140 3198.5
1413150 3198.5
1413160 3195.0
1413170 3190.6
1413180 3190.6
1413190 3185.1
1413200 3179.5
1413210 3179.5
1413220 3172.7
1413230 3166.4
1413240 3166.4
1413250 3160.6
1413260 3154.1
1413270 3154.1
1413280 3147.3
1413290 3141.6
1413300 3141.6
1413310 3136.1
1413320 3131.5
1413330 3126.1
1413340 3126.1
1413350 3119.5
1413360 3114.5
1413370 3114.5
1413380 3109.7
1413390 3102.5
1413400 3102.5
1413410 3095.3
1413420 3089.2
1413430 3089.2
1413440 3082.8
1413450 3077.0
1413460 3077.0
1413470 3071.6
1413480 3065.8
1413490 3065.8
1413500 3054.1
1413510 3048.7
1413520 3048.7
1413530 3043.0
1413540 3034.1
1413550 3018.1
1413560 3018.1
1413570 3008.5
1413580 3006.4
1413590 3006.4
1413600 3004.5
1413610 3000.9
1413620 3000.9
1413630 2990.9
1413640 2981.3
1413650 2981.3
1413660 2976.5
1413670 2972.9
1413680 2972.9
1413690 2970.5
1413700 2965.8
1413710 2965.8
1413720 2959.6
1413730 2950.6
1413740 2950.6
1413750 2940.9
1413760 2934.2
1413770 2927.4
1413780 2927.4
1413790 2921.1
1413800 2914.6
1413810 2914.6
1413820 2907.7
1413830 2901.5
1413840 2901.5
1413850 2895.3
1413860 2888.5
1413870 2888.5
1413880 2881.1
1413890 2873.9
1413900 2873.9
1413910 2867.8
1413920 2862.6
1413930 2862.6
1413940 2856.9
1413950 2851.4
1413960 2846.7
1413970 2846.7
1413980 2842.6
1413990 2838.8
1414000 2838.8
1414010 2834.9
1414020 2830.9
1414030 2830.9
1414040 2826.9
1414050 2823.0
1414060 2823.0
1414070 2819.2
1414080 2815.4
1414090 2815.4
1414100 2811.8
1414110 2808.4
1414120 2808.4
1414130 2804.9
1414140 2801.6
1414150 2801.6
1414160 2798.3
1414170 2794.8
1414180 2791.2
1414190 2791.2
1414200 2787.6
1414210 2784.3
1414220 2784.3
1414230 2780.6
1414240 2776.9
1414250 2776.9
1414260 2773.0
1414270 2768.8
1414280 2768.8
1414290 2764.5
1414300 2760.2
1414310 2760.2
1414320 2755.7
1414330 2751.6
1414340 2751.6
1414350 2747.6
1414360 2743.2
1414370 2743.2
1414380 2738.6
1414390 2734.0
1414400 2729.1
1414410 2729.1
1414420 2724.2
1414430 2720.0
1414440 2720.0
1414450 2720.7
1414460 2716.4
1414470 2716.4
1414480 2712.5
1414490 2708.2
1414500 2708.2
1414510 2702.8
1414520 2696.9
1414530 2696.9
1414540 2691.4
1414550 2686.0
1414560 2686.0
1414570 2680.8
1414580 2676.5
1414590 2676.5
1414600 2672.2
1414610 2668.1
1414620 2663.7
1414630 2663.7
1414640 2658.7
1414650 2652.8
1414660 2652.8
1414670 2647.3
1414680 2641.0
1414690 2641.0
1414700 2634.5
1414710 2628.2
1414720 2628.2
1414730 2623.2
1414740 2618.9
1414750 2618.9
1414760 2614.5
1414770 2609.7
1414780 2609.7
1414790 2604.5
1414800 2598.7
1414810 2598.7
1414820 2592.1
1414830 2584.9
1414840 2579.0
1414850 2579.0
1414860 2574.8
1414870 2571.6
1414880 2571.6
1414890 2568.0
1414900 2562.4
1414910 2562.4
1414920 2556.1
1414930 2549.1
1414940 2549.1
1414950 2541.6
1414960 2533.9
1414970 2533.9
1414980 2526.7
1414990 2522.2
1415000 2522.2
1415010 2519.3
1415020 2516.5
1415030 2516.5
1415040 2513.8
1415050 2512.1
1415060 2509.2
1415070 2509.2
1415080 2505.4
1415090 2502.7
1415100 2502.7
1415110 2499.9
1415120 2496.8
1415130 2496.8
1415140 2492.2
1415150 2486.6
1415160 2486.6
1415170 2481.6
1415180 2478.2
1415190 2478.2
1415200 2475.2
1415210 2471.8
1415220 2471.8
1415230 2467.7
1415240 2464.2
1415250 2464.2
1415260 2461.6
1415270 2458.6
1415280 2454.8
1415290 2454.8
1415300 2450.6
1415310 2447.4
1415320 2447.4
1415330 2444.8
1415340 2442.5
1415350 2442.5
1415360 2439.4
1415370 2435.4
1415380 2435.4
1415390 2429.0
1415400 2420.0
1415410 2420.0
1415420 2413.4
1415430 2406.7
1415440 2406.7
1415450 2398.4
1415460 2390.9
1415470 2390.9
1415480 2387.3
1415490 2383.3
1415500 2383.1
1415510 2383.1
1415520 2384.1
1415530 2386.1
1415540 2386.1
1415550 2388.7
1415560 2388.7
1415570 2388.7
1415580 2387.0
1415590 2386.4
1415600 2386.4
1415610 2386.1
1415620 2384.7
1415630 2384.7
1415640 2383.1
1415650 2381.6
1415660 2381.6
1415670 2379.9
1415680 2378.2
1415690 2378.2
1415700 2375.1
1415710 2373.0
1415720 2370.7
1415730 2370.7
1415740 2368.3
1415750 2366.7
1415760 2366.7
1415770 2364.8
1415780 2361.4
1415790 2361.4
1415800 2358.7
1415810 2355.7
1415820 2355.7
1415830 2352.3
1415840 2349.3
1415850 2349.3
1415860 2346.2
1415870 2343.1
1415880 2343.1
1415890 2340.3
1415900 2337.4
1415910 2337.4
1415920 2336.9
1415930 2337.4
1415940 2337.5
1415950 2337.5
1415960 2335.5
1415970 2332.6
1415980 2332.6
1415990 2330.3
1416000 2327.0
1416010 2327.0
1416020 2319.7
1416030 2310.8
1416040 2310.8
1416050 2304.0
1416060 2297.9
1416070 2297.9
1416080 2292.1
1416090 2286.0
1416100 2286.0
1416110 2280.7
1416120 2274.9
1416130 2274.9
1416140 2267.9
1416150 2260.8
1416160 2255.6
1416170 2255.6
1416180 2250.7
1416190 2244.0
1416200 2244.0
1416210 2235.3
1416220 2229.3
1416230 2229.3
1416240 2229.2
1416250 2228.9
1416260 2228.9
1416270 2228.7
1416280 2227.8
1416290 2227.8
1416300 2227.4
1416310 2226.5
1416320 2226.5
1416330 2226.9
1416340 2228.2
1416350 2228.2
1416360 2226.8
1416370 2228.3
1416380 2229.6
1416390 2229.6
1416400 2229.9
1416410 2230.7
1416420 2230.7
1416430 2230.0
1416440 2229.8
1416450 2229.8
1416460 2229.5
1416470 2231.7
1416480 2231.7
1416490 2231.2
1416500 2229.3
1416510 2229.3
1416520 2228.7
1416530 2228.1
1416540 2228.1
1416550 2227.0
1416560 2225.4
1416570 2225.4
1416580 2224.8
1416590 2224.5
1416600 2223.8
1416610 2223.8
1416620 2222.4
1416630 2220.9
1416640 2220.9
1416650 2219.4
1416660 2216.5
1416670 2216.5
1416680 2214.3
1416690 2212.3
1416700 2212.3
1416710 2209.6
1416720 2207.2
1416730 2207.2
1416740 2204.9
1416750 2203.0
1416760 2203.0
1416770 2200.8
1416780 2198.6
1416790 2198.6
1416800 2196.8
1416810 2195.5
1416820 2193.6
1416830 2193.6
1416840 2192.1
1416850 2190.5
1416860 2190.5
1416870 2188.9
1416880 2187.7
1416890 2187.7
1416900 2186.5
1416910 2185.7
1416920 2185.7
1416930 2185.1
1416940 2184.4
1416950 2184.4
1416960 2183.8
1416970 2183.4
1416980 2183.4
1416990 2183.2
1417000 2183.0
1417010 2183.0
1417020 2182.8
1417030 2182.5
1417040 2182.1
1417050 2182.1
1417060 2181.6
1417070 2180.9
1417080 2180.9
1417090 2180.3
1417100 2179.5
1417110 2179.5
1417120 2178.7
1417130 2177.8
1417140 2177.8
1417150 2177.0
1417160 2176.1
1417170 2176.1
1417180 2175.4
1417190 2174.6
1417200 2174.6
1417210 2173.8
1417220 2173.0
1417230 2172.3
1417240 2172.3
1417250 2171.5
1417260 2170.7
1417270 2170.7
1417280 2169.8
1417290 2168.8
1417300 2168.8
1417310 2167.8
1417320 2166.7
1417330 2166.7
1417340 2165.6
1417350 2164.5
1417360 2164.5
1417370 2163.3
1417380 2162.1
1417390 2162.1
1417400 2160.8
1417410 2159.4
1417420 2159.4
1417430 2158.1
1417440 2156.9
1417450 2155.8
1417460 2155.8
1417470 2154.7
1417480 2153.6
1417490 2153.6
1417500 2152.2
1417510 2150.6
1417520 2150.6
1417530 2149.1
1417540 2147.7
1417550 2147.7
1417560 2146.0
1417570 2144.0
1417580 2144.0
1417590 2141.5
1417600 2139.2
1417610 2139.2
1417620 2136.3
1417630 2133.2
1417640 2133.2
1417650 2129.8
1417660 2126.7
1417670 2124.2
1417680 2124.2
1417690 2122.9
1417700 2122.4
1417710 2122.4
1417720 2121.9
1417730 2120.7
1417740 2120.7
1417750 2119.5
1417760 2117.3
1417770 2117.3
1417780 2115.3
1417790 2113.2
1417800 2113.2
1417810 2110.8
1417820 2104.7
1417830 2104.7
1417840 2102.1
1417850 2103.3
1417860 2103.3
1417870 2103.3
1417880 2104.2
1417890 2105.0
1417900 2105.0
1417910 2105.9
1417920 2106.3
1417930 2106.3
1417940 2107.6
1417950 2109.6
1417960 2109.6
1417970 2112.7
1417980 2114.4
1417990 2114.4
1418000 2115.7
1418010 2117.1
1418020 2117.1
1418030 2118.4
1418040 2120.7
1418050 2120.7
1418060 2122.9
1418070 2125.1
1418080 2125.1
1418090 2127.2
1418100 2129.0
1418110 2129.8
1418120 2129.8
1418130 2131.2
1418140 2133.4
1418150 2133.4
1418160 2136.1
1418170 2134.0
1418180 2134.0
1418190 2137.1
1418200 2141.1
1418210 2141.1
1418220 2144.6
1418230 2148.7
1418240 2148.7
1418250 2151.9
1418260 2156.2
1418270 2156.2
1418280 2160.7
1418290 2164.7
1418300 2164.7
1418310 2169.0
1418320 2174.8
1418330 2179.7
1418340 2179.7
1418350 2185.1
1418360 2190.5
1418370 2190.5
1418380 2196.8
1418390 2201.9
1418400 2201.9
1418410 2205.1
1418420 2208.8
1418430 2208.8
1418440 2214.0
1418450 2220.0
1418460 2220.0
1418470 2226.1
1418480 2235.5
1418490 2235.5
1418500 2241.8
1418510 2245.4
1418520 2245.4
1418530 2246.2
1418540 2246.9
1418550 2249.2
1418560 2249.2
1418570 2251.9
1418580 2254.3
1418590 2254.3
1418600 2257.7
1418610 2265.1
1418620 2265.1
1418630 2268.7
1418640 2271.4
1418650 2271.4
1418660 2274.9
1418670 2277.9
1418680 2277.9
1418690 2282.0
1418700 2286.8
1418710 2286.8
1418720 2290.4
1418730 2291.7
1418740 2291.7
1418750 2293.7
1418760 2297.0
1418770 2300.7
1418780 2300.7
1418790 2303.1
1418800 2305.1
1418810 2305.1
1418820 2309.1
1418830 2314.0
1418840 2314.0
1418850 2317.8
1418860 2321.1
1418870 2321.1
1418880 2323.5
1418890 2327.3
1418900 2327.3
1418910 2330.5
1418920 2334.5
1418930 2334.5
1418940 2338.0
1418950 2342.9
1418960 2342.9
1418970 2347.5
1418980 2352.9
1418990 2359.1
1419000 2359.1
1419010 2365.0
1419020 2370.6
1419030 2370.6
1419040 2375.6
1419050 2382.5
1419060 2382.5
1419070 2389.4
1419080 2396.0
1419090 2396.0
1419100 2403.7
1419110 2411.8
1419120 2411.8
1419130 2419.3
1419140 2422.4
1419150 2422.4
1419160 2422.0
1419170 2423.4
1419180 2423.4
1419190 2424.3
1419200 2427.1
1419210 2431.0
1419220 2431.0
1419230 2442.3
1419240 2476.9
1419250 2476.9
1419260 2491.2
1419270 2498.0
1419280 2498.0
1419290 2503.7
1419300 2509.2
1419310 2509.2
1419320 2514.3
1419330 2519.1
1419340 2519.1
1419350 2524.0
1419360 2528.6
1419370 2528.6
1419380 2531.9
1419390 2533.1
1419400 2533.1
1419410 2537.6
1419420 2544.6
1419430 2553.3
1419440 2553.3
1419450 2560.5
1419460 2567.7
1419470 2567.7
1419480 2574.9
1419490 2582.0
1419500 2582.0
1419510 2588.3
1419520 2603.9
1419530 2603.9
1419540 2623.2
1419550 2640.4
1419560 2640.4
1419570 2658.6
1419580 2676.9
1419590 2676.9
1419600 2689.4
1419610 2699.5
1419620 2699.5
1419630 2710.8
1419640 2719.1
1419650 2723.2
1419660 2723.2
1419670 2721.2
1419680 2718.6
1419690 2718.6
1419700 2718.0
1419710 2723.6
1419720 2723.6
1419730 2735.1
1419740 2748.8
1419750 2748.8
1419760 2754.3
1419770 2758.3
1419780 2758.3
1419790 2764.8
1419800 2774.9
1419810 2774.9
1419820 2786.7
1419830 2796.5
1419840 2796.5
1419850 2802.9
1419860 2808.7
1419870 2814.2
1419880 2814.2
1419890 2821.0
1419900 2827.0
1419910 2827.0
1419920 2834.6
1419930 2843.8
1419940 2843.8
1419950 2842.5
1419960 2818.4
1419970 2818.4
1419980 2804.3
1419990 2792.7
