1400000 2271.2
1400010 2274.7
1400020 2278.9
1400030 2278.9
1400040 2280.1
1400050 2284.3
1400060 2289.7
1400070 2289.7
1400080 2292.0
1400090 2293.2
1400100 2293.2
1400110 2294.8
1400120 2296.4
1400130 2296.4
1400140 2298.3
1400150 2299.6
1400160 2299.6
1400170 2299.9
1400180 2301.9
1400190 2301.9
1400200 2303.8
1400210 2303.0
1400220 2303.0
1400230 2303.0
1400240 2305.4
1400250 2305.4
1400260 2306.5
1400270 2306.2
1400280 2306.0
1400290 2306.0
1400300 2305.8
1400310 2304.7
1400320 2304.7
1400330 2302.5
1400340 2298.2
1400350 2298.2
1400360 2294.8
1400370 2291.6
1400380 2291.6
1400390 2287.6
1400400 2283.4
1400410 2283.4
1400420 2280.5
1400430 2279.9
1400440 2279.9
1400450 2279.9
1400460 2279.8
1400470 2279.8
1400480 2279.8
1400490 2279.8
1400500 2279.8
1400510 2279.8
1400520 2279.8
1400530 2279.9
1400540 2279.9
1400550 2279.9
1400560 2279.9
1400570 2279.9
1400580 2280.0
1400590 2280.0
1400600 2280.0
1400610 2280.0
1400620 2279.9
1400630 2279.9
1400640 2279.9
1400650 2279.8
1400660 2279.8
1400670 2279.7
1400680 2279.8
1400690 2279.8
1400700 2279.8
1400710 2279.7
1400720 2279.7
1400730 2279.7
1400740 2279.8
1400750 2279.8
1400760 2279.8
1400770 2279.7
1400780 2279.8
1400790 2279.8
1400800 2279.8
1400810 2280.0
1400820 2280.0
1400830 2279.9
1400840 2279.9
1400850 2279.9
1400860 2279.9
1400870 2279.9
1400880 2279.9
1400890 2279.9
1400900 2280.0
1400910 2280.0
1400920 2280.1
1400930 2280.0
1400940 2280.0
1400950 2280.0
1400960 2280.4
1400970 2280.9
1400980 2280.9
1400990 2282.2
1401000 2282.8
1401010 2282.8
1401020 2283.4
1401030 2284.2
1401040 2284.2
1401050 2285.8
1401060 2287.3
1401070 2287.3
1401080 2288.6
1401090 2289.6
1401100 2289.6
1401110 2290.6
1401120 2291.6
1401130 2291.6
1401140 2291.7
1401150 2291.3
1401160 2290.8
1401170 2290.8
1401180 2290.9
1401190 2292.3
1401200 2292.3
1401210 2295.5
1401220 2299.9
1401230 2299.9
1401240 2303.9
1401250 2308.0
1401260 2308.0
1401270 2313.1
1401280 2317.1
1401290 2317.1
1401300 2321.8
1401310 2327.1
1401320 2327.1
1401330 2331.8
1401340 2337.4
1401350 2337.4
1401360 2343.1
1401370 2348.4
1401380 2352.8
1401390 2352.8
1401400 2355.9
1401410 2358.0
1401420 2358.0
1401430 2359.3
1401440 2361.1
1401450 2361.1
1401460 2366.5
1401470 2372.8
1401480 2372.8
1401490 2377.5
1401500 2381.4
1401510 2381.4
1401520 2384.9
1401530 2387.3
1401540 2387.3
1401550 2388.0
1401560 2388.3
1401570 2388.3
1401580 2389.9
1401590 2391.2
1401600 2394.2
1401610 2394.2
1401620 2400.7
1401630 2405.2
1401640 2405.2
1401650 2408.6
1401660 2413.9
1401670 2413.9
1401680 2422.4
1401690 2428.8
1401700 2428.8
1401710 2438.1
1401720 2444.8
1401730 2444.8
1401740 2453.1
1401750 2464.4
1401760 2464.4
1401770 2470.8
1401780 2477.2
1401790 2477.2
1401800 2484.2
1401810 2489.9
1401820 2495.6
1401830 2495.6
1401840 2501.5
1401850 2506.3
1401860 2506.3
1401870 2511.1
1401880 2515.5
1401890 2515.5
1401900 2518.9
1401910 2522.0
1401920 2522.0
1401930 2525.9
1401940 2531.7
1401950 2531.7
1401960 2540.3
1401970 2546.7
1401980 2546.7
1401990 2551.7
1402000 2558.3
1402010 2558.3
1402020 2565.2
1402030 2570.2
1402040 2574.5
1402050 2574.5
1402060 2578.7
1402070 2583.8
1402080 2583.8
1402090 2588.4
1402100 2594.1
1402110 2594.1
1402120 2599.5
1402130 2604.7
1402140 2604.7
1402150 2609.6
1402160 2614.4
1402170 2614.4
1402180 2620.1
1402190 2624.5
1402200 2624.5
1402210 2628.5
1402220 2633.4
1402230 2633.4
1402240 2638.5
1402250 2644.4
1402260 2651.0
1402270 2651.0
1402280 2656.6
1402290 2661.7
1402300 2661.7
1402310 2666.1
1402320 2669.4
1402330 2669.4
1402340 2673.8
1402350 2678.9
1402360 2678.9
1402370 2683.8
1402380 2689.6
1402390 2689.6
1402400 2695.5
1402410 2701.4
1402420 2701.4
1402430 2707.3
1402440 2713.3
1402450 2713.3
1402460 2719.5
1402470 2725.7
1402480 2731.5
1402490 2731.5
1402500 2736.5
1402510 2747.8
1402520 2747.8
1402530 2755.6
1402540 2763.6
1402550 2763.6
1402560 2769.8
1402570 2775.6
1402580 2775.6
1402590 2781.8
1402600 2789.8
1402610 2789.8
1402620 2803.1
1402630 2819.2
1402640 2819.2
1402650 2834.9
1402660 2846.8
1402670 2846.8
1402680 2851.3
1402690 2849.9
1402700 2848.6
1402710 2848.6
1402720 2846.7
1402730 2843.4
1402740 2843.4
1402750 2841.9
1402760 2842.4
1402770 2842.4
1402780 2843.8
1402790 2845.5
1402800 2845.5
1402810 2847.3
1402820 2850.1
1402830 2850.1
1402840 2851.8
1402850 2852.5
1402860 2852.5
1402870 2851.9
1402880 2852.8
1402890 2852.8
1402900 2854.4
1402910 2857.1
1402920 2858.2
1402930 2858.2
1402940 2857.6
1402950 2856.7
1402960 2856.7
1402970 2854.6
1402980 2853.5
1402990 2853.5
1403000 2852.5
1403010 2850.1
1403020 2850.1
1403030 2846.5
1403040 2844.0
1403050 2844.0
1403060 2841.7
1403070 2840.2
1403080 2840.2
1403090 2838.2
1403100 2837.9
1403110 2837.9
1403120 2838.0
1403130 2837.0
1403140 2835.9
1403150 2835.9
1403160 2834.6
1403170 2833.1
1403180 2833.1
1403190 2831.8
1403200 2831.3
1403210 2831.3
1403220 2830.0
1403230 2828.6
1403240 2828.6
1403250 2827.6
1403260 2828.1
1403270 2828.1
1403280 2828.7
1403290 2829.1
1403300 2829.1
1403310 2829.3
1403320 2829.7
1403330 2829.7
1403340 2830.9
1403350 2833.0
1403360 2836.0
1403370 2836.0
1403380 2845.9
1403390 2852.2
1403400 2852.2
1403410 2852.3
1403420 2852.5
1403430 2852.5
1403440 2855.5
1403450 2860.3
1403460 2860.3
1403470 2865.1
1403480 2865.1
1403490 2865.1
1403500 2861.3
1403510 2852.4
1403520 2852.4
1403530 2843.2
1403540 2833.7
1403550 2833.7
1403560 2822.8
1403570 2811.3
1403580 2800.0
1403590 2800.0
1403600 2788.5
1403610 2778.2
1403620 2778.2
1403630 2768.3
1403640 2760.2
1403650 2760.2
1403660 2753.1
1403670 2744.8
1403680 2744.8
1403690 2739.6
1403700 2737.0
1403710 2737.0
1403720 2731.5
1403730 2722.5
1403740 2722.5
1403750 2714.1
1403760 2707.0
1403770 2707.0
1403780 2696.2
1403790 2682.4
1403800 2670.3
1403810 2670.3
1403820 2659.5
1403830 2645.7
1403840 2645.7
1403850 2629.5
1403860 2611.5
1403870 2611.5
1403880 2589.2
1403890 2569.1
1403900 2569.1
1403910 2558.5
1403920 2550.8
1403930 2550.8
1403940 2543.6
1403950 2536.7
1403960 2536.7
1403970 2529.8
1403980 2522.6
1403990 2522.6
1404000 2515.4
1404010 2508.6
1404020 2501.6
1404030 2501.6
1404040 2494.4
1404050 2487.1
1404060 2487.1
1404070 2480.8
1404080 2473.0
1404090 2473.0
1404100 2465.4
1404110 2458.9
1404120 2458.9
1404130 2452.6
1404140 2446.5
1404150 2446.5
1404160 2440.3
1404170 2434.3
1404180 2434.3
1404190 2428.3
1404200 2422.3
1404210 2422.3
1404220 2416.7
1404230 2411.7
1404240 2411.7
1404250 2407.3
1404260 2403.3
1404270 2399.6
1404280 2399.6
1404290 2397.0
1404300 2395.5
1404310 2395.5
1404320 2394.7
1404330 2394.4
1404340 2394.4
1404350 2394.8
1404360 2395.3
1404370 2395.3
1404380 2392.1
1404390 2385.5
1404400 2385.5
1404410 2376.3
1404420 2365.9
1404430 2365.9
1404440 2357.8
1404450 2349.2
1404460 2349.2
1404470 2340.3
1404480 2333.4
1404490 2326.1
1404500 2326.1
1404510 2316.5
1404520 2306.4
1404530 2306.4
1404540 2299.4
1404550 2289.7
1404560 2289.7
1404570 2282.1
1404580 2275.0
1404590 2275.0
1404600 2265.1
1404610 2256.7
1404620 2256.7
1404630 2248.5
1404640 2238.0
1404650 2238.0
1404660 2228.4
1404670 2216.1
1404680 2216.1
1404690 2202.2
1404700 2188.3
1404710 2177.3
1404720 2177.3
1404730 2166.1
1404740 2148.5
1404750 2148.5
1404760 2124.2
1404770 2108.0
1404780 2108.0
1404790 2094.4
1404800 2082.3
1404810 2082.3
1404820 2071.1
1404830 2059.0
1404840 2059.0
1404850 2045.3
1404860 2032.0
1404870 2032.0
1404880 2021.4
1404890 2009.9
1404900 2009.9
1404910 1996.8
1404920 1988.6
1404930 1981.5
1404940 1981.5
1404950 1974.6
1404960 1967.9
1404970 1967.9
1404980 1963.1
1404990 1959.9
1405000 1959.9
1405010 1957.3
1405020 1956.2
1405030 1956.2
1405040 1954.7
1405050 1954.1
1405060 1954.1
1405070 1955.1
1405080 1956.5
1405090 1956.5
1405100 1958.4
1405110 1960.9
1405120 1960.9
1405130 1964.0
1405140 1967.9
1405150 1972.3
1405160 1972.3
1405170 1977.0
1405180 1982.4
1405190 1982.4
1405200 1987.5
1405210 1992.9
1405220 1992.9
1405230 1998.1
1405240 2003.5
1405250 2003.5
1405260 2009.7
1405270 2016.0
1405280 2016.0
1405290 2021.7
1405300 2027.5
1405310 2027.5
1405320 2033.4
1405330 2039.6
1405340 2039.6
1405350 2045.3
1405360 2050.7
1405370 2057.3
1405380 2057.3
1405390 2062.9
1405400 2068.5
1405410 2068.5
1405420 2074.8
1405430 2081.0
1405440 2081.0
1405450 2087.5
1405460 2094.6
1405470 2094.6
1405480 2101.7
1405490 2109.9
1405500 2109.9
1405510 2116.8
1405520 2123.1
1405530 2123.1
1405540 2132.7
1405550 2142.0
1405560 2142.0
1405570 2150.5
1405580 2157.0
1405590 2164.5
1405600 2164.5
1405610 2172.5
1405620 2187.9
1405630 2187.9
1405640 2198.3
1405650 2206.5
1405660 2206.5
1405670 2211.0
1405680 2216.6
1405690 2216.6
1405700 2220.4
1405710 2220.9
1405720 2220.9
1405730 2223.0
1405740 2226.2
1405750 2226.2
1405760 2233.0
1405770 2243.6
1405780 2243.6
1405790 2263.6
1405800 2281.3
1405810 2292.3
1405820 2292.3
1405830 2301.8
1405840 2310.7
1405850 2310.7
1405860 2322.6
1405870 2333.4
1405880 2333.4
1405890 2340.9
1405900 2351.5
1405910 2351.5
1405920 2366.3
1405930 2376.8
1405940 2376.8
1405950 2383.4
1405960 2388.7
1405970 2388.7
1405980 2393.9
1405990 2398.6
1406000 2398.6
1406010 2402.5
1406020 2406.8
1406030 2411.0
1406040 2411.0
1406050 2414.8
1406060 2418.0
1406070 2418.0
1406080 2421.1
1406090 2424.4
1406100 2424.4
1406110 2428.1
1406120 2432.4
1406130 2432.4
1406140 2436.0
1406150 2440.8
1406160 2440.8
1406170 2446.0
1406180 2450.4
1406190 2450.4
1406200 2457.2
1406210 2465.2
1406220 2465.2
1406230 2470.5
1406240 2474.4
1406250 2478.6
1406260 2478.6
1406270 2482.8
1406280 2488.0
1406290 2488.0
1406300 2495.0
1406310 2503.7
1406320 2503.7
1406330 2511.1
1406340 2516.2
1406350 2516.2
1406360 2520.5
1406370 2524.4
1406380 2524.4
1406390 2528.4
1406400 2532.3
1406410 2532.3
1406420 2536.3
1406430 2540.8
1406440 2540.8
1406450 2545.5
1406460 2550.0
1406470 2554.5
1406480 2554.5
1406490 2559.4
1406500 2564.6
1406510 2564.6
1406520 2569.5
1406530 2574.7
1406540 2574.7
1406550 2580.1
1406560 2585.9
1406570 2585.9
1406580 2592.1
1406590 2598.6
1406600 2598.6
1406610 2605.5
1406620 2612.7
1406630 2612.7
1406640 2618.0
1406650 2620.5
1406660 2620.5
1406670 2621.6
1406680 2622.4
1406690 2623.7
1406700 2623.7
1406710 2625.8
1406720 2627.9
1406730 2627.9
1406740 2629.9
1406750 2632.1
1406760 2632.1
1406770 2634.4
1406780 2636.9
1406790 2636.9
1406800 2639.6
1406810 2642.6
1406820 2642.6
1406830 2645.7
1406840 2648.8
1406850 2648.8
1406860 2652.0
1406870 2655.5
1406880 2655.5
1406890 2659.1
1406900 2662.9
1406910 2666.9
1406920 2666.9
1406930 2671.4
1406940 2676.4
1406950 2676.4
1406960 2682.0
1406970 2688.1
1406980 2688.1
1406990 2695.8
1407000 2712.0
1407010 2712.0
1407020 2731.7
1407030 2752.6
1407040 2752.6
1407050 2778.7
1407060 2799.7
1407070 2799.7
1407080 2815.4
1407090 2835.0
1407100 2835.0
1407110 2847.4
1407120 2860.4
1407130 2864.0
1407140 2864.0
1407150 2866.5
1407160 2869.9
1407170 2869.9
1407180 2874.9
1407190 2879.6
1407200 2879.6
1407210 2884.2
1407220 2888.1
1407230 2888.1
1407240 2888.1
1407250 2881.2
1407260 2881.2
1407270 2869.3
1407280 2858.2
1407290 2851.3
1407300 2835.1
1407310 2820.9
1407320 2820.9
1407330 2815.0
1407340 2812.6
1407350 2810.0
1407360 2810.0
1407370 2806.9
1407380 2804.9
1407390 2804.9
1407400 2805.7
1407410 2809.4
1407420 2809.4
1407430 2813.4
1407440 2817.6
1407450 2817.6
1407460 2822.0
1407470 2825.8
1407480 2825.8
1407490 2828.8
1407500 2831.3
1407510 2831.3
1407520 2833.4
1407530 2835.9
1407540 2835.9
1407550 2838.9
1407560 2842.2
1407570 2845.7
1407580 2845.7
1407590 2849.3
1407600 2852.5
1407610 2852.5
1407620 2854.7
1407630 2856.6
1407640 2856.6
1407650 2858.7
1407660 2861.7
1407670 2861.7
1407680 2865.5
1407690 2869.7
1407700 2869.7
1407710 2874.1
1407720 2878.6
1407730 2878.6
1407740 2883.2
1407750 2887.5
1407760 2887.5
1407770 2891.9
1407780 2896.5
1407790 2900.5
1407800 2900.5
1407810 2903.2
1407820 2906.1
1407830 2906.1
1407840 2909.3
1407850 2911.2
1407860 2911.2
1407870 2912.6
1407880 2913.7
1407890 2913.7
1407900 2914.9
1407910 2916.9
1407920 2916.9
1407930 2920.0
1407940 2924.0
1407950 2924.0
1407960 2928.1
1407970 2932.3
1407980 2932.3
1407990 2936.5
1408000 2940.6
1408010 2944.2
1408020 2944.2
1408030 2947.7
1408040 2951.1
1408050 2951.1
1408060 2955.7
1408070 2966.2
1408080 2966.2
1408090 2994.7
1408100 3026.2
1408110 3026.2
1408120 3047.3
1408130 3074.7
1408140 3074.7
1408150 3105.3
1408160 3122.9
1408170 3122.9
1408180 3131.3
1408190 3137.0
1408200 3137.0
1408210 3144.3
1408220 3151.9
1408230 3166.2
1408240 3166.2
1408250 3184.7
1408260 3201.5
1408270 3201.5
1408280 3215.5
1408290 3225.3
1408300 3225.3
1408310 3233.2
1408320 3241.2
1408330 3241.2
1408340 3248.2
1408350 3253.7
1408360 3253.7
1408370 3257.5
1408380 3260.2
1408390 3260.2
1408400 3262.0
1408410 3263.2
1408420 3263.2
1408430 3264.0
1408440 3264.5
1408450 3265.0
1408460 3265.0
1408470 3265.8
1408480 3266.9
1408490 3266.9
1408500 3268.4
1408510 3270.3
1408520 3270.3
1408530 3272.5
1408540 3275.0
1408550 3275.0
1408560 3277.8
1408570 3280.6
1408580 3280.6
1408590 3283.4
1408600 3286.2
1408610 3286.2
1408620 3289.1
1408630 3291.9
1408640 3291.9
1408650 3294.7
1408660 3297.6
1408670 3301.0
1408680 3301.0
1408690 3302.4
1408700 3306.6
1408710 3306.6
1408720 3310.2
1408730 3313.1
1408740 3313.1
1408750 3316.0
1408760 3319.0
1408770 3319.0
1408780 3322.0
1408790 3325.2
1408800 3325.2
1408810 3329.6
1408820 3336.1
1408830 3336.1
1408840 3343.8
1408850 3350.7
1408860 3350.7
1408870 3357.2
1408880 3363.4
1408890 3363.4
1408900 3368.9
1408910 3373.5
1408920 3377.4
1408930 3377.4
1408940 3380.4
1408950 3377.6
1408960 3377.6
1408970 3380.4
1408980 3383.2
1408990 3383.2
1409000 3386.2
1409010 3390.1
1409020 3390.1
1409030 3394.7
1409040 3401.5
1409050 3401.5
1409060 3406.2
1409070 3397.1
1409080 3397.1
1409090 3387.9
1409100 3380.6
1409110 3380.6
1409120 3372.1
1409130 3366.8
1409140 3364.2
1409150 3364.2
1409160 3363.2
1409170 3362.7
1409180 3362.7
1409190 3362.5
1409200 3362.4
1409210 3362.4
1409220 3362.2
1409230 3361.4
1409240 3361.4
1409250 3359.8
1409260 3356.8
1409270 3356.8
1409280 3353.0
1409290 3348.7
1409300 3348.7
1409310 3344.1
1409320 3339.1
1409330 3339.1
1409340 3333.8
1409350 3328.1
1409360 3322.0
1409370 3322.0
1409380 3315.6
1409390 3309.0
1409400 3309.0
1409410 3302.0
1409420 3295.0
1409430 3295.0
1409440 3289.0
1409450 3283.8
1409460 3283.8
1409470 3279.2
1409480 3274.6
1409490 3274.6
1409500 3269.7
1409510 3265.0
1409520 3265.0
1409530 3260.8
1409540 3257.5
1409550 3257.5
1409560 3256.0
1409570 3255.0
1409580 3252.6
1409590 3252.6
1409600 3249.5
1409610 3245.1
1409620 3245.1
1409630 3240.1
1409640 3235.2
1409650 3235.2
1409660 3230.1
1409670 3224.8
1409680 3224.8
1409690 3219.3
1409700 3213.1
1409710 3213.1
1409720 3206.1
1409730 3199.3
1409740 3199.3
1409750 3192.6
1409760 3186.5
1409770 3186.5
1409780 3181.3
1409790 3178.3
1409800 3175.8
1409810 3175.8
1409820 3174.1
1409830 3173.1
1409840 3173.1
1409850 3172.2
1409860 3171.3
1409870 3171.3
1409880 3170.4
1409890 3169.6
1409900 3169.6
1409910 3168.6
1409920 3167.9
1409930 3167.9
1409940 3166.5
1409950 3165.0
1409960 3165.0
1409970 3163.3
1409980 3161.7
1409990 3161.7
1410000 3159.9
1410010 3157.9
1410020 3155.7
1410030 3155.7
1410040 3153.4
1410050 3151.0
1410060 3151.0
1410070 3148.5
1410080 3146.0
1410090 3146.0
1410100 3143.7
1410110 3141.5
1410120 3141.5
1410130 3139.3
1410140 3137.1
1410150 3137.1
1410160 3134.8
1410170 3132.4
1410180 3132.4
1410190 3130.0
1410200 3127.5
1410210 3127.5
1410220 3125.0
1410230 3122.5
1410240 3120.0
1410250 3120.0
1410260 3117.6
1410270 3115.2
1410280 3115.2
1410290 3112.8
1410300 3110.4
1410310 3110.4
1410320 3108.1
1410330 3105.7
1410340 3105.7
1410350 3103.4
1410360 3101.2
1410370 3101.2
1410380 3098.9
1410390 3096.7
1410400 3096.7
1410410 3094.5
1410420 3092.4
1410430 3092.4
1410440 3090.3
1410450 3088.3
1410460 3086.4
1410470 3086.4
1410480 3084.5
1410490 3082.8
1410500 3082.8
1410510 3081.0
1410520 3079.3
1410530 3079.3
1410540 3077.6
1410550 3076.0
1410560 3076.0
1410570 3074.5
1410580 3072.9
1410590 3072.9
1410600 3071.3
1410610 3069.8
1410620 3069.8
1410630 3068.4
1410640 3067.8
1410650 3067.8
1410660 3066.3
1410670 3064.8
1410680 3063.4
1410690 3063.4
1410700 3062.1
1410710 3060.8
1410720 3060.8
1410730 3059.5
1410740 3058.2
1410750 3058.2
1410760 3056.9
1410770 3055.7
1410780 3055.7
1410790 3054.5
1410800 3053.4
1410810 3053.4
1410820 3052.2
1410830 3051.1
1410840 3051.1
1410850 3050.0
1410860 3049.0
1410870 3049.0
1410880 3047.9
1410890 3046.9
1410900 3046.0
1410910 3046.0
1410920 3045.0
1410930 3044.1
1410940 3044.1
1410950 3043.1
1410960 3042.1
1410970 3042.1
1410980 3041.2
1410990 3040.2
1411000 3040.2
1411010 3039.3
1411020 3038.4
1411030 3038.4
1411040 3037.3
1411050 3036.4
1411060 3036.4
1411070 3035.3
1411080 3034.3
1411090 3034.3
1411100 3033.3
1411110 3032.2
1411120 3031.2
1411130 3031.2
1411140 3030.1
1411150 3029.0
1411160 3029.0
1411170 3027.9
1411180 3026.7
1411190 3026.7
1411200 3025.6
1411210 3024.4
1411220 3024.4
1411230 3023.2
1411240 3021.9
1411250 3021.9
1411260 3020.7
1411270 3019.5
1411280 3019.5
1411290 3018.3
1411300 3017.1
1411310 3017.1
1411320 3015.8
1411330 3014.6
1411340 3013.4
1411350 3013.4
1411360 3012.2
1411370 3011.0
1411380 3011.0
1411390 3009.8
1411400 3008.6
1411410 3008.6
1411420 3007.5
1411430 3006.3
1411440 3006.3
1411450 3005.2
1411460 3004.1
1411470 3004.1
1411480 3003.0
1411490 3002.0
1411500 3002.0
1411510 3001.0
1411520 3000.0
1411530 3000.0
1411540 2999.0
1411550 2998.0
1411560 2997.1
1411570 2997.1
1411580 2996.2
1411590 2995.3
1411600 2995.3
1411610 2994.4
1411620 2993.5
1411630 2993.5
1411640 2992.6
1411650 2991.7
1411660 2991.7
1411670 2990.9
1411680 2990.0
1411690 2990.0
1411700 2989.2
1411710 2988.3
1411720 2988.3
1411730 2987.5
1411740 2986.7
1411750 2986.7
1411760 2985.9
1411770 2985.1
1411780 2984.4
1411790 2984.4
1411800 2983.7
1411810 2982.9
1411820 2982.9
1411830 2982.2
1411840 2981.5
1411850 2981.5
1411860 2980.9
1411870 2980.3
1411880 2980.3
1411890 2979.6
1411900 2979.0
1411910 2979.0
1411920 2978.4
1411930 2977.8
1411940 2977.8
1411950 2977.2
1411960 2976.6
1411970 2976.6
1411980 2976.0
1411990 2975.3
1412000 2974.5
1412010 2974.5
1412020 2973.7
1412030 2972.8
1412040 2972.8
1412050 2971.8
1412060 2970.7
1412070 2970.7
1412080 2969.4
1412090 2968.1
1412100 2968.1
1412110 2966.7
1412120 2965.2
1412130 2965.2
1412140 2963.5
1412150 2961.6
1412160 2961.6
1412170 2959.8
1412180 2957.7
1412190 2957.7
1412200 2955.5
1412210 2953.3
1412220 2951.1
1412230 2951.1
1412240 2948.8
1412250 2946.4
1412260 2946.4
1412270 2943.9
1412280 2941.4
1412290 2941.4
1412300 2938.7
1412310 2935.9
1412320 2935.9
1412330 2933.1
1412340 2930.3
1412350 2930.3
1412360 2927.4
1412370 2924.4
1412380 2923.7
1412390 2920.5
1412400 2917.6
1412410 2917.6
1412420 2914.3
1412430 2910.9
1412440 2907.5
1412450 2907.5
1412460 2904.0
1412470 2900.5
1412480 2900.5
1412490 2897.3
1412500 2895.6
1412510 2895.6
1412520 2892.6
1412530 2885.8
1412540 2885.8
1412550 2878.4
1412560 2872.0
1412570 2872.0
1412580 2866.1
1412590 2858.6
1412600 2858.6
1412610 2851.8
1412620 2847.3
1412630 2847.3
1412640 2837.7
1412650 2828.8
1412660 2818.7
1412670 2818.7
1412680 2807.6
1412690 2800.4
1412700 2800.4
1412710 2792.6
1412720 2785.7
1412730 2785.7
1412740 2778.7
1412750 2771.8
1412760 2771.8
1412770 2765.2
1412780 2758.1
1412790 2758.1
1412800 2750.7
1412810 2743.4
1412820 2743.4
1412830 2736.7
1412840 2730.0
1412850 2730.0
1412860 2723.7
1412870 2717.7
1412880 2711.1
1412890 2711.1
1412900 2705.4
1412910 2699.6
1412920 2699.6
1412930 2695.2
1412940 2691.2
1412950 2691.2
1412960 2687.0
1412970 2681.8
1412980 2681.8
1412990 2676.6
1413000 2671.6
1413010 2671.6
1413020 2666.8
1413030 2662.4
1413040 2662.4
1413050 2657.3
1413060 2653.1
1413070 2653.1
1413080 2647.7
1413090 2631.5
1413100 2613.0
1413110 2613.0
1413120 2604.6
1413130 2597.3
1413140 2597.3
1413150 2591.1
1413160 2585.8
1413170 2585.8
1413180 2582.4
1413190 2578.4
1413200 2578.4
1413210 2574.4
1413220 2572.5
1413230 2572.5
1413240 2570.4
1413250 2569.3
1413260 2569.3
1413270 2568.6
1413280 2567.7
1413290 2567.7
1413300 2566.4
1413310 2564.8
1413320 2562.7
1413330 2562.7
1413340 2560.1
1413350 2557.4
1413360 2557.4
1413370 2555.0
1413380 2553.0
1413390 2553.0
1413400 2551.7
1413410 2550.9
1413420 2550.9
1413430 2550.1
1413440 2549.1
1413450 2549.1
1413460 2547.8
1413470 2546.2
1413480 2546.2
1413490 2544.5
1413500 2543.0
1413510 2543.0
1413520 2541.3
1413530 2539.5
1413540 2540.0
1413550 2540.0
1413560 2541.0
1413570 2541.3
1413580 2541.3
1413590 2541.9
1413600 2542.7
1413610 2542.7
1413620 2544.1
1413630 2546.8
1413640 2546.8
1413650 2550.5
1413660 2556.2
1413670 2556.2
1413680 2560.5
1413690 2563.2
1413700 2563.2
1413710 2566.2
1413720 2570.3
1413730 2570.3
1413740 2574.3
1413750 2578.3
1413760 2578.3
1413770 2581.9
1413780 2585.6
1413790 2589.8
1413800 2589.8
1413810 2597.0
1413820 2600.8
1413830 2600.8
1413840 2606.9
1413850 2610.4
1413860 2610.4
1413870 2610.8
1413880 2609.2
1413890 2609.2
1413900 2614.0
1413910 2616.1
1413920 2616.1
1413930 2614.6
1413940 2613.3
1413950 2613.3
1413960 2612.4
1413970 2613.1
1413980 2613.1
1413990 2611.5
1414000 2609.4
1414010 2605.0
1414020 2605.0
1414030 2604.3
1414040 2603.5
1414050 2603.5
1414060 2607.4
1414070 2611.6
1414080 2611.6
1414090 2611.5
1414100 2608.4
1414110 2608.4
1414120 2606.0
1414130 2603.2
1414140 2603.2
1414150 2600.8
1414160 2591.6
1414170 2591.6
1414180 2590.4
1414190 2589.4
1414200 2589.4
1414210 2586.9
1414220 2585.6
1414230 2585.4
1414240 2585.4
1414250 2583.1
1414260 2582.9
1414270 2582.9
1414280 2583.6
1414290 2581.9
1414300 2581.9
1414310 2578.9
1414320 2576.4
1414330 2576.4
1414340 2574.6
1414350 2573.6
1414360 2573.6
1414370 2574.7
1414380 2575.6
1414390 2575.6
1414400 2575.2
1414410 2574.2
1414420 2574.2
1414430 2572.3
1414440 2580.0
1414450 2599.7
1414460 2599.7
1414470 2609.1
1414480 2617.8
1414490 2617.8
1414500 2624.7
1414510 2631.7
1414520 2631.7
1414530 2633.8
1414540 2635.1
1414550 2635.1
1414560 2634.5
1414570 2633.4
1414580 2633.4
1414590 2632.6
1414600 2631.9
1414610 2631.9
1414620 2634.5
1414630 2637.5
1414640 2637.5
1414650 2642.7
1414660 2652.4
1414670 2659.4
1414680 2659.4
1414690 2664.8
1414700 2668.6
1414710 2668.6
1414720 2672.7
1414730 2673.8
1414740 2673.8
1414750 2677.3
1414760 2678.7
1414770 2678.7
1414780 2680.4
1414790 2681.5
1414800 2681.5
1414810 2682.5
1414820 2683.6
1414830 2683.6
1414840 2684.3
1414850 2684.6
1414860 2684.6
1414870 2684.0
1414880 2684.1
1414890 2683.9
1414900 2683.9
1414910 2682.9
1414920 2682.5
1414930 2682.5
1414940 2682.6
1414950 2684.4
1414960 2684.4
1414970 2686.8
1414980 2688.0
1414990 2688.0
1415000 2688.7
1415010 2689.8
1415020 2689.8
1415030 2692.6
1415040 2694.8
1415050 2694.8
1415060 2695.8
1415070 2706.4
1415080 2706.4
1415090 2728.5
1415100 2730.5
1415110 2727.9
1415120 2727.9
1415130 2724.3
1415140 2719.8
1415150 2719.8
1415160 2714.3
1415170 2711.9
1415180 2711.9
1415190 2709.3
1415200 2712.9
1415210 2712.9
1415220 2712.2
1415230 2709.8
1415240 2709.8
1415250 2707.4
1415260 2706.5
1415270 2706.5
1415280 2705.8
1415290 2705.6
1415300 2705.6
1415310 2704.4
1415320 2702.8
1415330 2699.3
1415340 2699.3
1415350 2693.7
1415360 2687.9
1415370 2687.9
1415380 2682.0
1415390 2679.0
1415400 2679.0
1415410 2676.3
1415420 2672.8
1415430 2672.8
1415440 2669.4
1415450 2668.0
1415460 2668.0
1415470 2666.2
1415480 2663.9
1415490 2663.9
1415500 2661.5
1415510 2658.0
1415520 2658.0
1415530 2654.4
1415540 2649.7
1415550 2644.9
1415560 2644.9
1415570 2642.3
1415580 2639.6
1415590 2639.6
1415600 2645.7
1415610 2651.0
1415620 2651.0
1415630 2649.1
1415640 2647.2
1415650 2647.2
1415660 2644.7
1415670 2643.6
1415680 2643.6
1415690 2641.6
1415700 2642.8
1415710 2642.8
1415720 2643.0
1415730 2641.5
1415740 2641.5
1415750 2638.4
1415760 2633.6
1415770 2632.6
1415780 2632.6
1415790 2633.0
1415800 2627.9
1415810 2627.9
1415820 2625.5
1415830 2625.6
1415840 2625.6
1415850 2627.6
1415860 2628.2
1415870 2628.2
1415880 2629.9
1415890 2632.1
1415900 2632.1
1415910 2632.2
1415920 2631.2
1415930 2631.2
1415940 2631.6
1415950 2635.3
1415960 2635.3
1415970 2642.1
1415980 2645.2
1415990 2646.2
1416000 2646.2
1416010 2648.8
1416020 2652.0
1416030 2652.0
1416040 2654.1
1416050 2657.0
1416060 2657.0
1416070 2658.9
1416080 2662.7
1416090 2662.7
1416100 2663.9
1416110 2664.2
1416120 2664.2
1416130 2663.6
1416140 2667.2
1416150 2667.2
1416160 2672.0
1416170 2676.4
1416180 2676.4
1416190 2679.5
1416200 2680.3
1416210 2682.0
1416220 2682.0
1416230 2683.8
1416240 2688.9
1416250 2688.9
1416260 2694.2
1416270 2697.2
1416280 2697.2
1416290 2701.1
1416300 2706.9
1416310 2706.9
1416320 2708.1
1416330 2710.4
1416340 2710.4
1416350 2714.4
1416360 2712.6
1416370 2712.6
1416380 2711.3
1416390 2712.8
1416400 2712.8
1416410 2712.4
1416420 2710.5
1416430 2707.7
1416440 2707.7
1416450 2705.0
1416460 2701.4
1416470 2701.4
1416480 2698.5
1416490 2696.3
1416500 2696.3
1416510 2694.5
1416520 2692.9
1416530 2692.9
1416540 2691.5
1416550 2690.4
1416560 2690.4
1416570 2689.4
1416580 2688.7
1416590 2688.7
1416600 2687.9
1416610 2686.9
1416620 2686.9
1416630 2685.9
1416640 2684.7
1416650 2683.4
1416660 2683.4
1416670 2682.3
1416680 2683.7
1416690 2683.7
1416700 2685.3
1416710 2684.7
1416720 2684.7
1416730 2682.2
1416740 2681.0
1416750 2681.0
1416760 2680.7
1416770 2678.7
1416780 2678.7
1416790 2677.0
1416800 2677.4
1416810 2677.4
1416820 2679.1
1416830 2679.5
1416840 2679.5
1416850 2683.2
1416860 2686.7
1416870 2686.5
1416880 2686.5
1416890 2691.7
1416900 2697.1
1416910 2697.1
1416920 2697.7
1416930 2701.6
1416940 2701.6
1416950 2704.5
1416960 2708.3
1416970 2708.3
1416980 2713.9
1416990 2715.3
1417000 2715.3
1417010 2717.3
1417020 2720.2
1417030 2720.2
1417040 2717.8
1417050 2714.1
1417060 2714.1
1417070 2710.2
1417080 2701.4
1417090 2696.4
1417100 2696.4
1417110 2693.1
1417120 2693.4
1417130 2693.4
1417140 2695.0
1417150 2698.6
1417160 2698.6
1417170 2701.7
1417180 2706.6
1417190 2706.6
1417200 2713.5
1417210 2720.4
1417220 2720.4
1417230 2728.0
1417240 2735.2
1417250 2735.2
1417260 2742.6
1417270 2749.7
1417280 2749.7
1417290 2757.9
1417300 2766.0
1417310 2773.5
1417320 2773.5
1417330 2780.9
1417340 2788.4
1417350 2788.4
1417360 2795.6
1417370 2802.1
1417380 2802.1
1417390 2808.4
1417400 2815.1
1417410 2815.1
1417420 2825.2
1417430 2837.6
1417440 2837.6
1417450 2850.9
1417460 2862.2
1417470 2862.2
1417480 2871.0
1417490 2879.8
1417500 2879.8
1417510 2887.7
1417520 2895.0
1417530 2902.2
1417540 2902.2
1417550 2909.3
1417560 2916.5
1417570 2916.5
1417580 2923.8
1417590 2931.1
1417600 2931.1
1417610 2938.9
1417620 2946.6
1417630 2946.6
1417640 2953.8
1417650 2961.1
1417660 2961.1
1417670 2968.4
1417680 2975.9
1417690 2975.9
1417700 2983.6
1417710 2991.4
1417720 2991.4
1417730 2999.1
1417740 3006.9
1417750 3014.9
1417760 3014.9
1417770 3022.9
1417780 3030.6
1417790 3030.6
1417800 3038.6
1417810 3046.4
1417820 3046.4
1417830 3054.3
1417840 3062.3
1417850 3062.3
1417860 3068.8
1417870 3077.6
1417880 3077.6
1417890 3086.4
1417900 3095.0
1417910 3095.0
1417920 3104.4
1417930 3114.7
1417940 3114.7
1417950 3125.5
1417960 3135.4
1417970 3140.9
1417980 3140.9
1417990 3144.6
1418000 3146.8
1418010 3146.8
1418020 3146.9
1418030 3146.4
1418040 3146.4
1418050 3145.5
1418060 3144.4
1418070 3144.4
1418080 3143.9
1418090 3145.8
1418100 3145.8
1418110 3149.7
1418120 3152.5
1418130 3152.5
1418140 3152.4
1418150 3151.9
1418160 3151.9
1418170 3151.6
1418180 3151.4
1418190 3151.1
1418200 3151.1
1418210 3151.0
1418220 3151.3
1418230 3151.3
1418240 3152.1
1418250 3153.2
1418260 3153.2
1418270 3154.5
1418280 3155.9
1418290 3155.9
1418300 3157.2
1418310 3159.2
1418320 3159.2
1418330 3161.0
1418340 3162.4
1418350 3162.4
1418360 3164.7
1418370 3167.4
1418380 3167.4
1418390 3170.1
1418400 3173.0
1418410 3176.3
1418420 3176.3
1418430 3181.2
1418440 3185.3
1418450 3185.3
1418460 3190.7
1418470 3196.1
1418480 3196.1
1418490 3202.0
1418500 3207.2
1418510 3207.2
1418520 3213.3
1418530 3218.7
1418540 3218.7
1418550 3224.8
1418560 3232.3
1418570 3232.3
1418580 3238.3
1418590 3243.1
1418600 3243.1
1418610 3248.1
1418620 3253.4
1418630 3259.0
1418640 3259.0
1418650 3265.0
1418660 3271.4
1418670 3271.4
1418680 3277.9
1418690 3284.9
1418700 3284.9
1418710 3292.8
1418720 3299.6
1418730 3299.6
1418740 3306.0
1418750 3312.0
1418760 3312.0
1418770 3313.0
1418780 3307.4
1418790 3307.4
1418800 3300.9
1418810 3294.9
1418820 3294.9
1418830 3288.8
1418840 3282.6
1418850 3282.6
1418860 3277.0
1418870 3271.1
1418880 3265.8
1418890 3265.8
1418900 3260.9
1418910 3253.2
1418920 3253.2
1418930 3247.2
1418940 3242.8
1418950 3242.8
1418960 3238.2
1418970 3233.1
1418980 3233.1
1418990 3227.8
1419000 3221.2
1419010 3221.2
1419020 3216.3
1419030 3210.8
1419040 3210.8
1419050 3205.4
1419060 3199.6
1419070 3199.6
1419080 3193.6
1419090 3188.4
1419100 3183.7
1419110 3183.7
1419120 3179.3
1419130 3173.8
1419140 3173.8
1419150 3169.9
1419160 3166.5
1419170 3166.5
1419180 3163.4
1419190 3160.8
1419200 3160.8
1419210 3158.2
1419220 3155.9
1419230 3155.9
1419240 3154.7
1419250 3153.9
1419260 3153.9
1419270 3153.8
1419280 3154.0
1419290 3154.0
1419300 3154.3
1419310 3154.9
1419320 3155.9
1419330 3155.9
1419340 3156.1
1419350 3156.3
1419360 3156.3
1419370 3157.0
1419380 3157.7
1419390 3157.7
1419400 3158.4
1419410 3156.8
1419420 3156.8
1419430 3153.3
1419440 3149.5
1419450 3149.5
1419460 3145.4
1419470 3141.4
1419480 3141.4
1419490 3137.7
1419500 3134.4
1419510 3134.4
1419520 3131.8
1419530 3129.3
1419540 3126.1
1419550 3126.1
1419560 3122.6
1419570 3119.5
1419580 3119.5
1419590 3117.6
1419600 3116.2
1419610 3116.2
1419620 3113.8
1419630 3110.8
1419640 3110.8
1419650 3107.4
1419660 3102.9
1419670 3102.9
1419680 3098.1
1419690 3094.5
1419700 3094.5
1419710 3092.0
1419720 3088.8
1419730 3088.8
1419740 3085.9
1419750 3083.7
1419760 3082.0
1419770 3082.0
1419780 3082.0
1419790 3082.6
1419800 3092.2
1419810 3093.7
1419820 3096.7
1419830 3096.7
1419840 3099.8
1419850 3102.2
1419860 3102.2
1419870 3105.9
1419880 3108.7
1419890 3108.7
1419900 3110.2
1419910 3112.5
1419920 3112.5
1419930 3115.0
1419940 3119.2
1419950 3119.2
1419960 3124.9
1419970 3130.6
1419980 3136.5
1419990 3136.5
