1400000 2463.7
1400010 2470.5
1400020 2470.5
1400030 2475.2
1400040 2477.6
1400050 2479.8
1400060 2479.8
1400070 2482.6
1400080 2485.1
1400090 2485.1
1400100 2487.4
1400110 2488.5
1400120 2488.5
1400130 2489.4
1400140 2491.4
1400150 2491.4
1400160 2492.8
1400170 2494.7
1400180 2494.7
1400190 2495.8
1400200 2497.0
1400210 2497.0
1400220 2498.2
1400230 2499.7
1400240 2499.7
1400250 2501.0
1400260 2501.9
1400270 2502.0
1400280 2502.0
1400290 2503.2
1400300 2504.7
1400310 2504.7
1400320 2506.1
1400330 2506.2
1400340 2506.2
1400350 2506.6
1400360 2507.4
1400370 2507.4
1400380 2509.0
1400390 2510.7
1400400 2510.7
1400410 2511.6
1400420 2512.7
1400430 2512.7
1400440 2515.3
1400450 2520.0
1400460 2520.0
1400470 2523.9
1400480 2523.7
1400490 2524.7
1400500 2524.7
1400510 2524.9
1400520 2525.4
1400530 2525.4
1400540 2525.8
1400550 2526.1
1400560 2526.1
1400570 2527.3
1400580 2527.9
1400590 2527.9
1400600 2528.7
1400610 2529.0
1400620 2529.0
1400630 2530.5
1400640 2532.6
1400650 2532.6
1400660 2534.3
1400670 2539.0
1400680 2539.0
1400690 2538.1
1400700 2538.2
1400710 2538.7
1400720 2538.7
1400730 2538.5
1400740 2539.6
1400750 2539.6
1400760 2540.7
1400770 2542.1
1400780 2542.1
1400790 2543.5
1400800 2545.4
1400810 2545.4
1400820 2548.1
1400830 2550.1
1400840 2550.1
1400850 2551.1
1400860 2553.2
1400870 2553.2
1400880 2555.8
1400890 2560.9
1400900 2560.9
1400910 2564.4
1400920 2566.5
1400930 2566.8
1400940 2566.8
1400950 2568.3
1400960 2569.5
1400970 2569.5
1400980 2569.2
1400990 2568.7
1401000 2568.7
1401010 2568.3
1401020 2568.9
1401030 2568.9
1401040 2569.1
1401050 2568.0
1401060 2568.0
1401070 2565.4
1401080 2562.8
1401090 2562.8
1401100 2559.1
1401110 2557.8
1401120 2557.8
1401130 2554.9
1401140 2550.6
1401150 2546.5
1401160 2546.5
1401170 2543.6
1401180 2541.9
1401190 2541.9
1401200 2539.3
1401210 2536.5
1401220 2536.5
1401230 2534.4
1401240 2533.5
1401250 2533.5
1401260 2530.5
1401270 2526.9
1401280 2526.9
1401290 2524.4
1401300 2522.5
1401310 2522.5
1401320 2520.0
1401330 2517.0
1401340 2517.0
1401350 2514.9
1401360 2514.1
1401370 2513.2
1401380 2513.2
1401390 2511.5
1401400 2508.7
1401410 2508.7
1401420 2506.9
1401430 2505.4
1401440 2505.4
1401450 2503.5
1401460 2501.5
1401470 2496.9
1401480 2494.5
1401490 2492.7
1401500 2492.7
1401510 2492.5
1401520 2492.5
1401530 2492.5
1401540 2493.0
1401550 2493.5
1401560 2493.5
1401570 2493.4
1401580 2493.7
1401590 2494.7
1401600 2494.7
1401610 2495.6
1401620 2497.0
1401630 2497.0
1401640 2499.0
1401650 2500.8
1401660 2500.8
1401670 2503.2
1401680 2510.6
1401690 2510.6
1401700 2514.3
1401710 2515.1
1401720 2515.1
1401730 2515.2
1401740 2518.2
1401750 2518.2
1401760 2522.5
1401770 2524.2
1401780 2524.2
1401790 2524.6
1401800 2528.6
1401810 2534.6
1401820 2534.6
1401830 2539.5
1401840 2545.8
1401850 2545.8
1401860 2548.5
1401870 2550.3
1401880 2550.3
1401890 2552.2
1401900 2555.7
1401910 2555.7
1401920 2560.1
1401930 2566.9
1401940 2566.9
1401950 2571.2
1401960 2576.7
1401970 2576.7
1401980 2579.4
1401990 2580.9
1402000 2580.9
1402010 2585.9
1402020 2590.0
1402030 2593.7
1402040 2593.7
1402050 2598.3
1402060 2603.5
1402070 2603.5
1402080 2607.9
1402090 2612.3
1402100 2612.3
1402110 2615.9
1402120 2619.7
1402130 2619.7
1402140 2624.2
1402150 2628.2
1402160 2628.2
1402170 2630.7
1402180 2633.1
1402190 2633.1
1402200 2636.8
1402210 2641.5
1402220 2641.5
1402230 2645.3
1402240 2647.7
1402250 2647.7
1402260 2648.7
1402270 2650.3
1402280 2653.3
1402290 2653.3
1402300 2657.4
1402310 2659.2
1402320 2659.2
1402330 2661.8
1402340 2663.7
1402350 2663.7
1402360 2666.5
1402370 2669.1
1402380 2669.1
1402390 2671.1
1402400 2672.8
1402410 2672.8
1402420 2675.6
1402430 2677.2
1402440 2677.2
1402450 2679.7
1402460 2683.0
1402470 2683.0
1402480 2686.4
1402490 2690.0
1402500 2694.4
1402510 2694.4
1402520 2701.3
1402530 2706.5
1402540 2706.5
1402550 2709.9
1402560 2713.0
1402570 2713.0
1402580 2716.1
1402590 2719.7
1402600 2719.7
1402610 2723.6
1402620 2727.5
1402630 2727.5
1402640 2731.1
1402650 2734.6
1402660 2734.6
1402670 2737.4
1402680 2739.2
1402690 2739.2
1402700 2742.1
1402710 2744.8
1402720 2746.9
1402730 2746.9
1402740 2749.5
1402750 2752.1
1402760 2752.1
1402770 2754.0
1402780 2755.8
1402790 2755.8
1402800 2757.5
1402810 2759.1
1402820 2759.1
1402830 2760.5
1402840 2761.7
1402850 2761.7
1402860 2762.6
1402870 2763.2
1402880 2763.2
1402890 2764.2
1402900 2766.0
1402910 2766.0
1402920 2768.3
1402930 2771.9
1402940 2777.8
1402950 2777.8
1402960 2784.1
1402970 2790.8
1402980 2790.8
1402990 2795.8
1403000 2798.5
1403010 2798.5
1403020 2803.2
1403030 2807.5
1403040 2807.5
1403050 2812.0
1403060 2816.0
1403070 2816.0
1403080 2820.0
1403090 2824.1
1403100 2824.1
1403110 2828.6
1403120 2835.8
1403130 2835.8
1403140 2843.7
1403150 2850.8
1403160 2845.1
1403170 2845.1
1403180 2831.5
1403190 2821.0
1403200 2821.0
1403210 2811.8
1403220 2801.4
1403230 2801.4
1403240 2794.0
1403250 2787.6
1403260 2787.6
1403270 2780.6
1403280 2773.6
1403290 2773.6
1403300 2767.4
1403310 2760.4
1403320 2760.4
1403330 2753.2
1403340 2746.5
1403350 2746.5
1403360 2740.1
1403370 2734.4
1403380 2728.5
1403390 2728.5
1403400 2722.7
1403410 2717.5
1403420 2717.5
1403430 2713.4
1403440 2708.8
1403450 2708.8
1403460 2704.4
1403470 2700.6
1403480 2700.6
1403490 2697.8
1403500 2695.5
1403510 2695.5
1403520 2692.5
1403530 2690.0
1403540 2690.0
1403550 2690.8
1403560 2690.7
1403570 2690.7
1403580 2688.0
1403590 2684.3
1403600 2680.5
1403610 2680.5
1403620 2676.6
1403630 2673.5
1403640 2673.5
1403650 2670.8
1403660 2665.3
1403670 2665.3
1403680 2659.9
1403690 2653.9
1403700 2653.9
1403710 2644.3
1403720 2633.6
1403730 2633.6
1403740 2620.0
1403750 2603.4
1403760 2603.4
1403770 2588.8
1403780 2577.0
1403790 2577.0
1403800 2567.8
1403810 2558.0
1403820 2544.9
1403830 2544.9
1403840 2521.7
1403850 2505.8
1403860 2505.8
1403870 2497.9
1403880 2490.6
1403890 2490.6
1403900 2483.0
1403910 2477.4
1403920 2477.4
1403930 2474.5
1403940 2470.6
1403950 2470.6
1403960 2464.7
1403970 2457.6
1403980 2457.6
1403990 2452.5
1404000 2447.9
1404010 2447.9
1404020 2442.9
1404030 2435.1
1404040 2427.8
1404050 2427.8
1404060 2415.3
1404070 2406.8
1404080 2406.8
1404090 2389.2
1404100 2374.1
1404110 2374.1
1404120 2366.7
1404130 2360.3
1404140 2360.3
1404150 2354.0
1404160 2350.5
1404170 2350.5
1404180 2346.1
1404190 2342.5
1404200 2342.5
1404210 2339.6
1404220 2337.3
1404230 2337.3
1404240 2334.3
1404250 2330.9
1404260 2327.2
1404270 2327.2
1404280 2324.0
1404290 2320.9
1404300 2320.9
1404310 2317.0
1404320 2313.2
1404330 2313.2
1404340 2309.8
1404350 2306.0
1404360 2306.0
1404370 2301.5
1404380 2296.5
1404390 2296.5
1404400 2290.7
1404410 2283.4
1404420 2283.4
1404430 2278.3
1404440 2272.6
1404450 2272.6
1404460 2259.8
1404470 2228.6
1404480 2198.9
1404490 2198.9
1404500 2188.6
1404510 2180.5
1404520 2180.5
1404530 2172.9
1404540 2166.8
1404550 2166.8
1404560 2160.5
1404570 2149.3
1404580 2149.3
1404590 2140.5
1404600 2135.4
1404610 2135.4
1404620 2130.0
1404630 2123.6
1404640 2123.6
1404650 2117.7
1404660 2112.7
1404670 2112.7
1404680 2106.6
1404690 2099.7
1404700 2099.7
1404710 2094.0
1404720 2089.0
1404730 2084.6
1404740 2084.6
1404750 2080.5
1404760 2076.7
1404770 2076.7
1404780 2072.9
1404790 2068.7
1404800 2068.7
1404810 2064.9
1404820 2061.8
1404830 2061.8
1404840 2058.5
1404850 2054.5
1404860 2054.5
1404870 2050.9
1404880 2048.1
1404890 2048.1
1404900 2046.1
1404910 2045.2
1404920 2045.2
1404930 2044.0
1404940 2043.8
1404950 2045.7
1404960 2045.7
1404970 2048.9
1404980 2052.5
1404990 2052.5
1405000 2057.4
1405010 2064.2
1405020 2064.2
1405030 2071.0
1405040 2076.3
1405050 2076.3
1405060 2081.5
1405070 2086.9
1405080 2086.9
1405090 2094.2
1405100 2103.8
1405110 2103.8
1405120 2113.0
1405130 2120.3
1405140 2120.3
1405150 2123.1
1405160 2125.8
1405170 2129.2
1405180 2129.2
1405190 2131.4
1405200 2133.2
1405210 2133.2
1405220 2135.6
1405230 2139.1
1405240 2139.1
1405250 2143.3
1405260 2148.4
1405270 2148.4
1405280 2153.3
1405290 2158.7
1405300 2158.7
1405310 2165.0
1405320 2170.9
1405330 2170.9
1405340 2177.1
1405350 2183.5
1405360 2183.5
1405370 2189.6
1405380 2195.7
1405390 2201.9
1405400 2201.9
1405410 2208.3
1405420 2215.1
1405430 2215.1
1405440 2222.1
1405450 2228.8
1405460 2228.8
1405470 2235.9
1405480 2243.0
1405490 2243.0
1405500 2250.0
1405510 2257.1
1405520 2257.1
1405530 2264.4
1405540 2271.5
1405550 2271.5
1405560 2279.1
1405570 2286.9
1405580 2286.9
1405590 2294.1
1405600 2300.4
1405610 2305.2
1405620 2305.2
1405630 2309.4
1405640 2315.2
1405650 2315.2
1405660 2323.8
1405670 2333.4
1405680 2333.4
1405690 2342.8
1405700 2352.0
1405710 2352.0
1405720 2360.8
1405730 2370.8
1405740 2370.8
1405750 2383.5
1405760 2393.5
1405770 2393.5
1405780 2401.7
1405790 2409.2
1405800 2409.2
1405810 2416.8
1405820 2424.2
1405830 2431.0
1405840 2431.0
1405850 2438.0
1405860 2445.4
1405870 2445.4
1405880 2453.0
1405890 2460.7
1405900 2460.7
1405910 2468.5
1405920 2478.3
1405930 2478.3
1405940 2485.3
1405950 2490.0
1405960 2490.0
1405970 2496.2
1405980 2499.5
1405990 2499.5
1406000 2501.7
1406010 2502.9
1406020 2502.9
1406030 2505.8
1406040 2509.5
1406050 2513.9
1406060 2513.9
1406070 2519.1
1406080 2522.1
1406090 2522.1
1406100 2523.7
1406110 2524.5
1406120 2524.5
1406130 2526.4
1406140 2528.8
1406150 2528.8
1406160 2531.5
1406170 2534.8
1406180 2534.8
1406190 2538.3
1406200 2543.2
1406210 2543.2
1406220 2548.3
1406230 2552.0
1406240 2552.0
1406250 2555.7
1406260 2559.7
1406270 2563.5
1406280 2563.5
1406290 2567.2
1406300 2571.4
1406310 2571.4
1406320 2575.8
1406330 2580.8
1406340 2580.8
1406350 2586.6
1406360 2592.5
1406370 2592.5
1406380 2598.0
1406390 2603.3
1406400 2603.3
1406410 2608.5
1406420 2613.7
1406430 2613.7
1406440 2619.0
1406450 2624.6
1406460 2624.6
1406470 2631.7
1406480 2641.1
1406490 2648.2
1406500 2648.2
1406510 2654.9
1406520 2662.6
1406530 2662.6
1406540 2670.1
1406550 2676.6
1406560 2676.6
1406570 2682.3
1406580 2687.8
1406590 2687.8
1406600 2693.6
1406610 2699.1
1406620 2699.1
1406630 2704.7
1406640 2710.5
1406650 2710.5
1406660 2716.4
1406670 2722.2
1406680 2722.2
1406690 2728.4
1406700 2734.9
1406710 2741.1
1406720 2741.1
1406730 2747.1
1406740 2753.0
1406750 2753.0
1406760 2758.7
1406770 2764.1
1406780 2764.1
1406790 2771.8
1406800 2781.9
1406810 2781.9
1406820 2794.4
1406830 2807.8
1406840 2807.8
1406850 2822.1
1406860 2832.0
1406870 2832.0
1406880 2843.0
1406890 2855.5
1406900 2855.5
1406910 2866.1
1406920 2877.2
1406930 2887.7
1406940 2887.7
1406950 2899.8
1406960 2909.3
1406970 2909.3
1406980 2910.4
1406990 2899.2
1407000 2899.2
1407010 2890.8
1407020 2898.4
1407030 2898.4
1407040 2915.2
1407050 2926.6
1407060 2926.6
1407070 2935.0
1407080 2945.0
1407090 2945.0
1407100 2952.6
1407110 2958.7
1407120 2958.7
1407130 2963.6
1407140 2967.4
1407150 2970.3
1407160 2970.3
1407170 2972.4
1407180 2974.3
1407190 2974.3
1407200 2976.3
1407210 2978.5
1407220 2978.5
1407230 2981.1
1407240 2983.3
1407250 2983.3
1407260 2983.7
1407270 2975.9
1407280 2975.9
1407290 2955.8
1407300 2927.9
1407310 2927.9
1407320 2915.3
1407330 2904.9
1407340 2904.9
1407350 2891.6
1407360 2875.0
1407370 2875.0
1407380 2864.0
1407390 2857.2
1407400 2857.8
1407410 2857.8
1407420 2862.7
1407430 2866.4
1407440 2866.4
1407450 2857.6
1407460 2847.9
1407470 2847.9
1407480 2838.7
1407490 2828.2
1407500 2828.2
1407510 2818.2
1407520 2809.5
1407530 2809.5
1407540 2807.1
1407550 2805.1
1407560 2805.1
1407570 2806.8
1407580 2812.4
1407590 2812.4
1407600 2822.2
1407610 2834.1
1407620 2841.8
1407630 2841.8
1407640 2835.5
1407650 2827.7
1407660 2827.7
1407670 2819.8
1407680 2811.8
1407690 2811.8
1407700 2803.0
1407710 2792.6
1407720 2792.6
1407730 2781.5
1407740 2773.1
1407750 2773.1
1407760 2763.4
1407770 2750.3
1407780 2750.3
1407790 2737.5
1407800 2716.9
1407810 2745.4
1407820 2729.2
1407830 2709.7
1407840 2697.2
1407850 2697.2
1407860 2694.5
1407870 2693.6
1407880 2693.6
1407890 2687.0
1407900 2669.0
1407910 2669.0
1407920 2659.7
1407930 2653.1
1407940 2653.1
1407950 2647.8
1407960 2643.5
1407970 2643.5
1407980 2640.3
1407990 2637.9
1408000 2637.9
1408010 2636.1
1408020 2635.7
1408030 2635.7
1408040 2635.4
1408050 2634.7
1408060 2634.1
1408070 2634.1
1408080 2633.4
1408090 2631.9
1408100 2631.9
1408110 2631.4
1408120 2631.7
1408130 2631.7
1408140 2631.6
1408150 2633.3
1408160 2633.3
1408170 2634.0
1408180 2635.2
1408190 2635.2
1408200 2635.6
1408210 2633.5
1408220 2633.5
1408230 2631.6
1408240 2632.3
1408250 2632.3
1408260 2631.9
1408270 2629.9
1408280 2628.1
1408290 2628.1
1408300 2626.8
1408310 2625.4
1408320 2625.4
1408330 2624.6
1408340 2623.9
1408350 2623.9
1408360 2623.7
1408370 2624.6
1408380 2624.6
1408390 2625.7
1408400 2627.5
1408410 2627.5
1408420 2631.7
1408430 2637.7
1408440 2637.7
1408450 2643.4
1408460 2648.4
1408470 2648.4
1408480 2650.3
1408490 2652.8
1408500 2655.8
1408510 2655.8
1408520 2660.0
1408530 2664.6
1408540 2664.6
1408550 2668.9
1408560 2673.3
1408570 2673.3
1408580 2678.9
1408590 2683.9
1408600 2683.9
1408610 2685.9
1408620 2691.6
1408630 2691.6
1408640 2696.7
1408650 2700.9
1408660 2700.9
1408670 2706.8
1408680 2710.4
1408690 2710.4
1408700 2716.1
1408710 2719.0
1408720 2723.3
1408730 2723.3
1408740 2728.9
1408750 2731.6
1408760 2731.6
1408770 2735.1
1408780 2738.9
1408790 2738.9
1408800 2742.1
1408810 2746.5
1408820 2746.5
1408830 2748.0
1408840 2750.3
1408850 2750.3
1408860 2756.9
1408870 2758.5
1408880 2758.5
1408890 2760.2
1408900 2760.8
1408910 2760.8
1408920 2761.1
1408930 2762.0
1408940 2763.3
1408950 2763.3
1408960 2765.0
1408970 2766.5
1408980 2766.5
1408990 2767.1
1409000 2768.4
1409010 2768.4
1409020 2768.9
1409030 2769.3
1409040 2769.3
1409050 2770.1
1409060 2771.6
1409070 2771.6
1409080 2774.0
1409090 2777.1
1409100 2777.1
1409110 2780.3
1409120 2783.3
1409130 2783.3
1409140 2786.1
1409150 2789.4
1409160 2792.9
1409170 2792.9
1409180 2795.6
1409190 2798.1
1409200 2798.1
1409210 2800.1
1409220 2802.0
1409230 2802.0
1409240 2804.2
1409250 2806.2
1409260 2806.2
1409270 2808.7
1409280 2811.7
1409290 2811.7
1409300 2815.4
1409310 2819.5
1409320 2819.5
1409330 2824.3
1409340 2829.1
1409350 2829.1
1409360 2833.4
1409370 2837.2
1409380 2846.9
1409390 2846.9
1409400 2861.3
1409410 2869.7
1409420 2869.7
1409430 2878.8
1409440 2887.7
1409450 2887.7
1409460 2896.0
1409470 2903.8
1409480 2911.4
1409490 2920.5
1409500 2927.2
1409510 2927.2
1409520 2936.6
1409530 2945.5
1409540 2945.5
1409550 2950.3
1409560 2955.1
1409570 2955.1
1409580 2969.6
1409590 2987.2
1409600 3004.1
1409610 3004.1
1409620 3020.2
1409630 3042.3
1409640 3042.3
1409650 3054.9
1409660 3065.9
1409670 3065.9
1409680 3076.8
1409690 3087.3
1409700 3087.3
1409710 3103.1
1409720 3118.8
1409730 3118.8
1409740 3130.9
1409750 3143.6
1409760 3143.6
1409770 3152.5
1409780 3159.9
1409790 3159.9
1409800 3167.9
1409810 3176.3
1409820 3176.3
1409830 3186.0
1409840 3195.6
1409850 3204.0
1409860 3204.0
1409870 3212.5
1409880 3222.4
1409890 3222.4
1409900 3233.2
1409910 3232.3
1409920 3232.3
1409930 3229.8
1409940 3228.3
1409950 3228.3
1409960 3226.2
1409970 3224.6
1409980 3224.6
1409990 3223.4
1410000 3222.7
1410010 3222.7
1410020 3222.6
1410030 3222.4
1410040 3222.4
1410050 3222.2
1410060 3221.8
1410070 3221.3
1410080 3221.3
1410090 3220.6
1410100 3219.8
1410110 3219.8
1410120 3218.8
1410130 3217.8
1410140 3217.8
1410150 3216.8
1410160 3215.7
1410170 3215.7
1410180 3215.0
1410190 3214.4
1410200 3214.4
1410210 3213.5
1410220 3212.7
1410230 3212.7
1410240 3212.2
1410250 3211.9
1410260 3211.9
1410270 3212.0
1410280 3212.5
1410290 3213.1
1410300 3213.1
1410310 3213.8
1410320 3214.6
1410330 3214.6
1410340 3215.4
1410350 3216.4
1410360 3216.4
1410370 3217.6
1410380 3218.6
1410390 3218.6
1410400 3219.9
1410410 3221.8
1410420 3221.8
1410430 3223.8
1410440 3225.7
1410450 3225.7
1410460 3228.9
1410470 3232.8
1410480 3232.8
1410490 3239.3
1410500 3251.1
1410510 3256.8
1410520 3256.8
1410530 3263.0
1410540 3265.7
1410550 3265.7
1410560 3265.4
1410570 3268.9
1410580 3268.9
1410590 3273.5
1410600 3276.1
1410610 3276.1
1410620 3277.9
1410630 3279.6
1410640 3279.6
1410650 3281.1
1410660 3282.3
1410670 3282.3
1410680 3283.0
1410690 3283.4
1410700 3283.4
1410710 3283.6
1410720 3283.4
1410730 3283.0
1410740 3283.0
1410750 3282.5
1410760 3281.6
1410770 3281.6
1410780 3280.7
1410790 3279.7
1410800 3279.7
1410810 3278.7
1410820 3277.9
1410830 3277.9
1410840 3277.0
1410850 3276.0
1410860 3276.0
1410870 3274.7
1410880 3273.1
1410890 3273.1
1410900 3271.2
1410910 3269.4
1410920 3269.4
1410930 3267.5
1410940 3265.9
1410950 3264.4
1410960 3264.4
1410970 3263.3
1410980 3262.5
1410990 3262.5
1411000 3261.7
1411010 3260.7
1411020 3260.7
1411030 3259.4
1411040 3258.3
1411050 3258.3
1411060 3256.9
1411070 3255.3
1411080 3255.3
1411090 3253.7
1411100 3252.1
1411110 3252.1
1411120 3250.6
1411130 3249.3
1411140 3249.3
1411150 3248.1
1411160 3247.0
1411170 3245.8
1411180 3245.8
1411190 3242.7
1411200 3241.8
1411210 3241.8
1411220 3240.9
1411230 3239.8
1411240 3239.8
1411250 3238.7
1411260 3237.4
1411270 3237.4
1411280 3236.1
1411290 3234.7
1411300 3234.7
1411310 3233.1
1411320 3231.4
1411330 3231.4
1411340 3229.4
1411350 3227.4
1411360 3227.4
1411370 3225.4
1411380 3223.4
1411390 3221.5
1411400 3221.5
1411410 3219.7
1411420 3217.9
1411430 3217.9
1411440 3216.1
1411450 3214.3
1411460 3214.3
1411470 3212.5
1411480 3210.5
1411490 3210.5
1411500 3208.4
1411510 3206.5
1411520 3206.5
1411530 3204.5
1411540 3202.5
1411550 3202.5
1411560 3200.2
1411570 3198.2
1411580 3198.2
1411590 3196.0
1411600 3193.8
1411610 3191.6
1411620 3191.6
1411630 3189.4
1411640 3187.0
1411650 3187.0
1411660 3184.7
1411670 3182.1
1411680 3182.1
1411690 3179.5
1411700 3176.7
1411710 3176.7
1411720 3173.9
1411730 3171.1
1411740 3171.1
1411750 3168.2
1411760 3165.4
1411770 3165.4
1411780 3162.7
1411790 3160.0
1411800 3160.0
1411810 3157.3
1411820 3154.4
1411830 3151.5
1411840 3151.5
1411850 3148.5
1411860 3145.4
1411870 3145.4
1411880 3142.4
1411890 3139.4
1411900 3139.4
1411910 3136.3
1411920 3133.2
1411930 3133.2
1411940 3130.1
1411950 3127.1
1411960 3127.1
1411970 3124.0
1411980 3121.1
1411990 3121.1
1412000 3118.2
1412010 3115.4
1412020 3115.4
1412030 3112.7
1412040 3110.1
1412050 3107.1
1412060 3107.1
1412070 3103.4
1412080 3100.2
1412090 3100.2
1412100 3096.8
1412110 3093.5
1412120 3093.5
1412130 3090.2
1412140 3087.0
1412150 3087.0
1412160 3083.9
1412170 3080.9
1412180 3080.9
1412190 3077.8
1412200 3074.4
1412210 3074.4
1412220 3071.2
1412230 3068.2
1412240 3068.2
1412250 3065.1
1412260 3061.5
1412270 3058.3
1412280 3058.3
1412290 3055.2
1412300 3052.2
1412310 3052.2
1412320 3049.2
1412330 3046.2
1412340 3046.2
1412350 3043.1
1412360 3040.3
1412370 3040.3
1412380 3037.2
1412390 3034.1
1412400 3034.1
1412410 3031.1
1412420 3028.1
1412430 3028.1
1412440 3025.1
1412450 3022.1
1412460 3022.1
1412470 3019.3
1412480 3016.3
1412490 3016.3
1412500 3013.2
1412510 3010.1
1412520 3007.2
1412530 3007.2
1412540 3004.5
1412550 3001.9
1412560 3001.9
1412570 2999.3
1412580 2996.8
1412590 2996.8
1412600 2994.2
1412610 2991.7
1412620 2991.7
1412630 2989.2
1412640 2986.8
1412650 2986.8
1412660 2984.6
1412670 2982.3
1412680 2982.3
1412690 2980.0
1412700 2977.8
1412710 2977.8
1412720 2975.6
1412730 2973.3
1412740 2970.9
1412750 2970.9
1412760 2968.4
1412770 2965.9
1412780 2965.9
1412790 2963.4
1412800 2960.9
1412810 2960.9
1412820 2958.5
1412830 2956.2
1412840 2956.2
1412850 2954.1
1412860 2952.1
1412870 2952.1
1412880 2950.3
1412890 2948.5
1412900 2948.5
1412910 2946.9
1412920 2945.1
1412930 2945.1
1412940 2943.0
1412950 2941.3
1412960 2939.7
1412970 2939.7
1412980 2938.0
1412990 2936.5
1413000 2936.5
1413010 2935.1
1413020 2933.8
1413030 2933.8
1413040 2932.7
1413050 2931.8
1413060 2931.8
1413070 2930.9
1413080 2930.1
1413090 2930.1
1413100 2929.4
1413110 2928.6
1413120 2928.6
1413130 2928.2
1413140 2927.9
1413150 2927.9
1413160 2927.5
1413170 2926.9
1413180 2926.1
1413190 2926.1
1413200 2925.0
1413210 2923.8
1413220 2923.8
1413230 2918.1
1413240 2919.7
1413250 2919.7
1413260 2917.7
1413270 2915.0
1413280 2915.0
1413290 2910.8
1413300 2904.4
1413310 2904.4
1413320 2901.5
1413330 2899.3
1413340 2899.3
1413350 2895.0
1413360 2892.1
1413370 2892.1
1413380 2890.8
1413390 2890.0
1413400 2889.8
1413410 2889.8
1413420 2889.4
1413430 2889.0
1413440 2889.0
1413450 2888.3
1413460 2887.2
1413470 2887.2
1413480 2886.3
1413490 2885.3
1413500 2885.3
1413510 2884.1
1413520 2883.0
1413530 2883.0
1413540 2882.0
1413550 2880.9
1413560 2880.9
1413570 2879.7
1413580 2878.8
1413590 2878.8
1413600 2878.4
1413610 2878.0
1413620 2877.5
1413630 2877.5
1413640 2876.7
1413650 2875.6
1413660 2875.6
1413670 2874.9
1413680 2874.9
1413690 2874.9
1413700 2874.7
1413710 2873.1
1413720 2873.1
1413730 2870.9
1413740 2870.1
1413750 2870.1
1413760 2871.4
1413770 2873.2
1413780 2873.2
1413790 2873.2
1413800 2872.7
1413810 2872.7
1413820 2872.3
1413830 2870.6
1413840 2867.8
1413850 2867.8
1413860 2870.2
1413870 2872.6
1413880 2872.6
1413890 2872.7
1413900 2872.6
1413910 2872.6
1413920 2872.4
1413930 2871.8
1413940 2871.8
1413950 2870.2
1413960 2869.6
1413970 2869.6
1413980 2869.1
1413990 2867.0
1414000 2867.0
1414010 2864.8
1414020 2866.1
1414030 2866.1
1414040 2869.8
1414050 2872.6
1414060 2873.0
1414070 2873.0
1414080 2874.8
1414090 2875.3
1414100 2875.3
1414110 2874.5
1414120 2870.5
1414130 2870.5
1414140 2869.4
1414150 2873.1
1414160 2873.1
1414170 2875.2
1414180 2875.6
1414190 2875.6
1414200 2875.3
1414210 2874.7
1414220 2874.7
1414230 2874.0
1414240 2873.0
1414250 2873.0
1414260 2872.5
1414270 2873.3
1414280 2874.4
1414290 2874.4
1414300 2875.3
1414310 2875.8
1414320 2875.8
1414330 2876.1
1414340 2876.7
1414350 2876.7
1414360 2877.4
1414370 2877.9
1414380 2877.9
1414390 2878.2
1414400 2878.5
1414410 2878.5
1414420 2878.7
1414430 2878.9
1414440 2878.9
1414450 2879.1
1414460 2879.3
1414470 2879.3
1414480 2879.5
1414490 2879.7
1414500 2879.9
1414510 2879.9
1414520 2880.0
1414530 2880.0
1414540 2880.0
1414550 2880.0
1414560 2879.9
1414570 2879.9
1414580 2879.7
1414590 2879.4
1414600 2879.4
1414610 2879.0
1414620 2878.5
1414630 2878.5
1414640 2877.8
1414650 2876.9
1414660 2876.9
1414670 2876.0
1414680 2875.0
1414690 2875.0
1414700 2873.8
1414710 2872.6
1414720 2871.1
1414730 2870.9
1414740 2869.4
1414750 2867.8
1414760 2867.8
1414770 2866.2
1414780 2864.3
1414790 2864.3
1414800 2862.5
1414810 2860.6
1414820 2860.6
1414830 2858.5
1414840 2856.4
1414850 2856.4
1414860 2854.3
1414870 2852.3
1414880 2852.3
1414890 2850.3
1414900 2848.3
1414910 2848.3
1414920 2846.3
1414930 2844.4
1414940 2842.5
1414950 2842.5
1414960 2840.7
1414970 2839.0
1414980 2839.0
1414990 2837.5
1415000 2836.1
1415010 2836.1
1415020 2835.0
1415030 2834.2
1415040 2834.2
1415050 2833.7
1415060 2833.4
1415070 2833.4
1415080 2833.7
1415090 2834.4
1415100 2834.4
1415110 2835.6
1415120 2837.2
1415130 2837.2
1415140 2839.2
1415150 2841.6
1415160 2841.6
1415170 2844.3
1415180 2846.9
1415190 2849.2
1415200 2849.2
1415210 2850.9
1415220 2851.7
1415230 2851.7
1415240 2851.6
1415250 2849.8
1415260 2849.8
1415270 2855.3
1415280 2867.4
1415290 2867.4
1415300 2875.6
1415310 2884.9
1415320 2884.9
1415330 2897.4
1415340 2912.6
1415350 2912.6
1415360 2921.2
1415370 2930.2
1415380 2930.2
1415390 2945.1
1415400 2956.7
1415410 2961.5
1415420 2961.5
1415430 2964.5
1415440 2966.5
1415450 2966.5
1415460 2968.2
1415470 2969.2
1415480 2969.2
1415490 2969.5
1415500 2968.8
1415510 2968.8
1415520 2967.6
1415530 2964.6
1415540 2964.6
1415550 2954.0
1415560 2943.6
1415570 2943.6
1415580 2936.1
1415590 2928.1
1415600 2928.1
1415610 2916.9
1415620 2899.1
1415630 2894.4
1415640 2894.4
1415650 2889.7
1415660 2884.1
1415670 2884.1
1415680 2878.5
1415690 2873.4
1415700 2873.4
1415710 2868.9
1415720 2865.0
1415730 2865.0
1415740 2861.6
1415750 2858.7
1415760 2858.7
1415770 2856.2
1415780 2854.1
1415790 2854.1
1415800 2852.4
1415810 2851.0
1415820 2851.0
1415830 2849.8
1415840 2848.9
1415850 2848.2
1415860 2848.2
1415870 2847.7
1415880 2847.3
1415890 2847.3
1415900 2846.9
1415910 2846.6
1415920 2846.6
1415930 2846.2
1415940 2845.7
1415950 2845.7
1415960 2845.2
1415970 2844.7
1415980 2844.7
1415990 2843.9
1416000 2843.2
1416010 2843.2
1416020 2842.4
1416030 2841.5
1416040 2841.5
1416050 2840.6
1416060 2839.5
1416070 2838.5
1416080 2838.5
1416090 2837.3
1416100 2836.2
1416110 2836.2
1416120 2835.0
1416130 2834.0
1416140 2834.0
1416150 2832.9
1416160 2832.0
1416170 2832.0
1416180 2831.1
1416190 2830.4
1416200 2830.4
1416210 2829.8
1416220 2829.2
1416230 2829.2
1416240 2828.7
1416250 2828.3
1416260 2828.3
1416270 2827.9
1416280 2827.6
1416290 2827.4
1416300 2827.4
1416310 2827.2
1416320 2827.0
1416330 2827.0
1416340 2826.9
1416350 2826.7
1416360 2826.7
1416370 2826.5
1416380 2826.5
1416390 2826.5
1416400 2826.5
1416410 2826.5
1416420 2826.5
1416430 2826.5
1416440 2826.4
1416450 2826.4
1416460 2826.3
1416470 2826.2
1416480 2826.2
1416490 2826.2
1416500 2826.0
1416510 2825.8
1416520 2825.8
1416530 2825.6
1416540 2825.2
1416550 2825.2
1416560 2824.7
1416570 2824.3
1416580 2823.4
1416590 2823.1
1416600 2822.8
1416610 2822.8
1416620 2822.4
1416630 2822.0
1416640 2822.0
1416650 2821.6
1416660 2821.1
1416670 2821.1
1416680 2820.7
1416690 2820.4
1416700 2820.4
1416710 2819.9
1416720 2819.2
1416730 2818.4
1416740 2818.4
1416750 2817.7
1416760 2816.8
1416770 2816.8
1416780 2816.0
1416790 2814.9
1416800 2814.9
1416810 2813.8
1416820 2812.8
1416830 2812.8
1416840 2811.8
1416850 2810.7
1416860 2810.7
1416870 2809.5
1416880 2808.4
1416890 2808.4
1416900 2807.2
1416910 2806.1
1416920 2806.1
1416930 2805.0
1416940 2804.0
1416950 2802.9
1416960 2802.9
1416970 2801.7
1416980 2800.4
1416990 2800.4
1417000 2798.9
1417010 2797.1
1417020 2797.1
1417030 2795.0
1417040 2792.3
1417050 2792.3
1417060 2788.4
1417070 2782.5
1417080 2782.5
1417090 2777.0
1417100 2772.8
1417110 2772.8
1417120 2769.5
1417130 2765.7
1417140 2765.7
1417150 2764.2
1417160 2762.3
1417170 2768.4
1417180 2768.4
1417190 2774.3
1417200 2781.0
1417210 2781.0
1417220 2786.9
1417230 2794.9
1417240 2794.9
1417250 2806.3
1417260 2820.7
1417270 2820.7
1417280 2837.2
1417290 2853.6
1417300 2853.6
1417310 2868.9
1417320 2878.5
1417330 2878.5
1417340 2888.1
1417350 2894.2
1417360 2894.2
1417370 2898.3
1417380 2900.6
1417390 2902.0
1417400 2902.0
1417410 2900.9
1417420 2899.4
1417430 2899.4
1417440 2897.3
1417450 2895.2
1417460 2895.2
1417470 2892.6
1417480 2889.5
1417490 2889.5
1417500 2886.2
1417510 2882.4
1417520 2882.4
1417530 2878.8
1417540 2875.3
1417550 2875.3
1417560 2871.1
1417570 2866.9
1417580 2866.9
1417590 2862.5
1417600 2857.8
1417610 2853.2
1417620 2853.2
1417630 2849.6
1417640 2846.5
1417650 2846.5
1417660 2843.3
1417670 2840.3
1417680 2840.3
1417690 2837.5
1417700 2835.6
1417710 2835.6
1417720 2834.0
1417730 2832.0
1417740 2832.0
1417750 2830.0
1417760 2827.3
1417770 2827.3
1417780 2824.4
1417790 2821.4
1417800 2821.4
1417810 2819.5
1417820 2817.0
1417830 2817.0
1417840 2813.2
1417850 2810.9
1417860 2808.9
1417870 2808.9
1417880 2807.4
1417890 2806.0
1417900 2806.0
1417910 2804.4
1417920 2803.0
1417930 2803.0
1417940 2802.3
1417950 2801.4
1417960 2801.4
1417970 2801.0
1417980 2800.5
1417990 2800.5
1418000 2800.0
1418010 2799.8
1418020 2799.8
1418030 2800.2
1418040 2801.0
1418050 2801.0
1418060 2801.1
1418070 2801.3
1418080 2801.7
1418090 2801.7
1418100 2802.1
1418110 2803.9
1418120 2803.9
1418130 2804.9
1418140 2805.8
1418150 2805.8
1418160 2805.7
1418170 2804.3
1418180 2804.3
1418190 2803.2
1418200 2803.3
1418210 2803.3
1418220 2803.4
1418230 2803.6
1418240 2803.6
1418250 2804.1
1418260 2804.7
1418270 2804.7
1418280 2805.8
1418290 2807.1
1418300 2808.3
1418310 2808.3
1418320 2809.7
1418330 2811.0
1418340 2811.0
1418350 2812.4
1418360 2813.0
1418370 2813.0
1418380 2813.7
1418390 2813.4
1418400 2813.4
1418410 2812.6
1418420 2811.7
1418430 2811.7
1418440 2810.9
1418450 2810.3
1418460 2810.3
1418470 2814.9
1418480 2814.6
1418490 2814.6
1418500 2814.3
1418510 2814.0
1418520 2813.7
1418530 2813.7
1418540 2813.5
1418550 2813.2
1418560 2813.2
1418570 2812.9
1418580 2812.6
1418590 2812.6
1418600 2812.3
1418610 2812.1
1418620 2812.1
1418630 2812.1
1418640 2811.7
1418650 2811.7
1418660 2811.2
1418670 2810.6
1418680 2810.6
1418690 2810.1
1418700 2809.5
1418710 2809.5
1418720 2808.6
1418730 2807.7
1418740 2806.9
1418750 2806.9
1418760 2806.0
1418770 2805.0
1418780 2805.0
1418790 2804.0
1418800 2802.9
1418810 2802.9
1418820 2801.8
1418830 2800.5
1418840 2800.5
1418850 2798.9
1418860 2797.2
1418870 2797.2
1418880 2795.7
1418890 2794.0
1418900 2794.0
1418910 2792.3
1418920 2790.6
1418930 2790.6
1418940 2788.6
1418950 2786.6
1418960 2784.6
1418970 2784.6
1418980 2782.8
1418990 2780.8
1419000 2780.8
1419010 2778.6
1419020 2776.2
1419030 2776.2
1419040 2773.8
1419050 2771.7
1419060 2771.7
1419070 2770.2
1419080 2768.3
1419090 2768.3
1419100 2765.1
1419110 2764.8
1419120 2764.8
1419130 2769.1
1419140 2769.8
1419150 2769.8
1419160 2765.1
1419170 2760.6
1419180 2758.2
1419190 2758.2
1419200 2756.8
1419210 2755.7
1419220 2755.7
1419230 2753.4
1419240 2751.0
1419250 2751.0
1419260 2747.9
1419270 2744.5
1419280 2744.5
1419290 2741.4
1419300 2737.7
1419310 2737.7
1419320 2734.7
1419330 2730.3
1419340 2730.3
1419350 2726.1
1419360 2721.6
1419370 2721.6
1419380 2717.3
1419390 2713.3
1419400 2708.9
1419410 2708.9
1419420 2704.3
1419430 2699.2
1419440 2699.2
1419450 2693.5
1419460 2688.3
1419470 2688.3
1419480 2683.1
1419490 2677.8
1419500 2677.8
1419510 2672.7
1419520 2668.1
1419530 2668.1
1419540 2664.1
1419550 2660.5
1419560 2660.5
1419570 2657.2
1419580 2654.0
1419590 2654.0
1419600 2650.8
1419610 2647.7
1419620 2644.8
1419630 2644.8
1419640 2641.7
1419650 2638.6
1419660 2638.6
1419670 2635.7
1419680 2632.9
1419690 2632.9
1419700 2630.2
1419710 2627.6
1419720 2627.6
1419730 2625.1
1419740 2623.1
1419750 2623.1
1419760 2621.2
1419770 2619.3
1419780 2619.3
1419790 2617.4
1419800 2616.3
1419810 2616.3
1419820 2615.6
1419830 2616.2
1419840 2618.5
1419850 2618.5
1419860 2620.9
1419870 2623.1
1419880 2623.1
1419890 2626.5
1419900 2628.0
1419910 2628.0
1419920 2629.5
1419930 2631.1
1419940 2631.1
1419950 2632.6
1419960 2628.1
1419970 2628.1
1419980 2616.2
1419990 2607.0
