1400000 2454.0
1400010 2454.0
1400020 2457.0
1400030 2459.5
1400040 2459.5
1400050 2462.1
1400060 2467.1
1400070 2467.1
1400080 2473.3
1400090 2480.6
1400100 2480.6
1400110 2489.1
1400120 2498.8
1400130 2498.8
1400140 2506.4
1400150 2513.6
1400160 2513.6
1400170 2526.0
1400180 2542.0
1400190 2557.2
1400200 2557.2
1400210 2571.4
1400220 2577.9
1400230 2577.9
1400240 2582.8
1400250 2592.6
1400260 2592.6
1400270 2601.4
1400280 2612.7
1400290 2612.7
1400300 2619.3
1400310 2623.0
1400320 2623.0
1400330 2631.5
1400340 2640.0
1400350 2640.0
1400360 2663.5
1400370 2704.6
1400380 2704.6
1400390 2732.0
1400400 2745.1
1400410 2752.5
1400420 2752.5
1400430 2759.5
1400440 2765.5
1400450 2765.5
1400460 2770.6
1400470 2775.3
1400480 2775.3
1400490 2781.1
1400500 2785.9
1400510 2785.9
1400520 2789.8
1400530 2796.0
1400540 2796.0
1400550 2805.1
1400560 2814.4
1400570 2814.4
1400580 2822.7
1400590 2829.9
1400600 2829.9
1400610 2841.5
1400620 2849.5
1400630 2849.9
1400640 2849.9
1400650 2831.4
1400660 2810.2
1400670 2810.2
1400680 2799.8
1400690 2794.9
1400700 2794.9
1400710 2789.8
1400720 2784.0
1400730 2784.0
1400740 2778.6
1400750 2772.6
1400760 2772.6
1400770 2766.7
1400780 2761.7
1400790 2761.7
1400800 2757.0
1400810 2750.1
1400820 2750.1
1400830 2740.5
1400840 2735.2
1400850 2725.0
1400860 2725.0
1400870 2715.2
1400880 2710.4
1400890 2710.4
1400900 2707.0
1400910 2703.7
1400920 2703.7
1400930 2701.0
1400940 2698.3
1400950 2698.3
1400960 2694.9
1400970 2691.5
1400980 2691.5
1400990 2686.9
1401000 2682.8
1401010 2682.8
1401020 2682.6
1401030 2682.4
1401040 2682.4
1401050 2678.6
1401060 2676.3
1401070 2675.1
1401080 2675.1
1401090 2673.1
1401100 2670.5
1401110 2670.5
1401120 2669.3
1401130 2669.0
1401140 2669.0
1401150 2669.5
1401160 2670.6
1401170 2670.6
1401180 2673.2
1401190 2675.0
1401200 2675.0
1401210 2675.5
1401220 2675.8
1401230 2675.8
1401240 2675.8
1401250 2676.2
1401260 2676.2
1401270 2678.8
1401280 2679.5
1401290 2677.7
1401300 2677.7
1401310 2677.8
1401320 2678.7
1401330 2678.7
1401340 2677.8
1401350 2677.0
1401360 2677.0
1401370 2676.4
1401380 2674.7
1401390 2674.7
1401400 2671.7
1401410 2674.3
1401420 2674.3
1401430 2674.9
1401440 2675.2
1401450 2675.2
1401460 2674.8
1401470 2675.1
1401480 2675.1
1401490 2678.8
1401500 2681.3
1401510 2681.4
1401520 2681.4
1401530 2680.9
1401540 2681.8
1401550 2681.8
1401560 2683.3
1401570 2684.2
1401580 2684.2
1401590 2683.8
1401600 2683.9
1401610 2683.9
1401620 2683.7
1401630 2681.8
1401640 2681.8
1401650 2679.8
1401660 2678.1
1401670 2678.1
1401680 2675.9
1401690 2675.4
1401700 2675.4
1401710 2677.7
1401720 2679.2
1401730 2687.6
1401740 2687.6
1401750 2690.2
1401760 2692.2
1401770 2692.2
1401780 2695.0
1401790 2694.2
1401800 2694.2
1401810 2695.3
1401820 2699.5
1401830 2699.5
1401840 2700.7
1401850 2702.7
1401860 2702.7
1401870 2705.3
1401880 2706.1
1401890 2706.1
1401900 2709.7
1401910 2709.8
1401920 2709.8
1401930 2708.2
1401940 2707.1
1401950 2709.4
1401960 2709.4
1401970 2710.7
1401980 2716.1
1401990 2716.1
1402000 2717.4
1402010 2718.6
1402020 2718.6
1402030 2720.0
1402040 2720.9
1402050 2720.9
1402060 2721.6
1402070 2723.9
1402080 2723.9
1402090 2727.2
1402100 2727.8
1402110 2727.8
1402120 2728.5
1402130 2729.0
1402140 2729.0
1402150 2729.6
1402160 2728.6
1402170 2728.6
1402180 2726.8
1402190 2725.4
1402200 2726.0
1402210 2726.0
1402220 2728.7
1402230 2734.7
1402240 2734.7
1402250 2739.1
1402260 2742.0
1402270 2742.0
1402280 2743.7
1402290 2745.6
1402300 2745.6
1402310 2747.7
1402320 2750.0
1402330 2748.0
1402340 2751.7
1402350 2755.1
1402360 2755.1
1402370 2758.2
1402380 2761.3
1402390 2761.3
1402400 2762.5
1402410 2763.7
1402420 2765.6
1402430 2765.6
1402440 2767.5
1402450 2768.9
1402460 2768.9
1402470 2770.3
1402480 2772.3
1402490 2772.3
1402500 2777.2
1402510 2779.2
1402520 2779.2
1402530 2779.9
1402540 2781.9
1402550 2781.9
1402560 2784.2
1402570 2787.2
1402580 2787.2
1402590 2791.4
1402600 2794.4
1402610 2794.4
1402620 2796.3
1402630 2799.0
1402640 2801.6
1402650 2801.6
1402660 2803.9
1402670 2805.9
1402680 2805.9
1402690 2807.8
1402700 2809.6
1402710 2809.6
1402720 2811.9
1402730 2814.8
1402740 2814.8
1402750 2817.6
1402760 2821.4
1402770 2821.4
1402780 2828.2
1402790 2844.8
1402800 2844.8
1402810 2867.1
1402820 2875.6
1402830 2875.6
1402840 2881.5
1402850 2888.6
1402860 2889.1
1402870 2889.1
1402880 2874.7
1402890 2863.4
1402900 2863.4
1402910 2856.1
1402920 2849.2
1402930 2849.2
1402940 2842.7
1402950 2836.6
1402960 2836.6
1402970 2830.8
1402980 2825.1
1402990 2825.1
1403000 2819.6
1403010 2814.5
1403020 2814.5
1403030 2809.8
1403040 2805.9
1403050 2805.9
1403060 2802.5
1403070 2799.3
1403080 2795.9
1403090 2795.9
1403100 2792.1
1403110 2788.3
1403120 2788.3
1403130 2785.1
1403140 2780.6
1403150 2780.6
1403160 2773.9
1403170 2767.9
1403180 2767.9
1403190 2761.1
1403200 2754.6
1403210 2754.6
1403220 2749.1
1403230 2743.5
1403240 2743.5
1403250 2739.0
1403260 2735.0
1403270 2735.0
1403280 2728.4
1403290 2720.5
1403300 2713.3
1403310 2713.3
1403320 2707.9
1403330 2701.4
1403340 2701.4
1403350 2694.3
1403360 2688.6
1403370 2688.6
1403380 2684.2
1403390 2681.1
1403400 2681.1
1403410 2677.7
1403420 2673.5
1403430 2673.5
1403440 2668.6
1403450 2663.1
1403460 2663.1
1403470 2657.9
1403480 2653.5
1403490 2653.5
1403500 2649.9
1403510 2643.8
1403520 2636.8
1403530 2636.8
1403540 2630.0
1403550 2623.6
1403560 2623.6
1403570 2617.1
1403580 2610.9
1403590 2610.9
1403600 2604.9
1403610 2598.8
1403620 2598.8
1403630 2592.7
1403640 2587.7
1403650 2587.7
1403660 2583.1
1403670 2578.3
1403680 2578.3
1403690 2573.7
1403700 2570.3
1403710 2570.3
1403720 2566.8
1403730 2561.8
1403740 2555.6
1403750 2555.6
1403760 2550.5
1403770 2546.0
1403780 2546.0
1403790 2538.3
1403800 2519.8
1403810 2519.8
1403820 2494.5
1403830 2472.2
1403840 2472.2
1403850 2459.7
1403860 2452.7
1403870 2452.7
1403880 2446.0
1403890 2436.2
1403900 2436.2
1403910 2430.2
1403920 2424.7
1403930 2424.7
1403940 2420.1
1403950 2413.1
1403960 2405.5
1403970 2405.5
1403980 2399.0
1403990 2394.1
1404000 2394.1
1404010 2391.9
1404020 2389.0
1404030 2389.0
1404040 2385.1
1404050 2380.6
1404060 2380.6
1404070 2373.4
1404080 2362.3
1404090 2362.3
1404100 2354.9
1404110 2350.4
1404120 2350.4
1404130 2346.8
1404140 2343.3
1404150 2343.3
1404160 2338.3
1404170 2327.8
1404180 2327.8
1404190 2313.2
1404200 2301.5
1404210 2290.3
1404220 2290.3
1404230 2277.5
1404240 2260.2
1404250 2260.2
1404260 2250.8
1404270 2246.4
1404280 2246.4
1404290 2242.2
1404300 2238.1
1404310 2238.1
1404320 2233.8
1404330 2229.4
1404340 2229.4
1404350 2225.2
1404360 2220.9
1404370 2220.9
1404380 2216.7
1404390 2212.7
1404400 2212.7
1404410 2208.7
1404420 2204.8
1404430 2200.8
1404440 2200.8
1404450 2197.1
1404460 2193.6
1404470 2193.6
1404480 2190.1
1404490 2186.4
1404500 2186.4
1404510 2182.8
1404520 2179.4
1404530 2179.4
1404540 2176.5
1404550 2173.7
1404560 2173.7
1404570 2170.9
1404580 2168.2
1404590 2168.2
1404600 2165.7
1404610 2163.2
1404620 2163.2
1404630 2160.7
1404640 2158.4
1404650 2156.3
1404660 2156.3
1404670 2154.2
1404680 2152.2
1404690 2152.2
1404700 2150.0
1404710 2147.8
1404720 2147.8
1404730 2145.7
1404740 2144.1
1404750 2144.1
1404760 2142.9
1404770 2142.1
1404780 2142.1
1404790 2141.5
1404800 2141.6
1404810 2141.6
1404820 2142.7
1404830 2145.0
1404840 2145.0
1404850 2146.2
1404860 2147.2
1404870 2149.8
1404880 2149.8
1404890 2153.2
1404900 2157.5
1404910 2157.5
1404920 2161.7
1404930 2165.6
1404940 2165.6
1404950 2170.0
1404960 2174.5
1404970 2174.5
1404980 2179.5
1404990 2185.0
1405000 2185.0
1405010 2190.2
1405020 2195.4
1405030 2195.4
1405040 2202.3
1405050 2210.7
1405060 2210.7
1405070 2218.8
1405080 2227.9
1405090 2241.0
1405100 2241.0
1405110 2251.8
1405120 2258.0
1405130 2258.0
1405140 2263.3
1405150 2268.8
1405160 2268.8
1405170 2274.5
1405180 2279.7
1405190 2279.7
1405200 2285.2
1405210 2291.1
1405220 2291.1
1405230 2298.6
1405240 2310.3
1405250 2310.3
1405260 2335.7
1405270 2343.3
1405280 2343.3
1405290 2350.2
1405300 2357.5
1405310 2365.1
1405320 2365.1
1405330 2373.5
1405340 2382.6
1405350 2382.6
1405360 2388.5
1405370 2394.7
1405380 2394.7
1405390 2404.4
1405400 2413.4
1405410 2413.4
1405420 2421.2
1405430 2433.6
1405440 2433.6
1405450 2443.7
1405460 2452.4
1405470 2452.7
1405480 2456.8
1405490 2459.0
1405500 2459.0
1405510 2461.6
1405520 2465.1
1405530 2469.9
1405540 2469.9
1405550 2475.8
1405560 2481.3
1405570 2481.3
1405580 2488.1
1405590 2493.3
1405600 2493.3
1405610 2498.7
1405620 2503.4
1405630 2503.4
1405640 2509.6
1405650 2515.8
1405660 2515.8
1405670 2521.5
1405680 2529.2
1405690 2529.2
1405700 2535.1
1405710 2536.7
1405720 2536.7
1405730 2536.2
1405740 2537.6
1405750 2539.1
1405760 2539.1
1405770 2542.7
1405780 2545.8
1405790 2545.8
1405800 2548.3
1405810 2553.9
1405820 2553.9
1405830 2557.7
1405840 2559.1
1405850 2559.1
1405860 2560.7
1405870 2562.2
1405880 2562.2
1405890 2562.9
1405900 2564.0
1405910 2564.0
1405920 2564.7
1405930 2565.7
1405940 2565.7
1405950 2566.8
1405960 2567.7
1405970 2567.7
1405980 2568.5
1405990 2569.3
1406000 2570.2
1406010 2570.2
1406020 2569.5
1406030 2570.7
1406040 2570.7
1406050 2574.0
1406060 2577.5
1406070 2577.5
1406080 2581.2
1406090 2586.3
1406100 2586.3
1406110 2590.6
1406120 2594.7
1406130 2594.7
1406140 2600.9
1406150 2608.8
1406160 2608.8
1406170 2612.9
1406180 2617.2
1406190 2617.2
1406200 2623.1
1406210 2630.3
1406220 2637.8
1406230 2637.8
1406240 2645.7
1406250 2653.5
1406260 2653.5
1406270 2661.1
1406280 2670.3
1406290 2670.3
1406300 2677.0
1406310 2682.4
1406320 2682.4
1406330 2686.4
1406340 2689.8
1406350 2689.8
1406360 2693.2
1406370 2697.0
1406380 2697.0
1406390 2702.1
1406400 2706.6
1406410 2706.6
1406420 2711.5
1406430 2717.1
1406440 2723.1
1406450 2723.1
1406460 2729.2
1406470 2735.4
1406480 2735.4
1406490 2741.4
1406500 2748.4
1406510 2748.4
1406520 2756.9
1406530 2765.0
1406540 2765.0
1406550 2771.9
1406560 2777.9
1406570 2777.9
1406580 2781.2
1406590 2775.4
1406600 2775.4
1406610 2766.4
1406620 2750.6
1406630 2750.6
1406640 2732.0
1406650 2722.6
1406660 2714.2
1406670 2714.2
1406680 2707.2
1406690 2700.5
1406700 2700.5
1406710 2693.1
1406720 2687.2
1406730 2687.2
1406740 2677.2
1406750 2667.3
1406760 2667.3
1406770 2659.4
1406780 2653.9
1406790 2653.9
1406800 2649.1
1406810 2644.6
1406820 2644.6
1406830 2640.3
1406840 2636.1
1406850 2636.1
1406860 2632.5
1406870 2629.6
1406880 2626.7
1406890 2626.7
1406900 2622.5
1406910 2616.5
1406920 2616.5
1406930 2608.6
1406940 2600.5
1406950 2600.5
1406960 2592.6
1406970 2585.5
1406980 2585.5
1406990 2579.5
1407000 2573.8
1407010 2573.8
1407020 2568.6
1407030 2563.9
1407040 2563.9
1407050 2557.9
1407060 2550.9
1407070 2550.9
1407080 2542.8
1407090 2547.9
1407100 2533.5
1407110 2533.5
1407120 2524.4
1407130 2518.4
1407140 2518.4
1407150 2512.6
1407160 2508.4
1407170 2508.4
1407180 2500.7
1407190 2495.1
1407200 2495.1
1407210 2489.6
1407220 2485.1
1407230 2485.1
1407240 2481.1
1407250 2477.2
1407260 2477.2
1407270 2473.1
1407280 2469.1
1407290 2469.1
1407300 2465.5
1407310 2462.0
1407320 2458.4
1407330 2458.4
1407340 2454.9
1407350 2452.9
1407360 2452.9
1407370 2448.7
1407380 2444.7
1407390 2444.7
1407400 2442.0
1407410 2439.8
1407420 2439.8
1407430 2438.2
1407440 2437.5
1407450 2437.5
1407460 2436.5
1407470 2435.0
1407480 2435.0
1407490 2433.6
1407500 2432.0
1407510 2432.0
1407520 2429.9
1407530 2428.8
1407540 2428.3
1407550 2428.3
1407560 2428.1
1407570 2428.0
1407580 2428.0
1407590 2428.1
1407600 2428.1
1407610 2428.1
1407620 2428.3
1407630 2428.5
1407640 2428.5
1407650 2428.7
1407660 2428.8
1407670 2428.8
1407680 2429.2
1407690 2429.5
1407700 2429.5
1407710 2430.0
1407720 2430.5
1407730 2430.5
1407740 2431.0
1407750 2431.5
1407760 2432.0
1407770 2432.0
1407780 2432.4
1407790 2432.8
1407800 2432.8
1407810 2433.1
1407820 2433.3
1407830 2433.3
1407840 2433.6
1407850 2433.7
1407860 2433.7
1407870 2433.9
1407880 2434.1
1407890 2434.1
1407900 2434.3
1407910 2434.6
1407920 2434.6
1407930 2435.1
1407940 2435.6
1407950 2435.6
1407960 2436.4
1407970 2437.1
1407980 2437.1
1407990 2438.0
1408000 2438.9
1408010 2439.9
1408020 2439.9
1408030 2440.9
1408040 2442.1
1408050 2442.1
1408060 2443.4
1408070 2444.7
1408080 2444.7
1408090 2445.9
1408100 2447.0
1408110 2447.0
1408120 2447.9
1408130 2448.9
1408140 2448.9
1408150 2449.9
1408160 2450.9
1408170 2450.9
1408180 2451.9
1408190 2452.8
1408200 2452.8
1408210 2452.9
1408220 2453.4
1408230 2454.2
1408240 2454.2
1408250 2454.9
1408260 2456.2
1408270 2456.2
1408280 2456.7
1408290 2456.5
1408300 2456.5
1408310 2457.4
1408320 2457.9
1408330 2457.9
1408340 2458.5
1408350 2459.8
1408360 2459.8
1408370 2461.4
1408380 2463.5
1408390 2463.5
1408400 2466.0
1408410 2469.1
1408420 2469.1
1408430 2472.8
1408440 2476.6
1408450 2481.1
1408460 2481.1
1408470 2485.1
1408480 2488.8
1408490 2488.8
1408500 2494.7
1408510 2500.2
1408520 2500.2
1408530 2505.6
1408540 2511.3
1408550 2511.3
1408560 2517.5
1408570 2523.3
1408580 2523.3
1408590 2527.9
1408600 2533.1
1408610 2533.1
1408620 2538.5
1408630 2544.8
1408640 2544.8
1408650 2551.4
1408660 2559.3
1408670 2570.8
1408680 2570.8
1408690 2586.5
1408700 2598.2
1408710 2598.2
1408720 2605.2
1408730 2612.6
1408740 2612.6
1408750 2621.7
1408760 2629.0
1408770 2629.0
1408780 2632.2
1408790 2635.0
1408800 2635.0
1408810 2638.6
1408820 2638.5
1408830 2638.5
1408840 2638.1
1408850 2638.6
1408860 2638.6
1408870 2639.8
1408880 2641.1
1408890 2642.3
1408900 2642.3
1408910 2643.9
1408920 2645.5
1408930 2645.5
1408940 2647.4
1408950 2649.5
1408960 2649.5
1408970 2651.5
1408980 2653.8
1408990 2653.8
1409000 2656.1
1409010 2658.2
1409020 2658.2
1409030 2660.2
1409040 2662.9
1409050 2662.9
1409060 2665.2
1409070 2667.0
1409080 2667.0
1409090 2668.7
1409100 2670.6
1409110 2671.3
1409120 2671.3
1409130 2672.6
1409140 2674.4
1409150 2674.4
1409160 2676.1
1409170 2677.3
1409180 2677.3
1409190 2678.3
1409200 2679.6
1409210 2679.6
1409220 2681.1
1409230 2682.6
1409240 2682.6
1409250 2683.7
1409260 2684.6
1409270 2684.6
1409280 2685.8
1409290 2687.0
1409300 2687.0
1409310 2687.8
1409320 2688.7
1409330 2689.5
1409340 2689.5
1409350 2690.4
1409360 2691.5
1409370 2691.5
1409380 2692.8
1409390 2693.7
1409400 2693.7
1409410 2694.6
1409420 2696.0
1409430 2696.0
1409440 2697.7
1409450 2699.7
1409460 2699.7
1409470 2701.8
1409480 2704.1
1409490 2704.1
1409500 2706.9
1409510 2710.4
1409520 2710.4
1409530 2714.2
1409540 2718.8
1409550 2724.3
1409560 2724.3
1409570 2730.8
1409580 2737.8
1409590 2737.8
1409600 2746.0
1409610 2759.4
1409620 2759.4
1409630 2771.9
1409640 2782.6
1409650 2782.6
1409660 2791.1
1409670 2804.5
1409680 2804.5
1409690 2819.9
1409700 2826.0
1409710 2826.0
1409720 2834.6
1409730 2841.0
1409740 2841.0
1409750 2847.6
1409760 2854.6
1409770 2861.6
1409780 2861.6
1409790 2868.9
1409800 2882.5
1409810 2882.5
1409820 2901.0
1409830 2912.9
1409840 2912.9
1409850 2925.4
1409860 2930.8
1409870 2930.8
1409880 2935.8
1409890 2938.2
1409900 2938.2
1409910 2942.5
1409920 2948.9
1409930 2948.9
1409940 2950.7
1409950 2955.7
1409960 2955.7
1409970 2958.7
1409980 2959.8
1409990 2959.8
1410000 2960.2
1410010 2960.7
1410020 2961.5
1410030 2961.5
1410040 2962.6
1410050 2964.1
1410060 2964.1
1410070 2966.0
1410080 2968.3
1410090 2968.3
1410100 2971.3
1410110 2974.7
1410120 2974.7
1410130 2978.7
1410140 2983.8
1410150 2983.8
1410160 2989.9
1410170 2994.8
1410180 2994.8
1410190 2999.2
1410200 3004.9
1410210 3004.9
1410220 3010.8
1410230 3021.9
1410240 3037.1
1410250 3037.1
1410260 3052.1
1410270 3087.6
1410280 3087.6
1410290 3098.3
1410300 3096.9
1410310 3096.9
1410320 3099.3
1410330 3108.1
1410340 3108.1
1410350 3120.9
1410360 3143.2
1410370 3143.2
1410380 3165.9
1410390 3188.8
1410400 3188.8
1410410 3207.6
1410420 3221.9
1410430 3221.9
1410440 3232.9
1410450 3245.1
1410460 3255.4
1410470 3255.4
1410480 3266.5
1410490 3281.5
1410500 3281.5
1410510 3308.1
1410520 3327.0
1410530 3327.0
1410540 3337.7
1410550 3347.2
1410560 3347.2
1410570 3353.7
1410580 3360.0
1410590 3360.0
1410600 3366.5
1410610 3373.4
1410620 3373.4
1410630 3380.6
1410640 3388.4
1410650 3388.4
1410660 3398.2
1410670 3410.6
1410680 3419.7
1410690 3419.7
1410700 3430.6
1410710 3443.9
1410720 3443.9
1410730 3449.9
1410740 3451.3
1410750 3451.3
1410760 3451.2
1410770 3449.9
1410780 3449.9
1410790 3447.3
1410800 3444.4
1410810 3444.4
1410820 3441.1
1410830 3437.4
1410840 3437.4
1410850 3433.2
1410860 3430.3
1410870 3430.3
1410880 3428.2
1410890 3426.0
1410900 3424.6
1410910 3424.6
1410920 3420.7
1410930 3416.6
1410940 3416.6
1410950 3413.0
1410960 3409.0
1410970 3409.0
1410980 3404.6
1410990 3400.8
1411000 3400.8
1411010 3397.1
1411020 3392.6
1411030 3392.6
1411040 3389.1
1411050 3386.3
1411060 3386.3
1411070 3383.1
1411080 3379.6
1411090 3379.6
1411100 3376.4
1411110 3372.8
1411120 3369.3
1411130 3369.3
1411140 3365.4
1411150 3360.8
1411160 3360.8
1411170 3356.4
1411180 3352.1
1411190 3352.1
1411200 3347.1
1411210 3342.8
1411220 3342.8
1411230 3338.5
1411240 3334.4
1411250 3334.4
1411260 3330.2
1411270 3326.0
1411280 3326.0
1411290 3321.2
1411300 3316.3
1411310 3316.3
1411320 3311.6
1411330 3306.7
1411340 3302.0
1411350 3302.0
1411360 3297.7
1411370 3294.2
1411380 3294.2
1411390 3290.9
1411400 3287.4
1411410 3287.4
1411420 3283.5
1411430 3279.6
1411440 3279.6
1411450 3276.0
1411460 3272.6
1411470 3272.6
1411480 3269.2
1411490 3265.5
1411500 3265.5
1411510 3262.1
1411520 3258.4
1411530 3258.4
1411540 3254.0
1411550 3250.3
1411560 3246.6
1411570 3246.6
1411580 3243.1
1411590 3239.4
1411600 3239.4
1411610 3235.8
1411620 3231.9
1411630 3231.9
1411640 3227.9
1411650 3223.8
1411660 3223.8
1411670 3219.6
1411680 3215.5
1411690 3215.5
1411700 3211.4
1411710 3207.2
1411720 3207.2
1411730 3203.2
1411740 3199.3
1411750 3199.3
1411760 3195.6
1411770 3191.4
1411780 3187.4
1411790 3187.4
1411800 3183.6
1411810 3179.8
1411820 3179.8
1411830 3176.1
1411840 3172.6
1411850 3172.6
1411860 3169.2
1411870 3165.3
1411880 3165.3
1411890 3160.9
1411900 3156.6
1411910 3156.6
1411920 3153.3
1411930 3147.4
1411940 3147.4
1411950 3141.4
1411960 3134.9
1411970 3134.9
1411980 3126.9
1411990 3119.5
1412000 3119.5
1412010 3114.0
1412020 3109.4
1412030 3105.2
1412040 3105.2
1412050 3100.9
1412060 3096.7
1412070 3096.7
1412080 3092.5
1412090 3088.5
1412100 3088.5
1412110 3084.1
1412120 3080.2
1412130 3080.2
1412140 3076.6
1412150 3072.4
1412160 3072.4
1412170 3068.9
1412180 3066.6
1412190 3066.6
1412200 3062.3
1412210 3058.4
1412220 3058.4
1412230 3054.4
1412240 3050.3
1412250 3046.2
1412260 3046.2
1412270 3041.7
1412280 3036.8
1412290 3036.8
1412300 3032.0
1412310 3027.2
1412320 3027.2
1412330 3022.6
1412340 3018.1
1412350 3018.1
1412360 3013.9
1412370 3009.9
1412380 3009.9
1412390 3006.2
1412400 3002.8
1412410 3002.8
1412420 2999.8
1412430 2997.1
1412440 2997.1
1412450 2994.6
1412460 2992.4
1412470 2990.5
1412480 2990.5
1412490 2989.0
1412500 2987.8
1412510 2987.8
1412520 2986.7
1412530 2985.9
1412540 2985.9
1412550 2985.3
1412560 2984.7
1412570 2984.7
1412580 2984.3
1412590 2984.0
1412600 2984.0
1412610 2983.7
1412620 2983.5
1412630 2983.5
1412640 2983.4
1412650 2983.2
1412660 2983.2
1412670 2983.1
1412680 2982.9
1412690 2982.9
1412700 2982.9
1412710 2982.9
1412720 2982.8
1412730 2982.8
1412740 2982.7
1412750 2982.7
1412760 2982.7
1412770 2982.4
1412780 2982.3
1412790 2982.3
1412800 2982.1
1412810 2981.9
1412820 2981.9
1412830 2981.5
1412840 2981.2
1412850 2981.2
1412860 2980.8
1412870 2980.3
1412880 2980.3
1412890 2979.8
1412900 2979.7
1412910 2979.4
1412920 2979.4
1412930 2979.4
1412940 2979.1
1412950 2979.1
1412960 2978.7
1412970 2977.3
1412980 2977.3
1412990 2975.5
1413000 2974.1
1413010 2974.1
1413020 2973.3
1413030 2973.3
1413040 2973.3
1413050 2972.9
1413060 2971.5
1413070 2971.5
1413080 2969.9
1413090 2969.8
1413100 2969.8
1413110 2969.0
1413120 2967.4
1413130 2965.8
1413140 2965.8
1413150 2965.8
1413160 2964.2
1413170 2964.2
1413180 2962.8
1413190 2961.8
1413200 2961.8
1413210 2961.2
1413220 2960.1
1413230 2960.1
1413240 2958.9
1413250 2956.1
1413260 2956.1
1413270 2947.2
1413280 2948.9
1413290 2948.9
1413300 2948.6
1413310 2943.3
1413320 2943.3
1413330 2942.9
1413340 2942.5
1413350 2939.7
1413360 2939.7
1413370 2936.0
1413380 2936.0
1413390 2936.0
1413400 2934.8
1413410 2932.8
1413420 2932.8
1413430 2931.7
1413440 2930.1
1413450 2930.1
1413460 2928.6
1413470 2927.1
1413480 2927.1
1413490 2925.8
1413500 2924.6
1413510 2924.6
1413520 2923.5
1413530 2922.6
1413540 2922.6
1413550 2921.6
1413560 2920.6
1413570 2919.6
1413580 2919.6
1413590 2918.6
1413600 2917.6
1413610 2917.6
1413620 2916.8
1413630 2915.9
1413640 2915.9
1413650 2915.1
1413660 2914.3
1413670 2914.3
1413680 2913.5
1413690 2912.7
1413700 2912.7
1413710 2912.0
1413720 2911.3
1413730 2911.3
1413740 2910.6
1413750 2910.0
1413760 2910.0
1413770 2909.4
1413780 2908.8
1413790 2908.3
1413800 2908.3
1413810 2907.9
1413820 2907.6
1413830 2907.6
1413840 2907.2
1413850 2906.9
1413860 2906.9
1413870 2906.8
1413880 2906.7
1413890 2906.7
1413900 2906.6
1413910 2906.6
1413920 2906.6
1413930 2906.6
1413940 2906.8
1413950 2905.7
1413960 2905.8
1413970 2906.0
1413980 2906.0
1413990 2906.3
1414000 2906.6
1414010 2906.6
1414020 2906.9
1414030 2907.2
1414040 2907.6
1414050 2907.6
1414060 2908.0
1414070 2908.4
1414080 2908.4
1414090 2908.8
1414100 2909.2
1414110 2909.2
1414120 2909.5
1414130 2909.7
1414140 2909.7
1414150 2909.9
1414160 2910.1
1414170 2910.1
1414180 2910.2
1414190 2910.3
1414200 2910.3
1414210 2910.4
1414220 2910.5
1414230 2910.5
1414240 2910.6
1414250 2910.6
1414260 2910.8
1414270 2910.8
1414280 2911.3
1414290 2911.9
1414300 2911.9
1414310 2912.7
1414320 2913.8
1414330 2913.8
1414340 2915.0
1414350 2916.5
1414360 2916.5
1414370 2918.1
1414380 2919.6
1414390 2919.6
1414400 2921.3
1414410 2922.7
1414420 2922.7
1414430 2924.2
1414440 2925.6
1414450 2925.6
1414460 2927.1
1414470 2928.6
1414480 2930.2
1414490 2930.2
1414500 2931.8
1414510 2933.8
1414520 2933.8
1414530 2936.1
1414540 2938.5
1414550 2938.5
1414560 2941.0
1414570 2943.6
1414580 2943.6
1414590 2946.4
1414600 2949.3
1414610 2949.3
1414620 2952.1
1414630 2954.8
1414640 2954.8
1414650 2957.6
1414660 2960.2
1414670 2960.2
1414680 2962.7
1414690 2965.2
1414700 2967.6
1414710 2967.6
1414720 2969.8
1414730 2972.0
1414740 2972.0
1414750 2974.1
1414760 2976.1
1414770 2976.1
1414780 2978.0
1414790 2979.9
1414800 2979.9
1414810 2981.8
1414820 2983.5
1414830 2983.5
1414840 2985.1
1414850 2986.8
1414860 2986.8
1414870 2988.3
1414880 2989.9
1414890 2989.9
1414900 2991.4
1414910 2992.9
1414920 2994.3
1414930 2994.3
1414940 2995.7
1414950 2997.2
1414960 2997.2
1414970 2998.5
1414980 2999.9
1414990 2999.9
1415000 3001.4
1415010 3002.8
1415020 3002.8
1415030 3004.1
1415040 3005.4
1415050 3005.4
1415060 3006.8
1415070 3008.1
1415080 3008.1
1415090 3009.5
1415100 3010.8
1415110 3010.8
1415120 3012.1
1415130 3013.4
1415140 3014.8
1415150 3014.8
1415160 3016.3
1415170 3017.8
1415180 3017.8
1415190 3019.4
1415200 3021.4
1415210 3021.4
1415220 3024.3
1415230 3029.6
1415240 3029.6
1415250 3036.8
1415260 3041.4
1415270 3041.4
1415280 3043.4
1415290 3044.5
1415300 3044.5
1415310 3044.8
1415320 3039.3
1415330 3039.3
1415340 3033.4
1415350 3029.0
1415360 3024.3
1415370 3024.3
1415380 3020.0
1415390 3015.3
1415400 3015.3
1415410 3007.7
1415420 2999.9
1415430 2999.9
1415440 2992.2
1415450 2986.7
1415460 2986.7
1415470 2982.8
1415480 2980.4
1415490 2980.4
1415500 2979.0
1415510 2978.8
1415520 2978.8
1415530 2979.0
1415540 2979.3
1415550 2979.3
1415560 2979.2
1415570 2979.0
1415580 2978.1
1415590 2978.1
1415600 2976.8
1415610 2975.1
1415620 2975.1
1415630 2973.1
1415640 2971.0
1415650 2971.0
1415660 2968.9
1415670 2966.8
1415680 2966.8
1415690 2964.6
1415700 2962.2
1415710 2962.2
1415720 2959.8
1415730 2957.2
1415740 2957.2
1415750 2954.7
1415760 2952.1
1415770 2949.1
1415780 2946.7
1415790 2944.3
1415800 2942.0
1415810 2942.0
1415820 2939.7
1415830 2937.4
1415840 2937.4
1415850 2935.2
1415860 2932.9
1415870 2932.9
1415880 2930.5
1415890 2928.1
1415900 2928.1
1415910 2925.8
1415920 2923.5
1415930 2923.5
1415940 2921.3
1415950 2919.1
1415960 2919.1
1415970 2916.9
1415980 2914.6
1415990 2914.6
1416000 2912.2
1416010 2909.7
1416020 2909.7
1416030 2907.1
1416040 2904.4
1416050 2901.8
1416060 2901.8
1416070 2899.1
1416080 2896.6
1416090 2896.6
1416100 2894.2
1416110 2892.0
1416120 2892.0
1416130 2889.9
1416140 2888.0
1416150 2888.0
1416160 2886.2
1416170 2884.6
1416180 2884.6
1416190 2883.0
1416200 2881.6
1416210 2881.6
1416220 2880.3
1416230 2879.1
1416240 2879.1
1416250 2878.2
1416260 2877.4
1416270 2876.7
1416280 2876.7
1416290 2876.2
1416300 2875.8
1416310 2875.8
1416320 2875.5
1416330 2875.3
1416340 2875.3
1416350 2875.2
1416360 2875.1
1416370 2875.1
1416380 2875.2
1416390 2875.3
1416400 2875.3
1416410 2875.4
1416420 2875.4
1416430 2875.4
1416440 2875.4
1416450 2875.3
1416460 2875.3
1416470 2875.2
1416480 2875.0
1416490 2874.7
1416500 2874.7
1416510 2874.3
1416520 2873.8
1416530 2873.8
1416540 2873.3
1416550 2872.7
1416560 2872.7
1416570 2872.1
1416580 2871.4
1416590 2871.4
1416600 2870.8
1416610 2870.2
1416620 2870.2
1416630 2869.6
1416640 2869.1
1416650 2869.1
1416660 2868.5
1416670 2868.0
1416680 2868.0
1416690 2867.5
1416700 2867.0
1416710 2866.5
1416720 2866.5
1416730 2866.1
1416740 2865.7
1416750 2865.7
1416760 2865.4
1416770 2865.1
1416780 2865.1
1416790 2864.9
1416800 2864.8
1416810 2864.8
1416820 2864.7
1416830 2864.7
1416840 2864.7
1416850 2864.9
1416860 2865.1
1416870 2865.1
1416880 2865.4
1416890 2865.9
1416900 2865.9
1416910 2866.6
1416920 2867.5
1416930 2868.5
1416940 2868.5
1416950 2869.9
1416960 2871.5
1416970 2871.5
1416980 2877.0
1416990 2881.2
1417000 2881.2
1417010 2881.9
1417020 2882.7
1417030 2882.7
1417040 2887.2
1417050 2892.1
1417060 2892.1
1417070 2898.7
1417080 2907.0
1417090 2907.0
1417100 2915.2
1417110 2923.1
1417120 2923.1
1417130 2931.0
1417140 2937.3
1417150 2942.1
1417160 2942.1
1417170 2947.1
1417180 2952.3
1417190 2952.3
1417200 2959.3
1417210 2966.5
1417220 2966.5
1417230 2974.0
1417240 2981.4
1417250 2981.4
1417260 2987.3
1417270 2991.7
1417280 2991.7
1417290 2994.6
1417300 2995.7
1417310 2995.7
1417320 2995.5
1417330 2993.9
1417340 2993.9
1417350 2991.5
1417360 2989.2
1417370 2988.1
1417380 2988.1
1417390 2988.1
1417400 2989.4
1417410 2989.4
1417420 2990.3
1417430 2990.8
1417440 2990.8
1417450 2990.9
1417460 2990.1
1417470 2990.1
1417480 2988.1
1417490 2986.1
1417500 2986.1
1417510 2986.8
1417520 2987.3
1417530 2987.3
1417540 2986.4
1417550 2986.8
1417560 2986.8
1417570 2987.8
1417580 2988.6
1417590 2989.3
1417600 2989.3
1417610 2991.5
1417620 2993.8
1417630 2993.8
1417640 2990.2
1417650 2993.1
1417660 2993.1
1417670 2994.7
1417680 2998.4
1417690 2998.4
1417700 3000.4
1417710 2999.9
1417720 2999.9
1417730 2999.1
1417740 3000.3
1417750 3000.3
1417760 3001.3
1417770 3001.3
1417780 3001.3
1417790 3000.5
1417800 2999.3
1417810 2997.7
1417820 2997.7
1417830 2996.2
1417840 2994.0
1417850 2994.0
1417860 2991.2
1417870 2987.9
1417880 2987.9
1417890 2984.3
1417900 2980.7
1417910 2980.7
1417920 2976.5
1417930 2972.4
1417940 2972.4
1417950 2968.0
1417960 2963.6
1417970 2963.6
1417980 2959.4
1417990 2954.9
1418000 2954.9
1418010 2950.1
1418020 2945.3
1418030 2945.3
1418040 2940.1
1418050 2934.4
1418060 2928.6
1418070 2928.6
1418080 2922.6
1418090 2917.2
1418100 2917.2
1418110 2911.7
1418120 2905.9
1418130 2905.9
1418140 2900.4
1418150 2895.1
1418160 2895.1
1418170 2889.6
1418180 2884.0
1418190 2884.0
1418200 2878.5
1418210 2873.1
1418220 2873.1
1418230 2867.7
1418240 2861.6
1418250 2861.6
1418260 2855.1
1418270 2848.5
1418280 2841.3
1418290 2841.3
1418300 2834.2
1418310 2826.8
1418320 2826.8
1418330 2819.6
1418340 2812.7
1418350 2812.7
1418360 2805.9
1418370 2799.1
1418380 2799.1
1418390 2793.1
1418400 2787.3
1418410 2787.3
1418420 2780.5
1418430 2772.4
1418440 2772.4
1418450 2763.7
1418460 2756.7
1418470 2756.7
1418480 2750.9
1418490 2744.7
1418500 2740.0
1418510 2740.0
1418520 2736.4
1418530 2730.7
1418540 2730.7
1418550 2724.6
1418560 2719.4
1418570 2719.4
1418580 2713.2
1418590 2708.0
1418600 2708.0
1418610 2702.2
1418620 2696.2
1418630 2696.2
1418640 2690.4
1418650 2685.1
1418660 2685.1
1418670 2679.9
1418680 2675.1
1418690 2675.1
1418700 2670.7
1418710 2666.7
1418720 2663.0
1418730 2663.0
1418740 2659.5
1418750 2656.4
1418760 2656.4
1418770 2653.6
1418780 2650.7
1418790 2650.7
1418800 2647.9
1418810 2645.3
1418820 2645.3
1418830 2642.8
1418840 2640.2
1418850 2640.2
1418860 2637.7
1418870 2635.2
1418880 2635.2
1418890 2632.7
1418900 2631.0
1418910 2631.0
1418920 2629.0
1418930 2626.2
1418940 2624.0
1418950 2624.0
1418960 2622.5
1418970 2620.2
1418980 2620.2
1418990 2617.3
1419000 2614.3
1419010 2614.3
1419020 2611.2
1419030 2607.5
1419040 2607.5
1419050 2603.6
1419060 2599.8
1419070 2599.8
1419080 2595.1
1419090 2589.7
1419100 2589.7
1419110 2582.2
1419120 2574.2
1419130 2574.2
1419140 2569.4
1419150 2564.6
1419160 2560.4
1419170 2560.4
1419180 2557.5
1419190 2553.7
1419200 2553.7
1419210 2548.7
1419220 2543.0
1419230 2543.0
1419240 2536.7
1419250 2529.7
1419260 2529.7
1419270 2525.2
1419280 2523.9
1419290 2523.9
1419300 2522.4
1419310 2522.4
1419320 2522.4
1419330 2520.0
1419340 2516.1
1419350 2516.1
1419360 2512.0
1419370 2507.9
1419380 2503.8
1419390 2503.8
1419400 2500.0
1419410 2496.4
1419420 2496.4
1419430 2493.1
1419440 2489.5
1419450 2489.5
1419460 2485.6
1419470 2481.2
1419480 2481.2
1419490 2476.9
1419500 2472.3
1419510 2472.3
1419520 2467.2
1419530 2461.4
1419540 2461.4
1419550 2452.9
1419560 2443.3
1419570 2446.4
1419580 2440.2
1419590 2434.8
1419600 2432.6
1419610 2432.6
1419620 2429.5
1419630 2424.1
1419640 2424.1
1419650 2419.6
1419660 2415.7
1419670 2415.7
1419680 2411.8
1419690 2407.5
1419700 2407.5
1419710 2403.2
1419720 2399.5
1419730 2399.5
1419740 2396.9
1419750 2394.8
1419760 2394.8
1419770 2392.4
1419780 2388.9
1419790 2388.9
1419800 2385.3
1419810 2382.3
1419820 2379.5
1419830 2379.5
1419840 2377.0
1419850 2374.6
1419860 2374.6
1419870 2371.6
1419880 2369.0
1419890 2369.0
1419900 2366.3
1419910 2363.7
1419920 2363.7
1419930 2360.1
1419940 2356.4
1419950 2356.4
1419960 2352.2
1419970 2345.0
1419980 2345.0
1419990 2335.0
