1400000 2415.6
1400010 2417.8
1400020 2419.6
1400030 2419.6
1400040 2423.3
1400050 2429.6
1400060 2429.6
1400070 2437.4
1400080 2443.6
1400090 2443.6
1400100 2449.2
1400110 2455.2
1400120 2455.2
1400130 2461.1
1400140 2467.3
1400150 2467.3
1400160 2472.7
1400170 2477.9
1400180 2477.9
1400190 2483.5
1400200 2489.6
1400210 2496.0
1400220 2496.0
1400230 2502.3
1400240 2507.9
1400250 2507.9
1400260 2511.1
1400270 2514.2
1400280 2514.2
1400290 2517.7
1400300 2520.2
1400310 2520.2
1400320 2522.8
1400330 2525.6
1400340 2525.6
1400350 2528.5
1400360 2532.0
1400370 2532.0
1400380 2534.9
1400390 2537.8
1400400 2537.8
1400410 2541.1
1400420 2545.4
1400430 2552.4
1400440 2552.4
1400450 2558.8
1400460 2562.9
1400470 2562.9
1400480 2567.9
1400490 2573.8
1400500 2573.8
1400510 2578.3
1400520 2581.5
1400530 2581.5
1400540 2585.2
1400550 2588.7
1400560 2588.7
1400570 2591.3
1400580 2594.1
1400590 2594.1
1400600 2596.7
1400610 2599.7
1400620 2599.7
1400630 2603.2
1400640 2606.7
1400650 2610.0
1400660 2610.0
1400670 2612.8
1400680 2615.4
1400690 2615.4
1400700 2617.5
1400710 2619.6
1400720 2619.6
1400730 2621.7
1400740 2623.9
1400750 2623.9
1400760 2625.9
1400770 2627.6
1400780 2627.6
1400790 2629.0
1400800 2629.9
1400810 2629.9
1400820 2630.7
1400830 2630.9
1400840 2630.9
1400850 2630.6
1400860 2630.1
1400870 2630.1
1400880 2630.1
1400890 2630.5
1400900 2631.6
1400910 2631.6
1400920 2633.4
1400930 2636.2
1400940 2636.2
1400950 2639.9
1400960 2644.9
1400970 2644.9
1400980 2652.8
1400990 2658.5
1401000 2658.5
1401010 2662.7
1401020 2667.9
1401030 2667.9
1401040 2672.1
1401050 2675.6
1401060 2675.6
1401070 2679.3
1401080 2685.2
1401090 2691.9
1401100 2700.0
1401110 2708.5
1401120 2715.7
1401130 2715.7
1401140 2723.2
1401150 2729.5
1401160 2729.5
1401170 2734.2
1401180 2737.8
1401190 2737.8
1401200 2743.5
1401210 2750.2
1401220 2750.2
1401230 2755.5
1401240 2758.5
1401250 2758.5
1401260 2762.2
1401270 2766.2
1401280 2766.2
1401290 2769.7
1401300 2772.8
1401310 2772.8
1401320 2775.8
1401330 2778.7
1401340 2781.7
1401350 2781.7
1401360 2785.4
1401370 2789.8
1401380 2789.8
1401390 2794.5
1401400 2799.4
1401410 2799.4
1401420 2804.8
1401430 2810.7
1401440 2810.7
1401450 2817.1
1401460 2823.7
1401470 2823.7
1401480 2830.6
1401490 2837.5
1401500 2837.5
1401510 2844.5
1401520 2853.0
1401530 2853.0
1401540 2864.4
1401550 2875.1
1401560 2885.6
1401570 2885.6
1401580 2897.0
1401590 2907.2
1401600 2907.2
1401610 2918.5
1401620 2928.6
1401630 2928.6
1401640 2938.2
1401650 2946.0
1401660 2946.0
1401670 2948.9
1401680 2950.0
1401690 2950.0
1401700 2952.0
1401710 2955.0
1401720 2955.0
1401730 2957.2
1401740 2959.2
1401750 2959.2
1401760 2962.5
1401770 2966.4
1401780 2969.8
1401790 2969.8
1401800 2972.1
1401810 2973.0
1401820 2973.0
1401830 2973.1
1401840 2974.5
1401850 2974.5
1401860 2975.1
1401870 2975.3
1401880 2975.3
1401890 2977.0
1401900 2981.2
1401910 2981.2
1401920 2986.5
1401930 2992.1
1401940 2992.1
1401950 2998.9
1401960 3007.7
1401970 3007.7
1401980 3014.8
1401990 3018.0
1402000 3020.8
1402010 3020.8
1402020 3027.9
1402030 3034.3
1402040 3034.3
1402050 3037.6
1402060 3038.1
1402070 3038.1
1402080 3038.3
1402090 3038.7
1402100 3038.7
1402110 3039.0
1402120 3039.2
1402130 3039.2
1402140 3040.2
1402150 3041.1
1402160 3041.1
1402170 3041.2
1402180 3036.6
1402190 3036.6
1402200 3032.8
1402210 3030.9
1402220 3025.7
1402230 3025.7
1402240 3019.6
1402250 3016.0
1402260 3016.0
1402270 3011.0
1402280 3005.7
1402290 3005.7
1402300 3002.3
1402310 2995.8
1402320 2995.8
1402330 2989.7
1402340 2989.1
1402350 2989.1
1402360 2990.6
1402370 2988.7
1402380 2988.7
1402390 2983.7
1402400 2980.0
1402410 2980.0
1402420 2977.9
1402430 2974.7
1402440 2968.9
1402450 2968.9
1402460 2963.1
1402470 2957.0
1402480 2957.0
1402490 2950.9
1402500 2944.3
1402510 2944.3
1402520 2937.9
1402530 2931.9
1402540 2931.9
1402550 2922.5
1402560 2911.6
1402570 2911.6
1402580 2902.7
1402590 2892.2
1402600 2892.2
1402610 2881.7
1402620 2874.1
1402630 2874.1
1402640 2864.0
1402650 2856.0
1402660 2856.0
1402670 2844.6
1402680 2832.2
1402690 2823.3
1402700 2823.3
1402710 2815.3
1402720 2806.2
1402730 2806.2
1402740 2798.8
1402750 2792.0
1402760 2792.0
1402770 2785.4
1402780 2778.9
1402790 2778.9
1402800 2772.3
1402810 2765.3
1402820 2765.3
1402830 2758.4
1402840 2752.0
1402850 2752.0
1402860 2746.1
1402870 2740.9
1402880 2740.9
1402890 2735.7
1402900 2730.8
1402910 2726.3
1402920 2726.3
1402930 2722.5
1402940 2719.6
1402950 2719.6
1402960 2717.8
1402970 2716.3
1402980 2716.3
1402990 2714.9
1403000 2713.9
1403010 2713.9
1403020 2714.1
1403030 2715.7
1403040 2715.7
1403050 2718.2
1403060 2720.6
1403070 2720.6
1403080 2720.9
1403090 2718.0
1403100 2718.0
1403110 2712.1
1403120 2704.6
1403130 2693.2
1403140 2693.2
1403150 2676.1
1403160 2657.0
1403170 2657.0
1403180 2635.5
1403190 2615.6
1403200 2615.6
1403210 2606.2
1403220 2602.7
1403230 2602.7
1403240 2596.0
1403250 2581.1
1403260 2581.1
1403270 2570.2
1403280 2566.2
1403290 2566.2
1403300 2560.3
1403310 2558.3
1403320 2558.3
1403330 2553.1
1403340 2542.1
1403350 2531.9
1403360 2531.9
1403370 2525.3
1403380 2517.8
1403390 2517.8
1403400 2508.3
1403410 2497.6
1403420 2497.6
1403430 2484.4
1403440 2475.9
1403450 2475.9
1403460 2470.1
1403470 2458.6
1403480 2458.6
1403490 2436.2
1403500 2419.5
1403510 2419.5
1403520 2412.1
1403530 2407.9
1403540 2407.9
1403550 2404.7
1403560 2403.3
1403570 2401.8
1403580 2401.8
1403590 2400.1
1403600 2399.0
1403610 2399.0
1403620 2396.8
1403630 2394.3
1403640 2394.3
1403650 2391.7
1403660 2388.9
1403670 2388.9
1403680 2386.1
1403690 2382.4
1403700 2382.4
1403710 2378.3
1403720 2374.4
1403730 2374.4
1403740 2370.9
1403750 2367.1
1403760 2367.1
1403770 2363.2
1403780 2358.6
1403790 2354.0
1403800 2354.0
1403810 2349.1
1403820 2344.2
1403830 2344.2
1403840 2339.3
1403850 2334.4
1403860 2334.4
1403870 2329.4
1403880 2324.3
1403890 2324.3
1403900 2319.5
1403910 2314.7
1403920 2314.7
1403930 2310.3
1403940 2305.3
1403950 2305.3
1403960 2300.5
1403970 2295.9
1403980 2295.9
1403990 2291.3
1404000 2286.9
1404010 2286.9
1404020 2282.4
1404030 2278.2
1404040 2274.5
1404050 2274.5
1404060 2270.9
1404070 2267.4
1404080 2267.4
1404090 2263.6
1404100 2260.1
1404110 2260.1
1404120 2256.8
1404130 2253.6
1404140 2253.6
1404150 2250.2
1404160 2246.8
1404170 2246.8
1404180 2242.3
1404190 2238.2
1404200 2238.2
1404210 2234.2
1404220 2230.3
1404230 2230.3
1404240 2227.0
1404250 2225.0
1404260 2223.2
1404270 2223.2
1404280 2221.6
1404290 2220.2
1404300 2220.2
1404310 2218.2
1404320 2216.0
1404330 2216.0
1404340 2215.1
1404350 2216.4
1404360 2216.4
1404370 2219.5
1404380 2223.3
1404390 2223.3
1404400 2226.2
1404410 2228.1
1404420 2228.1
1404430 2230.7
1404440 2234.0
1404450 2234.0
1404460 2237.8
1404470 2241.2
1404480 2244.4
1404490 2244.4
1404500 2247.7
1404510 2251.7
1404520 2251.7
1404530 2255.8
1404540 2259.8
1404550 2259.8
1404560 2263.2
1404570 2265.0
1404580 2265.0
1404590 2265.2
1404600 2265.9
1404610 2265.9
1404620 2268.8
1404630 2272.1
1404640 2272.1
1404650 2276.2
1404660 2280.8
1404670 2280.8
1404680 2286.7
1404690 2293.8
1404700 2301.2
1404710 2301.2
1404720 2309.0
1404730 2317.0
1404740 2317.0
1404750 2323.5
1404760 2328.8
1404770 2328.8
1404780 2334.0
1404790 2340.8
1404800 2340.8
1404810 2347.6
1404820 2354.3
1404830 2354.3
1404840 2361.4
1404850 2369.8
1404860 2369.8
1404870 2377.2
1404880 2383.2
1404890 2383.2
1404900 2386.5
1404910 2389.9
1404920 2393.6
1404930 2393.6
1404940 2396.8
1404950 2400.7
1404960 2400.7
1404970 2404.2
1404980 2408.5
1404990 2408.5
1405000 2414.2
1405010 2418.4
1405020 2418.4
1405030 2425.2
1405040 2436.9
1405050 2436.9
1405060 2449.6
1405070 2458.0
1405080 2458.0
1405090 2461.7
1405100 2466.0
1405110 2466.0
1405120 2470.9
1405130 2473.2
1405140 2474.7
1405150 2474.7
1405160 2477.0
1405170 2485.4
1405180 2485.4
1405190 2493.6
1405200 2499.0
1405210 2499.0
1405220 2506.4
1405230 2510.0
1405240 2510.0
1405250 2514.9
1405260 2520.3
1405270 2520.3
1405280 2525.9
1405290 2531.7
1405300 2531.7
1405310 2536.0
1405320 2541.7
1405330 2541.7
1405340 2549.4
1405350 2562.0
1405360 2562.0
1405370 2577.3
1405380 2590.5
1405390 2596.2
1405400 2596.2
1405410 2599.0
1405420 2600.5
1405430 2600.5
1405440 2603.1
1405450 2611.0
1405460 2611.0
1405470 2619.0
1405480 2625.5
1405490 2625.5
1405500 2630.5
1405510 2633.7
1405520 2633.7
1405530 2636.2
1405540 2638.9
1405550 2638.9
1405560 2642.9
1405570 2647.7
1405580 2647.7
1405590 2653.4
1405600 2659.9
1405610 2666.4
1405620 2666.4
1405630 2673.3
1405640 2680.6
1405650 2680.6
1405660 2689.6
1405670 2698.5
1405680 2698.5
1405690 2704.8
1405700 2709.8
1405710 2709.8
1405720 2713.5
1405730 2717.9
1405740 2717.9
1405750 2722.2
1405760 2726.3
1405770 2725.2
1405780 2729.9
1405790 2734.4
1405800 2734.4
1405810 2738.4
1405820 2742.2
1405830 2745.9
1405840 2745.9
1405850 2748.7
1405860 2749.9
1405870 2749.9
1405880 2740.0
1405890 2722.4
1405900 2722.4
1405910 2709.5
1405920 2699.1
1405930 2699.1
1405940 2689.4
1405950 2680.4
1405960 2680.4
1405970 2672.0
1405980 2663.5
1405990 2663.5
1406000 2654.4
1406010 2646.6
1406020 2646.6
1406030 2638.9
1406040 2631.3
1406050 2623.5
1406060 2623.5
1406070 2616.7
1406080 2610.0
1406090 2610.0
1406100 2602.0
1406110 2592.3
1406120 2592.3
1406130 2586.2
1406140 2581.5
1406150 2581.5
1406160 2577.7
1406170 2573.8
1406180 2573.8
1406190 2570.0
1406200 2566.4
1406210 2566.4
1406220 2563.4
1406230 2557.9
1406240 2557.9
1406250 2551.8
1406260 2546.5
1406270 2540.3
1406280 2540.3
1406290 2530.0
1406300 2515.7
1406310 2515.7
1406320 2504.1
1406330 2489.4
1406340 2489.4
1406350 2478.3
1406360 2465.6
1406370 2465.6
1406380 2459.1
1406390 2452.9
1406400 2452.9
1406410 2446.6
1406420 2439.6
1406430 2439.6
1406440 2432.2
1406450 2425.5
1406460 2425.5
1406470 2419.6
1406480 2413.9
1406490 2408.9
1406500 2408.9
1406510 2403.9
1406520 2398.3
1406530 2398.3
1406540 2393.0
1406550 2387.7
1406560 2387.7
1406570 2382.1
1406580 2376.8
1406590 2376.8
1406600 2373.0
1406610 2367.3
1406620 2367.3
1406630 2362.1
1406640 2358.2
1406650 2358.2
1406660 2354.1
1406670 2352.4
1406680 2352.4
1406690 2352.7
1406700 2353.5
1406710 2355.8
1406720 2355.8
1406730 2355.8
1406740 2354.4
1406750 2354.4
1406760 2351.3
1406770 2349.2
1406780 2349.2
1406790 2348.1
1406800 2347.0
1406810 2347.0
1406820 2347.0
1406830 2346.8
1406840 2346.8
1406850 2345.7
1406860 2343.0
1406870 2343.0
1406880 2341.2
1406890 2337.1
1406900 2337.1
1406910 2332.9
1406920 2330.2
1406930 2330.2
1406940 2328.7
1406950 2325.7
1406960 2322.6
1406970 2322.6
1406980 2320.1
1406990 2317.0
1407000 2317.0
1407010 2314.6
1407020 2312.7
1407030 2312.7
1407040 2312.9
1407050 2314.4
1407060 2314.4
1407070 2316.3
1407080 2318.6
1407090 2318.6
1407100 2320.5
1407110 2321.2
1407120 2321.2
1407130 2323.1
1407140 2324.1
1407150 2324.1
1407160 2322.8
1407170 2321.6
1407180 2320.6
1407190 2320.6
1407200 2320.8
1407210 2322.7
1407220 2322.7
1407230 2320.3
1407240 2319.4
1407250 2319.4
1407260 2319.1
1407270 2317.4
1407280 2317.4
1407290 2315.9
1407300 2316.5
1407310 2316.5
1407320 2321.2
1407330 2323.7
1407340 2323.7
1407350 2326.0
1407360 2328.9
1407370 2328.9
1407380 2332.2
1407390 2335.6
1407400 2337.2
1407410 2337.2
1407420 2339.4
1407430 2339.9
1407440 2339.9
1407450 2339.5
1407460 2339.9
1407470 2339.9
1407480 2341.1
1407490 2342.1
1407500 2342.1
1407510 2343.1
1407520 2344.3
1407530 2344.3
1407540 2345.4
1407550 2346.5
1407560 2346.5
1407570 2347.7
1407580 2347.1
1407590 2347.1
1407600 2349.5
1407610 2352.5
1407620 2355.7
1407630 2355.7
1407640 2356.4
1407650 2357.2
1407660 2357.2
1407670 2360.7
1407680 2362.3
1407690 2362.3
1407700 2366.9
1407710 2372.0
1407720 2372.0
1407730 2377.7
1407740 2382.4
1407750 2382.4
1407760 2388.5
1407770 2402.4
1407780 2402.4
1407790 2422.3
1407800 2437.3
1407810 2437.3
1407820 2448.4
1407830 2461.4
1407840 2471.3
1407850 2471.3
1407860 2480.7
1407870 2490.7
1407880 2490.7
1407890 2500.8
1407900 2510.0
1407910 2510.0
1407920 2519.3
1407930 2529.2
1407940 2529.2
1407950 2538.8
1407960 2546.9
1407970 2546.9
1407980 2556.6
1407990 2563.5
1408000 2563.5
1408010 2570.5
1408020 2577.1
1408030 2577.1
1408040 2581.4
1408050 2579.4
1408060 2578.1
1408070 2578.1
1408080 2576.7
1408090 2574.3
1408100 2574.3
1408110 2572.2
1408120 2571.5
1408130 2571.5
1408140 2571.6
1408150 2571.7
1408160 2571.7
1408170 2571.4
1408180 2571.1
1408190 2571.1
1408200 2570.3
1408210 2568.1
1408220 2568.1
1408230 2566.6
1408240 2565.4
1408250 2565.4
1408260 2564.6
1408270 2565.3
1408280 2567.0
1408290 2567.0
1408300 2569.0
1408310 2570.8
1408320 2570.8
1408330 2572.6
1408340 2574.1
1408350 2574.1
1408360 2575.9
1408370 2577.8
1408380 2577.8
1408390 2581.9
1408400 2586.3
1408410 2586.3
1408420 2589.5
1408430 2590.3
1408440 2590.3
1408450 2592.2
1408460 2594.0
1408470 2594.0
1408480 2595.9
1408490 2596.8
1408500 2596.8
1408510 2597.7
1408520 2599.5
1408530 2601.3
1408540 2601.3
1408550 2603.6
1408560 2606.0
1408570 2606.0
1408580 2609.3
1408590 2613.1
1408600 2613.1
1408610 2617.3
1408620 2621.3
1408630 2621.3
1408640 2627.3
1408650 2635.7
1408660 2635.7
1408670 2639.1
1408680 2643.2
1408690 2643.2
1408700 2644.7
1408710 2645.1
1408720 2645.1
1408730 2645.5
1408740 2646.5
1408750 2648.6
1408760 2648.6
1408770 2652.3
1408780 2654.6
1408790 2654.6
1408800 2658.3
1408810 2663.6
1408820 2663.6
1408830 2671.4
1408840 2679.9
1408850 2679.9
1408860 2687.9
1408870 2697.6
1408880 2697.6
1408890 2709.7
1408900 2716.3
1408910 2716.3
1408920 2719.8
1408930 2724.3
1408940 2724.3
1408950 2729.4
1408960 2735.7
1408970 2743.7
1408980 2743.7
1408990 2750.3
1409000 2753.4
1409010 2753.4
1409020 2757.8
1409030 2762.9
1409040 2762.9
1409050 2765.6
1409060 2764.7
1409070 2764.7
1409080 2768.8
1409090 2773.7
1409100 2773.7
1409110 2777.8
1409120 2781.1
1409130 2781.1
1409140 2783.3
1409150 2788.3
1409160 2788.3
1409170 2795.0
1409180 2799.1
1409190 2803.4
1409200 2803.4
1409210 2807.8
1409220 2810.9
1409230 2810.9
1409240 2813.9
1409250 2819.0
1409260 2819.0
1409270 2825.9
1409280 2833.5
1409290 2833.5
1409300 2840.3
1409310 2846.7
1409320 2846.7
1409330 2852.0
1409340 2856.4
1409350 2856.4
1409360 2861.2
1409370 2865.7
1409380 2865.7
1409390 2870.0
1409400 2875.4
1409410 2880.4
1409420 2880.4
1409430 2885.4
1409440 2890.9
1409450 2890.9
1409460 2896.0
1409470 2899.6
1409480 2899.6
1409490 2903.1
1409500 2907.8
1409510 2907.8
1409520 2912.6
1409530 2923.6
1409540 2923.6
1409550 2932.7
1409560 2940.3
1409570 2940.3
1409580 2946.3
1409590 2948.0
1409600 2948.0
1409610 2954.1
1409620 2959.6
1409630 2966.9
1409640 2966.9
1409650 2973.0
1409660 2983.3
1409670 2983.3
1409680 2998.6
1409690 3009.5
1409700 3009.5
1409710 3018.4
1409720 3020.5
1409730 3020.5
1409740 3023.7
1409750 3027.2
1409760 3027.2
1409770 3031.9
1409780 3037.5
1409790 3037.5
1409800 3041.6
1409810 3046.2
1409820 3046.2
1409830 3051.3
1409840 3056.8
1409850 3062.2
1409860 3062.2
1409870 3068.1
1409880 3075.8
1409890 3075.8
1409900 3085.9
1409910 3097.6
1409920 3097.6
1409930 3107.4
1409940 3117.5
1409950 3117.5
1409960 3127.5
1409970 3136.7
1409980 3136.7
1409990 3147.1
1410000 3158.0
1410010 3158.0
1410020 3168.9
1410030 3178.5
1410040 3178.5
1410050 3186.3
1410060 3194.2
1410070 3194.2
1410080 3203.7
1410090 3212.5
1410100 3223.3
1410110 3223.3
1410120 3232.5
1410130 3242.9
1410140 3242.9
1410150 3247.0
1410160 3241.6
1410170 3241.6
1410180 3236.2
1410190 3230.4
1410200 3230.4
1410210 3224.9
1410220 3220.7
1410230 3220.7
1410240 3217.4
1410250 3214.6
1410260 3214.6
1410270 3212.0
1410280 3209.6
1410290 3209.6
1410300 3207.2
1410310 3204.9
1410320 3202.7
1410330 3202.7
1410340 3200.6
1410350 3198.5
1410360 3198.5
1410370 3196.5
1410380 3194.6
1410390 3194.6
1410400 3192.7
1410410 3190.9
1410420 3190.9
1410430 3189.2
1410440 3187.6
1410450 3187.6
1410460 3186.2
1410470 3184.8
1410480 3184.8
1410490 3183.4
1410500 3182.2
1410510 3182.2
1410520 3181.0
1410530 3179.8
1410540 3178.7
1410550 3178.7
1410560 3177.6
1410570 3176.5
1410580 3176.5
1410590 3175.4
1410600 3174.3
1410610 3174.3
1410620 3173.3
1410630 3172.2
1410640 3172.2
1410650 3171.0
1410660 3169.9
1410670 3169.9
1410680 3168.8
1410690 3167.7
1410700 3167.7
1410710 3166.6
1410720 3165.5
1410730 3165.5
1410740 3164.5
1410750 3163.4
1410760 3162.3
1410770 3162.3
1410780 3161.2
1410790 3160.1
1410800 3160.1
1410810 3159.0
1410820 3158.0
1410830 3158.0
1410840 3156.9
1410850 3155.7
1410860 3155.7
1410870 3154.7
1410880 3153.4
1410890 3153.4
1410900 3152.1
1410910 3151.2
1410920 3151.2
1410930 3150.2
1410940 3149.1
1410950 3149.1
1410960 3147.9
1410970 3146.8
1410980 3145.6
1410990 3145.6
1411000 3144.4
1411010 3143.2
1411020 3143.2
1411030 3142.1
1411040 3141.0
1411050 3141.0
1411060 3139.8
1411070 3138.5
1411080 3138.5
1411090 3137.3
1411100 3136.1
1411110 3136.1
1411120 3134.9
1411130 3133.6
1411140 3133.6
1411150 3132.4
1411160 3131.2
1411170 3131.2
1411180 3130.0
1411190 3128.9
1411200 3127.7
1411210 3127.7
1411220 3126.6
1411230 3125.4
1411240 3125.4
1411250 3124.4
1411260 3123.3
1411270 3123.3
1411280 3122.3
1411290 3121.4
1411300 3121.4
1411310 3120.5
1411320 3119.7
1411330 3119.7
1411340 3118.9
1411350 3118.1
1411360 3118.1
1411370 3117.3
1411380 3116.5
1411390 3116.5
1411400 3115.5
1411410 3114.7
1411420 3114.7
1411430 3113.6
1411440 3112.5
1411450 3111.2
1411460 3111.2
1411470 3109.8
1411480 3108.3
1411490 3108.3
1411500 3106.7
1411510 3105.1
1411520 3105.1
1411530 3103.5
1411540 3101.9
1411550 3101.9
1411560 3100.2
1411570 3098.6
1411580 3098.6
1411590 3097.1
1411600 3095.4
1411610 3095.4
1411620 3093.7
1411630 3091.9
1411640 3091.9
1411650 3090.0
1411660 3088.1
1411670 3086.2
1411680 3086.2
1411690 3084.2
1411700 3082.1
1411710 3082.1
1411720 3079.9
1411730 3077.8
1411740 3077.8
1411750 3075.7
1411760 3073.5
1411770 3073.5
1411780 3071.3
1411790 3069.1
1411800 3069.1
1411810 3066.9
1411820 3064.8
1411830 3064.8
1411840 3062.7
1411850 3060.7
1411860 3060.7
1411870 3058.8
1411880 3056.9
1411890 3055.1
1411900 3055.1
1411910 3053.4
1411920 3051.8
1411930 3051.8
1411940 3050.3
1411950 3048.8
1411960 3048.8
1411970 3047.5
1411980 3046.2
1411990 3046.2
1412000 3044.9
1412010 3043.8
1412020 3043.8
1412030 3042.8
1412040 3041.8
1412050 3041.8
1412060 3040.9
1412070 3040.1
1412080 3040.1
1412090 3039.3
1412100 3038.7
1412110 3038.1
1412120 3038.1
1412130 3037.6
1412140 3037.1
1412150 3037.1
1412160 3036.8
1412170 3036.5
1412180 3036.5
1412190 3036.3
1412200 3036.1
1412210 3036.1
1412220 3036.0
1412230 3035.9
1412240 3035.9
1412250 3035.9
1412260 3035.8
1412270 3035.8
1412280 3035.8
1412290 3035.8
1412300 3035.8
1412310 3035.9
1412320 3036.0
1412330 3036.0
1412340 3036.0
1412350 3036.0
1412360 3036.1
1412370 3036.1
1412380 3036.2
1412390 3036.2
1412400 3036.2
1412410 3036.2
1412420 3036.1
1412430 3036.1
1412440 3036.1
1412450 3035.9
1412460 3035.9
1412470 3035.9
1412480 3035.9
1412490 3035.9
1412500 3035.7
1412510 3034.6
1412520 3034.6
1412530 3034.4
1412540 3034.2
1412550 3034.0
1412560 3034.0
1412570 3033.8
1412580 3033.4
1412590 3033.4
1412600 3033.2
1412610 3032.9
1412620 3032.9
1412630 3032.6
1412640 3032.3
1412650 3032.3
1412660 3031.9
1412670 3031.6
1412680 3031.6
1412690 3031.2
1412700 3030.8
1412710 3030.8
1412720 3030.3
1412730 3029.8
1412740 3029.8
1412750 3029.5
1412760 3028.8
1412770 3028.2
1412780 3028.2
1412790 3027.5
1412800 3026.8
1412810 3026.8
1412820 3026.1
1412830 3025.3
1412840 3025.3
1412850 3024.7
1412860 3024.5
1412870 3024.5
1412880 3024.1
1412890 3023.4
1412900 3023.4
1412910 3022.7
1412920 3021.9
1412930 3021.9
1412940 3021.0
1412950 3020.1
1412960 3020.1
1412970 3019.2
1412980 3018.2
1412990 3018.2
1413000 3017.2
1413010 3016.2
1413020 3015.2
1413030 3015.2
1413040 3014.2
1413050 3013.2
1413060 3013.2
1413070 3012.2
1413080 3011.2
1413090 3011.2
1413100 3010.1
1413110 3009.0
1413120 3009.0
1413130 3007.9
1413140 3006.7
1413150 3006.7
1413160 3005.4
1413170 3004.2
1413180 3004.2
1413190 3002.8
1413200 3001.5
1413210 3001.5
1413220 3000.2
1413230 2998.9
1413240 2997.6
1413250 2997.6
1413260 2996.3
1413270 2995.1
1413280 2995.1
1413290 2993.9
1413300 2992.8
1413310 2992.8
1413320 2991.6
1413330 2990.4
1413340 2990.4
1413350 2989.3
1413360 2988.3
1413370 2988.3
1413380 2987.3
1413390 2986.4
1413400 2986.4
1413410 2985.6
1413420 2984.9
1413430 2984.9
1413440 2984.2
1413450 2983.5
1413460 2982.9
1413470 2982.9
1413480 2982.3
1413490 2981.7
1413500 2981.7
1413510 2981.2
1413520 2980.8
1413530 2980.8
1413540 2980.4
1413550 2980.1
1413560 2980.1
1413570 2979.8
1413580 2979.5
1413590 2979.5
1413600 2979.4
1413610 2979.3
1413620 2979.3
1413630 2979.2
1413640 2979.1
1413650 2979.1
1413660 2979.1
1413670 2979.2
1413680 2979.4
1413690 2979.4
1413700 2979.5
1413710 2979.7
1413720 2979.7
1413730 2979.9
1413740 2979.9
1413750 2979.9
1413760 2980.0
1413770 2980.0
1413780 2980.0
1413790 2980.1
1413800 2980.1
1413810 2980.1
1413820 2980.1
1413830 2980.2
1413840 2980.2
1413850 2980.3
1413860 2980.4
1413870 2980.4
1413880 2980.5
1413890 2980.8
1413900 2981.1
1413910 2981.1
1413920 2981.5
1413930 2982.1
1413940 2982.1
1413950 2982.7
1413960 2983.5
1413970 2983.5
1413980 2984.3
1413990 2985.2
1414000 2985.2
1414010 2986.2
1414020 2987.2
1414030 2987.2
1414040 2988.2
1414050 2989.2
1414060 2989.2
1414070 2990.3
1414080 2991.5
1414090 2991.5
1414100 2993.0
1414110 2994.5
1414120 2996.2
1414130 2996.2
1414140 2998.1
1414150 3000.1
1414160 3000.1
1414170 3002.3
1414180 3004.4
1414190 3004.4
1414200 3006.9
1414210 3009.4
1414220 3009.4
1414230 3012.1
1414240 3015.1
1414250 3015.1
1414260 3018.1
1414270 3021.2
1414280 3021.2
1414290 3021.9
1414300 3025.0
1414310 3025.0
1414320 3027.9
1414330 3030.8
1414340 3033.5
1414350 3033.5
1414360 3036.1
1414370 3038.5
1414380 3038.5
1414390 3040.7
1414400 3042.8
1414410 3042.8
1414420 3044.9
1414430 3046.9
1414440 3046.9
1414450 3048.8
1414460 3050.8
1414470 3050.8
1414480 3052.7
1414490 3054.7
1414500 3054.7
1414510 3056.9
1414520 3059.3
1414530 3059.3
1414540 3061.9
1414550 3064.5
1414560 3064.5
1414570 3066.9
1414580 3069.1
1414590 3071.3
1414600 3071.3
1414610 3073.4
1414620 3075.4
1414630 3075.4
1414640 3077.3
1414650 3079.1
1414660 3079.1
1414670 3080.9
1414680 3082.5
1414690 3082.5
1414700 3084.1
1414710 3085.7
1414720 3085.7
1414730 3087.1
1414740 3088.5
1414750 3088.5
1414760 3090.0
1414770 3091.5
1414780 3091.5
1414790 3092.8
1414800 3094.0
1414810 3095.3
1414820 3095.3
1414830 3096.5
1414840 3097.8
1414850 3097.8
1414860 3099.1
1414870 3100.2
1414880 3100.2
1414890 3101.2
1414900 3102.3
1414910 3102.3
1414920 3103.4
1414930 3104.4
1414940 3104.4
1414950 3105.3
1414960 3106.3
1414970 3106.3
1414980 3107.2
1414990 3108.1
1415000 3108.1
1415010 3109.0
1415020 3109.8
1415030 3110.6
1415040 3110.6
1415050 3111.4
1415060 3112.3
1415070 3112.3
1415080 3113.2
1415090 3114.1
1415100 3114.1
1415110 3115.0
1415120 3116.0
1415130 3116.0
1415140 3117.1
1415150 3118.0
1415160 3118.0
1415170 3119.2
1415180 3120.3
1415190 3120.3
1415200 3121.4
1415210 3122.5
1415220 3122.5
1415230 3123.7
1415240 3124.9
1415250 3126.1
1415260 3126.1
1415270 3127.3
1415280 3128.6
1415290 3128.6
1415300 3129.8
1415310 3131.0
1415320 3131.0
1415330 3132.3
1415340 3133.7
1415350 3133.7
1415360 3135.0
1415370 3136.5
1415380 3136.5
1415390 3138.1
1415400 3139.7
1415410 3139.7
1415420 3141.2
1415430 3142.7
1415440 3142.7
1415450 3144.2
1415460 3145.8
1415470 3147.2
1415480 3147.2
1415490 3148.7
1415500 3150.1
1415510 3150.1
1415520 3151.4
1415530 3152.4
1415540 3152.4
1415550 3153.3
1415560 3153.9
1415570 3153.9
1415580 3154.2
1415590 3154.4
1415600 3154.4
1415610 3154.4
1415620 3154.2
1415630 3154.2
1415640 3153.9
1415650 3153.4
1415660 3153.4
1415670 3152.8
1415680 3152.1
1415690 3151.4
1415700 3151.4
1415710 3150.5
1415720 3149.6
1415730 3149.6
1415740 3148.5
1415750 3147.6
1415760 3147.6
1415770 3146.9
1415780 3146.4
1415790 3146.4
1415800 3146.2
1415810 3146.7
1415820 3146.7
1415830 3149.7
1415840 3155.1
1415850 3155.1
1415860 3158.6
1415870 3154.1
1415880 3154.1
1415890 3144.4
1415900 3133.2
1415910 3123.8
1415920 3123.8
1415930 3115.5
1415940 3107.4
1415950 3107.4
1415960 3100.0
1415970 3092.3
1415980 3092.3
1415990 3081.1
1416000 3071.4
1416010 3071.4
1416020 3064.0
1416030 3056.3
1416040 3056.3
1416050 3050.4
1416060 3046.4
1416070 3046.4
1416080 3042.7
1416090 3037.6
1416100 3037.6
1416110 3033.0
1416120 3026.2
1416130 3026.2
1416140 3022.8
1416150 3021.6
1416160 3020.6
1416170 3020.6
1416180 3019.4
1416190 3018.1
1416200 3018.1
1416210 3016.7
1416220 3015.5
1416230 3015.5
1416240 3014.2
1416250 3012.9
1416260 3012.9
1416270 3011.6
1416280 3010.1
1416290 3010.1
1416300 3008.1
1416310 3005.4
1416320 3005.4
1416330 3001.9
1416340 2998.2
1416350 2998.2
1416360 2995.0
1416370 2992.2
1416380 2989.6
1416390 2989.6
1416400 2986.9
1416410 2984.1
1416420 2984.1
1416430 2981.1
1416440 2978.1
1416450 2978.1
1416460 2975.4
1416470 2973.2
1416480 2973.2
1416490 2971.6
1416500 2971.1
1416510 2971.1
1416520 2971.8
1416530 2974.4
1416540 2974.4
1416550 2978.8
1416560 2985.6
1416570 2985.6
1416580 2995.6
1416590 3009.8
1416600 3028.0
1416610 3028.0
1416620 3037.0
1416630 3039.7
1416640 3039.7
1416650 3042.3
1416660 3045.2
1416670 3045.2
1416680 3048.5
1416690 3052.4
1416700 3052.4
1416710 3056.5
1416720 3060.6
1416730 3060.6
1416740 3064.5
1416750 3068.2
1416760 3068.2
1416770 3072.0
1416780 3075.3
1416790 3075.3
1416800 3078.9
1416810 3081.2
1416820 3083.1
1416830 3083.1
1416840 3085.2
1416850 3087.5
1416860 3087.5
1416870 3089.1
1416880 3090.9
1416890 3090.9
1416900 3092.3
1416910 3091.9
1416920 3091.9
1416930 3091.0
1416940 3090.7
1416950 3090.7
1416960 3090.8
1416970 3091.3
1416980 3091.3
1416990 3090.9
1417000 3089.0
1417010 3089.0
1417020 3086.4
1417030 3083.9
1417040 3082.5
1417050 3082.5
1417060 3080.8
1417070 3077.1
1417080 3077.1
1417090 3072.4
1417100 3067.5
1417110 3067.5
1417120 3063.4
1417130 3061.1
1417140 3061.1
1417150 3060.7
1417160 3061.2
1417170 3061.2
1417180 3061.7
1417190 3062.1
1417200 3062.1
1417210 3062.1
1417220 3062.1
1417230 3062.1
1417240 3062.3
1417250 3062.7
1417260 3063.4
1417270 3063.4
1417280 3064.4
1417290 3067.0
1417300 3067.0
1417310 3072.0
1417320 3077.4
1417330 3077.4
1417340 3086.1
1417350 3094.3
1417360 3094.3
1417370 3101.8
1417380 3108.3
1417390 3108.3
1417400 3113.5
1417410 3117.3
1417420 3117.3
1417430 3119.5
1417440 3118.1
1417450 3118.1
1417460 3115.8
1417470 3112.0
1417480 3108.1
1417490 3108.1
1417500 3104.2
1417510 3100.4
1417520 3100.4
1417530 3096.8
1417540 3092.9
1417550 3092.9
1417560 3089.0
1417570 3084.7
1417580 3084.7
1417590 3080.3
1417600 3076.0
1417610 3076.0
1417620 3071.7
1417630 3067.3
1417640 3067.3
1417650 3062.7
1417660 3058.2
1417670 3058.2
1417680 3053.4
1417690 3048.4
1417700 3048.4
1417710 3043.5
1417720 3038.8
1417730 3034.4
1417740 3034.4
1417750 3030.0
1417760 3026.0
1417770 3026.0
1417780 3022.3
1417790 3019.0
1417800 3019.0
1417810 3015.9
1417820 3012.1
1417830 3012.1
1417840 3007.4
1417850 3000.6
1417860 3000.6
1417870 2993.8
1417880 2986.3
1417890 2986.3
1417900 2975.2
1417910 2964.2
1417920 2964.2
1417930 2953.3
1417940 2943.1
1417950 2933.1
1417960 2933.1
1417970 2923.3
1417980 2913.2
1417990 2913.2
1418000 2904.7
1418010 2894.6
1418020 2894.6
1418030 2884.1
1418040 2868.5
1418050 2868.5
1418060 2833.7
1418070 2817.5
1418080 2817.5
1418090 2809.0
1418100 2799.5
1418110 2799.5
1418120 2790.0
1418130 2781.4
1418140 2781.4
1418150 2773.6
1418160 2766.2
1418170 2760.4
1418180 2760.4
1418190 2752.1
1418200 2745.1
1418210 2745.1
1418220 2738.2
1418230 2730.9
1418240 2730.9
1418250 2724.5
1418260 2717.8
1418270 2717.8
1418280 2710.9
1418290 2703.7
1418300 2703.7
1418310 2695.3
1418320 2685.7
1418330 2685.7
1418340 2676.3
1418350 2665.6
1418360 2665.6
1418370 2653.8
1418380 2642.2
1418390 2631.4
1418400 2631.4
1418410 2622.8
1418420 2615.8
1418430 2615.8
1418440 2609.9
1418450 2605.7
1418460 2605.7
1418470 2602.6
1418480 2601.4
1418490 2601.4
1418500 2601.9
1418510 2602.2
1418520 2602.2
1418530 2600.4
1418540 2598.6
1418550 2598.6
1418560 2596.2
1418570 2595.0
1418580 2595.0
1418590 2592.1
1418600 2592.3
1418610 2590.1
1418620 2590.1
1418630 2586.0
1418640 2581.8
1418650 2581.8
1418660 2576.4
1418670 2567.0
1418680 2567.0
1418690 2558.1
1418700 2553.6
1418710 2553.6
1418720 2550.8
1418730 2549.2
1418740 2549.2
1418750 2548.2
1418760 2545.2
1418770 2545.2
1418780 2540.3
1418790 2535.7
1418800 2535.7
1418810 2530.0
1418820 2525.6
1418830 2523.4
1418840 2523.4
1418850 2521.6
1418860 2518.6
1418870 2518.6
1418880 2514.4
1418890 2510.5
1418900 2510.5
1418910 2508.9
1418920 2506.5
1418930 2506.5
1418940 2503.1
1418950 2500.0
1418960 2500.0
1418970 2497.9
1418980 2496.7
1418990 2496.7
1419000 2493.7
1419010 2490.0
1419020 2490.0
1419030 2486.6
1419040 2483.0
1419050 2483.0
1419060 2478.8
1419070 2474.6
1419080 2468.2
1419090 2468.2
1419100 2461.7
1419110 2455.7
1419120 2455.7
1419130 2449.1
1419140 2441.6
1419150 2441.6
1419160 2432.5
1419170 2421.1
1419180 2421.1
1419190 2408.7
1419200 2401.5
1419210 2401.5
1419220 2396.2
1419230 2391.1
1419240 2391.1
1419250 2383.7
1419260 2376.7
1419270 2376.7
1419280 2371.4
1419290 2367.9
1419300 2363.0
1419310 2363.0
1419320 2355.7
1419330 2347.6
1419340 2347.6
1419350 2340.3
1419360 2334.9
1419370 2334.9
1419380 2331.2
1419390 2329.6
1419400 2329.6
1419410 2329.3
1419420 2328.4
1419430 2328.4
1419440 2325.5
1419450 2323.4
1419460 2323.4
1419470 2320.7
1419480 2317.2
1419490 2317.2
1419500 2313.8
1419510 2310.3
1419520 2306.1
1419530 2306.1
1419540 2302.9
1419550 2298.4
1419560 2298.4
1419570 2292.6
1419580 2287.7
1419590 2287.7
1419600 2283.6
1419610 2279.9
1419620 2279.9
1419630 2277.0
1419640 2274.8
1419650 2274.8
1419660 2271.2
1419670 2268.0
1419680 2268.0
1419690 2265.9
1419700 2263.4
1419710 2263.4
1419720 2259.0
1419730 2254.4
1419740 2250.9
1419750 2250.9
1419760 2247.9
1419770 2243.0
1419780 2243.0
1419790 2238.0
1419800 2234.1
1419810 2234.1
1419820 2229.8
1419830 2226.0
1419840 2226.0
1419850 2223.6
1419860 2220.6
1419870 2220.6
1419880 2216.1
1419890 2211.4
1419900 2211.4
1419910 2206.2
1419920 2200.7
1419930 2200.7
1419940 2195.7
1419950 2193.1
1419960 2192.7
1419970 2192.7
1419980 2191.9
1419990 2191.9
