1400000 2507.7
1400010 2514.4
1400020 2519.1
1400030 2522.7
1400040 2522.7
1400050 2527.7
1400060 2532.7
1400070 2532.7
1400080 2536.6
1400090 2538.5
1400100 2538.5
1400110 2539.8
1400120 2542.1
1400130 2542.1
1400140 2546.2
1400150 2552.4
1400160 2552.4
1400170 2561.0
1400180 2572.4
1400190 2572.4
1400200 2579.0
1400210 2583.3
1400220 2583.3
1400230 2588.1
1400240 2592.5
1400250 2597.3
1400260 2597.3
1400270 2601.6
1400280 2603.1
1400290 2603.1
1400300 2604.3
1400310 2605.2
1400320 2605.2
1400330 2605.1
1400340 2603.9
1400350 2603.9
1400360 2604.3
1400370 2606.4
1400380 2606.4
1400390 2608.9
1400400 2611.9
1400410 2611.9
1400420 2616.2
1400430 2621.9
1400440 2621.9
1400450 2626.6
1400460 2631.7
1400470 2637.0
1400480 2637.0
1400490 2642.8
1400500 2648.7
1400510 2648.7
1400520 2654.3
1400530 2660.0
1400540 2660.0
1400550 2666.5
1400560 2673.9
1400570 2673.9
1400580 2683.0
1400590 2697.4
1400600 2697.4
1400610 2711.1
1400620 2721.8
1400630 2721.8
1400640 2729.1
1400650 2733.1
1400660 2733.1
1400670 2735.2
1400680 2737.7
1400690 2739.4
1400700 2739.4
1400710 2741.2
1400720 2743.3
1400730 2743.3
1400740 2746.0
1400750 2748.5
1400760 2748.5
1400770 2751.6
1400780 2755.7
1400790 2755.7
1400800 2761.2
1400810 2767.8
1400820 2767.8
1400830 2777.3
1400840 2786.8
1400850 2786.8
1400860 2792.0
1400870 2794.9
1400880 2794.9
1400890 2798.7
1400900 2801.5
1400910 2801.5
1400920 2804.1
1400930 2806.5
1400940 2808.5
1400950 2808.5
1400960 2809.9
1400970 2811.3
1400980 2811.3
1400990 2813.2
1401000 2815.4
1401010 2815.4
1401020 2817.9
1401030 2820.7
1401040 2820.7
1401050 2823.7
1401060 2826.7
1401070 2826.7
1401080 2829.8
1401090 2833.0
1401100 2833.0
1401110 2836.4
1401120 2840.0
1401130 2840.0
1401140 2843.9
1401150 2848.0
1401160 2852.1
1401170 2852.1
1401180 2856.4
1401190 2860.7
1401200 2860.7
1401210 2865.0
1401220 2869.4
1401230 2869.4
1401240 2873.8
1401250 2876.1
1401260 2876.1
1401270 2880.4
1401280 2884.5
1401290 2884.5
1401300 2888.6
1401310 2892.5
1401320 2892.5
1401330 2896.4
1401340 2900.2
1401350 2900.2
1401360 2903.6
1401370 2906.4
1401380 2908.8
1401390 2908.8
1401400 2910.8
1401410 2912.4
1401420 2912.4
1401430 2913.7
1401440 2914.9
1401450 2914.9
1401460 2915.8
1401470 2916.6
1401480 2916.6
1401490 2917.3
1401500 2918.0
1401510 2918.0
1401520 2918.9
1401530 2920.1
1401540 2920.1
1401550 2922.0
1401560 2924.8
1401570 2924.8
1401580 2928.6
1401590 2933.9
1401600 2940.9
1401610 2940.9
1401620 2955.5
1401630 2971.4
1401640 2971.4
1401650 2987.1
1401660 2996.0
1401670 2996.0
1401680 2994.0
1401690 2989.9
1401700 2989.9
1401710 2983.3
1401720 2973.9
1401730 2973.9
1401740 2968.0
1401750 2964.0
1401760 2964.0
1401770 2960.1
1401780 2956.0
1401790 2956.0
1401800 2952.8
1401810 2951.5
1401820 2950.8
1401830 2950.8
1401840 2950.3
1401850 2949.8
1401860 2949.8
1401870 2949.4
1401880 2948.8
1401890 2948.8
1401900 2948.1
1401910 2947.2
1401920 2947.2
1401930 2946.2
1401940 2945.3
1401950 2945.3
1401960 2944.2
1401970 2942.7
1401980 2942.7
1401990 2940.9
1402000 2939.2
1402010 2939.2
1402020 2937.4
1402030 2935.6
1402040 2935.6
1402050 2933.7
1402060 2931.6
1402070 2929.3
1402080 2929.3
1402090 2926.7
1402100 2923.7
1402110 2923.7
1402120 2920.6
1402130 2917.5
1402140 2917.5
1402150 2914.3
1402160 2911.3
1402170 2911.3
1402180 2908.8
1402190 2907.0
1402200 2907.0
1402210 2905.4
1402220 2903.7
1402230 2903.7
1402240 2901.9
1402250 2899.7
1402260 2899.7
1402270 2897.3
1402280 2894.7
1402290 2891.6
1402300 2891.6
1402310 2888.5
1402320 2885.2
1402330 2885.2
1402340 2881.8
1402350 2878.5
1402360 2878.5
1402370 2875.1
1402380 2871.7
1402390 2871.7
1402400 2868.2
1402410 2864.8
1402420 2864.8
1402430 2861.3
1402440 2857.5
1402450 2857.5
1402460 2853.7
1402470 2849.6
1402480 2849.6
1402490 2845.4
1402500 2840.9
1402510 2836.3
1402520 2836.3
1402530 2831.7
1402540 2827.0
1402550 2827.0
1402560 2822.3
1402570 2817.8
1402580 2817.8
1402590 2813.4
1402600 2809.2
1402610 2809.2
1402620 2805.2
1402630 2801.6
1402640 2801.6
1402650 2798.1
1402660 2794.9
1402670 2794.9
1402680 2791.6
1402690 2788.3
1402700 2788.3
1402710 2784.8
1402720 2781.0
1402730 2777.1
1402740 2777.1
1402750 2773.2
1402760 2769.2
1402770 2769.2
1402780 2765.4
1402790 2762.3
1402800 2762.3
1402810 2758.8
1402820 2755.5
1402830 2755.5
1402840 2752.2
1402850 2749.0
1402860 2749.0
1402870 2746.0
1402880 2743.3
1402890 2743.3
1402900 2740.5
1402910 2737.6
1402920 2737.6
1402930 2735.0
1402940 2732.5
1402950 2732.5
1402960 2729.9
1402970 2727.4
1402980 2724.9
1402990 2724.9
1403000 2722.5
1403010 2720.0
1403020 2720.0
1403030 2717.5
1403040 2715.1
1403050 2715.1
1403060 2712.9
1403070 2711.5
1403080 2711.5
1403090 2710.0
1403100 2708.1
1403110 2708.1
1403120 2707.2
1403130 2706.7
1403140 2706.7
1403150 2706.9
1403160 2707.6
1403170 2707.6
1403180 2706.5
1403190 2703.8
1403200 2701.4
1403210 2701.4
1403220 2698.9
1403230 2696.9
1403240 2696.9
1403250 2694.0
1403260 2689.3
1403270 2689.3
1403280 2684.2
1403290 2680.5
1403300 2680.5
1403310 2677.6
1403320 2675.5
1403330 2675.5
1403340 2669.7
1403350 2665.8
1403360 2665.8
1403370 2663.6
1403380 2660.5
1403390 2660.5
1403400 2655.0
1403410 2645.1
1403420 2633.0
1403430 2633.0
1403440 2627.4
1403450 2626.2
1403460 2626.2
1403470 2622.9
1403480 2615.5
1403490 2615.5
1403500 2597.0
1403510 2581.8
1403520 2581.8
1403530 2569.2
1403540 2558.5
1403550 2558.5
1403560 2551.9
1403570 2545.0
1403580 2545.0
1403590 2539.3
1403600 2534.9
1403610 2534.9
1403620 2528.6
1403630 2523.3
1403640 2526.7
1403650 2526.7
1403660 2529.1
1403670 2516.5
1403680 2516.5
1403690 2504.5
1403700 2494.2
1403710 2494.2
1403720 2480.9
1403730 2472.8
1403740 2472.8
1403750 2466.5
1403760 2460.2
1403770 2460.2
1403780 2454.1
1403790 2448.3
1403800 2448.3
1403810 2442.0
1403820 2435.5
1403830 2435.5
1403840 2429.0
1403850 2422.2
1403860 2422.2
1403870 2415.4
1403880 2409.8
1403890 2404.5
1403900 2404.5
1403910 2394.1
1403920 2383.3
1403930 2383.3
1403940 2375.8
1403950 2369.4
1403960 2369.4
1403970 2364.5
1403980 2359.6
1403990 2359.6
1404000 2354.6
1404010 2349.5
1404020 2349.5
1404030 2344.7
1404040 2340.2
1404050 2340.2
1404060 2335.3
1404070 2331.3
1404080 2331.3
1404090 2328.4
1404100 2325.3
1404110 2321.5
1404120 2321.5
1404130 2318.1
1404140 2314.6
1404150 2314.6
1404160 2311.4
1404170 2308.7
1404180 2308.7
1404190 2306.2
1404200 2304.1
1404210 2304.1
1404220 2303.1
1404230 2303.3
1404240 2303.3
1404250 2302.4
1404260 2299.8
1404270 2299.8
1404280 2298.1
1404290 2297.1
1404300 2297.1
1404310 2295.8
1404320 2294.7
1404330 2293.6
1404340 2293.6
1404350 2294.7
1404360 2293.7
1404370 2293.7
1404380 2293.0
1404390 2292.6
1404400 2292.6
1404410 2292.8
1404420 2293.5
1404430 2293.5
1404440 2294.2
1404450 2294.5
1404460 2294.5
1404470 2294.5
1404480 2294.3
1404490 2294.3
1404500 2293.9
1404510 2294.2
1404520 2294.2
1404530 2295.3
1404540 2297.7
1404550 2299.7
1404560 2299.7
1404570 2301.9
1404580 2304.8
1404590 2304.8
1404600 2308.6
1404610 2312.7
1404620 2312.7
1404630 2315.8
1404640 2315.4
1404650 2315.4
1404660 2310.0
1404670 2304.7
1404680 2304.7
1404690 2296.7
1404700 2291.1
1404710 2291.1
1404720 2288.1
1404730 2285.9
1404740 2285.9
1404750 2284.5
1404760 2282.9
1404770 2282.8
1404780 2282.8
1404790 2284.1
1404800 2283.7
1404810 2283.7
1404820 2281.7
1404830 2280.2
1404840 2280.2
1404850 2279.4
1404860 2279.8
1404870 2279.8
1404880 2282.8
1404890 2286.5
1404900 2286.5
1404910 2290.4
1404920 2293.9
1404930 2293.9
1404940 2296.5
1404950 2298.6
1404960 2298.6
1404970 2298.6
1404980 2294.1
1404990 2294.1
1405000 2290.0
1405010 2293.8
1405020 2294.8
1405030 2294.8
1405040 2297.1
1405050 2298.4
1405060 2298.4
1405070 2301.4
1405080 2305.5
1405090 2305.5
1405100 2310.5
1405110 2317.8
1405120 2317.8
1405130 2323.7
1405140 2326.6
1405150 2326.6
1405160 2332.4
1405170 2334.4
1405180 2334.4
1405190 2334.4
1405200 2333.2
1405210 2333.2
1405220 2336.6
1405230 2342.2
1405240 2347.0
1405250 2347.0
1405260 2352.7
1405270 2354.3
1405280 2354.3
1405290 2354.7
1405300 2356.1
1405310 2356.1
1405320 2361.0
1405330 2364.0
1405340 2364.0
1405350 2365.7
1405360 2367.7
1405370 2367.7
1405380 2370.0
1405390 2375.0
1405400 2375.0
1405410 2378.8
1405420 2382.5
1405430 2382.5
1405440 2386.9
1405450 2391.5
1405460 2393.6
1405470 2393.6
1405480 2394.5
1405490 2395.4
1405500 2395.4
1405510 2397.3
1405520 2400.4
1405530 2400.4
1405540 2408.4
1405550 2413.4
1405560 2413.4
1405570 2417.2
1405580 2416.8
1405590 2416.8
1405600 2415.5
1405610 2415.1
1405620 2415.1
1405630 2416.7
1405640 2418.9
1405650 2418.9
1405660 2420.9
1405670 2419.6
1405680 2419.2
1405690 2419.2
1405700 2413.8
1405710 2404.8
1405720 2404.8
1405730 2396.4
1405740 2388.3
1405750 2388.3
1405760 2380.6
1405770 2372.2
1405780 2372.2
1405790 2363.0
1405800 2352.5
1405810 2352.5
1405820 2343.4
1405830 2333.3
1405840 2333.3
1405850 2317.1
1405860 2299.5
1405870 2299.5
1405880 2285.0
1405890 2277.2
1405900 2277.2
1405910 2271.3
1405920 2269.4
1405930 2265.3
1405940 2265.3
1405950 2263.6
1405960 2256.2
1405970 2256.2
1405980 2247.1
1405990 2240.5
1406000 2240.5
1406010 2236.0
1406020 2232.2
1406030 2232.2
1406040 2229.0
1406050 2226.1
1406060 2226.1
1406070 2222.8
1406080 2215.0
1406090 2215.0
1406100 2204.9
1406110 2192.2
1406120 2192.2
1406130 2170.4
1406140 2160.4
1406150 2152.1
1406160 2152.1
1406170 2145.1
1406180 2139.3
1406190 2139.3
1406200 2133.4
1406210 2127.9
1406220 2127.9
1406230 2121.2
1406240 2114.8
1406250 2114.8
1406260 2110.4
1406270 2108.1
1406280 2108.1
1406290 2106.7
1406300 2105.2
1406310 2105.2
1406320 2104.5
1406330 2103.6
1406340 2103.6
1406350 2102.9
1406360 2101.8
1406370 2101.0
1406380 2101.0
1406390 2101.3
1406400 2102.0
1406410 2102.0
1406420 2103.7
1406430 2104.4
1406440 2104.4
1406450 2104.8
1406460 2104.8
1406470 2104.8
1406480 2104.2
1406490 2104.1
1406500 2104.1
1406510 2104.7
1406520 2106.4
1406530 2106.4
1406540 2107.0
1406550 2107.1
1406560 2107.1
1406570 2107.1
1406580 2107.9
1406590 2108.0
1406600 2108.0
1406610 2108.2
1406620 2108.7
1406630 2108.7
1406640 2109.7
1406650 2110.6
1406660 2110.6
1406670 2111.6
1406680 2112.7
1406690 2112.7
1406700 2114.0
1406710 2114.9
1406720 2114.9
1406730 2116.7
1406740 2119.1
1406750 2119.1
1406760 2121.9
1406770 2124.2
1406780 2124.2
1406790 2129.3
1406800 2137.5
1406810 2137.5
1406820 2142.3
1406830 2145.4
1406840 2148.4
1406850 2148.4
1406860 2152.4
1406870 2157.3
1406880 2157.3
1406890 2164.9
1406900 2172.0
1406910 2172.0
1406920 2180.3
1406930 2195.5
1406940 2195.5
1406950 2207.1
1406960 2215.8
1406970 2215.8
1406980 2224.2
1406990 2234.2
1407000 2234.2
1407010 2245.1
1407020 2258.4
1407030 2258.4
1407040 2269.4
1407050 2280.8
1407060 2295.2
1407070 2295.2
1407080 2307.6
1407090 2318.8
1407100 2318.8
1407110 2322.9
1407120 2324.5
1407130 2324.5
1407140 2325.2
1407150 2325.2
1407160 2325.2
1407170 2325.6
1407180 2324.1
1407190 2324.1
1407200 2322.8
1407210 2322.2
1407220 2322.2
1407230 2322.3
1407240 2325.2
1407250 2325.2
1407260 2325.8
1407270 2325.9
1407280 2326.3
1407290 2326.3
1407300 2327.9
1407310 2329.7
1407320 2329.7
1407330 2332.5
1407340 2335.8
1407350 2335.8
1407360 2340.3
1407370 2346.3
1407380 2346.3
1407390 2351.9
1407400 2359.0
1407410 2359.0
1407420 2364.7
1407430 2370.5
1407440 2370.5
1407450 2376.5
1407460 2382.9
1407470 2382.9
1407480 2390.0
1407490 2398.8
1407500 2406.3
1407510 2406.3
1407520 2413.4
1407530 2420.7
1407540 2420.7
1407550 2428.5
1407560 2438.0
1407570 2438.0
1407580 2444.5
1407590 2458.4
1407600 2458.4
1407610 2469.8
1407620 2477.4
1407630 2477.4
1407640 2480.1
1407650 2482.8
1407660 2482.8
1407670 2485.1
1407680 2487.2
1407690 2487.2
1407700 2489.8
1407710 2493.1
1407720 2497.6
1407730 2497.6
1407740 2503.2
1407750 2510.0
1407760 2510.0
1407770 2516.7
1407780 2523.2
1407790 2523.2
1407800 2538.2
1407810 2547.8
1407820 2547.8
1407830 2552.1
1407840 2560.3
1407850 2560.3
1407860 2576.7
1407870 2588.7
1407880 2588.7
1407890 2602.8
1407900 2616.4
1407910 2616.4
1407920 2630.4
1407930 2638.1
1407940 2638.1
1407950 2646.0
1407960 2652.6
1407970 2659.8
1407980 2659.8
1407990 2665.8
1408000 2672.5
1408010 2672.5
1408020 2679.2
1408030 2686.5
1408040 2686.5
1408050 2692.6
1408060 2697.4
1408070 2697.4
1408080 2702.4
1408090 2707.5
1408100 2707.5
1408110 2712.2
1408120 2716.3
1408130 2716.3
1408140 2719.7
1408150 2722.0
1408160 2722.0
1408170 2723.2
1408180 2724.5
1408190 2726.5
1408200 2726.5
1408210 2728.2
1408220 2729.4
1408230 2729.4
1408240 2731.7
1408250 2735.1
1408260 2735.1
1408270 2736.6
1408280 2736.8
1408290 2736.8
1408300 2737.5
1408310 2738.5
1408320 2738.5
1408330 2745.1
1408340 2755.7
1408350 2755.7
1408360 2763.0
1408370 2767.9
1408380 2767.9
1408390 2774.6
1408400 2777.7
1408410 2778.6
1408420 2778.6
1408430 2777.8
1408440 2782.2
1408450 2782.2
1408460 2795.6
1408470 2810.5
1408480 2810.5
1408490 2818.5
1408500 2826.4
1408510 2826.4
1408520 2827.0
1408530 2833.3
1408540 2833.3
1408550 2846.4
1408560 2864.1
1408570 2864.1
1408580 2863.8
1408590 2857.4
1408600 2857.4
1408610 2860.7
1408620 2868.9
1408630 2877.3
1408640 2877.3
1408650 2882.4
1408660 2888.2
1408670 2888.2
1408680 2898.9
1408690 2908.6
1408700 2908.6
1408710 2914.0
1408720 2920.0
1408730 2920.0
1408740 2913.0
1408750 2920.2
1408760 2920.2
1408770 2929.6
1408780 2936.1
1408790 2936.1
1408800 2936.8
1408810 2918.0
1408820 2918.0
1408830 2927.2
1408840 2923.9
1408850 2923.9
1408860 2920.8
1408870 2925.3
1408880 2933.1
1408890 2933.1
1408900 2947.8
1408910 2967.7
1408920 2967.7
1408930 2983.3
1408940 2990.5
1408950 2990.5
1408960 3000.3
1408970 3004.7
1408980 3004.7
1408990 3001.7
1409000 3003.4
1409010 3003.4
1409020 3006.8
1409030 3013.8
1409040 3013.8
1409050 3026.8
1409060 3040.8
1409070 3040.8
1409080 3060.7
1409090 3081.7
1409100 3093.8
1409110 3093.8
1409120 3104.1
1409130 3108.7
1409140 3108.7
1409150 3119.4
1409160 3150.7
1409170 3150.7
1409180 3154.3
1409190 3149.7
1409200 3149.7
1409210 3143.7
1409220 3138.6
1409230 3138.6
1409240 3131.4
1409250 3126.8
1409260 3126.8
1409270 3120.9
1409280 3115.8
1409290 3115.8
1409300 3110.7
1409310 3095.1
1409320 3087.6
1409330 3087.6
1409340 3086.7
1409350 3085.3
1409360 3085.3
1409370 3081.4
1409380 3080.4
1409390 3080.4
1409400 3079.9
1409410 3078.7
1409420 3078.7
1409430 3077.8
1409440 3074.8
1409450 3074.8
1409460 3071.4
1409470 3069.8
1409480 3069.8
1409490 3067.8
1409500 3064.6
1409510 3064.6
1409520 3055.9
1409530 3047.4
1409540 3040.1
1409550 3040.1
1409560 3032.3
1409570 3023.5
1409580 3023.5
1409590 3015.2
1409600 3007.9
1409610 3007.9
1409620 3001.5
1409630 2995.7
1409640 2995.7
1409650 2990.1
1409660 2984.2
1409670 2984.2
1409680 2978.9
1409690 2969.3
1409700 2969.3
1409710 2945.8
1409720 2938.7
1409730 2938.7
1409740 2934.8
1409750 2930.3
1409760 2928.6
1409770 2928.6
1409780 2929.5
1409790 2928.9
1409800 2928.9
1409810 2925.2
1409820 2921.8
1409830 2921.8
1409840 2918.7
1409850 2916.7
1409860 2916.7
1409870 2918.5
1409880 2923.8
1409890 2923.8
1409900 2922.2
1409910 2917.0
1409920 2917.0
1409930 2916.4
1409940 2922.5
1409950 2922.5
1409960 2922.8
1409970 2932.3
1409980 2932.3
1409990 2946.2
1410000 2954.1
1410010 2958.3
1410020 2958.3
1410030 2959.5
1410040 2961.2
1410050 2961.2
1410060 2962.6
1410070 2963.7
1410080 2963.7
1410090 2964.7
1410100 2965.4
1410110 2965.4
1410120 2965.9
1410130 2966.1
1410140 2966.1
1410150 2966.3
1410160 2966.6
1410170 2966.6
1410180 2967.2
1410190 2968.4
1410200 2968.4
1410210 2970.2
1410220 2973.1
1410230 2976.2
1410240 2976.2
1410250 2978.4
1410260 2979.7
1410270 2979.7
1410280 2980.5
1410290 2980.4
1410300 2980.4
1410310 2980.4
1410320 2982.8
1410330 2982.8
1410340 2984.6
1410350 2985.7
1410360 2985.7
1410370 2985.7
1410380 2986.0
1410390 2986.0
1410400 2987.2
1410410 2988.4
1410420 2988.4
1410430 2989.3
1410440 2989.5
1410450 2990.0
1410460 2990.0
1410470 2990.7
1410480 2991.3
1410490 2991.3
1410500 2991.9
1410510 2992.9
1410520 2992.9
1410530 2994.6
1410540 2997.3
1410550 2997.3
1410560 3000.7
1410570 3004.6
1410580 3004.6
1410590 3009.3
1410600 3015.9
1410610 3015.9
1410620 3023.3
1410630 3031.9
1410640 3031.9
1410650 3040.8
1410660 3053.4
1410670 3063.9
1410680 3063.9
1410690 3073.7
1410700 3081.3
1410710 3081.3
1410720 3090.4
1410730 3100.6
1410740 3100.6
1410750 3111.0
1410760 3124.5
1410770 3124.5
1410780 3135.6
1410790 3150.9
1410800 3150.9
1410810 3162.7
1410820 3172.8
1410830 3172.8
1410840 3184.2
1410850 3188.7
1410860 3188.7
1410870 3183.1
1410880 3174.8
1410890 3174.8
1410900 3165.4
1410910 3159.1
1410920 3154.8
1410930 3154.8
1410940 3149.9
1410950 3145.3
1410960 3145.9
1410970 3141.6
1410980 3137.6
1410990 3137.6
1411000 3133.9
1411010 3128.4
1411020 3128.4
1411030 3121.3
1411040 3117.7
1411050 3117.7
1411060 3114.8
1411070 3112.6
1411080 3112.6
1411090 3108.3
1411100 3104.2
1411110 3104.2
1411120 3099.7
1411130 3094.8
1411140 3090.8
1411150 3090.8
1411160 3085.8
1411170 3079.7
1411180 3079.7
1411190 3074.3
1411200 3069.7
1411210 3069.7
1411220 3065.3
1411230 3061.2
1411240 3061.2
1411250 3057.9
1411260 3055.0
1411270 3055.0
1411280 3051.7
1411290 3048.0
1411300 3048.0
1411310 3044.7
1411320 3040.8
1411330 3040.8
1411340 3037.0
1411350 3034.3
1411360 3032.5
1411370 3032.5
1411380 3030.2
1411390 3027.3
1411400 3027.3
1411410 3023.8
1411420 3020.6
1411430 3020.6
1411440 3017.7
1411450 3015.2
1411460 3015.2
1411470 3013.2
1411480 3011.9
1411490 3011.9
1411500 3011.0
1411510 3009.8
1411520 3009.8
1411530 3008.5
1411540 3006.5
1411550 3006.5
1411560 3003.9
1411570 3000.6
1411580 2995.2
1411590 2995.2
1411600 2992.3
1411610 2988.4
1411620 2988.4
1411630 2987.6
1411640 2985.2
1411650 2985.2
1411660 2984.7
1411670 2981.7
1411680 2981.7
1411690 2979.0
1411700 2978.6
1411710 2978.6
1411720 2977.4
1411730 2975.7
1411740 2975.7
1411750 2973.7
1411760 2971.4
1411770 2971.4
1411780 2969.0
1411790 2966.4
1411800 2966.4
1411810 2963.8
1411820 2961.3
1411830 2959.0
1411840 2959.0
1411850 2956.9
1411860 2955.1
1411870 2955.1
1411880 2953.5
1411890 2952.1
1411900 2952.1
1411910 2950.9
1411920 2949.9
1411930 2949.9
1411940 2949.0
1411950 2948.2
1411960 2948.2
1411970 2947.6
1411980 2946.9
1411990 2946.9
1412000 2946.2
1412010 2945.4
1412020 2945.4
1412030 2944.6
1412040 2943.8
1412050 2942.6
1412060 2942.6
1412070 2941.1
1412080 2939.4
1412090 2939.4
1412100 2937.4
1412110 2935.3
1412120 2935.3
1412130 2933.1
1412140 2930.7
1412150 2930.7
1412160 2928.4
1412170 2926.1
1412180 2926.1
1412190 2923.7
1412200 2921.2
1412210 2921.2
1412220 2918.8
1412230 2916.5
1412240 2916.5
1412250 2914.1
1412260 2911.9
1412270 2909.7
1412280 2909.7
1412290 2904.6
1412300 2898.8
1412310 2898.8
1412320 2900.7
1412330 2901.5
1412340 2901.5
1412350 2902.6
1412360 2904.1
1412370 2904.1
1412380 2905.0
1412390 2905.6
1412400 2905.6
1412410 2904.1
1412420 2902.0
1412430 2902.0
1412440 2901.6
1412450 2900.6
1412460 2900.6
1412470 2899.4
1412480 2898.4
1412490 2897.5
1412500 2897.5
1412510 2896.9
1412520 2896.5
1412530 2896.5
1412540 2895.6
1412550 2895.9
1412560 2895.9
1412570 2895.0
1412580 2897.5
1412590 2897.5
1412600 2899.4
1412610 2900.4
1412620 2900.4
1412630 2902.5
1412640 2902.8
1412650 2902.8
1412660 2902.2
1412670 2902.0
1412680 2902.0
1412690 2901.4
1412700 2909.7
1412710 2909.8
1412720 2909.8
1412730 2911.1
1412740 2911.9
1412750 2911.9
1412760 2913.1
1412770 2913.6
1412780 2913.6
1412790 2913.6
1412800 2916.3
1412810 2916.3
1412820 2918.4
1412830 2924.7
1412840 2924.7
1412850 2926.9
1412860 2928.8
1412870 2928.8
1412880 2930.2
1412890 2933.0
1412900 2933.0
1412910 2937.6
1412920 2941.9
1412930 2941.9
1412940 2947.0
1412950 2952.1
1412960 2957.8
1412970 2957.8
1412980 2965.0
1412990 2976.1
1413000 2976.1
1413010 2990.8
1413020 2993.9
1413030 2993.9
1413040 2989.6
1413050 2984.1
1413060 2984.1
1413070 2979.4
1413080 2969.8
1413090 2969.8
1413100 2960.8
1413110 2952.7
1413120 2952.7
1413130 2944.8
1413140 2938.2
1413150 2938.2
1413160 2933.9
1413170 2929.0
1413180 2922.9
1413190 2922.9
1413200 2914.4
1413210 2908.3
1413220 2908.3
1413230 2904.6
1413240 2901.5
1413250 2901.5
1413260 2899.0
1413270 2895.8
1413280 2895.8
1413290 2892.4
1413300 2889.5
1413310 2889.5
1413320 2887.0
1413330 2881.9
1413340 2881.9
1413350 2874.8
1413360 2873.4
1413370 2873.4
1413380 2875.1
1413390 2880.7
1413400 2881.0
1413410 2881.0
1413420 2880.0
1413430 2879.6
1413440 2879.6
1413450 2879.3
1413460 2879.2
1413470 2879.2
1413480 2879.3
1413490 2879.6
1413500 2879.6
1413510 2880.1
1413520 2881.3
1413530 2881.3
1413540 2882.2
1413550 2883.3
1413560 2883.3
1413570 2883.8
1413580 2883.3
1413590 2883.3
1413600 2884.0
1413610 2882.8
1413620 2887.9
1413630 2887.9
1413640 2891.7
1413650 2892.7
1413660 2892.7
1413670 2894.0
1413680 2894.9
1413690 2894.9
1413700 2896.4
1413710 2894.4
1413720 2894.4
1413730 2895.2
1413740 2895.4
1413750 2895.4
1413760 2892.5
1413770 2890.8
1413780 2890.8
1413790 2891.7
1413800 2892.3
1413810 2892.3
1413820 2890.6
1413830 2893.6
1413840 2893.6
1413850 2895.9
1413860 2897.6
1413870 2898.8
1413880 2898.8
1413890 2902.6
1413900 2902.5
1413910 2902.5
1413920 2904.8
1413930 2907.0
1413940 2907.0
1413950 2906.7
1413960 2910.0
1413970 2910.0
1413980 2912.2
1413990 2915.0
1414000 2915.0
1414010 2919.5
1414020 2923.2
1414030 2923.2
1414040 2930.5
1414050 2937.0
1414060 2937.0
1414070 2949.3
1414080 2961.4
1414090 2970.3
1414100 2970.3
1414110 2980.3
1414120 2990.9
1414130 2990.9
1414140 3000.3
1414150 3009.7
1414160 3009.7
1414170 3019.9
1414180 3030.4
1414190 3030.4
1414200 3040.7
1414210 3051.0
1414220 3051.0
1414230 3060.7
1414240 3068.8
1414250 3068.8
1414260 3077.2
1414270 3076.5
1414280 3076.5
1414290 3071.9
1414300 3069.7
1414310 3068.2
1414320 3068.2
1414330 3068.4
1414340 3069.4
1414350 3069.4
1414360 3071.8
1414370 3071.5
1414380 3071.5
1414390 3072.2
1414400 3074.0
1414410 3074.0
1414420 3075.9
1414430 3076.7
1414440 3076.7
1414450 3077.9
1414460 3080.1
1414470 3080.1
1414480 3082.3
1414490 3090.3
1414500 3090.3
1414510 3091.1
1414520 3094.7
1414530 3103.0
1414540 3103.0
1414550 3116.9
1414560 3125.0
1414570 3125.0
1414580 3132.2
1414590 3135.5
1414600 3135.5
1414610 3135.8
1414620 3139.7
1414630 3139.7
1414640 3147.2
1414650 3153.8
1414660 3153.8
1414670 3158.6
1414680 3162.3
1414690 3162.3
1414700 3165.0
1414710 3166.8
1414720 3166.8
1414730 3168.1
1414740 3169.8
1414750 3172.1
1414760 3172.1
1414770 3174.2
1414780 3176.3
1414790 3176.3
1414800 3177.7
1414810 3178.9
1414820 3178.9
1414830 3180.3
1414840 3181.7
1414850 3181.7
1414860 3183.3
1414870 3185.2
1414880 3185.2
1414890 3187.6
1414900 3190.4
1414910 3190.4
1414920 3193.5
1414930 3196.9
1414940 3196.9
1414950 3201.1
1414960 3205.5
1414970 3205.5
1414980 3212.0
1414990 3223.2
1415000 3235.2
1415010 3235.2
1415020 3247.1
1415030 3259.6
1415040 3259.6
1415050 3270.9
1415060 3281.6
1415070 3281.6
1415080 3291.4
1415090 3300.2
1415100 3300.2
1415110 3308.6
1415120 3316.7
1415130 3316.7
1415140 3325.2
1415150 3332.9
1415160 3332.9
1415170 3335.3
1415180 3337.7
1415190 3337.7
1415200 3338.2
1415210 3331.7
1415220 3321.7
1415230 3321.7
1415240 3312.3
1415250 3304.9
1415260 3304.9
1415270 3299.2
1415280 3294.4
1415290 3294.4
1415300 3290.2
1415310 3287.4
1415320 3287.4
1415330 3285.9
1415340 3284.0
1415350 3284.0
1415360 3281.3
1415370 3281.3
1415380 3281.3
1415390 3281.4
1415400 3281.5
1415410 3281.5
1415420 3283.0
1415430 3284.3
1415440 3285.4
1415450 3285.4
1415460 3287.3
1415470 3289.6
1415480 3289.6
1415490 3290.7
1415500 3290.7
1415510 3290.7
1415520 3288.3
1415530 3283.8
1415540 3283.8
1415550 3278.1
1415560 3271.7
1415570 3271.7
1415580 3265.1
1415590 3258.4
1415600 3258.4
1415610 3249.9
1415620 3233.8
1415630 3233.8
1415640 3224.8
1415650 3217.2
1415660 3206.3
1415670 3206.3
1415680 3187.4
1415690 3171.9
1415700 3171.9
1415710 3164.6
1415720 3159.1
1415730 3159.1
1415740 3155.0
1415750 3151.9
1415760 3151.9
1415770 3149.1
1415780 3146.7
1415790 3146.7
1415800 3144.5
1415810 3142.2
1415820 3142.2
1415830 3139.6
1415840 3136.7
1415850 3136.7
1415860 3134.3
1415870 3131.9
1415880 3131.9
1415890 3129.2
1415900 3126.5
1415910 3123.5
1415920 3123.5
1415930 3120.3
1415940 3117.0
1415950 3117.0
1415960 3113.1
1415970 3109.1
1415980 3109.1
1415990 3104.7
1416000 3099.7
1416010 3099.7
1416020 3094.9
1416030 3090.0
1416040 3090.0
1416050 3085.2
1416060 3080.5
1416070 3080.5
1416080 3076.1
1416090 3072.1
1416100 3072.1
1416110 3068.4
1416120 3064.9
1416130 3061.4
1416140 3061.4
1416150 3058.3
1416160 3055.2
1416170 3055.2
1416180 3052.3
1416190 3049.5
1416200 3049.5
1416210 3046.9
1416220 3044.5
1416230 3044.5
1416240 3042.2
1416250 3040.0
1416260 3040.0
1416270 3038.0
1416280 3036.1
1416290 3036.1
1416300 3034.1
1416310 3032.3
1416320 3032.3
1416330 3030.5
1416340 3028.8
1416350 3027.1
1416360 3027.1
1416370 3025.4
1416380 3023.9
1416390 3023.9
1416400 3022.4
1416410 3020.9
1416420 3020.9
1416430 3019.5
1416440 3018.2
1416450 3018.2
1416460 3016.9
1416470 3015.7
1416480 3015.7
1416490 3014.5
1416500 3013.4
1416510 3013.4
1416520 3012.4
1416530 3011.5
1416540 3011.5
1416550 3010.7
1416560 3009.9
1416570 3009.2
1416580 3009.2
1416590 3008.7
1416600 3008.3
1416610 3008.3
1416620 3008.1
1416630 3007.9
1416640 3007.9
1416650 3007.8
1416660 3007.8
1416670 3007.8
1416680 3007.8
1416690 3007.9
1416700 3007.9
1416710 3008.0
1416720 3008.1
1416730 3008.1
1416740 3008.2
1416750 3008.3
1416760 3008.3
1416770 3008.5
1416780 3008.8
1416790 3009.0
1416800 3009.0
1416810 3009.3
1416820 3009.6
1416830 3009.6
1416840 3009.9
1416850 3010.2
1416860 3010.2
1416870 3010.5
1416880 3010.8
1416890 3010.8
1416900 3011.1
1416910 3011.5
1416920 3011.5
1416930 3011.9
1416940 3012.3
1416950 3012.3
1416960 3012.8
1416970 3013.2
1416980 3013.2
1416990 3013.8
1417000 3014.4
1417010 3014.4
1417020 3014.9
1417030 3015.7
1417040 3016.5
1417050 3016.5
1417060 3017.3
1417070 3018.2
1417080 3018.2
1417090 3019.2
1417100 3020.4
1417110 3020.4
1417120 3021.8
1417130 3023.3
1417140 3023.3
1417150 3025.0
1417160 3027.1
1417170 3027.1
1417180 3031.4
1417190 3042.6
1417200 3042.6
1417210 3051.6
1417220 3054.8
1417230 3054.8
1417240 3055.1
1417250 3055.1
1417260 3055.4
1417270 3055.4
1417280 3055.3
1417290 3055.2
1417300 3055.2
1417310 3053.8
1417320 3049.7
1417330 3049.7
1417340 3040.2
1417350 3031.3
1417360 3031.3
1417370 3026.7
1417380 3021.4
1417390 3021.4
1417400 3016.7
1417410 3012.8
1417420 3012.8
1417430 3009.9
1417440 3007.7
1417450 3007.7
1417460 3006.4
1417470 3006.1
1417480 3005.6
1417490 3005.6
1417500 3004.8
1417510 3004.3
1417520 3004.3
1417530 3004.2
1417540 3004.3
1417550 3004.3
1417560 3004.7
1417570 3005.1
1417580 3005.1
1417590 3005.7
1417600 3006.3
1417610 3006.3
1417620 3007.0
1417630 3007.8
1417640 3007.8
1417650 3008.7
1417660 3009.6
1417670 3009.6
1417680 3010.6
1417690 3011.5
1417700 3012.8
1417710 3012.8
1417720 3013.9
1417730 3015.1
1417740 3015.1
1417750 3016.3
1417760 3017.3
1417770 3017.3
1417780 3018.6
1417790 3019.8
1417800 3019.8
1417810 3020.9
1417820 3022.1
1417830 3022.1
1417840 3023.2
1417850 3024.2
1417860 3024.2
1417870 3025.2
1417880 3026.1
1417890 3026.1
1417900 3026.9
1417910 3027.6
1417920 3027.6
1417930 3028.2
1417940 3028.8
1417950 3029.3
1417960 3029.3
1417970 3029.7
1417980 3030.0
1417990 3030.0
1418000 3030.3
1418010 3030.6
1418020 3030.6
1418030 3030.8
1418040 3031.0
1418050 3031.0
1418060 3031.1
1418070 3031.2
1418080 3031.2
1418090 3031.2
1418100 3031.1
1418110 3031.1
1418120 3031.3
1418130 3032.2
1418140 3032.2
1418150 3033.8
1418160 3035.7
1418170 3037.7
1418180 3037.7
1418190 3040.1
1418200 3042.8
1418210 3042.8
1418220 3041.8
1418230 3044.9
1418240 3044.9
1418250 3048.2
1418260 3051.8
1418270 3051.8
1418280 3055.8
1418290 3060.2
1418300 3060.2
1418310 3068.6
1418320 3082.9
1418330 3082.9
1418340 3094.0
1418350 3101.3
1418360 3101.3
1418370 3107.7
1418380 3113.7
1418390 3119.1
1418400 3119.1
1418410 3125.0
1418420 3130.1
1418430 3130.1
1418440 3135.1
1418450 3139.8
1418460 3139.8
1418470 3144.3
1418480 3148.7
1418490 3148.7
1418500 3152.1
1418510 3155.3
1418520 3155.3
1418530 3158.6
1418540 3162.6
1418550 3162.6
1418560 3164.6
1418570 3165.9
1418580 3165.9
1418590 3166.7
1418600 3167.5
1418610 3168.0
1418620 3168.0
1418630 3168.4
1418640 3169.0
1418650 3169.0
1418660 3168.2
1418670 3166.7
1418680 3166.7
1418690 3165.5
1418700 3163.8
1418710 3163.8
1418720 3161.8
1418730 3159.5
1418740 3159.5
1418750 3157.0
1418760 3154.2
1418770 3154.2
1418780 3151.0
1418790 3147.7
1418800 3147.7
1418810 3144.2
1418820 3141.1
1418830 3137.0
1418840 3137.0
1418850 3131.3
1418860 3119.2
1418870 3119.2
1418880 3108.5
1418890 3100.2
1418900 3100.2
1418910 3092.3
1418920 3080.4
1418930 3080.4
1418940 3068.8
1418950 3058.2
1418960 3058.2
1418970 3044.1
1418980 3030.7
1418990 3030.7
1419000 3019.5
1419010 3009.7
1419020 3009.7
1419030 2999.7
1419040 2990.1
1419050 2990.1
1419060 2980.1
1419070 2971.1
1419080 2962.3
1419090 2962.3
1419100 2953.8
1419110 2945.1
1419120 2945.1
1419130 2936.4
1419140 2927.8
1419150 2927.8
1419160 2919.6
1419170 2911.7
1419180 2911.7
1419190 2903.9
1419200 2895.5
1419210 2895.5
1419220 2886.8
1419230 2877.6
1419240 2877.6
1419250 2869.1
1419260 2860.9
1419270 2860.9
1419280 2852.2
1419290 2843.9
1419300 2835.5
1419310 2835.5
1419320 2826.8
1419330 2818.3
1419340 2818.3
1419350 2809.6
1419360 2800.4
1419370 2800.4
1419380 2790.9
1419390 2779.7
1419400 2779.7
1419410 2765.8
1419420 2755.1
1419430 2755.1
1419440 2745.8
1419450 2736.7
1419460 2736.7
1419470 2727.2
1419480 2720.1
1419490 2720.1
1419500 2713.1
1419510 2706.3
1419520 2699.4
1419530 2699.4
1419540 2692.5
1419550 2685.7
1419560 2685.7
1419570 2678.8
1419580 2671.9
1419590 2671.9
1419600 2665.1
1419610 2657.7
1419620 2657.7
1419630 2649.6
1419640 2641.4
1419650 2641.4
1419660 2632.6
1419670 2622.0
1419680 2622.0
1419690 2614.5
1419700 2605.7
1419710 2605.7
1419720 2593.9
1419730 2577.8
1419740 2563.6
1419750 2563.6
1419760 2552.6
1419770 2545.3
1419780 2545.3
1419790 2538.6
1419800 2532.8
1419810 2532.8
1419820 2527.4
1419830 2522.6
1419840 2522.6
1419850 2517.4
1419860 2513.4
1419870 2513.4
1419880 2509.4
1419890 2505.9
1419900 2505.9
1419910 2503.2
1419920 2501.1
1419930 2501.1
1419940 2501.4
1419950 2503.3
1419960 2503.3
1419970 2504.9
1419980 2505.3
1419990 2504.6
