1400000 2609.0
1400010 2609.0
1400020 2604.1
1400030 2598.9
1400040 2598.9
1400050 2593.2
1400060 2588.1
1400070 2588.1
1400080 2582.1
1400090 2575.7
1400100 2575.7
1400110 2569.9
1400120 2561.5
1400130 2561.5
1400140 2554.5
1400150 2547.8
1400160 2547.8
1400170 2542.5
1400180 2538.7
1400190 2538.7
1400200 2535.5
1400210 2532.9
1400220 2530.4
1400230 2530.4
1400240 2528.1
1400250 2526.3
1400260 2526.3
1400270 2524.6
1400280 2523.4
1400290 2523.4
1400300 2522.5
1400310 2521.4
1400320 2521.4
1400330 2520.1
1400340 2519.3
1400350 2519.3
1400360 2518.6
1400370 2518.1
1400380 2518.1
1400390 2517.8
1400400 2517.4
1400410 2517.4
1400420 2517.1
1400430 2517.1
1400440 2517.0
1400450 2517.0
1400460 2516.9
1400470 2517.0
1400480 2517.0
1400490 2517.3
1400500 2517.7
1400510 2517.7
1400520 2518.2
1400530 2518.9
1400540 2518.9
1400550 2519.6
1400560 2520.3
1400570 2520.3
1400580 2521.4
1400590 2522.9
1400600 2522.9
1400610 2524.6
1400620 2525.3
1400630 2525.3
1400640 2525.7
1400650 2527.1
1400660 2528.5
1400670 2528.5
1400680 2530.3
1400690 2532.3
1400700 2532.3
1400710 2533.8
1400720 2536.0
1400730 2536.0
1400740 2538.7
1400750 2541.3
1400760 2541.3
1400770 2544.0
1400780 2547.4
1400790 2547.4
1400800 2550.1
1400810 2550.2
1400820 2550.2
1400830 2551.2
1400840 2555.0
1400850 2555.0
1400860 2560.7
1400870 2565.9
1400880 2565.9
1400890 2571.7
1400900 2578.2
1400910 2586.4
1400920 2586.4
1400930 2598.1
1400940 2609.6
1400950 2609.6
1400960 2620.3
1400970 2630.3
1400980 2630.3
1400990 2641.9
1401000 2653.2
1401010 2653.2
1401020 2656.8
1401030 2655.6
1401040 2655.6
1401050 2655.4
1401060 2655.9
1401070 2655.9
1401080 2657.1
1401090 2659.6
1401100 2659.6
1401110 2664.1
1401120 2667.8
1401130 2671.6
1401140 2671.6
1401150 2674.3
1401160 2675.4
1401170 2675.4
1401180 2677.2
1401190 2680.5
1401200 2680.5
1401210 2683.7
1401220 2686.1
1401230 2686.1
1401240 2693.6
1401250 2693.0
1401260 2693.0
1401270 2692.8
1401280 2693.3
1401290 2693.3
1401300 2692.4
1401310 2692.1
1401320 2692.1
1401330 2694.0
1401340 2695.1
1401350 2696.4
1401360 2696.4
1401370 2698.5
1401380 2701.2
1401390 2701.2
1401400 2704.8
1401410 2709.4
1401420 2709.4
1401430 2714.2
1401440 2720.0
1401450 2720.0
1401460 2725.9
1401470 2732.1
1401480 2732.1
1401490 2751.3
1401500 2771.6
1401510 2771.6
1401520 2783.4
1401530 2793.8
1401540 2793.8
1401550 2801.2
1401560 2804.4
1401570 2807.7
1401580 2807.7
1401590 2814.2
1401600 2807.6
1401610 2807.6
1401620 2799.7
1401630 2792.8
1401640 2792.8
1401650 2787.1
1401660 2782.7
1401670 2782.7
1401680 2779.3
1401690 2776.5
1401700 2776.5
1401710 2774.1
1401720 2771.7
1401730 2771.7
1401740 2769.2
1401750 2766.8
1401760 2766.8
1401770 2764.4
1401780 2762.0
1401790 2762.0
1401800 2759.7
1401810 2757.6
1401820 2755.7
1401830 2755.7
1401840 2753.9
1401850 2752.3
1401860 2752.3
1401870 2750.8
1401880 2749.4
1401890 2749.4
1401900 2748.2
1401910 2747.0
1401920 2747.0
1401930 2745.9
1401940 2744.9
1401950 2744.9
1401960 2743.7
1401970 2742.7
1401980 2742.7
1401990 2741.6
1402000 2740.5
1402010 2740.5
1402020 2739.4
1402030 2738.4
1402040 2737.3
1402050 2737.3
1402060 2736.3
1402070 2735.3
1402080 2735.3
1402090 2734.4
1402100 2733.6
1402110 2733.6
1402120 2732.8
1402130 2732.0
1402140 2732.0
1402150 2731.3
1402160 2730.7
1402170 2730.7
1402180 2730.1
1402190 2729.4
1402200 2729.4
1402210 2728.7
1402220 2728.1
1402230 2728.1
1402240 2727.6
1402250 2727.1
1402260 2726.6
1402270 2726.6
1402280 2726.0
1402290 2725.5
1402300 2725.5
1402310 2724.7
1402320 2724.0
1402330 2724.0
1402340 2723.4
1402350 2722.8
1402360 2722.8
1402370 2722.2
1402380 2721.7
1402390 2721.7
1402400 2721.0
1402410 2720.3
1402420 2720.3
1402430 2719.4
1402440 2718.4
1402450 2718.4
1402460 2717.2
1402470 2715.8
1402480 2715.8
1402490 2714.1
1402500 2712.0
1402510 2709.6
1402520 2709.6
1402530 2706.9
1402540 2703.9
1402550 2703.9
1402560 2701.0
1402570 2698.7
1402580 2698.7
1402590 2697.3
1402600 2696.5
1402610 2696.5
1402620 2696.4
1402630 2696.5
1402640 2696.5
1402650 2696.1
1402660 2694.7
1402670 2694.7
1402680 2693.5
1402690 2692.1
1402700 2692.1
1402710 2689.5
1402720 2686.7
1402730 2683.4
1402740 2683.4
1402750 2680.0
1402760 2677.3
1402770 2675.4
1402780 2672.2
1402790 2669.2
1402800 2669.2
1402810 2666.6
1402820 2663.3
1402830 2663.3
1402840 2660.1
1402850 2655.4
1402860 2655.4
1402870 2649.6
1402880 2645.3
1402890 2645.3
1402900 2640.4
1402910 2634.5
1402920 2634.5
1402930 2629.4
1402940 2623.3
1402950 2613.8
1402960 2613.8
1402970 2602.3
1402980 2593.7
1402990 2593.7
1403000 2587.3
1403010 2581.9
1403020 2581.9
1403030 2577.2
1403040 2572.7
1403050 2572.7
1403060 2568.2
1403070 2563.8
1403080 2563.8
1403090 2559.4
1403100 2554.5
1403110 2554.5
1403120 2548.7
1403130 2542.2
1403140 2542.2
1403150 2535.4
1403160 2529.8
1403170 2525.2
1403180 2525.2
1403190 2521.2
1403200 2517.2
1403210 2517.2
1403220 2513.6
1403230 2510.8
1403240 2510.8
1403250 2510.4
1403260 2510.5
1403270 2510.5
1403280 2510.5
1403290 2510.4
1403300 2510.4
1403310 2510.3
1403320 2510.3
1403330 2510.3
1403340 2510.4
1403350 2510.4
1403360 2510.4
1403370 2510.4
1403380 2510.5
1403390 2510.5
1403400 2510.6
1403410 2511.8
1403420 2514.4
1403430 2514.4
1403440 2516.7
1403450 2516.9
1403460 2516.9
1403470 2516.6
1403480 2515.9
1403490 2515.9
1403500 2515.2
1403510 2513.8
1403520 2513.8
1403530 2512.3
1403540 2511.6
1403550 2511.6
1403560 2510.4
1403570 2508.8
1403580 2508.8
1403590 2508.2
1403600 2507.9
1403610 2507.9
1403620 2508.0
1403630 2508.7
1403640 2509.2
1403650 2509.2
1403660 2508.2
1403670 2507.9
1403680 2507.9
1403690 2506.9
1403700 2504.9
1403710 2504.9
1403720 2501.3
1403730 2497.5
1403740 2497.5
1403750 2494.0
1403760 2491.4
1403770 2491.4
1403780 2489.6
1403790 2488.1
1403800 2488.1
1403810 2487.1
1403820 2485.3
1403830 2485.3
1403840 2482.0
1403850 2477.1
1403860 2472.2
1403870 2472.2
1403880 2467.4
1403890 2462.3
1403900 2462.3
1403910 2457.3
1403920 2452.3
1403930 2452.3
1403940 2447.6
1403950 2444.8
1403960 2444.8
1403970 2441.9
1403980 2439.7
1403990 2439.7
1404000 2436.1
1404010 2434.3
1404020 2434.3
1404030 2434.5
1404040 2434.2
1404050 2434.2
1404060 2431.3
1404070 2429.7
1404080 2429.7
1404090 2428.9
1404100 2428.5
1404110 2429.0
1404120 2429.0
1404130 2427.0
1404140 2426.1
1404150 2426.1
1404160 2424.3
1404170 2422.6
1404180 2422.6
1404190 2421.7
1404200 2420.8
1404210 2420.8
1404220 2419.0
1404230 2417.2
1404240 2417.2
1404250 2414.7
1404260 2411.8
1404270 2411.8
1404280 2410.1
1404290 2409.3
1404300 2409.3
1404310 2409.4
1404320 2409.1
1404330 2408.6
1404340 2404.3
1404350 2404.5
1404360 2404.2
1404370 2404.2
1404380 2404.2
1404390 2403.5
1404400 2403.5
1404410 2404.2
1404420 2404.2
1404430 2404.2
1404440 2403.7
1404450 2402.4
1404460 2402.4
1404470 2400.5
1404480 2399.6
1404490 2399.6
1404500 2398.6
1404510 2396.2
1404520 2396.2
1404530 2395.5
1404540 2396.4
1404550 2398.1
1404560 2398.1
1404570 2399.8
1404580 2400.7
1404590 2400.7
1404600 2402.4
1404610 2402.7
1404620 2402.7
1404630 2402.4
1404640 2401.0
1404650 2401.0
1404660 2401.0
1404670 2399.2
1404680 2399.2
1404690 2394.6
1404700 2380.1
1404710 2380.1
1404720 2366.0
1404730 2350.2
1404740 2350.2
1404750 2333.9
1404760 2330.0
1404770 2330.0
1404780 2326.8
1404790 2323.2
1404800 2317.8
1404810 2317.8
1404820 2314.3
1404830 2310.2
1404840 2310.2
1404850 2305.9
1404860 2300.3
1404870 2300.3
1404880 2297.3
1404890 2293.8
1404900 2293.8
1404910 2292.3
1404920 2291.6
1404930 2291.6
1404940 2291.0
1404950 2286.8
1404960 2286.8
1404970 2278.1
1404980 2259.4
1404990 2259.4
1405000 2251.5
1405010 2247.7
1405020 2241.4
1405030 2241.4
1405040 2234.3
1405050 2227.6
1405060 2227.6
1405070 2222.7
1405080 2220.2
1405090 2220.2
1405100 2218.5
1405110 2217.4
1405120 2217.4
1405130 2218.4
1405140 2219.7
1405150 2219.7
1405160 2220.9
1405170 2225.0
1405180 2225.0
1405190 2227.9
1405200 2229.3
1405210 2229.3
1405220 2230.7
1405230 2233.8
1405240 2235.0
1405250 2235.0
1405260 2235.4
1405270 2239.2
1405280 2239.2
1405290 2243.9
1405300 2246.0
1405310 2246.0
1405320 2247.4
1405330 2247.4
1405340 2247.4
1405350 2247.0
1405360 2248.6
1405370 2248.6
1405380 2250.0
1405390 2252.5
1405400 2252.5
1405410 2257.3
1405420 2263.1
1405430 2263.1
1405440 2266.4
1405450 2272.1
1405460 2278.8
1405470 2278.8
1405480 2281.1
1405490 2282.6
1405500 2282.6
1405510 2286.0
1405520 2288.7
1405530 2288.7
1405540 2296.8
1405550 2301.9
1405560 2301.9
1405570 2304.8
1405580 2308.0
1405590 2308.0
1405600 2309.6
1405610 2312.8
1405620 2312.8
1405630 2315.6
1405640 2317.5
1405650 2317.5
1405660 2320.3
1405670 2323.0
1405680 2323.0
1405690 2326.5
1405700 2328.6
1405710 2330.0
1405720 2330.0
1405730 2331.9
1405740 2334.2
1405750 2334.2
1405760 2333.3
1405770 2330.0
1405780 2330.0
1405790 2329.1
1405800 2329.4
1405810 2329.4
1405820 2328.7
1405830 2326.9
1405840 2326.9
1405850 2325.2
1405860 2317.7
1405870 2317.7
1405880 2309.3
1405890 2299.4
1405900 2299.4
1405910 2293.7
1405920 2288.9
1405930 2283.2
1405940 2282.1
1405950 2275.6
1405960 2272.5
1405970 2272.5
1405980 2271.2
1405990 2270.3
1406000 2270.3
1406010 2270.9
1406020 2271.0
1406030 2271.0
1406040 2265.8
1406050 2260.8
1406060 2260.8
1406070 2257.7
1406080 2256.5
1406090 2256.5
1406100 2258.6
1406110 2256.5
1406120 2256.5
1406130 2251.4
1406140 2246.8
1406150 2243.6
1406160 2243.6
1406170 2241.0
1406180 2237.6
1406190 2237.6
1406200 2236.4
1406210 2235.1
1406220 2235.1
1406230 2231.2
1406240 2227.2
1406250 2227.2
1406260 2225.4
1406270 2223.2
1406280 2223.2
1406290 2216.7
1406300 2204.6
1406310 2204.6
1406320 2198.5
1406330 2195.3
1406340 2195.3
1406350 2189.4
1406360 2184.9
1406370 2184.9
1406380 2183.7
1406390 2181.6
1406400 2176.4
1406410 2176.4
1406420 2170.6
1406430 2166.2
1406440 2166.2
1406450 2163.5
1406460 2162.2
1406470 2162.2
1406480 2158.5
1406490 2151.6
1406500 2151.6
1406510 2147.0
1406520 2141.3
1406530 2141.3
1406540 2136.1
1406550 2130.8
1406560 2130.8
1406570 2124.8
1406580 2119.9
1406590 2119.9
1406600 2116.4
1406610 2112.6
1406620 2110.4
1406630 2110.4
1406640 2106.8
1406650 2102.2
1406660 2102.2
1406670 2098.3
1406680 2095.1
1406690 2095.1
1406700 2092.5
1406710 2088.7
1406720 2088.7
1406730 2083.5
1406740 2080.6
1406750 2080.6
1406760 2077.0
1406770 2074.3
1406780 2074.3
1406790 2074.2
1406800 2071.7
1406810 2071.7
1406820 2068.7
1406830 2067.1
1406840 2065.7
1406850 2065.7
1406860 2063.5
1406870 2060.7
1406880 2060.7
1406890 2058.8
1406900 2057.6
1406910 2057.6
1406920 2055.7
1406930 2054.1
1406940 2054.1
1406950 2051.8
1406960 2050.2
1406970 2050.2
1406980 2048.9
1406990 2047.1
1407000 2047.1
1407010 2044.3
1407020 2041.3
1407030 2041.3
1407040 2038.9
1407050 2038.0
1407060 2038.4
1407070 2038.4
1407080 2036.7
1407090 2035.0
1407100 2035.0
1407110 2033.3
1407120 2028.4
1407130 2028.4
1407140 2024.5
1407150 2024.6
1407160 2024.6
1407170 2027.4
1407180 2028.9
1407190 2028.9
1407200 2034.5
1407210 2043.6
1407220 2043.6
1407230 2047.6
1407240 2049.7
1407250 2049.7
1407260 2050.2
1407270 2051.3
1407280 2051.3
1407290 2053.3
1407300 2056.9
1407310 2060.6
1407320 2060.6
1407330 2063.9
1407340 2067.4
1407350 2067.4
1407360 2070.6
1407370 2073.4
1407380 2073.4
1407390 2078.5
1407400 2083.5
1407410 2083.5
1407420 2089.0
1407430 2094.7
1407440 2094.7
1407450 2100.5
1407460 2103.9
1407470 2103.9
1407480 2105.8
1407490 2107.9
1407500 2107.9
1407510 2110.2
1407520 2114.4
1407530 2118.4
1407540 2118.4
1407550 2122.3
1407560 2125.8
1407570 2130.3
1407580 2133.7
1407590 2139.5
1407600 2139.5
1407610 2151.4
1407620 2160.4
1407630 2160.4
1407640 2169.1
1407650 2177.1
1407660 2177.1
1407670 2184.4
1407680 2190.7
1407690 2190.7
1407700 2194.8
1407710 2198.0
1407720 2198.0
1407730 2201.3
1407740 2204.0
1407750 2206.0
1407760 2206.0
1407770 2208.3
1407780 2210.8
1407790 2210.8
1407800 2213.2
1407810 2215.8
1407820 2215.8
1407830 2217.7
1407840 2218.6
1407850 2218.6
1407860 2220.9
1407870 2224.8
1407880 2224.8
1407890 2229.0
1407900 2238.9
1407910 2238.9
1407920 2252.4
1407930 2261.3
1407940 2261.3
1407950 2269.3
1407960 2271.2
1407970 2271.2
1407980 2273.1
1407990 2273.8
1408000 2273.2
1408010 2273.2
1408020 2272.8
1408030 2272.7
1408040 2272.7
1408050 2273.6
1408060 2280.2
1408070 2280.2
1408080 2286.8
1408090 2295.8
1408100 2295.8
1408110 2313.9
1408120 2329.5
1408130 2329.5
1408140 2335.5
1408150 2343.8
1408160 2343.8
1408170 2347.0
1408180 2349.4
1408190 2349.4
1408200 2350.8
1408210 2352.3
1408220 2353.0
1408230 2353.0
1408240 2356.6
1408250 2359.5
1408260 2359.5
1408270 2359.5
1408280 2360.2
1408290 2360.2
1408300 2357.9
1408310 2358.9
1408320 2358.9
1408330 2355.3
1408340 2352.9
1408350 2352.9
1408360 2352.4
1408370 2349.5
1408380 2349.5
1408390 2349.0
1408400 2348.4
1408410 2348.4
1408420 2347.4
1408430 2348.0
1408440 2347.0
1408450 2347.0
1408460 2345.6
1408470 2344.8
1408480 2344.8
1408490 2343.8
1408500 2341.6
1408510 2341.6
1408520 2338.7
1408530 2335.4
1408540 2335.4
1408550 2332.9
1408560 2330.8
1408570 2330.8
1408580 2329.3
1408590 2328.8
1408600 2328.8
1408610 2327.5
1408620 2327.7
1408630 2327.7
1408640 2328.2
1408650 2327.9
1408660 2327.9
1408670 2328.7
1408680 2331.5
1408690 2333.9
1408700 2333.9
1408710 2335.3
1408720 2336.5
1408730 2336.5
1408740 2337.8
1408750 2339.1
1408760 2339.1
1408770 2340.9
1408780 2343.2
1408790 2343.2
1408800 2344.1
1408810 2344.1
1408820 2344.1
1408830 2343.2
1408840 2342.3
1408850 2342.3
1408860 2341.6
1408870 2341.3
1408880 2341.3
1408890 2340.9
1408900 2341.5
1408910 2342.4
1408920 2342.4
1408930 2345.1
1408940 2348.3
1408950 2348.3
1408960 2351.1
1408970 2354.7
1408980 2354.7
1408990 2360.1
1409000 2366.6
1409010 2366.6
1409020 2371.0
1409030 2373.1
1409040 2373.1
1409050 2371.9
1409060 2368.6
1409070 2368.6
1409080 2365.0
1409090 2362.0
1409100 2362.0
1409110 2360.1
1409120 2360.8
1409130 2362.2
1409140 2362.2
1409150 2362.0
1409160 2363.1
1409170 2363.1
1409180 2364.0
1409190 2364.6
1409200 2364.6
1409210 2365.1
1409220 2365.4
1409230 2365.4
1409240 2369.2
1409250 2370.9
1409260 2370.9
1409270 2373.2
1409280 2375.5
1409290 2375.5
1409300 2376.8
1409310 2376.3
1409320 2376.3
1409330 2375.7
1409340 2375.4
1409350 2375.4
1409360 2375.4
1409370 2375.8
1409380 2376.0
1409390 2376.0
1409400 2376.0
1409410 2376.0
1409420 2376.0
1409430 2375.9
1409440 2375.6
1409450 2375.6
1409460 2375.0
1409470 2374.0
1409480 2374.0
1409490 2372.7
1409500 2372.6
1409510 2372.6
1409520 2370.8
1409530 2370.0
1409540 2370.0
1409550 2369.3
1409560 2368.1
1409570 2368.1
1409580 2367.2
1409590 2365.3
1409600 2364.0
1409610 2364.0
1409620 2362.4
1409630 2362.2
1409640 2362.2
1409650 2361.8
1409660 2361.3
1409670 2361.3
1409680 2362.2
1409690 2363.6
1409700 2363.6
1409710 2365.0
1409720 2365.7
1409730 2365.7
1409740 2367.6
1409750 2369.8
1409760 2369.8
1409770 2370.5
1409780 2371.4
1409790 2371.4
1409800 2373.7
1409810 2376.3
1409820 2378.0
1409830 2378.0
1409840 2379.8
1409850 2382.0
1409860 2382.0
1409870 2385.4
1409880 2388.5
1409890 2388.5
1409900 2392.4
1409910 2396.3
1409920 2396.3
1409930 2400.6
1409940 2406.7
1409950 2406.7
1409960 2410.6
1409970 2416.5
1409980 2416.5
1409990 2422.4
1410000 2428.8
1410010 2428.8
1410020 2434.8
1410030 2441.3
1410040 2447.7
1410050 2447.7
1410060 2454.6
1410070 2462.6
1410080 2462.6
1410090 2469.2
1410100 2468.2
1410110 2468.2
1410120 2473.2
1410130 2480.1
1410140 2480.1
1410150 2487.1
1410160 2494.1
1410170 2494.1
1410180 2501.1
1410190 2511.6
1410200 2511.6
1410210 2517.7
1410220 2524.7
1410230 2524.7
1410240 2535.2
1410250 2544.1
1410260 2544.1
1410270 2552.1
1410280 2560.0
1410290 2567.7
1410300 2567.7
1410310 2574.8
1410320 2580.9
1410330 2580.9
1410340 2586.5
1410350 2592.5
1410360 2592.5
1410370 2598.7
1410380 2604.9
1410390 2604.9
1410400 2611.7
1410410 2618.6
1410420 2618.6
1410430 2626.1
1410440 2634.5
1410450 2634.5
1410460 2645.2
1410470 2647.4
1410480 2647.4
1410490 2643.8
1410500 2640.6
1410510 2637.0
1410520 2637.0
1410530 2633.7
1410540 2630.0
1410550 2630.0
1410560 2626.8
1410570 2623.2
1410580 2623.2
1410590 2620.0
1410600 2616.7
1410610 2616.7
1410620 2613.2
1410630 2608.8
1410640 2608.8
1410650 2605.9
1410660 2604.1
1410670 2604.1
1410680 2602.0
1410690 2599.3
1410700 2599.3
1410710 2595.6
1410720 2591.2
1410730 2586.8
1410740 2586.8
1410750 2580.1
1410760 2575.0
1410770 2575.0
1410780 2570.7
1410790 2567.1
1410800 2567.1
1410810 2563.7
1410820 2560.9
1410830 2560.9
1410840 2558.8
1410850 2556.4
1410860 2556.4
1410870 2555.7
1410880 2558.5
1410890 2558.5
1410900 2559.9
1410910 2554.5
1410920 2554.5
1410930 2547.8
1410940 2541.3
1410950 2537.0
1410960 2537.0
1410970 2532.0
1410980 2526.9
1410990 2526.9
1411000 2521.5
1411010 2517.3
1411020 2517.3
1411030 2514.1
1411040 2511.8
1411050 2511.8
1411060 2510.2
1411070 2508.7
1411080 2508.7
1411090 2506.6
1411100 2504.3
1411110 2504.3
1411120 2502.6
1411130 2501.1
1411140 2501.1
1411150 2499.3
1411160 2497.6
1411170 2497.6
1411180 2495.3
1411190 2492.4
1411200 2489.5
1411210 2489.5
1411220 2487.0
1411230 2484.6
1411240 2484.6
1411250 2482.4
1411260 2480.6
1411270 2480.6
1411280 2479.0
1411290 2479.3
1411300 2479.3
1411310 2481.2
1411320 2481.5
1411330 2481.5
1411340 2481.0
1411350 2480.7
1411360 2480.7
1411370 2480.4
1411380 2478.9
1411390 2478.9
1411400 2476.2
1411410 2473.3
1411420 2470.9
1411430 2470.9
1411440 2469.3
1411450 2468.0
1411460 2468.0
1411470 2467.4
1411480 2465.8
1411490 2465.8
1411500 2463.7
1411510 2462.4
1411520 2462.4
1411530 2461.3
1411540 2460.2
1411550 2460.2
1411560 2459.3
1411570 2458.2
1411580 2458.2
1411590 2457.0
1411600 2456.6
1411610 2456.6
1411620 2456.6
1411630 2456.2
1411640 2457.3
1411650 2457.3
1411660 2458.0
1411670 2459.4
1411680 2459.4
1411690 2461.6
1411700 2464.3
1411710 2464.3
1411720 2469.6
1411730 2472.1
1411740 2472.1
1411750 2474.0
1411760 2472.1
1411770 2472.1
1411780 2473.2
1411790 2476.1
1411800 2476.1
1411810 2478.5
1411820 2482.3
1411830 2482.3
1411840 2485.2
1411850 2488.3
1411860 2488.3
1411870 2491.8
1411880 2495.7
1411890 2500.1
1411900 2500.1
1411910 2506.5
1411920 2516.6
1411930 2516.6
1411940 2524.7
1411950 2543.3
1411960 2543.3
1411970 2544.9
1411980 2546.4
1411990 2546.4
1412000 2548.6
1412010 2549.4
1412020 2549.4
1412030 2548.6
1412040 2547.6
1412050 2547.6
1412060 2547.4
1412070 2542.4
1412080 2542.4
1412090 2537.3
1412100 2536.1
1412110 2536.1
1412120 2536.1
1412130 2536.3
1412140 2535.1
1412150 2535.1
1412160 2534.9
1412170 2533.9
1412180 2533.9
1412190 2534.4
1412200 2535.8
1412210 2535.8
1412220 2537.4
1412230 2539.7
1412240 2539.7
1412250 2542.8
1412260 2547.2
1412270 2547.2
1412280 2553.7
1412290 2562.0
1412300 2562.0
1412310 2566.2
1412320 2568.6
1412330 2572.2
1412340 2572.2
1412350 2572.6
1412360 2571.6
1412370 2571.6
1412380 2573.0
1412390 2574.3
1412400 2574.3
1412410 2573.5
1412420 2573.3
1412430 2573.3
1412440 2571.8
1412450 2571.4
1412460 2571.4
1412470 2570.5
1412480 2568.1
1412490 2568.1
1412500 2565.5
1412510 2563.0
1412520 2563.0
1412530 2561.8
1412540 2559.2
1412550 2557.8
1412560 2557.8
1412570 2557.8
1412580 2557.0
1412590 2557.0
1412600 2553.9
1412610 2550.5
1412620 2550.5
1412630 2548.1
1412640 2546.0
1412650 2546.0
1412660 2544.1
1412670 2542.2
1412680 2542.2
1412690 2543.1
1412700 2541.5
1412710 2541.5
1412720 2539.8
1412730 2538.1
1412740 2538.1
1412750 2536.1
1412760 2533.9
1412770 2533.9
1412780 2531.8
1412790 2529.8
1412800 2527.7
1412810 2527.7
1412820 2525.5
1412830 2523.7
1412840 2523.7
1412850 2523.4
1412860 2523.8
1412870 2523.8
1412880 2521.6
1412890 2520.2
1412900 2520.2
1412910 2517.0
1412920 2515.7
1412930 2515.7
1412940 2515.8
1412950 2514.4
1412960 2514.4
1412970 2509.7
1412980 2503.5
1412990 2503.5
1413000 2496.6
1413010 2493.3
1413020 2492.0
1413030 2492.0
1413040 2490.9
1413050 2490.3
1413060 2490.3
1413070 2490.2
1413080 2490.2
1413090 2490.2
1413100 2489.6
1413110 2487.5
1413120 2487.5
1413130 2488.7
1413140 2487.8
1413150 2487.8
1413160 2486.1
1413170 2483.3
1413180 2483.3
1413190 2483.8
1413200 2482.1
1413210 2482.1
1413220 2481.5
1413230 2483.3
1413240 2483.1
1413250 2483.1
1413260 2483.9
1413270 2483.1
1413280 2483.1
1413290 2481.6
1413300 2480.2
1413310 2480.2
1413320 2479.5
1413330 2478.5
1413340 2478.5
1413350 2477.1
1413360 2476.1
1413370 2476.1
1413380 2475.3
1413390 2474.6
1413400 2474.6
1413410 2473.6
1413420 2473.4
1413430 2473.4
1413440 2472.7
1413450 2472.9
1413460 2472.9
1413470 2472.4
1413480 2472.1
1413490 2471.8
1413500 2471.8
1413510 2472.7
1413520 2472.2
1413530 2472.2
1413540 2470.2
1413550 2469.4
1413560 2469.4
1413570 2468.6
1413580 2469.6
1413590 2469.6
1413600 2471.4
1413610 2471.4
1413620 2471.4
1413630 2472.7
1413640 2474.6
1413650 2474.6
1413660 2477.9
1413670 2478.4
1413680 2478.4
1413690 2475.4
1413700 2474.3
1413710 2473.8
1413720 2473.8
1413730 2474.1
1413740 2473.3
1413750 2473.3
1413760 2474.0
1413770 2479.8
1413780 2479.8
1413790 2482.3
1413800 2484.4
1413810 2484.4
1413820 2485.1
1413830 2484.7
1413840 2484.7
1413850 2486.6
1413860 2490.0
1413870 2490.0
1413880 2495.2
1413890 2499.1
1413900 2499.1
1413910 2502.0
1413920 2505.2
1413930 2509.2
1413940 2509.2
1413950 2515.9
1413960 2521.2
1413970 2521.2
1413980 2523.0
1413990 2526.1
1414000 2526.1
1414010 2532.1
1414020 2536.3
1414030 2536.3
1414040 2540.8
1414050 2547.0
1414060 2547.0
1414070 2553.7
1414080 2560.3
1414090 2560.3
1414100 2567.5
1414110 2574.7
1414120 2574.7
1414130 2583.2
1414140 2590.1
1414150 2596.6
1414160 2596.6
1414170 2602.2
1414180 2605.3
1414190 2605.3
1414200 2607.9
1414210 2611.5
1414220 2611.5
1414230 2617.1
1414240 2622.7
1414250 2622.7
1414260 2628.7
1414270 2634.6
1414280 2634.6
1414290 2639.8
1414300 2648.7
1414310 2648.7
1414320 2668.0
1414330 2688.5
1414340 2688.5
1414350 2701.6
1414360 2713.3
1414370 2713.3
1414380 2723.8
1414390 2731.0
1414400 2742.3
1414410 2742.3
1414420 2753.3
1414430 2766.6
1414440 2766.6
1414450 2779.8
1414460 2793.6
1414470 2793.6
1414480 2802.6
1414490 2801.1
1414500 2801.1
1414510 2798.0
1414520 2791.1
1414530 2791.1
1414540 2785.2
1414550 2782.7
1414560 2782.7
1414570 2780.8
1414580 2779.3
1414590 2779.3
1414600 2778.0
1414610 2777.1
1414620 2776.5
1414630 2776.5
1414640 2775.7
1414650 2774.7
1414660 2774.7
1414670 2774.6
1414680 2775.2
1414690 2775.2
1414700 2776.1
1414710 2776.3
1414720 2776.3
1414730 2776.9
1414740 2777.8
1414750 2777.8
1414760 2778.4
1414770 2778.7
1414780 2778.7
1414790 2779.2
1414800 2780.6
1414810 2780.6
1414820 2782.4
1414830 2784.5
1414840 2786.7
1414850 2786.7
1414860 2787.7
1414870 2788.9
1414880 2788.9
1414890 2790.8
1414900 2792.3
1414910 2792.3
1414920 2796.6
1414930 2802.0
1414940 2802.0
1414950 2809.7
1414960 2816.9
1414970 2816.9
1414980 2822.1
1414990 2828.7
1415000 2828.7
1415010 2841.0
1415020 2854.8
1415030 2854.8
1415040 2863.7
1415050 2870.1
1415060 2870.1
1415070 2875.1
1415080 2879.3
1415090 2882.2
1415100 2882.2
1415110 2882.8
1415120 2881.5
1415130 2881.5
1415140 2883.2
1415150 2888.9
1415160 2888.9
1415170 2896.7
1415180 2901.9
1415190 2901.9
1415200 2909.4
1415210 2915.4
1415220 2915.4
1415230 2920.4
1415240 2927.0
1415250 2927.0
1415260 2932.9
1415270 2938.7
1415280 2938.7
1415290 2944.6
1415300 2950.2
1415310 2955.9
1415320 2955.9
1415330 2965.3
1415340 2974.2
1415350 2974.2
1415360 2978.6
1415370 2988.2
1415380 2988.2
1415390 2992.9
1415400 2997.0
1415410 2997.0
1415420 2999.9
1415430 3002.5
1415440 3002.5
1415450 3004.7
1415460 3006.5
1415470 3006.5
1415480 3007.8
1415490 3009.0
1415500 3009.0
1415510 3010.2
1415520 3011.3
1415530 3011.9
1415540 3011.9
1415550 3012.1
1415560 3012.0
1415570 3012.0
1415580 3011.6
1415590 3011.4
1415600 3011.4
1415610 3010.7
1415620 3010.3
1415630 3010.3
1415640 3009.3
1415650 3008.2
1415660 3008.2
1415670 3007.8
1415680 3007.3
1415690 3007.3
1415700 3004.5
1415710 3003.0
1415720 3003.0
1415730 3003.5
1415740 3002.7
1415750 3001.3
1415760 3001.3
1415770 3000.0
1415780 2999.0
1415790 2999.0
1415800 2998.1
1415810 2997.3
1415820 2997.3
1415830 2996.4
1415840 2995.5
1415850 2995.5
1415860 2994.7
1415870 2994.0
1415880 2994.0
1415890 2993.4
1415900 2992.8
1415910 2992.8
1415920 2992.1
1415930 2991.4
1415940 2991.4
1415950 2990.6
1415960 2989.6
1415970 2989.6
1415980 2988.4
1415990 2986.9
1416000 2985.3
1416010 2985.3
1416020 2983.4
1416030 2981.4
1416040 2981.4
1416050 2979.6
1416060 2978.2
1416070 2978.2
1416080 2977.1
1416090 2976.4
1416100 2976.4
1416110 2976.1
1416120 2976.4
1416130 2976.4
1416140 2977.2
1416150 2978.4
1416160 2978.4
1416170 2980.0
1416180 2982.1
1416190 2982.1
1416200 2984.5
1416210 2987.0
1416220 2986.1
1416230 2986.1
1416240 2989.2
1416250 2995.7
1416260 2995.7
1416270 2998.9
1416280 3002.3
1416290 3002.3
1416300 3007.7
1416310 3013.2
1416320 3016.4
1416330 3022.1
1416340 3028.3
1416350 3028.3
1416360 3035.1
1416370 3045.1
1416380 3045.1
1416390 3053.6
1416400 3058.1
1416410 3058.1
1416420 3062.8
1416430 3066.6
1416440 3068.2
1416450 3068.2
1416460 3071.7
1416470 3073.5
1416480 3073.5
1416490 3075.6
1416500 3076.7
1416510 3076.7
1416520 3077.2
1416530 3078.3
1416540 3078.3
1416550 3078.8
1416560 3079.9
1416570 3079.9
1416580 3080.5
1416590 3080.9
1416600 3080.9
1416610 3081.2
1416620 3081.3
1416630 3081.3
1416640 3081.4
1416650 3081.4
1416660 3081.4
1416670 3081.2
1416680 3081.0
1416690 3080.8
1416700 3080.8
1416710 3080.6
1416720 3080.4
1416730 3080.4
1416740 3080.4
1416750 3080.4
1416760 3080.4
1416770 3080.6
1416780 3080.9
1416790 3080.9
1416800 3081.3
1416810 3081.8
1416820 3081.8
1416830 3082.4
1416840 3083.2
1416850 3083.2
1416860 3083.9
1416870 3084.5
1416880 3084.5
1416890 3085.3
1416900 3086.1
1416910 3086.5
1416920 3086.5
1416930 3087.1
1416940 3087.4
1416950 3087.4
1416960 3087.5
1416970 3087.6
1416980 3087.6
1416990 3087.6
1417000 3087.4
1417010 3087.4
1417020 3087.3
1417030 3087.1
1417040 3087.1
1417050 3086.9
1417060 3086.6
1417070 3086.6
1417080 3086.3
1417090 3085.9
1417100 3085.9
1417110 3085.5
1417120 3085.1
1417130 3084.7
1417140 3084.7
1417150 3084.3
1417160 3083.9
1417170 3083.9
1417180 3083.5
1417190 3083.2
1417200 3083.2
1417210 3082.9
1417220 3082.7
1417230 3082.7
1417240 3082.6
1417250 3082.7
1417260 3082.7
1417270 3083.1
1417280 3083.5
1417290 3083.5
1417300 3083.6
1417310 3083.7
1417320 3083.7
1417330 3083.7
1417340 3083.7
1417350 3083.7
1417360 3084.1
1417370 3085.5
1417380 3085.9
1417390 3085.9
1417400 3085.4
1417410 3084.5
1417420 3084.5
1417430 3082.4
1417440 3080.1
1417450 3080.1
1417460 3077.1
1417470 3073.1
1417480 3073.1
1417490 3062.0
1417500 3043.4
1417510 3043.4
1417520 3035.8
1417530 3029.4
1417540 3029.4
1417550 3025.1
1417560 3020.7
1417570 3020.7
1417580 3016.1
1417590 3011.6
1417600 3007.3
1417610 3007.3
1417620 3003.1
1417630 2998.9
1417640 2998.9
1417650 2994.6
1417660 2986.1
1417670 2986.1
1417680 2984.8
1417690 2980.9
1417700 2980.9
1417710 2976.1
1417720 2971.5
1417730 2971.5
1417740 2967.0
1417750 2962.6
1417760 2962.6
1417770 2958.3
1417780 2954.1
1417790 2954.1
1417800 2950.0
1417810 2945.8
1417820 2941.7
1417830 2941.7
1417840 2937.5
1417850 2933.4
1417860 2933.4
1417870 2929.2
1417880 2925.2
1417890 2925.2
1417900 2921.3
1417910 2917.6
1417920 2917.6
1417930 2913.8
1417940 2909.8
1417950 2909.8
1417960 2905.6
1417970 2901.2
1417980 2901.2
1417990 2896.5
1418000 2891.7
1418010 2891.7
1418020 2887.1
1418030 2882.5
1418040 2878.3
1418050 2878.3
1418060 2874.3
1418070 2870.7
1418080 2870.7
1418090 2867.4
1418100 2864.2
1418110 2864.2
1418120 2861.2
1418130 2858.3
1418140 2858.3
1418150 2856.0
1418160 2854.1
1418170 2854.1
1418180 2851.8
1418190 2849.6
1418200 2850.5
1418210 2848.4
1418220 2846.4
1418230 2846.4
1418240 2844.3
1418250 2842.2
1418260 2842.2
1418270 2840.0
1418280 2837.9
1418290 2836.0
1418300 2836.0
1418310 2834.1
1418320 2832.2
1418330 2832.2
1418340 2830.0
1418350 2827.7
1418360 2827.7
1418370 2825.1
1418380 2822.6
1418390 2822.6
1418400 2820.2
1418410 2817.8
1418420 2817.8
1418430 2815.4
1418440 2813.2
1418450 2813.2
1418460 2811.1
1418470 2808.9
1418480 2808.9
1418490 2806.8
1418500 2804.6
1418510 2802.3
1418520 2802.3
1418530 2800.1
1418540 2797.9
1418550 2797.9
1418560 2795.7
1418570 2793.6
1418580 2793.6
1418590 2791.6
1418600 2789.5
1418610 2789.5
1418620 2787.6
1418630 2785.5
1418640 2785.5
1418650 2783.5
1418660 2781.5
1418670 2781.5
1418680 2779.4
1418690 2777.2
1418700 2777.2
1418710 2775.0
1418720 2773.0
1418730 2770.8
1418740 2770.8
1418750 2769.3
1418760 2767.6
1418770 2767.6
1418780 2765.6
1418790 2763.3
1418800 2763.3
1418810 2760.9
1418820 2758.7
1418830 2758.7
1418840 2756.6
1418850 2755.1
1418860 2755.1
1418870 2754.0
1418880 2752.9
1418890 2752.9
1418900 2751.0
1418910 2748.8
1418920 2748.8
1418930 2746.8
1418940 2744.4
1418950 2744.4
1418960 2741.8
1418970 2739.7
1418980 2737.5
1418990 2737.5
1419000 2735.2
1419010 2732.4
1419020 2732.4
1419030 2728.3
1419040 2725.0
1419050 2725.0
1419060 2721.9
1419070 2718.5
1419080 2718.5
1419090 2714.9
1419100 2711.2
1419110 2711.2
1419120 2707.5
1419130 2704.2
1419140 2704.2
1419150 2701.6
1419160 2698.6
1419170 2698.6
1419180 2693.0
1419190 2688.2
1419200 2684.0
1419210 2684.0
1419220 2680.2
1419230 2677.2
1419240 2677.2
1419250 2673.9
1419260 2671.6
1419270 2671.6
1419280 2669.3
1419290 2664.9
1419300 2664.9
1419310 2659.5
1419320 2654.7
1419330 2654.7
1419340 2651.0
1419350 2647.7
1419360 2647.7
1419370 2644.5
1419380 2643.1
1419390 2643.1
1419400 2642.0
1419410 2640.6
1419420 2638.4
1419430 2638.4
1419440 2636.1
1419450 2631.7
1419460 2631.7
1419470 2627.9
1419480 2626.8
1419490 2626.8
1419500 2626.3
1419510 2625.1
1419520 2625.1
1419530 2623.8
1419540 2624.5
1419550 2624.5
1419560 2626.6
1419570 2626.0
1419580 2626.0
1419590 2621.3
1419600 2614.3
1419610 2614.3
1419620 2608.3
1419630 2603.1
1419640 2597.1
1419650 2597.1
1419660 2589.9
1419670 2582.7
1419680 2582.7
1419690 2576.7
1419700 2572.0
1419710 2572.0
1419720 2568.0
1419730 2563.6
1419740 2563.6
1419750 2560.3
1419760 2556.3
1419770 2556.3
1419780 2552.9
1419790 2550.1
1419800 2550.1
1419810 2548.0
1419820 2546.8
1419830 2546.8
1419840 2544.1
1419850 2542.6
1419860 2542.6
1419870 2540.6
1419880 2539.6
1419890 2536.7
1419900 2536.7
1419910 2534.3
1419920 2530.4
1419930 2530.4
1419940 2526.3
1419950 2523.9
1419960 2523.9
1419970 2521.5
1419980 2518.8
1419990 2518.8
