1400000 2311.0
1400010 2311.0
1400020 2309.8
1400030 2309.2
1400040 2309.2
1400050 2310.2
1400060 2310.9
1400070 2310.9
1400080 2312.0
1400090 2314.4
1400100 2314.4
1400110 2315.1
1400120 2316.0
1400130 2316.0
1400140 2317.7
1400150 2320.4
1400160 2320.4
1400170 2327.8
1400180 2338.9
1400190 2338.9
1400200 2347.7
1400210 2353.8
1400220 2358.3
1400230 2358.3
1400240 2362.6
1400250 2366.1
1400260 2366.1
1400270 2367.4
1400280 2365.9
1400290 2365.9
1400300 2365.3
1400310 2367.1
1400320 2367.1
1400330 2371.1
1400340 2376.3
1400350 2376.3
1400360 2381.9
1400370 2387.3
1400380 2387.3
1400390 2393.2
1400400 2399.2
1400410 2399.2
1400420 2404.9
1400430 2411.1
1400440 2417.6
1400450 2417.6
1400460 2428.7
1400470 2443.4
1400480 2443.4
1400490 2459.9
1400500 2476.6
1400510 2476.6
1400520 2488.0
1400530 2501.5
1400540 2501.5
1400550 2517.1
1400560 2525.8
1400570 2525.8
1400580 2535.7
1400590 2545.2
1400600 2545.2
1400610 2553.7
1400620 2563.7
1400630 2563.7
1400640 2569.0
1400650 2572.2
1400660 2572.2
1400670 2577.9
1400680 2583.0
1400690 2587.1
1400700 2587.1
1400710 2591.8
1400720 2596.4
1400730 2596.4
1400740 2599.6
1400750 2602.7
1400760 2602.7
1400770 2604.8
1400780 2606.0
1400790 2606.0
1400800 2607.6
1400810 2609.9
1400820 2609.9
1400830 2612.9
1400840 2615.8
1400850 2615.8
1400860 2618.7
1400870 2621.7
1400880 2621.7
1400890 2624.2
1400900 2623.1
1400910 2622.5
1400920 2622.5
1400930 2623.3
1400940 2627.9
1400950 2627.9
1400960 2634.4
1400970 2637.5
1400980 2637.5
1400990 2644.6
1401000 2650.1
1401010 2650.1
1401020 2654.4
1401030 2658.5
1401040 2658.5
1401050 2662.3
1401060 2666.4
1401070 2666.4
1401080 2675.1
1401090 2683.7
1401100 2683.7
1401110 2682.3
1401120 2674.1
1401130 2668.2
1401140 2668.2
1401150 2659.6
1401160 2649.4
1401170 2649.4
1401180 2643.4
1401190 2638.5
1401200 2638.5
1401210 2633.8
1401220 2629.5
1401230 2629.5
1401240 2625.8
1401250 2622.6
1401260 2622.6
1401270 2619.7
1401280 2616.9
1401290 2616.9
1401300 2614.5
1401310 2612.7
1401320 2612.7
1401330 2611.3
1401340 2610.3
1401350 2610.3
1401360 2609.8
1401370 2609.7
1401380 2609.9
1401390 2609.9
1401400 2610.0
1401410 2610.5
1401420 2610.5
1401430 2611.3
1401440 2611.6
1401450 2611.6
1401460 2613.4
1401470 2615.3
1401480 2615.3
1401490 2615.8
1401500 2617.7
1401510 2622.2
1401520 2624.4
1401530 2627.6
1401540 2627.6
1401550 2633.1
1401560 2638.5
1401570 2638.5
1401580 2643.3
1401590 2646.6
1401600 2650.4
1401610 2650.4
1401620 2653.4
1401630 2657.8
1401640 2657.8
1401650 2663.0
1401660 2669.8
1401670 2669.8
1401680 2673.7
1401690 2674.9
1401700 2674.9
1401710 2676.9
1401720 2679.3
1401730 2679.3
1401740 2682.7
1401750 2686.9
1401760 2686.9
1401770 2690.2
1401780 2693.9
1401790 2693.9
1401800 2698.3
1401810 2702.5
1401820 2707.7
1401830 2707.7
1401840 2713.4
1401850 2719.4
1401860 2719.4
1401870 2724.1
1401880 2726.3
1401890 2726.3
1401900 2726.9
1401910 2729.6
1401920 2729.6
1401930 2734.9
1401940 2741.7
1401950 2741.7
1401960 2747.6
1401970 2752.6
1401980 2752.6
1401990 2758.3
1402000 2762.4
1402010 2762.4
1402020 2765.3
1402030 2767.4
1402040 2767.4
1402050 2770.8
1402060 2774.1
1402070 2777.9
1402080 2777.9
1402090 2782.1
1402100 2786.6
1402110 2786.6
1402120 2791.5
1402130 2797.7
1402140 2797.7
1402150 2803.6
1402160 2809.1
1402170 2809.1
1402180 2814.5
1402190 2823.0
1402200 2823.0
1402210 2833.4
1402220 2841.5
1402230 2841.5
1402240 2847.5
1402250 2849.9
1402260 2849.9
1402270 2852.2
1402280 2852.2
1402290 2853.6
1402300 2853.6
1402310 2854.7
1402320 2856.2
1402330 2856.2
1402340 2859.0
1402350 2861.0
1402360 2861.0
1402370 2862.8
1402380 2866.0
1402390 2866.0
1402400 2870.0
1402410 2872.3
1402420 2872.3
1402430 2872.8
1402440 2872.6
1402450 2872.6
1402460 2871.6
1402470 2871.0
1402480 2871.0
1402490 2871.1
1402500 2871.3
1402510 2871.3
1402520 2871.6
1402530 2871.7
1402540 2871.5
1402550 2871.5
1402560 2871.0
1402570 2870.2
1402580 2870.2
1402590 2869.5
1402600 2869.8
1402610 2869.8
1402620 2871.9
1402630 2875.6
1402640 2875.6
1402650 2878.4
1402660 2879.5
1402670 2879.5
1402680 2879.4
1402690 2879.7
1402700 2879.7
1402710 2877.5
1402720 2872.4
1402730 2872.4
1402740 2867.2
1402750 2862.1
1402760 2857.5
1402770 2857.5
1402780 2854.5
1402790 2853.3
1402800 2853.3
1402810 2849.4
1402820 2843.0
1402830 2843.0
1402840 2838.2
1402850 2832.0
1402860 2832.0
1402870 2818.8
1402880 2809.9
1402890 2809.9
1402900 2794.8
1402910 2786.5
1402920 2786.5
1402930 2781.3
1402940 2774.5
1402950 2774.5
1402960 2767.8
1402970 2762.1
1402980 2755.9
1402990 2755.9
1403000 2750.1
1403010 2744.7
1403020 2744.7
1403030 2739.2
1403040 2735.3
1403050 2735.3
1403060 2731.6
1403070 2727.6
1403080 2727.6
1403090 2723.7
1403100 2718.3
1403110 2718.3
1403120 2713.1
1403130 2709.8
1403140 2709.8
1403150 2707.2
1403160 2705.2
1403170 2705.2
1403180 2701.2
1403190 2693.1
1403200 2693.1
1403210 2682.6
1403220 2646.9
1403230 2635.4
1403240 2635.4
1403250 2630.8
1403260 2626.3
1403270 2626.3
1403280 2621.1
1403290 2615.6
1403300 2615.6
1403310 2609.9
1403320 2604.5
1403330 2604.5
1403340 2600.1
1403350 2596.2
1403360 2596.2
1403370 2592.8
1403380 2589.1
1403390 2589.1
1403400 2585.9
1403410 2583.3
1403420 2583.3
1403430 2580.7
1403440 2577.9
1403450 2575.2
1403460 2575.2
1403470 2571.9
1403480 2568.4
1403490 2568.4
1403500 2564.8
1403510 2561.0
1403520 2561.0
1403530 2557.0
1403540 2552.3
1403550 2552.3
1403560 2547.1
1403570 2541.8
1403580 2541.8
1403590 2536.1
1403600 2531.2
1403610 2531.2
1403620 2526.3
1403630 2521.0
1403640 2521.0
1403650 2513.9
1403660 2508.5
1403670 2507.7
1403680 2507.7
1403690 2506.6
1403700 2504.0
1403710 2504.0
1403720 2501.4
1403730 2500.8
1403740 2500.8
1403750 2498.7
1403760 2497.1
1403770 2497.1
1403780 2495.8
1403790 2495.3
1403800 2495.3
1403810 2492.4
1403820 2489.0
1403830 2489.0
1403840 2486.3
1403850 2483.4
1403860 2483.4
1403870 2479.5
1403880 2476.5
1403890 2476.5
1403900 2476.9
1403910 2477.6
1403920 2477.8
1403930 2477.8
1403940 2477.4
1403950 2475.0
1403960 2475.0
1403970 2477.1
1403980 2485.3
1403990 2485.3
1404000 2491.4
1404010 2495.0
1404020 2495.0
1404030 2493.9
1404040 2490.2
1404050 2490.2
1404060 2481.2
1404070 2471.6
1404080 2471.6
1404090 2462.0
1404100 2451.7
1404110 2451.7
1404120 2445.5
1404130 2438.0
1404140 2430.1
1404150 2430.1
1404160 2424.2
1404170 2417.8
1404180 2417.8
1404190 2409.3
1404200 2392.2
1404210 2392.2
1404220 2372.6
1404230 2364.4
1404240 2364.4
1404250 2357.2
1404260 2352.8
1404270 2352.8
1404280 2349.7
1404290 2345.4
1404300 2345.4
1404310 2341.2
1404320 2335.6
1404330 2335.6
1404340 2330.3
1404350 2325.8
1404360 2320.4
1404370 2320.4
1404380 2315.2
1404390 2310.7
1404400 2310.7
1404410 2306.9
1404420 2302.6
1404430 2302.6
1404440 2297.7
1404450 2293.4
1404460 2293.4
1404470 2289.0
1404480 2284.7
1404490 2284.7
1404500 2281.0
1404510 2277.7
1404520 2277.7
1404530 2275.2
1404540 2273.3
1404550 2273.3
1404560 2271.8
1404570 2271.2
1404580 2271.2
1404590 2270.6
1404600 2269.9
1404610 2270.9
1404620 2270.9
1404630 2269.3
1404640 2271.1
1404650 2271.1
1404660 2273.5
1404670 2275.5
1404680 2275.5
1404690 2276.5
1404700 2276.2
1404710 2276.2
1404720 2272.5
1404730 2269.5
1404740 2269.5
1404750 2270.0
1404760 2269.8
1404770 2269.8
1404780 2265.4
1404790 2258.9
1404800 2258.9
1404810 2251.3
1404820 2244.1
1404830 2236.7
1404840 2236.7
1404850 2229.2
1404860 2222.0
1404870 2222.0
1404880 2215.5
1404890 2208.3
1404900 2208.3
1404910 2201.5
1404920 2195.1
1404930 2195.1
1404940 2193.5
1404950 2192.5
1404960 2192.5
1404970 2191.5
1404980 2191.8
1404990 2191.8
1405000 2192.6
1405010 2194.1
1405020 2194.1
1405030 2194.8
1405040 2194.5
1405050 2188.1
1405060 2188.1
1405070 2181.7
1405080 2176.6
1405090 2176.6
1405100 2171.6
1405110 2162.5
1405120 2162.5
1405130 2143.1
1405140 2134.4
1405150 2134.4
1405160 2128.8
1405170 2123.4
1405180 2123.4
1405190 2118.1
1405200 2112.9
1405210 2112.9
1405220 2109.0
1405230 2104.1
1405240 2104.1
1405250 2093.0
1405260 2082.6
1405270 2082.6
1405280 2074.2
1405290 2068.6
1405300 2065.8
1405310 2065.8
1405320 2064.0
1405330 2064.6
1405340 2064.6
1405350 2064.2
1405360 2064.8
1405370 2064.8
1405380 2064.7
1405390 2063.1
1405400 2063.1
1405410 2055.3
1405420 2047.5
1405430 2047.5
1405440 2041.3
1405450 2036.0
1405460 2036.0
1405470 2032.1
1405480 2026.3
1405490 2026.3
1405500 2021.2
1405510 2017.5
1405520 2011.8
1405530 2011.8
1405540 2005.1
1405550 2000.6
1405560 2000.6
1405570 1999.0
1405580 1998.8
1405590 1998.8
1405600 1998.6
1405610 1992.6
1405620 1992.6
1405630 1983.3
1405640 1977.1
1405650 1977.1
1405660 1973.1
1405670 1968.7
1405680 1968.7
1405690 1964.8
1405700 1962.2
1405710 1962.2
1405720 1960.9
1405730 1961.1
1405740 1960.7
1405750 1960.7
1405760 1959.6
1405770 1957.5
1405780 1957.5
1405790 1952.6
1405800 1952.6
1405810 1952.6
1405820 1952.5
1405830 1952.2
1405840 1952.2
1405850 1952.5
1405860 1957.2
1405870 1957.2
1405880 1962.6
1405890 1965.3
1405900 1965.3
1405910 1967.2
1405920 1966.6
1405930 1966.6
1405940 1969.4
1405950 1968.7
1405960 1968.7
1405970 1967.0
1405980 1968.5
1405990 1971.7
1406000 1971.7
1406010 1975.1
1406020 1980.0
1406030 1980.0
1406040 1982.9
1406050 1984.7
1406060 1984.7
1406070 1983.7
1406080 1982.0
1406090 1982.0
1406100 1983.4
1406110 1986.6
1406120 1986.6
1406130 1991.0
1406140 1996.3
1406150 1996.3
1406160 2000.9
1406170 2005.2
1406180 2005.2
1406190 2010.3
1406200 2016.4
1406210 2021.5
1406220 2021.5
1406230 2033.1
1406240 2042.5
1406250 2042.5
1406260 2056.2
1406270 2066.3
1406280 2066.3
1406290 2076.8
1406300 2092.2
1406310 2092.2
1406320 2100.4
1406330 2108.6
1406340 2108.6
1406350 2119.5
1406360 2135.1
1406370 2135.1
1406380 2141.2
1406390 2142.4
1406400 2142.4
1406410 2141.4
1406420 2137.2
1406430 2137.2
1406440 2137.9
1406450 2144.2
1406460 2144.9
1406470 2144.9
1406480 2146.3
1406490 2148.1
1406500 2148.1
1406510 2146.9
1406520 2144.6
1406530 2144.6
1406540 2141.1
1406550 2135.4
1406560 2135.4
1406570 2126.6
1406580 2112.8
1406590 2112.8
1406600 2106.5
1406610 2100.2
1406620 2100.2
1406630 2092.0
1406640 2086.6
1406650 2086.6
1406660 2082.3
1406670 2075.7
1406680 2072.2
1406690 2072.2
1406700 2067.5
1406710 2064.6
1406720 2064.6
1406730 2063.1
1406740 2061.4
1406750 2061.4
1406760 2058.0
1406770 2053.5
1406780 2053.5
1406790 2050.7
1406800 2047.6
1406810 2047.6
1406820 2044.2
1406830 2041.5
1406840 2041.5
1406850 2036.8
1406860 2024.4
1406870 2024.4
1406880 2021.9
1406890 2021.9
1406900 2021.9
1406910 2021.9
1406920 2021.9
1406930 2021.9
1406940 2021.9
1406950 2021.9
1406960 2021.9
1406970 2021.9
1406980 2021.9
1406990 2021.9
1407000 2021.9
1407010 2021.9
1407020 2021.9
1407030 2021.9
1407040 2021.9
1407050 2021.9
1407060 2021.9
1407070 2021.9
1407080 2021.9
1407090 2021.9
1407100 2022.0
1407110 2021.1
1407120 2021.1
1407130 2020.5
1407140 2020.6
1407150 2020.6
1407160 2020.6
1407170 2020.6
1407180 2020.6
1407190 2020.6
1407200 2020.6
1407210 2020.6
1407220 2020.6
1407230 2020.6
1407240 2020.6
1407250 2020.6
1407260 2020.6
1407270 2020.6
1407280 2020.6
1407290 2020.6
1407300 2020.6
1407310 2020.6
1407320 2020.6
1407330 2020.6
1407340 2020.6
1407350 2020.6
1407360 2020.6
1407370 2020.6
1407380 2020.6
1407390 2020.6
1407400 2020.6
1407410 2020.6
1407420 2020.6
1407430 2020.6
1407440 2020.6
1407450 2020.6
1407460 2020.6
1407470 2020.6
1407480 2020.6
1407490 2020.6
1407500 2020.6
1407510 2020.6
1407520 2024.0
1407530 2024.0
1407540 2031.3
1407550 2035.8
1407560 2035.8
1407570 2042.3
1407580 2047.5
1407590 2045.5
1407600 2045.5
1407610 2043.7
1407620 2046.6
1407630 2046.6
1407640 2049.4
1407650 2062.1
1407660 2062.1
1407670 2066.7
1407680 2063.1
1407690 2063.1
1407700 2060.7
1407710 2062.2
1407720 2062.2
1407730 2062.2
1407740 2062.8
1407750 2062.8
1407760 2066.2
1407770 2069.3
1407780 2069.3
1407790 2073.3
1407800 2075.8
1407810 2075.8
1407820 2074.8
1407830 2074.1
1407840 2073.9
1407850 2073.9
1407860 2075.1
1407870 2080.5
1407880 2080.5
1407890 2083.5
1407900 2088.8
1407910 2088.8
1407920 2095.4
1407930 2102.2
1407940 2102.2
1407950 2110.5
1407960 2122.3
1407970 2122.3
1407980 2135.8
1407990 2144.4
1408000 2144.4
1408010 2155.3
1408020 2162.7
1408030 2162.7
1408040 2166.9
1408050 2173.1
1408060 2182.1
1408070 2182.1
1408080 2193.5
1408090 2201.9
1408100 2201.9
1408110 2208.9
1408120 2220.6
1408130 2220.6
1408140 2222.8
1408150 2225.2
1408160 2225.2
1408170 2232.2
1408180 2236.1
1408190 2236.1
1408200 2238.7
1408210 2243.5
1408220 2243.5
1408230 2243.6
1408240 2240.9
1408250 2240.9
1408260 2241.9
1408270 2240.8
1408280 2239.3
1408290 2239.3
1408300 2238.6
1408310 2240.0
1408320 2240.0
1408330 2245.4
1408340 2249.2
1408350 2249.2
1408360 2255.0
1408370 2266.3
1408380 2266.3
1408390 2281.1
1408400 2292.9
1408410 2292.9
1408420 2298.4
1408430 2300.1
1408440 2300.1
1408450 2300.3
1408460 2299.7
1408470 2299.7
1408480 2298.2
1408490 2296.8
1408500 2296.8
1408510 2300.8
1408520 2306.5
1408530 2310.7
1408540 2310.7
1408550 2309.4
1408560 2313.5
1408570 2313.5
1408580 2317.7
1408590 2322.6
1408600 2322.6
1408610 2329.0
1408620 2336.6
1408630 2336.6
1408640 2343.7
1408650 2350.9
1408660 2350.9
1408670 2357.8
1408680 2365.7
1408690 2365.7
1408700 2374.1
1408710 2382.4
1408720 2382.4
1408730 2388.8
1408740 2396.0
1408750 2403.1
1408760 2403.1
1408770 2410.0
1408780 2417.0
1408790 2417.0
1408800 2424.3
1408810 2431.3
1408820 2431.3
1408830 2438.6
1408840 2445.1
1408850 2445.1
1408860 2451.7
1408870 2460.6
1408880 2460.6
1408890 2479.5
1408900 2497.6
1408910 2497.6
1408920 2506.8
1408930 2514.4
1408940 2514.4
1408950 2531.1
1408960 2538.5
1408970 2542.8
1408980 2542.8
1408990 2547.5
1409000 2553.3
1409010 2553.3
1409020 2560.3
1409030 2567.6
1409040 2567.6
1409050 2573.9
1409060 2588.6
1409070 2588.6
1409080 2597.5
1409090 2605.1
1409100 2605.1
1409110 2614.1
1409120 2623.6
1409130 2623.6
1409140 2639.8
1409150 2653.0
1409160 2653.0
1409170 2660.2
1409180 2663.3
1409190 2663.3
1409200 2668.2
1409210 2677.7
1409220 2684.5
1409230 2684.5
1409240 2688.9
1409250 2695.5
1409260 2695.5
1409270 2705.6
1409280 2716.1
1409290 2716.1
1409300 2725.1
1409310 2733.8
1409320 2733.8
1409330 2735.2
1409340 2736.1
1409350 2736.1
1409360 2738.2
1409370 2739.6
1409380 2739.6
1409390 2741.4
1409400 2744.5
1409410 2744.5
1409420 2744.0
1409430 2745.4
1409440 2744.1
1409450 2744.1
1409460 2738.9
1409470 2731.9
1409480 2731.9
1409490 2725.7
1409500 2719.8
1409510 2719.8
1409520 2717.0
1409530 2714.9
1409540 2721.5
1409550 2721.3
1409560 2717.7
1409570 2717.7
1409580 2714.8
1409590 2713.2
1409600 2713.2
1409610 2713.1
1409620 2713.2
1409630 2713.2
1409640 2713.8
1409650 2715.2
1409660 2716.7
1409670 2716.7
1409680 2718.8
1409690 2721.0
1409700 2721.0
1409710 2723.8
1409720 2739.8
1409730 2739.8
1409740 2747.9
1409750 2749.9
1409760 2749.9
1409770 2750.7
1409780 2752.9
1409790 2752.9
1409800 2757.2
1409810 2759.4
1409820 2759.4
1409830 2759.0
1409840 2754.6
1409850 2754.6
1409860 2747.4
1409870 2744.3
1409880 2744.3
1409890 2742.9
1409900 2740.8
1409910 2738.9
1409920 2738.9
1409930 2739.4
1409940 2740.5
1409950 2740.5
1409960 2741.6
1409970 2742.6
1409980 2742.6
1409990 2743.7
1410000 2744.6
1410010 2744.6
1410020 2745.3
1410030 2746.0
1410040 2746.0
1410050 2746.6
1410060 2747.0
1410070 2747.0
1410080 2747.5
1410090 2747.8
1410100 2747.8
1410110 2748.3
1410120 2748.9
1410130 2749.4
1410140 2749.4
1410150 2750.1
1410160 2751.0
1410170 2751.0
1410180 2752.2
1410190 2753.8
1410200 2753.8
1410210 2756.2
1410220 2758.1
1410230 2758.1
1410240 2760.5
1410250 2763.4
1410260 2763.4
1410270 2766.1
1410280 2768.5
1410290 2768.5
1410300 2770.5
1410310 2771.9
1410320 2771.9
1410330 2773.2
1410340 2774.3
1410350 2774.3
1410360 2775.2
1410370 2776.5
1410380 2778.5
1410390 2778.5
1410400 2781.5
1410410 2786.7
1410420 2786.7
1410430 2795.9
1410440 2805.9
1410450 2805.9
1410460 2805.3
1410470 2795.8
1410480 2795.8
1410490 2787.6
1410500 2781.5
1410510 2781.5
1410520 2777.0
1410530 2773.2
1410540 2773.2
1410550 2769.7
1410560 2766.3
1410570 2766.3
1410580 2763.2
1410590 2759.8
1410600 2756.8
1410610 2756.8
1410620 2753.3
1410630 2749.5
1410640 2749.5
1410650 2746.4
1410660 2743.9
1410670 2743.9
1410680 2742.9
1410690 2741.7
1410700 2741.7
1410710 2739.2
1410720 2736.0
1410730 2736.0
1410740 2732.2
1410750 2727.9
1410760 2727.9
1410770 2723.8
1410780 2720.8
1410790 2720.8
1410800 2717.8
1410810 2715.2
1410820 2712.5
1410830 2712.5
1410840 2710.6
1410850 2708.2
1410860 2708.2
1410870 2704.3
1410880 2700.0
1410890 2700.0
1410900 2697.0
1410910 2694.5
1410920 2694.5
1410930 2693.4
1410940 2692.2
1410950 2692.2
1410960 2691.0
1410970 2690.6
1410980 2690.6
1410990 2689.2
1411000 2687.4
1411010 2687.4
1411020 2685.4
1411030 2683.7
1411040 2683.7
1411050 2683.6
1411060 2682.6
1411070 2679.3
1411080 2679.3
1411090 2674.5
1411100 2669.2
1411110 2669.2
1411120 2664.3
1411130 2660.2
1411140 2660.2
1411150 2657.3
1411160 2653.9
1411170 2653.9
1411180 2651.3
1411190 2648.9
1411200 2648.9
1411210 2646.4
1411220 2643.7
1411230 2643.7
1411240 2640.8
1411250 2638.0
1411260 2638.0
1411270 2635.7
1411280 2634.5
1411290 2635.0
1411300 2635.0
1411310 2637.5
1411320 2639.3
1411330 2639.3
1411340 2638.6
1411350 2636.2
1411360 2636.2
1411370 2632.2
1411380 2628.2
1411390 2628.2
1411400 2624.2
1411410 2620.1
1411420 2620.1
1411430 2615.7
1411440 2611.4
1411450 2611.4
1411460 2607.4
1411470 2603.4
1411480 2603.4
1411490 2600.2
1411500 2597.7
1411510 2595.9
1411520 2595.9
1411530 2594.1
1411540 2592.1
1411550 2592.1
1411560 2589.0
1411570 2583.3
1411580 2583.3
1411590 2579.5
1411600 2576.6
1411610 2576.6
1411620 2574.0
1411630 2571.4
1411640 2571.4
1411650 2569.5
1411660 2567.6
1411670 2567.6
1411680 2565.7
1411690 2563.2
1411700 2563.2
1411710 2560.2
1411720 2557.1
1411730 2557.1
1411740 2555.7
1411750 2553.0
1411760 2549.9
1411770 2549.9
1411780 2546.7
1411790 2543.9
1411800 2543.9
1411810 2540.5
1411820 2536.8
1411830 2536.8
1411840 2533.2
1411850 2529.3
1411860 2529.3
1411870 2525.1
1411880 2522.1
1411890 2522.1
1411900 2520.7
1411910 2519.0
1411920 2519.0
1411930 2517.0
1411940 2514.8
1411950 2514.8
1411960 2513.2
1411970 2510.8
1411980 2507.9
1411990 2507.9
1412000 2504.7
1412010 2501.1
1412020 2501.1
1412030 2497.6
1412040 2494.0
1412050 2494.0
1412060 2490.8
1412070 2487.3
1412080 2487.3
1412090 2483.7
1412100 2480.0
1412110 2480.0
1412120 2474.3
1412130 2469.2
1412140 2469.2
1412150 2469.5
1412160 2465.8
1412170 2465.8
1412180 2461.4
1412190 2458.6
1412200 2457.3
1412210 2457.3
1412220 2455.4
1412230 2453.0
1412240 2453.0
1412250 2447.8
1412260 2440.0
1412270 2440.0
1412280 2426.9
1412290 2418.7
1412300 2418.7
1412310 2413.8
1412320 2408.6
1412330 2408.6
1412340 2401.4
1412350 2393.2
1412360 2393.2
1412370 2382.1
1412380 2368.4
1412390 2368.4
1412400 2359.1
1412410 2355.3
1412420 2355.3
1412430 2352.8
1412440 2349.5
1412450 2344.9
1412460 2344.9
1412470 2340.7
1412480 2336.6
1412490 2336.6
1412500 2332.4
1412510 2328.4
1412520 2328.4
1412530 2324.2
1412540 2320.3
1412550 2320.3
1412560 2316.5
1412570 2312.7
1412580 2312.7
1412590 2309.0
1412600 2305.7
1412610 2305.7
1412620 2301.9
1412630 2298.7
1412640 2298.7
1412650 2295.1
1412660 2291.8
1412670 2290.0
1412680 2290.0
1412690 2287.9
1412700 2284.6
1412710 2284.6
1412720 2280.9
1412730 2277.3
1412740 2277.3
1412750 2273.3
1412760 2271.8
1412770 2271.8
1412780 2267.0
1412790 2260.8
1412800 2260.8
1412810 2255.1
1412820 2249.4
1412830 2249.4
1412840 2245.0
1412850 2239.8
1412860 2239.8
1412870 2231.6
1412880 2220.4
1412890 2208.2
1412900 2208.2
1412910 2194.4
1412920 2182.9
1412930 2182.9
1412940 2173.3
1412950 2163.6
1412960 2163.6
1412970 2152.4
1412980 2142.9
1412990 2142.9
1413000 2134.5
1413010 2126.7
1413020 2126.7
1413030 2120.7
1413040 2113.9
1413050 2113.9
1413060 2108.1
1413070 2102.9
1413080 2102.9
1413090 2098.6
1413100 2098.4
1413110 2098.4
1413120 2098.3
1413130 2095.6
1413140 2090.0
1413150 2090.0
1413160 2083.9
1413170 2077.7
1413180 2077.7
1413190 2071.9
1413200 2069.5
1413210 2069.5
1413220 2068.5
1413230 2066.0
1413240 2066.0
1413250 2063.2
1413260 2062.5
1413270 2062.5
1413280 2062.5
1413290 2061.5
1413300 2061.5
1413310 2059.0
1413320 2056.6
1413330 2056.6
1413340 2056.3
1413350 2056.7
1413360 2053.6
1413370 2053.6
1413380 2051.8
1413390 2052.5
1413400 2052.5
1413410 2052.2
1413420 2051.3
1413430 2051.3
1413440 2050.4
1413450 2049.9
1413460 2049.9
1413470 2049.2
1413480 2046.6
1413490 2046.6
1413500 2045.7
1413510 2045.8
1413520 2045.8
1413530 2048.1
1413540 2049.4
1413550 2049.4
1413560 2049.8
1413570 2050.6
1413580 2052.5
1413590 2052.5
1413600 2055.9
1413610 2059.1
1413620 2059.1
1413630 2064.4
1413640 2071.2
1413650 2071.2
1413660 2077.0
1413670 2083.7
1413680 2083.7
1413690 2091.0
1413700 2097.2
1413710 2097.2
1413720 2103.2
1413730 2109.6
1413740 2109.6
1413750 2115.9
1413760 2122.5
1413770 2122.5
1413780 2128.4
1413790 2137.2
1413800 2137.2
1413810 2154.3
1413820 2169.7
1413830 2189.5
1413840 2189.5
1413850 2200.5
1413860 2210.4
1413870 2210.4
1413880 2221.7
1413890 2233.4
1413900 2233.4
1413910 2240.5
1413920 2248.3
1413930 2248.3
1413940 2257.2
1413950 2267.8
1413960 2267.8
1413970 2274.3
1413980 2279.3
1413990 2279.3
1414000 2284.0
1414010 2288.9
1414020 2288.9
1414030 2297.0
1414040 2306.1
1414050 2312.4
1414060 2312.4
1414070 2319.0
1414080 2322.1
1414090 2322.1
1414100 2322.0
1414110 2325.5
1414120 2325.5
1414130 2330.6
1414140 2335.1
1414150 2335.1
1414160 2338.8
1414170 2340.0
1414180 2340.0
1414190 2340.7
1414200 2342.9
1414210 2342.9
1414220 2347.1
1414230 2351.1
1414240 2351.1
1414250 2357.8
1414260 2362.1
1414270 2362.1
1414280 2366.3
1414290 2367.9
1414300 2368.6
1414310 2368.6
1414320 2371.0
1414330 2371.1
1414340 2371.1
1414350 2369.8
1414360 2369.8
1414370 2369.8
1414380 2371.6
1414390 2374.2
1414400 2374.2
1414410 2379.0
1414420 2385.6
1414430 2385.6
1414440 2392.1
1414450 2396.2
1414460 2396.2
1414470 2392.1
1414480 2387.2
1414490 2387.2
1414500 2381.4
1414510 2374.3
1414520 2368.0
1414530 2368.0
1414540 2361.4
1414550 2354.5
1414560 2354.5
1414570 2348.1
1414580 2344.6
1414590 2344.6
1414600 2343.6
1414610 2345.2
1414620 2345.2
1414630 2345.0
1414640 2341.1
1414650 2341.1
1414660 2334.8
1414670 2330.9
1414680 2330.9
1414690 2327.8
1414700 2329.3
1414710 2329.3
1414720 2334.3
1414730 2338.0
1414740 2341.0
1414750 2341.0
1414760 2342.8
1414770 2343.9
1414780 2343.9
1414790 2349.5
1414800 2354.5
1414810 2357.0
1414820 2357.6
1414830 2356.8
1414840 2356.8
1414850 2355.4
1414860 2354.3
1414870 2354.3
1414880 2353.4
1414890 2353.1
1414900 2353.1
1414910 2353.4
1414920 2353.9
1414930 2353.9
1414940 2354.3
1414950 2357.3
1414960 2357.3
1414970 2358.3
1414980 2356.9
1414990 2356.3
1415000 2356.3
1415010 2355.5
1415020 2356.0
1415030 2356.0
1415040 2356.0
1415050 2356.5
1415060 2356.5
1415070 2358.9
1415080 2365.0
1415090 2365.0
1415100 2371.3
1415110 2376.9
1415120 2376.9
1415130 2381.0
1415140 2388.0
1415150 2388.0
1415160 2395.2
1415170 2398.9
1415180 2398.9
1415190 2400.8
1415200 2403.5
1415210 2404.8
1415220 2404.8
1415230 2403.8
1415240 2406.9
1415250 2406.9
1415260 2412.8
1415270 2418.5
1415280 2418.5
1415290 2424.7
1415300 2434.4
1415310 2434.4
1415320 2445.6
1415330 2454.0
1415340 2454.0
1415350 2459.3
1415360 2465.6
1415370 2465.6
1415380 2472.8
1415390 2478.4
1415400 2478.4
1415410 2482.9
1415420 2488.1
1415430 2493.2
1415440 2493.2
1415450 2496.6
1415460 2501.2
1415470 2501.2
1415480 2505.3
1415490 2508.8
1415500 2508.8
1415510 2514.2
1415520 2522.1
1415530 2522.1
1415540 2526.2
1415550 2531.2
1415560 2531.2
1415570 2536.6
1415580 2541.1
1415590 2541.1
1415600 2545.0
1415610 2550.6
1415620 2550.6
1415630 2562.5
1415640 2578.7
1415650 2578.7
1415660 2589.3
1415670 2601.8
1415680 2620.7
1415690 2620.7
1415700 2637.2
1415710 2647.9
1415720 2647.9
1415730 2657.5
1415740 2665.7
1415750 2665.7
1415760 2674.0
1415770 2682.7
1415780 2682.7
1415790 2692.4
1415800 2702.0
1415810 2702.0
1415820 2711.2
1415830 2720.5
1415840 2720.5
1415850 2728.6
1415860 2735.7
1415870 2735.7
1415880 2741.9
1415890 2743.3
1415900 2741.7
1415910 2741.7
1415920 2741.1
1415930 2738.1
1415940 2738.1
1415950 2732.3
1415960 2726.2
1415970 2726.2
1415980 2717.8
1415990 2709.1
1416000 2709.1
1416010 2702.4
1416020 2693.0
1416030 2693.0
1416040 2686.6
1416050 2684.9
1416060 2684.9
1416070 2684.2
1416080 2682.3
1416090 2682.3
1416100 2679.0
1416110 2676.3
1416120 2673.3
1416130 2673.3
1416140 2671.9
1416150 2671.5
1416160 2671.5
1416170 2672.2
1416180 2673.7
1416190 2673.7
1416200 2676.3
1416210 2679.4
1416220 2679.4
1416230 2683.6
1416240 2687.3
1416250 2687.3
1416260 2691.6
1416270 2698.3
1416280 2698.3
1416290 2706.5
1416300 2714.1
1416310 2714.1
1416320 2719.2
1416330 2723.6
1416340 2723.6
1416350 2729.8
1416360 2736.0
1416370 2737.5
1416380 2737.5
1416390 2739.7
1416400 2743.8
1416410 2743.8
1416420 2756.1
1416430 2762.2
1416440 2762.2
1416450 2763.7
1416460 2767.3
1416470 2767.3
1416480 2769.4
1416490 2774.3
1416500 2774.3
1416510 2778.8
1416520 2780.1
1416530 2780.1
1416540 2781.2
1416550 2784.9
1416560 2784.9
1416570 2787.0
1416580 2789.3
1416590 2792.7
1416600 2792.7
1416610 2795.6
1416620 2798.6
1416630 2798.6
1416640 2801.6
1416650 2804.9
1416660 2804.5
1416670 2807.7
1416680 2810.9
1416690 2810.9
1416700 2814.2
1416710 2817.6
1416720 2817.6
1416730 2821.2
1416740 2824.9
1416750 2824.9
1416760 2828.8
1416770 2833.4
1416780 2833.4
1416790 2838.2
1416800 2843.1
1416810 2848.7
1416820 2848.7
1416830 2854.6
1416840 2859.7
1416850 2859.7
1416860 2869.3
1416870 2885.1
1416880 2885.1
1416890 2896.6
1416900 2907.2
1416910 2907.2
1416920 2919.0
1416930 2930.7
1416940 2930.7
1416950 2946.0
1416960 2955.9
1416970 2955.9
1416980 2964.7
1416990 2973.1
1417000 2973.1
1417010 2981.4
1417020 2989.5
1417030 2989.5
1417040 2997.3
1417050 3005.8
1417060 3014.6
1417070 3014.6
1417080 3023.2
1417090 3031.1
1417100 3031.1
1417110 3039.3
1417120 3047.4
1417130 3047.4
1417140 3055.5
1417150 3063.2
1417160 3063.2
1417170 3070.8
1417180 3078.7
1417190 3078.7
1417200 3086.6
1417210 3094.5
1417220 3094.5
1417230 3102.6
1417240 3110.8
1417250 3110.8
1417260 3119.1
1417270 3127.8
1417280 3136.5
1417290 3136.5
1417300 3145.5
1417310 3154.5
1417320 3154.5
1417330 3164.1
1417340 3173.3
1417350 3173.3
1417360 3183.5
1417370 3193.9
1417380 3193.9
1417390 3204.2
1417400 3214.3
1417410 3214.3
1417420 3224.7
1417430 3236.1
1417440 3236.1
1417450 3248.2
1417460 3257.4
1417470 3257.4
1417480 3266.4
1417490 3275.3
1417500 3284.1
1417510 3284.1
1417520 3292.7
1417530 3301.4
1417540 3301.4
1417550 3310.1
1417560 3319.1
1417570 3319.1
1417580 3328.4
1417590 3337.6
1417600 3337.6
1417610 3347.2
1417620 3354.4
1417630 3354.4
1417640 3358.9
1417650 3361.7
1417660 3361.7
1417670 3360.5
1417680 3351.8
1417690 3351.8
1417700 3342.7
1417710 3334.4
1417720 3334.4
1417730 3327.0
1417740 3319.6
1417750 3312.5
1417760 3312.5
1417770 3305.1
1417780 3299.1
1417790 3299.1
1417800 3294.1
1417810 3289.7
1417820 3289.7
1417830 3285.8
1417840 3282.1
1417850 3282.1
1417860 3278.8
1417870 3275.8
1417880 3275.8
1417890 3273.1
1417900 3271.0
1417910 3271.0
1417920 3269.3
1417930 3267.8
1417940 3267.8
1417950 3266.7
1417960 3265.7
1417970 3264.7
1417980 3264.7
1417990 3263.6
1418000 3262.4
1418010 3262.4
1418020 3261.3
1418030 3260.2
1418040 3260.2
1418050 3259.2
1418060 3258.3
1418070 3258.3
1418080 3257.4
1418090 3256.8
1418100 3256.8
1418110 3256.2
1418120 3255.7
1418130 3255.7
1418140 3255.3
1418150 3255.1
1418160 3255.1
1418170 3255.0
1418180 3255.2
1418190 3255.7
1418200 3255.7
1418210 3256.2
1418220 3256.8
1418230 3256.8
1418240 3257.1
1418250 3256.9
1418260 3256.9
1418270 3255.9
1418280 3254.4
1418290 3254.4
1418300 3252.8
1418310 3250.2
1418320 3250.2
1418330 3244.9
1418340 3237.9
1418350 3237.9
1418360 3232.0
1418370 3231.4
1418380 3231.4
1418390 3228.0
1418400 3224.3
1418410 3224.3
1418420 3220.8
1418430 3217.7
1418440 3214.7
1418450 3214.7
1418460 3211.8
1418470 3209.4
1418480 3209.4
1418490 3207.5
1418500 3206.1
1418510 3206.1
1418520 3205.2
1418530 3204.8
1418540 3204.8
1418550 3204.8
1418560 3199.9
1418570 3199.9
1418580 3200.5
1418590 3201.1
1418600 3201.1
1418610 3201.5
1418620 3201.3
1418630 3201.3
1418640 3202.0
1418650 3204.2
1418660 3205.5
1418670 3205.5
1418680 3206.8
1418690 3208.2
1418700 3208.2
1418710 3210.1
1418720 3212.4
1418730 3212.4
1418740 3214.7
1418750 3218.4
1418760 3218.4
1418770 3222.4
1418780 3226.7
1418790 3226.7
1418800 3232.4
1418810 3239.5
1418820 3239.5
1418830 3246.5
1418840 3253.6
1418850 3253.6
1418860 3259.9
1418870 3266.8
1418880 3273.0
1418890 3273.0
1418900 3280.0
1418910 3287.4
1418920 3287.4
1418930 3295.3
1418940 3301.5
1418950 3301.5
1418960 3301.7
1418970 3292.0
1418980 3292.0
1418990 3285.1
1419000 3280.2
1419010 3280.2
1419020 3275.8
1419030 3271.7
1419040 3271.7
1419050 3266.9
1419060 3261.9
1419070 3261.9
1419080 3256.8
1419090 3251.7
1419100 3251.7
1419110 3246.6
1419120 3241.7
1419130 3235.3
1419140 3235.3
1419150 3228.4
1419160 3221.6
1419170 3221.6
1419180 3214.5
1419190 3207.8
1419200 3207.8
1419210 3201.1
1419220 3194.6
1419230 3194.6
1419240 3187.8
1419250 3181.1
1419260 3181.1
1419270 3174.6
1419280 3167.9
1419290 3167.9
1419300 3161.4
1419310 3155.4
1419320 3155.4
1419330 3149.5
1419340 3143.4
1419350 3137.8
1419360 3137.8
1419370 3131.9
1419380 3126.7
1419390 3126.7
1419400 3121.6
1419410 3116.7
1419420 3116.7
1419430 3112.1
1419440 3107.7
1419450 3107.7
1419460 3103.8
1419470 3100.2
1419480 3100.2
1419490 3097.0
1419500 3094.3
1419510 3094.3
1419520 3091.7
1419530 3089.2
1419540 3089.2
1419550 3087.0
1419560 3085.0
1419570 3085.0
1419580 3083.4
1419590 3082.0
1419600 3080.8
1419610 3080.8
1419620 3079.9
1419630 3079.2
1419640 3079.2
1419650 3078.8
1419660 3078.9
1419670 3078.9
1419680 3079.0
1419690 3079.2
1419700 3079.2
1419710 3080.0
1419720 3080.9
1419730 3080.9
1419740 3082.3
1419750 3083.2
1419760 3083.2
1419770 3084.1
1419780 3084.4
1419790 3084.4
1419800 3084.0
1419810 3083.5
1419820 3082.2
1419830 3082.2
1419840 3081.6
1419850 3081.7
1419860 3081.7
1419870 3082.6
1419880 3084.7
1419890 3084.7
1419900 3092.2
1419910 3090.5
1419920 3090.5
1419930 3084.8
1419940 3077.8
1419950 3077.8
1419960 3068.8
1419970 3060.8
1419980 3060.8
1419990 3054.2
