1400000 1548.2
1400010 1544.4
1400020 1540.8
1400030 1540.8
1400040 1538.9
1400050 1537.6
1400060 1537.6
1400070 1535.7
1400080 1534.4
1400090 1532.4
1400100 1532.4
1400110 1532.4
1400120 1532.9
1400130 1532.9
1400140 1537.0
1400150 1540.6
1400160 1540.6
1400170 1543.9
1400180 1547.0
1400190 1547.0
1400200 1551.4
1400210 1556.1
1400220 1556.1
1400230 1559.8
1400240 1564.1
1400250 1564.1
1400260 1569.1
1400270 1574.9
1400280 1574.9
1400290 1581.0
1400300 1586.7
1400310 1586.7
1400320 1592.4
1400330 1598.2
1400340 1604.0
1400350 1604.0
1400360 1609.9
1400370 1615.7
1400380 1615.7
1400390 1621.9
1400400 1627.9
1400410 1627.9
1400420 1632.2
1400430 1637.3
1400440 1637.3
1400450 1644.3
1400460 1652.8
1400470 1652.8
1400480 1662.2
1400490 1672.6
1400500 1672.6
1400510 1680.4
1400520 1686.0
1400530 1686.0
1400540 1690.4
1400550 1694.2
1400560 1698.1
1400570 1698.1
1400580 1703.2
1400590 1708.4
1400600 1708.4
1400610 1714.7
1400620 1721.4
1400630 1721.4
1400640 1728.0
1400650 1735.0
1400660 1735.0
1400670 1742.1
1400680 1749.3
1400690 1749.3
1400700 1757.4
1400710 1764.5
1400720 1764.5
1400730 1771.8
1400740 1780.1
1400750 1780.1
1400760 1788.1
1400770 1796.0
1400780 1796.0
1400790 1804.2
1400800 1812.8
1400810 1821.7
1400820 1821.7
1400830 1833.5
1400840 1845.9
1400850 1845.9
1400860 1861.5
1400870 1881.6
1400880 1881.6
1400890 1889.8
1400900 1894.8
1400910 1894.8
1400920 1900.1
1400930 1909.0
1400940 1909.0
1400950 1918.2
1400960 1925.1
1400970 1925.1
1400980 1932.5
1400990 1938.8
1401000 1938.8
1401010 1946.9
1401020 1952.7
1401030 1958.9
1401040 1958.9
1401050 1963.9
1401060 1969.2
1401070 1969.2
1401080 1976.1
1401090 1982.6
1401100 1982.6
1401110 1994.1
1401120 2002.7
1401130 2002.7
1401140 2008.2
1401150 2012.9
1401160 2012.9
1401170 2018.7
1401180 2024.1
1401190 2024.1
1401200 2030.5
1401210 2037.4
1401220 2037.4
1401230 2043.1
1401240 2048.9
1401250 2048.9
1401260 2054.8
1401270 2060.9
1401280 2066.4
1401290 2066.4
1401300 2071.2
1401310 2075.6
1401320 2075.6
1401330 2080.1
1401340 2085.3
1401350 2085.3
1401360 2090.6
1401370 2095.4
1401380 2095.4
1401390 2100.1
1401400 2104.3
1401410 2104.3
1401420 2109.9
1401430 2116.4
1401440 2116.4
1401450 2121.7
1401460 2127.2
1401470 2127.2
1401480 2133.3
1401490 2138.5
1401500 2144.6
1401510 2144.6
1401520 2149.6
1401530 2153.9
1401540 2153.9
1401550 2158.1
1401560 2163.6
1401570 2163.6
1401580 2168.8
1401590 2171.5
1401600 2171.5
1401610 2170.4
1401620 2168.6
1401630 2168.6
1401640 2167.9
1401650 2167.6
1401660 2167.6
1401670 2168.1
1401680 2168.5
1401690 2168.5
1401700 2169.2
1401710 2170.8
1401720 2172.3
1401730 2172.3
1401740 2173.8
1401750 2176.2
1401760 2176.2
1401770 2182.2
1401780 2189.1
1401790 2189.1
1401800 2194.8
1401810 2200.9
1401820 2200.9
1401830 2207.3
1401840 2213.8
1401850 2213.8
1401860 2220.4
1401870 2226.0
1401880 2226.0
1401890 2229.5
1401900 2231.9
1401910 2231.9
1401920 2235.6
1401930 2239.5
1401940 2239.5
1401950 2244.0
1401960 2247.5
1401970 2256.8
1401980 2256.8
1401990 2264.7
1402000 2269.7
1402010 2269.7
1402020 2274.6
1402030 2278.9
1402040 2278.9
1402050 2283.3
1402060 2287.9
1402070 2287.9
1402080 2293.4
1402090 2298.1
1402100 2298.1
1402110 2302.3
1402120 2306.9
1402130 2306.9
1402140 2313.0
1402150 2318.9
1402160 2318.9
1402170 2323.3
1402180 2327.3
1402190 2331.1
1402200 2331.1
1402210 2336.2
1402220 2342.0
1402230 2342.0
1402240 2348.3
1402250 2355.1
1402260 2355.1
1402270 2361.8
1402280 2369.0
1402290 2369.0
1402300 2380.3
1402310 2392.5
1402320 2392.5
1402330 2406.4
1402340 2428.3
1402350 2428.3
1402360 2443.2
1402370 2453.9
1402380 2453.9
1402390 2462.2
1402400 2472.4
1402410 2472.4
1402420 2481.4
1402430 2489.2
1402440 2497.0
1402450 2497.0
1402460 2505.8
1402470 2514.8
1402480 2514.8
1402490 2522.4
1402500 2529.9
1402510 2529.9
1402520 2539.8
1402530 2549.0
1402540 2549.0
1402550 2555.7
1402560 2559.9
1402570 2559.9
1402580 2566.1
1402590 2573.7
1402600 2573.7
1402610 2582.3
1402620 2591.6
1402630 2591.6
1402640 2602.0
1402650 2613.0
1402660 2617.6
1402670 2617.6
1402680 2611.5
1402690 2604.9
1402700 2604.9
1402710 2598.9
1402720 2592.7
1402730 2592.7
1402740 2587.4
1402750 2585.2
1402760 2585.2
1402770 2584.7
1402780 2582.0
1402790 2582.0
1402800 2576.0
1402810 2568.3
1402820 2568.3
1402830 2561.3
1402840 2554.7
1402850 2554.7
1402860 2549.1
1402870 2547.0
1402880 2547.0
1402890 2545.6
1402900 2545.6
1402910 2547.5
1402920 2547.5
1402930 2549.9
1402940 2552.1
1402950 2552.1
1402960 2554.6
1402970 2558.1
1402980 2558.1
1402990 2563.8
1403000 2569.1
1403010 2569.1
1403020 2573.7
1403030 2578.6
1403040 2578.6
1403050 2583.3
1403060 2584.6
1403070 2584.6
1403080 2582.7
1403090 2578.6
1403100 2578.6
1403110 2573.9
1403120 2568.3
1403130 2561.5
1403140 2561.5
1403150 2557.2
1403160 2555.1
1403170 2555.1
1403180 2548.5
1403190 2540.2
1403200 2540.2
1403210 2531.5
1403220 2518.9
1403230 2518.9
1403240 2505.3
1403250 2504.9
1403260 2504.9
1403270 2495.0
1403280 2468.7
1403290 2468.7
1403300 2443.3
1403310 2417.2
1403320 2417.2
1403330 2399.9
1403340 2377.2
1403350 2377.2
1403360 2358.6
1403370 2340.0
1403380 2318.2
1403390 2318.2
1403400 2291.7
1403410 2271.6
1403420 2271.6
1403430 2261.9
1403440 2253.5
1403450 2253.5
1403460 2245.2
1403470 2234.0
1403480 2234.0
1403490 2218.8
1403500 2205.2
1403510 2205.2
1403520 2197.4
1403530 2189.4
1403540 2189.4
1403550 2181.5
1403560 2173.7
1403570 2173.7
1403580 2165.4
1403590 2155.4
1403600 2144.4
1403610 2144.4
1403620 2133.6
1403630 2119.6
1403640 2119.6
1403650 2110.3
1403660 2100.2
1403670 2100.2
1403680 2088.4
1403690 2080.2
1403700 2080.2
1403710 2072.6
1403720 2063.7
1403730 2063.7
1403740 2053.9
1403750 2045.0
1403760 2045.0
1403770 2037.0
1403780 2029.5
1403790 2029.5
1403800 2020.4
1403810 2010.0
1403820 2010.0
1403830 2004.8
1403840 2001.4
1403850 1997.1
1403860 1997.1
1403870 1995.7
1403880 1993.3
1403890 1993.3
1403900 1987.1
1403910 1977.3
1403920 1977.3
1403930 1969.5
1403940 1961.4
1403950 1961.4
1403960 1952.3
1403970 1937.7
1403980 1937.7
1403990 1929.4
1404000 1922.8
1404010 1922.8
1404020 1913.8
1404030 1904.3
1404040 1904.3
1404050 1896.0
1404060 1888.9
1404070 1882.7
1404080 1882.7
1404090 1876.5
1404100 1870.1
1404110 1870.1
1404120 1863.5
1404130 1856.6
1404140 1856.6
1404150 1849.8
1404160 1843.0
1404170 1843.0
1404180 1836.8
1404190 1830.9
1404200 1830.9
1404210 1823.9
1404220 1817.5
1404230 1817.5
1404240 1811.5
1404250 1805.3
1404260 1805.3
1404270 1799.4
1404280 1793.7
1404290 1793.7
1404300 1788.3
1404310 1782.6
1404320 1777.6
1404330 1777.6
1404340 1771.9
1404350 1767.0
1404360 1767.0
1404370 1762.2
1404380 1758.0
1404390 1758.0
1404400 1753.8
1404410 1749.6
1404420 1749.6
1404430 1745.3
1404440 1742.1
1404450 1742.1
1404460 1738.8
1404470 1734.3
1404480 1734.3
1404490 1730.7
1404500 1728.2
1404510 1728.2
1404520 1726.0
1404530 1723.5
1404540 1721.2
1404550 1721.2
1404560 1719.7
1404570 1718.3
1404580 1718.3
1404590 1717.6
1404600 1719.7
1404610 1719.7
1404620 1724.6
1404630 1730.3
1404640 1730.3
1404650 1735.7
1404660 1742.6
1404670 1742.6
1404680 1746.1
1404690 1748.6
1404700 1748.6
1404710 1751.2
1404720 1753.6
1404730 1753.6
1404740 1756.3
1404750 1762.4
1404760 1762.4
1404770 1768.0
1404780 1766.9
1404790 1767.2
1404800 1767.2
1404810 1768.1
1404820 1768.5
1404830 1768.5
1404840 1768.9
1404850 1769.8
1404860 1769.8
1404870 1769.4
1404880 1768.7
1404890 1768.7
1404900 1766.5
1404910 1765.7
1404920 1765.7
1404930 1763.5
1404940 1757.1
1404950 1757.1
1404960 1749.5
1404970 1740.7
1404980 1740.7
1404990 1722.0
1405000 1708.8
1405010 1708.6
1405020 1708.6
1405030 1723.7
1405040 1730.7
1405050 1730.7
1405060 1736.3
1405070 1735.0
1405080 1735.0
1405090 1731.8
1405100 1736.4
1405110 1736.4
1405120 1744.0
1405130 1752.0
1405140 1752.0
1405150 1752.8
1405160 1752.3
1405170 1752.3
1405180 1753.0
1405190 1756.0
1405200 1756.0
1405210 1760.5
1405220 1763.1
1405230 1763.1
1405240 1767.5
1405250 1772.3
1405260 1777.2
1405270 1777.2
1405280 1778.7
1405290 1781.4
1405300 1781.4
1405310 1786.1
1405320 1790.5
1405330 1790.5
1405340 1797.8
1405350 1802.2
1405360 1802.2
1405370 1803.1
1405380 1807.5
1405390 1807.5
1405400 1817.2
1405410 1821.9
1405420 1821.9
1405430 1844.3
1405440 1855.7
1405450 1855.7
1405460 1862.7
1405470 1868.8
1405480 1876.0
1405490 1876.0
1405500 1878.1
1405510 1879.2
1405520 1879.2
1405530 1882.2
1405540 1890.9
1405550 1890.9
1405560 1897.5
1405570 1902.0
1405580 1902.0
1405590 1907.1
1405600 1912.9
1405610 1912.9
1405620 1916.5
1405630 1919.4
1405640 1919.4
1405650 1921.2
1405660 1926.4
1405670 1926.4
1405680 1932.3
1405690 1936.1
1405700 1936.1
1405710 1938.3
1405720 1941.5
1405730 1942.5
1405740 1942.5
1405750 1943.0
1405760 1944.7
1405770 1944.7
1405780 1946.1
1405790 1943.7
1405800 1943.7
1405810 1950.7
1405820 1943.6
1405830 1943.6
1405840 1941.3
1405850 1938.7
1405860 1938.7
1405870 1934.3
1405880 1930.7
1405890 1930.7
1405900 1927.1
1405910 1921.8
1405920 1921.8
1405930 1920.3
1405940 1927.3
1405950 1933.5
1405960 1933.5
1405970 1938.0
1405980 1939.0
1405990 1939.0
1406000 1940.0
1406010 1944.4
1406020 1944.4
1406030 1944.2
1406040 1945.3
1406050 1945.3
1406060 1948.5
1406070 1951.2
1406080 1951.2
1406090 1957.8
1406100 1959.5
1406110 1959.5
1406120 1961.4
1406130 1966.3
1406140 1966.3
1406150 1964.3
1406160 1961.2
1406170 1961.2
1406180 1958.0
1406190 1954.9
1406200 1951.5
1406210 1951.5
1406220 1948.9
1406230 1948.1
1406240 1948.1
1406250 1947.7
1406260 1946.7
1406270 1946.7
1406280 1946.8
1406290 1946.9
1406300 1946.9
1406310 1947.4
1406320 1949.5
1406330 1949.5
1406340 1951.8
1406350 1951.0
1406360 1951.0
1406370 1950.4
1406380 1949.0
1406390 1949.0
1406400 1948.2
1406410 1949.1
1406420 1948.9
1406430 1948.9
1406440 1948.4
1406450 1948.1
1406460 1948.1
1406470 1948.8
1406480 1951.2
1406490 1951.2
1406500 1955.9
1406510 1956.4
1406520 1956.4
1406530 1955.5
1406540 1954.3
1406550 1954.3
1406560 1951.5
1406570 1942.5
1406580 1942.5
1406590 1929.4
1406600 1920.5
1406610 1920.5
1406620 1914.8
1406630 1908.6
1406640 1902.6
1406650 1902.6
1406660 1896.2
1406670 1890.1
1406680 1890.1
1406690 1883.7
1406700 1877.6
1406710 1877.6
1406720 1871.6
1406730 1865.0
1406740 1865.0
1406750 1858.8
1406760 1853.3
1406770 1853.3
1406780 1848.0
1406790 1843.4
1406800 1843.4
1406810 1839.9
1406820 1837.9
1406830 1837.9
1406840 1836.5
1406850 1832.5
1406860 1832.5
1406870 1828.2
1406880 1822.0
1406890 1817.1
1406900 1817.1
1406910 1811.9
1406920 1805.3
1406930 1805.3
1406940 1798.7
1406950 1792.3
1406960 1792.3
1406970 1786.7
1406980 1787.0
1406990 1787.0
1407000 1788.1
1407010 1788.2
1407020 1788.2
1407030 1789.6
1407040 1792.5
1407050 1792.5
1407060 1796.4
1407070 1799.6
1407080 1799.6
1407090 1803.4
1407100 1806.7
1407110 1810.4
1407120 1810.4
1407130 1815.3
1407140 1820.4
1407150 1820.4
1407160 1825.7
1407170 1830.3
1407180 1830.3
1407190 1835.2
1407200 1840.9
1407210 1840.9
1407220 1848.0
1407230 1854.3
1407240 1854.3
1407250 1859.0
1407260 1869.2
1407270 1869.2
1407280 1885.0
1407290 1910.7
1407300 1910.7
1407310 1928.6
1407320 1947.1
1407330 1947.1
1407340 1962.0
1407350 1982.2
1407360 1995.2
1407370 1995.2
1407380 2001.8
1407390 2007.5
1407400 2007.5
1407410 2008.1
1407420 2008.2
1407430 2008.2
1407440 2008.6
1407450 2008.7
1407460 2008.7
1407470 2012.3
1407480 2022.5
1407490 2022.5
1407500 2020.6
1407510 2020.6
1407520 2020.6
1407530 2020.6
1407540 2020.6
1407550 2020.6
1407560 2020.6
1407570 2020.6
1407580 2020.6
1407590 2020.6
1407600 2020.6
1407610 2020.6
1407620 2020.6
1407630 2020.6
1407640 2020.6
1407650 2020.6
1407660 2020.6
1407670 2020.6
1407680 2020.6
1407690 2020.6
1407700 2020.6
1407710 2020.6
1407720 2020.6
1407730 2020.6
1407740 2020.6
1407750 2020.6
1407760 2020.6
1407770 2020.6
1407780 2020.6
1407790 2025.1
1407800 2025.1
1407810 2036.9
1407820 2042.5
1407830 2048.3
1407840 2048.3
1407850 2053.4
1407860 2059.0
1407870 2059.0
1407880 2065.3
1407890 2074.4
1407900 2074.4
1407910 2086.0
1407920 2092.0
1407930 2092.0
1407940 2099.7
1407950 2106.3
1407960 2106.3
1407970 2111.1
1407980 2117.3
1407990 2117.3
1408000 2125.4
1408010 2127.5
1408020 2127.5
1408030 2130.2
1408040 2133.9
1408050 2137.2
1408060 2137.2
1408070 2141.7
1408080 2147.4
1408090 2147.4
1408100 2152.8
1408110 2158.8
1408120 2158.8
1408130 2165.1
1408140 2171.5
1408150 2171.5
1408160 2177.9
1408170 2184.1
1408180 2184.1
1408190 2190.2
1408200 2196.6
1408210 2196.6
1408220 2202.7
1408230 2209.3
1408240 2209.3
1408250 2218.6
1408260 2226.1
1408270 2226.1
1408280 2234.7
1408290 2245.3
1408300 2256.1
1408310 2256.1
1408320 2267.1
1408330 2277.8
1408340 2277.8
1408350 2282.5
1408360 2287.5
1408370 2287.5
1408380 2294.8
1408390 2303.5
1408400 2303.5
1408410 2312.9
1408420 2321.3
1408430 2321.3
1408440 2330.1
1408450 2338.7
1408460 2338.7
1408470 2347.6
1408480 2355.3
1408490 2355.3
1408500 2362.2
1408510 2369.3
1408520 2373.3
1408530 2373.3
1408540 2370.2
1408550 2364.1
1408560 2364.1
1408570 2362.2
1408580 2361.5
1408590 2361.5
1408600 2361.5
1408610 2363.4
1408620 2363.4
1408630 2369.4
1408640 2374.0
1408650 2374.0
1408660 2375.7
1408670 2378.4
1408680 2378.4
1408690 2381.4
1408700 2385.7
1408710 2385.7
1408720 2388.9
1408730 2389.2
1408740 2389.2
1408750 2389.6
1408760 2391.0
1408770 2393.0
1408780 2393.0
1408790 2393.0
1408800 2392.2
1408810 2392.2
1408820 2389.9
1408830 2389.5
1408840 2389.5
1408850 2388.6
1408860 2386.2
1408870 2386.2
1408880 2383.2
1408890 2380.2
1408900 2380.2
1408910 2377.0
1408920 2375.0
1408930 2375.0
1408940 2372.8
1408950 2371.1
1408960 2371.1
1408970 2371.8
1408980 2368.7
1408990 2365.8
1409000 2365.8
1409010 2360.0
1409020 2356.5
1409030 2356.5
1409040 2353.0
1409050 2351.0
1409060 2351.0
1409070 2349.3
1409080 2343.5
1409090 2343.5
1409100 2344.9
1409110 2342.1
1409120 2342.1
1409130 2341.4
1409140 2343.1
1409150 2343.1
1409160 2351.8
1409170 2359.3
1409180 2359.3
1409190 2361.5
1409200 2365.8
1409210 2365.8
1409220 2374.4
1409230 2382.3
1409240 2384.9
1409250 2384.9
1409260 2388.8
1409270 2390.5
1409280 2390.5
1409290 2390.2
1409300 2392.9
1409310 2392.9
1409320 2400.4
1409330 2404.3
1409340 2404.3
1409350 2409.8
1409360 2408.3
1409370 2408.3
1409380 2407.4
1409390 2407.9
1409400 2407.9
1409410 2404.9
1409420 2406.3
1409430 2406.3
1409440 2409.0
1409450 2412.5
1409460 2417.0
1409470 2417.0
1409480 2421.1
1409490 2425.8
1409500 2425.8
1409510 2430.7
1409520 2434.7
1409530 2434.7
1409540 2436.3
1409550 2443.5
1409560 2443.5
1409570 2453.9
1409580 2463.0
1409590 2463.0
1409600 2468.4
1409610 2473.7
1409620 2473.7
1409630 2480.0
1409640 2485.7
1409650 2485.7
1409660 2491.2
1409670 2496.9
1409680 2496.9
1409690 2502.6
1409700 2508.1
1409710 2513.8
1409720 2513.8
1409730 2519.6
1409740 2525.7
1409750 2525.7
1409760 2531.5
1409770 2537.5
1409780 2537.5
1409790 2543.6
1409800 2550.4
1409810 2550.4
1409820 2556.9
1409830 2563.2
1409840 2563.2
1409850 2569.7
1409860 2578.0
1409870 2578.0
1409880 2593.2
1409890 2600.8
1409900 2600.8
1409910 2604.1
1409920 2604.3
1409930 2605.7
1409940 2605.7
1409950 2610.4
1409960 2614.5
1409970 2614.5
1409980 2619.3
1409990 2625.1
1410000 2625.1
1410010 2627.7
1410020 2629.6
1410030 2629.6
1410040 2635.7
1410050 2640.2
1410060 2640.2
1410070 2644.6
1410080 2650.4
1410090 2650.4
1410100 2653.5
1410110 2659.3
1410120 2659.3
1410130 2663.0
1410140 2662.5
1410150 2662.8
1410160 2662.8
1410170 2663.2
1410180 2662.7
1410190 2662.7
1410200 2663.0
1410210 2664.5
1410220 2664.5
1410230 2666.4
1410240 2668.8
1410250 2668.8
1410260 2671.5
1410270 2674.5
1410280 2674.5
1410290 2678.0
1410300 2681.6
1410310 2681.6
1410320 2684.9
1410330 2688.9
1410340 2688.9
1410350 2692.5
1410360 2695.9
1410370 2695.9
1410380 2698.0
1410390 2700.9
1410400 2703.0
1410410 2703.0
1410420 2704.4
1410430 2706.5
1410440 2706.5
1410450 2708.9
1410460 2711.4
1410470 2711.4
1410480 2713.6
1410490 2715.4
1410500 2715.4
1410510 2716.7
1410520 2717.9
1410530 2717.9
1410540 2719.1
1410550 2720.3
1410560 2720.3
1410570 2721.3
1410580 2722.1
1410590 2722.1
1410600 2723.1
1410610 2724.6
1410620 2726.3
1410630 2726.3
1410640 2728.1
1410650 2731.4
1410660 2731.4
1410670 2734.6
1410680 2737.3
1410690 2737.3
1410700 2739.9
1410710 2742.5
1410720 2742.5
1410730 2745.1
1410740 2747.4
1410750 2747.4
1410760 2749.6
1410770 2751.5
1410780 2751.5
1410790 2753.3
1410800 2758.7
1410810 2758.7
1410820 2762.7
1410830 2767.4
1410840 2767.4
1410850 2772.8
1410860 2779.0
1410870 2787.9
1410880 2787.9
1410890 2806.6
1410900 2818.4
1410910 2818.4
1410920 2831.5
1410930 2846.8
1410940 2846.8
1410950 2859.8
1410960 2872.1
1410970 2872.1
1410980 2885.5
1410990 2899.0
1411000 2899.0
1411010 2910.1
1411020 2919.0
1411030 2919.0
1411040 2928.5
1411050 2938.2
1411060 2938.2
1411070 2948.8
1411080 2962.4
1411090 2971.5
1411100 2971.5
1411110 2974.6
1411120 2972.4
1411130 2972.4
1411140 2970.7
1411150 2968.6
1411160 2968.6
1411170 2966.1
1411180 2964.0
1411190 2964.0
1411200 2962.4
1411210 2961.2
1411220 2961.2
1411230 2960.4
1411240 2959.8
1411250 2959.8
1411260 2959.4
1411270 2959.1
1411280 2959.1
1411290 2958.9
1411300 2958.9
1411310 2958.9
1411320 2958.8
1411330 2958.9
1411340 2959.0
1411350 2959.0
1411360 2959.1
1411370 2959.3
1411380 2959.3
1411390 2959.5
1411400 2959.8
1411410 2959.8
1411420 2960.2
1411430 2960.5
1411440 2960.5
1411450 2960.8
1411460 2961.2
1411470 2961.2
1411480 2961.7
1411490 2962.3
1411500 2962.3
1411510 2962.9
1411520 2963.5
1411530 2963.5
1411540 2964.2
1411550 2964.9
1411560 2965.7
1411570 2965.7
1411580 2966.6
1411590 2967.4
1411600 2967.4
1411610 2968.4
1411620 2969.4
1411630 2969.4
1411640 2970.5
1411650 2971.7
1411660 2971.7
1411670 2973.1
1411680 2974.7
1411690 2974.7
1411700 2976.5
1411710 2978.6
1411720 2978.6
1411730 2981.2
1411740 2984.5
1411750 2984.5
1411760 2990.0
1411770 3002.5
1411780 3002.5
1411790 3015.2
1411800 3024.1
1411810 3032.6
1411820 3032.6
1411830 3042.9
1411840 3057.2
1411850 3057.2
1411860 3056.2
1411870 3049.3
1411880 3049.3
1411890 3047.0
1411900 3048.1
1411910 3048.1
1411920 3048.5
1411930 3043.4
1411940 3043.4
1411950 3040.9
1411960 3032.4
1411970 3032.4
1411980 3024.9
1411990 3017.9
1412000 3017.9
1412010 3009.7
1412020 3001.7
1412030 2994.0
1412040 2994.0
1412050 2986.4
1412060 2979.2
1412070 2979.2
1412080 2973.1
1412090 2967.8
1412100 2967.8
1412110 2961.8
1412120 2954.9
1412130 2954.9
1412140 2948.6
1412150 2941.9
1412160 2941.9
1412170 2935.9
1412180 2931.1
1412190 2931.1
1412200 2927.4
1412210 2923.6
1412220 2923.6
1412230 2919.6
1412240 2916.2
1412250 2916.2
1412260 2913.0
1412270 2909.1
1412280 2904.2
1412290 2904.2
1412300 2898.3
1412310 2892.3
1412320 2892.3
1412330 2886.1
1412340 2879.8
1412350 2879.8
1412360 2873.6
1412370 2867.6
1412380 2867.6
1412390 2861.9
1412400 2856.1
1412410 2856.1
1412420 2847.9
1412430 2839.5
1412440 2839.5
1412450 2833.1
1412460 2827.2
1412470 2827.2
1412480 2822.3
1412490 2817.7
1412500 2813.4
1412510 2813.4
1412520 2809.1
1412530 2805.4
1412540 2805.4
1412550 2805.9
1412560 2802.1
1412570 2802.1
1412580 2798.3
1412590 2794.7
1412600 2794.7
1412610 2791.0
1412620 2787.4
1412630 2787.4
1412640 2783.6
1412650 2779.8
1412660 2779.8
1412670 2775.9
1412680 2771.9
1412690 2771.9
1412700 2767.9
1412710 2763.9
1412720 2763.9
1412730 2759.8
1412740 2755.7
1412750 2751.6
1412760 2751.6
1412770 2747.6
1412780 2743.6
1412790 2743.6
1412800 2739.6
1412810 2735.6
1412820 2735.6
1412830 2731.6
1412840 2727.7
1412850 2727.7
1412860 2723.7
1412870 2719.9
1412880 2719.9
1412890 2716.3
1412900 2712.9
1412910 2712.9
1412920 2709.7
1412930 2706.8
1412940 2706.8
1412950 2704.3
1412960 2702.8
1412970 2702.6
1412980 2702.6
1412990 2701.8
1413000 2700.8
1413010 2700.8
1413020 2699.2
1413030 2694.9
1413040 2694.9
1413050 2688.1
1413060 2681.7
1413070 2681.7
1413080 2676.6
1413090 2671.9
1413100 2671.9
1413110 2668.0
1413120 2664.5
1413130 2664.5
1413140 2660.8
1413150 2656.4
1413160 2656.4
1413170 2650.9
1413180 2644.7
1413190 2644.7
1413200 2637.4
1413210 2629.5
1413220 2623.4
1413230 2623.4
1413240 2618.2
1413250 2615.7
1413260 2615.7
1413270 2613.1
1413280 2608.5
1413290 2608.5
1413300 2604.2
1413310 2600.0
1413320 2600.0
1413330 2598.5
1413340 2596.6
1413350 2596.6
1413360 2595.5
1413370 2594.7
1413380 2594.7
1413390 2592.9
1413400 2591.1
1413410 2591.1
1413420 2590.0
1413430 2589.3
1413440 2587.5
1413450 2587.5
1413460 2586.2
1413470 2585.8
1413480 2585.8
1413490 2585.0
1413500 2581.2
1413510 2581.2
1413520 2573.5
1413530 2565.1
1413540 2565.1
1413550 2559.7
1413560 2555.0
1413570 2555.0
1413580 2549.6
1413590 2545.4
1413600 2545.4
1413610 2543.0
1413620 2541.2
1413630 2541.2
1413640 2541.0
1413650 2540.8
1413660 2539.1
1413670 2539.1
1413680 2535.4
1413690 2531.7
1413700 2531.7
1413710 2526.5
1413720 2520.3
1413730 2520.3
1413740 2516.0
1413750 2512.4
1413760 2512.4
1413770 2505.2
1413780 2498.6
1413790 2498.6
1413800 2491.9
1413810 2484.8
1413820 2484.8
1413830 2479.4
1413840 2476.0
1413850 2476.0
1413860 2474.2
1413870 2472.3
1413880 2472.3
1413890 2468.5
1413900 2463.9
1413910 2457.6
1413920 2457.6
1413930 2452.7
1413940 2448.8
1413950 2448.8
1413960 2444.9
1413970 2440.2
1413980 2440.2
1413990 2436.0
1414000 2434.1
1414010 2434.1
1414020 2434.6
1414030 2435.6
1414040 2435.6
1414050 2435.8
1414060 2435.0
1414070 2435.0
1414080 2434.3
1414090 2433.8
1414100 2433.8
1414110 2432.1
1414120 2429.4
1414130 2426.5
1414140 2426.5
1414150 2423.3
1414160 2419.8
1414170 2419.8
1414180 2415.5
1414190 2410.8
1414200 2410.8
1414210 2406.6
1414220 2403.8
1414230 2403.8
1414240 2400.7
1414250 2396.8
1414260 2396.8
1414270 2392.3
1414280 2387.6
1414290 2387.6
1414300 2383.2
1414310 2380.5
1414320 2380.5
1414330 2377.6
1414340 2373.7
1414350 2373.7
1414360 2369.4
1414370 2364.9
1414380 2359.7
1414390 2359.7
1414400 2354.4
1414410 2349.8
1414420 2349.8
1414430 2345.4
1414440 2342.0
1414450 2342.0
1414460 2337.8
1414470 2331.2
1414480 2331.2
1414490 2324.7
1414500 2318.8
1414510 2318.8
1414520 2311.6
1414530 2305.1
1414540 2305.1
1414550 2298.9
1414560 2293.1
1414570 2293.1
1414580 2287.4
1414590 2280.2
1414600 2273.0
1414610 2273.0
1414620 2265.4
1414630 2257.7
1414640 2257.7
1414650 2250.3
1414660 2242.4
1414670 2242.4
1414680 2231.9
1414690 2219.2
1414700 2219.2
1414710 2204.9
1414720 2190.5
1414730 2190.5
1414740 2178.8
1414750 2169.9
1414760 2169.9
1414770 2160.9
1414780 2152.1
1414790 2152.1
1414800 2143.3
1414810 2134.6
1414820 2134.6
1414830 2127.8
1414840 2119.1
1414850 2109.6
1414860 2109.6
1414870 2102.7
1414880 2096.5
1414890 2096.5
1414900 2091.4
1414910 2087.1
1414920 2087.1
1414930 2081.5
1414940 2075.2
1414950 2075.2
1414960 2068.5
1414970 2062.4
1414980 2062.4
1414990 2056.2
1415000 2050.3
1415010 2050.3
1415020 2044.8
1415030 2039.9
1415040 2039.9
1415050 2037.0
1415060 2033.7
1415070 2031.8
1415080 2031.8
1415090 2027.3
1415100 2020.1
1415110 2020.1
1415120 2015.2
1415130 2015.1
1415140 2015.1
1415150 2015.1
1415160 2015.1
1415170 2015.1
1415180 2015.1
1415190 2015.1
1415200 2015.1
1415210 2015.1
1415220 2015.1
1415230 2015.1
1415240 2015.1
1415250 2015.1
1415260 2015.1
1415270 2015.1
1415280 2015.1
1415290 2015.1
1415300 2015.1
1415310 2015.1
1415320 2015.1
1415330 2015.1
1415340 2015.1
1415350 2015.1
1415360 2015.1
1415370 2015.2
1415380 2015.2
1415390 2015.2
1415400 2015.1
1415410 2015.2
1415420 2015.2
1415430 2015.2
1415440 2015.2
1415450 2015.2
1415460 2015.1
1415470 2015.1
1415480 2015.1
1415490 2015.1
1415500 2015.1
1415510 2015.1
1415520 2015.2
1415530 2015.1
1415540 2015.1
1415550 2015.1
1415560 2015.1
1415570 2015.2
1415580 2015.2
1415590 2015.1
1415600 2015.1
1415610 2015.1
1415620 2015.2
1415630 2015.2
1415640 2015.2
1415650 2015.1
1415660 2015.2
1415670 2015.2
1415680 2015.2
1415690 2015.2
1415700 2015.2
1415710 2016.2
1415720 2025.9
1415730 2025.9
1415740 2030.7
1415750 2030.7
1415760 2030.7
1415770 2030.7
1415780 2030.7
1415790 2030.7
1415800 2030.7
1415810 2030.7
1415820 2030.7
1415830 2030.7
1415840 2030.7
1415850 2030.7
1415860 2030.7
1415870 2030.7
1415880 2030.8
1415890 2030.8
1415900 2030.8
1415910 2030.8
1415920 2030.8
1415930 2030.8
1415940 2030.8
1415950 2030.8
1415960 2030.9
1415970 2031.0
1415980 2031.0
1415990 2030.9
1416000 2030.9
1416010 2030.9
1416020 2030.9
1416030 2030.9
1416040 2030.8
1416050 2030.8
1416060 2030.8
1416070 2030.7
1416080 2030.7
1416090 2030.7
1416100 2030.7
1416110 2030.7
1416120 2030.7
1416130 2030.7
1416140 2030.7
1416150 2030.7
1416160 2030.7
1416170 2030.7
1416180 2030.7
1416190 2030.7
1416200 2030.7
1416210 2030.7
1416220 2030.7
1416230 2030.7
1416240 2030.8
1416250 2030.8
1416260 2030.8
1416270 2030.8
1416280 2030.8
1416290 2030.8
1416300 2030.8
1416310 2030.8
1416320 2030.8
1416330 2030.8
1416340 2030.8
1416350 2030.8
1416360 2030.8
1416370 2030.8
1416380 2030.7
1416390 2030.7
1416400 2030.7
1416410 2030.7
1416420 2030.7
1416430 2030.7
1416440 2030.7
1416450 2030.7
1416460 2030.7
1416470 2030.7
1416480 2030.7
1416490 2030.7
1416500 2030.7
1416510 2030.8
1416520 2030.8
1416530 2030.8
1416540 2030.7
1416550 2030.7
1416560 2032.6
1416570 2039.2
1416580 2039.2
1416590 2044.6
1416600 2050.3
1416610 2050.3
1416620 2056.0
1416630 2059.6
1416640 2059.6
1416650 2063.7
1416660 2070.8
1416670 2070.8
1416680 2075.4
1416690 2078.0
1416700 2078.0
1416710 2079.4
1416720 2077.9
1416730 2075.3
1416740 2075.3
1416750 2071.9
1416760 2068.1
1416770 2068.1
1416780 2063.9
1416790 2060.9
1416800 2060.9
1416810 2057.8
1416820 2056.0
1416830 2056.0
1416840 2055.6
1416850 2054.8
1416860 2054.8
1416870 2055.0
1416880 2055.8
1416890 2055.8
1416900 2056.2
1416910 2057.5
1416920 2057.5
1416930 2060.9
1416940 2064.3
1416950 2068.8
1416960 2068.8
1416970 2074.6
1416980 2082.7
1416990 2082.7
1417000 2095.6
1417010 2108.6
1417020 2108.6
1417030 2115.2
1417040 2122.6
1417050 2122.6
1417060 2126.4
1417070 2129.0
1417080 2129.0
1417090 2134.6
1417100 2142.1
1417110 2142.1
1417120 2153.3
1417130 2171.1
1417140 2171.1
1417150 2185.3
1417160 2202.2
1417170 2202.2
1417180 2223.6
1417190 2233.0
1417200 2241.8
1417210 2241.8
1417220 2251.5
1417230 2260.5
1417240 2260.5
1417250 2269.0
1417260 2277.9
1417270 2277.9
1417280 2287.9
1417290 2300.9
1417300 2300.9
1417310 2315.3
1417320 2326.4
1417330 2326.4
1417340 2336.1
1417350 2345.1
1417360 2345.1
1417370 2353.7
1417380 2361.2
1417390 2361.2
1417400 2368.9
1417410 2377.2
1417420 2386.1
1417430 2386.1
1417440 2394.7
1417450 2402.7
1417460 2402.7
1417470 2411.1
1417480 2419.6
1417490 2419.6
1417500 2428.1
1417510 2436.6
1417520 2436.6
1417530 2445.6
1417540 2454.5
1417550 2454.5
1417560 2462.7
1417570 2470.8
1417580 2470.8
1417590 2478.4
1417600 2486.2
1417610 2486.2
1417620 2494.4
1417630 2504.4
1417640 2518.4
1417650 2518.4
1417660 2529.3
1417670 2537.8
1417680 2537.8
1417690 2544.7
1417700 2549.7
1417710 2549.7
1417720 2556.2
1417730 2563.3
1417740 2563.3
1417750 2570.9
1417760 2578.7
1417770 2578.7
1417780 2586.6
1417790 2594.6
1417800 2594.6
1417810 2602.6
1417820 2610.7
1417830 2610.7
1417840 2618.7
1417850 2626.9
1417860 2626.9
1417870 2635.3
1417880 2643.9
1417890 2652.5
1417900 2652.5
1417910 2661.1
1417920 2669.9
1417930 2669.9
1417940 2678.5
1417950 2687.0
1417960 2687.0
1417970 2695.9
1417980 2704.8
1417990 2704.8
1418000 2713.6
1418010 2723.2
1418020 2723.2
1418030 2733.2
1418040 2749.8
1418050 2749.8
1418060 2788.4
1418070 2802.0
1418080 2802.0
1418090 2802.8
1418100 2802.5
1418110 2803.8
1418120 2803.8
1418130 2805.1
1418140 2807.1
1418150 2807.1
1418160 2816.7
1418170 2822.6
1418180 2822.6
1418190 2821.0
1418200 2817.7
1418210 2817.7
1418220 2816.6
1418230 2817.0
1418240 2817.0
1418250 2821.1
1418260 2824.5
1418270 2824.5
1418280 2831.5
1418290 2841.0
1418300 2841.0
1418310 2839.0
1418320 2838.2
1418330 2838.2
1418340 2841.1
1418350 2844.2
1418360 2849.2
1418370 2849.2
1418380 2856.5
1418390 2863.9
1418400 2863.9
1418410 2870.9
1418420 2877.8
1418430 2877.8
1418440 2885.3
1418450 2893.4
1418460 2893.4
1418470 2901.4
1418480 2910.0
1418490 2910.0
1418500 2920.1
1418510 2935.0
1418520 2935.0
1418530 2953.3
1418540 2965.1
1418550 2965.1
1418560 2975.0
1418570 2983.6
1418580 2992.2
1418590 2992.2
1418600 3000.5
1418610 3009.4
1418620 3009.4
1418630 3020.2
1418640 3030.9
1418650 3030.9
1418660 3037.1
1418670 3042.5
1418680 3042.5
1418690 3045.5
1418700 3049.3
1418710 3049.3
1418720 3053.4
1418730 3056.9
1418740 3056.9
1418750 3058.5
1418760 3057.7
1418770 3057.7
1418780 3057.5
1418790 3057.6
1418800 3057.6
1418810 3057.6
1418820 3057.8
1418830 3058.2
1418840 3058.2
1418850 3059.1
1418860 3060.5
1418870 3060.5
1418880 3063.3
1418890 3067.8
1418900 3067.8
1418910 3071.1
1418920 3074.3
1418930 3074.3
1418940 3077.7
1418950 3081.2
1418960 3081.2
1418970 3084.7
1418980 3088.1
1418990 3088.1
1419000 3091.7
1419010 3098.0
1419020 3098.0
1419030 3100.3
1419040 3092.3
1419050 3082.1
1419060 3082.1
1419070 3072.8
1419080 3063.2
1419090 3063.2
1419100 3047.1
1419110 3030.1
1419120 3030.1
1419130 3018.5
1419140 3011.0
1419150 3011.0
1419160 3005.1
1419170 2997.7
1419180 2997.7
1419190 2991.5
1419200 2986.6
1419210 2986.6
1419220 2982.9
1419230 2979.9
1419240 2979.9
1419250 2977.0
1419260 2974.4
1419270 2974.4
1419280 2971.8
1419290 2968.9
1419300 2966.0
1419310 2966.0
1419320 2963.6
1419330 2961.5
1419340 2961.5
1419350 2959.8
1419360 2958.7
1419370 2958.7
1419380 2958.2
1419390 2957.9
1419400 2957.9
1419410 2957.7
1419420 2957.4
1419430 2957.4
1419440 2957.0
1419450 2957.2
1419460 2957.2
1419470 2957.1
1419480 2956.7
1419490 2956.7
1419500 2956.0
1419510 2955.3
1419520 2954.7
1419530 2954.7
1419540 2954.1
1419550 2953.8
1419560 2953.8
1419570 2953.5
1419580 2953.4
1419590 2953.4
1419600 2953.7
1419610 2954.6
1419620 2954.6
1419630 2956.2
1419640 2958.4
1419650 2958.4
1419660 2961.5
1419670 2965.3
1419680 2965.3
1419690 2969.5
1419700 2974.2
1419710 2974.2
1419720 2978.9
1419730 2982.4
1419740 2982.4
1419750 2986.6
1419760 2997.3
1419770 3011.3
1419780 3011.3
1419790 3022.0
1419800 3035.2
1419810 3035.2
1419820 3047.9
1419830 3058.7
1419840 3058.7
1419850 3071.1
1419860 3070.3
1419870 3070.3
1419880 3070.0
1419890 3073.3
1419900 3073.3
1419910 3077.4
1419920 3082.3
1419930 3082.3
1419940 3085.6
1419950 3086.7
1419960 3086.7
1419970 3086.9
1419980 3088.5
1419990 3091.1
