1400000 1454.8
1400010 1446.5
1400020 1446.5
1400030 1438.4
1400040 1430.4
1400050 1430.4
1400060 1422.7
1400070 1415.5
1400080 1415.5
1400090 1409.0
1400100 1404.0
1400110 1404.0
1400120 1399.7
1400130 1395.3
1400140 1395.3
1400150 1392.7
1400160 1390.9
1400170 1390.4
1400180 1390.4
1400190 1390.1
1400200 1389.9
1400210 1389.9
1400220 1390.3
1400230 1388.2
1400240 1388.2
1400250 1385.3
1400260 1385.2
1400270 1385.2
1400280 1384.9
1400290 1387.6
1400300 1387.6
1400310 1392.5
1400320 1394.5
1400330 1394.5
1400340 1396.3
1400350 1398.6
1400360 1398.6
1400370 1400.8
1400380 1403.2
1400390 1406.2
1400400 1406.2
1400410 1410.1
1400420 1413.6
1400430 1413.6
1400440 1417.3
1400450 1420.7
1400460 1420.7
1400470 1424.7
1400480 1428.8
1400490 1428.8
1400500 1433.3
1400510 1437.7
1400520 1437.7
1400530 1442.4
1400540 1447.3
1400550 1447.3
1400560 1451.9
1400570 1456.7
1400580 1456.7
1400590 1461.7
1400600 1466.0
1400610 1466.0
1400620 1470.8
1400630 1475.4
1400640 1479.7
1400650 1479.7
1400660 1484.9
1400670 1490.6
1400680 1490.6
1400690 1497.0
1400700 1503.9
1400710 1503.9
1400720 1511.1
1400730 1519.0
1400740 1519.0
1400750 1526.9
1400760 1534.8
1400770 1534.8
1400780 1542.6
1400790 1551.3
1400800 1551.3
1400810 1558.7
1400820 1565.2
1400830 1565.2
1400840 1572.7
1400850 1579.6
1400860 1579.6
1400870 1586.8
1400880 1594.3
1400890 1600.8
1400900 1600.8
1400910 1607.2
1400920 1613.7
1400930 1613.7
1400940 1622.1
1400950 1629.7
1400960 1629.7
1400970 1638.7
1400980 1650.2
1400990 1650.2
1401000 1663.7
1401010 1679.3
1401020 1679.3
1401030 1686.9
1401040 1692.9
1401050 1692.9
1401060 1698.8
1401070 1704.9
1401080 1704.9
1401090 1708.2
1401100 1711.4
1401110 1710.2
1401120 1710.2
1401130 1706.9
1401140 1707.8
1401150 1707.8
1401160 1712.4
1401170 1721.5
1401180 1721.5
1401190 1731.5
1401200 1740.9
1401210 1740.9
1401220 1749.5
1401230 1758.3
1401240 1758.3
1401250 1768.2
1401260 1778.0
1401270 1778.0
1401280 1787.2
1401290 1795.8
1401300 1795.8
1401310 1802.5
1401320 1809.5
1401330 1809.5
1401340 1816.5
1401350 1822.5
1401360 1827.7
1401370 1827.7
1401380 1835.9
1401390 1841.6
1401400 1841.6
1401410 1846.5
1401420 1850.4
1401430 1850.4
1401440 1856.2
1401450 1863.2
1401460 1863.2
1401470 1870.2
1401480 1877.5
1401490 1877.5
1401500 1884.2
1401510 1890.6
1401520 1890.6
1401530 1897.1
1401540 1904.4
1401550 1904.4
1401560 1910.7
1401570 1916.8
1401580 1922.3
1401590 1922.3
1401600 1928.1
1401610 1934.9
1401620 1934.9
1401630 1939.8
1401640 1945.4
1401650 1945.4
1401660 1951.1
1401670 1957.9
1401680 1957.9
1401690 1964.4
1401700 1969.4
1401710 1969.4
1401720 1975.7
1401730 1981.2
1401740 1981.2
1401750 1986.6
1401760 1991.6
1401770 1991.6
1401780 1997.0
1401790 2003.3
1401800 2003.3
1401810 2010.5
1401820 2017.8
1401830 2024.6
1401840 2024.6
1401850 2031.9
1401860 2039.1
1401870 2039.1
1401880 2046.5
1401890 2053.0
1401900 2053.0
1401910 2058.6
1401920 2063.1
1401930 2063.1
1401940 2067.1
1401950 2069.2
1401960 2069.2
1401970 2072.3
1401980 2077.3
1401990 2077.3
1402000 2083.0
1402010 2089.6
1402020 2089.6
1402030 2096.5
1402040 2103.8
1402050 2111.4
1402060 2111.4
1402070 2118.8
1402080 2124.7
1402090 2124.7
1402100 2130.0
1402110 2136.0
1402120 2136.0
1402130 2143.2
1402140 2151.3
1402150 2151.3
1402160 2159.2
1402170 2167.1
1402180 2167.1
1402190 2175.7
1402200 2182.3
1402210 2182.3
1402220 2187.2
1402230 2185.5
1402240 2185.5
1402250 2181.8
1402260 2177.5
1402270 2177.5
1402280 2176.1
1402290 2180.0
1402300 2182.2
1402310 2182.2
1402320 2188.6
1402330 2200.8
1402340 2200.8
1402350 2209.6
1402360 2215.4
1402370 2215.4
1402380 2218.8
1402390 2216.7
1402400 2216.7
1402410 2216.8
1402420 2211.6
1402430 2211.6
1402440 2195.6
1402450 2185.1
1402460 2185.1
1402470 2180.1
1402480 2173.6
1402490 2173.6
1402500 2159.1
1402510 2157.9
1402520 2157.9
1402530 2155.3
1402540 2156.4
1402550 2160.4
1402560 2160.4
1402570 2166.5
1402580 2181.8
1402590 2181.8
1402600 2184.0
1402610 2174.9
1402620 2174.9
1402630 2164.8
1402640 2151.5
1402650 2151.5
1402660 2146.1
1402670 2145.7
1402680 2145.7
1402690 2146.7
1402700 2140.4
1402710 2140.4
1402720 2123.9
1402730 2114.0
1402740 2114.0
1402750 2109.8
1402760 2110.1
1402770 2128.4
1402780 2128.4
1402790 2133.6
1402800 2126.0
1402810 2126.0
1402820 2106.6
1402830 2093.0
1402840 2093.0
1402850 2091.3
1402860 2099.5
1402870 2099.5
1402880 2115.9
1402890 2132.4
1402900 2132.4
1402910 2131.2
1402920 2126.1
1402930 2126.1
1402940 2114.2
1402950 2108.0
1402960 2108.0
1402970 2103.8
1402980 2096.2
1402990 2096.2
1403000 2093.6
1403010 2093.0
1403020 2091.1
1403030 2091.1
1403040 2092.5
1403050 2101.8
1403060 2101.8
1403070 2098.2
1403080 2100.8
1403090 2100.8
1403100 2100.0
1403110 2099.0
1403120 2099.0
1403130 2097.1
1403140 2098.1
1403150 2098.1
1403160 2102.6
1403170 2107.5
1403180 2107.5
1403190 2109.8
1403200 2114.5
1403210 2114.5
1403220 2116.5
1403230 2112.7
1403240 2107.6
1403250 2107.6
1403260 2103.4
1403270 2097.7
1403280 2097.7
1403290 2091.5
1403300 2085.3
1403310 2085.3
1403320 2076.4
1403330 2069.2
1403340 2069.2
1403350 2062.1
1403360 2054.8
1403370 2054.8
1403380 2048.5
1403390 2042.1
1403400 2042.1
1403410 2037.8
1403420 2034.8
1403430 2034.8
1403440 2029.5
1403450 2020.6
1403460 2020.6
1403470 2013.3
1403480 2004.3
1403490 1996.6
1403500 1996.6
1403510 1990.2
1403520 1982.7
1403530 1982.7
1403540 1975.1
1403550 1967.1
1403560 1967.1
1403570 1959.3
1403580 1946.1
1403590 1946.1
1403600 1937.0
1403610 1931.4
1403620 1931.4
1403630 1924.0
1403640 1919.8
1403650 1919.8
1403660 1916.0
1403670 1909.3
1403680 1909.3
1403690 1900.6
1403700 1893.8
1403710 1893.8
1403720 1886.8
1403730 1880.7
1403740 1875.9
1403750 1875.9
1403760 1867.8
1403770 1851.7
1403780 1851.7
1403790 1841.9
1403800 1836.2
1403810 1836.2
1403820 1830.6
1403830 1824.2
1403840 1824.2
1403850 1819.4
1403860 1815.3
1403870 1815.3
1403880 1812.6
1403890 1808.1
1403900 1808.1
1403910 1804.3
1403920 1796.8
1403930 1796.8
1403940 1787.5
1403950 1775.8
1403960 1759.5
1403970 1759.5
1403980 1743.0
1403990 1731.5
1404000 1731.5
1404010 1727.5
1404020 1723.4
1404030 1723.4
1404040 1719.5
1404050 1716.3
1404060 1716.3
1404070 1711.4
1404080 1706.3
1404090 1706.3
1404100 1701.2
1404110 1696.5
1404120 1696.5
1404130 1692.9
1404140 1689.7
1404150 1689.7
1404160 1686.0
1404170 1682.4
1404180 1682.4
1404190 1678.8
1404200 1674.2
1404210 1671.0
1404220 1671.0
1404230 1671.7
1404240 1672.8
1404250 1672.8
1404260 1672.5
1404270 1671.8
1404280 1671.8
1404290 1672.5
1404300 1673.6
1404310 1673.6
1404320 1675.5
1404330 1676.2
1404340 1676.2
1404350 1676.4
1404360 1676.2
1404370 1676.2
1404380 1675.9
1404390 1676.3
1404400 1676.3
1404410 1676.8
1404420 1677.6
1404430 1678.7
1404440 1678.7
1404450 1679.9
1404460 1681.3
1404470 1681.3
1404480 1683.5
1404490 1686.0
1404500 1686.0
1404510 1689.2
1404520 1693.5
1404530 1693.5
1404540 1698.1
1404550 1703.0
1404560 1703.0
1404570 1707.4
1404580 1710.2
1404590 1710.2
1404600 1711.5
1404610 1712.2
1404620 1712.2
1404630 1713.2
1404640 1714.8
1404650 1714.8
1404660 1716.5
1404670 1718.8
1404680 1720.6
1404690 1720.6
1404700 1722.5
1404710 1724.7
1404720 1724.7
1404730 1725.0
1404740 1724.4
1404750 1724.4
1404760 1723.5
1404770 1723.5
1404780 1723.5
1404790 1724.5
1404800 1725.4
1404810 1725.4
1404820 1726.0
1404830 1727.9
1404840 1727.9
1404850 1730.6
1404860 1732.7
1404870 1732.7
1404880 1733.2
1404890 1730.8
1404900 1726.8
1404910 1726.8
1404920 1722.7
1404930 1718.5
1404940 1718.5
1404950 1714.2
1404960 1711.6
1404970 1711.6
1404980 1709.2
1404990 1705.9
1405000 1705.9
1405010 1701.1
1405020 1695.2
1405030 1695.2
1405040 1678.9
1405050 1668.9
1405060 1668.9
1405070 1661.1
1405080 1654.0
1405090 1654.0
1405100 1648.5
1405110 1641.5
1405120 1641.5
1405130 1634.5
1405140 1627.6
1405150 1621.0
1405160 1621.0
1405170 1614.6
1405180 1609.2
1405190 1609.2
1405200 1601.6
1405210 1594.9
1405220 1594.9
1405230 1587.7
1405240 1570.6
1405250 1570.6
1405260 1563.0
1405270 1557.9
1405280 1557.9
1405290 1549.0
1405300 1531.9
1405310 1531.9
1405320 1524.6
1405330 1516.2
1405340 1516.2
1405350 1508.7
1405360 1501.6
1405370 1501.6
1405380 1492.7
1405390 1485.4
1405400 1478.7
1405410 1478.7
1405420 1472.5
1405430 1467.3
1405440 1467.3
1405450 1464.0
1405460 1462.3
1405470 1462.3
1405480 1462.3
1405490 1462.3
1405500 1462.3
1405510 1462.3
1405520 1462.3
1405530 1462.3
1405540 1464.1
1405550 1465.9
1405560 1465.9
1405570 1471.8
1405580 1489.3
1405590 1489.3
1405600 1506.5
1405610 1514.4
1405620 1521.9
1405630 1521.9
1405640 1524.6
1405650 1529.3
1405660 1529.3
1405670 1534.8
1405680 1538.9
1405690 1538.9
1405700 1542.1
1405710 1547.0
1405720 1547.0
1405730 1556.8
1405740 1562.6
1405750 1562.6
1405760 1563.8
1405770 1564.8
1405780 1564.8
1405790 1566.9
1405800 1570.7
1405810 1570.7
1405820 1574.4
1405830 1574.7
1405840 1574.7
1405850 1575.1
1405860 1578.7
1405870 1581.5
1405880 1581.5
1405890 1586.6
1405900 1592.3
1405910 1592.3
1405920 1596.2
1405930 1603.2
1405940 1603.2
1405950 1613.0
1405960 1620.3
1405970 1620.3
1405980 1631.0
1405990 1644.4
1406000 1644.4
1406010 1654.0
1406020 1659.7
1406030 1659.7
1406040 1664.2
1406050 1667.7
1406060 1667.7
1406070 1671.9
1406080 1677.5
1406090 1684.9
1406100 1684.9
1406110 1690.8
1406120 1696.6
1406130 1696.6
1406140 1697.4
1406150 1694.0
1406160 1694.0
1406170 1694.7
1406180 1694.7
1406190 1694.7
1406200 1693.5
1406210 1692.9
1406220 1692.9
1406230 1692.9
1406240 1692.0
1406250 1692.0
1406260 1687.3
1406270 1683.7
1406280 1683.7
1406290 1684.5
1406300 1687.2
1406310 1687.2
1406320 1691.8
1406330 1697.4
1406340 1702.0
1406350 1702.0
1406360 1709.2
1406370 1716.0
1406380 1716.0
1406390 1718.2
1406400 1720.7
1406410 1720.7
1406420 1722.6
1406430 1729.1
1406440 1729.1
1406450 1734.6
1406460 1734.2
1406470 1734.2
1406480 1734.3
1406490 1735.4
1406500 1735.4
1406510 1737.9
1406520 1739.5
1406530 1739.5
1406540 1741.7
1406550 1744.2
1406560 1746.7
1406570 1746.7
1406580 1749.4
1406590 1752.0
1406600 1752.0
1406610 1755.0
1406620 1758.0
1406630 1758.0
1406640 1760.4
1406650 1763.9
1406660 1763.9
1406670 1767.7
1406680 1771.3
1406690 1771.3
1406700 1774.5
1406710 1777.3
1406720 1777.3
1406730 1779.6
1406740 1783.3
1406750 1783.3
1406760 1788.0
1406770 1792.5
1406780 1792.5
1406790 1801.3
1406800 1816.0
1406810 1832.4
1406820 1832.4
1406830 1839.9
1406840 1844.7
1406850 1844.7
1406860 1849.3
1406870 1856.6
1406880 1856.6
1406890 1862.1
1406900 1865.1
1406910 1865.1
1406920 1867.5
1406930 1870.0
1406940 1870.0
1406950 1874.7
1406960 1883.9
1406970 1883.9
1406980 1891.7
1406990 1899.6
1407000 1899.6
1407010 1907.1
1407020 1914.8
1407030 1914.8
1407040 1924.5
1407050 1931.7
1407060 1940.8
1407070 1940.8
1407080 1950.7
1407090 1956.8
1407100 1956.8
1407110 1963.6
1407120 1973.2
1407130 1973.2
1407140 1983.1
1407150 1991.1
1407160 1991.1
1407170 1999.8
1407180 2004.4
1407190 2004.4
1407200 2006.9
1407210 2004.4
1407220 2004.4
1407230 2000.9
1407240 1998.1
1407250 1998.1
1407260 1995.1
1407270 1991.2
1407280 1986.1
1407290 1986.1
1407300 1979.8
1407310 1976.1
1407320 1976.1
1407330 1975.8
1407340 1972.8
1407350 1972.8
1407360 1972.2
1407370 1968.4
1407380 1968.4
1407390 1968.8
1407400 1967.0
1407410 1967.0
1407420 1962.2
1407430 1957.8
1407440 1957.8
1407450 1950.8
1407460 1949.0
1407470 1949.0
1407480 1949.9
1407490 1947.8
1407500 1947.8
1407510 1945.3
1407520 1945.9
1407530 1949.6
1407540 1949.6
1407550 1951.6
1407560 1951.1
1407570 1951.1
1407580 1951.9
1407590 1954.5
1407600 1954.5
1407610 1955.8
1407620 1956.6
1407630 1956.6
1407640 1957.7
1407650 1958.9
1407660 1958.9
1407670 1959.4
1407680 1958.2
1407690 1958.2
1407700 1955.8
1407710 1955.4
1407720 1955.4
1407730 1960.3
1407740 1960.7
1407750 1959.7
1407760 1959.7
1407770 1961.3
1407780 1964.4
1407790 1964.4
1407800 1966.2
1407810 1970.3
1407820 1970.3
1407830 1972.5
1407840 1970.4
1407850 1970.4
1407860 1969.8
1407870 1969.8
1407880 1969.8
1407890 1969.6
1407900 1973.0
1407910 1973.0
1407920 1975.8
1407930 1974.6
1407940 1974.6
1407950 1971.2
1407960 1977.6
1407970 1977.6
1407980 1985.3
1407990 1989.0
1408000 1991.0
1408010 1991.0
1408020 1993.0
1408030 1995.2
1408040 1995.2
1408050 1998.3
1408060 2002.2
1408070 2002.2
1408080 2010.5
1408090 2018.4
1408100 2018.4
1408110 2023.5
1408120 2028.0
1408130 2028.0
1408140 2032.9
1408150 2038.7
1408160 2038.7
1408170 2045.3
1408180 2051.7
1408190 2051.7
1408200 2057.4
1408210 2061.9
1408220 2065.9
1408230 2065.9
1408240 2069.7
1408250 2076.1
1408260 2076.1
1408270 2085.0
1408280 2092.5
1408290 2092.5
1408300 2102.5
1408310 2110.2
1408320 2110.2
1408330 2119.3
1408340 2126.6
1408350 2126.6
1408360 2134.6
1408370 2143.1
1408380 2143.1
1408390 2151.8
1408400 2161.1
1408410 2161.1
1408420 2170.2
1408430 2181.2
1408440 2181.2
1408450 2191.8
1408460 2202.7
1408470 2213.7
1408480 2213.7
1408490 2225.4
1408500 2236.5
1408510 2236.5
1408520 2245.2
1408530 2254.8
1408540 2254.8
1408550 2266.1
1408560 2272.1
1408570 2272.1
1408580 2277.7
1408590 2280.0
1408600 2280.0
1408610 2282.4
1408620 2286.7
1408630 2286.7
1408640 2290.0
1408650 2293.5
1408660 2293.5
1408670 2295.3
1408680 2293.6
1408690 2293.6
1408700 2292.9
1408710 2292.0
1408720 2288.6
1408730 2288.6
1408740 2285.9
1408750 2288.1
1408760 2288.1
1408770 2289.7
1408780 2291.5
1408790 2291.5
1408800 2291.3
1408810 2294.5
1408820 2294.5
1408830 2291.7
1408840 2290.0
1408850 2290.0
1408860 2285.0
1408870 2279.0
1408880 2279.0
1408890 2274.1
1408900 2277.3
1408910 2277.3
1408920 2278.9
1408930 2277.8
1408940 2276.0
1408950 2276.0
1408960 2274.7
1408970 2279.1
1408980 2279.1
1408990 2284.5
1409000 2288.8
1409010 2288.8
1409020 2297.0
1409030 2304.3
1409040 2304.3
1409050 2308.3
1409060 2311.1
1409070 2311.1
1409080 2315.4
1409090 2322.1
1409100 2322.1
1409110 2328.1
1409120 2331.7
1409130 2331.7
1409140 2343.8
1409150 2351.2
1409160 2351.2
1409170 2361.3
1409180 2367.7
1409190 2374.2
1409200 2374.2
1409210 2379.0
1409220 2388.3
1409230 2388.3
1409240 2397.8
1409250 2409.5
1409260 2409.5
1409270 2422.3
1409280 2425.2
1409290 2425.2
1409300 2431.1
1409310 2440.8
1409320 2440.8
1409330 2443.9
1409340 2442.6
1409350 2442.6
1409360 2450.3
1409370 2448.2
1409380 2448.2
1409390 2442.4
1409400 2441.7
1409410 2434.8
1409420 2434.8
1409430 2428.4
1409440 2427.6
1409450 2427.6
1409460 2433.7
1409470 2439.0
1409480 2439.0
1409490 2442.7
1409500 2445.1
1409510 2445.1
1409520 2448.1
1409530 2450.7
1409540 2450.7
1409550 2453.1
1409560 2454.8
1409570 2454.8
1409580 2457.6
1409590 2460.6
1409600 2460.6
1409610 2462.6
1409620 2464.4
1409630 2464.4
1409640 2466.4
1409650 2471.1
1409660 2477.5
1409670 2477.5
1409680 2474.7
1409690 2471.9
1409700 2471.9
1409710 2475.0
1409720 2484.6
1409730 2484.6
1409740 2490.3
1409750 2488.2
1409760 2488.2
1409770 2485.6
1409780 2482.8
1409790 2482.8
1409800 2480.0
1409810 2478.4
1409820 2478.4
1409830 2479.9
1409840 2484.9
1409850 2484.9
1409860 2489.9
1409870 2492.7
1409880 2491.8
1409890 2491.8
1409900 2491.3
1409910 2493.5
1409920 2493.5
1409930 2498.1
1409940 2499.7
1409950 2499.7
1409960 2501.0
1409970 2502.7
1409980 2502.7
1409990 2500.8
1410000 2499.0
1410010 2499.0
1410020 2497.4
1410030 2495.5
1410040 2495.5
1410050 2494.8
1410060 2493.8
1410070 2493.8
1410080 2492.6
1410090 2489.8
1410100 2489.8
1410110 2488.4
1410120 2487.0
1410130 2485.4
1410140 2485.4
1410150 2484.3
1410160 2479.6
1410170 2479.6
1410180 2476.3
1410190 2473.1
1410200 2473.1
1410210 2471.1
1410220 2469.3
1410230 2469.3
1410240 2466.5
1410250 2463.5
1410260 2463.5
1410270 2460.2
1410280 2457.5
1410290 2457.5
1410300 2455.4
1410310 2453.1
1410320 2453.1
1410330 2451.1
1410340 2448.2
1410350 2448.2
1410360 2447.6
1410370 2445.3
1410380 2442.6
1410390 2442.6
1410400 2440.5
1410410 2437.8
1410420 2437.8
1410430 2434.8
1410440 2431.9
1410450 2431.9
1410460 2430.9
1410470 2430.9
1410480 2430.9
1410490 2431.7
1410500 2430.8
1410510 2430.8
1410520 2433.0
1410530 2437.4
1410540 2437.4
1410550 2442.1
1410560 2444.8
1410570 2444.8
1410580 2446.2
1410590 2447.5
1410600 2448.0
1410610 2448.0
1410620 2448.3
1410630 2449.1
1410640 2449.1
1410650 2446.5
1410660 2442.3
1410670 2442.3
1410680 2440.7
1410690 2441.8
1410700 2441.8
1410710 2445.1
1410720 2447.0
1410730 2447.0
1410740 2448.6
1410750 2451.1
1410760 2451.1
1410770 2454.3
1410780 2457.8
1410790 2457.8
1410800 2461.8
1410810 2466.0
1410820 2466.0
1410830 2473.8
1410840 2483.6
1410850 2491.7
1410860 2491.7
1410870 2496.7
1410880 2500.6
1410890 2500.6
1410900 2506.5
1410910 2514.8
1410920 2514.8
1410930 2521.3
1410940 2525.2
1410950 2525.2
1410960 2526.4
1410970 2528.0
1410980 2528.0
1410990 2531.4
1411000 2534.9
1411010 2534.9
1411020 2540.2
1411030 2545.4
1411040 2545.4
1411050 2550.8
1411060 2556.9
1411070 2564.2
1411080 2564.2
1411090 2566.6
1411100 2566.8
1411110 2570.3
1411120 2570.5
1411130 2572.6
1411140 2572.6
1411150 2576.6
1411160 2581.9
1411170 2581.9
1411180 2588.3
1411190 2595.1
1411200 2595.1
1411210 2603.4
1411220 2611.0
1411230 2611.0
1411240 2616.4
1411250 2621.4
1411260 2621.4
1411270 2627.5
1411280 2633.5
1411290 2633.5
1411300 2639.9
1411310 2645.5
1411320 2651.0
1411330 2651.0
1411340 2656.0
1411350 2661.0
1411360 2661.0
1411370 2666.1
1411380 2671.3
1411390 2671.3
1411400 2676.5
1411410 2681.9
1411420 2681.9
1411430 2687.3
1411440 2692.8
1411450 2692.8
1411460 2698.2
1411470 2704.0
1411480 2704.0
1411490 2709.8
1411500 2716.0
1411510 2716.0
1411520 2722.6
1411530 2729.6
1411540 2736.6
1411550 2736.6
1411560 2743.7
1411570 2750.8
1411580 2750.8
1411590 2758.7
1411600 2766.7
1411610 2766.7
1411620 2775.3
1411630 2784.8
1411640 2784.8
1411650 2791.1
1411660 2793.8
1411670 2793.8
1411680 2797.5
1411690 2800.9
1411700 2800.9
1411710 2804.4
1411720 2808.5
1411730 2808.5
1411740 2813.0
1411750 2817.6
1411760 2817.6
1411770 2822.7
1411780 2828.5
1411790 2834.4
1411800 2834.4
1411810 2840.3
1411820 2846.3
1411830 2846.3
1411840 2852.9
1411850 2859.9
1411860 2859.9
1411870 2869.0
1411880 2889.5
1411890 2889.5
1411900 2906.0
1411910 2904.8
1411920 2904.8
1411930 2901.3
1411940 2896.2
1411950 2896.2
1411960 2892.4
1411970 2888.9
1411980 2888.9
1411990 2885.3
1412000 2881.6
1412010 2881.6
1412020 2877.4
1412030 2872.7
1412040 2867.6
1412050 2867.6
1412060 2862.5
1412070 2857.6
1412080 2857.6
1412090 2853.0
1412100 2848.6
1412110 2848.6
1412120 2845.5
1412130 2841.9
1412140 2841.9
1412150 2838.4
1412160 2832.5
1412170 2832.5
1412180 2827.8
1412190 2823.8
1412200 2823.8
1412210 2816.7
1412220 2808.5
1412230 2808.5
1412240 2798.7
1412250 2793.6
1412260 2795.3
1412270 2795.3
1412280 2793.6
1412290 2774.9
1412300 2774.9
1412310 2765.3
1412320 2756.4
1412330 2756.4
1412340 2745.8
1412350 2729.8
1412360 2729.8
1412370 2708.3
1412380 2690.0
1412390 2690.0
1412400 2681.6
1412410 2673.7
1412420 2673.7
1412430 2666.4
1412440 2658.6
1412450 2658.6
1412460 2651.0
1412470 2642.1
1412480 2642.1
1412490 2635.2
1412500 2628.4
1412510 2621.4
1412520 2621.4
1412530 2614.1
1412540 2609.9
1412550 2609.9
1412560 2606.7
1412570 2603.9
1412580 2603.9
1412590 2600.7
1412600 2588.4
1412610 2588.4
1412620 2565.7
1412630 2554.6
1412640 2554.6
1412650 2540.7
1412660 2532.1
1412670 2532.1
1412680 2523.4
1412690 2515.2
1412700 2515.2
1412710 2507.6
1412720 2500.3
1412730 2493.3
1412740 2493.3
1412750 2487.2
1412760 2482.0
1412770 2482.0
1412780 2477.1
1412790 2472.3
1412800 2472.3
1412810 2467.3
1412820 2462.3
1412830 2462.3
1412840 2456.2
1412850 2450.8
1412860 2448.9
1412870 2442.9
1412880 2437.1
1412890 2437.1
1412900 2432.6
1412910 2426.9
1412920 2426.9
1412930 2420.9
1412940 2414.5
1412950 2414.5
1412960 2408.6
1412970 2402.8
1412980 2396.9
1412990 2396.9
1413000 2391.2
1413010 2385.9
1413020 2385.9
1413030 2381.0
1413040 2376.2
1413050 2376.2
1413060 2371.4
1413070 2366.7
1413080 2366.7
1413090 2361.8
1413100 2357.3
1413110 2357.3
1413120 2352.9
1413130 2348.4
1413140 2348.4
1413150 2344.1
1413160 2340.0
1413170 2340.0
1413180 2335.8
1413190 2331.5
1413200 2327.5
1413210 2327.5
1413220 2323.6
1413230 2319.4
1413240 2319.4
1413250 2315.4
1413260 2311.2
1413270 2311.2
1413280 2306.7
1413290 2302.2
1413300 2302.2
1413310 2297.5
1413320 2292.7
1413330 2292.7
1413340 2288.2
1413350 2285.8
1413360 2285.8
1413370 2284.4
1413380 2281.4
1413390 2281.4
1413400 2279.4
1413410 2275.4
1413420 2275.4
1413430 2267.9
1413440 2261.1
1413450 2257.8
1413460 2257.8
1413470 2252.3
1413480 2246.1
1413490 2246.1
1413500 2241.0
1413510 2235.8
1413520 2235.8
1413530 2232.8
1413540 2230.0
1413550 2230.0
1413560 2225.7
1413570 2223.1
1413580 2223.1
1413590 2217.5
1413600 2212.7
1413610 2212.7
1413620 2210.5
1413630 2207.1
1413640 2207.1
1413650 2206.5
1413660 2202.4
1413670 2202.4
1413680 2199.1
1413690 2201.3
1413700 2201.1
1413710 2201.1
1413720 2200.1
1413730 2196.3
1413740 2196.3
1413750 2192.3
1413760 2184.8
1413770 2184.8
1413780 2177.4
1413790 2171.5
1413800 2171.5
1413810 2164.7
1413820 2157.5
1413830 2157.5
1413840 2154.2
1413850 2154.3
1413860 2154.3
1413870 2151.7
1413880 2148.2
1413890 2148.2
1413900 2145.7
1413910 2142.3
1413920 2136.6
1413930 2136.6
1413940 2129.2
1413950 2119.5
1413960 2119.5
1413970 2109.6
1413980 2099.8
1413990 2099.8
1414000 2092.4
1414010 2085.9
1414020 2085.9
1414030 2079.6
1414040 2073.8
1414050 2073.8
1414060 2065.6
1414070 2058.7
1414080 2058.7
1414090 2053.4
1414100 2047.3
1414110 2047.3
1414120 2041.2
1414130 2035.4
1414140 2035.4
1414150 2029.4
1414160 2024.2
1414170 2018.7
1414180 2018.7
1414190 2013.1
1414200 2007.7
1414210 2007.7
1414220 2002.9
1414230 1997.8
1414240 1997.8
1414250 1990.0
1414260 1983.3
1414270 1983.3
1414280 1980.5
1414290 1978.7
1414300 1978.7
1414310 1976.3
1414320 1972.5
1414330 1972.5
1414340 1967.2
1414350 1961.4
1414360 1961.4
1414370 1955.7
1414380 1951.2
1414390 1948.3
1414400 1948.3
1414410 1944.8
1414420 1941.7
1414430 1941.7
1414440 1941.1
1414450 1940.3
1414460 1940.3
1414470 1937.6
1414480 1934.4
1414490 1934.4
1414500 1929.3
1414510 1924.0
1414520 1924.0
1414530 1920.5
1414540 1918.2
1414550 1918.2
1414560 1915.3
1414570 1910.8
1414580 1910.8
1414590 1906.8
1414600 1902.6
1414610 1902.6
1414620 1898.4
1414630 1894.6
1414640 1889.9
1414650 1889.9
1414660 1882.6
1414670 1875.7
1414680 1875.7
1414690 1868.8
1414700 1863.5
1414710 1863.5
1414720 1858.0
1414730 1851.7
1414740 1851.7
1414750 1846.9
1414760 1844.1
1414770 1844.1
1414780 1843.6
1414790 1840.9
1414800 1840.9
1414810 1837.2
1414820 1833.8
1414830 1833.8
1414840 1830.1
1414850 1826.6
1414860 1822.7
1414870 1822.7
1414880 1819.5
1414890 1816.3
1414900 1816.3
1414910 1811.8
1414920 1808.5
1414930 1808.5
1414940 1805.8
1414950 1802.7
1414960 1802.7
1414970 1799.4
1414980 1796.1
1414990 1796.1
1415000 1793.6
1415010 1791.6
1415020 1791.6
1415030 1789.0
1415040 1786.1
1415050 1786.1
1415060 1783.7
1415070 1781.3
1415080 1781.3
1415090 1779.8
1415100 1778.7
1415110 1777.5
1415120 1777.5
1415130 1777.1
1415140 1776.5
1415150 1776.5
1415160 1776.1
1415170 1776.3
1415180 1776.3
1415190 1776.1
1415200 1775.7
1415210 1775.7
1415220 1775.3
1415230 1775.4
1415240 1775.4
1415250 1776.1
1415260 1777.1
1415270 1777.1
1415280 1776.9
1415290 1775.4
1415300 1775.4
1415310 1772.6
1415320 1770.4
1415330 1770.4
1415340 1768.3
1415350 1765.3
1415360 1763.1
1415370 1763.1
1415380 1759.9
1415390 1757.6
1415400 1757.6
1415410 1753.1
1415420 1743.0
1415430 1743.0
1415440 1738.5
1415450 1735.6
1415460 1735.6
1415470 1733.0
1415480 1728.5
1415490 1728.5
1415500 1723.4
1415510 1718.2
1415520 1718.2
1415530 1698.0
1415540 1680.3
1415550 1680.3
1415560 1667.2
1415570 1664.8
1415580 1664.8
1415590 1664.8
1415600 1664.8
1415610 1664.8
1415620 1664.8
1415630 1664.8
1415640 1664.8
1415650 1664.8
1415660 1664.8
1415670 1664.8
1415680 1664.8
1415690 1664.8
1415700 1664.8
1415710 1664.8
1415720 1664.8
1415730 1664.8
1415740 1664.8
1415750 1664.8
1415760 1664.8
1415770 1664.8
1415780 1664.8
1415790 1664.8
1415800 1664.8
1415810 1664.8
1415820 1664.8
1415830 1664.8
1415840 1664.8
1415850 1664.7
1415860 1664.7
1415870 1664.7
1415880 1664.7
1415890 1664.7
1415900 1664.7
1415910 1664.7
1415920 1664.7
1415930 1664.7
1415940 1664.7
1415950 1664.7
1415960 1664.7
1415970 1664.7
1415980 1664.7
1415990 1664.7
1416000 1664.7
1416010 1664.7
1416020 1664.7
1416030 1664.7
1416040 1664.7
1416050 1665.3
1416060 1665.3
1416070 1671.1
1416080 1678.2
1416090 1678.2
1416100 1686.3
1416110 1693.9
1416120 1693.9
1416130 1702.7
1416140 1715.3
1416150 1715.3
1416160 1723.3
1416170 1726.1
1416180 1726.1
1416190 1725.7
1416200 1725.2
1416210 1725.2
1416220 1725.9
1416230 1726.7
1416240 1726.7
1416250 1728.8
1416260 1730.9
1416270 1730.9
1416280 1733.7
1416290 1737.3
1416300 1741.0
1416310 1741.0
1416320 1744.7
1416330 1747.7
1416340 1747.7
1416350 1749.9
1416360 1751.6
1416370 1751.6
1416380 1751.0
1416390 1749.3
1416400 1749.3
1416410 1748.8
1416420 1745.3
1416430 1745.3
1416440 1738.9
1416450 1731.8
1416460 1731.8
1416470 1726.1
1416480 1721.5
1416490 1721.5
1416500 1720.5
1416510 1717.8
1416520 1714.5
1416530 1714.5
1416540 1711.0
1416550 1708.2
1416560 1708.2
1416570 1705.5
1416580 1703.2
1416590 1703.2
1416600 1701.8
1416610 1701.2
1416620 1701.2
1416630 1700.6
1416640 1698.6
1416650 1698.6
1416660 1696.1
1416670 1696.0
1416680 1696.0
1416690 1695.6
1416700 1695.2
1416710 1695.2
1416720 1699.1
1416730 1701.7
1416740 1701.7
1416750 1702.0
1416760 1701.9
1416770 1703.5
1416780 1703.5
1416790 1704.3
1416800 1706.9
1416810 1706.9
1416820 1710.4
1416830 1713.3
1416840 1713.3
1416850 1715.6
1416860 1718.5
1416870 1718.5
1416880 1721.1
1416890 1723.6
1416900 1723.6
1416910 1726.0
1416920 1728.4
1416930 1728.4
1416940 1730.3
1416950 1732.8
1416960 1732.8
1416970 1735.2
1416980 1737.5
1416990 1737.5
1417000 1740.0
1417010 1743.5
1417020 1746.6
1417030 1746.6
1417040 1749.2
1417050 1752.0
1417060 1752.0
1417070 1754.8
1417080 1758.2
1417090 1758.2
1417100 1761.6
1417110 1765.1
1417120 1765.1
1417130 1768.9
1417140 1772.1
1417150 1772.1
1417160 1774.9
1417170 1777.5
1417180 1777.5
1417190 1780.4
1417200 1783.0
1417210 1783.0
1417220 1786.0
1417230 1789.2
1417240 1791.9
1417250 1791.9
1417260 1794.6
1417270 1796.8
1417280 1796.8
1417290 1799.6
1417300 1803.3
1417310 1803.3
1417320 1806.7
1417330 1809.3
1417340 1809.3
1417350 1811.7
1417360 1814.3
1417370 1814.3
1417380 1816.6
1417390 1818.2
1417400 1818.2
1417410 1821.3
1417420 1830.7
1417430 1830.7
1417440 1837.7
1417450 1844.5
1417460 1844.5
1417470 1852.0
1417480 1860.4
1417490 1867.6
1417500 1867.6
1417510 1873.7
1417520 1880.2
1417530 1880.2
1417540 1886.8
1417550 1892.6
1417560 1892.6
1417570 1899.1
1417580 1905.6
1417590 1905.6
1417600 1912.2
1417610 1918.9
1417620 1918.9
1417630 1925.2
1417640 1932.0
1417650 1932.0
1417660 1938.9
1417670 1945.4
1417680 1945.4
1417690 1951.3
1417700 1956.9
1417710 1962.2
1417720 1962.2
1417730 1967.0
1417740 1970.2
1417750 1970.2
1417760 1970.7
1417770 1973.0
1417780 1973.0
1417790 1978.6
1417800 1985.9
1417810 1985.9
1417820 1993.2
1417830 2001.0
1417840 2001.0
1417850 2012.5
1417860 2020.5
1417870 2020.5
1417880 2027.6
1417890 2034.5
1417900 2034.5
1417910 2041.2
1417920 2047.4
1417930 2047.4
1417940 2052.5
1417950 2057.4
1417960 2063.2
1417970 2063.2
1417980 2069.6
1417990 2076.0
1418000 2076.0
1418010 2082.9
1418020 2089.5
1418030 2089.5
1418040 2095.3
1418050 2101.4
1418060 2101.4
1418070 2108.4
1418080 2115.1
1418090 2115.1
1418100 2121.7
1418110 2127.7
1418120 2127.7
1418130 2133.5
1418140 2139.2
1418150 2139.2
1418160 2144.9
1418170 2150.3
1418180 2156.5
1418190 2156.5
1418200 2162.5
1418210 2168.4
1418220 2168.4
1418230 2175.0
1418240 2182.4
1418250 2182.4
1418260 2190.0
1418270 2195.7
1418280 2195.7
1418290 2204.1
1418300 2212.3
1418310 2212.3
1418320 2220.1
1418330 2227.2
1418340 2227.2
1418350 2234.3
1418360 2241.2
1418370 2241.2
1418380 2247.4
1418390 2252.0
1418400 2247.0
1418410 2254.1
1418420 2262.7
1418430 2272.2
1418440 2272.2
1418450 2281.9
1418460 2292.8
1418470 2292.8
1418480 2301.1
1418490 2308.1
1418500 2308.1
1418510 2315.2
1418520 2323.3
1418530 2323.3
1418540 2331.4
1418550 2338.9
1418560 2338.9
1418570 2346.4
1418580 2354.2
1418590 2354.2
1418600 2363.1
1418610 2371.7
1418620 2371.7
1418630 2378.3
1418640 2384.6
1418650 2384.6
1418660 2391.8
1418670 2399.3
1418680 2407.1
1418690 2407.1
1418700 2417.0
1418710 2426.6
1418720 2426.6
1418730 2434.8
1418740 2443.4
1418750 2443.4
1418760 2449.8
1418770 2456.2
1418780 2456.2
1418790 2463.1
1418800 2470.8
1418810 2470.8
1418820 2477.8
1418830 2484.0
1418840 2484.0
1418850 2490.7
1418860 2497.0
1418870 2497.0
1418880 2504.3
1418890 2512.9
1418900 2520.9
1418910 2520.9
1418920 2527.4
1418930 2533.4
1418940 2533.4
1418950 2539.3
1418960 2544.9
1418970 2544.9
1418980 2550.0
1418990 2555.0
1419000 2555.0
1419010 2560.0
1419020 2565.2
1419030 2565.2
1419040 2570.7
1419050 2576.7
1419060 2576.7
1419070 2582.4
1419080 2588.2
1419090 2588.2
1419100 2593.9
1419110 2599.4
1419120 2599.4
1419130 2604.3
1419140 2609.2
1419150 2614.9
1419160 2614.9
1419170 2621.4
1419180 2628.9
1419190 2628.9
1419200 2636.7
1419210 2645.0
1419220 2645.0
1419230 2653.5
1419240 2662.0
1419250 2662.0
1419260 2670.6
1419270 2679.6
1419280 2679.6
1419290 2688.6
1419300 2697.9
1419310 2697.9
1419320 2707.6
1419330 2717.9
1419340 2717.9
1419350 2730.5
1419360 2740.6
1419370 2748.8
1419380 2748.8
1419390 2756.5
1419400 2764.1
1419410 2764.1
1419420 2771.0
1419430 2778.2
1419440 2778.2
1419450 2784.9
1419460 2790.1
1419470 2790.1
1419480 2795.4
1419490 2800.5
1419500 2800.5
1419510 2806.1
1419520 2813.0
1419530 2813.0
1419540 2820.6
1419550 2828.4
1419560 2828.4
1419570 2835.5
1419580 2842.7
1419590 2842.7
1419600 2850.1
1419610 2857.2
1419620 2864.2
1419630 2864.2
1419640 2871.2
1419650 2878.2
1419660 2878.2
1419670 2884.8
1419680 2891.7
1419690 2891.7
1419700 2898.8
1419710 2905.9
1419720 2905.9
1419730 2912.9
1419740 2919.7
1419750 2919.7
1419760 2926.6
1419770 2933.6
1419780 2933.6
1419790 2940.5
1419800 2946.9
1419810 2946.9
1419820 2954.4
1419830 2962.0
1419840 2969.3
1419850 2969.3
1419860 2977.1
1419870 2984.7
1419880 2984.7
1419890 2991.9
1419900 2999.0
1419910 2999.0
1419920 3006.9
1419930 3014.7
1419940 3014.7
1419950 3022.7
1419960 3031.0
1419970 3031.0
1419980 3039.0
1419990 3046.6
