1400000 1453.0
1400010 1443.8
1400020 1443.8
1400030 1437.0
1400040 1431.1
1400050 1431.1
1400060 1425.2
1400070 1420.0
1400080 1414.5
1400090 1414.5
1400100 1409.2
1400110 1403.9
1400120 1403.9
1400130 1399.8
1400140 1396.3
1400150 1396.3
1400160 1393.2
1400170 1390.7
1400180 1390.7
1400190 1387.7
1400200 1381.4
1400210 1381.4
1400220 1378.5
1400230 1377.9
1400240 1377.9
1400250 1378.6
1400260 1380.3
1400270 1380.3
1400280 1381.5
1400290 1382.8
1400300 1382.8
1400310 1385.2
1400320 1387.3
1400330 1388.9
1400340 1388.9
1400350 1390.5
1400360 1393.0
1400370 1393.0
1400380 1396.6
1400390 1400.9
1400400 1400.9
1400410 1405.3
1400420 1407.9
1400430 1407.9
1400440 1411.8
1400450 1414.4
1400460 1414.4
1400470 1416.0
1400480 1418.8
1400490 1418.8
1400500 1421.7
1400510 1424.5
1400520 1424.5
1400530 1428.3
1400540 1432.1
1400550 1436.9
1400560 1436.9
1400570 1442.6
1400580 1449.4
1400590 1449.4
1400600 1456.8
1400610 1464.1
1400620 1464.1
1400630 1470.9
1400640 1477.3
1400650 1477.3
1400660 1484.0
1400670 1492.0
1400680 1492.0
1400690 1498.8
1400700 1505.6
1400710 1505.6
1400720 1512.4
1400730 1519.2
1400740 1519.2
1400750 1525.7
1400760 1532.0
1400770 1532.0
1400780 1538.6
1400790 1545.4
1400800 1552.7
1400810 1552.7
1400820 1558.6
1400830 1563.5
1400840 1563.5
1400850 1568.4
1400860 1574.4
1400870 1574.4
1400880 1581.3
1400890 1588.1
1400900 1588.1
1400910 1594.9
1400920 1601.1
1400930 1601.1
1400940 1608.4
1400950 1614.7
1400960 1614.7
1400970 1620.3
1400980 1627.1
1400990 1627.1
1401000 1634.8
1401010 1643.0
1401020 1643.0
1401030 1652.2
1401040 1661.1
1401050 1670.6
1401060 1670.6
1401070 1678.5
1401080 1685.4
1401090 1685.4
1401100 1694.3
1401110 1701.8
1401120 1701.8
1401130 1707.6
1401140 1712.2
1401150 1712.2
1401160 1711.4
1401170 1710.7
1401180 1710.7
1401190 1712.1
1401200 1718.6
1401210 1718.6
1401220 1728.0
1401230 1739.2
1401240 1739.2
1401250 1748.9
1401260 1761.1
1401270 1779.6
1401280 1779.6
1401290 1789.1
1401300 1796.1
1401310 1796.1
1401320 1802.9
1401330 1810.5
1401340 1810.5
1401350 1818.1
1401360 1825.2
1401370 1825.2
1401380 1831.7
1401390 1839.0
1401400 1839.0
1401410 1845.5
1401420 1851.7
1401430 1851.7
1401440 1858.6
1401450 1864.8
1401460 1864.8
1401470 1870.9
1401480 1876.3
1401490 1876.3
1401500 1882.6
1401510 1889.0
1401520 1895.2
1401530 1895.2
1401540 1900.6
1401550 1906.6
1401560 1906.6
1401570 1913.0
1401580 1920.3
1401590 1920.3
1401600 1926.4
1401610 1933.1
1401620 1933.1
1401630 1940.0
1401640 1946.6
1401650 1946.6
1401660 1953.1
1401670 1959.7
1401680 1959.7
1401690 1966.6
1401700 1973.6
1401710 1973.6
1401720 1979.6
1401730 1986.0
1401740 1991.1
1401750 1991.1
1401760 1997.8
1401770 2005.5
1401780 2005.5
1401790 2014.2
1401800 2022.0
1401810 2022.0
1401820 2028.9
1401830 2035.8
1401840 2035.8
1401850 2042.8
1401860 2046.4
1401870 2046.4
1401880 2048.0
1401890 2049.7
1401900 2049.7
1401910 2052.0
1401920 2053.9
1401930 2053.9
1401940 2055.3
1401950 2056.6
1401960 2056.6
1401970 2058.5
1401980 2063.1
1401990 2064.3
1402000 2064.3
1402010 2065.5
1402020 2067.5
1402030 2067.5
1402040 2072.2
1402050 2078.8
1402060 2078.8
1402070 2086.4
1402080 2094.4
1402090 2094.4
1402100 2103.8
1402110 2111.8
1402120 2111.8
1402130 2119.8
1402140 2128.8
1402150 2128.8
1402160 2125.0
1402170 2098.4
1402180 2098.4
1402190 2081.7
1402200 2080.7
1402210 2077.7
1402220 2077.7
1402230 2077.0
1402240 2075.9
1402250 2075.9
1402260 2072.4
1402270 2067.2
1402280 2067.2
1402290 2068.7
1402300 2072.6
1402310 2072.6
1402320 2075.0
1402330 2074.7
1402340 2074.7
1402350 2073.3
1402360 2070.9
1402370 2070.9
1402380 2067.6
1402390 2064.9
1402400 2064.9
1402410 2064.7
1402420 2063.8
1402430 2063.8
1402440 2063.2
1402450 2061.5
1402460 2060.5
1402470 2060.5
1402480 2063.6
1402490 2065.5
1402500 2065.5
1402510 2074.7
1402520 2078.4
1402530 2078.4
1402540 2077.7
1402550 2072.1
1402560 2072.1
1402570 2068.4
1402580 2063.5
1402590 2063.5
1402600 2056.3
1402610 2056.6
1402620 2056.6
1402630 2050.2
1402640 2044.4
1402650 2044.4
1402660 2037.0
1402670 2028.9
1402680 2028.9
1402690 2028.2
1402700 2026.9
1402710 2024.0
1402720 2024.0
1402730 2020.0
1402740 2019.8
1402750 2019.8
1402760 2021.2
1402770 2022.1
1402780 2022.1
1402790 2023.8
1402800 2021.6
1402810 2021.6
1402820 2017.0
1402830 2013.9
1402840 2013.9
1402850 2011.3
1402860 2008.1
1402870 2008.1
1402880 2005.7
1402890 2011.6
1402900 2011.6
1402910 2024.7
1402920 2037.3
1402930 2039.4
1402940 2039.4
1402950 2029.6
1402960 2026.3
1402970 2026.3
1402980 2021.8
1402990 2015.8
1403000 2015.8
1403010 2012.7
1403020 2011.7
1403030 2011.7
1403040 2009.9
1403050 2002.8
1403060 2002.8
1403070 1993.7
1403080 1980.5
1403090 1980.5
1403100 1970.9
1403110 1965.0
1403120 1965.0
1403130 1963.5
1403140 1960.7
1403150 1960.7
1403160 1960.7
1403170 1961.9
1403180 1963.9
1403190 1963.9
1403200 1967.0
1403210 1970.8
1403220 1970.8
1403230 1971.6
1403240 1974.3
1403250 1974.3
1403260 1980.1
1403270 1987.4
1403280 1987.4
1403290 1995.5
1403300 2003.8
1403310 2003.8
1403320 2009.8
1403330 2012.8
1403340 2012.8
1403350 2008.5
1403360 2000.0
1403370 2000.0
1403380 1993.9
1403390 1986.6
1403400 1977.2
1403410 1977.2
1403420 1967.5
1403430 1959.8
1403440 1959.8
1403450 1956.4
1403460 1949.5
1403470 1949.5
1403480 1943.6
1403490 1937.8
1403500 1937.8
1403510 1930.4
1403520 1924.1
1403530 1924.1
1403540 1909.3
1403550 1897.6
1403560 1897.6
1403570 1892.3
1403580 1884.0
1403590 1884.0
1403600 1875.5
1403610 1861.7
1403620 1861.7
1403630 1834.1
1403640 1806.6
1403650 1794.6
1403660 1794.6
1403670 1786.4
1403680 1779.3
1403690 1779.3
1403700 1773.7
1403710 1768.5
1403720 1768.5
1403730 1762.8
1403740 1757.0
1403750 1757.0
1403760 1757.2
1403770 1751.2
1403780 1751.2
1403790 1745.4
1403800 1739.7
1403810 1739.7
1403820 1734.3
1403830 1728.6
1403840 1728.6
1403850 1722.7
1403860 1716.6
1403870 1716.6
1403880 1711.2
1403890 1705.9
1403900 1700.3
1403910 1700.3
1403920 1694.3
1403930 1690.8
1403940 1690.8
1403950 1686.2
1403960 1680.4
1403970 1680.4
1403980 1675.8
1403990 1674.1
1404000 1674.1
1404010 1674.0
1404020 1671.7
1404030 1671.7
1404040 1668.6
1404050 1664.1
1404060 1664.1
1404070 1659.5
1404080 1656.2
1404090 1656.2
1404100 1653.2
1404110 1651.6
1404120 1652.1
1404130 1652.1
1404140 1651.9
1404150 1649.8
1404160 1649.8
1404170 1647.6
1404180 1645.9
1404190 1645.9
1404200 1644.6
1404210 1644.7
1404220 1644.7
1404230 1645.8
1404240 1648.2
1404250 1648.2
1404260 1651.1
1404270 1654.5
1404280 1654.5
1404290 1657.5
1404300 1658.4
1404310 1658.4
1404320 1658.7
1404330 1663.0
1404340 1663.0
1404350 1668.1
1404360 1671.7
1404370 1675.8
1404380 1675.8
1404390 1681.4
1404400 1687.8
1404410 1687.8
1404420 1693.9
1404430 1697.8
1404440 1697.8
1404450 1701.4
1404460 1704.0
1404470 1704.0
1404480 1706.5
1404490 1709.7
1404500 1709.7
1404510 1712.5
1404520 1712.5
1404530 1712.5
1404540 1714.5
1404550 1717.0
1404560 1717.0
1404570 1719.6
1404580 1721.2
1404590 1723.5
1404600 1723.5
1404610 1725.5
1404620 1728.0
1404630 1728.0
1404640 1727.9
1404650 1725.8
1404660 1725.8
1404670 1725.1
1404680 1724.9
1404690 1724.9
1404700 1724.9
1404710 1725.0
1404720 1725.0
1404730 1728.2
1404740 1731.5
1404750 1731.5
1404760 1732.2
1404770 1732.4
1404780 1732.4
1404790 1732.6
1404800 1732.3
1404810 1732.3
1404820 1731.3
1404830 1727.9
1404840 1725.3
1404850 1725.3
1404860 1724.4
1404870 1726.1
1404880 1726.1
1404890 1728.6
1404900 1724.0
1404910 1724.0
1404920 1718.2
1404930 1712.5
1404940 1712.5
1404950 1707.0
1404960 1700.1
1404970 1700.1
1404980 1687.8
1404990 1680.8
1405000 1680.8
1405010 1673.4
1405020 1665.1
1405030 1665.1
1405040 1655.9
1405050 1646.3
1405060 1640.1
1405070 1640.1
1405080 1632.4
1405090 1625.8
1405100 1625.8
1405110 1619.0
1405120 1613.4
1405130 1613.4
1405140 1608.1
1405150 1603.6
1405160 1603.6
1405170 1602.6
1405180 1599.5
1405190 1599.5
1405200 1595.1
1405210 1589.4
1405220 1589.4
1405230 1582.0
1405240 1573.8
1405250 1573.8
1405260 1566.5
1405270 1557.3
1405280 1557.3
1405290 1551.4
1405300 1549.8
1405310 1535.3
1405320 1535.3
1405330 1514.7
1405340 1507.6
1405350 1507.6
1405360 1500.7
1405370 1493.5
1405380 1493.5
1405390 1486.0
1405400 1479.0
1405410 1479.0
1405420 1471.9
1405430 1465.9
1405440 1465.9
1405450 1461.8
1405460 1458.1
1405470 1458.1
1405480 1455.8
1405490 1455.4
1405500 1455.4
1405510 1454.4
1405520 1461.1
1405530 1461.1
1405540 1471.1
1405550 1478.2
1405560 1481.8
1405570 1481.8
1405580 1482.9
1405590 1480.1
1405600 1480.1
1405610 1476.9
1405620 1476.0
1405630 1476.0
1405640 1477.5
1405650 1483.5
1405660 1483.5
1405670 1489.2
1405680 1492.8
1405690 1492.8
1405700 1503.3
1405710 1506.0
1405720 1506.0
1405730 1508.9
1405740 1512.6
1405750 1512.6
1405760 1515.2
1405770 1517.8
1405780 1522.7
1405790 1522.7
1405800 1525.6
1405810 1528.3
1405820 1528.3
1405830 1533.0
1405840 1538.7
1405850 1538.7
1405860 1546.5
1405870 1552.3
1405880 1552.3
1405890 1559.9
1405900 1565.5
1405910 1565.5
1405920 1571.9
1405930 1578.2
1405940 1578.2
1405950 1583.6
1405960 1588.8
1405970 1588.8
1405980 1595.9
1405990 1601.6
1406000 1601.6
1406010 1612.8
1406020 1622.6
1406030 1628.3
1406040 1628.3
1406050 1631.4
1406060 1636.1
1406070 1636.1
1406080 1641.6
1406090 1646.3
1406100 1646.3
1406110 1651.4
1406120 1656.3
1406130 1656.3
1406140 1660.2
1406150 1662.4
1406160 1662.4
1406170 1661.5
1406180 1657.2
1406190 1657.2
1406200 1656.4
1406210 1659.1
1406220 1659.1
1406230 1663.0
1406240 1663.8
1406250 1663.4
1406260 1663.4
1406270 1665.1
1406280 1667.2
1406290 1667.2
1406300 1669.9
1406310 1672.8
1406320 1672.8
1406330 1676.0
1406340 1679.8
1406350 1679.8
1406360 1684.1
1406370 1688.2
1406380 1688.2
1406390 1694.7
1406400 1698.9
1406410 1698.9
1406420 1702.8
1406430 1702.5
1406440 1702.5
1406450 1703.1
1406460 1704.8
1406470 1704.8
1406480 1706.3
1406490 1710.1
1406500 1714.3
1406510 1714.3
1406520 1718.2
1406530 1722.5
1406540 1722.5
1406550 1726.0
1406560 1730.1
1406570 1730.1
1406580 1734.0
1406590 1738.5
1406600 1738.5
1406610 1743.3
1406620 1748.1
1406630 1748.1
1406640 1752.8
1406650 1759.8
1406660 1759.8
1406670 1768.9
1406680 1781.5
1406690 1781.5
1406700 1791.7
1406710 1799.9
1406720 1799.9
1406730 1807.6
1406740 1816.6
1406750 1823.7
1406760 1823.7
1406770 1829.3
1406780 1836.7
1406790 1836.7
1406800 1842.0
1406810 1848.3
1406820 1848.3
1406830 1855.6
1406840 1863.5
1406850 1863.5
1406860 1873.9
1406870 1882.9
1406880 1882.9
1406890 1891.9
1406900 1903.6
1406910 1903.6
1406920 1914.2
1406930 1925.3
1406940 1925.3
1406950 1939.4
1406960 1942.0
1406970 1951.8
1406980 1951.8
1406990 1954.3
1407000 1955.3
1407010 1955.3
1407020 1956.5
1407030 1959.1
1407040 1959.1
1407050 1960.2
1407060 1962.9
1407070 1962.9
1407080 1965.0
1407090 1966.2
1407100 1966.2
1407110 1965.5
1407120 1963.4
1407130 1963.4
1407140 1960.7
1407150 1958.3
1407160 1958.3
1407170 1955.9
1407180 1955.2
1407190 1955.2
1407200 1952.2
1407210 1949.6
1407220 1939.7
1407230 1939.7
1407240 1931.4
1407250 1926.6
1407260 1926.6
1407270 1921.4
1407280 1916.4
1407290 1916.4
1407300 1912.6
1407310 1910.3
1407320 1910.3
1407330 1909.8
1407340 1910.1
1407350 1910.1
1407360 1907.8
1407370 1907.6
1407380 1907.6
1407390 1909.4
1407400 1910.7
1407410 1910.7
1407420 1908.7
1407430 1909.5
1407440 1910.1
1407450 1910.1
1407460 1910.5
1407470 1909.2
1407480 1909.2
1407490 1907.4
1407500 1907.4
1407510 1907.4
1407520 1906.7
1407530 1906.5
1407540 1906.5
1407550 1906.0
1407560 1904.8
1407570 1904.8
1407580 1901.8
1407590 1900.9
1407600 1900.9
1407610 1900.8
1407620 1897.6
1407630 1897.6
1407640 1893.7
1407650 1893.9
1407660 1893.9
1407670 1895.2
1407680 1895.7
1407690 1892.9
1407700 1892.9
1407710 1894.2
1407720 1900.7
1407730 1900.7
1407740 1902.6
1407750 1904.4
1407760 1904.4
1407770 1905.3
1407780 1904.6
1407790 1904.6
1407800 1907.2
1407810 1909.2
1407820 1909.2
1407830 1913.9
1407840 1918.3
1407850 1918.3
1407860 1920.7
1407870 1922.5
1407880 1922.5
1407890 1922.7
1407900 1921.2
1407910 1917.5
1407920 1917.5
1407930 1915.0
1407940 1920.3
1407950 1920.3
1407960 1925.2
1407970 1932.7
1407980 1932.7
1407990 1947.8
1408000 1946.1
1408010 1946.1
1408020 1943.3
1408030 1947.8
1408040 1947.8
1408050 1958.0
1408060 1965.8
1408070 1965.8
1408080 1970.6
1408090 1974.5
1408100 1974.5
1408110 1978.4
1408120 1982.2
1408130 1982.2
1408140 1986.1
1408150 1991.5
1408160 1997.4
1408170 1997.4
1408180 2002.9
1408190 2008.2
1408200 2008.2
1408210 2014.1
1408220 2020.2
1408230 2020.2
1408240 2026.9
1408250 2033.7
1408260 2033.7
1408270 2040.2
1408280 2047.2
1408290 2047.2
1408300 2054.9
1408310 2063.1
1408320 2063.1
1408330 2071.6
1408340 2079.2
1408350 2079.2
1408360 2090.3
1408370 2102.1
1408380 2102.1
1408390 2114.9
1408400 2128.5
1408410 2134.0
1408420 2134.0
1408430 2139.9
1408440 2145.5
1408450 2145.5
1408460 2148.4
1408470 2147.1
1408480 2147.1
1408490 2157.0
1408500 2169.6
1408510 2169.6
1408520 2176.9
1408530 2181.6
1408540 2181.6
1408550 2183.9
1408560 2189.8
1408570 2189.8
1408580 2193.7
1408590 2198.8
1408600 2198.8
1408610 2204.8
1408620 2216.5
1408630 2216.2
1408640 2216.2
1408650 2209.0
1408660 2203.9
1408670 2203.9
1408680 2203.3
1408690 2202.8
1408700 2202.8
1408710 2202.4
1408720 2202.4
1408730 2202.4
1408740 2203.0
1408750 2201.8
1408760 2201.8
1408770 2199.7
1408780 2209.2
1408790 2209.2
1408800 2216.7
1408810 2213.6
1408820 2213.6
1408830 2207.2
1408840 2202.1
1408850 2202.1
1408860 2199.0
1408870 2198.2
1408880 2195.7
1408890 2195.7
1408900 2193.2
1408910 2197.1
1408920 2197.1
1408930 2204.4
1408940 2205.6
1408950 2205.6
1408960 2202.2
1408970 2205.4
1408980 2205.4
1408990 2215.7
1409000 2233.6
1409010 2233.6
1409020 2250.2
1409030 2256.4
1409040 2256.4
1409050 2258.2
1409060 2261.9
1409070 2261.9
1409080 2264.4
1409090 2265.5
1409100 2266.8
1409110 2266.8
1409120 2270.1
1409130 2271.7
1409140 2271.7
1409150 2272.4
1409160 2274.3
1409170 2274.3
1409180 2276.3
1409190 2278.2
1409200 2278.2
1409210 2280.6
1409220 2282.6
1409230 2282.6
1409240 2305.3
1409250 2323.0
1409260 2323.0
1409270 2336.0
1409280 2337.9
1409290 2337.9
1409300 2342.5
1409310 2350.1
1409320 2350.1
1409330 2355.6
1409340 2350.5
1409350 2344.1
1409360 2344.1
1409370 2338.1
1409380 2337.6
1409390 2337.6
1409400 2342.0
1409410 2345.7
1409420 2345.7
1409430 2349.2
1409440 2352.7
1409450 2352.7
1409460 2356.2
1409470 2359.0
1409480 2359.0
1409490 2361.1
1409500 2363.0
1409510 2363.0
1409520 2364.9
1409530 2365.4
1409540 2365.4
1409550 2367.4
1409560 2371.1
1409570 2371.1
1409580 2373.9
1409590 2374.4
1409600 2375.1
1409610 2375.1
1409620 2377.2
1409630 2378.6
1409640 2378.6
1409650 2379.9
1409660 2381.4
1409670 2381.4
1409680 2384.2
1409690 2386.8
1409700 2386.8
1409710 2389.6
1409720 2392.0
1409730 2392.0
1409740 2395.6
1409750 2401.7
1409760 2401.7
1409770 2405.2
1409780 2408.8
1409790 2408.8
1409800 2410.7
1409810 2411.7
1409820 2412.9
1409830 2412.9
1409840 2416.6
1409850 2418.6
1409860 2418.6
1409870 2419.8
1409880 2424.4
1409890 2424.4
1409900 2429.7
1409910 2435.7
1409920 2435.7
1409930 2443.2
1409940 2455.6
1409950 2455.6
1409960 2464.6
1409970 2468.1
1409980 2468.1
1409990 2470.4
1410000 2474.1
1410010 2474.1
1410020 2477.6
1410030 2476.6
1410040 2476.6
1410050 2476.5
1410060 2477.2
1410070 2476.3
1410080 2476.3
1410090 2477.4
1410100 2478.0
1410110 2478.0
1410120 2476.0
1410130 2473.5
1410140 2473.5
1410150 2469.8
1410160 2468.6
1410170 2468.6
1410180 2466.2
1410190 2463.5
1410200 2463.5
1410210 2461.4
1410220 2457.9
1410230 2457.9
1410240 2454.9
1410250 2451.7
1410260 2451.7
1410270 2446.9
1410280 2443.5
1410290 2440.5
1410300 2440.5
1410310 2439.3
1410320 2437.0
1410330 2437.0
1410340 2434.1
1410350 2431.4
1410360 2431.4
1410370 2429.8
1410380 2427.3
1410390 2427.3
1410400 2421.3
1410410 2415.9
1410420 2415.9
1410430 2412.1
1410440 2409.9
1410450 2409.9
1410460 2408.4
1410470 2407.9
1410480 2407.9
1410490 2407.9
1410500 2408.2
1410510 2408.2
1410520 2409.1
1410530 2412.5
1410540 2415.0
1410550 2415.0
1410560 2414.5
1410570 2414.1
1410580 2414.1
1410590 2416.0
1410600 2418.5
1410610 2418.5
1410620 2420.0
1410630 2422.0
1410640 2422.0
1410650 2424.6
1410660 2427.3
1410670 2427.3
1410680 2429.7
1410690 2433.4
1410700 2433.4
1410710 2437.3
1410720 2442.0
1410730 2442.0
1410740 2446.9
1410750 2451.4
1410760 2456.7
1410770 2456.7
1410780 2462.2
1410790 2467.3
1410800 2467.3
1410810 2471.2
1410820 2475.0
1410830 2475.0
1410840 2479.1
1410850 2482.8
1410860 2482.8
1410870 2486.1
1410880 2489.7
1410890 2489.7
1410900 2493.2
1410910 2497.4
1410920 2497.4
1410930 2502.1
1410940 2506.3
1410950 2506.3
1410960 2509.2
1410970 2513.0
1410980 2513.0
1410990 2516.1
1411000 2519.6
1411010 2522.7
1411020 2522.7
1411030 2525.4
1411040 2529.1
1411050 2529.1
1411060 2535.1
1411070 2546.8
1411080 2546.8
1411090 2554.0
1411100 2558.9
1411110 2558.9
1411120 2565.5
1411130 2571.3
1411140 2571.3
1411150 2581.3
1411160 2587.6
1411170 2587.6
1411180 2591.2
1411190 2594.3
1411200 2594.3
1411210 2600.0
1411220 2605.1
1411230 2605.1
1411240 2609.2
1411250 2614.6
1411260 2620.2
1411270 2620.2
1411280 2626.0
1411290 2637.2
1411300 2637.2
1411310 2645.2
1411320 2651.9
1411330 2651.9
1411340 2658.6
1411350 2665.0
1411360 2665.0
1411370 2671.9
1411380 2679.8
1411390 2679.8
1411400 2687.7
1411410 2694.8
1411420 2694.8
1411430 2698.8
1411440 2703.9
1411450 2703.9
1411460 2710.2
1411470 2717.2
1411480 2723.3
1411490 2723.3
1411500 2728.2
1411510 2732.9
1411520 2732.9
1411530 2736.5
1411540 2739.1
1411550 2739.1
1411560 2741.7
1411570 2744.6
1411580 2744.6
1411590 2747.5
1411600 2750.6
1411610 2750.6
1411620 2754.1
1411630 2758.8
1411640 2758.8
1411650 2763.7
1411660 2768.0
1411670 2768.0
1411680 2774.0
1411690 2779.7
1411700 2779.7
1411710 2784.2
1411720 2788.3
1411730 2793.4
1411740 2793.4
1411750 2798.4
1411760 2803.6
1411770 2803.6
1411780 2809.1
1411790 2816.1
1411800 2816.1
1411810 2834.3
1411820 2859.7
1411830 2859.7
1411840 2871.9
1411850 2876.0
1411860 2876.0
1411870 2875.0
1411880 2874.9
1411890 2874.9
1411900 2874.8
1411910 2874.3
1411920 2874.3
1411930 2873.2
1411940 2871.6
1411950 2869.7
1411960 2869.7
1411970 2867.4
1411980 2864.8
1411990 2864.8
1412000 2861.7
1412010 2858.0
1412020 2858.0
1412030 2853.7
1412040 2851.1
1412050 2851.1
1412060 2845.9
1412070 2840.1
1412080 2840.1
1412090 2833.9
1412100 2827.5
1412110 2827.5
1412120 2820.8
1412130 2814.1
1412140 2814.1
1412150 2807.3
1412160 2800.7
1412170 2800.7
1412180 2794.7
1412190 2788.4
1412200 2783.6
1412210 2783.6
1412220 2777.6
1412230 2769.3
1412240 2769.3
1412250 2759.8
1412260 2752.8
1412270 2752.8
1412280 2746.5
1412290 2742.3
1412300 2742.3
1412310 2736.4
1412320 2730.3
1412330 2730.3
1412340 2723.8
1412350 2720.5
1412360 2720.5
1412370 2711.5
1412380 2698.1
1412390 2698.1
1412400 2688.6
1412410 2682.5
1412420 2683.1
1412430 2683.1
1412440 2683.3
1412450 2681.7
1412460 2681.7
1412470 2677.7
1412480 2673.8
1412490 2673.8
1412500 2668.2
1412510 2661.9
1412520 2661.9
1412530 2654.3
1412540 2646.0
1412550 2646.0
1412560 2638.1
1412570 2630.5
1412580 2630.5
1412590 2623.0
1412600 2614.7
1412610 2614.7
1412620 2605.5
1412630 2599.4
1412640 2599.4
1412650 2594.1
1412660 2585.0
1412670 2574.9
1412680 2574.9
1412690 2564.8
1412700 2555.5
1412710 2555.5
1412720 2547.9
1412730 2538.1
1412740 2538.1
1412750 2528.8
1412760 2521.3
1412770 2521.3
1412780 2514.7
1412790 2508.3
1412800 2508.3
1412810 2501.8
1412820 2495.3
1412830 2495.3
1412840 2489.1
1412850 2483.4
1412860 2483.4
1412870 2478.0
1412880 2472.6
1412890 2472.6
1412900 2467.8
1412910 2463.2
1412920 2458.6
1412930 2458.6
1412940 2455.4
1412950 2454.4
1412960 2454.4
1412970 2452.2
1412980 2447.1
1412990 2447.1
1413000 2440.5
1413010 2434.1
1413020 2434.1
1413030 2431.7
1413040 2429.3
1413050 2429.3
1413060 2423.1
1413070 2420.8
1413080 2420.8
1413090 2423.3
1413100 2411.0
1413110 2411.0
1413120 2400.9
1413130 2395.9
1413140 2398.6
1413150 2398.6
1413160 2401.7
1413170 2401.2
1413180 2401.2
1413190 2396.1
1413200 2398.3
1413210 2398.3
1413220 2403.1
1413230 2402.0
1413240 2402.0
1413250 2398.8
1413260 2402.2
1413270 2402.2
1413280 2399.9
1413290 2386.5
1413300 2386.5
1413310 2376.2
1413320 2367.5
1413330 2367.5
1413340 2362.7
1413350 2348.1
1413360 2348.1
1413370 2347.5
1413380 2343.6
1413390 2338.7
1413400 2338.7
1413410 2327.6
1413420 2307.8
1413430 2307.8
1413440 2301.5
1413450 2299.1
1413460 2299.1
1413470 2296.9
1413480 2294.1
1413490 2294.1
1413500 2292.7
1413510 2292.6
1413520 2292.6
1413530 2288.8
1413540 2283.6
1413550 2283.6
1413560 2279.1
1413570 2274.9
1413580 2274.9
1413590 2270.5
1413600 2266.3
1413610 2260.5
1413620 2260.5
1413630 2255.6
1413640 2252.9
1413650 2252.9
1413660 2250.8
1413670 2246.7
1413680 2246.7
1413690 2242.6
1413700 2240.9
1413710 2240.9
1413720 2236.6
1413730 2231.7
1413740 2231.7
1413750 2224.4
1413760 2216.7
1413770 2216.7
1413780 2210.3
1413790 2206.6
1413800 2206.6
1413810 2206.8
1413820 2192.5
1413830 2192.5
1413840 2187.7
1413850 2184.7
1413860 2183.5
1413870 2183.5
1413880 2180.1
1413890 2177.6
1413900 2177.6
1413910 2176.8
1413920 2177.3
1413930 2177.3
1413940 2173.4
1413950 2169.1
1413960 2169.1
1413970 2164.6
1413980 2160.7
1413990 2160.7
1414000 2156.7
1414010 2149.7
1414020 2149.7
1414030 2142.4
1414040 2133.9
1414050 2133.9
1414060 2118.1
1414070 2107.9
1414080 2107.9
1414090 2096.5
1414100 2086.2
1414110 2075.6
1414120 2075.6
1414130 2067.1
1414140 2061.3
1414150 2061.3
1414160 2056.1
1414170 2051.1
1414180 2051.1
1414190 2045.5
1414200 2042.8
1414210 2042.8
1414220 2041.9
1414230 2037.5
1414240 2037.5
1414250 2036.2
1414260 2036.4
1414270 2036.4
1414280 2031.0
1414290 2023.5
1414300 2023.5
1414310 2017.6
1414320 2018.3
1414330 2018.1
1414340 2018.1
1414350 2015.2
1414360 2014.8
1414370 2014.8
1414380 2011.9
1414390 2004.4
1414400 2004.4
1414410 1996.5
1414420 1990.4
1414430 1990.4
1414440 1994.5
1414450 1996.0
1414460 1996.0
1414470 1991.3
1414480 1989.7
1414490 1989.7
1414500 1985.7
1414510 1977.8
1414520 1977.8
1414530 1963.6
1414540 1953.4
1414550 1953.4
1414560 1945.7
1414570 1939.5
1414580 1934.0
1414590 1934.0
1414600 1929.2
1414610 1924.3
1414620 1924.3
1414630 1919.5
1414640 1915.8
1414650 1915.8
1414660 1912.7
1414670 1909.0
1414680 1909.0
1414690 1904.4
1414700 1899.6
1414710 1899.6
1414720 1894.1
1414730 1888.1
1414740 1888.1
1414750 1882.2
1414760 1877.2
1414770 1877.2
1414780 1873.2
1414790 1869.4
1414800 1866.4
1414810 1866.4
1414820 1864.1
1414830 1861.7
1414840 1861.7
1414850 1856.8
1414860 1849.1
1414870 1849.1
1414880 1846.3
1414890 1841.4
1414900 1841.4
1414910 1836.6
1414920 1831.8
1414930 1831.8
1414940 1827.5
1414950 1824.6
1414960 1824.6
1414970 1822.1
1414980 1819.9
1414990 1819.9
1415000 1818.5
1415010 1816.6
1415020 1816.6
1415030 1815.5
1415040 1814.1
1415050 1813.4
1415060 1813.4
1415070 1812.8
1415080 1811.5
1415090 1811.5
1415100 1809.8
1415110 1808.8
1415120 1808.8
1415130 1806.3
1415140 1804.4
1415150 1804.4
1415160 1803.5
1415170 1802.2
1415180 1802.2
1415190 1800.6
1415200 1800.5
1415210 1800.5
1415220 1800.9
1415230 1801.3
1415240 1801.3
1415250 1800.4
1415260 1797.9
1415270 1795.4
1415280 1795.4
1415290 1792.8
1415300 1789.7
1415310 1789.7
1415320 1787.9
1415330 1782.4
1415340 1782.4
1415350 1773.8
1415360 1766.6
1415370 1766.6
1415380 1761.2
1415390 1757.6
1415400 1757.6
1415410 1753.5
1415420 1741.7
1415430 1741.7
1415440 1731.1
1415450 1722.3
1415460 1722.3
1415470 1714.7
1415480 1708.1
1415490 1708.1
1415500 1701.7
1415510 1693.8
1415520 1685.8
1415530 1685.8
1415540 1678.6
1415550 1670.8
1415560 1670.8
1415570 1665.0
1415580 1664.8
1415590 1664.8
1415600 1664.8
1415610 1664.8
1415620 1664.8
1415630 1664.8
1415640 1664.8
1415650 1664.8
1415660 1664.8
1415670 1664.8
1415680 1664.8
1415690 1664.8
1415700 1664.8
1415710 1664.8
1415720 1664.8
1415730 1664.8
1415740 1664.8
1415750 1664.8
1415760 1664.8
1415770 1664.8
1415780 1664.8
1415790 1664.8
1415800 1664.8
1415810 1664.8
1415820 1664.8
1415830 1664.8
1415840 1664.8
1415850 1664.8
1415860 1664.8
1415870 1664.8
1415880 1664.8
1415890 1664.8
1415900 1664.8
1415910 1664.8
1415920 1664.8
1415930 1664.8
1415940 1664.8
1415950 1664.7
1415960 1664.7
1415970 1664.7
1415980 1664.7
1415990 1664.8
1416000 1664.8
1416010 1664.7
1416020 1664.9
1416030 1664.9
1416040 1669.4
1416050 1679.9
1416060 1679.9
1416070 1690.0
1416080 1702.2
1416090 1702.2
1416100 1717.5
1416110 1732.5
1416120 1732.5
1416130 1742.8
1416140 1747.4
1416150 1747.4
1416160 1746.3
1416170 1749.3
1416180 1749.3
1416190 1751.7
1416200 1754.5
1416210 1754.5
1416220 1758.0
1416230 1760.6
1416240 1763.0
1416250 1763.0
1416260 1765.0
1416270 1768.1
1416280 1768.1
1416290 1770.3
1416300 1770.4
1416310 1770.4
1416320 1770.5
1416330 1770.2
1416340 1770.2
1416350 1764.7
1416360 1759.6
1416370 1759.6
1416380 1756.1
1416390 1743.4
1416400 1743.4
1416410 1714.2
1416420 1701.5
1416430 1701.5
1416440 1693.4
1416450 1685.2
1416460 1679.3
1416470 1679.3
1416480 1673.2
1416490 1667.3
1416500 1667.3
1416510 1665.2
1416520 1665.0
1416530 1665.0
1416540 1666.6
1416550 1666.0
1416560 1666.0
1416570 1664.8
1416580 1664.8
1416590 1664.8
1416600 1665.0
1416610 1667.5
1416620 1667.5
1416630 1673.3
1416640 1677.2
1416650 1677.2
1416660 1680.2
1416670 1682.9
1416680 1682.9
1416690 1685.3
1416700 1687.5
1416710 1689.5
1416720 1689.5
1416730 1690.9
1416740 1692.0
1416750 1692.0
1416760 1694.5
1416770 1697.4
1416780 1697.4
1416790 1701.3
1416800 1706.7
1416810 1706.7
1416820 1713.1
1416830 1721.6
1416840 1721.6
1416850 1733.1
1416860 1739.4
1416870 1739.4
1416880 1743.9
1416890 1748.8
1416900 1748.8
1416910 1752.1
1416920 1754.2
1416930 1756.0
1416940 1756.0
1416950 1757.8
1416960 1761.5
1416970 1761.5
1416980 1765.7
1416990 1769.3
1417000 1769.3
1417010 1772.1
1417020 1775.5
1417030 1775.5
1417040 1778.9
1417050 1780.7
1417060 1780.7
1417070 1782.4
1417080 1784.1
1417090 1784.1
1417100 1787.2
1417110 1790.5
1417120 1790.5
1417130 1793.1
1417140 1794.4
1417150 1794.4
1417160 1796.6
1417170 1800.7
1417180 1807.4
1417190 1807.4
1417200 1812.6
1417210 1814.2
1417220 1814.2
1417230 1813.3
1417240 1812.3
1417250 1812.3
1417260 1812.1
1417270 1812.6
1417280 1812.6
1417290 1813.5
1417300 1817.1
1417310 1817.1
1417320 1824.5
1417330 1831.4
1417340 1831.4
1417350 1830.5
1417360 1831.7
1417370 1831.7
1417380 1835.6
1417390 1841.3
1417400 1841.3
1417410 1846.8
1417420 1852.2
1417430 1856.8
1417440 1856.8
1417450 1860.3
1417460 1864.9
1417470 1864.9
1417480 1871.1
1417490 1878.8
1417500 1878.8
1417510 1884.0
1417520 1892.4
1417530 1892.4
1417540 1899.0
1417550 1905.4
1417560 1905.4
1417570 1911.7
1417580 1917.3
1417590 1917.3
1417600 1923.5
1417610 1929.8
1417620 1929.8
1417630 1936.4
1417640 1943.4
1417650 1951.7
1417660 1951.7
1417670 1960.5
1417680 1969.5
1417690 1969.5
1417700 1977.9
1417710 1987.7
1417720 1987.7
1417730 2000.1
1417740 2012.9
1417750 2012.9
1417760 2019.9
1417770 2026.1
1417780 2026.1
1417790 2032.7
1417800 2039.9
1417810 2039.9
1417820 2046.7
1417830 2052.1
1417840 2052.1
1417850 2056.9
1417860 2062.4
1417870 2062.4
1417880 2068.1
1417890 2073.5
1417900 2079.0
1417910 2079.0
1417920 2084.4
1417930 2089.9
1417940 2089.9
1417950 2096.2
1417960 2102.0
1417970 2102.0
1417980 2107.5
1417990 2113.0
1418000 2113.0
1418010 2118.2
1418020 2123.7
1418030 2123.7
1418040 2129.9
1418050 2137.7
1418060 2137.7
1418070 2148.1
1418080 2157.1
1418090 2157.1
1418100 2164.2
1418110 2173.0
1418120 2180.5
1418130 2180.5
1418140 2187.3
1418150 2193.2
1418160 2193.2
1418170 2198.9
1418180 2204.9
1418190 2204.9
1418200 2210.8
1418210 2216.8
1418220 2216.8
1418230 2223.6
1418240 2230.6
1418250 2230.6
1418260 2237.7
1418270 2244.3
1418280 2244.3
1418290 2249.9
1418300 2255.6
1418310 2255.6
1418320 2262.8
1418330 2268.8
1418340 2268.8
1418350 2274.2
1418360 2279.3
1418370 2285.6
1418380 2285.6
1418390 2294.0
1418400 2302.2
1418410 2302.2
1418420 2310.1
1418430 2317.5
1418440 2317.5
1418450 2324.6
1418460 2331.9
1418470 2331.9
1418480 2338.8
1418490 2346.1
1418500 2346.1
1418510 2353.5
1418520 2360.8
1418530 2360.8
1418540 2368.3
1418550 2375.7
1418560 2375.7
1418570 2383.0
1418580 2390.2
1418590 2390.2
1418600 2397.4
1418610 2404.9
1418620 2412.3
1418630 2412.3
1418640 2419.7
1418650 2427.4
1418660 2427.4
1418670 2434.9
1418680 2442.1
1418690 2442.1
1418700 2449.1
1418710 2456.3
1418720 2456.3
1418730 2463.3
1418740 2470.4
1418750 2470.4
1418760 2477.5
1418770 2484.7
1418780 2484.7
1418790 2491.9
1418800 2499.3
1418810 2499.3
1418820 2506.6
1418830 2513.8
1418840 2520.9
1418850 2520.9
1418860 2528.2
1418870 2535.3
1418880 2535.3
1418890 2542.6
1418900 2549.8
1418910 2549.8
1418920 2557.1
1418930 2564.4
1418940 2564.4
1418950 2571.9
1418960 2579.5
1418970 2579.5
1418980 2586.9
1418990 2594.5
1419000 2594.5
1419010 2602.3
1419020 2610.1
1419030 2610.1
1419040 2618.3
1419050 2626.5
1419060 2626.5
1419070 2634.8
1419080 2642.8
1419090 2650.6
1419100 2650.6
1419110 2658.1
1419120 2665.7
1419130 2665.7
1419140 2673.5
1419150 2680.7
1419160 2680.7
1419170 2687.1
1419180 2694.0
1419190 2694.0
1419200 2701.2
1419210 2708.8
1419220 2708.8
1419230 2715.7
1419240 2722.1
1419250 2722.1
1419260 2728.6
1419270 2734.2
1419280 2734.2
1419290 2739.4
1419300 2744.8
1419310 2750.5
1419320 2750.5
1419330 2756.4
1419340 2762.2
1419350 2762.2
1419360 2768.3
1419370 2774.0
1419380 2774.0
1419390 2779.6
1419400 2785.7
1419410 2785.7
1419420 2791.9
1419430 2798.0
1419440 2791.9
1419450 2798.1
1419460 2804.6
1419470 2804.6
1419480 2811.6
1419490 2818.8
1419500 2818.8
1419510 2826.6
1419520 2834.0
1419530 2834.0
1419540 2841.6
1419550 2849.6
1419560 2858.2
1419570 2858.2
1419580 2866.7
1419590 2875.1
1419600 2875.1
1419610 2883.6
1419620 2892.4
1419630 2892.4
1419640 2900.4
1419650 2909.1
1419660 2909.1
1419670 2918.0
1419680 2926.2
1419690 2926.2
1419700 2935.7
1419710 2945.4
1419720 2945.4
1419730 2953.9
1419740 2962.1
1419750 2962.1
1419760 2970.1
1419770 2976.9
1419780 2984.4
1419790 2984.4
1419800 2993.4
1419810 3000.8
1419820 3000.8
1419830 3008.1
1419840 3015.5
1419850 3015.5
1419860 3022.7
1419870 3030.5
1419880 3030.5
1419890 3037.6
1419900 3044.6
1419910 3044.6
1419920 3051.2
1419930 3058.4
1419940 3058.4
1419950 3065.9
1419960 3072.4
1419970 3072.4
1419980 3079.4
1419990 3086.8
