1400000 1484.4
1400010 1476.7
1400020 1476.7
1400030 1470.2
1400040 1464.2
1400050 1464.2
1400060 1458.5
1400070 1452.1
1400080 1452.1
1400090 1445.7
1400100 1439.0
1400110 1439.0
1400120 1431.5
1400130 1424.0
1400140 1417.9
1400150 1417.9
1400160 1411.7
1400170 1405.1
1400180 1405.1
1400190 1399.3
1400200 1393.7
1400210 1393.7
1400220 1386.9
1400230 1380.5
1400240 1380.5
1400250 1373.0
1400260 1368.9
1400270 1368.9
1400280 1366.0
1400290 1363.2
1400300 1363.2
1400310 1360.0
1400320 1357.1
1400330 1357.1
1400340 1353.4
1400350 1350.5
1400360 1350.5
1400370 1348.4
1400380 1347.1
1400390 1344.8
1400400 1344.8
1400410 1342.1
1400420 1339.2
1400430 1339.2
1400440 1336.5
1400450 1334.3
1400460 1334.3
1400470 1332.7
1400480 1330.6
1400490 1330.6
1400500 1328.6
1400510 1326.7
1400520 1326.7
1400530 1325.6
1400540 1323.9
1400550 1323.9
1400560 1322.9
1400570 1326.4
1400580 1326.4
1400590 1332.8
1400600 1340.5
1400610 1350.1
1400620 1350.1
1400630 1359.4
1400640 1365.7
1400650 1365.7
1400660 1371.8
1400670 1376.5
1400680 1376.5
1400690 1379.7
1400700 1381.8
1400710 1381.8
1400720 1383.0
1400730 1386.5
1400740 1386.5
1400750 1388.6
1400760 1389.8
1400770 1389.8
1400780 1391.5
1400790 1393.2
1400800 1393.2
1400810 1397.0
1400820 1403.7
1400830 1403.7
1400840 1409.5
1400850 1417.1
1400860 1423.8
1400870 1423.8
1400880 1430.1
1400890 1435.2
1400900 1435.2
1400910 1439.0
1400920 1442.6
1400930 1442.6
1400940 1446.6
1400950 1452.6
1400960 1452.6
1400970 1457.9
1400980 1462.9
1400990 1462.9
1401000 1467.0
1401010 1470.1
1401020 1470.1
1401030 1473.4
1401040 1477.8
1401050 1477.8
1401060 1481.4
1401070 1485.9
1401080 1485.9
1401090 1488.7
1401100 1492.2
1401110 1495.8
1401120 1495.8
1401130 1500.6
1401140 1506.1
1401150 1510.6
1401160 1516.1
1401170 1520.9
1401180 1520.9
1401190 1525.4
1401200 1530.3
1401210 1530.3
1401220 1534.5
1401230 1538.9
1401240 1538.9
1401250 1544.0
1401260 1549.9
1401270 1549.9
1401280 1555.8
1401290 1561.5
1401300 1561.5
1401310 1567.4
1401320 1573.4
1401330 1579.6
1401340 1579.6
1401350 1586.2
1401360 1592.6
1401370 1592.6
1401380 1598.1
1401390 1603.6
1401400 1603.6
1401410 1609.3
1401420 1614.5
1401430 1614.5
1401440 1619.6
1401450 1624.7
1401460 1624.7
1401470 1629.9
1401480 1634.9
1401490 1634.9
1401500 1640.0
1401510 1645.7
1401520 1645.7
1401530 1652.2
1401540 1658.0
1401550 1658.0
1401560 1664.1
1401570 1670.7
1401580 1677.2
1401590 1677.2
1401600 1683.0
1401610 1688.1
1401620 1688.1
1401630 1692.4
1401640 1697.1
1401650 1697.1
1401660 1702.1
1401670 1707.8
1401680 1707.8
1401690 1713.3
1401700 1720.1
1401710 1720.1
1401720 1730.3
1401730 1739.5
1401740 1739.5
1401750 1748.4
1401760 1756.3
1401770 1756.3
1401780 1765.0
1401790 1773.8
1401800 1773.8
1401810 1781.6
1401820 1788.6
1401830 1797.4
1401840 1797.4
1401850 1804.4
1401860 1807.6
1401870 1807.6
1401880 1809.3
1401890 1815.5
1401900 1815.5
1401910 1826.0
1401920 1829.3
1401930 1829.3
1401940 1826.2
1401950 1820.7
1401960 1820.7
1401970 1814.7
1401980 1809.2
1401990 1809.2
1402000 1804.3
1402010 1799.5
1402020 1799.5
1402030 1795.9
1402040 1793.3
1402050 1791.3
1402060 1791.3
1402070 1789.9
1402080 1788.9
1402090 1788.9
1402100 1787.3
1402110 1783.9
1402120 1783.9
1402130 1778.6
1402140 1772.8
1402150 1772.8
1402160 1766.3
1402170 1759.8
1402180 1759.8
1402190 1754.5
1402200 1750.3
1402210 1750.3
1402220 1746.0
1402230 1742.1
1402240 1742.1
1402250 1737.5
1402260 1731.5
1402270 1731.5
1402280 1723.8
1402290 1717.1
1402300 1709.8
1402310 1709.8
1402320 1702.7
1402330 1697.2
1402340 1697.2
1402350 1692.1
1402360 1686.9
1402370 1686.9
1402380 1681.5
1402390 1678.7
1402400 1678.7
1402410 1675.3
1402420 1670.4
1402430 1670.4
1402440 1665.2
1402450 1660.0
1402460 1660.0
1402470 1657.5
1402480 1655.4
1402490 1655.4
1402500 1653.3
1402510 1651.1
1402520 1651.1
1402530 1650.6
1402540 1650.5
1402550 1650.1
1402560 1650.1
1402570 1648.8
1402580 1646.5
1402590 1646.5
1402600 1643.8
1402610 1641.7
1402620 1641.7
1402630 1639.7
1402640 1639.4
1402650 1639.4
1402660 1641.9
1402670 1644.7
1402680 1644.7
1402690 1646.9
1402700 1650.5
1402710 1650.5
1402720 1654.6
1402730 1657.3
1402740 1657.3
1402750 1659.2
1402760 1657.5
1402770 1650.7
1402780 1650.7
1402790 1644.8
1402800 1641.3
1402810 1641.3
1402820 1640.0
1402830 1640.0
1402840 1640.0
1402850 1638.2
1402860 1634.8
1402870 1634.8
1402880 1632.1
1402890 1631.2
1402900 1631.2
1402910 1628.5
1402920 1625.4
1402930 1625.4
1402940 1623.8
1402950 1619.3
1402960 1619.3
1402970 1616.0
1402980 1614.9
1402990 1614.9
1403000 1615.2
1403010 1615.6
1403020 1612.2
1403030 1612.2
1403040 1607.9
1403050 1605.0
1403060 1605.0
1403070 1602.0
1403080 1596.5
1403090 1596.5
1403100 1591.4
1403110 1585.5
1403120 1585.5
1403130 1578.2
1403140 1572.6
1403150 1572.6
1403160 1570.0
1403170 1564.9
1403180 1564.9
1403190 1561.4
1403200 1557.5
1403210 1557.5
1403220 1554.0
1403230 1550.8
1403240 1549.6
1403250 1549.6
1403260 1550.2
1403270 1551.1
1403280 1551.1
1403290 1550.8
1403300 1548.7
1403310 1548.7
1403320 1547.2
1403330 1545.8
1403340 1545.8
1403350 1545.2
1403360 1543.7
1403370 1543.7
1403380 1538.6
1403390 1534.7
1403400 1534.7
1403410 1536.6
1403420 1536.3
1403430 1536.3
1403440 1533.5
1403450 1532.2
1403460 1532.2
1403470 1530.2
1403480 1528.2
1403490 1526.4
1403500 1526.4
1403510 1528.0
1403520 1529.7
1403530 1529.7
1403540 1531.7
1403550 1531.2
1403560 1531.2
1403570 1530.1
1403580 1528.2
1403590 1528.2
1403600 1524.1
1403610 1520.2
1403620 1520.2
1403630 1517.1
1403640 1516.0
1403650 1516.0
1403660 1514.5
1403670 1514.5
1403680 1514.5
1403690 1516.0
1403700 1513.5
1403710 1513.5
1403720 1507.9
1403730 1501.2
1403740 1496.5
1403750 1496.5
1403760 1495.8
1403770 1495.2
1403780 1495.2
1403790 1495.7
1403800 1495.3
1403810 1495.3
1403820 1492.1
1403830 1488.0
1403840 1488.0
1403850 1485.2
1403860 1485.9
1403870 1485.9
1403880 1487.5
1403890 1488.3
1403900 1488.3
1403910 1487.0
1403920 1486.5
1403930 1486.5
1403940 1486.1
1403950 1486.1
1403960 1486.9
1403970 1486.9
1403980 1488.7
1403990 1489.8
1404000 1489.8
1404010 1490.2
1404020 1490.1
1404030 1490.1
1404040 1490.6
1404050 1492.8
1404060 1492.8
1404070 1496.8
1404080 1500.5
1404090 1500.5
1404100 1503.6
1404110 1507.1
1404120 1507.1
1404130 1511.3
1404140 1516.6
1404150 1516.6
1404160 1522.6
1404170 1528.1
1404180 1528.1
1404190 1534.3
1404200 1539.3
1404210 1538.7
1404220 1538.7
1404230 1534.3
1404240 1529.2
1404250 1529.2
1404260 1531.0
1404270 1529.1
1404280 1529.1
1404290 1527.3
1404300 1527.6
1404310 1527.6
1404320 1529.5
1404330 1531.1
1404340 1531.1
1404350 1532.8
1404360 1534.7
1404370 1534.7
1404380 1536.2
1404390 1538.3
1404400 1538.3
1404410 1540.9
1404420 1544.6
1404430 1544.6
1404440 1550.2
1404450 1554.6
1404460 1554.6
1404470 1554.6
1404480 1533.2
1404490 1511.6
1404500 1511.6
1404510 1494.3
1404520 1485.2
1404530 1485.2
1404540 1479.7
1404550 1467.2
1404560 1467.2
1404570 1452.2
1404580 1443.8
1404590 1443.8
1404600 1438.8
1404610 1432.7
1404620 1432.7
1404630 1426.0
1404640 1419.5
1404650 1419.5
1404660 1412.6
1404670 1404.8
1404680 1397.5
1404690 1397.5
1404700 1392.6
1404710 1387.7
1404720 1387.7
1404730 1382.0
1404740 1376.1
1404750 1376.1
1404760 1370.6
1404770 1365.1
1404780 1365.1
1404790 1359.5
1404800 1354.5
1404810 1354.5
1404820 1351.1
1404830 1347.9
1404840 1347.9
1404850 1344.3
1404860 1340.1
1404870 1340.1
1404880 1336.5
1404890 1333.8
1404900 1333.8
1404910 1329.4
1404920 1324.7
1404930 1320.4
1404940 1320.4
1404950 1315.5
1404960 1311.4
1404970 1311.4
1404980 1309.3
1404990 1306.0
1405000 1306.0
1405010 1302.8
1405020 1299.7
1405030 1299.7
1405040 1297.0
1405050 1293.0
1405060 1293.0
1405070 1289.0
1405080 1285.5
1405090 1285.5
1405100 1281.9
1405110 1278.4
1405120 1278.4
1405130 1275.2
1405140 1272.7
1405150 1272.7
1405160 1272.1
1405170 1274.1
1405180 1276.4
1405190 1276.4
1405200 1274.9
1405210 1274.6
1405220 1274.6
1405230 1269.8
1405240 1253.8
1405250 1253.8
1405260 1241.9
1405270 1237.8
1405280 1237.8
1405290 1236.1
1405300 1237.1
1405310 1237.1
1405320 1247.2
1405330 1261.8
1405340 1261.8
1405350 1265.9
1405360 1267.1
1405370 1267.1
1405380 1265.9
1405390 1263.0
1405400 1263.1
1405410 1263.1
1405420 1264.7
1405430 1266.7
1405440 1266.7
1405450 1269.8
1405460 1274.2
1405470 1274.2
1405480 1279.3
1405490 1284.8
1405500 1284.8
1405510 1290.7
1405520 1296.4
1405530 1296.4
1405540 1300.9
1405550 1303.2
1405560 1303.2
1405570 1305.0
1405580 1307.7
1405590 1307.7
1405600 1310.2
1405610 1314.7
1405620 1314.7
1405630 1321.6
1405640 1328.1
1405650 1333.3
1405660 1333.3
1405670 1336.9
1405680 1342.2
1405690 1342.2
1405700 1348.7
1405710 1354.7
1405720 1354.7
1405730 1359.7
1405740 1364.3
1405750 1364.3
1405760 1369.6
1405770 1374.2
1405780 1374.2
1405790 1378.5
1405800 1383.5
1405810 1383.5
1405820 1388.5
1405830 1393.9
1405840 1393.9
1405850 1398.4
1405860 1404.3
1405870 1404.3
1405880 1409.6
1405890 1414.8
1405900 1419.9
1405910 1419.9
1405920 1425.1
1405930 1430.7
1405940 1430.7
1405950 1436.8
1405960 1443.2
1405970 1443.2
1405980 1449.5
1405990 1455.9
1406000 1455.9
1406010 1463.0
1406020 1469.7
1406030 1469.7
1406040 1476.1
1406050 1481.9
1406060 1481.9
1406070 1487.3
1406080 1492.5
1406090 1492.5
1406100 1498.9
1406110 1505.6
1406120 1511.3
1406130 1511.3
1406140 1516.4
1406150 1522.0
1406160 1522.0
1406170 1527.4
1406180 1533.1
1406190 1533.1
1406200 1539.7
1406210 1545.8
1406220 1545.8
1406230 1551.4
1406240 1557.4
1406250 1557.4
1406260 1562.5
1406270 1567.5
1406280 1567.5
1406290 1572.2
1406300 1576.5
1406310 1576.5
1406320 1581.1
1406330 1586.1
1406340 1586.1
1406350 1591.0
1406360 1595.9
1406370 1600.8
1406380 1600.8
1406390 1605.1
1406400 1606.9
1406410 1606.9
1406420 1607.7
1406430 1609.0
1406440 1609.0
1406450 1611.2
1406460 1613.9
1406470 1613.9
1406480 1616.4
1406490 1620.2
1406500 1620.2
1406510 1627.2
1406520 1634.7
1406530 1634.7
1406540 1643.8
1406550 1653.7
1406560 1653.7
1406570 1658.9
1406580 1663.9
1406590 1663.9
1406600 1669.5
1406610 1674.6
1406620 1679.9
1406630 1679.9
1406640 1684.8
1406650 1689.9
1406660 1689.9
1406670 1696.4
1406680 1705.0
1406690 1705.0
1406700 1712.5
1406710 1720.0
1406720 1720.0
1406730 1726.7
1406740 1733.4
1406750 1733.4
1406760 1740.9
1406770 1747.5
1406780 1747.5
1406790 1752.3
1406800 1756.8
1406810 1756.8
1406820 1763.4
1406830 1770.0
1406840 1775.7
1406850 1775.7
1406860 1781.0
1406870 1786.4
1406880 1786.4
1406890 1792.6
1406900 1799.9
1406910 1799.9
1406920 1806.7
1406930 1813.6
1406940 1813.6
1406950 1820.7
1406960 1827.7
1406970 1827.7
1406980 1834.9
1406990 1840.7
1407000 1840.7
1407010 1845.9
1407020 1851.7
1407030 1851.7
1407040 1856.9
1407050 1862.0
1407060 1862.0
1407070 1868.0
1407080 1873.7
1407090 1880.7
1407100 1880.7
1407110 1886.4
1407120 1891.3
1407130 1891.3
1407140 1896.6
1407150 1901.8
1407160 1901.8
1407170 1906.3
1407180 1910.8
1407190 1910.8
1407200 1915.6
1407210 1918.6
1407220 1918.6
1407230 1921.7
1407240 1927.6
1407250 1927.6
1407260 1934.0
1407270 1941.7
1407280 1941.7
1407290 1946.2
1407300 1949.2
1407310 1952.2
1407320 1952.2
1407330 1955.3
1407340 1959.3
1407350 1959.3
1407360 1964.3
1407370 1970.3
1407380 1970.3
1407390 1977.3
1407400 1984.5
1407410 1984.5
1407420 1990.1
1407430 1994.8
1407440 1994.8
1407450 1997.6
1407460 2000.8
1407470 2000.8
1407480 2003.3
1407490 2009.1
1407500 2009.1
1407510 2013.4
1407520 2018.0
1407530 2018.0
1407540 2021.7
1407550 2025.1
1407560 2030.3
1407570 2030.3
1407580 2035.8
1407590 2035.1
1407600 2035.1
1407610 2032.1
1407620 2030.3
1407630 2030.3
1407640 2032.8
1407650 2037.8
1407660 2037.8
1407670 2043.2
1407680 2048.8
1407690 2048.8
1407700 2054.6
1407710 2060.6
1407720 2060.6
1407730 2066.2
1407740 2073.0
1407750 2073.0
1407760 2081.1
1407770 2088.1
1407780 2088.1
1407790 2096.0
1407800 2104.7
1407810 2110.4
1407820 2110.4
1407830 2115.1
1407840 2119.9
1407850 2119.9
1407860 2123.1
1407870 2128.0
1407880 2128.0
1407890 2133.6
1407900 2142.8
1407910 2142.8
1407920 2148.9
1407930 2153.5
1407940 2153.5
1407950 2152.4
1407960 2149.9
1407970 2149.9
1407980 2146.5
1407990 2141.6
1408000 2141.6
1408010 2132.2
1408020 2120.9
1408030 2110.0
1408040 2110.0
1408050 2099.3
1408060 2099.3
1408070 2099.3
1408080 2105.2
1408090 2109.2
1408100 2109.2
1408110 2117.3
1408120 2117.7
1408130 2117.7
1408140 2112.2
1408150 2105.6
1408160 2105.6
1408170 2098.8
1408180 2088.7
1408190 2088.7
1408200 2078.6
1408210 2080.2
1408220 2080.2
1408230 2083.8
1408240 2096.1
1408250 2096.1
1408260 2093.5
1408270 2086.1
1408280 2080.7
1408290 2080.7
1408300 2076.2
1408310 2072.4
1408320 2072.4
1408330 2069.6
1408340 2066.4
1408350 2066.4
1408360 2064.0
1408370 2066.3
1408380 2066.3
1408390 2069.7
1408400 2070.2
1408410 2070.2
1408420 2069.3
1408430 2067.3
1408440 2067.3
1408450 2064.2
1408460 2062.1
1408470 2062.1
1408480 2060.2
1408490 2062.5
1408500 2062.5
1408510 2046.8
1408520 2041.4
1408530 2056.8
1408540 2056.8
1408550 2071.5
1408560 2079.7
1408570 2079.7
1408580 2082.6
1408590 2080.8
1408600 2080.8
1408610 2078.9
1408620 2079.2
1408630 2079.2
1408640 2079.5
1408650 2084.0
1408660 2084.0
1408670 2079.6
1408680 2072.6
1408690 2072.6
1408700 2065.1
1408710 2073.4
1408720 2073.4
1408730 2092.1
1408740 2098.7
1408750 2102.8
1408760 2102.8
1408770 2105.9
1408780 2109.5
1408790 2109.5
1408800 2113.1
1408810 2116.5
1408820 2116.5
1408830 2119.9
1408840 2124.5
1408850 2124.5
1408860 2128.7
1408870 2133.1
1408880 2133.1
1408890 2137.0
1408900 2140.2
1408910 2140.2
1408920 2144.4
1408930 2148.4
1408940 2148.4
1408950 2152.9
1408960 2157.8
1408970 2157.8
1408980 2162.7
1408990 2168.2
1409000 2172.0
1409010 2172.0
1409020 2175.2
1409030 2178.9
1409040 2178.9
1409050 2181.7
1409060 2186.1
1409070 2186.1
1409080 2190.9
1409090 2196.5
1409100 2196.5
1409110 2202.6
1409120 2209.4
1409130 2209.4
1409140 2216.7
1409150 2217.1
1409160 2217.1
1409170 2223.0
1409180 2228.3
1409190 2228.3
1409200 2232.9
1409210 2238.5
1409220 2238.5
1409230 2244.8
1409240 2249.4
1409250 2254.3
1409260 2254.3
1409270 2258.1
1409280 2262.8
1409290 2262.8
1409300 2268.0
1409310 2273.9
1409320 2273.9
1409330 2280.3
1409340 2285.0
1409350 2285.0
1409360 2290.2
1409370 2296.9
1409380 2296.9
1409390 2304.8
1409400 2305.4
1409410 2305.4
1409420 2301.9
1409430 2299.2
1409440 2299.2
1409450 2300.7
1409460 2303.1
1409470 2305.4
1409480 2305.4
1409490 2306.1
1409500 2305.8
1409510 2305.8
1409520 2304.8
1409530 2303.2
1409540 2303.2
1409550 2302.3
1409560 2301.3
1409570 2301.3
1409580 2300.7
1409590 2300.1
1409600 2300.1
1409610 2298.6
1409620 2297.0
1409630 2297.0
1409640 2295.3
1409650 2291.5
1409660 2291.5
1409670 2292.5
1409680 2299.6
1409690 2299.6
1409700 2306.5
1409710 2311.8
1409720 2316.4
1409730 2316.4
1409740 2320.4
1409750 2323.1
1409760 2323.1
1409770 2325.3
1409780 2328.4
1409790 2328.4
1409800 2332.7
1409810 2339.1
1409820 2339.1
1409830 2345.9
1409840 2352.3
1409850 2352.3
1409860 2359.8
1409870 2367.4
1409880 2367.4
1409890 2371.7
1409900 2369.0
1409910 2369.0
1409920 2376.5
1409930 2386.3
1409940 2386.3
1409950 2395.8
1409960 2401.8
1409970 2394.0
1409980 2394.0
1409990 2387.9
1410000 2384.5
1410010 2384.5
1410020 2385.7
1410030 2386.6
1410040 2386.6
1410050 2388.3
1410060 2392.6
1410070 2392.6
1410080 2396.1
1410090 2402.2
1410100 2402.2
1410110 2411.3
1410120 2420.5
1410130 2420.5
1410140 2426.8
1410150 2434.0
1410160 2434.0
1410170 2445.5
1410180 2457.4
1410190 2470.9
1410200 2470.9
1410210 2484.3
1410220 2491.2
1410230 2491.2
1410240 2493.9
1410250 2496.8
1410260 2496.8
1410270 2501.0
1410280 2506.8
1410290 2506.8
1410300 2511.4
1410310 2513.5
1410320 2513.5
1410330 2515.9
1410340 2517.8
1410350 2517.8
1410360 2519.7
1410370 2521.6
1410380 2521.6
1410390 2524.0
1410400 2526.4
1410410 2526.4
1410420 2528.6
1410430 2530.2
1410440 2531.6
1410450 2531.6
1410460 2533.4
1410470 2534.1
1410480 2534.1
1410490 2534.7
1410500 2535.4
1410510 2535.4
1410520 2535.8
1410530 2535.8
1410540 2535.8
1410550 2536.5
1410560 2537.7
1410570 2537.7
1410580 2539.2
1410590 2540.6
1410600 2540.6
1410610 2541.4
1410620 2543.0
1410630 2543.0
1410640 2545.0
1410650 2547.4
1410660 2549.8
1410670 2549.8
1410680 2551.8
1410690 2553.6
1410700 2553.6
1410710 2555.3
1410720 2557.9
1410730 2557.9
1410740 2562.2
1410750 2567.4
1410760 2567.4
1410770 2572.7
1410780 2577.9
1410790 2577.9
1410800 2582.9
1410810 2586.8
1410820 2586.8
1410830 2590.5
1410840 2594.0
1410850 2594.0
1410860 2599.4
1410870 2601.9
1410880 2601.9
1410890 2604.5
1410900 2606.0
1410910 2607.6
1410920 2607.6
1410930 2609.3
1410940 2611.2
1410950 2611.2
1410960 2613.3
1410970 2615.6
1410980 2615.6
1410990 2618.0
1411000 2620.4
1411010 2620.4
1411020 2623.0
1411030 2625.7
1411040 2625.7
1411050 2628.6
1411060 2631.3
1411070 2631.3
1411080 2633.9
1411090 2636.4
1411100 2636.4
1411110 2638.8
1411120 2641.0
1411130 2641.0
1411140 2643.0
1411150 2644.8
1411160 2646.9
1411170 2646.9
1411180 2649.1
1411190 2651.5
1411200 2651.5
1411210 2653.5
1411220 2655.3
1411230 2655.3
1411240 2656.5
1411250 2657.4
1411260 2657.4
1411270 2657.7
1411280 2657.7
1411290 2657.7
1411300 2658.8
1411310 2661.1
1411320 2661.1
1411330 2664.1
1411340 2667.7
1411350 2667.7
1411360 2671.7
1411370 2675.7
1411380 2679.8
1411390 2679.8
1411400 2683.7
1411410 2687.6
1411420 2687.6
1411430 2691.3
1411440 2694.2
1411450 2694.2
1411460 2697.3
1411470 2699.8
1411480 2699.8
1411490 2702.1
1411500 2704.2
1411510 2704.2
1411520 2706.2
1411530 2707.7
1411540 2707.7
1411550 2708.8
1411560 2709.3
1411570 2709.3
1411580 2709.3
1411590 2709.6
1411600 2709.6
1411610 2711.7
1411620 2715.0
1411630 2719.6
1411640 2719.6
1411650 2723.8
1411660 2728.1
1411670 2728.1
1411680 2733.2
1411690 2737.9
1411700 2737.9
1411710 2742.2
1411720 2746.3
1411730 2746.3
1411740 2750.4
1411750 2754.4
1411760 2754.4
1411770 2758.6
1411780 2762.8
1411790 2762.8
1411800 2767.6
1411810 2772.7
1411820 2772.7
1411830 2777.7
1411840 2782.7
1411850 2782.7
1411860 2788.8
1411870 2795.3
1411880 2801.3
1411890 2801.3
1411900 2807.1
1411910 2814.0
1411920 2814.0
1411930 2820.3
1411940 2827.4
1411950 2827.4
1411960 2836.3
1411970 2849.9
1411980 2849.9
1411990 2863.6
1412000 2874.0
1412010 2874.0
1412020 2890.5
1412030 2909.6
1412040 2909.6
1412050 2925.6
1412060 2931.5
1412070 2931.5
1412080 2936.2
1412090 2945.0
1412100 2956.0
1412110 2956.0
1412120 2966.8
1412130 2977.6
1412140 2977.6
1412150 2988.0
1412160 2998.3
1412170 2998.3
1412180 3008.4
1412190 3018.7
1412200 3018.7
1412210 3028.1
1412220 3037.6
1412230 3037.6
1412240 3046.7
1412250 3057.2
1412260 3057.2
1412270 3060.3
1412280 3062.6
1412290 3062.6
1412300 3065.1
1412310 3074.2
1412320 3074.2
1412330 3081.8
1412340 3087.6
1412350 3097.5
1412360 3097.5
1412370 3108.9
1412380 3120.9
1412390 3120.9
1412400 3129.3
1412410 3117.5
1412420 3117.5
1412430 3106.5
1412440 3096.4
1412450 3096.4
1412460 3087.1
1412470 3078.8
1412480 3078.8
1412490 3071.6
1412500 3066.4
1412510 3066.4
1412520 3062.1
1412530 3058.2
1412540 3058.2
1412550 3053.5
1412560 3047.4
1412570 3047.4
1412580 3039.0
1412590 3028.3
1412600 3017.8
1412610 3015.2
1412620 3004.6
1412630 2992.5
1412640 2992.5
1412650 2982.3
1412660 2972.8
1412670 2972.8
1412680 2963.4
1412690 2954.1
1412700 2954.1
1412710 2944.6
1412720 2933.5
1412730 2933.5
1412740 2921.7
1412750 2910.0
1412760 2910.0
1412770 2898.1
1412780 2888.0
1412790 2888.0
1412800 2885.4
1412810 2880.5
1412820 2874.3
1412830 2874.3
1412840 2861.1
1412850 2849.4
1412860 2849.4
1412870 2838.9
1412880 2830.5
1412890 2830.5
1412900 2825.3
1412910 2823.5
1412920 2823.5
1412930 2825.5
1412940 2820.6
1412950 2820.6
1412960 2814.4
1412970 2807.2
1412980 2807.2
1412990 2798.8
1413000 2790.7
1413010 2790.7
1413020 2782.8
1413030 2774.8
1413040 2774.8
1413050 2766.9
1413060 2759.0
1413070 2751.5
1413080 2751.5
1413090 2743.3
1413100 2734.3
1413110 2734.3
1413120 2725.1
1413130 2715.6
1413140 2715.6
1413150 2706.6
1413160 2697.5
1413170 2697.5
1413180 2688.3
1413190 2679.3
1413200 2679.3
1413210 2670.2
1413220 2661.5
1413230 2661.5
1413240 2652.5
1413250 2643.3
1413260 2643.3
1413270 2634.0
1413280 2624.8
1413290 2615.8
1413300 2615.8
1413310 2606.9
1413320 2597.9
1413330 2597.9
1413340 2589.5
1413350 2581.0
1413360 2581.0
1413370 2572.5
1413380 2564.0
1413390 2564.0
1413400 2555.7
1413410 2547.0
1413420 2547.0
1413430 2538.3
1413440 2529.0
1413450 2529.0
1413460 2520.1
1413470 2510.6
1413480 2510.6
1413490 2496.8
1413500 2484.6
1413510 2484.6
1413520 2477.3
1413530 2469.8
1413540 2459.4
1413550 2459.4
1413560 2437.7
1413570 2413.8
1413580 2413.8
1413590 2402.1
1413600 2393.5
1413610 2393.5
1413620 2385.3
1413630 2378.1
1413640 2378.1
1413650 2371.4
1413660 2365.4
1413670 2365.4
1413680 2359.5
1413690 2354.3
1413700 2354.3
1413710 2349.6
1413720 2345.2
1413730 2345.2
1413740 2341.2
1413750 2337.8
1413760 2337.8
1413770 2334.7
1413780 2331.3
1413790 2328.8
1413800 2328.8
1413810 2326.5
1413820 2323.8
1413830 2323.8
1413840 2319.5
1413850 2315.2
1413860 2315.2
1413870 2312.5
1413880 2308.9
1413890 2308.9
1413900 2302.7
1413910 2297.1
1413920 2297.1
1413930 2294.2
1413940 2291.4
1413950 2291.4
1413960 2289.3
1413970 2286.9
1413980 2286.9
1413990 2282.1
1414000 2270.3
1414010 2256.5
1414020 2256.5
1414030 2249.3
1414040 2242.2
1414050 2242.2
1414060 2230.7
1414070 2220.4
1414080 2220.4
1414090 2211.6
1414100 2204.1
1414110 2204.1
1414120 2197.7
1414130 2190.0
1414140 2190.0
1414150 2176.2
1414160 2167.8
1414170 2167.8
1414180 2161.8
1414190 2156.3
1414200 2156.3
1414210 2150.9
1414220 2145.8
1414230 2145.8
1414240 2140.2
1414250 2133.4
1414260 2127.8
1414270 2127.8
1414280 2122.7
1414290 2117.1
1414300 2117.1
1414310 2111.2
1414320 2105.5
1414330 2105.5
1414340 2100.2
1414350 2094.9
1414360 2094.9
1414370 2090.1
1414380 2085.3
1414390 2085.3
1414400 2080.6
1414410 2077.2
1414420 2077.2
1414430 2073.9
1414440 2070.9
1414450 2070.9
1414460 2066.4
1414470 2061.3
1414480 2061.3
1414490 2055.3
1414500 2048.8
1414510 2044.0
1414520 2044.0
1414530 2043.0
1414540 2042.4
1414550 2042.4
1414560 2042.4
1414570 2040.2
1414580 2040.2
1414590 2035.5
1414600 2030.1
1414610 2030.1
1414620 2024.0
1414630 2013.3
1414640 2013.3
1414650 1993.6
1414660 1961.6
1414670 1961.6
1414680 1945.1
1414690 1938.5
1414700 1938.5
1414710 1932.6
1414720 1927.7
1414730 1922.0
1414740 1922.0
1414750 1916.7
1414760 1912.4
1414770 1912.4
1414780 1908.1
1414790 1903.0
1414800 1903.0
1414810 1897.4
1414820 1887.2
1414830 1887.2
1414840 1880.5
1414850 1876.3
1414860 1876.3
1414870 1867.3
1414880 1859.2
1414890 1859.2
1414900 1852.4
1414910 1844.2
1414920 1844.2
1414930 1837.4
1414940 1837.3
1414950 1837.3
1414960 1835.7
1414970 1830.6
1414980 1824.0
1414990 1824.0
1415000 1815.5
1415010 1807.6
1415020 1807.6
1415030 1798.8
1415040 1788.6
1415050 1788.6
1415060 1780.9
1415070 1770.8
1415080 1770.8
1415090 1763.1
1415100 1757.0
1415110 1757.0
1415120 1753.1
1415130 1748.6
1415140 1748.6
1415150 1743.2
1415160 1735.5
1415170 1735.5
1415180 1730.9
1415190 1726.0
1415200 1726.0
1415210 1721.7
1415220 1717.1
1415230 1712.7
1415240 1712.7
1415250 1707.4
1415260 1701.9
1415270 1701.9
1415280 1696.4
1415290 1691.3
1415300 1691.3
1415310 1686.9
1415320 1682.0
1415330 1682.0
1415340 1678.4
1415350 1674.5
1415360 1674.5
1415370 1671.9
1415380 1669.8
1415390 1669.8
1415400 1667.2
1415410 1665.2
1415420 1665.2
1415430 1664.8
1415440 1664.8
1415450 1664.8
1415460 1664.8
1415470 1664.8
1415480 1664.8
1415490 1664.8
1415500 1664.8
1415510 1664.8
1415520 1664.8
1415530 1664.8
1415540 1664.8
1415550 1664.8
1415560 1664.8
1415570 1664.8
1415580 1664.8
1415590 1664.8
1415600 1664.8
1415610 1664.8
1415620 1664.8
1415630 1664.8
1415640 1664.8
1415650 1664.8
1415660 1664.8
1415670 1664.8
1415680 1664.8
1415690 1664.8
1415700 1664.8
1415710 1664.8
1415720 1664.8
1415730 1664.8
1415740 1664.8
1415750 1664.8
1415760 1664.8
1415770 1664.8
1415780 1664.8
1415790 1664.8
1415800 1664.8
1415810 1664.8
1415820 1664.8
1415830 1664.8
1415840 1664.8
1415850 1664.8
1415860 1664.8
1415870 1664.8
1415880 1664.8
1415890 1664.8
1415900 1664.8
1415910 1664.8
1415920 1664.8
1415930 1664.8
1415940 1664.8
1415950 1664.8
1415960 1664.8
1415970 1664.8
1415980 1664.8
1415990 1664.8
1416000 1664.8
1416010 1664.8
1416020 1664.8
1416030 1664.8
1416040 1664.8
1416050 1664.8
1416060 1664.8
1416070 1664.8
1416080 1664.8
1416090 1664.8
1416100 1664.8
1416110 1664.8
1416120 1664.8
1416130 1664.8
1416140 1664.8
1416150 1664.8
1416160 1664.8
1416170 1664.8
1416180 1664.8
1416190 1664.8
1416200 1664.8
1416210 1664.8
1416220 1664.8
1416230 1664.8
1416240 1664.8
1416250 1664.8
1416260 1664.8
1416270 1664.8
1416280 1664.8
1416290 1664.8
1416300 1664.8
1416310 1664.8
1416320 1664.8
1416330 1664.8
1416340 1664.8
1416350 1664.8
1416360 1664.8
1416370 1665.8
1416380 1669.6
1416390 1669.6
1416400 1676.3
1416410 1683.6
1416420 1691.4
1416430 1691.4
1416440 1697.2
1416450 1701.2
1416460 1701.2
1416470 1704.6
1416480 1707.7
1416490 1707.7
1416500 1710.9
1416510 1714.2
1416520 1714.2
1416530 1716.9
1416540 1718.9
1416550 1718.9
1416560 1718.8
1416570 1718.7
1416580 1718.7
1416590 1727.1
1416600 1735.0
1416610 1735.0
1416620 1742.6
1416630 1750.4
1416640 1758.4
1416650 1758.4
1416660 1765.9
1416670 1774.7
1416680 1774.7
1416690 1782.7
1416700 1790.1
1416710 1790.1
1416720 1798.3
1416730 1807.7
1416740 1807.7
1416750 1815.9
1416760 1823.5
1416770 1823.5
1416780 1831.3
1416790 1839.4
1416800 1839.4
1416810 1847.2
1416820 1854.2
1416830 1854.2
1416840 1862.9
1416850 1873.4
1416860 1873.4
1416870 1882.6
1416880 1890.9
1416890 1898.9
1416900 1898.9
1416910 1906.7
1416920 1914.7
1416930 1914.7
1416940 1923.0
1416950 1932.8
1416960 1932.8
1416970 1942.3
1416980 1950.0
1416990 1950.0
1417000 1956.6
1417010 1963.8
1417020 1963.8
1417030 1969.2
1417040 1974.2
1417050 1974.2
1417060 1980.0
1417070 1986.6
1417080 1986.6
1417090 1993.6
1417100 2000.4
1417110 2000.4
1417120 2006.9
1417130 2014.8
1417140 2024.6
1417150 2024.6
1417160 2033.2
1417170 2040.5
1417180 2040.5
1417190 2048.0
1417200 2056.0
1417210 2056.0
1417220 2063.1
1417230 2068.9
1417240 2068.9
1417250 2075.3
1417260 2083.3
1417270 2083.3
1417280 2092.9
1417290 2101.2
1417300 2101.2
1417310 2109.4
1417320 2117.6
1417330 2117.6
1417340 2124.4
1417350 2130.6
1417360 2138.7
1417370 2138.7
1417380 2146.5
1417390 2153.6
1417400 2153.6
1417410 2161.0
1417420 2168.0
1417430 2168.0
1417440 2175.7
1417450 2184.5
1417460 2184.5
1417470 2194.4
1417480 2202.3
1417490 2202.3
1417500 2210.1
1417510 2219.3
1417520 2219.3
1417530 2227.0
1417540 2234.2
1417550 2234.2
1417560 2241.6
1417570 2248.9
1417580 2248.9
1417590 2255.9
1417600 2262.8
1417610 2269.7
1417620 2269.7
1417630 2276.8
1417640 2284.4
1417650 2284.4
1417660 2291.9
1417670 2299.5
1417680 2299.5
1417690 2304.6
1417700 2308.2
1417710 2308.2
1417720 2313.9
1417730 2321.9
1417740 2321.9
1417750 2330.7
1417760 2337.5
1417770 2337.5
1417780 2343.6
1417790 2348.7
1417800 2348.7
1417810 2353.0
1417820 2357.0
1417830 2357.0
1417840 2360.5
1417850 2363.4
1417860 2366.3
1417870 2366.3
1417880 2369.0
1417890 2372.0
1417900 2372.0
1417910 2375.2
1417920 2378.5
1417930 2378.5
1417940 2381.5
1417950 2384.5
1417960 2384.5
1417970 2387.3
1417980 2390.0
1417990 2390.0
1418000 2392.5
1418010 2394.7
1418020 2394.7
1418030 2397.2
1418040 2399.4
1418050 2399.4
1418060 2401.1
1418070 2404.0
1418080 2405.9
1418090 2405.9
1418100 2407.2
1418110 2408.5
1418120 2400.1
1418130 2402.4
1418140 2405.6
1418150 2405.6
1418160 2410.2
1418170 2414.1
1418180 2414.1
1418190 2413.3
1418200 2413.0
1418210 2413.0
1418220 2413.3
1418230 2414.7
1418240 2414.7
1418250 2414.3
1418260 2411.9
1418270 2411.9
1418280 2410.7
1418290 2411.5
1418300 2411.5
1418310 2413.1
1418320 2415.2
1418330 2417.4
1418340 2417.4
1418350 2419.8
1418360 2422.4
1418370 2422.4
1418380 2425.3
1418390 2427.4
1418400 2427.4
1418410 2430.5
1418420 2433.6
1418430 2433.6
1418440 2436.6
1418450 2439.8
1418460 2439.8
1418470 2444.8
1418480 2447.8
1418490 2447.8
1418500 2450.2
1418510 2454.4
1418520 2454.4
1418530 2459.4
1418540 2464.3
1418550 2464.3
1418560 2468.8
1418570 2473.0
1418580 2478.6
1418590 2478.6
1418600 2484.3
1418610 2491.8
1418620 2491.8
1418630 2500.1
1418640 2505.1
1418650 2505.1
1418660 2508.0
1418670 2511.4
1418680 2511.4
1418690 2517.2
1418700 2523.1
1418710 2523.1
1418720 2529.5
1418730 2535.0
1418740 2535.0
1418750 2538.4
1418760 2541.7
1418770 2541.7
1418780 2547.7
1418790 2552.5
1418800 2557.4
1418810 2557.4
1418820 2561.5
1418830 2565.6
1418840 2565.6
1418850 2570.8
1418860 2576.5
1418870 2576.5
1418880 2582.5
1418890 2588.7
1418900 2588.7
1418910 2595.5
1418920 2602.8
1418930 2602.8
1418940 2609.8
1418950 2617.0
1418960 2617.0
1418970 2624.5
1418980 2632.0
1418990 2632.0
1419000 2639.5
1419010 2646.5
1419020 2646.5
1419030 2653.0
1419040 2658.9
1419050 2664.9
1419060 2664.9
1419070 2670.9
1419080 2676.7
1419090 2676.7
1419100 2682.1
1419110 2687.9
1419120 2687.9
1419130 2694.1
1419140 2700.1
1419150 2700.1
1419160 2706.1
1419170 2712.6
1419180 2712.6
1419190 2719.2
1419200 2725.5
1419210 2725.5
1419220 2731.6
1419230 2737.3
1419240 2737.3
1419250 2743.6
1419260 2750.3
1419270 2756.9
1419280 2756.9
1419290 2763.0
1419300 2769.3
1419310 2769.3
1419320 2775.6
1419330 2782.6
1419340 2782.6
1419350 2789.8
1419360 2797.0
1419370 2797.0
1419380 2803.9
1419390 2810.6
1419400 2810.6
1419410 2817.5
1419420 2824.4
1419430 2824.4
1419440 2831.2
1419450 2837.8
1419460 2837.8
1419470 2844.8
1419480 2852.2
1419490 2852.2
1419500 2859.3
1419510 2866.6
1419520 2874.2
1419530 2874.2
1419540 2881.1
1419550 2887.9
1419560 2887.9
1419570 2895.4
1419580 2902.9
1419590 2902.9
1419600 2910.4
1419610 2917.9
1419620 2917.9
1419630 2925.5
1419640 2933.0
1419650 2933.0
1419660 2940.5
1419670 2948.3
1419680 2948.3
1419690 2956.5
1419700 2964.3
1419710 2964.3
1419720 2972.1
1419730 2980.0
1419740 2980.0
1419750 2987.6
1419760 2994.8
1419770 3002.3
1419780 3002.3
1419790 3010.7
1419800 3019.9
1419810 3019.9
1419820 3029.5
1419830 3039.8
1419840 3039.8
1419850 3051.6
1419860 3061.2
1419870 3061.2
1419880 3060.7
1419890 3056.2
1419900 3056.2
1419910 3051.3
1419920 3045.1
1419930 3045.1
1419940 3039.1
1419950 3032.1
1419960 3032.1
1419970 3024.8
1419980 3018.3
1419990 3011.4
