1400000 1911.3
1400010 1904.6
1400020 1904.6
1400030 1896.8
1400040 1886.4
1400050 1886.4
1400060 1875.7
1400070 1866.2
1400080 1866.2
1400090 1854.9
1400100 1840.6
1400110 1840.6
1400120 1822.8
1400130 1816.3
1400140 1816.3
1400150 1811.5
1400160 1807.0
1400170 1807.0
1400180 1803.1
1400190 1799.3
1400200 1799.3
1400210 1795.7
1400220 1788.7
1400230 1788.7
1400240 1779.8
1400250 1775.6
1400260 1774.5
1400270 1774.5
1400280 1770.8
1400290 1762.7
1400300 1762.7
1400310 1755.7
1400320 1750.3
1400330 1750.3
1400340 1747.1
1400350 1743.8
1400360 1743.8
1400370 1743.3
1400380 1740.1
1400390 1740.1
1400400 1729.6
1400410 1725.3
1400420 1725.3
1400430 1730.0
1400440 1731.3
1400450 1731.3
1400460 1731.1
1400470 1730.2
1400480 1730.2
1400490 1728.9
1400500 1726.3
1400510 1722.8
1400520 1722.8
1400530 1717.6
1400540 1711.9
1400550 1711.9
1400560 1707.2
1400570 1702.0
1400580 1702.0
1400590 1697.0
1400600 1692.4
1400610 1692.4
1400620 1687.2
1400630 1677.5
1400640 1677.5
1400650 1661.5
1400660 1658.4
1400670 1658.4
1400680 1659.4
1400690 1654.1
1400700 1654.1
1400710 1648.6
1400720 1651.6
1400730 1651.6
1400740 1641.3
1400750 1631.2
1400760 1620.3
1400770 1620.3
1400780 1611.8
1400790 1604.0
1400800 1604.0
1400810 1596.1
1400820 1588.0
1400830 1588.0
1400840 1581.0
1400850 1574.4
1400860 1574.4
1400870 1567.3
1400880 1559.6
1400890 1559.6
1400900 1550.4
1400910 1535.6
1400920 1535.6
1400930 1523.3
1400940 1512.7
1400950 1512.7
1400960 1503.1
1400970 1494.4
1400980 1494.4
1400990 1484.4
1401000 1474.0
1401010 1463.3
1401020 1463.3
1401030 1452.7
1401040 1443.9
1401050 1443.9
1401060 1435.0
1401070 1424.0
1401080 1424.0
1401090 1413.0
1401100 1402.1
1401110 1402.1
1401120 1390.9
1401130 1381.9
1401140 1381.9
1401150 1372.7
1401160 1363.8
1401170 1363.8
1401180 1353.4
1401190 1345.1
1401200 1345.1
1401210 1336.7
1401220 1326.9
1401230 1326.9
1401240 1313.6
1401250 1300.6
1401260 1290.0
1401270 1290.0
1401280 1281.8
1401290 1275.1
1401300 1275.1
1401310 1269.2
1401320 1263.8
1401330 1263.8
1401340 1257.9
1401350 1251.8
1401360 1251.8
1401370 1247.0
1401380 1235.6
1401390 1235.6
1401400 1213.7
1401410 1197.5
1401420 1197.5
1401430 1176.8
1401440 1150.2
1401450 1150.2
1401460 1134.8
1401470 1116.6
1401480 1116.6
1401490 1093.4
1401500 1066.0
1401510 1049.1
1401520 1049.1
1401530 1035.1
1401540 1023.8
1401550 1023.8
1401560 1014.9
1401570 1007.1
1401580 1007.1
1401590 1000.0
1401600 993.0
1401610 993.0
1401620 985.6
1401630 978.4
1401640 978.4
1401650 970.9
1401660 963.4
1401670 963.4
1401680 957.6
1401690 951.9
1401700 951.9
1401710 949.9
1401720 948.6
1401730 948.6
1401740 949.9
1401750 952.9
1401760 955.1
1401770 955.1
1401780 957.0
1401790 958.5
1401800 958.5
1401810 960.2
1401820 962.1
1401830 962.1
1401840 963.7
1401850 965.5
1401860 965.5
1401870 967.3
1401880 969.4
1401890 969.4
1401900 971.7
1401910 974.1
1401920 974.1
1401930 976.3
1401940 978.1
1401950 978.1
1401960 980.2
1401970 982.4
1401980 982.4
1401990 984.7
1402000 987.5
1402010 990.0
1402020 990.0
1402030 991.5
1402040 992.9
1402050 992.9
1402060 994.8
1402070 996.4
1402080 996.4
1402090 998.1
1402100 1000.5
1402110 1000.5
1402120 1002.6
1402130 1004.7
1402140 1004.7
1402150 1006.9
1402160 1009.2
1402170 1009.2
1402180 1011.5
1402190 1014.0
1402200 1014.0
1402210 1016.2
1402220 1018.8
1402230 1021.6
1402240 1021.6
1402250 1021.4
1402260 1025.6
1402270 1025.6
1402280 1028.2
1402290 1030.5
1402300 1030.5
1402310 1033.6
1402320 1037.3
1402330 1037.3
1402340 1039.7
1402350 1041.5
1402360 1041.5
1402370 1044.0
1402380 1046.2
1402390 1046.2
1402400 1048.9
1402410 1054.3
1402420 1054.3
1402430 1057.9
1402440 1060.2
1402450 1060.2
1402460 1063.8
1402470 1066.6
1402480 1069.6
1402490 1069.6
1402500 1073.4
1402510 1077.1
1402520 1077.1
1402530 1080.9
1402540 1084.3
1402550 1084.3
1402560 1089.0
1402570 1095.0
1402580 1095.0
1402590 1103.6
1402600 1112.1
1402610 1112.1
1402620 1118.9
1402630 1124.1
1402640 1124.1
1402650 1128.5
1402660 1133.0
1402670 1133.0
1402680 1139.5
1402690 1146.7
1402700 1146.7
1402710 1155.1
1402720 1161.4
1402730 1165.1
1402740 1165.1
1402750 1169.8
1402760 1175.9
1402770 1175.9
1402780 1182.1
1402790 1191.3
1402800 1191.3
1402810 1202.1
1402820 1216.5
1402830 1216.5
1402840 1230.4
1402850 1241.6
1402860 1241.6
1402870 1252.2
1402880 1261.0
1402890 1261.0
1402900 1266.2
1402910 1272.6
1402920 1272.6
1402930 1284.1
1402940 1291.6
1402950 1291.6
1402960 1299.4
1402970 1308.1
1402980 1316.5
1402990 1316.5
1403000 1324.1
1403010 1330.9
1403020 1330.9
1403030 1337.4
1403040 1344.5
1403050 1344.5
1403060 1352.7
1403070 1360.5
1403080 1360.5
1403090 1368.6
1403100 1373.9
1403110 1373.9
1403120 1373.0
1403130 1367.9
1403140 1367.9
1403150 1362.4
1403160 1366.3
1403170 1366.3
1403180 1370.1
1403190 1373.2
1403200 1373.2
1403210 1376.8
1403220 1382.9
1403230 1388.5
1403240 1388.5
1403250 1391.8
1403260 1396.2
1403270 1396.2
1403280 1400.1
1403290 1402.6
1403300 1402.6
1403310 1407.1
1403320 1413.2
1403330 1413.2
1403340 1418.3
1403350 1423.0
1403360 1423.0
1403370 1426.0
1403380 1430.2
1403390 1430.2
1403400 1436.1
1403410 1442.5
1403420 1442.5
1403430 1449.5
1403440 1456.3
1403450 1456.3
1403460 1462.1
1403470 1468.0
1403480 1475.0
1403490 1475.0
1403500 1480.6
1403510 1486.6
1403520 1486.6
1403530 1492.4
1403540 1497.4
1403550 1497.4
1403560 1504.0
1403570 1510.3
1403580 1510.3
1403590 1516.1
1403600 1521.5
1403610 1521.5
1403620 1527.1
1403630 1534.0
1403640 1534.0
1403650 1542.7
1403660 1548.2
1403670 1548.2
1403680 1553.1
1403690 1557.5
1403700 1557.5
1403710 1561.4
1403720 1565.1
1403730 1569.1
1403740 1569.1
1403750 1573.4
1403760 1576.2
1403770 1576.2
1403780 1577.3
1403790 1579.1
1403800 1579.1
1403810 1583.4
1403820 1586.3
1403830 1586.3
1403840 1588.9
1403850 1591.6
1403860 1591.6
1403870 1595.2
1403880 1598.2
1403890 1598.2
1403900 1600.9
1403910 1603.4
1403920 1603.4
1403930 1605.6
1403940 1607.6
1403950 1607.6
1403960 1609.5
1403970 1611.7
1403980 1614.2
1403990 1614.2
1404000 1616.7
1404010 1619.1
1404020 1619.1
1404030 1620.8
1404040 1621.9
1404050 1621.9
1404060 1623.1
1404070 1624.1
1404080 1624.1
1404090 1625.0
1404100 1626.5
1404110 1626.5
1404120 1628.8
1404130 1632.6
1404140 1632.6
1404150 1636.9
1404160 1640.6
1404170 1640.6
1404180 1644.4
1404190 1647.4
1404200 1647.4
1404210 1649.9
1404220 1652.5
1404230 1656.2
1404240 1656.2
1404250 1660.6
1404260 1667.1
1404270 1667.1
1404280 1672.9
1404290 1678.9
1404300 1678.9
1404310 1682.4
1404320 1685.8
1404330 1685.8
1404340 1689.1
1404350 1692.0
1404360 1692.0
1404370 1694.7
1404380 1700.5
1404390 1700.5
1404400 1705.0
1404410 1709.8
1404420 1709.8
1404430 1712.4
1404440 1713.8
1404450 1713.8
1404460 1714.9
1404470 1716.6
1404480 1722.0
1404490 1722.0
1404500 1729.2
1404510 1734.7
1404520 1734.7
1404530 1738.6
1404540 1741.3
1404550 1741.3
1404560 1745.0
1404570 1749.2
1404580 1749.2
1404590 1751.1
1404600 1752.6
1404610 1752.6
1404620 1754.3
1404630 1758.2
1404640 1758.2
1404650 1763.1
1404660 1767.5
1404670 1767.5
1404680 1771.4
1404690 1776.3
1404700 1776.3
1404710 1782.4
1404720 1788.6
1404730 1795.5
1404740 1795.5
1404750 1802.3
1404760 1808.4
1404770 1808.4
1404780 1815.1
1404790 1824.3
1404800 1824.3
1404810 1832.9
1404820 1840.6
1404830 1840.6
1404840 1848.5
1404850 1856.9
1404860 1856.9
1404870 1865.9
1404880 1875.0
1404890 1875.0
1404900 1885.1
1404910 1893.9
1404920 1893.9
1404930 1901.5
1404940 1910.0
1404950 1910.0
1404960 1919.7
1404970 1929.1
1404980 1936.3
1404990 1936.3
1405000 1942.4
1405010 1948.3
1405020 1948.3
1405030 1955.1
1405040 1960.6
1405050 1960.6
1405060 1965.4
1405070 1970.2
1405080 1970.2
1405090 1975.4
1405100 1980.6
1405110 1980.6
1405120 1985.7
1405130 1990.5
1405140 1990.5
1405150 1994.5
1405160 1999.0
1405170 1999.0
1405180 2003.7
1405190 2008.6
1405200 2013.5
1405210 2013.5
1405220 2018.8
1405230 2024.4
1405240 2024.4
1405250 2030.0
1405260 2035.6
1405270 2035.6
1405280 2041.4
1405290 2047.0
1405300 2047.0
1405310 2052.0
1405320 2057.2
1405330 2057.2
1405340 2062.6
1405350 2067.9
1405360 2067.9
1405370 2072.8
1405380 2077.7
1405390 2077.7
1405400 2078.0
1405410 2083.7
1405420 2083.7
1405430 2089.6
1405440 2095.5
1405450 2100.5
1405460 2100.5
1405470 2104.7
1405480 2109.4
1405490 2109.4
1405500 2113.8
1405510 2119.0
1405520 2119.0
1405530 2124.0
1405540 2128.3
1405550 2128.3
1405560 2133.2
1405570 2140.3
1405580 2140.3
1405590 2148.5
1405600 2155.9
1405610 2155.9
1405620 2162.7
1405630 2168.9
1405640 2168.9
1405650 2175.6
1405660 2181.8
1405670 2181.8
1405680 2187.5
1405690 2193.7
1405700 2198.0
1405710 2198.0
1405720 2200.1
1405730 2198.2
1405740 2198.2
1405750 2193.7
1405760 2191.1
1405770 2191.1
1405780 2190.4
1405790 2179.7
1405800 2179.7
1405810 2170.3
1405820 2164.8
1405830 2164.8
1405840 2160.1
1405850 2155.4
1405860 2155.4
1405870 2152.0
1405880 2152.3
1405890 2152.3
1405900 2154.6
1405910 2158.3
1405920 2158.3
1405930 2163.7
1405940 2167.4
1405950 2169.4
1405960 2169.4
1405970 2170.4
1405980 2171.0
1405990 2171.0
1406000 2172.4
1406010 2174.6
1406020 2174.6
1406030 2178.3
1406040 2182.5
1406050 2182.5
1406060 2187.1
1406070 2192.0
1406080 2192.0
1406090 2196.5
1406100 2201.6
1406110 2201.6
1406120 2207.0
1406130 2212.5
1406140 2212.5
1406150 2218.3
1406160 2224.2
1406170 2224.2
1406180 2230.4
1406190 2236.0
1406200 2241.8
1406210 2241.8
1406220 2247.8
1406230 2254.3
1406240 2254.3
1406250 2260.5
1406260 2267.0
1406270 2267.0
1406280 2274.5
1406290 2281.4
1406300 2281.4
1406310 2288.6
1406320 2295.1
1406330 2295.1
1406340 2302.5
1406350 2309.9
1406360 2309.9
1406370 2316.4
1406380 2322.4
1406390 2322.4
1406400 2329.4
1406410 2337.6
1406420 2337.6
1406430 2346.3
1406440 2354.9
1406450 2364.1
1406460 2364.1
1406470 2373.2
1406480 2381.7
1406490 2381.7
1406500 2390.6
1406510 2399.1
1406520 2399.1
1406530 2406.5
1406540 2413.7
1406550 2413.7
1406560 2421.8
1406570 2429.9
1406580 2429.9
1406590 2438.1
1406600 2447.1
1406610 2447.1
1406620 2456.5
1406630 2467.3
1406640 2467.3
1406650 2480.1
1406660 2491.0
1406670 2491.0
1406680 2499.6
1406690 2507.5
1406700 2515.4
1406710 2515.4
1406720 2524.2
1406730 2532.6
1406740 2532.6
1406750 2525.5
1406760 2499.3
1406770 2499.3
1406780 2485.2
1406790 2475.9
1406800 2475.9
1406810 2465.6
1406820 2458.4
1406830 2458.4
1406840 2452.1
1406850 2445.6
1406860 2445.6
1406870 2439.8
1406880 2434.0
1406890 2434.0
1406900 2428.8
1406910 2426.2
1406920 2426.2
1406930 2424.2
1406940 2421.4
1406950 2416.7
1406960 2416.7
1406970 2413.4
1406980 2411.6
1406990 2411.6
1407000 2408.8
1407010 2407.0
1407020 2407.2
1407030 2401.4
1407040 2394.8
1407050 2394.8
1407060 2388.0
1407070 2382.8
1407080 2382.8
1407090 2379.1
1407100 2377.1
1407110 2377.1
1407120 2373.0
1407130 2370.2
1407140 2370.2
1407150 2365.8
1407160 2359.0
1407170 2359.0
1407180 2353.8
1407190 2351.2
1407200 2352.4
1407210 2352.4
1407220 2354.3
1407230 2357.4
1407240 2357.4
1407250 2362.1
1407260 2366.1
1407270 2366.1
1407280 2371.7
1407290 2377.6
1407300 2377.6
1407310 2376.8
1407320 2374.2
1407330 2374.2
1407340 2370.0
1407350 2366.5
1407360 2366.5
1407370 2364.0
1407380 2360.9
1407390 2360.9
1407400 2348.2
1407410 2335.1
1407420 2335.1
1407430 2322.7
1407440 2309.5
1407450 2300.6
1407460 2300.6
1407470 2290.4
1407480 2281.1
1407490 2281.1
1407500 2273.2
1407510 2265.3
1407520 2265.3
1407530 2257.8
1407540 2250.5
1407550 2250.5
1407560 2243.7
1407570 2236.8
1407580 2236.8
1407590 2229.6
1407600 2222.1
1407610 2222.1
1407620 2214.9
1407630 2207.3
1407640 2207.3
1407650 2199.9
1407660 2192.9
1407670 2192.9
1407680 2186.1
1407690 2178.5
1407700 2171.1
1407710 2171.1
1407720 2165.4
1407730 2151.8
1407740 2151.8
1407750 2139.8
1407760 2131.9
1407770 2131.9
1407780 2124.7
1407790 2117.5
1407800 2117.5
1407810 2110.1
1407820 2103.8
1407830 2103.8
1407840 2097.7
1407850 2091.6
1407860 2091.6
1407870 2085.2
1407880 2079.8
1407890 2079.8
1407900 2073.5
1407910 2068.2
1407920 2062.6
1407930 2062.6
1407940 2056.6
1407950 2050.5
1407960 2050.5
1407970 2044.5
1407980 2037.6
1407990 2037.6
1408000 2029.6
1408010 2021.4
1408020 2021.4
1408030 2013.9
1408040 2008.2
1408050 2008.2
1408060 2001.3
1408070 1995.2
1408080 1995.2
1408090 1990.0
1408100 1986.3
1408110 1986.3
1408120 1980.8
1408130 1975.2
1408140 1975.2
1408150 1969.9
1408160 1964.3
1408170 1960.0
1408180 1960.0
1408190 1953.7
1408200 1946.5
1408210 1946.5
1408220 1939.9
1408230 1933.0
1408240 1933.0
1408250 1926.1
1408260 1919.4
1408270 1919.4
1408280 1910.0
1408290 1898.4
1408300 1898.4
1408310 1887.7
1408320 1879.2
1408330 1879.2
1408340 1871.8
1408350 1864.6
1408360 1864.6
1408370 1858.3
1408380 1852.8
1408390 1852.8
1408400 1848.1
1408410 1843.2
1408420 1837.5
1408430 1837.5
1408440 1832.0
1408450 1826.1
1408460 1826.1
1408470 1818.3
1408480 1813.0
1408490 1813.0
1408500 1801.4
1408510 1791.8
1408520 1791.8
1408530 1780.7
1408540 1768.3
1408550 1768.3
1408560 1758.5
1408570 1749.2
1408580 1749.2
1408590 1741.0
1408600 1732.4
1408610 1732.4
1408620 1722.2
1408630 1713.1
1408640 1713.1
1408650 1705.2
1408660 1698.4
1408670 1690.6
1408680 1693.6
1408690 1686.7
1408700 1679.9
1408710 1679.9
1408720 1672.9
1408730 1668.5
1408740 1668.5
1408750 1663.7
1408760 1658.5
1408770 1658.5
1408780 1653.8
1408790 1648.9
1408800 1648.9
1408810 1641.9
1408820 1638.0
1408830 1638.0
1408840 1636.8
1408850 1636.4
1408860 1636.4
1408870 1637.9
1408880 1637.1
1408890 1637.1
1408900 1636.9
1408910 1637.9
1408920 1640.6
1408930 1640.6
1408940 1643.7
1408950 1647.1
1408960 1647.1
1408970 1652.1
1408980 1657.1
1408990 1657.1
1409000 1662.8
1409010 1667.9
1409020 1667.9
1409030 1673.1
1409040 1679.3
1409050 1679.3
1409060 1685.4
1409070 1691.4
1409080 1691.4
1409090 1699.2
1409100 1708.2
1409110 1708.2
1409120 1716.1
1409130 1723.3
1409140 1723.3
1409150 1731.3
1409160 1740.4
1409170 1751.5
1409180 1751.5
1409190 1764.1
1409200 1774.2
1409210 1774.2
1409220 1780.9
1409230 1788.4
1409240 1788.4
1409250 1796.1
1409260 1802.9
1409270 1802.9
1409280 1808.4
1409290 1815.3
1409300 1815.3
1409310 1822.7
1409320 1830.4
1409330 1830.4
1409340 1837.6
1409350 1844.3
1409360 1844.3
1409370 1850.7
1409380 1857.8
1409390 1857.8
1409400 1866.2
1409410 1875.9
1409420 1890.4
1409430 1890.4
1409440 1905.0
1409450 1921.2
1409460 1921.2
1409470 1937.3
1409480 1946.6
1409490 1946.6
1409500 1953.2
1409510 1961.4
1409520 1961.4
1409530 1970.4
1409540 1977.4
1409550 1977.4
1409560 1982.6
1409570 1986.4
1409580 1986.4
1409590 1991.2
1409600 1998.2
1409610 1998.2
1409620 2006.1
1409630 2013.5
1409640 2013.5
1409650 2020.8
1409660 2028.1
1409670 2036.5
1409680 2036.5
1409690 2043.9
1409700 2048.0
1409710 2048.0
1409720 2048.0
1409730 2053.8
1409740 2053.8
1409750 2064.1
1409760 2072.0
1409770 2072.0
1409780 2076.5
1409790 2085.1
1409800 2085.1
1409810 2089.5
1409820 2092.8
1409830 2092.8
1409840 2097.0
1409850 2098.2
1409860 2098.2
1409870 2101.4
1409880 2103.5
1409890 2103.5
1409900 2101.6
1409910 2100.0
1409920 2101.5
1409930 2101.5
1409940 2106.5
1409950 2110.3
1409960 2110.3
1409970 2115.0
1409980 2122.6
1409990 2122.6
1410000 2129.2
1410010 2138.4
1410020 2138.4
1410030 2149.6
1410040 2157.9
1410050 2157.9
1410060 2164.5
1410070 2170.9
1410080 2170.9
1410090 2175.4
1410100 2178.6
1410110 2178.6
1410120 2178.8
1410130 2184.4
1410140 2184.4
1410150 2193.6
1410160 2200.5
1410170 2205.7
1410180 2205.7
1410190 2208.6
1410200 2210.6
1410210 2210.6
1410220 2214.9
1410230 2221.8
1410240 2221.8
1410250 2228.8
1410260 2238.0
1410270 2238.0
1410280 2247.1
1410290 2255.8
1410300 2255.8
1410310 2262.3
1410320 2265.7
1410330 2265.7
1410340 2264.4
1410350 2267.2
1410360 2267.2
1410370 2275.5
1410380 2273.2
1410390 2273.2
1410400 2277.6
1410410 2282.6
1410420 2287.1
1410430 2287.1
1410440 2291.5
1410450 2294.7
1410460 2294.7
1410470 2298.1
1410480 2302.2
1410490 2302.2
1410500 2301.0
1410510 2304.3
1410520 2304.3
1410530 2308.5
1410540 2310.7
1410550 2310.7
1410560 2315.2
1410570 2322.9
1410580 2322.9
1410590 2331.9
1410600 2339.8
1410610 2339.8
1410620 2347.9
1410630 2354.1
1410640 2358.9
1410650 2358.9
1410660 2360.2
1410670 2362.7
1410680 2362.7
1410690 2366.4
1410700 2368.1
1410710 2368.1
1410720 2373.8
1410730 2376.3
1410740 2376.3
1410750 2373.4
1410760 2372.8
1410770 2372.8
1410780 2371.2
1410790 2375.8
1410800 2375.8
1410810 2376.3
1410820 2375.0
1410830 2375.0
1410840 2378.4
1410850 2382.0
1410860 2382.0
1410870 2383.3
1410880 2389.2
1410890 2396.7
1410900 2396.7
1410910 2399.1
1410920 2403.1
1410930 2403.1
1410940 2410.5
1410950 2415.3
1410960 2415.3
1410970 2420.7
1410980 2427.4
1410990 2427.4
1411000 2436.1
1411010 2446.6
1411020 2446.6
1411030 2455.3
1411040 2462.6
1411050 2462.6
1411060 2471.1
1411070 2478.3
1411080 2478.3
1411090 2480.3
1411100 2487.6
1411110 2487.6
1411120 2495.0
1411130 2504.0
1411140 2502.0
1411150 2502.0
1411160 2505.5
1411170 2508.1
1411180 2508.1
1411190 2507.4
1411200 2507.5
1411210 2507.5
1411220 2504.9
1411230 2514.4
1411240 2514.4
1411250 2521.8
1411260 2528.8
1411270 2528.8
1411280 2537.2
1411290 2544.7
1411300 2544.7
1411310 2552.2
1411320 2560.5
1411330 2560.5
1411340 2571.9
1411350 2581.2
1411360 2581.2
1411370 2587.5
1411380 2588.5
1411390 2579.4
1411400 2579.4
1411410 2583.5
1411420 2576.0
1411430 2576.0
1411440 2577.1
1411450 2585.0
1411460 2585.0
1411470 2598.9
1411480 2605.3
1411490 2605.3
1411500 2604.4
1411510 2602.3
1411520 2602.3
1411530 2600.6
1411540 2598.6
1411550 2598.6
1411560 2594.9
1411570 2587.4
1411580 2587.4
1411590 2577.3
1411600 2568.7
1411610 2568.7
1411620 2561.2
1411630 2554.1
1411640 2546.7
1411650 2546.7
1411660 2536.6
1411670 2522.1
1411680 2522.1
1411690 2513.7
1411700 2506.7
1411710 2506.7
1411720 2500.0
1411730 2493.4
1411740 2493.4
1411750 2487.1
1411760 2481.3
1411770 2481.3
1411780 2475.7
1411790 2470.1
1411800 2470.1
1411810 2464.7
1411820 2459.2
1411830 2459.2
1411840 2456.4
1411850 2455.7
1411860 2455.7
1411870 2452.0
1411880 2451.3
1411890 2451.7
1411900 2451.7
1411910 2452.7
1411920 2452.0
1411930 2452.0
1411940 2453.6
1411950 2454.4
1411960 2454.4
1411970 2452.7
1411980 2449.2
1411990 2449.2
1412000 2442.5
1412010 2435.8
1412020 2435.8
1412030 2430.6
1412040 2427.6
1412050 2427.6
1412060 2420.5
1412070 2411.7
1412080 2411.7
1412090 2405.7
1412100 2398.3
1412110 2397.1
1412120 2391.1
1412130 2385.7
1412140 2381.9
1412150 2381.9
1412160 2378.0
1412170 2375.7
1412180 2375.7
1412190 2369.8
1412200 2364.6
1412210 2364.6
1412220 2356.1
1412230 2347.9
1412240 2347.9
1412250 2342.5
1412260 2337.7
1412270 2337.7
1412280 2334.4
1412290 2330.9
1412300 2330.9
1412310 2329.0
1412320 2326.0
1412330 2326.0
1412340 2322.2
1412350 2321.1
1412360 2321.1
1412370 2319.2
1412380 2317.4
1412390 2315.1
1412400 2315.1
1412410 2309.5
1412420 2306.7
1412430 2306.7
1412440 2301.4
1412450 2294.9
1412460 2294.9
1412470 2294.9
1412480 2293.8
1412490 2293.8
1412500 2289.4
1412510 2283.5
1412520 2283.5
1412530 2274.6
1412540 2268.2
1412550 2268.2
1412560 2266.4
1412570 2267.2
1412580 2267.2
1412590 2264.4
1412600 2261.9
1412610 2261.9
1412620 2257.2
1412630 2252.6
1412640 2247.2
1412650 2247.2
1412660 2241.8
1412670 2236.1
1412680 2236.1
1412690 2229.8
1412700 2226.8
1412710 2226.8
1412720 2223.5
1412730 2218.7
1412740 2218.7
1412750 2214.0
1412760 2209.7
1412770 2209.7
1412780 2205.7
1412790 2202.4
1412800 2202.4
1412810 2197.6
1412820 2193.1
1412830 2193.1
1412840 2189.3
1412850 2184.5
1412860 2184.5
1412870 2179.4
1412880 2173.7
1412890 2167.8
1412900 2167.8
1412910 2162.4
1412920 2158.3
1412930 2158.3
1412940 2152.5
1412950 2147.5
1412960 2147.5
1412970 2143.5
1412980 2139.1
1412990 2139.1
1413000 2135.9
1413010 2133.5
1413020 2133.5
1413030 2129.8
1413040 2124.9
1413050 2124.9
1413060 2119.4
1413070 2110.0
1413080 2110.0
1413090 2096.5
1413100 2082.6
1413110 2082.6
1413120 2067.5
1413130 2055.5
1413140 2048.0
1413150 2048.0
1413160 2040.5
1413170 2032.7
1413180 2032.7
1413190 2024.7
1413200 2017.7
1413210 2017.7
1413220 2011.0
1413230 2005.8
1413240 2005.8
1413250 2000.4
1413260 1995.0
1413270 1995.0
1413280 1990.4
1413290 1987.0
1413300 1987.0
1413310 1984.6
1413320 1983.1
1413330 1983.1
1413340 1982.0
1413350 1981.2
1413360 1981.1
1413370 1981.1
1413380 1981.6
1413390 1982.7
1413400 1982.7
1413410 1984.3
1413420 1986.6
1413430 1986.6
1413440 1987.2
1413450 1988.3
1413460 1988.3
1413470 1990.5
1413480 1993.7
1413490 1993.7
1413500 1996.4
1413510 1997.9
1413520 1997.9
1413530 1999.1
1413540 1997.8
1413550 1997.8
1413560 1995.8
1413570 1995.0
1413580 1995.0
1413590 1993.0
1413600 1991.4
1413610 1989.8
1413620 1989.8
1413630 1988.1
1413640 1986.2
1413650 1986.2
1413660 1984.3
1413670 1982.9
1413680 1982.9
1413690 1982.0
1413700 1979.7
1413710 1979.7
1413720 1976.4
1413730 1971.0
1413740 1971.0
1413750 1963.8
1413760 1957.4
1413770 1957.4
1413780 1951.3
1413790 1944.6
1413800 1944.6
1413810 1937.4
1413820 1929.8
1413830 1929.8
1413840 1922.5
1413850 1917.0
1413860 1910.1
1413870 1910.1
1413880 1902.0
1413890 1892.5
1413900 1892.5
1413910 1888.6
1413920 1884.6
1413930 1884.6
1413940 1878.7
1413950 1874.2
1413960 1874.2
1413970 1869.1
1413980 1865.7
1413990 1865.7
1414000 1863.2
1414010 1861.6
1414020 1861.6
1414030 1860.4
1414040 1859.2
1414050 1859.2
1414060 1858.1
1414070 1857.1
1414080 1857.1
1414090 1855.9
1414100 1855.2
1414110 1854.5
1414120 1854.5
1414130 1854.0
1414140 1854.2
1414150 1854.2
1414160 1854.4
1414170 1855.1
1414180 1855.1
1414190 1856.3
1414200 1857.6
1414210 1857.6
1414220 1859.2
1414230 1862.4
1414240 1862.4
1414250 1866.4
1414260 1870.2
1414270 1870.2
1414280 1873.4
1414290 1876.2
1414300 1876.2
1414310 1876.7
1414320 1878.7
1414330 1878.7
1414340 1881.6
1414350 1882.6
1414360 1886.7
1414370 1886.7
1414380 1892.6
1414390 1894.5
1414400 1894.5
1414410 1895.2
1414420 1895.9
1414430 1895.9
1414440 1895.6
1414450 1895.7
1414460 1895.7
1414470 1895.6
1414480 1895.7
1414490 1895.7
1414500 1894.7
1414510 1892.7
1414520 1892.7
1414530 1889.6
1414540 1883.2
1414550 1883.2
1414560 1875.1
1414570 1868.5
1414580 1868.5
1414590 1860.3
1414600 1851.3
1414610 1845.3
1414620 1845.3
1414630 1840.7
1414640 1835.7
1414650 1835.7
1414660 1830.8
1414670 1826.9
1414680 1826.9
1414690 1821.9
1414700 1817.3
1414710 1817.3
1414720 1812.4
1414730 1807.5
1414740 1807.5
1414750 1802.2
1414760 1796.6
1414770 1796.6
1414780 1791.3
1414790 1787.3
1414800 1787.3
1414810 1785.9
1414820 1784.1
1414830 1784.1
1414840 1780.2
1414850 1776.5
1414860 1772.0
1414870 1772.0
1414880 1767.3
1414890 1762.3
1414900 1762.3
1414910 1756.6
1414920 1751.0
1414930 1751.0
1414940 1745.8
1414950 1740.4
1414960 1740.4
1414970 1735.0
1414980 1730.1
1414990 1730.1
1415000 1724.9
1415010 1719.2
1415020 1719.2
1415030 1713.6
1415040 1708.1
1415050 1708.1
1415060 1701.2
1415070 1693.9
1415080 1693.9
1415090 1687.1
1415100 1680.2
1415110 1672.8
1415120 1672.8
1415130 1665.5
1415140 1658.2
1415150 1658.2
1415160 1651.5
1415170 1645.0
1415180 1645.0
1415190 1639.6
1415200 1634.4
1415210 1634.4
1415220 1629.9
1415230 1625.1
1415240 1625.1
1415250 1619.4
1415260 1612.5
1415270 1612.5
1415280 1605.7
1415290 1599.0
1415300 1599.0
1415310 1592.4
1415320 1585.6
1415330 1585.6
1415340 1579.0
1415350 1572.4
1415360 1565.4
1415370 1565.4
1415380 1557.9
1415390 1549.8
1415400 1549.8
1415410 1540.9
1415420 1531.0
1415430 1531.0
1415440 1520.8
1415450 1509.8
1415460 1509.8
1415470 1499.4
1415480 1490.0
1415490 1490.0
1415500 1483.8
1415510 1480.9
1415520 1480.9
1415530 1478.6
1415540 1474.7
1415550 1474.7
1415560 1468.6
1415570 1462.6
1415580 1462.6
1415590 1456.2
1415600 1449.6
1415610 1443.0
1415620 1443.0
1415630 1436.6
1415640 1430.1
1415650 1430.1
1415660 1423.5
1415670 1416.5
1415680 1416.5
1415690 1410.1
1415700 1403.8
1415710 1403.8
1415720 1393.1
1415730 1386.1
1415740 1386.1
1415750 1379.3
1415760 1372.5
1415770 1372.5
1415780 1366.3
1415790 1360.9
1415800 1360.9
1415810 1355.8
1415820 1351.0
1415830 1351.0
1415840 1346.2
1415850 1341.7
1415860 1337.4
1415870 1337.4
1415880 1333.4
1415890 1329.1
1415900 1329.1
1415910 1324.3
1415920 1319.5
1415930 1319.5
1415940 1314.2
1415950 1308.4
1415960 1308.4
1415970 1302.9
1415980 1297.4
1415990 1297.4
1416000 1290.1
1416010 1278.5
1416020 1278.5
1416030 1265.3
1416040 1256.6
1416050 1256.6
1416060 1246.4
1416070 1233.9
1416080 1224.3
1416090 1224.3
1416100 1216.4
1416110 1209.6
1416120 1209.6
1416130 1201.7
1416140 1191.3
1416150 1191.3
1416160 1171.0
1416170 1147.9
1416180 1147.9
1416190 1131.6
1416200 1119.6
1416210 1119.6
1416220 1113.4
1416230 1106.0
1416240 1106.0
1416250 1096.8
1416260 1085.9
1416270 1085.9
1416280 1071.1
1416290 1058.2
1416300 1058.2
1416310 1052.5
1416320 1046.8
1416330 1040.7
1416340 1040.7
1416350 1034.4
1416360 1027.9
1416370 1027.9
1416380 1021.9
1416390 1015.6
1416400 1015.6
1416410 1009.6
1416420 1003.2
1416430 1003.2
1416440 996.9
1416450 992.2
1416460 992.2
1416470 989.5
1416480 987.6
1416490 987.6
1416500 984.8
1416510 982.4
1416520 982.4
1416530 979.5
1416540 976.2
1416550 976.2
1416560 973.1
1416570 970.2
1416580 967.1
1416590 967.1
1416600 964.6
1416610 962.9
1416620 962.9
1416630 961.3
1416640 959.7
1416650 959.7
1416660 958.3
1416670 957.1
1416680 957.1
1416690 955.9
1416700 954.8
1416710 954.8
1416720 954.0
1416730 953.3
1416740 953.3
1416750 953.0
1416760 950.3
1416770 950.3
1416780 949.0
1416790 949.2
1416800 949.2
1416810 948.1
1416820 948.0
1416830 947.3
1416840 947.3
1416850 951.1
1416860 955.2
1416870 955.2
1416880 956.7
1416890 959.4
1416900 959.4
1416910 961.4
1416920 963.6
1416930 963.6
1416940 966.5
1416950 970.1
1416960 970.1
1416970 973.9
1416980 977.7
1416990 977.7
1417000 981.8
1417010 986.3
1417020 986.3
1417030 991.5
1417040 996.8
1417050 996.8
1417060 1002.7
1417070 1007.0
1417080 1011.5
1417090 1011.5
1417100 1015.7
1417110 1020.4
1417120 1020.4
1417130 1024.5
1417140 1029.6
1417150 1029.6
1417160 1035.0
1417170 1041.6
1417180 1041.6
1417190 1047.4
1417200 1053.8
1417210 1053.8
1417220 1060.1
1417230 1065.6
1417240 1065.6
1417250 1071.5
1417260 1078.4
1417270 1078.4
1417280 1084.5
1417290 1091.1
1417300 1091.1
1417310 1097.1
1417320 1101.7
1417330 1105.8
1417340 1105.8
1417350 1111.1
1417360 1118.2
1417370 1118.2
1417380 1124.6
1417390 1130.4
1417400 1130.4
1417410 1135.6
1417420 1141.3
1417430 1141.3
1417440 1147.6
1417450 1154.3
1417460 1154.3
1417470 1161.2
1417480 1167.5
1417490 1167.5
1417500 1173.4
1417510 1180.6
1417520 1180.6
1417530 1188.1
1417540 1195.9
1417550 1195.9
1417560 1203.3
1417570 1209.7
1417580 1216.6
1417590 1223.4
1417600 1229.6
1417610 1235.7
1417620 1235.7
1417630 1241.8
1417640 1248.4
1417650 1248.4
1417660 1255.6
1417670 1261.7
1417680 1261.7
1417690 1269.9
1417700 1277.7
1417710 1277.7
1417720 1285.4
1417730 1293.7
1417740 1293.7
1417750 1301.5
1417760 1309.0
1417770 1309.0
1417780 1317.4
1417790 1325.3
1417800 1325.3
1417810 1334.2
1417820 1344.4
1417830 1354.7
1417840 1354.7
1417850 1365.6
1417860 1375.5
1417870 1375.5
1417880 1381.5
1417890 1384.1
1417900 1384.1
1417910 1385.2
1417920 1386.8
1417930 1386.8
1417940 1389.3
1417950 1393.2
1417960 1393.2
1417970 1397.5
1417980 1399.4
1417990 1399.4
1418000 1399.2
1418010 1398.3
1418020 1398.3
1418030 1396.4
1418040 1393.4
1418050 1393.4
1418060 1389.1
1418070 1384.5
1418080 1377.4
1418090 1377.4
1418100 1367.4
1418110 1363.2
1418120 1363.2
1418130 1369.2
1418140 1370.6
1418150 1370.6
1418160 1370.1
1418170 1374.3
1418180 1374.3
1418190 1381.2
1418200 1388.7
1418210 1388.7
1418220 1396.0
1418230 1401.8
1418240 1401.8
1418250 1410.4
1418260 1420.4
1418270 1420.4
1418280 1430.0
1418290 1436.7
1418300 1436.7
1418310 1443.1
1418320 1450.1
1418330 1457.8
1418340 1457.8
1418350 1466.3
1418360 1474.2
1418370 1474.2
1418380 1479.8
1418390 1485.2
1418400 1485.2
1418410 1490.8
1418420 1496.1
1418430 1496.1
1418440 1501.0
1418450 1508.0
1418460 1508.0
1418470 1517.1
1418480 1526.4
1418490 1526.4
1418500 1534.8
1418510 1542.4
1418520 1542.4
1418530 1548.7
1418540 1555.1
1418550 1555.1
1418560 1561.9
1418570 1568.1
1418580 1574.1
1418590 1574.1
1418600 1580.7
1418610 1588.1
1418620 1588.1
1418630 1596.1
1418640 1604.3
1418650 1604.3
1418660 1612.4
1418670 1620.6
1418680 1620.6
1418690 1628.3
1418700 1635.5
1418710 1635.5
1418720 1642.3
1418730 1647.5
1418740 1647.5
1418750 1652.2
1418760 1656.9
1418770 1656.9
1418780 1661.0
1418790 1665.3
1418800 1669.5
1418810 1669.5
1418820 1673.8
1418830 1678.3
1418840 1678.3
1418850 1682.0
1418860 1685.3
1418870 1685.3
1418880 1688.4
1418890 1692.2
1418900 1692.2
1418910 1696.1
1418920 1700.1
1418930 1700.1
1418940 1704.0
1418950 1708.2
1418960 1708.2
1418970 1712.2
1418980 1716.0
1418990 1716.0
1419000 1719.7
1419010 1723.4
1419020 1723.4
1419030 1727.3
1419040 1731.1
1419050 1735.1
1419060 1735.1
1419070 1739.4
1419080 1743.5
1419090 1743.5
1419100 1747.5
1419110 1751.3
1419120 1751.3
1419130 1754.5
1419140 1758.4
1419150 1758.4
1419160 1761.2
1419170 1764.6
1419180 1764.6
1419190 1768.1
1419200 1770.0
1419210 1770.0
1419220 1775.5
1419230 1781.4
1419240 1781.4
1419250 1784.8
1419260 1788.2
1419270 1788.2
1419280 1789.3
1419290 1791.1
1419300 1795.9
1419310 1795.9
1419320 1800.7
1419330 1804.5
1419340 1804.5
1419350 1809.1
1419360 1813.5
1419370 1813.5
1419380 1817.9
1419390 1822.8
1419400 1822.8
1419410 1827.6
1419420 1833.0
1419430 1833.0
1419440 1839.6
1419450 1845.9
1419460 1845.9
1419470 1852.1
1419480 1857.9
1419490 1857.9
1419500 1865.2
1419510 1874.7
1419520 1868.7
1419530 1879.8
1419540 1890.0
1419550 1898.3
1419560 1898.3
1419570 1905.7
1419580 1913.0
1419590 1913.0
1419600 1920.1
1419610 1926.6
1419620 1926.6
1419630 1933.2
1419640 1939.8
1419650 1939.8
1419660 1946.9
1419670 1954.1
1419680 1954.1
1419690 1960.9
1419700 1967.9
1419710 1967.9
1419720 1975.1
1419730 1982.9
1419740 1982.9
1419750 1990.2
1419760 1997.5
1419770 1997.5
1419780 2004.4
1419790 2011.8
1419800 2019.0
1419810 2019.0
1419820 2026.3
1419830 2033.8
1419840 2033.8
1419850 2041.4
1419860 2049.2
1419870 2049.2
1419880 2057.0
1419890 2065.0
1419900 2065.0
1419910 2073.2
1419920 2081.1
1419930 2081.1
1419940 2088.3
1419950 2094.7
1419960 2094.7
1419970 2100.8
1419980 2106.0
1419990 2106.0
