1400000 1732.3
1400010 1718.9
1400020 1707.7
1400030 1707.7
1400040 1697.6
1400050 1686.6
1400060 1686.6
1400070 1673.4
1400080 1664.5
1400090 1664.5
1400100 1659.7
1400110 1655.2
1400120 1655.2
1400130 1635.3
1400140 1607.0
1400150 1607.0
1400160 1583.4
1400170 1556.3
1400180 1556.3
1400190 1540.6
1400200 1541.4
1400210 1541.4
1400220 1543.6
1400230 1541.2
1400240 1541.2
1400250 1533.4
1400260 1525.6
1400270 1517.3
1400280 1517.3
1400290 1510.7
1400300 1510.4
1400310 1510.4
1400320 1509.7
1400330 1509.4
1400340 1509.4
1400350 1509.2
1400360 1510.2
1400370 1510.2
1400380 1507.6
1400390 1503.7
1400400 1503.7
1400410 1500.6
1400420 1496.6
1400430 1496.6
1400440 1489.5
1400450 1477.8
1400460 1477.8
1400470 1464.9
1400480 1454.1
1400490 1454.1
1400500 1444.0
1400510 1432.4
1400520 1419.1
1400530 1419.1
1400540 1405.3
1400550 1403.4
1400560 1403.4
1400570 1416.6
1400580 1413.8
1400590 1413.8
1400600 1410.4
1400610 1404.3
1400620 1404.3
1400630 1404.6
1400640 1403.3
1400650 1403.3
1400660 1397.9
1400670 1391.0
1400680 1391.0
1400690 1386.4
1400700 1383.9
1400710 1383.9
1400720 1380.6
1400730 1374.8
1400740 1374.8
1400750 1368.9
1400760 1365.4
1400770 1361.2
1400780 1361.2
1400790 1358.7
1400800 1355.2
1400810 1355.2
1400820 1351.6
1400830 1347.9
1400840 1347.9
1400850 1342.2
1400860 1334.7
1400870 1334.7
1400880 1325.0
1400890 1314.5
1400900 1314.5
1400910 1303.6
1400920 1294.0
1400930 1294.0
1400940 1283.9
1400950 1274.2
1400960 1274.2
1400970 1264.7
1400980 1251.1
1400990 1251.1
1401000 1234.9
1401010 1220.9
1401020 1209.0
1401030 1209.0
1401040 1198.0
1401050 1191.4
1401060 1191.4
1401070 1189.3
1401080 1185.9
1401090 1185.9
1401100 1180.2
1401110 1173.4
1401120 1173.4
1401130 1166.6
1401140 1159.9
1401150 1159.9
1401160 1153.5
1401170 1147.4
1401180 1147.4
1401190 1142.0
1401200 1136.2
1401210 1136.2
1401220 1130.9
1401230 1126.1
1401240 1126.1
1401250 1120.9
1401260 1116.1
1401270 1110.4
1401280 1110.4
1401290 1104.1
1401300 1097.8
1401310 1097.8
1401320 1091.3
1401330 1081.3
1401340 1081.3
1401350 1070.3
1401360 1067.1
1401370 1067.1
1401380 1066.8
1401390 1060.9
1401400 1060.9
1401410 1049.0
1401420 1038.3
1401430 1038.3
1401440 1022.9
1401450 1002.5
1401460 1002.5
1401470 978.8
1401480 954.8
1401490 954.8
1401500 940.3
1401510 932.5
1401520 926.7
1401530 926.7
1401540 922.5
1401550 924.0
1401560 924.0
1401570 925.1
1401580 926.3
1401590 926.3
1401600 928.9
1401610 930.2
1401620 930.2
1401630 931.5
1401640 932.7
1401650 932.7
1401660 934.3
1401670 936.3
1401680 936.3
1401690 939.8
1401700 943.4
1401710 943.4
1401720 946.3
1401730 947.6
1401740 947.6
1401750 948.5
1401760 949.2
1401770 950.4
1401780 950.4
1401790 952.3
1401800 954.4
1401810 954.4
1401820 956.7
1401830 959.0
1401840 959.0
1401850 961.9
1401860 964.8
1401870 964.8
1401880 966.4
1401890 968.3
1401900 968.3
1401910 970.8
1401920 972.1
1401930 972.1
1401940 974.7
1401950 979.3
1401960 979.3
1401970 985.4
1401980 990.3
1401990 993.7
1402000 993.7
1402010 997.1
1402020 1001.0
1402030 1001.0
1402040 1004.6
1402050 1008.2
1402060 1008.2
1402070 1012.0
1402080 1016.2
1402090 1016.0
1402100 1021.0
1402110 1025.4
1402120 1025.4
1402130 1029.4
1402140 1034.0
1402150 1034.0
1402160 1039.2
1402170 1044.7
1402180 1044.7
1402190 1049.9
1402200 1054.6
1402210 1054.6
1402220 1059.0
1402230 1063.4
1402240 1067.6
1402250 1067.6
1402260 1071.8
1402270 1076.4
1402280 1076.4
1402290 1081.8
1402300 1087.2
1402310 1087.2
1402320 1093.0
1402330 1100.6
1402340 1100.6
1402350 1109.5
1402360 1119.4
1402370 1119.4
1402380 1131.3
1402390 1142.9
1402400 1142.9
1402410 1152.7
1402420 1162.3
1402430 1162.3
1402440 1171.9
1402450 1182.3
1402460 1182.3
1402470 1193.6
1402480 1201.8
1402490 1208.8
1402500 1208.8
1402510 1223.1
1402520 1232.4
1402530 1232.4
1402540 1241.2
1402550 1248.8
1402560 1248.8
1402570 1259.9
1402580 1275.1
1402590 1275.1
1402600 1284.9
1402610 1295.5
1402620 1295.5
1402630 1306.1
1402640 1316.2
1402650 1316.2
1402660 1326.5
1402670 1335.9
1402680 1335.9
1402690 1345.0
1402700 1353.7
1402710 1353.7
1402720 1360.4
1402730 1364.4
1402740 1362.1
1402750 1362.1
1402760 1367.9
1402770 1375.8
1402780 1375.8
1402790 1386.5
1402800 1398.3
1402810 1398.3
1402820 1399.3
1402830 1400.9
1402840 1400.9
1402850 1410.7
1402860 1426.4
1402870 1426.4
1402880 1441.1
1402890 1449.3
1402900 1449.3
1402910 1456.6
1402920 1462.5
1402930 1462.5
1402940 1467.9
1402950 1473.9
1402960 1473.9
1402970 1480.9
1402980 1488.4
1402990 1496.1
1403000 1496.1
1403010 1505.2
1403020 1514.8
1403030 1514.8
1403040 1523.5
1403050 1532.1
1403060 1532.1
1403070 1540.7
1403080 1550.1
1403090 1550.1
1403100 1561.9
1403110 1569.7
1403120 1569.7
1403130 1568.9
1403140 1564.9
1403150 1564.9
1403160 1560.6
1403170 1557.0
1403180 1557.0
1403190 1554.1
1403200 1553.8
1403210 1553.8
1403220 1555.2
1403230 1558.5
1403240 1562.5
1403250 1562.5
1403260 1566.0
1403270 1570.6
1403280 1570.6
1403290 1577.3
1403300 1582.4
1403310 1582.4
1403320 1584.8
1403330 1588.3
1403340 1588.3
1403350 1593.0
1403360 1598.1
1403370 1598.1
1403380 1604.3
1403390 1610.0
1403400 1610.0
1403410 1616.6
1403420 1621.8
1403430 1621.8
1403440 1627.3
1403450 1633.5
1403460 1633.5
1403470 1641.4
1403480 1648.8
1403490 1656.0
1403500 1656.0
1403510 1661.1
1403520 1655.3
1403530 1655.3
1403540 1649.3
1403550 1647.0
1403560 1647.0
1403570 1646.9
1403580 1649.5
1403590 1649.5
1403600 1658.6
1403610 1665.1
1403620 1665.1
1403630 1662.7
1403640 1665.2
1403650 1662.9
1403660 1673.4
1403670 1682.1
1403680 1682.1
1403690 1689.8
1403700 1696.3
1403710 1696.3
1403720 1702.3
1403730 1706.6
1403740 1710.8
1403750 1710.8
1403760 1714.4
1403770 1718.8
1403780 1718.8
1403790 1725.0
1403800 1730.3
1403810 1730.3
1403820 1734.1
1403830 1739.1
1403840 1739.1
1403850 1743.9
1403860 1750.2
1403870 1750.2
1403880 1753.8
1403890 1757.8
1403900 1757.8
1403910 1761.2
1403920 1764.2
1403930 1764.2
1403940 1767.6
1403950 1770.1
1403960 1770.1
1403970 1771.9
1403980 1775.0
1403990 1777.0
1404000 1777.0
1404010 1781.7
1404020 1784.5
1404030 1784.5
1404040 1787.3
1404050 1787.0
1404060 1787.0
1404070 1793.6
1404080 1800.9
1404090 1800.9
1404100 1805.8
1404110 1811.7
1404120 1811.7
1404130 1815.9
1404140 1818.4
1404150 1818.4
1404160 1822.1
1404170 1826.5
1404180 1826.5
1404190 1831.1
1404200 1836.0
1404210 1836.0
1404220 1841.1
1404230 1845.9
1404240 1852.5
1404250 1852.5
1404260 1861.0
1404270 1864.4
1404280 1864.4
1404290 1863.6
1404300 1864.1
1404310 1864.1
1404320 1866.4
1404330 1873.0
1404340 1873.0
1404350 1878.0
1404360 1884.5
1404370 1884.5
1404380 1890.3
1404390 1897.3
1404400 1897.3
1404410 1903.1
1404420 1907.7
1404430 1907.7
1404440 1914.4
1404450 1918.8
1404460 1918.8
1404470 1921.5
1404480 1925.3
1404490 1929.7
1404500 1929.7
1404510 1934.1
1404520 1938.5
1404530 1938.5
1404540 1943.0
1404550 1947.6
1404560 1947.6
1404570 1952.4
1404580 1957.8
1404590 1957.8
1404600 1962.7
1404610 1967.1
1404620 1967.1
1404630 1971.3
1404640 1976.0
1404650 1976.0
1404660 1981.3
1404670 1987.5
1404680 1987.5
1404690 1994.2
1404700 2001.7
1404710 2001.7
1404720 2010.0
1404730 2017.8
1404740 2024.3
1404750 2024.3
1404760 2029.3
1404770 2035.4
1404780 2035.4
1404790 2044.2
1404800 2053.5
1404810 2053.5
1404820 2065.1
1404830 2078.3
1404840 2078.3
1404850 2086.2
1404860 2091.3
1404870 2091.3
1404880 2098.2
1404890 2107.1
1404900 2107.1
1404910 2110.7
1404920 2111.4
1404930 2111.4
1404940 2114.3
1404950 2115.7
1404960 2115.7
1404970 2116.5
1404980 2114.6
1404990 2111.2
1405000 2111.2
1405010 2109.2
1405020 2106.9
1405030 2106.9
1405040 2104.7
1405050 2101.8
1405060 2101.8
1405070 2100.6
1405080 2099.8
1405090 2099.8
1405100 2099.1
1405110 2099.0
1405120 2099.0
1405130 2098.2
1405140 2097.1
1405150 2097.1
1405160 2096.2
1405170 2094.1
1405180 2094.1
1405190 2090.9
1405200 2086.7
1405210 2086.7
1405220 2082.0
1405230 2075.4
1405240 2074.2
1405250 2074.2
1405260 2066.7
1405270 2062.4
1405280 2062.4
1405290 2058.1
1405300 2043.8
1405310 2043.8
1405320 2040.3
1405330 2039.9
1405340 2039.9
1405350 2034.0
1405360 2024.6
1405370 2024.6
1405380 2019.0
1405390 2017.4
1405400 2017.4
1405410 2015.8
1405420 2013.3
1405430 2013.3
1405440 2011.1
1405450 2008.6
1405460 2008.6
1405470 2006.1
1405480 2004.1
1405490 2002.9
1405500 2002.9
1405510 2003.5
1405520 2002.8
1405530 2002.8
1405540 2001.7
1405550 2001.6
1405560 2001.6
1405570 2001.5
1405580 2001.0
1405590 2001.0
1405600 2000.6
1405610 2002.1
1405620 2002.1
1405630 2000.6
1405640 2002.7
1405650 2002.7
1405660 2005.4
1405670 2007.6
1405680 2007.6
1405690 2010.0
1405700 2014.6
1405710 2014.6
1405720 2019.4
1405730 2024.9
1405740 2030.8
1405750 2030.8
1405760 2037.0
1405770 2042.9
1405780 2042.9
1405790 2048.9
1405800 2054.6
1405810 2054.6
1405820 2059.6
1405830 2064.9
1405840 2064.9
1405850 2070.6
1405860 2075.9
1405870 2075.9
1405880 2081.3
1405890 2087.0
1405900 2087.0
1405910 2093.1
1405920 2099.5
1405930 2099.5
1405940 2106.6
1405950 2113.7
1405960 2120.6
1405970 2120.6
1405980 2128.1
1405990 2135.7
1406000 2135.7
1406010 2143.1
1406020 2150.4
1406030 2150.4
1406040 2158.1
1406050 2166.0
1406060 2166.0
1406070 2173.9
1406080 2182.9
1406090 2182.9
1406100 2191.6
1406110 2199.1
1406120 2199.1
1406130 2208.0
1406140 2220.7
1406150 2220.7
1406160 2233.0
1406170 2247.4
1406180 2247.4
1406190 2262.1
1406200 2270.0
1406210 2273.6
1406220 2273.6
1406230 2275.2
1406240 2276.1
1406250 2276.1
1406260 2281.0
1406270 2289.8
1406280 2289.8
1406290 2308.6
1406300 2322.9
1406310 2322.9
1406320 2330.2
1406330 2336.5
1406340 2336.5
1406350 2343.8
1406360 2352.1
1406370 2352.1
1406380 2357.2
1406390 2360.4
1406400 2360.4
1406410 2363.1
1406420 2366.1
1406430 2366.1
1406440 2370.2
1406450 2376.2
1406460 2380.6
1406470 2380.6
1406480 2385.2
1406490 2390.0
1406500 2390.0
1406510 2394.9
1406520 2400.1
1406530 2400.1
1406540 2405.4
1406550 2409.9
1406560 2409.9
1406570 2412.3
1406580 2415.1
1406590 2415.1
1406600 2418.8
1406610 2421.3
1406620 2421.3
1406630 2423.8
1406640 2427.2
1406650 2427.2
1406660 2429.7
1406670 2430.9
1406680 2430.9
1406690 2434.7
1406700 2439.4
1406710 2441.6
1406720 2441.6
1406730 2443.0
1406740 2444.8
1406750 2444.8
1406760 2446.8
1406770 2446.7
1406780 2446.7
1406790 2444.8
1406800 2445.4
1406810 2445.4
1406820 2445.6
1406830 2445.5
1406840 2445.5
1406850 2445.6
1406860 2452.9
1406870 2452.9
1406880 2449.9
1406890 2449.6
1406900 2449.6
1406910 2450.3
1406920 2450.0
1406930 2450.0
1406940 2449.3
1406950 2443.2
1406960 2440.7
1406970 2440.7
1406980 2439.4
1406990 2440.3
1407000 2440.3
1407010 2440.3
1407020 2424.1
1407030 2424.1
1407040 2415.3
1407050 2408.5
1407060 2408.5
1407070 2409.1
1407080 2407.5
1407090 2407.5
1407100 2401.1
1407110 2395.5
1407120 2395.5
1407130 2386.7
1407140 2374.2
1407150 2374.2
1407160 2358.2
1407170 2328.2
1407180 2328.2
1407190 2305.9
1407200 2296.4
1407210 2289.1
1407220 2289.1
1407230 2282.0
1407240 2274.9
1407250 2274.9
1407260 2268.4
1407270 2262.0
1407280 2262.0
1407290 2255.7
1407300 2249.8
1407310 2249.8
1407320 2244.2
1407330 2238.7
1407340 2238.7
1407350 2234.0
1407360 2230.3
1407370 2230.3
1407380 2226.8
1407390 2222.5
1407400 2222.5
1407410 2217.1
1407420 2211.8
1407430 2211.8
1407440 2206.6
1407450 2201.0
1407460 2195.9
1407470 2195.9
1407480 2190.6
1407490 2186.1
1407500 2186.1
1407510 2182.9
1407520 2180.6
1407530 2180.6
1407540 2177.8
1407550 2173.1
1407560 2173.1
1407570 2166.8
1407580 2159.9
1407590 2159.9
1407600 2154.2
1407610 2148.1
1407620 2148.1
1407630 2140.6
1407640 2130.3
1407650 2130.3
1407660 2121.5
1407670 2113.4
1407680 2113.4
1407690 2105.0
1407700 2096.4
1407710 2090.3
1407720 2090.3
1407730 2084.1
1407740 2076.5
1407750 2076.5
1407760 2070.1
1407770 2065.8
1407780 2065.8
1407790 2060.9
1407800 2054.3
1407810 2054.3
1407820 2046.2
1407830 2039.7
1407840 2039.7
1407850 2033.1
1407860 2025.7
1407870 2025.7
1407880 2018.0
1407890 2010.2
1407900 2010.2
1407910 2002.5
1407920 1994.0
1407930 1994.0
1407940 1987.1
1407950 1980.6
1407960 1974.0
1407970 1974.0
1407980 1968.5
1407990 1962.6
1408000 1962.6
1408010 1956.0
1408020 1950.5
1408030 1950.5
1408040 1944.8
1408050 1939.1
1408060 1939.1
1408070 1933.0
1408080 1927.7
1408090 1927.7
1408100 1923.2
1408110 1918.7
1408120 1918.7
1408130 1913.4
1408140 1909.3
1408150 1909.3
1408160 1904.0
1408170 1899.1
1408180 1899.1
1408190 1893.9
1408200 1886.5
1408210 1878.0
1408220 1878.0
1408230 1873.3
1408240 1869.8
1408250 1869.8
1408260 1867.3
1408270 1858.3
1408280 1858.3
1408290 1852.1
1408300 1846.8
1408310 1846.8
1408320 1839.7
1408330 1830.8
1408340 1830.8
1408350 1825.2
1408360 1820.4
1408370 1820.4
1408380 1815.2
1408390 1808.3
1408400 1808.3
1408410 1798.9
1408420 1792.3
1408430 1792.3
1408440 1785.3
1408450 1776.7
1408460 1769.1
1408470 1769.1
1408480 1764.7
1408490 1761.5
1408500 1761.5
1408510 1756.6
1408520 1746.7
1408530 1746.7
1408540 1734.2
1408550 1725.4
1408560 1725.4
1408570 1716.5
1408580 1707.7
1408590 1707.7
1408600 1701.4
1408610 1694.9
1408620 1694.9
1408630 1687.8
1408640 1679.4
1408650 1679.4
1408660 1669.8
1408670 1661.5
1408680 1661.5
1408690 1654.2
1408700 1647.9
1408710 1640.7
1408720 1640.7
1408730 1633.3
1408740 1626.4
1408750 1626.4
1408760 1620.7
1408770 1616.3
1408780 1616.3
1408790 1613.0
1408800 1609.6
1408810 1609.6
1408820 1606.5
1408830 1603.1
1408840 1603.1
1408850 1598.7
1408860 1591.4
1408870 1591.4
1408880 1594.5
1408890 1597.4
1408900 1597.4
1408910 1599.8
1408920 1602.3
1408930 1602.3
1408940 1604.3
1408950 1604.9
1408960 1608.2
1408970 1608.2
1408980 1612.8
1408990 1616.9
1409000 1616.9
1409010 1621.3
1409020 1626.8
1409030 1626.8
1409040 1633.2
1409050 1639.5
1409060 1639.5
1409070 1645.8
1409080 1650.5
1409090 1650.5
1409100 1655.2
1409110 1659.6
1409120 1659.6
1409130 1665.9
1409140 1673.4
1409150 1673.4
1409160 1681.4
1409170 1687.6
1409180 1687.6
1409190 1692.1
1409200 1695.1
1409210 1698.5
1409220 1698.5
1409230 1703.8
1409240 1710.9
1409250 1710.9
1409260 1716.6
1409270 1721.3
1409280 1721.3
1409290 1725.3
1409300 1731.0
1409310 1731.0
1409320 1735.8
1409330 1739.4
1409340 1739.4
1409350 1744.4
1409360 1750.8
1409370 1750.8
1409380 1756.4
1409390 1761.7
1409400 1761.7
1409410 1766.6
1409420 1772.2
1409430 1772.2
1409440 1776.5
1409450 1782.5
1409460 1789.0
1409470 1789.0
1409480 1794.4
1409490 1801.1
1409500 1801.1
1409510 1805.0
1409520 1810.8
1409530 1810.8
1409540 1818.2
1409550 1824.8
1409560 1824.8
1409570 1831.0
1409580 1837.8
1409590 1837.8
1409600 1844.6
1409610 1850.7
1409620 1850.7
1409630 1857.2
1409640 1864.8
1409650 1864.8
1409660 1872.4
1409670 1880.0
1409680 1886.0
1409690 1886.0
1409700 1891.2
1409710 1896.9
1409720 1896.9
1409730 1906.0
1409740 1915.5
1409750 1915.5
1409760 1923.5
1409770 1941.9
1409780 1941.9
1409790 1965.2
1409800 1984.6
1409810 1984.6
1409820 2006.1
1409830 2017.4
1409840 2017.4
1409850 2024.2
1409860 2018.0
1409870 2018.0
1409880 2008.5
1409890 2010.3
1409900 2010.3
1409910 2010.2
1409920 2009.7
1409930 2000.4
1409940 2000.4
1409950 1997.8
1409960 1996.2
1409970 1996.2
1409980 1993.1
1409990 1992.7
1410000 1992.7
1410010 1996.8
1410020 2005.0
1410030 2005.0
1410040 2013.5
1410050 2022.0
1410060 2022.0
1410070 2030.3
1410080 2038.9
1410090 2038.9
1410100 2048.0
1410110 2052.9
1410120 2052.9
1410130 2057.2
1410140 2060.9
1410150 2060.9
1410160 2065.5
1410170 2069.9
1410180 2073.8
1410190 2073.8
1410200 2077.2
1410210 2087.0
1410220 2087.0
1410230 2089.9
1410240 2087.4
1410250 2087.4
1410260 2083.9
1410270 2085.8
1410280 2085.8
1410290 2087.6
1410300 2087.7
1410310 2087.7
1410320 2086.5
1410330 2091.2
1410340 2091.2
1410350 2099.0
1410360 2107.3
1410370 2107.3
1410380 2118.6
1410390 2134.3
1410400 2134.3
1410410 2138.9
1410420 2136.3
1410430 2132.5
1410440 2132.5
1410450 2130.0
1410460 2129.4
1410470 2129.4
1410480 2134.5
1410490 2143.1
1410500 2143.1
1410510 2145.2
1410520 2152.2
1410530 2152.2
1410540 2165.0
1410550 2171.7
1410560 2171.7
1410570 2178.2
1410580 2185.0
1410590 2185.0
1410600 2188.0
1410610 2194.8
1410620 2194.8
1410630 2199.3
1410640 2203.4
1410650 2203.4
1410660 2207.6
1410670 2209.7
1410680 2208.7
1410690 2208.7
1410700 2211.4
1410710 2216.9
1410720 2216.9
1410730 2220.1
1410740 2230.0
1410750 2230.0
1410760 2241.3
1410770 2244.9
1410780 2244.9
1410790 2247.1
1410800 2249.1
1410810 2249.1
1410820 2253.1
1410830 2262.0
1410840 2262.0
1410850 2268.9
1410860 2273.7
1410870 2273.7
1410880 2280.3
1410890 2287.6
1410900 2287.6
1410910 2297.7
1410920 2316.7
1410930 2336.0
1410940 2336.0
1410950 2357.2
1410960 2372.8
1410970 2372.8
1410980 2379.6
1410990 2389.9
1411000 2389.9
1411010 2400.0
1411020 2411.9
1411030 2411.9
1411040 2421.3
1411050 2429.2
1411060 2429.2
1411070 2436.9
1411080 2445.1
1411090 2445.1
1411100 2453.5
1411110 2462.0
1411120 2462.0
1411130 2470.5
1411140 2480.2
1411150 2480.2
1411160 2488.9
1411170 2496.6
1411180 2504.8
1411190 2504.8
1411200 2512.1
1411210 2519.9
1411220 2519.9
1411230 2526.3
1411240 2534.3
1411250 2534.3
1411260 2541.8
1411270 2550.4
1411280 2550.4
1411290 2561.3
1411300 2572.7
1411310 2572.7
1411320 2584.5
1411330 2599.1
1411340 2599.1
1411350 2608.2
1411360 2608.5
1411370 2608.5
1411380 2606.8
1411390 2596.8
1411400 2596.8
1411410 2586.9
1411420 2577.5
1411430 2570.6
1411440 2570.6
1411450 2564.0
1411460 2557.1
1411470 2557.1
1411480 2551.6
1411490 2546.8
1411500 2546.8
1411510 2541.7
1411520 2536.1
1411530 2536.1
1411540 2532.3
1411550 2528.2
1411560 2528.2
1411570 2523.2
1411580 2518.0
1411590 2518.0
1411600 2511.1
1411610 2504.4
1411620 2504.4
1411630 2499.1
1411640 2494.2
1411650 2494.2
1411660 2490.8
1411670 2486.3
1411680 2476.2
1411690 2476.2
1411700 2467.0
1411710 2454.9
1411720 2454.9
1411730 2443.4
1411740 2438.1
1411750 2438.1
1411760 2432.0
1411770 2424.2
1411780 2424.2
1411790 2418.9
1411800 2415.0
1411810 2415.0
1411820 2411.0
1411830 2408.0
1411840 2408.0
1411850 2403.8
1411860 2398.6
1411870 2398.6
1411880 2395.5
1411890 2392.0
1411900 2392.0
1411910 2388.3
1411920 2385.8
1411930 2384.1
1411940 2385.4
1411950 2381.6
1411960 2377.3
1411970 2377.3
1411980 2376.4
1411990 2376.7
1412000 2376.7
1412010 2375.9
1412020 2371.7
1412030 2371.7
1412040 2368.9
1412050 2367.1
1412060 2367.1
1412070 2364.9
1412080 2361.9
1412090 2361.9
1412100 2360.1
1412110 2355.3
1412120 2355.3
1412130 2352.1
1412140 2350.3
1412150 2350.3
1412160 2348.8
1412170 2348.5
1412180 2349.1
1412190 2349.1
1412200 2347.0
1412210 2346.1
1412220 2346.1
1412230 2344.3
1412240 2340.1
1412250 2340.1
1412260 2335.5
1412270 2333.0
1412280 2333.0
1412290 2330.7
1412300 2328.5
1412310 2328.5
1412320 2322.9
1412330 2314.1
1412340 2314.1
1412350 2305.5
1412360 2300.2
1412370 2300.2
1412380 2295.5
1412390 2293.1
1412400 2293.1
1412410 2288.8
1412420 2283.0
1412430 2271.8
1412440 2271.8
1412450 2260.0
1412460 2253.2
1412470 2253.2
1412480 2247.2
1412490 2239.9
1412500 2239.9
1412510 2239.2
1412520 2239.4
1412530 2239.4
1412540 2240.7
1412550 2238.9
1412560 2238.9
1412570 2237.3
1412580 2236.0
1412590 2236.0
1412600 2233.9
1412610 2231.5
1412620 2231.5
1412630 2228.7
1412640 2224.2
1412650 2224.2
1412660 2218.2
1412670 2216.0
1412680 2215.1
1412690 2215.1
1412700 2212.1
1412710 2207.9
1412720 2207.9
1412730 2205.9
1412740 2202.9
1412750 2202.9
1412760 2199.8
1412770 2195.5
1412780 2195.5
1412790 2190.9
1412800 2185.4
1412810 2185.4
1412820 2177.9
1412830 2170.8
1412840 2170.8
1412850 2163.9
1412860 2157.5
1412870 2157.5
1412880 2153.2
1412890 2148.7
1412900 2148.7
1412910 2145.4
1412920 2141.3
1412930 2136.2
1412940 2136.2
1412950 2130.8
1412960 2126.1
1412970 2126.1
1412980 2121.1
1412990 2116.8
1413000 2116.8
1413010 2112.6
1413020 2107.8
1413030 2107.8
1413040 2103.8
1413050 2102.3
1413060 2102.3
1413070 2101.5
1413080 2098.9
1413090 2098.9
1413100 2098.7
1413110 2098.4
1413120 2098.4
1413130 2097.5
1413140 2095.2
1413150 2095.2
1413160 2091.0
1413170 2086.3
1413180 2083.2
1413190 2083.2
1413200 2079.6
1413210 2076.4
1413220 2076.4
1413230 2074.4
1413240 2071.4
1413250 2071.4
1413260 2068.5
1413270 2065.8
1413280 2065.8
1413290 2065.5
1413300 2066.3
1413310 2066.3
1413320 2065.8
1413330 2064.2
1413340 2064.2
1413350 2060.8
1413360 2056.5
1413370 2056.5
1413380 2057.9
1413390 2056.7
1413400 2052.1
1413410 2052.1
1413420 2048.1
1413430 2045.5
1413440 2045.5
1413450 2042.9
1413460 2038.5
1413470 2038.5
1413480 2031.3
1413490 2025.9
1413500 2025.9
1413510 2023.8
1413520 2022.5
1413530 2022.5
1413540 2019.0
1413550 2014.0
1413560 2014.0
1413570 2007.6
1413580 2004.3
1413590 2004.3
1413600 2002.1
1413610 2000.1
1413620 2000.1
1413630 1999.9
1413640 1998.0
1413650 1995.0
1413660 1995.0
1413670 1991.5
1413680 1987.9
1413690 1987.9
1413700 1984.0
1413710 1979.5
1413720 1981.2
1413730 1978.4
1413740 1975.8
1413750 1975.8
1413760 1972.5
1413770 1968.4
1413780 1968.4
1413790 1964.1
1413800 1958.8
1413810 1958.8
1413820 1952.7
1413830 1945.3
1413840 1945.3
1413850 1938.2
1413860 1930.9
1413870 1930.9
1413880 1924.3
1413890 1918.2
1413900 1911.8
1413910 1911.8
1413920 1905.5
1413930 1899.5
1413940 1899.5
1413950 1892.4
1413960 1886.2
1413970 1886.2
1413980 1881.8
1413990 1877.6
1414000 1877.6
1414010 1872.1
1414020 1866.9
1414030 1866.9
1414040 1863.0
1414050 1858.9
1414060 1858.9
1414070 1855.3
1414080 1853.1
1414090 1853.1
1414100 1850.9
1414110 1847.6
1414120 1847.6
1414130 1844.3
1414140 1841.0
1414150 1837.4
1414160 1837.4
1414170 1834.3
1414180 1832.1
1414190 1832.1
1414200 1829.4
1414210 1826.6
1414220 1826.6
1414230 1824.5
1414240 1822.2
1414250 1822.2
1414260 1818.7
1414270 1812.9
1414280 1812.9
1414290 1806.0
1414300 1809.9
1414310 1809.9
1414320 1813.0
1414330 1816.1
1414340 1816.1
1414350 1817.9
1414360 1817.8
1414370 1817.8
1414380 1819.9
1414390 1822.0
1414400 1823.7
1414410 1823.7
1414420 1827.9
1414430 1832.2
1414440 1832.2
1414450 1836.4
1414460 1840.9
1414470 1840.9
1414480 1845.4
1414490 1849.8
1414500 1849.8
1414510 1852.8
1414520 1851.7
1414530 1851.7
1414540 1848.6
1414550 1844.5
1414560 1844.5
1414570 1839.6
1414580 1834.7
1414590 1834.7
1414600 1830.8
1414610 1826.7
1414620 1826.7
1414630 1822.6
1414640 1817.8
1414650 1812.7
1414660 1812.7
1414670 1808.5
1414680 1804.7
1414690 1804.7
1414700 1799.6
1414710 1793.1
1414720 1793.1
1414730 1788.0
1414740 1785.0
1414750 1785.0
1414760 1782.9
1414770 1778.6
1414780 1778.6
1414790 1771.7
1414800 1762.7
1414810 1762.7
1414820 1757.0
1414830 1750.3
1414840 1750.3
1414850 1745.5
1414860 1741.0
1414870 1741.0
1414880 1736.3
1414890 1731.7
1414900 1728.0
1414910 1728.0
1414920 1724.1
1414930 1718.9
1414940 1718.9
1414950 1712.5
1414960 1702.1
1414970 1702.1
1414980 1691.6
1414990 1684.6
1415000 1684.6
1415010 1678.9
1415020 1673.6
1415030 1673.6
1415040 1669.1
1415050 1664.5
1415060 1664.5
1415070 1660.7
1415080 1658.3
1415090 1658.3
1415100 1655.0
1415110 1647.5
1415120 1647.5
1415130 1635.5
1415140 1626.6
1415150 1617.1
1415160 1617.1
1415170 1607.1
1415180 1597.1
1415190 1597.1
1415200 1589.8
1415210 1584.6
1415220 1584.6
1415230 1579.1
1415240 1574.0
1415250 1574.0
1415260 1569.5
1415270 1564.8
1415280 1564.8
1415290 1559.4
1415300 1553.2
1415310 1553.2
1415320 1547.2
1415330 1541.6
1415340 1541.6
1415350 1537.9
1415360 1536.3
1415370 1536.3
1415380 1532.8
1415390 1529.3
1415400 1525.8
1415410 1525.8
1415420 1522.0
1415430 1516.9
1415440 1516.9
1415450 1510.3
1415460 1503.6
1415470 1503.6
1415480 1498.3
1415490 1493.5
1415500 1493.5
1415510 1487.6
1415520 1480.6
1415530 1480.6
1415540 1475.7
1415550 1466.5
1415560 1466.5
1415570 1460.6
1415580 1445.3
1415590 1445.3
1415600 1427.2
1415610 1408.4
1415620 1408.4
1415630 1395.5
1415640 1384.3
1415650 1375.0
1415660 1375.0
1415670 1369.0
1415680 1365.2
1415690 1365.2
1415700 1361.1
1415710 1352.8
1415720 1352.8
1415730 1336.2
1415740 1323.7
1415750 1323.7
1415760 1314.4
1415770 1307.9
1415780 1307.9
1415790 1309.2
1415800 1308.2
1415810 1308.2
1415820 1306.2
1415830 1303.3
1415840 1303.3
1415850 1299.0
1415860 1296.4
1415870 1296.4
1415880 1292.6
1415890 1286.9
1415900 1280.8
1415910 1280.8
1415920 1278.4
1415930 1274.8
1415940 1274.8
1415950 1270.1
1415960 1264.3
1415970 1264.3
1415980 1258.5
1415990 1249.4
1416000 1249.4
1416010 1242.6
1416020 1239.5
1416030 1239.5
1416040 1236.2
1416050 1231.1
1416060 1231.1
1416070 1224.7
1416080 1214.8
1416090 1214.8
1416100 1208.6
1416110 1206.1
1416120 1206.1
1416130 1198.6
1416140 1186.0
1416150 1174.4
1416160 1174.4
1416170 1162.2
1416180 1142.1
1416190 1142.1
1416200 1121.1
1416210 1096.2
1416220 1096.2
1416230 1075.2
1416240 1062.2
1416250 1062.2
1416260 1054.0
1416270 1047.9
1416280 1047.9
1416290 1042.4
1416300 1032.2
1416310 1032.2
1416320 1022.2
1416330 1015.2
1416340 1015.2
1416350 1009.1
1416360 1003.9
1416370 1003.9
1416380 997.7
1416390 994.6
1416400 987.6
1416410 987.6
1416420 981.2
1416430 976.5
1416440 976.5
1416450 971.2
1416460 966.6
1416470 966.6
1416480 961.1
1416490 959.1
1416500 959.1
1416510 956.7
1416520 949.7
1416530 949.7
1416540 946.2
1416550 943.1
1416560 943.1
1416570 939.1
1416580 935.7
1416590 935.7
1416600 932.8
1416610 930.7
1416620 930.7
1416630 933.0
1416640 936.4
1416650 938.2
1416660 938.2
1416670 939.8
1416680 940.9
1416690 940.9
1416700 941.0
1416710 940.2
1416720 940.2
1416730 941.6
1416740 944.8
1416750 944.8
1416760 945.4
1416770 945.0
1416780 945.0
1416790 946.3
1416800 948.7
1416810 948.7
1416820 950.7
1416830 951.5
1416840 951.5
1416850 953.0
1416860 954.7
1416870 954.7
1416880 956.3
1416890 958.7
1416900 961.5
1416910 961.5
1416920 963.7
1416930 965.8
1416940 965.8
1416950 968.0
1416960 970.5
1416970 970.5
1416980 973.2
1416990 976.3
1417000 976.3
1417010 979.1
1417020 981.8
1417030 981.8
1417040 984.6
1417050 987.0
1417060 987.0
1417070 989.2
1417080 991.4
1417090 991.4
1417100 994.4
1417110 997.1
1417120 1000.5
1417130 1000.5
1417140 1003.8
1417150 1007.0
1417160 1007.0
1417170 1010.0
1417180 1012.9
1417190 1012.9
1417200 1016.6
1417210 1020.6
1417220 1020.6
1417230 1023.8
1417240 1027.5
1417250 1027.5
1417260 1030.2
1417270 1033.5
1417280 1033.5
1417290 1037.9
1417300 1041.4
1417310 1041.4
1417320 1044.9
1417330 1048.9
1417340 1048.9
1417350 1054.1
1417360 1056.2
1417370 1059.0
1417380 1059.0
1417390 1063.5
1417400 1069.1
1417410 1067.8
1417420 1074.5
1417430 1082.2
1417440 1082.2
1417450 1090.7
1417460 1099.4
1417470 1099.4
1417480 1107.5
1417490 1114.8
1417500 1114.8
1417510 1122.3
1417520 1129.3
1417530 1129.3
1417540 1135.2
1417550 1140.8
1417560 1140.8
1417570 1147.0
1417580 1153.5
1417590 1153.5
1417600 1160.1
1417610 1166.8
1417620 1172.4
1417630 1172.4
1417640 1175.5
1417650 1173.3
1417660 1173.3
1417670 1179.5
1417680 1187.4
1417690 1187.4
1417700 1190.5
1417710 1189.4
1417720 1189.4
1417730 1186.6
1417740 1184.0
1417750 1184.0
1417760 1181.2
1417770 1180.3
1417780 1180.3
1417790 1180.0
1417800 1182.8
1417810 1182.8
1417820 1187.8
1417830 1191.0
1417840 1191.0
1417850 1194.2
1417860 1199.4
1417870 1204.1
1417880 1204.1
1417890 1206.8
1417900 1210.2
1417910 1210.2
1417920 1213.9
1417930 1217.1
1417940 1217.1
1417950 1219.6
1417960 1220.4
1417970 1220.4
1417980 1222.6
1417990 1226.3
1418000 1226.3
1418010 1230.6
1418020 1234.6
1418030 1234.6
1418040 1239.5
1418050 1244.7
1418060 1244.7
1418070 1248.0
1418080 1252.2
1418090 1252.2
1418100 1258.2
1418110 1265.2
1418120 1271.8
1418130 1271.8
1418140 1277.7
1418150 1282.8
1418160 1282.8
1418170 1285.6
1418180 1287.6
1418190 1287.6
1418200 1286.6
1418210 1283.3
1418220 1283.3
1418230 1281.5
1418240 1281.4
1418250 1281.4
1418260 1285.2
1418270 1292.0
1418280 1292.0
1418290 1297.7
1418300 1301.0
1418310 1301.0
1418320 1305.4
1418330 1312.6
1418340 1312.6
1418350 1320.0
1418360 1330.0
1418370 1342.3
1418380 1342.3
1418390 1354.9
1418400 1367.5
1418410 1367.5
1418420 1374.2
1418430 1383.1
1418440 1383.1
1418450 1391.2
1418460 1398.9
1418470 1398.9
1418480 1407.0
1418490 1413.4
1418500 1413.4
1418510 1419.8
1418520 1427.4
1418530 1427.4
1418540 1437.1
1418550 1444.6
1418560 1444.6
1418570 1450.0
1418580 1457.1
1418590 1457.1
1418600 1464.6
1418610 1471.8
1418620 1477.3
1418630 1477.3
1418640 1481.1
1418650 1484.5
1418660 1484.5
1418670 1489.4
1418680 1496.1
1418690 1496.1
1418700 1503.5
1418710 1510.2
1418720 1510.2
1418730 1516.8
1418740 1522.6
1418750 1522.6
1418760 1523.5
1418770 1521.1
1418780 1521.1
1418790 1519.9
1418800 1520.3
1418810 1520.3
1418820 1521.7
1418830 1523.6
1418840 1523.6
1418850 1527.2
1418860 1533.1
1418870 1540.6
1418880 1540.6
1418890 1546.5
1418900 1547.9
1418910 1547.9
1418920 1546.4
1418930 1540.6
1418940 1540.6
1418950 1539.4
1418960 1539.4
1418970 1539.4
1418980 1537.1
1418990 1531.3
1419000 1531.3
1419010 1534.3
1419020 1544.6
1419030 1544.6
1419040 1556.5
1419050 1566.6
1419060 1566.6
1419070 1577.2
1419080 1587.9
1419090 1587.9
1419100 1596.2
1419110 1603.2
1419120 1610.8
1419130 1610.8
1419140 1620.3
1419150 1629.2
1419160 1629.2
1419170 1636.8
1419180 1644.7
1419190 1644.7
1419200 1652.6
1419210 1659.9
1419220 1659.9
1419230 1667.1
1419240 1674.4
1419250 1674.4
1419260 1681.6
1419270 1688.8
1419280 1688.8
1419290 1696.7
1419300 1705.2
1419310 1705.2
1419320 1715.4
1419330 1731.1
1419340 1731.1
1419350 1738.2
1419360 1744.7
1419370 1751.7
1419380 1751.7
1419390 1757.9
1419400 1764.5
1419410 1764.5
1419420 1771.1
1419430 1777.3
1419440 1777.3
1419450 1783.2
1419460 1789.4
1419470 1789.4
1419480 1795.9
1419490 1802.3
1419500 1802.3
1419510 1808.2
1419520 1815.0
1419530 1815.0
1419540 1822.6
1419550 1831.9
1419560 1831.9
1419570 1841.2
1419580 1851.3
1419590 1851.3
1419600 1861.7
1419610 1872.8
1419620 1881.6
1419630 1881.6
1419640 1888.7
1419650 1895.2
1419660 1895.2
1419670 1901.0
1419680 1906.9
1419690 1906.9
1419700 1913.1
1419710 1918.0
1419720 1918.0
1419730 1923.7
1419740 1930.1
1419750 1930.1
1419760 1936.0
1419770 1942.3
1419780 1942.3
1419790 1948.6
1419800 1954.3
1419810 1954.3
1419820 1958.6
1419830 1962.1
1419840 1962.1
1419850 1965.3
1419860 1967.9
1419870 1970.8
1419880 1970.8
1419890 1974.0
1419900 1979.3
1419910 1979.3
1419920 1985.7
1419930 1992.0
1419940 1992.0
1419950 1996.6
1419960 1999.2
1419970 1999.2
1419980 2001.8
1419990 2004.6
