1400000 1029.4
1400010 1029.4
1400020 1020.4
1400030 1012.4
1400040 1007.1
1400050 1007.1
1400060 999.7
1400070 991.3
1400080 991.3
1400090 984.2
1400100 977.1
1400110 977.1
1400120 971.4
1400130 966.4
1400140 966.4
1400150 960.2
1400160 953.8
1400170 953.8
1400180 947.5
1400190 941.9
1400200 941.9
1400210 936.4
1400220 931.4
1400230 931.4
1400240 927.0
1400250 922.3
1400260 922.3
1400270 918.0
1400280 913.9
1400290 910.3
1400300 910.3
1400310 908.2
1400320 906.2
1400330 906.2
1400340 903.7
1400350 900.8
1400360 900.8
1400370 898.6
1400380 897.7
1400390 897.7
1400400 897.7
1400410 897.7
1400420 897.7
1400430 897.7
1400440 897.0
1400450 897.0
1400460 895.8
1400470 894.5
1400480 894.5
1400490 892.3
1400500 890.8
1400510 890.8
1400520 890.9
1400530 891.2
1400540 891.6
1400550 891.6
1400560 891.9
1400570 892.1
1400580 892.1
1400590 892.1
1400600 891.3
1400610 891.3
1400620 890.7
1400630 891.6
1400640 891.6
1400650 894.0
1400660 896.1
1400670 896.1
1400680 898.3
1400690 901.7
1400700 901.7
1400710 905.3
1400720 908.8
1400730 908.8
1400740 911.4
1400750 914.7
1400760 914.7
1400770 917.9
1400780 921.3
1400790 924.5
1400800 924.5
1400810 928.1
1400820 932.1
1400830 932.1
1400840 936.2
1400850 940.9
1400860 940.9
1400870 946.2
1400880 952.3
1400890 952.3
1400900 957.5
1400910 962.3
1400920 962.3
1400930 967.5
1400940 973.7
1400950 973.7
1400960 980.4
1400970 988.0
1400980 988.0
1400990 995.4
1401000 1002.2
1401010 1002.2
1401020 1008.9
1401030 1015.9
1401040 1023.3
1401050 1023.3
1401060 1030.9
1401070 1039.0
1401080 1039.0
1401090 1047.0
1401100 1054.8
1401110 1054.8
1401120 1061.9
1401130 1066.6
1401140 1066.6
1401150 1072.5
1401160 1084.0
1401170 1084.0
1401180 1096.9
1401190 1109.2
1401200 1109.2
1401210 1119.1
1401220 1128.7
1401230 1128.7
1401240 1149.0
1401250 1161.6
1401260 1161.6
1401270 1177.3
1401280 1215.1
1401290 1228.0
1401300 1228.0
1401310 1236.3
1401320 1244.6
1401330 1244.6
1401340 1250.5
1401350 1254.5
1401360 1254.5
1401370 1259.3
1401380 1265.3
1401390 1265.3
1401400 1272.3
1401410 1278.0
1401420 1278.0
1401430 1282.2
1401440 1288.2
1401450 1288.2
1401460 1292.9
1401470 1296.9
1401480 1296.9
1401490 1301.2
1401500 1305.5
1401510 1305.5
1401520 1310.9
1401530 1317.1
1401540 1323.6
1401550 1323.6
1401560 1329.9
1401570 1335.8
1401580 1335.8
1401590 1340.9
1401600 1344.3
1401610 1344.3
1401620 1348.7
1401630 1354.5
1401640 1354.5
1401650 1359.7
1401660 1364.3
1401670 1364.3
1401680 1368.9
1401690 1373.0
1401700 1373.0
1401710 1378.1
1401720 1382.6
1401730 1382.6
1401740 1387.4
1401750 1392.6
1401760 1392.6
1401770 1398.3
1401780 1404.9
1401790 1411.6
1401800 1411.6
1401810 1418.4
1401820 1424.7
1401830 1424.7
1401840 1432.2
1401850 1440.7
1401860 1440.7
1401870 1447.1
1401880 1452.3
1401890 1452.3
1401900 1461.4
1401910 1474.7
1401920 1474.7
1401930 1489.7
1401940 1502.6
1401950 1502.6
1401960 1508.6
1401970 1512.1
1401980 1512.1
1401990 1509.0
1402000 1509.0
1402010 1509.0
1402020 1512.3
1402030 1513.4
1402040 1514.6
1402050 1514.6
1402060 1520.9
1402070 1529.6
1402080 1529.6
1402090 1537.1
1402100 1542.8
1402110 1542.8
1402120 1547.0
1402130 1552.6
1402140 1552.6
1402150 1560.2
1402160 1567.4
1402170 1567.4
1402180 1574.9
1402190 1579.5
1402200 1579.5
1402210 1590.2
1402220 1590.1
1402230 1590.1
1402240 1592.5
1402250 1607.0
1402260 1607.0
1402270 1617.7
1402280 1628.3
1402290 1639.3
1402300 1639.3
1402310 1648.8
1402320 1656.7
1402330 1656.7
1402340 1665.9
1402350 1676.3
1402360 1676.3
1402370 1685.1
1402380 1693.0
1402390 1693.0
1402400 1701.2
1402410 1709.3
1402420 1709.3
1402430 1717.3
1402440 1726.0
1402450 1726.0
1402460 1735.3
1402470 1743.1
1402480 1743.1
1402490 1750.3
1402500 1757.9
1402510 1757.9
1402520 1765.8
1402530 1773.9
1402540 1781.7
1402550 1781.7
1402560 1793.5
1402570 1812.3
1402580 1812.3
1402590 1825.0
1402600 1832.0
1402610 1832.0
1402620 1835.7
1402630 1838.7
1402640 1838.7
1402650 1840.1
1402660 1839.2
1402670 1839.2
1402680 1837.4
1402690 1833.5
1402700 1833.5
1402710 1828.4
1402720 1824.1
1402730 1824.1
1402740 1819.3
1402750 1815.4
1402760 1815.4
1402770 1802.6
1402780 1806.4
1402790 1814.5
1402800 1814.5
1402810 1823.5
1402820 1828.3
1402830 1828.3
1402840 1832.9
1402850 1841.0
1402860 1841.0
1402870 1851.5
1402880 1862.2
1402890 1862.2
1402900 1873.1
1402910 1883.4
1402920 1883.4
1402930 1892.7
1402940 1900.0
1402950 1900.0
1402960 1905.2
1402970 1909.4
1402980 1909.4
1402990 1913.7
1403000 1918.0
1403010 1918.0
1403020 1922.4
1403030 1926.9
1403040 1931.1
1403050 1931.1
1403060 1934.0
1403070 1935.4
1403080 1935.4
1403090 1936.9
1403100 1939.2
1403110 1939.2
1403120 1943.4
1403130 1948.5
1403140 1948.5
1403150 1953.7
1403160 1958.1
1403170 1958.1
1403180 1963.8
1403190 1970.7
1403200 1970.7
1403210 1976.3
1403220 1981.3
1403230 1981.3
1403240 1985.5
1403250 1988.2
1403260 1988.2
1403270 1989.5
1403280 1990.1
1403290 1991.0
1403300 1991.0
1403310 1988.5
1403320 1982.9
1403330 1982.9
1403340 1985.9
1403350 1992.1
1403360 1992.1
1403370 1999.2
1403380 2002.8
1403390 2002.8
1403400 2002.8
1403410 1996.4
1403420 1996.4
1403430 1991.5
1403440 1990.3
1403450 1990.3
1403460 1992.2
1403470 1997.9
1403480 1997.9
1403490 2002.4
1403500 2006.7
1403510 2006.7
1403520 2011.6
1403530 2015.7
1403540 2020.0
1403550 2020.0
1403560 2024.6
1403570 2027.2
1403580 2027.2
1403590 2030.9
1403600 2035.5
1403610 2035.5
1403620 2039.6
1403630 2043.7
1403640 2043.7
1403650 2048.5
1403660 2052.5
1403670 2052.5
1403680 2058.9
1403690 2066.9
1403700 2066.9
1403710 2075.3
1403720 2083.4
1403730 2083.4
1403740 2091.1
1403750 2098.7
1403760 2106.0
1403770 2106.0
1403780 2114.6
1403790 2122.3
1403800 2122.3
1403810 2127.5
1403820 2132.4
1403830 2132.4
1403840 2139.1
1403850 2146.5
1403860 2146.5
1403870 2154.4
1403880 2163.2
1403890 2163.2
1403900 2172.4
1403910 2182.7
1403920 2182.7
1403930 2191.9
1403940 2200.6
1403950 2200.6
1403960 2209.3
1403970 2218.0
1403980 2218.0
1403990 2228.0
1404000 2238.5
1404010 2247.4
1404020 2247.4
1404030 2256.7
1404040 2264.9
1404050 2264.9
1404060 2278.3
1404070 2273.2
1404080 2273.2
1404090 2277.3
1404100 2285.3
1404110 2285.3
1404120 2292.5
1404130 2300.0
1404140 2300.0
1404150 2308.8
1404160 2318.6
1404170 2318.6
1404180 2327.4
1404190 2328.3
1404200 2328.3
1404210 2330.7
1404220 2332.7
1404230 2332.7
1404240 2332.7
1404250 2334.2
1404260 2338.7
1404270 2338.7
1404280 2345.3
1404290 2352.6
1404300 2352.6
1404310 2361.0
1404320 2359.5
1404330 2359.5
1404340 2328.8
1404350 2331.2
1404360 2331.2
1404370 2284.1
1404380 2279.8
1404390 2279.8
1404400 2288.9
1404410 2301.3
1404420 2301.3
1404430 2312.2
1404440 2317.8
1404450 2317.8
1404460 2307.4
1404470 2299.5
1404480 2299.5
1404490 2291.0
1404500 2281.0
1404510 2270.5
1404520 2270.5
1404530 2265.9
1404540 2259.1
1404550 2259.1
1404560 2249.6
1404570 2239.9
1404580 2239.9
1404590 2231.1
1404600 2220.8
1404610 2220.8
1404620 2211.6
1404630 2203.0
1404640 2203.0
1404650 2193.8
1404660 2183.9
1404670 2183.9
1404680 2173.6
1404690 2158.8
1404700 2158.8
1404710 2150.5
1404720 2137.3
1404730 2137.3
1404740 2117.3
1404750 2104.7
1404760 2095.6
1404770 2095.6
1404780 2086.4
1404790 2077.4
1404800 2077.4
1404810 2068.5
1404820 2060.5
1404830 2060.5
1404840 2053.0
1404850 2046.3
1404860 2046.3
1404870 2039.6
1404880 2033.2
1404890 2033.2
1404900 2027.1
1404910 2021.6
1404920 2021.6
1404930 2016.5
1404940 2011.1
1404950 2011.1
1404960 2006.1
1404970 2001.4
1404980 2001.4
1404990 1997.4
1405000 1994.6
1405010 1991.6
1405020 1991.6
1405030 1988.4
1405040 1985.2
1405050 1985.2
1405060 1981.4
1405070 1977.5
1405080 1977.5
1405090 1972.9
1405100 1968.1
1405110 1968.1
1405120 1962.0
1405130 1954.5
1405140 1954.5
1405150 1946.8
1405160 1939.9
1405170 1939.9
1405180 1933.9
1405190 1928.9
1405200 1928.9
1405210 1924.1
1405220 1919.6
1405230 1919.6
1405240 1915.1
1405250 1911.3
1405260 1907.4
1405270 1907.4
1405280 1903.8
1405290 1900.5
1405300 1900.5
1405310 1897.7
1405320 1894.9
1405330 1894.9
1405340 1891.9
1405350 1888.8
1405360 1888.8
1405370 1885.3
1405380 1881.0
1405390 1881.0
1405400 1876.3
1405410 1872.0
1405420 1872.0
1405430 1868.8
1405440 1864.6
1405450 1864.6
1405460 1867.5
1405470 1868.3
1405480 1868.3
1405490 1867.3
1405500 1866.5
1405510 1865.1
1405520 1865.1
1405530 1863.5
1405540 1862.8
1405550 1862.8
1405560 1861.1
1405570 1862.3
1405580 1862.3
1405590 1864.6
1405600 1865.8
1405610 1865.8
1405620 1867.1
1405630 1867.6
1405640 1867.6
1405650 1867.6
1405660 1867.6
1405670 1867.6
1405680 1868.7
1405690 1869.8
1405700 1869.8
1405710 1871.2
1405720 1872.4
1405730 1872.4
1405740 1873.6
1405750 1874.0
1405760 1873.9
1405770 1873.9
1405780 1874.1
1405790 1873.9
1405800 1873.9
1405810 1874.3
1405820 1876.2
1405830 1876.2
1405840 1877.8
1405850 1879.6
1405860 1879.6
1405870 1881.4
1405880 1884.4
1405890 1884.4
1405900 1887.2
1405910 1891.4
1405920 1891.4
1405930 1896.2
1405940 1900.0
1405950 1903.3
1405960 1907.7
1405970 1911.7
1405980 1911.7
1405990 1915.3
1406000 1918.2
1406010 1921.3
1406020 1921.3
1406030 1922.3
1406040 1925.0
1406050 1925.0
1406060 1929.2
1406070 1932.4
1406080 1932.4
1406090 1936.1
1406100 1940.4
1406110 1940.4
1406120 1944.7
1406130 1949.3
1406140 1949.3
1406150 1954.2
1406160 1959.6
1406170 1959.6
1406180 1964.9
1406190 1970.7
1406200 1970.7
1406210 1976.9
1406220 1982.9
1406230 1982.9
1406240 1988.8
1406250 1994.5
1406260 2000.9
1406270 2000.9
1406280 2008.8
1406290 2018.2
1406300 2018.2
1406310 2029.0
1406320 2038.6
1406330 2038.6
1406340 2051.0
1406350 2064.0
1406360 2064.0
1406370 2074.7
1406380 2084.6
1406390 2084.6
1406400 2096.4
1406410 2105.8
1406420 2105.8
1406430 2116.8
1406440 2129.6
1406450 2129.6
1406460 2142.2
1406470 2150.1
1406480 2150.1
1406490 2153.7
1406500 2153.0
1406510 2155.6
1406520 2155.6
1406530 2158.9
1406540 2162.5
1406550 2162.5
1406560 2168.1
1406570 2172.9
1406580 2172.9
1406590 2178.0
1406600 2183.8
1406610 2183.8
1406620 2191.3
1406630 2198.2
1406640 2198.2
1406650 2205.6
1406660 2213.6
1406670 2213.6
1406680 2222.3
1406690 2232.5
1406700 2232.5
1406710 2242.5
1406720 2253.4
1406730 2253.4
1406740 2264.6
1406750 2274.8
1406760 2286.6
1406770 2286.6
1406780 2301.9
1406790 2312.6
1406800 2312.6
1406810 2322.2
1406820 2324.1
1406830 2324.1
1406840 2319.8
1406850 2315.1
1406860 2315.1
1406870 2314.3
1406880 2310.4
1406890 2310.4
1406900 2304.7
1406910 2300.9
1406920 2300.9
1406930 2296.3
1406940 2284.6
1406950 2284.6
1406960 2273.0
1406970 2261.5
1406980 2261.5
1406990 2252.7
1407000 2247.7
1407010 2243.9
1407020 2243.9
1407030 2235.0
1407040 2228.3
1407050 2228.3
1407060 2219.7
1407070 2207.5
1407080 2207.5
1407090 2198.1
1407100 2193.0
1407110 2193.0
1407120 2191.0
1407130 2190.0
1407140 2190.0
1407150 2183.7
1407160 2175.3
1407170 2175.3
1407180 2168.8
1407190 2163.2
1407200 2163.2
1407210 2156.4
1407220 2147.8
1407230 2147.8
1407240 2140.6
1407250 2135.0
1407260 2130.3
1407270 2130.3
1407280 2125.8
1407290 2118.7
1407300 2118.7
1407310 2114.1
1407320 2109.1
1407330 2109.1
1407340 2103.3
1407350 2099.1
1407360 2099.1
1407370 2095.2
1407380 2090.5
1407390 2090.5
1407400 2085.3
1407410 2079.4
1407420 2079.4
1407430 2073.6
1407440 2067.7
1407450 2067.7
1407460 2062.4
1407470 2057.6
1407480 2057.6
1407490 2053.2
1407500 2049.2
1407510 2044.8
1407520 2044.8
1407530 2040.1
1407540 2035.1
1407550 2035.1
1407560 2029.7
1407570 2024.8
1407580 2021.9
1407590 2017.2
1407600 2012.4
1407610 2012.4
1407620 2008.0
1407630 2004.1
1407640 2004.1
1407650 2000.2
1407660 1996.3
1407670 1996.3
1407680 1992.6
1407690 1988.8
1407700 1988.8
1407710 1985.2
1407720 1981.3
1407730 1981.3
1407740 1977.5
1407750 1973.5
1407760 1969.0
1407770 1969.0
1407780 1964.8
1407790 1960.4
1407800 1960.4
1407810 1954.5
1407820 1948.2
1407830 1948.2
1407840 1943.5
1407850 1938.9
1407860 1938.9
1407870 1934.9
1407880 1931.4
1407890 1931.4
1407900 1927.6
1407910 1923.4
1407920 1923.4
1407930 1919.3
1407940 1915.1
1407950 1915.1
1407960 1911.0
1407970 1906.5
1407980 1906.5
1407990 1901.8
1408000 1897.5
1408010 1892.9
1408020 1892.9
1408030 1888.1
1408040 1883.0
1408050 1883.0
1408060 1877.1
1408070 1870.8
1408080 1870.8
1408090 1864.6
1408100 1858.2
1408110 1858.2
1408120 1852.5
1408130 1846.6
1408140 1846.6
1408150 1841.1
1408160 1836.1
1408170 1836.1
1408180 1830.8
1408190 1825.0
1408200 1825.0
1408210 1819.3
1408220 1811.9
1408230 1811.9
1408240 1805.3
1408250 1799.0
1408260 1793.2
1408270 1793.2
1408280 1787.2
1408290 1780.8
1408300 1780.8
1408310 1773.1
1408320 1764.9
1408330 1764.9
1408340 1756.4
1408350 1749.6
1408360 1749.6
1408370 1743.9
1408380 1739.0
1408390 1739.0
1408400 1729.8
1408410 1720.2
1408420 1720.2
1408430 1714.2
1408440 1711.0
1408450 1711.0
1408460 1706.0
1408470 1699.7
1408480 1699.7
1408490 1693.1
1408500 1685.3
1408510 1678.6
1408520 1678.6
1408530 1672.0
1408540 1662.9
1408550 1662.9
1408560 1651.9
1408570 1641.9
1408580 1641.9
1408590 1636.0
1408600 1631.0
1408610 1631.0
1408620 1628.5
1408630 1629.1
1408640 1629.1
1408650 1624.0
1408660 1618.6
1408670 1618.6
1408680 1615.7
1408690 1610.9
1408700 1610.9
1408710 1604.8
1408720 1598.3
1408730 1598.3
1408740 1591.3
1408750 1583.8
1408760 1576.1
1408770 1576.1
1408780 1568.5
1408790 1561.4
1408800 1561.4
1408810 1553.7
1408820 1545.9
1408830 1545.9
1408840 1536.7
1408850 1527.8
1408860 1527.8
1408870 1518.2
1408880 1508.6
1408890 1508.6
1408900 1500.0
1408910 1492.8
1408920 1492.8
1408930 1487.3
1408940 1483.0
1408950 1483.0
1408960 1481.4
1408970 1475.1
1408980 1475.1
1408990 1471.5
1409000 1469.3
1409010 1470.4
1409020 1470.4
1409030 1478.9
1409040 1479.8
1409050 1479.8
1409060 1480.6
1409070 1482.1
1409080 1482.1
1409090 1482.3
1409100 1483.3
1409110 1483.3
1409120 1482.7
1409130 1485.8
1409140 1485.8
1409150 1485.4
1409160 1487.2
1409170 1487.2
1409180 1487.0
1409190 1484.7
1409200 1484.7
1409210 1484.0
1409220 1483.8
1409230 1483.8
1409240 1483.1
1409250 1485.4
1409260 1485.1
1409270 1485.1
1409280 1485.0
1409290 1485.7
1409300 1485.7
1409310 1486.4
1409320 1486.7
1409330 1486.7
1409340 1487.4
1409350 1491.4
1409360 1491.4
1409370 1496.3
1409380 1501.6
1409390 1501.6
1409400 1507.1
1409410 1513.2
1409420 1513.2
1409430 1518.5
1409440 1525.1
1409450 1525.1
1409460 1531.7
1409470 1538.3
1409480 1538.3
1409490 1544.7
1409500 1551.8
1409510 1559.4
1409520 1559.4
1409530 1567.3
1409540 1575.1
1409550 1575.1
1409560 1582.7
1409570 1590.2
1409580 1590.2
1409590 1597.5
1409600 1608.1
1409610 1608.1
1409620 1625.4
1409630 1636.9
1409640 1636.9
1409650 1651.1
1409660 1671.6
1409670 1671.6
1409680 1683.8
1409690 1694.3
1409700 1694.3
1409710 1709.0
1409720 1720.7
1409730 1720.7
1409740 1733.6
1409750 1735.0
1409760 1735.1
1409770 1735.1
1409780 1742.6
1409790 1750.8
1409800 1750.8
1409810 1759.3
1409820 1767.4
1409830 1767.4
1409840 1775.6
1409850 1781.7
1409860 1781.7
1409870 1788.2
1409880 1791.3
1409890 1791.3
1409900 1795.4
1409910 1806.1
1409920 1806.1
1409930 1820.6
1409940 1839.7
1409950 1839.7
1409960 1853.9
1409970 1862.6
1409980 1862.6
1409990 1869.4
1410000 1877.7
1410010 1887.4
1410020 1887.4
1410030 1896.7
1410040 1912.3
1410050 1912.3
1410060 1917.0
1410070 1918.0
1410080 1918.0
1410090 1926.3
1410100 1929.9
1410110 1929.9
1410120 1926.1
1410130 1927.5
1410140 1927.5
1410150 1935.1
1410160 1938.5
1410170 1938.5
1410180 1944.1
1410190 1949.3
1410200 1949.3
1410210 1955.3
1410220 1957.3
1410230 1957.3
1410240 1949.9
1410250 1941.5
1410260 1938.0
1410270 1938.0
1410280 1939.2
1410290 1939.0
1410300 1939.0
1410310 1941.3
1410320 1947.1
1410330 1947.1
1410340 1951.6
1410350 1958.0
1410360 1958.0
1410370 1963.9
1410380 1966.2
1410390 1966.2
1410400 1967.0
1410410 1967.3
1410420 1967.3
1410430 1970.0
1410440 1972.7
1410450 1972.7
1410460 1976.4
1410470 1977.1
1410480 1977.1
1410490 1975.0
1410500 1972.4
1410510 1974.4
1410520 1974.4
1410530 1975.6
1410540 1976.7
1410550 1976.7
1410560 1979.3
1410570 1982.9
1410580 1982.9
1410590 1983.6
1410600 1988.7
1410610 1988.7
1410620 1996.3
1410630 2004.2
1410640 2004.2
1410650 2001.7
1410660 2000.4
1410670 2000.4
1410680 2000.8
1410690 2004.0
1410700 2004.0
1410710 2009.3
1410720 2019.9
1410730 2019.9
1410740 2036.3
1410750 2043.7
1410760 2054.1
1410770 2054.1
1410780 2056.7
1410790 2058.1
1410800 2058.1
1410810 2064.3
1410820 2071.9
1410830 2071.9
1410840 2074.3
1410850 2074.4
1410860 2074.4
1410870 2077.3
1410880 2084.8
1410890 2084.8
1410900 2091.1
1410910 2096.5
1410920 2096.5
1410930 2098.4
1410940 2104.7
1410950 2104.7
1410960 2122.2
1410970 2120.6
1410980 2120.6
1410990 2121.1
1411000 2122.7
1411010 2121.7
1411020 2121.7
1411030 2123.3
1411040 2124.5
1411050 2124.5
1411060 2125.8
1411070 2127.5
1411080 2127.5
1411090 2128.3
1411100 2130.4
1411110 2130.4
1411120 2135.1
1411130 2142.0
1411140 2142.0
1411150 2148.2
1411160 2156.0
1411170 2156.0
1411180 2171.1
1411190 2184.7
1411200 2184.7
1411210 2191.5
1411220 2201.3
1411230 2201.3
1411240 2213.0
1411250 2219.9
1411260 2226.1
1411270 2226.1
1411280 2234.9
1411290 2245.4
1411300 2245.4
1411310 2252.9
1411320 2262.6
1411330 2262.6
1411340 2272.3
1411350 2274.1
1411360 2274.1
1411370 2275.4
1411380 2283.5
1411390 2283.5
1411400 2297.5
1411410 2311.5
1411420 2311.5
1411430 2325.7
1411440 2338.2
1411450 2338.2
1411460 2343.8
1411470 2345.3
1411480 2345.3
1411490 2346.5
1411500 2349.1
1411510 2356.9
1411520 2356.9
1411530 2369.6
1411540 2382.3
1411550 2382.3
1411560 2396.0
1411570 2409.8
1411580 2409.8
1411590 2423.2
1411600 2440.1
1411610 2440.1
1411620 2450.9
1411630 2454.9
1411640 2454.9
1411650 2453.3
1411660 2433.2
1411670 2433.2
1411680 2423.8
1411690 2420.1
1411700 2420.1
1411710 2418.1
1411720 2416.8
1411730 2416.8
1411740 2415.5
1411750 2413.6
1411760 2411.8
1411770 2411.8
1411780 2410.8
1411790 2412.0
1411800 2412.0
1411810 2418.6
1411820 2426.2
1411830 2426.2
1411840 2426.3
1411850 2424.3
1411860 2424.3
1411870 2426.1
1411880 2421.1
1411890 2421.1
1411900 2420.0
1411910 2418.8
1411920 2418.8
1411930 2418.3
1411940 2418.7
1411950 2418.7
1411960 2422.7
1411970 2423.5
1411980 2423.5
1411990 2418.5
1412000 2413.3
1412010 2410.7
1412020 2410.7
1412030 2407.7
1412040 2405.8
1412050 2405.8
1412060 2404.8
1412070 2404.9
1412080 2404.9
1412090 2402.8
1412100 2399.6
1412110 2399.6
1412120 2401.0
1412130 2400.4
1412140 2400.4
1412150 2389.5
1412160 2378.6
1412170 2378.6
1412180 2371.2
1412190 2365.8
1412200 2365.8
1412210 2358.2
1412220 2351.8
1412230 2351.8
1412240 2346.5
1412250 2344.4
1412260 2340.7
1412270 2340.7
1412280 2337.8
1412290 2336.5
1412300 2336.5
1412310 2334.9
1412320 2333.7
1412330 2333.7
1412340 2332.8
1412350 2331.7
1412360 2331.7
1412370 2331.8
1412380 2332.6
1412390 2332.6
1412400 2328.7
1412410 2317.4
1412420 2317.4
1412430 2306.1
1412440 2296.3
1412450 2296.3
1412460 2287.1
1412470 2279.6
1412480 2279.6
1412490 2270.7
1412500 2265.3
1412510 2260.0
1412520 2260.0
1412530 2255.7
1412540 2250.2
1412550 2250.2
1412560 2245.5
1412570 2241.8
1412580 2241.8
1412590 2240.4
1412600 2239.0
1412610 2239.0
1412620 2237.7
1412630 2237.0
1412640 2237.0
1412650 2235.2
1412660 2230.4
1412670 2230.4
1412680 2225.4
1412690 2220.6
1412700 2220.6
1412710 2220.6
1412720 2217.1
1412730 2217.1
1412740 2212.4
1412750 2207.8
1412760 2207.7
1412770 2207.7
1412780 2206.9
1412790 2206.3
1412800 2206.3
1412810 2204.9
1412820 2204.4
1412830 2204.4
1412840 2204.9
1412850 2206.1
1412860 2206.1
1412870 2207.6
1412880 2208.7
1412890 2208.7
1412900 2210.0
1412910 2211.7
1412920 2211.7
1412930 2214.0
1412940 2216.7
1412950 2216.7
1412960 2220.6
1412970 2221.8
1412980 2221.8
1412990 2221.9
1413000 2221.4
1413010 2218.9
1413020 2218.9
1413030 2215.2
1413040 2209.2
1413050 2209.2
1413060 2204.6
1413070 2199.5
1413080 2199.5
1413090 2194.2
1413100 2187.9
1413110 2187.9
1413120 2182.1
1413130 2178.1
1413140 2178.1
1413150 2174.1
1413160 2170.6
1413170 2170.6
1413180 2167.9
1413190 2164.1
1413200 2164.1
1413210 2160.1
1413220 2156.9
1413230 2156.9
1413240 2153.9
1413250 2151.3
1413260 2148.3
1413270 2148.3
1413280 2146.0
1413290 2142.8
1413300 2142.8
1413310 2140.7
1413320 2136.4
1413330 2136.4
1413340 2130.2
1413350 2126.0
1413360 2126.0
1413370 2123.2
1413380 2121.0
1413390 2121.0
1413400 2118.6
1413410 2116.4
1413420 2116.4
1413430 2111.2
1413440 2102.9
1413450 2102.9
1413460 2095.9
1413470 2093.4
1413480 2093.4
1413490 2093.2
1413500 2092.4
1413510 2091.7
1413520 2091.7
1413530 2090.5
1413540 2088.1
1413550 2088.1
1413560 2085.9
1413570 2082.8
1413580 2082.8
1413590 2077.2
1413600 2070.4
1413610 2070.4
1413620 2064.9
1413630 2059.9
1413640 2059.9
1413650 2057.4
1413660 2055.1
1413670 2055.1
1413680 2051.2
1413690 2044.1
1413700 2044.1
1413710 2035.7
1413720 2026.6
1413730 2026.6
1413740 2018.2
1413750 2009.3
1413760 2000.1
1413770 2000.1
1413780 1993.5
1413790 1985.8
1413800 1985.8
1413810 1977.9
1413820 1970.4
1413830 1970.4
1413840 1962.5
1413850 1955.0
1413860 1955.0
1413870 1947.4
1413880 1939.4
1413890 1939.4
1413900 1929.2
1413910 1917.5
1413920 1917.5
1413930 1906.7
1413940 1895.3
1413950 1895.3
1413960 1886.9
1413970 1883.0
1413980 1883.0
1413990 1878.9
1414000 1873.3
1414010 1867.1
1414020 1867.1
1414030 1863.9
1414040 1860.0
1414050 1860.0
1414060 1855.7
1414070 1850.8
1414080 1850.8
1414090 1846.1
1414100 1842.2
1414110 1842.2
1414120 1836.2
1414130 1828.4
1414140 1828.4
1414150 1818.1
1414160 1809.1
1414170 1809.1
1414180 1808.7
1414190 1806.2
1414200 1806.2
1414210 1801.3
1414220 1796.5
1414230 1796.5
1414240 1791.5
1414250 1785.8
1414260 1780.3
1414270 1780.3
1414280 1775.4
1414290 1770.5
1414300 1770.5
1414310 1765.4
1414320 1759.8
1414330 1759.8
1414340 1753.4
1414350 1745.6
1414360 1745.6
1414370 1737.4
1414380 1730.4
1414390 1730.4
1414400 1726.4
1414410 1722.9
1414420 1722.9
1414430 1718.9
1414440 1714.2
1414450 1714.2
1414460 1708.9
1414470 1704.0
1414480 1704.0
1414490 1697.1
1414500 1697.4
1414510 1705.3
1414520 1705.3
1414530 1710.0
1414540 1714.4
1414550 1714.4
1414560 1718.9
1414570 1724.1
1414580 1724.1
1414590 1728.7
1414600 1732.8
1414610 1732.8
1414620 1735.8
1414630 1738.9
1414640 1738.9
1414650 1741.5
1414660 1743.7
1414670 1743.7
1414680 1745.4
1414690 1745.9
1414700 1745.9
1414710 1744.5
1414720 1738.9
1414730 1738.9
1414740 1727.8
1414750 1716.8
1414760 1707.9
1414770 1707.9
1414780 1700.9
1414790 1695.0
1414800 1695.0
1414810 1690.0
1414820 1686.3
1414830 1686.3
1414840 1684.1
1414850 1681.2
1414860 1681.2
1414870 1677.3
1414880 1673.9
1414890 1673.9
1414900 1669.9
1414910 1665.5
1414920 1665.5
1414930 1662.0
1414940 1657.6
1414950 1657.6
1414960 1653.1
1414970 1647.7
1414980 1647.7
1414990 1642.1
1415000 1637.1
1415010 1635.1
1415020 1635.1
1415030 1632.7
1415040 1628.5
1415050 1628.5
1415060 1623.9
1415070 1617.7
1415080 1617.7
1415090 1611.8
1415100 1605.8
1415110 1605.8
1415120 1600.1
1415130 1594.9
1415140 1594.9
1415150 1588.3
1415160 1585.6
1415170 1585.6
1415180 1582.2
1415190 1576.8
1415200 1576.8
1415210 1568.8
1415220 1560.6
1415230 1560.6
1415240 1555.4
1415250 1551.2
1415260 1546.7
1415270 1546.7
1415280 1540.7
1415290 1537.9
1415300 1537.9
1415310 1533.7
1415320 1530.4
1415330 1530.4
1415340 1529.0
1415350 1528.7
1415360 1528.7
1415370 1528.9
1415380 1527.5
1415390 1527.5
1415400 1516.6
1415410 1507.8
1415420 1507.8
1415430 1500.8
1415440 1490.4
1415450 1490.4
1415460 1484.7
1415470 1485.0
1415480 1485.0
1415490 1475.9
1415500 1469.3
1415510 1464.7
1415520 1464.7
1415530 1448.5
1415540 1443.5
1415550 1443.5
1415560 1445.2
1415570 1446.8
1415580 1446.8
1415590 1443.3
1415600 1438.9
1415610 1438.9
1415620 1430.4
1415630 1411.0
1415640 1411.0
1415650 1391.4
1415660 1386.2
1415670 1386.2
1415680 1388.9
1415690 1383.6
1415700 1383.6
1415710 1371.8
1415720 1364.2
1415730 1364.2
1415740 1355.1
1415750 1346.7
1415760 1341.9
1415770 1341.9
1415780 1338.7
1415790 1332.8
1415800 1332.8
1415810 1324.8
1415820 1315.9
1415830 1315.9
1415840 1311.7
1415850 1305.5
1415860 1305.5
1415870 1281.1
1415880 1277.1
1415890 1277.1
1415900 1278.8
1415910 1278.9
1415920 1278.9
1415930 1272.5
1415940 1262.2
1415950 1262.2
1415960 1259.7
1415970 1260.7
1415980 1260.7
1415990 1252.0
1416000 1238.0
1416010 1221.3
1416020 1221.3
1416030 1193.1
1416040 1156.2
1416050 1156.2
1416060 1143.8
1416070 1134.1
1416080 1134.1
1416090 1106.8
1416100 1076.7
1416110 1076.7
1416120 1055.4
1416130 1046.0
1416140 1046.0
1416150 1039.5
1416160 1032.3
1416170 1032.3
1416180 1025.3
1416190 1017.4
1416200 1017.4
1416210 1009.6
1416220 1002.2
1416230 1002.2
1416240 994.6
1416250 986.5
1416260 979.1
1416270 979.1
1416280 971.6
1416290 964.3
1416300 964.3
1416310 955.7
1416320 947.9
1416330 947.9
1416340 942.8
1416350 937.7
1416360 935.9
1416370 930.3
1416380 925.4
1416390 925.4
1416400 922.7
1416410 922.4
1416420 922.4
1416430 922.0
1416440 921.7
1416450 921.7
1416460 921.1
1416470 920.5
1416480 920.5
1416490 919.8
1416500 918.4
1416510 914.0
1416520 914.0
1416530 910.3
1416540 908.3
1416550 908.3
1416560 904.4
1416570 899.5
1416580 899.5
1416590 896.1
1416600 895.1
1416610 895.1
1416620 895.1
1416630 893.3
1416640 893.3
1416650 893.6
1416660 893.7
1416670 893.7
1416680 894.1
1416690 897.6
1416700 897.6
1416710 902.0
1416720 902.6
1416730 902.6
1416740 902.9
1416750 904.0
1416760 905.8
1416770 905.8
1416780 905.8
1416790 906.8
1416800 906.8
1416810 908.2
1416820 908.8
1416830 908.8
1416840 909.3
1416850 910.2
1416860 910.2
1416870 911.3
1416880 912.4
1416890 912.4
1416900 913.1
1416910 914.0
1416920 914.0
1416930 913.7
1416940 913.2
1416950 913.2
1416960 913.5
1416970 914.1
1416980 914.1
1416990 915.3
1417000 916.5
1417010 917.8
1417020 917.8
1417030 919.0
1417040 921.4
1417050 921.4
1417060 923.7
1417070 926.8
1417080 926.8
1417090 930.0
1417100 934.2
1417110 934.2
1417120 939.5
1417130 946.4
1417140 946.4
1417150 953.0
1417160 959.5
1417170 959.5
1417180 966.1
1417190 972.1
1417200 972.1
1417210 978.3
1417220 983.4
1417230 983.4
1417240 987.6
1417250 993.9
1417260 1009.0
1417270 1009.0
1417280 1023.7
1417290 1037.0
1417300 1037.0
1417310 1047.7
1417320 1053.4
1417330 1053.4
1417340 1059.5
1417350 1062.6
1417360 1062.6
1417370 1065.4
1417380 1071.2
1417390 1071.2
1417400 1079.2
1417410 1086.3
1417420 1086.3
1417430 1094.2
1417440 1104.0
1417450 1104.0
1417460 1120.3
1417470 1135.0
1417480 1157.1
1417490 1157.1
1417500 1169.2
1417510 1173.9
1417520 1173.9
1417530 1181.8
1417540 1185.8
1417550 1185.8
1417560 1191.0
1417570 1205.7
1417580 1205.7
1417590 1218.6
1417600 1235.7
1417610 1235.7
1417620 1266.9
1417630 1293.2
1417640 1293.2
1417650 1306.4
1417660 1316.0
1417670 1316.0
1417680 1323.7
1417690 1331.8
1417700 1331.8
1417710 1342.8
1417720 1344.3
1417730 1335.2
1417740 1335.2
1417750 1350.0
1417760 1362.5
1417770 1362.5
1417780 1367.7
1417790 1374.9
1417800 1374.9
1417810 1390.3
1417820 1405.3
1417830 1405.3
1417840 1416.0
1417850 1424.0
1417860 1424.0
1417870 1431.2
1417880 1437.0
1417890 1437.0
1417900 1441.8
1417910 1446.8
1417920 1446.8
1417930 1452.6
1417940 1459.8
1417950 1459.8
1417960 1466.8
1417970 1472.9
1417980 1478.8
1417990 1478.8
1418000 1484.5
1418010 1493.6
1418020 1493.6
1418030 1502.1
1418040 1509.4
1418050 1509.4
1418060 1517.5
1418070 1525.1
1418080 1525.1
1418090 1532.2
1418100 1539.9
1418110 1539.9
1418120 1547.5
1418130 1554.6
1418140 1554.6
1418150 1563.3
1418160 1572.4
1418170 1572.4
1418180 1581.4
1418190 1585.9
1418200 1585.9
1418210 1594.0
1418220 1604.7
1418230 1613.5
1418240 1613.5
1418250 1619.2
1418260 1626.2
1418270 1626.2
1418280 1635.0
1418290 1642.3
1418300 1642.3
1418310 1645.3
1418320 1646.6
1418330 1646.6
1418340 1654.2
1418350 1660.8
1418360 1660.8
1418370 1665.2
1418380 1669.6
1418390 1669.6
1418400 1676.2
1418410 1683.2
1418420 1683.2
1418430 1688.1
1418440 1690.3
1418450 1690.3
1418460 1692.5
1418470 1693.7
1418480 1694.3
1418490 1694.3
1418500 1697.8
1418510 1701.5
1418520 1701.5
1418530 1704.9
1418540 1709.7
1418550 1709.7
1418560 1714.7
1418570 1717.6
1418580 1717.6
1418590 1718.7
1418600 1719.9
1418610 1719.9
1418620 1718.7
1418630 1718.3
1418640 1718.3
1418650 1720.0
1418660 1722.8
1418670 1722.8
1418680 1726.5
1418690 1728.6
1418700 1728.6
1418710 1731.0
1418720 1732.2
1418730 1733.1
1418740 1733.1
1418750 1735.3
1418760 1737.0
1418770 1737.0
1418780 1736.6
1418790 1736.5
1418800 1736.5
1418810 1739.0
1418820 1741.5
1418830 1741.5
1418840 1741.4
1418850 1741.2
1418860 1741.2
1418870 1741.4
1418880 1741.1
1418890 1741.1
1418900 1740.8
1418910 1741.1
1418920 1741.1
1418930 1742.0
1418940 1743.2
1418950 1743.2
1418960 1745.6
1418970 1748.0
1418980 1749.8
1418990 1749.8
1419000 1750.6
1419010 1750.9
1419020 1750.9
1419030 1751.8
1419040 1753.4
1419050 1753.4
1419060 1754.7
1419070 1754.9
1419080 1754.9
1419090 1754.9
1419100 1754.1
1419110 1754.1
1419120 1753.3
1419130 1753.4
1419140 1753.4
1419150 1755.3
1419160 1756.4
1419170 1756.4
1419180 1757.7
1419190 1759.7
1419200 1759.7
1419210 1762.4
1419220 1765.0
1419230 1767.9
1419240 1767.9
1419250 1770.2
1419260 1771.3
1419270 1771.3
1419280 1771.2
1419290 1777.9
1419300 1777.9
1419310 1783.1
1419320 1786.6
1419330 1786.6
1419340 1789.3
1419350 1792.4
1419360 1792.4
1419370 1796.1
1419380 1799.4
1419390 1799.4
1419400 1802.3
1419410 1805.3
1419420 1805.3
1419430 1808.7
1419440 1811.7
1419450 1811.7
1419460 1814.1
1419470 1814.5
1419480 1815.7
1419490 1815.7
1419500 1817.4
1419510 1819.5
1419520 1819.5
1419530 1821.9
1419540 1825.2
1419550 1825.2
1419560 1828.8
1419570 1830.8
1419580 1830.8
1419590 1833.3
1419600 1836.2
1419610 1836.2
1419620 1837.6
1419630 1839.6
1419640 1839.6
1419650 1841.4
1419660 1843.6
1419670 1843.6
1419680 1846.0
1419690 1848.6
1419700 1848.6
1419710 1852.2
1419720 1858.4
1419730 1864.3
1419740 1864.3
1419750 1870.5
1419760 1877.1
1419770 1877.1
1419780 1882.7
1419790 1887.4
1419800 1887.4
1419810 1893.8
1419820 1900.1
1419830 1900.1
1419840 1905.5
1419850 1909.2
1419860 1909.2
1419870 1915.3
1419880 1921.8
1419890 1921.8
1419900 1927.8
1419910 1933.9
1419920 1933.9
1419930 1940.0
1419940 1946.3
1419950 1946.3
1419960 1952.8
1419970 1959.6
1419980 1965.9
1419990 1965.9
