1400000 1456.0
1400010 1456.0
1400020 1445.1
1400030 1432.3
1400040 1432.3
1400050 1423.9
1400060 1422.3
1400070 1422.3
1400080 1419.2
1400090 1413.7
1400100 1413.7
1400110 1408.4
1400120 1403.8
1400130 1403.8
1400140 1399.4
1400150 1383.9
1400160 1383.9
1400170 1368.6
1400180 1354.0
1400190 1354.0
1400200 1340.8
1400210 1329.5
1400220 1329.5
1400230 1315.5
1400240 1303.2
1400250 1293.7
1400260 1293.7
1400270 1279.4
1400280 1263.4
1400290 1263.4
1400300 1246.6
1400310 1220.1
1400320 1220.1
1400330 1184.7
1400340 1162.0
1400350 1162.0
1400360 1146.0
1400370 1123.0
1400380 1123.0
1400390 1117.6
1400400 1117.2
1400410 1117.2
1400420 1119.6
1400430 1122.6
1400440 1122.6
1400450 1106.1
1400460 1101.2
1400470 1101.2
1400480 1105.3
1400490 1111.2
1400500 1105.4
1400510 1105.4
1400520 1096.8
1400530 1085.1
1400540 1085.1
1400550 1077.6
1400560 1068.8
1400570 1068.8
1400580 1051.1
1400590 1032.3
1400600 1032.3
1400610 1018.7
1400620 1007.0
1400630 1007.0
1400640 982.7
1400650 975.1
1400660 975.1
1400670 970.3
1400680 965.2
1400690 965.2
1400700 957.9
1400710 955.0
1400720 955.0
1400730 954.9
1400740 951.9
1400750 947.5
1400760 947.5
1400770 947.1
1400780 943.8
1400790 943.8
1400800 940.4
1400810 937.1
1400820 937.1
1400830 934.3
1400840 931.0
1400850 931.0
1400860 928.3
1400870 925.8
1400880 925.8
1400890 923.1
1400900 920.3
1400910 920.3
1400920 915.8
1400930 912.4
1400940 912.4
1400950 914.5
1400960 912.4
1400970 912.4
1400980 911.2
1400990 909.8
1401000 907.6
1401010 907.6
1401020 905.6
1401030 904.1
1401040 904.1
1401050 902.6
1401060 902.0
1401070 902.0
1401080 903.0
1401090 903.5
1401100 903.5
1401110 902.9
1401120 906.1
1401130 906.1
1401140 911.0
1401150 914.1
1401160 914.1
1401170 918.4
1401180 922.1
1401190 922.1
1401200 924.5
1401210 927.7
1401220 927.7
1401230 931.8
1401240 935.4
1401250 938.8
1401260 938.8
1401270 942.8
1401280 947.4
1401290 947.4
1401300 952.1
1401310 956.5
1401320 956.5
1401330 960.6
1401340 963.0
1401350 963.0
1401360 967.2
1401370 971.4
1401380 971.4
1401390 974.1
1401400 978.3
1401410 978.3
1401420 983.4
1401430 986.7
1401440 986.7
1401450 991.1
1401460 996.4
1401470 996.4
1401480 1001.8
1401490 1006.9
1401500 1012.8
1401510 1012.8
1401520 1017.9
1401530 1022.1
1401540 1022.1
1401550 1026.3
1401560 1038.2
1401570 1038.2
1401580 1048.2
1401590 1052.1
1401600 1052.1
1401610 1052.7
1401620 1054.2
1401630 1054.2
1401640 1056.2
1401650 1059.3
1401660 1059.3
1401670 1066.0
1401680 1077.9
1401690 1077.9
1401700 1087.0
1401710 1097.8
1401720 1097.8
1401730 1105.9
1401740 1111.7
1401750 1124.0
1401760 1124.0
1401770 1141.3
1401780 1165.1
1401790 1165.1
1401800 1185.5
1401810 1196.0
1401820 1196.0
1401830 1200.0
1401840 1205.9
1401850 1205.9
1401860 1214.2
1401870 1224.0
1401880 1224.0
1401890 1234.0
1401900 1240.3
1401910 1240.3
1401920 1243.7
1401930 1241.0
1401940 1241.0
1401950 1237.4
1401960 1236.6
1401970 1236.6
1401980 1235.1
1401990 1234.5
1402000 1236.7
1402010 1236.7
1402020 1241.0
1402030 1245.1
1402040 1245.1
1402050 1249.1
1402060 1252.2
1402070 1252.2
1402080 1258.6
1402090 1266.0
1402100 1266.0
1402110 1277.0
1402120 1293.3
1402130 1293.3
1402140 1312.2
1402150 1329.5
1402160 1329.5
1402170 1344.2
1402180 1357.7
1402190 1357.7
1402200 1365.6
1402210 1372.7
1402220 1372.7
1402230 1379.4
1402240 1386.5
1402250 1392.7
1402260 1392.7
1402270 1398.1
1402280 1402.6
1402290 1402.6
1402300 1407.5
1402310 1412.5
1402320 1412.5
1402330 1417.2
1402340 1421.0
1402350 1421.0
1402360 1424.3
1402370 1428.5
1402380 1428.5
1402390 1434.4
1402400 1441.0
1402410 1441.0
1402420 1447.5
1402430 1455.5
1402440 1455.5
1402450 1463.3
1402460 1469.3
1402470 1469.3
1402480 1476.7
1402490 1479.7
1402500 1488.2
1402510 1488.2
1402520 1495.4
1402530 1503.7
1402540 1503.7
1402550 1514.7
1402560 1524.2
1402570 1524.2
1402580 1528.7
1402590 1523.8
1402600 1523.8
1402610 1518.7
1402620 1524.0
1402630 1524.0
1402640 1532.6
1402650 1535.2
1402660 1535.2
1402670 1530.8
1402680 1533.1
1402690 1533.1
1402700 1540.6
1402710 1548.7
1402720 1548.7
1402730 1556.1
1402740 1564.9
1402750 1576.7
1402760 1576.7
1402770 1586.1
1402780 1594.0
1402790 1594.0
1402800 1600.6
1402810 1605.6
1402820 1605.6
1402830 1611.0
1402840 1619.7
1402850 1619.7
1402860 1629.5
1402870 1638.5
1402880 1638.5
1402890 1640.6
1402900 1639.1
1402910 1639.1
1402920 1643.4
1402930 1650.1
1402940 1650.1
1402950 1653.8
1402960 1656.0
1402970 1656.0
1402980 1657.5
1402990 1659.1
1403000 1660.7
1403010 1660.7
1403020 1662.0
1403030 1663.9
1403040 1663.9
1403050 1665.9
1403060 1668.9
1403070 1668.9
1403080 1672.8
1403090 1678.1
1403100 1678.1
1403110 1684.3
1403120 1690.6
1403130 1690.6
1403140 1696.8
1403150 1703.5
1403160 1703.5
1403170 1711.9
1403180 1722.1
1403190 1722.1
1403200 1733.4
1403210 1743.3
1403220 1743.3
1403230 1753.2
1403240 1761.2
1403250 1770.9
1403260 1770.9
1403270 1780.4
1403280 1789.5
1403290 1789.5
1403300 1798.3
1403310 1807.0
1403320 1807.0
1403330 1815.5
1403340 1824.8
1403350 1824.8
1403360 1835.3
1403370 1846.3
1403380 1846.3
1403390 1855.3
1403400 1862.8
1403410 1862.8
1403420 1870.3
1403430 1877.8
1403440 1877.8
1403450 1884.9
1403460 1892.8
1403470 1892.8
1403480 1901.7
1403490 1910.3
1403500 1917.4
1403510 1917.4
1403520 1923.0
1403530 1928.3
1403540 1928.3
1403550 1932.6
1403560 1935.6
1403570 1935.6
1403580 1936.8
1403590 1938.0
1403600 1938.0
1403610 1937.7
1403620 1941.1
1403630 1941.1
1403640 1945.4
1403650 1949.7
1403660 1949.7
1403670 1955.6
1403680 1962.2
1403690 1962.2
1403700 1968.6
1403710 1973.2
1403720 1973.2
1403730 1976.7
1403740 1976.0
1403750 1975.1
1403760 1975.1
1403770 1977.1
1403780 1976.6
1403790 1976.6
1403800 1973.0
1403810 1975.5
1403820 1975.5
1403830 1983.0
1403840 1993.9
1403850 1993.9
1403860 2003.6
1403870 2012.1
1403880 2012.1
1403890 2019.8
1403900 2026.5
1403910 2026.5
1403920 2031.2
1403930 2036.5
1403940 2036.5
1403950 2038.7
1403960 2039.8
1403970 2039.8
1403980 2041.9
1403990 2038.3
1404000 2037.6
1404010 2037.6
1404020 2045.3
1404030 2055.1
1404040 2055.1
1404050 2042.3
1404060 2044.5
1404070 2044.5
1404080 2052.1
1404090 2062.9
1404100 2062.9
1404110 2075.6
1404120 2088.1
1404130 2088.1
1404140 2101.2
1404150 2112.9
1404160 2112.9
1404170 2112.7
1404180 2105.8
1404190 2105.8
1404200 2100.4
1404210 2099.4
1404220 2099.4
1404230 2107.9
1404240 2118.2
1404250 2118.2
1404260 2118.2
1404270 2108.9
1404280 2101.1
1404290 2101.1
1404300 2096.1
1404310 2096.1
1404320 2096.1
1404330 2099.9
1404340 2108.3
1404350 2108.3
1404360 2116.8
1404370 2125.5
1404380 2125.5
1404390 2132.8
1404400 2136.0
1404410 2136.0
1404420 2139.1
1404430 2144.4
1404440 2144.4
1404450 2151.2
1404460 2159.3
1404470 2159.3
1404480 2168.5
1404490 2177.8
1404500 2186.0
1404510 2186.0
1404520 2193.7
1404530 2198.6
1404540 2198.6
1404550 2199.9
1404560 2203.0
1404570 2203.0
1404580 2208.0
1404590 2214.2
1404600 2214.2
1404610 2217.4
1404620 2212.8
1404630 2212.8
1404640 2204.5
1404650 2195.8
1404660 2195.8
1404670 2188.2
1404680 2182.4
1404690 2182.4
1404700 2177.2
1404710 2171.8
1404720 2171.8
1404730 2165.8
1404740 2160.0
1404750 2154.5
1404760 2154.5
1404770 2151.3
1404780 2149.4
1404790 2149.4
1404800 2143.7
1404810 2136.5
1404820 2136.5
1404830 2129.9
1404840 2124.1
1404850 2124.1
1404860 2119.3
1404870 2115.4
1404880 2115.4
1404890 2111.7
1404900 2108.4
1404910 2108.4
1404920 2106.1
1404930 2104.0
1404940 2104.0
1404950 2101.5
1404960 2098.7
1404970 2098.7
1404980 2094.9
1404990 2089.8
1405000 2082.4
1405010 2082.4
1405020 2074.4
1405030 2067.2
1405040 2067.2
1405050 2060.6
1405060 2053.7
1405070 2053.7
1405080 2049.6
1405090 2044.9
1405100 2044.9
1405110 2040.9
1405120 2036.0
1405130 2036.0
1405140 2031.4
1405150 2029.2
1405160 2029.2
1405170 2027.4
1405180 2026.2
1405190 2026.2
1405200 2025.1
1405210 2024.2
1405220 2024.2
1405230 2022.9
1405240 2021.9
1405250 2020.7
1405260 2020.7
1405270 2018.2
1405280 2017.3
1405290 2017.3
1405300 2017.0
1405310 2016.0
1405320 2016.0
1405330 2014.3
1405340 2008.0
1405350 2008.0
1405360 1999.4
1405370 1990.5
1405380 1990.5
1405390 1982.2
1405400 1975.5
1405410 1975.5
1405420 1969.5
1405430 1963.8
1405440 1963.8
1405450 1959.0
1405460 1954.9
1405470 1954.9
1405480 1951.5
1405490 1947.3
1405500 1942.9
1405510 1942.9
1405520 1939.4
1405530 1936.0
1405540 1936.0
1405550 1935.8
1405560 1937.0
1405570 1937.0
1405580 1939.6
1405590 1940.4
1405600 1940.4
1405610 1940.5
1405620 1939.8
1405630 1939.8
1405640 1938.5
1405650 1941.6
1405660 1941.6
1405670 1942.8
1405680 1943.8
1405690 1943.8
1405700 1944.2
1405710 1944.3
1405720 1944.8
1405730 1944.8
1405740 1946.3
1405750 1948.7
1405760 1948.7
1405770 1951.4
1405780 1954.3
1405790 1954.3
1405800 1957.2
1405810 1961.0
1405820 1961.0
1405830 1964.8
1405840 1968.8
1405850 1968.8
1405860 1972.9
1405870 1977.2
1405880 1977.2
1405890 1982.4
1405900 1987.5
1405910 1987.5
1405920 1994.0
1405930 1999.5
1405940 1999.5
1405950 2004.5
1405960 2009.6
1405970 2014.7
1405980 2014.7
1405990 2021.1
1406000 2027.0
1406010 2027.0
1406020 2031.7
1406030 2035.3
1406040 2035.3
1406050 2039.0
1406060 2042.5
1406070 2042.5
1406080 2045.5
1406090 2049.4
1406100 2049.4
1406110 2053.2
1406120 2056.5
1406130 2056.5
1406140 2059.1
1406150 2062.0
1406160 2062.0
1406170 2064.7
1406180 2068.4
1406190 2068.4
1406200 2071.7
1406210 2075.7
1406220 2079.0
1406230 2079.0
1406240 2082.3
1406250 2084.4
1406260 2084.4
1406270 2085.9
1406280 2085.9
1406290 2085.9
1406300 2088.6
1406310 2095.3
1406320 2095.3
1406330 2104.5
1406340 2107.3
1406350 2107.3
1406360 2109.3
1406370 2112.7
1406380 2112.7
1406390 2120.5
1406400 2125.2
1406410 2125.2
1406420 2126.5
1406430 2128.7
1406440 2128.7
1406450 2142.4
1406460 2145.7
1406470 2147.7
1406480 2147.7
1406490 2153.6
1406500 2162.1
1406510 2162.1
1406520 2167.9
1406530 2175.8
1406540 2175.8
1406550 2180.8
1406560 2184.5
1406570 2184.5
1406580 2187.9
1406590 2191.6
1406600 2191.6
1406610 2195.9
1406620 2201.4
1406630 2201.4
1406640 2205.3
1406650 2209.8
1406660 2209.8
1406670 2211.2
1406680 2209.2
1406690 2209.2
1406700 2206.7
1406710 2202.8
1406720 2198.7
1406730 2198.7
1406740 2195.6
1406750 2193.0
1406760 2193.0
1406770 2189.3
1406780 2183.6
1406790 2183.6
1406800 2177.2
1406810 2172.8
1406820 2172.8
1406830 2170.6
1406840 2168.9
1406850 2168.9
1406860 2167.0
1406870 2164.8
1406880 2164.8
1406890 2162.3
1406900 2159.5
1406910 2159.5
1406920 2156.7
1406930 2154.6
1406940 2154.6
1406950 2152.5
1406960 2150.5
1406970 2149.6
1406980 2149.6
1406990 2147.7
1407000 2144.0
1407010 2144.0
1407020 2139.8
1407030 2135.7
1407040 2135.7
1407050 2133.4
1407060 2130.9
1407070 2130.9
1407080 2129.7
1407090 2127.2
1407100 2127.2
1407110 2125.2
1407120 2122.5
1407130 2122.5
1407140 2120.3
1407150 2119.9
1407160 2119.9
1407170 2118.9
1407180 2114.6
1407190 2114.6
1407200 2111.8
1407210 2109.9
1407220 2107.9
1407230 2107.9
1407240 2106.2
1407250 2105.2
1407260 2105.2
1407270 2103.0
1407280 2104.6
1407290 2104.6
1407300 2103.4
1407310 2101.3
1407320 2101.3
1407330 2099.3
1407340 2097.4
1407350 2097.4
1407360 2093.9
1407370 2091.0
1407380 2091.0
1407390 2089.5
1407400 2086.5
1407410 2086.5
1407420 2084.4
1407430 2082.4
1407440 2082.4
1407450 2080.5
1407460 2078.3
1407470 2075.6
1407480 2075.6
1407490 2073.8
1407500 2072.5
1407510 2072.5
1407520 2071.5
1407530 2070.4
1407540 2070.4
1407550 2069.3
1407560 2069.0
1407570 2069.0
1407580 2067.5
1407590 2064.7
1407600 2064.7
1407610 2052.7
1407620 2044.7
1407630 2044.7
1407640 2039.9
1407650 2035.5
1407660 2035.5
1407670 2030.6
1407680 2025.6
1407690 2025.6
1407700 2020.6
1407710 2015.7
1407720 2010.2
1407730 2010.2
1407740 2005.6
1407750 2001.6
1407760 2001.6
1407770 1995.8
1407780 1991.1
1407790 1991.1
1407800 1987.6
1407810 1984.1
1407820 1984.1
1407830 1979.5
1407840 1977.3
1407850 1977.3
1407860 1975.3
1407870 1970.0
1407880 1970.0
1407890 1964.8
1407900 1962.1
1407910 1962.1
1407920 1959.7
1407930 1956.8
1407940 1956.8
1407950 1952.7
1407960 1950.3
1407970 1950.4
1407980 1950.4
1407990 1951.2
1408000 1951.3
1408010 1951.3
1408020 1950.4
1408030 1948.6
1408040 1948.6
1408050 1945.4
1408060 1944.8
1408070 1944.8
1408080 1943.8
1408090 1942.9
1408100 1942.9
1408110 1941.0
1408120 1936.1
1408130 1936.1
1408140 1927.0
1408150 1921.2
1408160 1921.2
1408170 1917.0
1408180 1912.9
1408190 1912.9
1408200 1907.4
1408210 1900.5
1408220 1895.6
1408230 1895.6
1408240 1890.9
1408250 1881.5
1408260 1881.5
1408270 1878.2
1408280 1874.8
1408290 1874.8
1408300 1870.0
1408310 1863.2
1408320 1863.2
1408330 1854.9
1408340 1844.5
1408350 1844.5
1408360 1832.6
1408370 1821.5
1408380 1821.5
1408390 1811.2
1408400 1801.3
1408410 1801.3
1408420 1791.9
1408430 1781.6
1408440 1781.6
1408450 1770.7
1408460 1760.5
1408470 1751.0
1408480 1751.0
1408490 1741.7
1408500 1731.8
1408510 1731.8
1408520 1717.3
1408530 1706.4
1408540 1706.4
1408550 1694.8
1408560 1685.5
1408570 1685.5
1408580 1678.0
1408590 1668.9
1408600 1668.9
1408610 1661.3
1408620 1654.4
1408630 1654.4
1408640 1647.8
1408650 1640.0
1408660 1640.0
1408670 1627.2
1408680 1609.3
1408690 1609.3
1408700 1594.4
1408710 1584.7
1408720 1575.0
1408730 1575.0
1408740 1569.0
1408750 1562.5
1408760 1562.5
1408770 1555.9
1408780 1549.6
1408790 1549.6
1408800 1543.7
1408810 1537.3
1408820 1537.3
1408830 1531.3
1408840 1526.3
1408850 1526.3
1408860 1522.1
1408870 1518.5
1408880 1518.5
1408890 1518.0
1408900 1518.8
1408910 1518.8
1408920 1514.9
1408930 1518.7
1408940 1519.9
1408950 1521.2
1408960 1519.2
1408970 1518.6
1408980 1518.6
1408990 1521.7
1409000 1524.2
1409010 1524.2
1409020 1525.7
1409030 1527.1
1409040 1527.1
1409050 1528.2
1409060 1530.3
1409070 1530.3
1409080 1531.9
1409090 1534.3
1409100 1534.3
1409110 1536.1
1409120 1538.9
1409130 1538.9
1409140 1541.2
1409150 1543.5
1409160 1543.5
1409170 1545.8
1409180 1549.0
1409190 1549.0
1409200 1552.6
1409210 1554.8
1409220 1557.3
1409230 1557.3
1409240 1560.9
1409250 1562.8
1409260 1562.8
1409270 1564.7
1409280 1566.0
1409290 1566.0
1409300 1567.6
1409310 1570.1
1409320 1570.1
1409330 1573.9
1409340 1578.9
1409350 1578.9
1409360 1582.0
1409370 1585.4
1409380 1585.4
1409390 1589.2
1409400 1596.1
1409410 1596.1
1409420 1602.7
1409430 1609.0
1409440 1609.0
1409450 1614.8
1409460 1618.7
1409470 1624.3
1409480 1624.3
1409490 1628.9
1409500 1629.5
1409510 1629.5
1409520 1632.8
1409530 1637.6
1409540 1637.6
1409550 1641.7
1409560 1647.4
1409570 1647.4
1409580 1656.2
1409590 1664.3
1409600 1664.3
1409610 1671.7
1409620 1677.5
1409630 1677.5
1409640 1678.3
1409650 1678.6
1409660 1678.6
1409670 1679.8
1409680 1683.9
1409690 1683.9
1409700 1686.0
1409710 1687.4
1409720 1692.5
1409730 1692.5
1409740 1694.7
1409750 1700.9
1409760 1700.9
1409770 1706.9
1409780 1717.9
1409790 1717.9
1409800 1729.1
1409810 1739.0
1409820 1739.0
1409830 1747.4
1409840 1756.3
1409850 1756.3
1409860 1766.1
1409870 1774.2
1409880 1774.2
1409890 1785.0
1409900 1795.4
1409910 1795.4
1409920 1798.7
1409930 1804.0
1409940 1804.0
1409950 1806.8
1409960 1813.6
1409970 1823.9
1409980 1823.9
1409990 1834.4
1410000 1844.1
1410010 1844.1
1410020 1855.7
1410030 1868.9
1410040 1868.9
1410050 1880.3
1410060 1893.3
1410070 1893.3
1410080 1907.1
1410090 1917.8
1410100 1917.8
1410110 1930.0
1410120 1945.1
1410130 1945.1
1410140 1954.1
1410150 1965.5
1410160 1965.5
1410170 1973.8
1410180 1979.8
1410190 1979.8
1410200 1989.3
1410210 1998.7
1410220 2003.1
1410230 2003.1
1410240 2011.1
1410250 2019.0
1410260 2019.0
1410270 2023.9
1410280 2028.7
1410290 2028.7
1410300 2034.1
1410310 2038.9
1410320 2038.9
1410330 2042.8
1410340 2047.0
1410350 2047.0
1410360 2049.6
1410370 2053.3
1410380 2053.3
1410390 2058.5
1410400 2066.4
1410410 2066.4
1410420 2075.3
1410430 2081.1
1410440 2081.1
1410450 2087.7
1410460 2093.9
1410470 2104.1
1410480 2104.1
1410490 2116.5
1410500 2127.9
1410510 2127.9
1410520 2138.5
1410530 2148.8
1410540 2148.8
1410550 2157.4
1410560 2166.1
1410570 2166.1
1410580 2174.9
1410590 2183.6
1410600 2183.6
1410610 2192.5
1410620 2194.8
1410630 2194.8
1410640 2186.3
1410650 2191.8
1410660 2191.8
1410670 2196.9
1410680 2200.9
1410690 2200.9
1410700 2205.4
1410710 2210.8
1410720 2216.5
1410730 2216.5
1410740 2221.9
1410750 2228.9
1410760 2228.9
1410770 2236.0
1410780 2242.9
1410790 2242.9
1410800 2251.8
1410810 2262.0
1410820 2262.0
1410830 2272.6
1410840 2283.3
1410850 2283.3
1410860 2291.0
1410870 2299.1
1410880 2299.1
1410890 2309.6
1410900 2321.6
1410910 2321.6
1410920 2335.4
1410930 2350.0
1410940 2350.0
1410950 2358.0
1410960 2372.5
1410970 2384.0
1410980 2384.0
1410990 2392.5
1411000 2396.7
1411010 2396.7
1411020 2400.7
1411030 2405.3
1411040 2405.3
1411050 2409.5
1411060 2413.8
1411070 2413.8
1411080 2419.2
1411090 2424.0
1411100 2424.0
1411110 2428.5
1411120 2432.8
1411130 2432.8
1411140 2438.2
1411150 2443.4
1411160 2443.4
1411170 2447.3
1411180 2449.5
1411190 2449.5
1411200 2451.1
1411210 2453.7
1411220 2456.0
1411230 2456.0
1411240 2459.7
1411250 2463.0
1411260 2463.0
1411270 2467.0
1411280 2471.0
1411290 2471.0
1411300 2473.1
1411310 2475.7
1411320 2475.7
1411330 2475.0
1411340 2477.8
1411350 2477.8
1411360 2476.5
1411370 2471.4
1411380 2471.4
1411390 2469.2
1411400 2467.3
1411410 2467.3
1411420 2468.9
1411430 2473.4
1411440 2473.4
1411450 2500.3
1411460 2530.0
1411470 2546.8
1411480 2546.8
1411490 2549.7
1411500 2563.9
1411510 2563.9
1411520 2571.9
1411530 2564.4
1411540 2564.4
1411550 2555.4
1411560 2546.5
1411570 2546.5
1411580 2536.3
1411590 2527.6
1411600 2527.6
1411610 2521.3
1411620 2515.5
1411630 2515.5
1411640 2512.2
1411650 2510.4
1411660 2510.4
1411670 2509.4
1411680 2508.0
1411690 2508.0
1411700 2507.9
1411710 2508.4
1411720 2509.7
1411730 2509.7
1411740 2509.3
1411750 2507.2
1411760 2507.2
1411770 2502.9
1411780 2497.1
1411790 2497.1
1411800 2493.7
1411810 2491.7
1411820 2491.7
1411830 2489.6
1411840 2487.1
1411850 2487.1
1411860 2482.1
1411870 2474.9
1411880 2474.9
1411890 2466.9
1411900 2460.0
1411910 2460.0
1411920 2454.4
1411930 2444.4
1411940 2437.3
1411950 2437.3
1411960 2433.6
1411970 2429.4
1411980 2429.4
1411990 2423.1
1412000 2417.8
1412010 2417.8
1412020 2411.4
1412030 2407.3
1412040 2407.3
1412050 2404.2
1412060 2401.4
1412070 2401.4
1412080 2399.7
1412090 2399.8
1412100 2399.8
1412110 2400.3
1412120 2400.3
1412130 2400.3
1412140 2399.6
1412150 2398.3
1412160 2398.3
1412170 2401.2
1412180 2401.0
1412190 2398.9
1412200 2398.9
1412210 2395.3
1412220 2390.4
1412230 2390.4
1412240 2386.4
1412250 2383.1
1412260 2383.1
1412270 2380.4
1412280 2374.8
1412290 2374.8
1412300 2369.7
1412310 2366.2
1412320 2366.2
1412330 2364.9
1412340 2361.5
1412350 2361.5
1412360 2357.1
1412370 2352.6
1412380 2352.6
1412390 2347.4
1412400 2342.3
1412410 2342.3
1412420 2337.7
1412430 2333.7
1412440 2329.7
1412450 2329.7
1412460 2324.5
1412470 2319.6
1412480 2319.6
1412490 2313.7
1412500 2306.0
1412510 2306.0
1412520 2302.7
1412530 2298.1
1412540 2298.1
1412550 2293.0
1412560 2287.8
1412570 2287.8
1412580 2282.5
1412590 2278.9
1412600 2278.9
1412610 2276.0
1412620 2271.9
1412630 2271.9
1412640 2267.7
1412650 2258.7
1412660 2258.7
1412670 2249.4
1412680 2244.7
1412690 2241.0
1412700 2241.0
1412710 2235.0
1412720 2229.9
1412730 2229.9
1412740 2225.8
1412750 2222.2
1412760 2222.2
1412770 2217.1
1412780 2211.9
1412790 2211.9
1412800 2207.8
1412810 2205.7
1412820 2205.7
1412830 2200.6
1412840 2193.7
1412850 2193.7
1412860 2191.5
1412870 2186.6
1412880 2186.6
1412890 2177.2
1412900 2167.3
1412910 2167.3
1412920 2158.8
1412930 2150.1
1412940 2145.2
1412950 2145.2
1412960 2142.0
1412970 2138.1
1412980 2138.1
1412990 2131.9
1413000 2123.9
1413010 2123.9
1413020 2115.6
1413030 2108.7
1413040 2108.7
1413050 2108.6
1413060 2108.7
1413070 2108.7
1413080 2107.9
1413090 2106.5
1413100 2106.5
1413110 2106.4
1413120 2105.9
1413130 2105.9
1413140 2104.1
1413150 2100.9
1413160 2100.9
1413170 2095.0
1413180 2088.7
1413190 2084.4
1413200 2084.4
1413210 2080.1
1413220 2076.1
1413230 2076.1
1413240 2072.1
1413250 2067.4
1413260 2067.4
1413270 2063.1
1413280 2058.7
1413290 2058.7
1413300 2053.5
1413310 2048.8
1413320 2048.8
1413330 2043.6
1413340 2038.6
1413350 2038.6
1413360 2033.6
1413370 2028.7
1413380 2028.7
1413390 2025.1
1413400 2021.4
1413410 2021.4
1413420 2019.7
1413430 2019.3
1413440 2018.4
1413450 2018.4
1413460 2016.3
1413470 2014.1
1413480 2014.1
1413490 2012.6
1413500 2012.2
1413510 2012.2
1413520 2010.9
1413530 2008.7
1413540 2008.7
1413550 2005.9
1413560 2003.2
1413570 2003.2
1413580 2000.0
1413590 1995.6
1413600 1995.6
1413610 1990.1
1413620 1982.6
1413630 1982.6
1413640 1973.1
1413650 1965.4
1413660 1965.4
1413670 1960.0
1413680 1954.7
1413690 1949.2
1413700 1949.2
1413710 1940.3
1413720 1931.6
1413730 1931.6
1413740 1932.1
1413750 1931.8
1413760 1931.8
1413770 1931.5
1413780 1931.5
1413790 1931.5
1413800 1930.3
1413810 1926.4
1413820 1926.4
1413830 1923.9
1413840 1914.6
1413850 1914.6
1413860 1906.0
1413870 1898.5
1413880 1898.5
1413890 1894.6
1413900 1888.0
1413910 1888.0
1413920 1880.9
1413930 1875.2
1413940 1870.2
1413950 1870.2
1413960 1864.5
1413970 1859.7
1413980 1859.7
1413990 1854.8
1414000 1849.8
1414010 1849.8
1414020 1844.6
1414030 1838.9
1414040 1838.9
1414050 1833.3
1414060 1826.3
1414070 1826.3
1414080 1821.4
1414090 1819.5
1414100 1819.5
1414110 1820.1
1414120 1819.0
1414130 1819.0
1414140 1816.0
1414150 1812.2
1414160 1812.2
1414170 1806.1
1414180 1798.2
1414190 1789.9
1414200 1789.9
1414210 1784.6
1414220 1782.3
1414230 1782.3
1414240 1779.6
1414250 1776.1
1414260 1776.1
1414270 1773.8
1414280 1771.8
1414290 1771.8
1414300 1768.1
1414310 1763.0
1414320 1763.0
1414330 1757.9
1414340 1753.2
1414350 1753.2
1414360 1748.7
1414370 1746.0
1414380 1746.0
1414390 1744.4
1414400 1742.5
1414410 1742.5
1414420 1740.6
1414430 1739.2
1414440 1738.5
1414450 1738.5
1414460 1737.1
1414470 1736.5
1414480 1736.5
1414490 1737.4
1414500 1741.5
1414510 1741.5
1414520 1748.0
1414530 1754.5
1414540 1754.5
1414550 1761.9
1414560 1767.7
1414570 1767.7
1414580 1773.2
1414590 1777.6
1414600 1777.6
1414610 1781.5
1414620 1786.3
1414630 1786.3
1414640 1789.8
1414650 1792.7
1414660 1792.7
1414670 1795.5
1414680 1799.3
1414690 1802.9
1414700 1802.9
1414710 1805.4
1414720 1808.2
1414730 1808.2
1414740 1812.5
1414750 1818.1
1414760 1818.1
1414770 1823.5
1414780 1828.7
1414790 1828.7
1414800 1834.8
1414810 1840.3
1414820 1840.3
1414830 1845.0
1414840 1847.5
1414850 1847.5
1414860 1847.4
1414870 1846.4
1414880 1846.4
1414890 1843.5
1414900 1843.5
1414910 1843.5
1414920 1838.2
1414930 1832.2
1414940 1825.7
1414950 1825.7
1414960 1818.5
1414970 1810.8
1414980 1810.8
1414990 1805.6
1415000 1801.5
1415010 1801.5
1415020 1800.2
1415030 1795.4
1415040 1795.4
1415050 1783.6
1415060 1775.0
1415070 1775.0
1415080 1769.5
1415090 1764.1
1415100 1764.1
1415110 1760.2
1415120 1759.2
1415130 1759.2
1415140 1758.7
1415150 1760.9
1415160 1760.9
1415170 1762.2
1415180 1763.5
1415190 1767.1
1415200 1767.1
1415210 1771.5
1415220 1774.9
1415230 1774.9
1415240 1776.3
1415250 1775.0
1415260 1775.0
1415270 1770.3
1415280 1763.5
1415290 1763.5
1415300 1752.5
1415310 1743.6
1415320 1743.6
1415330 1730.4
1415340 1713.7
1415350 1713.7
1415360 1700.0
1415370 1688.2
1415380 1688.2
1415390 1680.7
1415400 1673.6
1415410 1673.6
1415420 1664.3
1415430 1656.1
1415440 1649.7
1415450 1649.7
1415460 1644.2
1415470 1642.9
1415480 1642.9
1415490 1639.1
1415500 1628.9
1415510 1628.9
1415520 1620.4
1415530 1610.0
1415540 1610.0
1415550 1595.0
1415560 1580.8
1415570 1580.8
1415580 1566.6
1415590 1554.7
1415600 1554.7
1415610 1542.2
1415620 1529.1
1415630 1529.1
1415640 1516.6
1415650 1504.8
1415660 1504.8
1415670 1493.8
1415680 1484.1
1415690 1475.6
1415700 1475.6
1415710 1467.1
1415720 1457.2
1415730 1457.2
1415740 1448.6
1415750 1441.1
1415760 1441.1
1415770 1434.4
1415780 1427.2
1415790 1427.2
1415800 1419.5
1415810 1412.4
1415820 1412.4
1415830 1405.2
1415840 1398.9
1415850 1398.9
1415860 1392.4
1415870 1379.2
1415880 1379.2
1415890 1349.0
1415900 1323.6
1415910 1323.6
1415920 1298.2
1415930 1283.6
1415940 1272.9
1415950 1272.9
1415960 1272.6
1415970 1270.9
1415980 1270.9
1415990 1260.1
1416000 1242.4
1416010 1213.6
1416020 1198.3
1416030 1190.9
1416040 1190.9
1416050 1190.6
1416060 1184.1
1416070 1184.1
1416080 1162.0
1416090 1139.4
1416100 1139.4
1416110 1121.2
1416120 1103.3
1416130 1103.3
1416140 1088.9
1416150 1075.3
1416160 1075.3
1416170 1067.6
1416180 1063.4
1416190 1058.7
1416200 1058.7
1416210 1053.0
1416220 1046.5
1416230 1046.5
1416240 1040.5
1416250 1034.5
1416260 1034.5
1416270 1029.6
1416280 1023.6
1416290 1023.6
1416300 1017.6
1416310 1011.4
1416320 1011.4
1416330 1004.6
1416340 996.1
1416350 996.1
1416360 988.4
1416370 983.2
1416380 983.2
1416390 979.4
1416400 976.4
1416410 976.4
1416420 970.9
1416430 964.3
1416440 957.9
1416450 957.9
1416460 956.1
1416470 953.0
1416480 953.0
1416490 946.8
1416500 941.6
1416510 941.6
1416520 937.9
1416530 934.3
1416540 934.3
1416550 929.9
1416560 926.4
1416570 926.4
1416580 922.4
1416590 918.3
1416600 918.3
1416610 914.6
1416620 911.5
1416630 911.5
1416640 910.3
1416650 909.7
1416660 909.7
1416670 907.3
1416680 910.5
1416690 914.6
1416700 914.6
1416710 922.8
1416720 925.9
1416730 925.9
1416740 928.4
1416750 931.6
1416760 931.6
1416770 934.7
1416780 937.5
1416790 937.5
1416800 940.1
1416810 942.2
1416820 942.2
1416830 944.1
1416840 945.8
1416850 945.8
1416860 946.9
1416870 947.8
1416880 947.8
1416890 948.5
1416900 949.3
1416910 949.3
1416920 950.8
1416930 952.0
1416940 953.1
1416950 953.1
1416960 954.3
1416970 955.3
1416980 955.3
1416990 956.5
1417000 957.8
1417010 957.8
1417020 959.6
1417030 961.4
1417040 961.4
1417050 963.3
1417060 965.1
1417070 965.1
1417080 964.0
1417090 963.3
1417100 963.3
1417110 966.1
1417120 967.0
1417130 967.0
1417140 969.5
1417150 971.1
1417160 971.1
1417170 974.8
1417180 980.2
1417190 985.1
1417200 985.1
1417210 990.2
1417220 995.8
1417230 995.8
1417240 1001.5
1417250 1007.7
1417260 1007.7
1417270 1013.8
1417280 1019.9
1417290 1019.9
1417300 1027.0
1417310 1036.4
1417320 1036.4
1417330 1049.4
1417340 1061.2
1417350 1061.2
1417360 1071.1
1417370 1081.6
1417380 1081.6
1417390 1091.9
1417400 1104.2
1417410 1104.2
1417420 1114.6
1417430 1125.7
1417440 1142.6
1417450 1142.6
1417460 1158.4
1417470 1167.7
1417480 1167.7
1417490 1177.0
1417500 1186.1
1417510 1186.1
1417520 1196.3
1417530 1204.7
1417540 1204.7
1417550 1208.6
1417560 1222.4
1417570 1222.4
1417580 1235.1
1417590 1247.4
1417600 1247.4
1417610 1259.4
1417620 1270.6
1417630 1270.6
1417640 1280.2
1417650 1286.3
1417660 1286.3
1417670 1278.6
1417680 1272.2
1417690 1272.9
1417700 1272.9
1417710 1274.7
1417720 1276.2
1417730 1276.2
1417740 1280.5
1417750 1285.1
1417760 1285.1
1417770 1288.8
1417780 1293.3
1417790 1293.3
1417800 1296.1
1417810 1299.1
1417820 1299.1
1417830 1303.6
1417840 1307.2
1417850 1307.2
1417860 1310.4
1417870 1312.1
1417880 1312.1
1417890 1309.4
1417900 1312.1
1417910 1315.0
1417920 1315.0
1417930 1317.4
1417940 1321.6
1417950 1321.6
1417960 1328.9
1417970 1332.4
1417980 1332.4
1417990 1335.4
1418000 1338.3
1418010 1338.3
1418020 1340.6
1418030 1345.7
1418040 1345.7
1418050 1352.2
1418060 1359.4
1418070 1359.4
1418080 1364.7
1418090 1367.0
1418100 1367.0
1418110 1370.3
1418120 1374.8
1418130 1374.8
1418140 1380.9
1418150 1387.3
1418160 1393.6
1418170 1393.6
1418180 1399.9
1418190 1406.3
1418200 1406.3
1418210 1412.1
1418220 1416.2
1418230 1416.2
1418240 1414.2
1418250 1411.2
1418260 1411.2
1418270 1409.1
1418280 1408.1
1418290 1408.1
1418300 1410.0
1418310 1410.2
1418320 1410.2
1418330 1409.5
1418340 1408.1
1418350 1408.1
1418360 1410.0
1418370 1413.3
1418380 1413.3
1418390 1416.2
1418400 1418.9
1418410 1423.9
1418420 1423.9
1418430 1429.2
1418440 1433.2
1418450 1433.2
1418460 1437.1
1418470 1449.5
1418480 1449.5
1418490 1460.5
1418500 1463.3
1418510 1463.3
1418520 1465.7
1418530 1466.6
1418540 1466.6
1418550 1466.2
1418560 1467.5
1418570 1467.5
1418580 1471.2
1418590 1472.9
1418600 1472.9
1418610 1473.5
1418620 1474.1
1418630 1474.1
1418640 1475.7
1418650 1478.1
1418660 1483.3
1418670 1483.3
1418680 1489.7
1418690 1494.5
1418700 1494.5
1418710 1497.4
1418720 1499.9
1418730 1499.9
1418740 1501.7
1418750 1505.6
1418760 1505.6
1418770 1510.6
1418780 1515.1
1418790 1515.1
1418800 1516.7
1418810 1517.4
1418820 1517.4
1418830 1518.2
1418840 1521.5
1418850 1521.5
1418860 1524.8
1418870 1527.3
1418880 1527.3
1418890 1527.3
1418900 1531.5
1418910 1537.4
1418920 1537.4
1418930 1540.2
1418940 1541.3
1418950 1541.3
1418960 1542.6
1418970 1542.8
1418980 1542.8
1418990 1545.2
1419000 1547.7
1419010 1547.7
1419020 1549.2
1419030 1550.8
1419040 1550.8
1419050 1551.9
1419060 1555.0
1419070 1555.0
1419080 1561.3
1419090 1568.6
1419100 1568.6
1419110 1573.3
1419120 1576.7
1419130 1576.7
1419140 1581.9
1419150 1588.4
1419160 1594.7
1419170 1594.7
1419180 1600.8
1419190 1606.9
1419200 1606.9
1419210 1613.3
1419220 1619.0
1419230 1619.0
1419240 1623.2
1419250 1626.7
1419260 1626.7
1419270 1630.1
1419280 1633.6
1419290 1633.6
1419300 1635.9
1419310 1638.0
1419320 1638.0
1419330 1641.1
1419340 1646.0
1419350 1646.0
1419360 1651.9
1419370 1658.0
1419380 1658.0
1419390 1663.0
1419400 1668.7
1419410 1674.8
1419420 1674.8
1419430 1679.0
1419440 1684.0
1419450 1684.0
1419460 1689.8
1419470 1694.5
1419480 1694.5
1419490 1697.1
1419500 1700.8
1419510 1700.8
1419520 1705.2
1419530 1711.6
1419540 1711.6
1419550 1718.5
1419560 1724.8
1419570 1724.8
1419580 1730.6
1419590 1737.7
1419600 1737.7
1419610 1745.7
1419620 1753.8
1419630 1753.8
1419640 1761.3
1419650 1768.9
1419660 1776.9
1419670 1776.9
1419680 1785.2
1419690 1792.1
1419700 1792.1
1419710 1797.0
1419720 1801.5
1419730 1801.5
1419740 1806.5
1419750 1812.6
1419760 1812.6
1419770 1818.4
1419780 1822.3
1419790 1822.3
1419800 1826.9
1419810 1832.6
1419820 1832.6
1419830 1841.4
1419840 1850.4
1419850 1850.4
1419860 1858.1
1419870 1866.0
1419880 1866.0
1419890 1872.8
1419900 1878.8
1419910 1884.2
1419920 1884.2
1419930 1889.0
1419940 1893.3
1419950 1893.3
1419960 1898.5
1419970 1903.5
1419980 1903.5
1419990 1908.3
