1400000 1015.0
1400010 1010.5
1400020 1010.5
1400030 1003.4
1400040 997.8
1400050 997.8
1400060 991.6
1400070 984.8
1400080 984.8
1400090 978.2
1400100 971.4
1400110 971.4
1400120 964.4
1400130 957.7
1400140 957.7
1400150 951.2
1400160 944.9
1400170 944.9
1400180 939.1
1400190 933.6
1400200 933.6
1400210 928.6
1400220 923.6
1400230 923.6
1400240 918.6
1400250 913.8
1400260 909.9
1400270 909.9
1400280 906.7
1400290 903.7
1400300 903.7
1400310 901.5
1400320 899.7
1400330 899.7
1400340 898.3
1400350 896.3
1400360 896.3
1400370 893.5
1400380 892.1
1400390 892.1
1400400 891.0
1400410 890.7
1400420 890.7
1400430 890.2
1400440 889.9
1400450 889.9
1400460 890.1
1400470 890.3
1400480 890.3
1400490 890.5
1400500 890.7
1400510 891.0
1400520 891.0
1400530 891.3
1400540 891.3
1400550 891.3
1400560 891.3
1400570 891.2
1400580 891.2
1400590 890.3
1400600 890.8
1400610 890.8
1400620 893.1
1400630 895.2
1400640 895.2
1400650 895.9
1400660 898.9
1400670 898.9
1400680 903.7
1400690 906.6
1400700 906.6
1400710 909.1
1400720 912.6
1400730 912.6
1400740 916.1
1400750 919.7
1400760 923.3
1400770 923.3
1400780 926.8
1400790 930.5
1400800 930.5
1400810 934.9
1400820 938.6
1400830 938.6
1400840 942.4
1400850 946.9
1400860 946.9
1400870 951.8
1400880 956.8
1400890 956.8
1400900 962.3
1400910 968.7
1400920 968.7
1400930 976.0
1400940 982.8
1400950 982.8
1400960 988.3
1400970 994.7
1400980 994.7
1400990 1002.2
1401000 1009.5
1401010 1016.5
1401020 1016.5
1401030 1024.1
1401040 1031.3
1401050 1031.3
1401060 1038.7
1401070 1046.3
1401080 1046.3
1401090 1054.1
1401100 1061.7
1401110 1061.7
1401120 1069.3
1401130 1076.6
1401140 1076.6
1401150 1084.2
1401160 1093.2
1401170 1093.2
1401180 1105.9
1401190 1120.9
1401200 1120.9
1401210 1131.2
1401220 1143.4
1401230 1143.4
1401240 1152.2
1401250 1165.2
1401260 1207.7
1401270 1207.7
1401280 1224.4
1401290 1232.2
1401300 1232.2
1401310 1240.5
1401320 1248.0
1401330 1248.0
1401340 1254.6
1401350 1259.8
1401360 1259.8
1401370 1264.9
1401380 1271.2
1401390 1271.2
1401400 1278.5
1401410 1285.5
1401420 1285.5
1401430 1291.2
1401440 1296.4
1401450 1296.4
1401460 1300.5
1401470 1306.4
1401480 1306.4
1401490 1313.7
1401500 1319.0
1401510 1322.7
1401520 1322.7
1401530 1327.1
1401540 1331.4
1401550 1331.4
1401560 1336.6
1401570 1343.4
1401580 1343.4
1401590 1349.9
1401600 1354.9
1401610 1354.9
1401620 1359.0
1401630 1363.1
1401640 1363.1
1401650 1368.4
1401660 1374.5
1401670 1374.5
1401680 1380.8
1401690 1386.6
1401700 1386.6
1401710 1391.3
1401720 1395.9
1401730 1395.9
1401740 1398.9
1401750 1404.8
1401760 1416.7
1401770 1416.7
1401780 1429.0
1401790 1438.9
1401800 1438.9
1401810 1444.4
1401820 1444.7
1401830 1444.7
1401840 1446.8
1401850 1463.7
1401860 1463.7
1401870 1478.3
1401880 1489.6
1401890 1489.6
1401900 1499.7
1401910 1509.2
1401920 1509.2
1401930 1520.0
1401940 1527.2
1401950 1527.2
1401960 1531.7
1401970 1533.5
1401980 1533.5
1401990 1530.7
1402000 1529.9
1402010 1534.8
1402020 1534.8
1402030 1538.2
1402040 1538.0
1402050 1538.0
1402060 1537.9
1402070 1540.2
1402080 1540.2
1402090 1545.4
1402100 1552.7
1402110 1552.7
1402120 1559.5
1402130 1564.8
1402140 1564.8
1402150 1570.7
1402160 1580.6
1402170 1580.6
1402180 1591.7
1402190 1601.2
1402200 1601.2
1402210 1609.4
1402220 1614.0
1402230 1614.0
1402240 1614.9
1402250 1618.1
1402260 1627.7
1402270 1627.7
1402280 1637.9
1402290 1647.3
1402300 1647.3
1402310 1656.8
1402320 1665.6
1402330 1665.6
1402340 1674.0
1402350 1682.0
1402360 1682.0
1402370 1689.5
1402380 1697.2
1402390 1697.2
1402400 1705.6
1402410 1713.9
1402420 1713.9
1402430 1724.0
1402440 1735.1
1402450 1735.1
1402460 1744.7
1402470 1753.3
1402480 1753.3
1402490 1761.3
1402500 1769.9
1402510 1779.3
1402520 1779.3
1402530 1793.7
1402540 1807.9
1402550 1807.9
1402560 1818.8
1402570 1829.5
1402580 1829.5
1402590 1836.6
1402600 1840.7
1402610 1840.7
1402620 1844.5
1402630 1847.8
1402640 1847.8
1402650 1850.5
1402660 1852.2
1402670 1852.2
1402680 1852.7
1402690 1851.7
1402700 1851.7
1402710 1849.2
1402720 1844.3
1402730 1844.3
1402740 1838.5
1402750 1834.1
1402760 1832.5
1402770 1832.5
1402780 1835.4
1402790 1841.0
1402800 1841.0
1402810 1846.0
1402820 1852.4
1402830 1845.1
1402840 1851.7
1402850 1855.9
1402860 1855.9
1402870 1862.0
1402880 1870.9
1402890 1870.9
1402900 1880.1
1402910 1889.4
1402920 1889.4
1402930 1897.4
1402940 1904.9
1402950 1904.9
1402960 1912.1
1402970 1918.4
1402980 1918.4
1402990 1923.1
1403000 1927.4
1403010 1932.8
1403020 1932.8
1403030 1941.1
1403040 1949.0
1403050 1949.0
1403060 1950.6
1403070 1951.7
1403080 1951.7
1403090 1952.0
1403100 1953.4
1403110 1953.4
1403120 1956.5
1403130 1961.2
1403140 1961.2
1403150 1966.1
1403160 1970.8
1403170 1970.8
1403180 1974.7
1403190 1979.9
1403200 1979.9
1403210 1985.7
1403220 1991.4
1403230 1991.4
1403240 1997.1
1403250 2001.8
1403260 2004.9
1403270 2004.9
1403280 2006.3
1403290 2005.3
1403300 2005.3
1403310 2002.2
1403320 1999.3
1403330 1999.3
1403340 2001.6
1403350 2005.4
1403360 2005.4
1403370 2009.3
1403380 2012.8
1403390 2012.8
1403400 2013.7
1403410 2011.3
1403420 2011.3
1403430 2009.5
1403440 2007.3
1403450 2007.3
1403460 2007.6
1403470 2010.1
1403480 2010.1
1403490 2014.2
1403500 2018.5
1403510 2022.7
1403520 2022.7
1403530 2026.4
1403540 2028.8
1403550 2028.8
1403560 2031.1
1403570 2035.1
1403580 2035.1
1403590 2039.1
1403600 2042.7
1403610 2042.7
1403620 2046.9
1403630 2053.5
1403640 2053.5
1403650 2060.2
1403660 2065.8
1403670 2065.8
1403680 2072.9
1403690 2082.1
1403700 2082.1
1403710 2088.6
1403720 2095.2
1403730 2095.2
1403740 2101.8
1403750 2109.3
1403760 2114.9
1403770 2114.9
1403780 2120.4
1403790 2126.7
1403800 2126.7
1403810 2133.9
1403820 2140.7
1403830 2140.7
1403840 2146.7
1403850 2153.2
1403860 2153.2
1403870 2160.6
1403880 2168.8
1403890 2168.8
1403900 2179.7
1403910 2189.4
1403920 2189.4
1403930 2198.1
1403940 2207.7
1403950 2207.7
1403960 2216.7
1403970 2224.1
1403980 2224.1
1403990 2231.5
1404000 2240.8
1404010 2250.1
1404020 2250.1
1404030 2260.9
1404040 2272.3
1404050 2272.3
1404060 2282.9
1404070 2291.6
1404080 2291.6
1404090 2293.1
1404100 2299.3
1404110 2299.3
1404120 2309.1
1404130 2317.4
1404140 2317.4
1404150 2324.4
1404160 2330.8
1404170 2330.8
1404180 2339.1
1404190 2348.7
1404200 2348.7
1404210 2355.4
1404220 2359.3
1404230 2359.3
1404240 2357.3
1404250 2358.5
1404260 2363.0
1404270 2363.0
1404280 2354.9
1404290 2356.1
1404300 2356.1
1404310 2350.9
1404320 2307.7
1404330 2307.7
1404340 2268.3
1404350 2251.7
1404360 2251.7
1404370 2259.0
1404380 2269.2
1404390 2269.2
1404400 2284.8
1404410 2293.4
1404420 2293.4
1404430 2290.2
1404440 2285.4
1404450 2285.4
1404460 2277.0
1404470 2271.4
1404480 2271.4
1404490 2267.6
1404500 2259.4
1404510 2250.5
1404520 2250.5
1404530 2246.8
1404540 2249.1
1404550 2249.1
1404560 2245.3
1404570 2235.9
1404580 2235.9
1404590 2226.4
1404600 2217.2
1404610 2217.2
1404620 2207.0
1404630 2196.5
1404640 2196.5
1404650 2186.3
1404660 2176.6
1404670 2176.6
1404680 2166.9
1404690 2158.6
1404700 2158.6
1404710 2150.5
1404720 2141.9
1404730 2141.9
1404740 2129.9
1404750 2119.5
1404760 2103.8
1404770 2103.8
1404780 2090.3
1404790 2080.1
1404800 2080.1
1404810 2071.1
1404820 2062.5
1404830 2062.5
1404840 2054.3
1404850 2046.5
1404860 2046.5
1404870 2039.3
1404880 2032.7
1404890 2032.7
1404900 2026.3
1404910 2020.4
1404920 2020.4
1404930 2014.8
1404940 2009.3
1404950 2009.3
1404960 2003.5
1404970 1998.3
1404980 1998.3
1404990 1994.3
1405000 1991.3
1405010 1989.4
1405020 1989.4
1405030 1986.2
1405040 1981.3
1405050 1981.3
1405060 1975.7
1405070 1971.4
1405080 1971.4
1405090 1967.5
1405100 1962.2
1405110 1962.2
1405120 1955.5
1405130 1948.4
1405140 1948.4
1405150 1941.4
1405160 1934.3
1405170 1934.3
1405180 1928.9
1405190 1924.3
1405200 1924.3
1405210 1920.2
1405220 1915.7
1405230 1915.7
1405240 1910.8
1405250 1905.9
1405260 1901.2
1405270 1901.2
1405280 1896.7
1405290 1893.1
1405300 1893.1
1405310 1890.5
1405320 1888.6
1405330 1888.6
1405340 1886.1
1405350 1883.3
1405360 1883.3
1405370 1880.6
1405380 1877.3
1405390 1877.3
1405400 1873.3
1405410 1868.8
1405420 1868.8
1405430 1864.3
1405440 1859.6
1405450 1859.6
1405460 1857.8
1405470 1861.6
1405480 1861.6
1405490 1861.3
1405500 1859.7
1405510 1858.4
1405520 1858.4
1405530 1855.4
1405540 1853.1
1405550 1853.1
1405560 1852.2
1405570 1853.2
1405580 1853.2
1405590 1855.6
1405600 1858.0
1405610 1858.0
1405620 1859.4
1405630 1859.8
1405640 1859.8
1405650 1860.8
1405660 1860.4
1405670 1860.4
1405680 1863.1
1405690 1866.0
1405700 1866.0
1405710 1867.5
1405720 1867.8
1405730 1867.8
1405740 1867.5
1405750 1866.9
1405760 1866.8
1405770 1866.8
1405780 1867.7
1405790 1868.8
1405800 1868.8
1405810 1868.8
1405820 1869.8
1405830 1869.8
1405840 1871.3
1405850 1873.3
1405860 1873.3
1405870 1875.1
1405880 1877.4
1405890 1877.4
1405900 1880.6
1405910 1885.6
1405920 1885.6
1405930 1890.5
1405940 1895.1
1405950 1895.1
1405960 1899.8
1405970 1903.6
1405980 1903.6
1405990 1906.7
1406000 1912.0
1406010 1914.8
1406020 1914.8
1406030 1917.4
1406040 1920.2
1406050 1920.2
1406060 1923.3
1406070 1927.6
1406080 1927.6
1406090 1932.6
1406100 1937.4
1406110 1937.4
1406120 1942.8
1406130 1948.3
1406140 1948.3
1406150 1954.1
1406160 1960.2
1406170 1960.2
1406180 1966.6
1406190 1973.5
1406200 1973.5
1406210 1980.3
1406220 1987.8
1406230 1987.8
1406240 1995.8
1406250 2003.2
1406260 2009.9
1406270 2009.9
1406280 2016.4
1406290 2024.9
1406300 2024.9
1406310 2034.8
1406320 2044.6
1406330 2044.6
1406340 2054.9
1406350 2064.9
1406360 2064.9
1406370 2073.0
1406380 2081.4
1406390 2081.4
1406400 2091.9
1406410 2105.6
1406420 2105.6
1406430 2116.5
1406440 2127.6
1406450 2127.6
1406460 2140.3
1406470 2150.1
1406480 2150.1
1406490 2159.5
1406500 2168.3
1406510 2173.5
1406520 2173.5
1406530 2178.4
1406540 2180.6
1406550 2180.6
1406560 2184.7
1406570 2190.2
1406580 2190.2
1406590 2193.3
1406600 2196.2
1406610 2196.2
1406620 2199.9
1406630 2204.6
1406640 2204.6
1406650 2210.4
1406660 2217.8
1406670 2217.8
1406680 2225.0
1406690 2232.8
1406700 2232.8
1406710 2241.8
1406720 2251.2
1406730 2251.2
1406740 2261.0
1406750 2270.8
1406760 2280.1
1406770 2280.1
1406780 2290.0
1406790 2300.4
1406800 2300.4
1406810 2309.3
1406820 2321.9
1406830 2321.9
1406840 2332.9
1406850 2333.5
1406860 2333.5
1406870 2331.4
1406880 2325.3
1406890 2325.3
1406900 2320.9
1406910 2317.7
1406920 2317.7
1406930 2313.1
1406940 2304.8
1406950 2304.8
1406960 2293.8
1406970 2282.3
1406980 2282.3
1406990 2275.6
1407000 2272.9
1407010 2264.5
1407020 2264.5
1407030 2256.0
1407040 2246.3
1407050 2246.3
1407060 2232.0
1407070 2219.8
1407080 2219.8
1407090 2211.7
1407100 2212.7
1407110 2212.7
1407120 2216.3
1407130 2208.6
1407140 2208.6
1407150 2200.2
1407160 2193.8
1407170 2193.8
1407180 2190.3
1407190 2183.3
1407200 2183.3
1407210 2173.3
1407220 2167.2
1407230 2167.2
1407240 2165.7
1407250 2156.4
1407260 2149.8
1407270 2149.8
1407280 2141.1
1407290 2137.7
1407300 2137.7
1407310 2133.5
1407320 2125.8
1407330 2125.8
1407340 2118.8
1407350 2111.0
1407360 2111.0
1407370 2105.0
1407380 2099.2
1407390 2099.2
1407400 2093.3
1407410 2087.0
1407420 2087.0
1407430 2080.9
1407440 2075.5
1407450 2075.5
1407460 2070.8
1407470 2066.3
1407480 2066.3
1407490 2061.6
1407500 2056.6
1407510 2051.7
1407520 2051.7
1407530 2046.6
1407540 2041.7
1407550 2041.7
1407560 2037.1
1407570 2032.7
1407580 2032.7
1407590 2028.4
1407600 2024.6
1407610 2024.6
1407620 2020.4
1407630 2016.8
1407640 2012.2
1407650 2008.6
1407660 2004.9
1407670 2004.9
1407680 2001.5
1407690 1998.0
1407700 1998.0
1407710 1994.6
1407720 1990.3
1407730 1990.3
1407740 1985.9
1407750 1981.2
1407760 1976.5
1407770 1976.5
1407780 1971.5
1407790 1966.0
1407800 1966.0
1407810 1960.8
1407820 1956.4
1407830 1956.4
1407840 1952.7
1407850 1948.7
1407860 1948.7
1407870 1944.9
1407880 1940.8
1407890 1940.8
1407900 1936.8
1407910 1932.6
1407920 1932.6
1407930 1928.6
1407940 1924.8
1407950 1924.8
1407960 1920.8
1407970 1916.4
1407980 1916.4
1407990 1911.6
1408000 1906.6
1408010 1901.2
1408020 1901.2
1408030 1895.8
1408040 1889.8
1408050 1889.8
1408060 1883.2
1408070 1876.8
1408080 1876.8
1408090 1870.7
1408100 1865.2
1408110 1865.2
1408120 1859.6
1408130 1854.1
1408140 1854.1
1408150 1848.5
1408160 1842.5
1408170 1842.5
1408180 1836.2
1408190 1829.7
1408200 1829.7
1408210 1823.9
1408220 1818.6
1408230 1818.6
1408240 1812.1
1408250 1805.8
1408260 1798.5
1408270 1798.5
1408280 1791.7
1408290 1784.3
1408300 1784.3
1408310 1778.3
1408320 1772.3
1408330 1772.3
1408340 1765.9
1408350 1759.6
1408360 1759.6
1408370 1753.2
1408380 1747.8
1408390 1747.8
1408400 1741.3
1408410 1734.1
1408420 1734.1
1408430 1728.8
1408440 1722.9
1408450 1722.9
1408460 1716.5
1408470 1709.4
1408480 1709.4
1408490 1704.3
1408500 1700.0
1408510 1692.6
1408520 1692.6
1408530 1683.1
1408540 1676.2
1408550 1676.2
1408560 1670.8
1408570 1662.8
1408580 1662.8
1408590 1658.1
1408600 1654.9
1408610 1654.9
1408620 1650.1
1408630 1645.1
1408640 1645.1
1408650 1638.6
1408660 1632.1
1408670 1632.1
1408680 1624.3
1408690 1616.4
1408700 1616.4
1408710 1608.8
1408720 1601.0
1408730 1601.0
1408740 1592.7
1408750 1584.7
1408760 1577.4
1408770 1577.4
1408780 1569.7
1408790 1562.4
1408800 1562.4
1408810 1554.8
1408820 1546.6
1408830 1546.6
1408840 1538.2
1408850 1529.5
1408860 1529.5
1408870 1521.7
1408880 1513.7
1408890 1513.7
1408900 1504.9
1408910 1495.6
1408920 1495.6
1408930 1487.7
1408940 1481.1
1408950 1481.1
1408960 1473.5
1408970 1468.0
1408980 1468.0
1408990 1466.1
1409000 1466.6
1409010 1472.8
1409020 1472.8
1409030 1475.1
1409040 1475.7
1409050 1475.7
1409060 1477.0
1409070 1478.2
1409080 1478.2
1409090 1479.3
1409100 1478.7
1409110 1478.7
1409120 1480.6
1409130 1479.6
1409140 1479.6
1409150 1479.1
1409160 1481.2
1409170 1481.2
1409180 1481.1
1409190 1479.7
1409200 1479.7
1409210 1478.8
1409220 1478.4
1409230 1478.4
1409240 1478.2
1409250 1478.0
1409260 1478.5
1409270 1478.5
1409280 1478.5
1409290 1478.2
1409300 1478.2
1409310 1480.0
1409320 1481.3
1409330 1481.3
1409340 1481.8
1409350 1484.9
1409360 1484.9
1409370 1489.4
1409380 1494.1
1409390 1494.1
1409400 1499.9
1409410 1505.3
1409420 1505.3
1409430 1511.2
1409440 1516.8
1409450 1516.8
1409460 1522.5
1409470 1529.0
1409480 1529.0
1409490 1536.7
1409500 1544.6
1409510 1552.3
1409520 1552.3
1409530 1560.2
1409540 1566.8
1409550 1566.8
1409560 1573.5
1409570 1584.4
1409580 1584.4
1409590 1600.0
1409600 1628.4
1409610 1628.4
1409620 1646.9
1409630 1653.3
1409640 1653.3
1409650 1659.9
1409660 1671.0
1409670 1671.0
1409680 1681.1
1409690 1688.6
1409700 1688.6
1409710 1694.9
1409720 1699.8
1409730 1699.8
1409740 1705.3
1409750 1714.4
1409760 1722.3
1409770 1722.3
1409780 1728.8
1409790 1736.8
1409800 1736.8
1409810 1743.3
1409820 1748.9
1409830 1748.9
1409840 1755.0
1409850 1761.2
1409860 1761.2
1409870 1766.7
1409880 1777.1
1409890 1777.1
1409900 1786.4
1409910 1795.6
1409920 1795.6
1409930 1809.2
1409940 1820.2
1409950 1820.2
1409960 1832.7
1409970 1841.2
1409980 1841.2
1409990 1851.0
1410000 1858.1
1410010 1868.4
1410020 1868.4
1410030 1886.7
1410040 1895.0
1410050 1895.0
1410060 1894.7
1410070 1902.2
1410080 1902.2
1410090 1907.5
1410100 1905.4
1410110 1905.4
1410120 1905.7
1410130 1911.4
1410140 1911.4
1410150 1916.3
1410160 1919.5
1410170 1919.5
1410180 1923.2
1410190 1926.4
1410200 1926.4
1410210 1926.5
1410220 1921.9
1410230 1921.9
1410240 1914.3
1410250 1913.7
1410260 1922.5
1410270 1922.5
1410280 1921.5
1410290 1922.6
1410300 1922.6
1410310 1921.6
1410320 1916.3
1410330 1916.3
1410340 1914.7
1410350 1922.3
1410360 1922.3
1410370 1939.0
1410380 1947.4
1410390 1947.4
1410400 1949.3
1410410 1951.8
1410420 1951.8
1410430 1955.6
1410440 1960.7
1410450 1960.7
1410460 1962.2
1410470 1960.7
1410480 1960.7
1410490 1961.2
1410500 1956.6
1410510 1949.5
1410520 1949.5
1410530 1955.0
1410540 1957.6
1410550 1957.6
1410560 1960.7
1410570 1960.1
1410580 1960.1
1410590 1966.0
1410600 1971.7
1410610 1971.7
1410620 1980.5
1410630 1986.6
1410640 1986.6
1410650 1983.2
1410660 1981.1
1410670 1981.1
1410680 1983.1
1410690 1992.9
1410700 1992.9
1410710 2005.6
1410720 2012.6
1410730 2012.6
1410740 2019.9
1410750 2035.5
1410760 2041.6
1410770 2041.6
1410780 2040.4
1410790 2044.3
1410800 2044.3
1410810 2048.7
1410820 2051.5
1410830 2051.5
1410840 2051.7
1410850 2058.1
1410860 2058.1
1410870 2062.8
1410880 2068.0
1410890 2068.0
1410900 2074.7
1410910 2078.0
1410920 2078.0
1410930 2077.5
1410940 2076.7
1410950 2076.7
1410960 2078.4
1410970 2079.3
1410980 2079.3
1410990 2082.3
1411000 2085.8
1411010 2086.2
1411020 2099.6
1411030 2100.1
1411040 2102.5
1411050 2102.5
1411060 2106.3
1411070 2110.1
1411080 2110.1
1411090 2115.3
1411100 2120.5
1411110 2120.5
1411120 2125.9
1411130 2132.1
1411140 2132.1
1411150 2141.5
1411160 2150.1
1411170 2150.1
1411180 2158.7
1411190 2167.0
1411200 2167.0
1411210 2175.1
1411220 2184.2
1411230 2184.2
1411240 2192.8
1411250 2200.6
1411260 2207.8
1411270 2207.8
1411280 2215.6
1411290 2222.4
1411300 2222.4
1411310 2230.7
1411320 2237.4
1411330 2237.4
1411340 2245.2
1411350 2253.7
1411360 2253.7
1411370 2263.2
1411380 2273.2
1411390 2273.2
1411400 2283.1
1411410 2296.7
1411420 2296.7
1411430 2302.9
1411440 2307.4
1411450 2307.4
1411460 2315.5
1411470 2330.2
1411480 2330.2
1411490 2341.7
1411500 2353.2
1411510 2362.9
1411520 2362.9
1411530 2372.4
1411540 2381.1
1411550 2381.1
1411560 2392.0
1411570 2400.6
1411580 2400.6
1411590 2408.6
1411600 2416.9
1411610 2416.9
1411620 2422.8
1411630 2429.3
1411640 2429.3
1411650 2429.4
1411660 2416.4
1411670 2416.4
1411680 2409.9
1411690 2407.3
1411700 2407.3
1411710 2405.0
1411720 2403.9
1411730 2403.9
1411740 2402.6
1411750 2401.0
1411760 2399.5
1411770 2399.5
1411780 2397.8
1411790 2395.5
1411800 2395.5
1411810 2395.7
1411820 2398.9
1411830 2398.9
1411840 2401.4
1411850 2398.1
1411860 2398.1
1411870 2398.2
1411880 2401.1
1411890 2401.1
1411900 2403.2
1411910 2403.6
1411920 2403.6
1411930 2402.9
1411940 2403.2
1411950 2403.2
1411960 2404.5
1411970 2407.5
1411980 2407.5
1411990 2409.3
1412000 2407.2
1412010 2404.4
1412020 2404.4
1412030 2402.8
1412040 2401.2
1412050 2401.2
1412060 2399.5
1412070 2396.1
1412080 2396.1
1412090 2387.2
1412100 2381.9
1412110 2381.9
1412120 2375.5
1412130 2377.1
1412140 2377.1
1412150 2371.7
1412160 2361.1
1412170 2361.1
1412180 2355.4
1412190 2350.4
1412200 2350.4
1412210 2346.2
1412220 2342.7
1412230 2342.7
1412240 2338.0
1412250 2334.1
1412260 2333.3
1412270 2333.3
1412280 2334.1
1412290 2336.7
1412300 2336.7
1412310 2339.7
1412320 2338.0
1412330 2338.0
1412340 2331.9
1412350 2326.3
1412360 2326.3
1412370 2317.4
1412380 2317.2
1412390 2317.2
1412400 2316.7
1412410 2309.2
1412420 2309.2
1412430 2298.7
1412440 2283.9
1412450 2283.9
1412460 2271.7
1412470 2265.9
1412480 2261.8
1412490 2261.8
1412500 2256.5
1412510 2252.2
1412520 2252.2
1412530 2248.5
1412540 2244.5
1412550 2244.5
1412560 2239.8
1412570 2235.2
1412580 2235.2
1412590 2232.8
1412600 2231.0
1412610 2231.0
1412620 2232.3
1412630 2232.5
1412640 2232.5
1412650 2233.3
1412660 2230.1
1412670 2230.1
1412680 2224.4
1412690 2217.7
1412700 2217.7
1412710 2212.4
1412720 2207.2
1412730 2201.4
1412740 2201.4
1412750 2198.0
1412760 2195.6
1412770 2199.7
1412780 2199.0
1412790 2197.2
1412800 2197.2
1412810 2195.7
1412820 2195.3
1412830 2195.3
1412840 2195.3
1412850 2196.1
1412860 2196.1
1412870 2197.9
1412880 2198.6
1412890 2198.6
1412900 2199.8
1412910 2201.7
1412920 2201.7
1412930 2203.6
1412940 2205.4
1412950 2205.4
1412960 2206.3
1412970 2206.2
1412980 2206.5
1412990 2206.5
1413000 2207.7
1413010 2213.9
1413020 2213.9
1413030 2219.0
1413040 2223.2
1413050 2223.2
1413060 2222.0
1413070 2221.1
1413080 2221.1
1413090 2216.1
1413100 2208.2
1413110 2208.2
1413120 2201.0
1413130 2194.3
1413140 2194.3
1413150 2187.9
1413160 2183.0
1413170 2183.0
1413180 2179.9
1413190 2177.6
1413200 2177.6
1413210 2174.7
1413220 2171.8
1413230 2168.7
1413240 2168.7
1413250 2165.0
1413260 2160.9
1413270 2160.9
1413280 2157.4
1413290 2155.8
1413300 2155.8
1413310 2153.9
1413320 2149.8
1413330 2149.8
1413340 2145.7
1413350 2143.4
1413360 2143.4
1413370 2141.2
1413380 2139.5
1413390 2139.5
1413400 2138.0
1413410 2133.2
1413420 2133.2
1413430 2127.1
1413440 2120.3
1413450 2120.3
1413460 2114.4
1413470 2111.4
1413480 2109.4
1413490 2109.4
1413500 2101.4
1413510 2091.9
1413520 2091.9
1413530 2088.2
1413540 2084.0
1413550 2084.0
1413560 2074.9
1413570 2068.7
1413580 2068.7
1413590 2063.2
1413600 2058.6
1413610 2058.6
1413620 2053.4
1413630 2047.1
1413640 2047.1
1413650 2042.5
1413660 2040.6
1413670 2040.6
1413680 2038.4
1413690 2035.3
1413700 2035.3
1413710 2030.7
1413720 2024.7
1413730 2016.5
1413740 2016.5
1413750 2008.0
1413760 2000.8
1413770 2000.8
1413780 1993.1
1413790 1983.6
1413800 1983.6
1413810 1976.8
1413820 1969.8
1413830 1969.8
1413840 1962.2
1413850 1954.2
1413860 1954.2
1413870 1945.3
1413880 1936.9
1413890 1936.9
1413900 1929.2
1413910 1920.6
1413920 1920.6
1413930 1910.8
1413940 1900.8
1413950 1900.8
1413960 1891.1
1413970 1880.3
1413980 1871.9
1413990 1871.9
1414000 1864.9
1414010 1860.0
1414020 1860.0
1414030 1857.4
1414040 1852.6
1414050 1852.6
1414060 1849.4
1414070 1846.2
1414080 1846.2
1414090 1840.6
1414100 1835.8
1414110 1835.8
1414120 1830.1
1414130 1822.1
1414140 1822.1
1414150 1815.4
1414160 1809.0
1414170 1809.0
1414180 1802.5
1414190 1797.3
1414200 1797.3
1414210 1795.6
1414220 1792.3
1414230 1788.3
1414240 1788.3
1414250 1783.3
1414260 1777.7
1414270 1777.7
1414280 1773.0
1414290 1768.9
1414300 1768.9
1414310 1761.3
1414320 1754.3
1414330 1754.3
1414340 1746.9
1414350 1740.1
1414360 1740.1
1414370 1735.4
1414380 1731.5
1414390 1731.5
1414400 1726.1
1414410 1720.3
1414420 1720.3
1414430 1715.1
1414440 1709.5
1414450 1709.5
1414460 1703.3
1414470 1696.5
1414480 1690.2
1414490 1690.2
1414500 1688.1
1414510 1696.2
1414520 1696.2
1414530 1705.5
1414540 1713.2
1414550 1713.2
1414560 1720.1
1414570 1725.5
1414580 1725.5
1414590 1729.3
1414600 1732.7
1414610 1732.7
1414620 1735.9
1414630 1738.8
1414640 1738.8
1414650 1741.3
1414660 1742.9
1414670 1742.9
1414680 1743.8
1414690 1742.4
1414700 1742.4
1414710 1740.6
1414720 1738.8
1414730 1731.6
1414740 1731.6
1414750 1721.5
1414760 1710.6
1414770 1710.6
1414780 1700.6
1414790 1691.5
1414800 1691.5
1414810 1683.7
1414820 1676.5
1414830 1676.5
1414840 1671.2
1414850 1665.9
1414860 1665.9
1414870 1661.4
1414880 1657.4
1414890 1657.4
1414900 1655.0
1414910 1652.3
1414920 1652.3
1414930 1650.0
1414940 1646.9
1414950 1646.9
1414960 1643.0
1414970 1638.9
1414980 1635.5
1414990 1635.5
1415000 1632.0
1415010 1629.3
1415020 1629.3
1415030 1626.7
1415040 1623.1
1415050 1623.1
1415060 1618.5
1415070 1613.1
1415080 1613.1
1415090 1607.4
1415100 1601.0
1415110 1601.0
1415120 1594.0
1415130 1587.3
1415140 1587.3
1415150 1580.1
1415160 1572.0
1415170 1572.0
1415180 1568.8
1415190 1566.9
1415200 1566.9
1415210 1562.1
1415220 1555.1
1415230 1547.3
1415240 1547.3
1415250 1541.1
1415260 1536.1
1415270 1536.1
1415280 1531.7
1415290 1525.1
1415300 1525.1
1415310 1520.7
1415320 1517.8
1415330 1517.8
1415340 1513.9
1415350 1511.4
1415360 1511.4
1415370 1509.3
1415380 1506.7
1415390 1506.7
1415400 1498.2
1415410 1487.7
1415420 1487.7
1415430 1480.5
1415440 1473.8
1415450 1473.8
1415460 1467.9
1415470 1462.5
1415480 1460.3
1415490 1460.3
1415500 1454.5
1415510 1447.4
1415520 1447.4
1415530 1436.8
1415540 1422.2
1415550 1422.2
1415560 1418.8
1415570 1420.5
1415580 1420.5
1415590 1420.4
1415600 1415.8
1415610 1415.8
1415620 1411.1
1415630 1400.5
1415640 1400.5
1415650 1382.2
1415660 1367.9
1415670 1367.9
1415680 1359.9
1415690 1356.5
1415700 1356.5
1415710 1354.2
1415720 1347.3
1415730 1339.9
1415740 1339.9
1415750 1332.5
1415760 1325.5
1415770 1325.5
1415780 1321.4
1415790 1319.3
1415800 1319.3
1415810 1313.3
1415820 1307.9
1415830 1307.9
1415840 1302.4
1415850 1297.4
1415860 1297.4
1415870 1281.4
1415880 1260.9
1415890 1260.9
1415900 1251.9
1415910 1249.9
1415920 1249.9
1415930 1247.2
1415940 1242.6
1415950 1242.6
1415960 1234.7
1415970 1233.3
1415980 1224.1
1415990 1224.1
1416000 1213.6
1416010 1205.6
1416020 1205.6
1416030 1183.6
1416040 1160.3
1416050 1160.3
1416060 1135.4
1416070 1127.8
1416080 1127.8
1416090 1121.5
1416100 1103.6
1416110 1103.6
1416120 1080.0
1416130 1065.6
1416140 1065.6
1416150 1043.6
1416160 1026.3
1416170 1026.3
1416180 1019.3
1416190 1012.9
1416200 1012.9
1416210 1006.1
1416220 998.7
1416230 991.3
1416240 991.3
1416250 983.6
1416260 976.2
1416270 976.2
1416280 969.4
1416290 962.2
1416300 962.2
1416310 954.8
1416320 949.3
1416330 949.3
1416340 944.4
1416350 941.0
1416360 941.0
1416370 936.8
1416380 931.5
1416390 931.5
1416400 927.2
1416410 924.2
1416420 923.2
1416430 921.5
1416440 920.9
1416450 920.9
1416460 920.4
1416470 920.2
1416480 919.9
1416490 919.9
1416500 919.5
1416510 918.9
1416520 918.9
1416530 918.2
1416540 917.2
1416550 917.2
1416560 914.6
1416570 910.9
1416580 910.9
1416590 906.4
1416600 900.6
1416610 900.6
1416620 895.1
1416630 894.5
1416640 894.5
1416650 893.5
1416660 892.0
1416670 892.0
1416680 892.6
1416690 893.0
1416700 893.0
1416710 894.4
1416720 898.9
1416730 902.2
1416740 902.2
1416750 902.8
1416760 903.2
1416770 903.2
1416780 904.6
1416790 905.0
1416800 905.0
1416810 905.9
1416820 907.4
1416830 907.4
1416840 908.3
1416850 908.9
1416860 908.9
1416870 909.8
1416880 910.0
1416890 910.0
1416900 910.5
1416910 911.1
1416920 911.1
1416930 911.1
1416940 910.9
1416950 910.9
1416960 911.3
1416970 912.1
1416980 912.9
1416990 912.9
1417000 914.1
1417010 915.8
1417020 915.8
1417030 917.6
1417040 919.6
1417050 919.6
1417060 923.3
1417070 925.4
1417080 925.4
1417090 930.4
1417100 937.7
1417110 937.7
1417120 943.9
1417130 950.6
1417140 950.6
1417150 957.9
1417160 964.3
1417170 964.3
1417180 970.5
1417190 976.7
1417200 976.7
1417210 982.8
1417220 987.5
1417230 991.2
1417240 991.2
1417250 994.5
1417260 1000.3
1417270 1000.3
1417280 1011.1
1417290 1031.9
1417300 1031.9
1417310 1054.3
1417320 1071.1
1417330 1071.1
1417340 1083.3
1417350 1088.1
1417360 1088.1
1417370 1087.2
1417380 1087.2
1417390 1087.2
1417400 1091.6
1417410 1099.4
1417420 1099.4
1417430 1105.9
1417440 1112.1
1417450 1112.1
1417460 1120.7
1417470 1137.6
1417480 1149.6
1417490 1149.6
1417500 1151.0
1417510 1156.1
1417520 1156.1
1417530 1163.9
1417540 1183.2
1417550 1183.2
1417560 1214.0
1417570 1230.2
1417580 1230.2
1417590 1243.9
1417600 1259.1
1417610 1259.1
1417620 1270.3
1417630 1282.9
1417640 1282.9
1417650 1291.1
1417660 1299.2
1417670 1299.2
1417680 1302.1
1417690 1296.5
1417700 1296.5
1417710 1307.1
1417720 1309.5
1417730 1312.8
1417740 1312.8
1417750 1325.2
1417760 1336.3
1417770 1336.3
1417780 1345.4
1417790 1354.0
1417800 1354.0
1417810 1366.1
1417820 1375.2
1417830 1375.2
1417840 1386.4
1417850 1398.2
1417860 1398.2
1417870 1413.0
1417880 1427.0
1417890 1427.0
1417900 1438.0
1417910 1443.8
1417920 1443.8
1417930 1451.1
1417940 1459.1
1417950 1459.1
1417960 1464.9
1417970 1471.9
1417980 1480.3
1417990 1480.3
1418000 1488.6
1418010 1497.2
1418020 1497.2
1418030 1504.5
1418040 1512.0
1418050 1512.0
1418060 1519.1
1418070 1526.4
1418080 1526.4
1418090 1533.4
1418100 1540.9
1418110 1540.9
1418120 1547.9
1418130 1555.8
1418140 1555.8
1418150 1564.4
1418160 1573.2
1418170 1573.2
1418180 1581.5
1418190 1585.2
1418200 1585.2
1418210 1592.7
1418220 1603.6
1418230 1611.3
1418240 1611.3
1418250 1618.0
1418260 1627.1
1418270 1627.1
1418280 1637.5
1418290 1644.5
1418300 1644.5
1418310 1648.5
1418320 1651.5
1418330 1651.5
1418340 1660.9
1418350 1665.9
1418360 1665.9
1418370 1671.1
1418380 1675.7
1418390 1675.7
1418400 1679.9
1418410 1686.1
1418420 1686.1
1418430 1689.2
1418440 1689.7
1418450 1689.7
1418460 1690.7
1418470 1693.9
1418480 1698.4
1418490 1698.4
1418500 1703.1
1418510 1707.8
1418520 1707.8
1418530 1711.9
1418540 1715.0
1418550 1715.0
1418560 1717.1
1418570 1717.7
1418580 1717.7
1418590 1719.6
1418600 1721.5
1418610 1721.5
1418620 1723.0
1418630 1725.0
1418640 1725.0
1418650 1728.2
1418660 1732.5
1418670 1732.5
1418680 1735.1
1418690 1737.9
1418700 1737.9
1418710 1741.1
1418720 1743.3
1418730 1744.2
1418740 1744.2
1418750 1746.6
1418760 1748.6
1418770 1748.6
1418780 1750.2
1418790 1752.6
1418800 1752.6
1418810 1754.7
1418820 1755.9
1418830 1755.9
1418840 1754.3
1418850 1753.6
1418860 1753.6
1418870 1754.1
1418880 1754.2
1418890 1754.2
1418900 1754.2
1418910 1754.9
1418920 1754.9
1418930 1755.8
1418940 1755.6
1418950 1755.6
1418960 1755.7
1418970 1757.5
1418980 1759.6
1418990 1759.6
1419000 1760.8
1419010 1762.0
1419020 1762.0
1419030 1763.9
1419040 1765.6
1419050 1765.6
1419060 1766.3
1419070 1766.1
1419080 1766.1
1419090 1765.9
1419100 1764.5
1419110 1764.5
1419120 1763.5
1419130 1764.3
1419140 1764.3
1419150 1765.9
1419160 1766.7
1419170 1766.7
1419180 1768.2
1419190 1770.6
1419200 1770.6
1419210 1772.6
1419220 1774.7
1419230 1778.2
1419240 1778.2
1419250 1781.2
1419260 1783.7
1419270 1783.7
1419280 1785.6
1419290 1785.9
1419300 1785.9
1419310 1791.8
1419320 1796.4
1419330 1796.4
1419340 1800.4
1419350 1805.2
1419360 1805.2
1419370 1809.3
1419380 1812.9
1419390 1812.9
1419400 1816.3
1419410 1819.4
1419420 1819.4
1419430 1822.3
1419440 1825.2
1419450 1825.2
1419460 1827.3
1419470 1828.5
1419480 1829.1
1419490 1829.1
1419500 1831.3
1419510 1834.0
1419520 1834.0
1419530 1836.4
1419540 1838.5
1419550 1838.5
1419560 1841.1
1419570 1844.0
1419580 1844.0
1419590 1846.7
1419600 1848.2
1419610 1848.2
1419620 1850.4
1419630 1853.1
1419640 1853.1
1419650 1854.8
1419660 1856.1
1419670 1856.1
1419680 1858.1
1419690 1861.6
1419700 1861.6
1419710 1865.3
1419720 1869.6
1419730 1875.6
1419740 1875.6
1419750 1884.8
1419760 1892.9
1419770 1892.9
1419780 1897.2
1419790 1901.9
1419800 1901.9
1419810 1906.6
1419820 1911.0
1419830 1911.0
1419840 1916.0
1419850 1920.5
1419860 1920.5
1419870 1925.6
1419880 1931.2
1419890 1931.2
1419900 1937.0
1419910 1942.6
1419920 1942.6
1419930 1948.2
1419940 1954.4
1419950 1954.4
1419960 1961.0
1419970 1967.6
1419980 1974.2
1419990 1974.2
