1400000 881.4
1400010 886.8
1400020 890.7
1400030 890.7
1400040 891.9
1400050 892.9
1400060 895.3
1400070 895.3
1400080 897.8
1400090 899.3
1400100 899.3
1400110 900.5
1400120 901.7
1400130 901.7
1400140 903.1
1400150 905.1
1400160 905.1
1400170 907.0
1400180 908.5
1400190 908.5
1400200 910.3
1400210 912.1
1400220 912.1
1400230 913.9
1400240 915.7
1400250 915.7
1400260 917.4
1400270 919.6
1400280 919.6
1400290 921.6
1400300 923.3
1400310 925.1
1400320 925.1
1400330 927.2
1400340 928.6
1400350 928.6
1400360 930.2
1400370 931.9
1400380 931.9
1400390 933.5
1400400 935.5
1400410 935.5
1400420 937.5
1400430 941.5
1400440 941.5
1400450 947.9
1400460 953.7
1400470 953.7
1400480 960.7
1400490 967.2
1400500 967.2
1400510 968.7
1400520 969.8
1400530 969.8
1400540 970.5
1400550 970.0
1400560 970.2
1400570 970.2
1400580 970.4
1400590 970.9
1400600 970.9
1400610 970.5
1400620 971.8
1400630 971.8
1400640 980.2
1400650 989.7
1400660 989.7
1400670 995.6
1400680 1002.4
1400690 1002.4
1400700 1008.8
1400710 1014.5
1400720 1014.5
1400730 1019.8
1400740 1024.9
1400750 1024.9
1400760 1029.8
1400770 1035.8
1400780 1035.8
1400790 1042.3
1400800 1048.4
1400810 1054.9
1400820 1054.9
1400830 1061.5
1400840 1069.4
1400850 1069.4
1400860 1077.3
1400870 1085.3
1400880 1085.3
1400890 1093.5
1400900 1101.3
1400910 1101.3
1400920 1108.6
1400930 1115.9
1400940 1115.9
1400950 1124.0
1400960 1132.0
1400970 1132.0
1400980 1140.0
1400990 1148.6
1401000 1148.6
1401010 1158.1
1401020 1170.6
1401030 1170.6
1401040 1182.6
1401050 1193.5
1401060 1204.3
1401070 1204.3
1401080 1213.7
1401090 1223.3
1401100 1223.3
1401110 1239.5
1401120 1252.6
1401130 1252.6
1401140 1261.9
1401150 1269.2
1401160 1269.2
1401170 1276.4
1401180 1283.9
1401190 1283.9
1401200 1291.0
1401210 1298.6
1401220 1298.6
1401230 1306.7
1401240 1315.9
1401250 1315.9
1401260 1326.5
1401270 1336.7
1401280 1336.7
1401290 1342.7
1401300 1354.4
1401310 1361.2
1401320 1361.2
1401330 1367.6
1401340 1374.2
1401350 1374.2
1401360 1381.2
1401370 1387.9
1401380 1387.9
1401390 1394.8
1401400 1401.5
1401410 1401.5
1401420 1407.8
1401430 1413.9
1401440 1413.9
1401450 1420.0
1401460 1425.8
1401470 1425.8
1401480 1431.5
1401490 1438.1
1401500 1438.1
1401510 1444.9
1401520 1450.8
1401530 1450.8
1401540 1456.6
1401550 1462.1
1401560 1468.1
1401570 1468.1
1401580 1473.9
1401590 1479.2
1401600 1479.2
1401610 1483.9
1401620 1489.0
1401630 1489.0
1401640 1494.2
1401650 1499.7
1401660 1499.7
1401670 1505.6
1401680 1511.2
1401690 1511.2
1401700 1516.3
1401710 1521.2
1401720 1521.2
1401730 1526.4
1401740 1531.7
1401750 1531.7
1401760 1535.8
1401770 1539.4
1401780 1539.4
1401790 1543.2
1401800 1546.2
1401810 1546.2
1401820 1548.5
1401830 1553.8
1401840 1559.0
1401850 1559.0
1401860 1563.9
1401870 1568.3
1401880 1568.3
1401890 1571.9
1401900 1575.9
1401910 1575.9
1401920 1579.7
1401930 1582.6
1401940 1582.6
1401950 1583.8
1401960 1583.9
1401970 1583.9
1401980 1583.3
1401990 1583.2
1402000 1583.2
1402010 1585.0
1402020 1588.7
1402030 1588.7
1402040 1593.9
1402050 1599.3
1402060 1599.3
1402070 1604.3
1402080 1609.0
1402090 1613.2
1402100 1613.2
1402110 1616.5
1402120 1620.7
1402130 1620.7
1402140 1625.1
1402150 1629.1
1402160 1629.1
1402170 1633.1
1402180 1637.8
1402190 1637.8
1402200 1644.4
1402210 1649.7
1402220 1649.7
1402230 1655.9
1402240 1661.3
1402250 1661.3
1402260 1664.5
1402270 1668.6
1402280 1668.6
1402290 1672.3
1402300 1675.8
1402310 1675.8
1402320 1678.6
1402330 1682.7
1402340 1689.0
1402350 1689.0
1402360 1695.3
1402370 1701.6
1402380 1701.6
1402390 1707.7
1402400 1713.1
1402410 1713.1
1402420 1717.4
1402430 1721.2
1402440 1721.2
1402450 1725.8
1402460 1732.3
1402470 1732.3
1402480 1738.7
1402490 1745.0
1402500 1745.0
1402510 1751.4
1402520 1758.3
1402530 1758.3
1402540 1764.9
1402550 1771.5
1402560 1771.5
1402570 1778.4
1402580 1785.1
1402590 1791.8
1402600 1791.8
1402610 1798.3
1402620 1804.1
1402630 1804.1
1402640 1810.2
1402650 1815.3
1402660 1815.3
1402670 1820.6
1402680 1826.8
1402690 1826.8
1402700 1833.1
1402710 1839.0
1402720 1839.0
1402730 1843.7
1402740 1847.0
1402750 1847.0
1402760 1851.0
1402770 1854.2
1402780 1854.2
1402790 1856.8
1402800 1859.6
1402810 1859.6
1402820 1858.4
1402830 1853.3
1402840 1854.2
1402850 1854.2
1402860 1851.7
1402870 1850.4
1402880 1850.4
1402890 1849.4
1402900 1848.2
1402910 1848.2
1402920 1847.7
1402930 1847.1
1402940 1847.1
1402950 1847.1
1402960 1848.1
1402970 1848.1
1402980 1850.3
1402990 1846.5
1403000 1846.5
1403010 1843.1
1403020 1841.4
1403030 1841.4
1403040 1843.4
1403050 1849.0
1403060 1849.0
1403070 1853.8
1403080 1858.3
1403090 1863.7
1403100 1863.7
1403110 1868.8
1403120 1873.4
1403130 1873.4
1403140 1878.3
1403150 1884.8
1403160 1884.8
1403170 1891.3
1403180 1897.1
1403190 1897.1
1403200 1901.9
1403210 1907.8
1403220 1907.8
1403230 1913.8
1403240 1919.2
1403250 1919.2
1403260 1923.6
1403270 1928.0
1403280 1928.0
1403290 1932.4
1403300 1937.1
1403310 1937.1
1403320 1941.3
1403330 1946.9
1403340 1951.3
1403350 1951.3
1403360 1952.6
1403370 1952.2
1403380 1952.2
1403390 1952.1
1403400 1954.0
1403410 1954.0
1403420 1955.9
1403430 1958.9
1403440 1958.9
1403450 1962.9
1403460 1966.6
1403470 1966.6
1403480 1970.5
1403490 1974.6
1403500 1974.6
1403510 1978.8
1403520 1983.0
1403530 1983.0
1403540 1988.1
1403550 1993.0
1403560 1993.0
1403570 1998.3
1403580 2004.4
1403590 2010.2
1403600 2010.2
1403610 2016.1
1403620 2022.0
1403630 2022.0
1403640 2027.8
1403650 2033.6
1403660 2033.6
1403670 2039.6
1403680 2046.6
1403690 2046.6
1403700 2057.2
1403710 2067.5
1403720 2067.5
1403730 2080.0
1403740 2089.9
1403750 2089.9
1403760 2099.2
1403770 2108.5
1403780 2108.5
1403790 2116.8
1403800 2124.7
1403810 2124.7
1403820 2132.4
1403830 2140.0
1403840 2148.3
1403850 2148.3
1403860 2156.9
1403870 2164.7
1403880 2164.7
1403890 2172.4
1403900 2180.0
1403910 2180.0
1403920 2187.8
1403930 2196.1
1403940 2196.1
1403950 2204.0
1403960 2212.0
1403970 2212.0
1403980 2215.8
1403990 2205.2
1404000 2205.2
1404010 2179.3
1404020 2163.2
1404030 2163.2
1404040 2154.4
1404050 2145.1
1404060 2145.1
1404070 2126.1
1404080 2114.8
1404090 2108.1
1404100 2108.1
1404110 2104.5
1404120 2097.3
1404130 2097.3
1404140 2088.2
1404150 2079.0
1404160 2079.0
1404170 2073.4
1404180 2065.0
1404190 2065.0
1404200 2062.7
1404210 2060.6
1404220 2060.6
1404230 2053.8
1404240 2042.1
1404250 2042.1
1404260 2029.9
1404270 2020.4
1404280 2020.4
1404290 2013.0
1404300 2001.5
1404310 2001.5
1404320 1994.5
1404330 1988.9
1404340 1983.9
1404350 1983.9
1404360 1979.2
1404370 1974.3
1404380 1974.3
1404390 1970.4
1404400 1966.7
1404410 1970.2
1404420 1965.6
1404430 1962.1
1404440 1962.1
1404450 1958.0
1404460 1952.7
1404470 1952.7
1404480 1947.6
1404490 1943.4
1404500 1943.4
1404510 1939.2
1404520 1935.5
1404530 1935.5
1404540 1932.9
1404550 1930.2
1404560 1930.2
1404570 1926.8
1404580 1923.0
1404590 1919.6
1404600 1919.6
1404610 1918.1
1404620 1918.2
1404630 1918.2
1404640 1921.1
1404650 1926.3
1404660 1926.3
1404670 1927.2
1404680 1922.5
1404690 1922.5
1404700 1917.5
1404710 1916.1
1404720 1916.1
1404730 1914.8
1404740 1913.5
1404750 1913.5
1404760 1913.0
1404770 1913.0
1404780 1913.0
1404790 1911.8
1404800 1906.2
1404810 1906.2
1404820 1900.4
1404830 1897.0
1404840 1894.8
1404850 1894.8
1404860 1892.9
1404870 1888.1
1404880 1888.1
1404890 1882.0
1404900 1877.1
1404910 1877.1
1404920 1872.5
1404930 1867.2
1404940 1867.2
1404950 1861.8
1404960 1858.8
1404970 1858.8
1404980 1856.3
1404990 1853.4
1405000 1853.4
1405010 1849.8
1405020 1845.6
1405030 1845.6
1405040 1840.6
1405050 1834.9
1405060 1834.9
1405070 1830.2
1405080 1826.2
1405090 1821.4
1405100 1821.4
1405110 1817.3
1405120 1816.9
1405130 1816.9
1405140 1815.7
1405150 1812.2
1405160 1812.2
1405170 1807.8
1405180 1803.1
1405190 1803.1
1405200 1798.1
1405210 1791.3
1405220 1791.3
1405230 1783.9
1405240 1776.4
1405250 1776.4
1405260 1767.5
1405270 1759.3
1405280 1759.3
1405290 1750.8
1405300 1742.5
1405310 1742.5
1405320 1735.7
1405330 1730.1
1405340 1725.3
1405350 1725.3
1405360 1720.4
1405370 1714.8
1405380 1714.8
1405390 1709.3
1405400 1704.6
1405410 1704.6
1405420 1700.2
1405430 1695.4
1405440 1695.4
1405450 1691.0
1405460 1687.1
1405470 1687.1
1405480 1684.6
1405490 1684.5
1405500 1684.5
1405510 1686.7
1405520 1688.2
1405530 1688.2
1405540 1686.5
1405550 1679.6
1405560 1679.6
1405570 1675.4
1405580 1681.1
1405590 1686.9
1405600 1686.9
1405610 1688.2
1405620 1687.7
1405630 1687.7
1405640 1690.5
1405650 1692.9
1405660 1692.9
1405670 1693.9
1405680 1694.6
1405690 1694.6
1405700 1695.0
1405710 1694.6
1405720 1694.6
1405730 1695.0
1405740 1695.5
1405750 1695.5
1405760 1696.1
1405770 1696.9
1405780 1696.9
1405790 1698.1
1405800 1698.7
1405810 1698.7
1405820 1699.8
1405830 1701.0
1405840 1701.6
1405850 1701.6
1405860 1702.6
1405870 1703.7
1405880 1703.7
1405890 1704.5
1405900 1705.6
1405910 1705.6
1405920 1706.5
1405930 1707.4
1405940 1707.4
1405950 1710.7
1405960 1715.5
1405970 1715.5
1405980 1719.9
1405990 1724.0
1406000 1724.0
1406010 1727.6
1406020 1736.1
1406030 1736.1
1406040 1742.1
1406050 1748.3
1406060 1748.3
1406070 1755.3
1406080 1763.7
1406090 1771.2
1406100 1771.2
1406110 1778.4
1406120 1785.8
1406130 1785.8
1406140 1792.4
1406150 1799.8
1406160 1799.8
1406170 1806.7
1406180 1813.0
1406190 1813.0
1406200 1819.3
1406210 1826.5
1406220 1826.5
1406230 1835.4
1406240 1844.1
1406250 1844.1
1406260 1851.8
1406270 1857.8
1406280 1857.8
1406290 1862.6
1406300 1868.0
1406310 1868.0
1406320 1873.8
1406330 1879.5
1406340 1885.4
1406350 1885.4
1406360 1890.9
1406370 1896.3
1406380 1896.3
1406390 1902.1
1406400 1908.0
1406410 1908.0
1406420 1913.1
1406430 1919.1
1406440 1919.1
1406450 1925.9
1406460 1931.3
1406470 1931.3
1406480 1935.8
1406490 1939.3
1406500 1939.3
1406510 1945.2
1406520 1952.2
1406530 1952.2
1406540 1960.0
1406550 1968.7
1406560 1968.7
1406570 1977.9
1406580 1986.8
1406590 1994.5
1406600 1994.5
1406610 2002.6
1406620 2012.0
1406630 2012.0
1406640 2020.8
1406650 2029.8
1406660 2029.8
1406670 2039.9
1406680 2048.9
1406690 2048.9
1406700 2057.3
1406710 2064.8
1406720 2064.8
1406730 2073.3
1406740 2081.4
1406750 2081.4
1406760 2088.8
1406770 2097.2
1406780 2097.2
1406790 2105.8
1406800 2114.0
1406810 2114.0
1406820 2122.0
1406830 2130.1
1406840 2138.3
1406850 2138.3
1406860 2146.4
1406870 2154.8
1406880 2154.8
1406890 2163.4
1406900 2172.2
1406910 2172.2
1406920 2182.9
1406930 2195.2
1406940 2195.2
1406950 2206.1
1406960 2211.1
1406970 2211.1
1406980 2210.6
1406990 2208.0
1407000 2208.0
1407010 2204.5
1407020 2201.0
1407030 2201.0
1407040 2196.8
1407050 2192.0
1407060 2192.0
1407070 2185.7
1407080 2178.3
1407090 2171.5
1407100 2171.5
1407110 2164.9
1407120 2158.6
1407130 2158.6
1407140 2153.2
1407150 2150.1
1407160 2150.1
1407170 2147.5
1407180 2145.0
1407190 2145.0
1407200 2141.4
1407210 2137.3
1407220 2137.3
1407230 2132.8
1407240 2118.8
1407250 2118.8
1407260 2104.0
1407270 2095.7
1407280 2095.7
1407290 2088.6
1407300 2081.5
1407310 2081.5
1407320 2075.1
1407330 2069.5
1407340 2064.4
1407350 2064.4
1407360 2060.2
1407370 2054.3
1407380 2054.3
1407390 2049.7
1407400 2046.2
1407410 2046.2
1407420 2043.3
1407430 2040.2
1407440 2040.2
1407450 2037.5
1407460 2036.0
1407470 2036.0
1407480 2036.0
1407490 2033.5
1407500 2033.5
1407510 2031.6
1407520 2030.9
1407530 2030.9
1407540 2029.7
1407550 2027.2
1407560 2027.2
1407570 2025.6
1407580 2022.5
1407590 2020.9
1407600 2020.9
1407610 2017.2
1407620 2012.9
1407630 2012.9
1407640 2011.0
1407650 2011.7
1407660 2011.7
1407670 2003.2
1407680 1997.4
1407690 1997.4
1407700 1992.1
1407710 1987.3
1407720 1987.3
1407730 1986.5
1407740 1983.4
1407750 1983.4
1407760 1978.4
1407770 1971.6
1407780 1971.6
1407790 1965.3
1407800 1960.4
1407810 1960.4
1407820 1953.6
1407830 1947.8
1407840 1942.9
1407850 1942.9
1407860 1938.2
1407870 1933.8
1407880 1933.8
1407890 1929.7
1407900 1926.2
1407910 1926.2
1407920 1923.3
1407930 1921.7
1407940 1921.7
1407950 1916.7
1407960 1909.9
1407970 1909.9
1407980 1903.9
1407990 1900.5
1408000 1900.5
1408010 1897.4
1408020 1895.5
1408030 1895.5
1408040 1891.7
1408050 1890.2
1408060 1890.2
1408070 1888.3
1408080 1885.7
1408090 1882.4
1408100 1882.4
1408110 1879.8
1408120 1878.2
1408130 1878.2
1408140 1877.2
1408150 1876.7
1408160 1876.7
1408170 1875.5
1408180 1873.5
1408190 1873.5
1408200 1871.4
1408210 1869.0
1408220 1869.0
1408230 1867.7
1408240 1866.4
1408250 1866.4
1408260 1863.0
1408270 1858.4
1408280 1858.4
1408290 1854.0
1408300 1852.5
1408310 1852.5
1408320 1851.5
1408330 1849.1
1408340 1843.2
1408350 1843.2
1408360 1834.1
1408370 1824.0
1408380 1824.0
1408390 1815.4
1408400 1806.6
1408410 1806.6
1408420 1798.1
1408430 1788.9
1408440 1788.9
1408450 1780.8
1408460 1772.4
1408470 1772.4
1408480 1764.7
1408490 1756.8
1408500 1756.8
1408510 1749.6
1408520 1742.4
1408530 1742.4
1408540 1734.9
1408550 1726.3
1408560 1726.3
1408570 1717.4
1408580 1706.7
1408590 1696.2
1408600 1696.2
1408610 1687.0
1408620 1678.5
1408630 1678.5
1408640 1668.3
1408650 1655.5
1408660 1655.5
1408670 1641.1
1408680 1630.0
1408690 1630.0
1408700 1621.2
1408710 1616.8
1408720 1616.8
1408730 1609.3
1408740 1596.8
1408750 1596.8
1408760 1583.3
1408770 1567.1
1408780 1567.1
1408790 1550.5
1408800 1540.3
1408810 1540.3
1408820 1527.3
1408830 1513.3
1408840 1501.6
1408850 1501.6
1408860 1491.0
1408870 1480.7
1408880 1480.7
1408890 1471.2
1408900 1459.5
1408910 1459.5
1408920 1440.1
1408930 1422.2
1408940 1422.2
1408950 1413.4
1408960 1405.8
1408970 1405.8
1408980 1398.6
1408990 1392.9
1409000 1392.9
1409010 1386.8
1409020 1379.4
1409030 1379.4
1409040 1371.9
1409050 1371.9
1409060 1371.9
1409070 1379.3
1409080 1387.6
1409090 1390.0
1409100 1390.0
1409110 1391.2
1409120 1392.6
1409130 1392.6
1409140 1393.6
1409150 1394.0
1409160 1394.0
1409170 1394.8
1409180 1397.0
1409190 1397.0
1409200 1399.0
1409210 1399.6
1409220 1399.6
1409230 1397.9
1409240 1396.7
1409250 1396.7
1409260 1394.3
1409270 1390.8
1409280 1390.8
1409290 1394.5
1409300 1397.7
1409310 1397.7
1409320 1399.9
1409330 1403.3
1409340 1406.6
1409350 1406.6
1409360 1409.9
1409370 1410.6
1409380 1410.6
1409390 1410.7
1409400 1410.2
1409410 1410.2
1409420 1410.9
1409430 1413.1
1409440 1413.1
1409450 1418.0
1409460 1422.9
1409470 1422.9
1409480 1425.9
1409490 1429.2
1409500 1429.2
1409510 1435.5
1409520 1440.9
1409530 1440.9
1409540 1445.9
1409550 1451.8
1409560 1451.8
1409570 1459.3
1409580 1465.6
1409590 1473.3
1409600 1473.3
1409610 1479.1
1409620 1485.5
1409630 1485.5
1409640 1492.0
1409650 1497.2
1409660 1497.2
1409670 1503.4
1409680 1517.4
1409690 1517.4
1409700 1529.0
1409710 1539.5
1409720 1539.5
1409730 1546.1
1409740 1552.2
1409750 1552.2
1409760 1559.0
1409770 1563.3
1409780 1563.3
1409790 1569.9
1409800 1578.3
1409810 1578.3
1409820 1587.0
1409830 1592.0
1409840 1596.8
1409850 1596.8
1409860 1603.5
1409870 1610.2
1409880 1610.2
1409890 1615.8
1409900 1621.1
1409910 1621.1
1409920 1627.8
1409930 1639.1
1409940 1639.1
1409950 1646.2
1409960 1654.3
1409970 1654.3
1409980 1662.7
1409990 1675.0
1410000 1675.0
1410010 1686.9
1410020 1695.8
1410030 1695.8
1410040 1705.6
1410050 1714.3
1410060 1714.3
1410070 1724.9
1410080 1735.2
1410090 1746.0
1410100 1746.0
1410110 1763.1
1410120 1779.8
1410130 1779.8
1410140 1796.4
1410150 1802.7
1410160 1802.7
1410170 1809.0
1410180 1815.7
1410190 1815.7
1410200 1818.3
1410210 1823.7
1410220 1823.7
1410230 1831.8
1410240 1841.7
1410250 1841.7
1410260 1852.0
1410270 1862.0
1410280 1862.0
1410290 1869.3
1410300 1874.6
1410310 1874.6
1410320 1880.4
1410330 1887.1
1410340 1887.1
1410350 1893.1
1410360 1899.1
1410370 1905.4
1410380 1905.4
1410390 1911.6
1410400 1912.5
1410410 1912.5
1410420 1917.4
1410430 1921.3
1410440 1921.3
1410450 1925.8
1410460 1926.6
1410470 1926.6
1410480 1930.5
1410490 1937.7
1410500 1937.7
1410510 1947.6
1410520 1960.9
1410530 1960.9
1410540 1971.1
1410550 1979.5
1410560 1979.5
1410570 1986.6
1410580 1991.2
1410590 1991.2
1410600 1992.8
1410610 1996.5
1410620 2002.3
1410630 2002.3
1410640 2009.2
1410650 2016.0
1410660 2016.0
1410670 2021.8
1410680 2031.1
1410690 2031.1
1410700 2041.4
1410710 2049.0
1410720 2049.0
1410730 2060.8
1410740 2072.0
1410750 2072.0
1410760 2080.8
1410770 2090.7
1410780 2090.7
1410790 2099.9
1410800 2109.4
1410810 2109.4
1410820 2118.9
1410830 2126.4
1410840 2126.4
1410850 2129.4
1410860 2133.7
1410870 2134.4
1410880 2134.4
1410890 2135.3
1410900 2142.2
1410910 2142.2
1410920 2152.1
1410930 2162.3
1410940 2162.3
1410950 2171.5
1410960 2180.8
1410970 2180.8
1410980 2191.2
1410990 2198.5
1411000 2198.5
1411010 2198.8
1411020 2201.8
1411030 2201.8
1411040 2202.2
1411050 2207.8
1411060 2207.8
1411070 2216.3
1411080 2224.9
1411090 2224.9
1411100 2233.8
1411110 2251.9
1411120 2269.9
1411130 2269.9
1411140 2280.7
1411150 2288.4
1411160 2288.4
1411170 2292.9
1411180 2296.9
1411190 2296.9
1411200 2302.5
1411210 2310.3
1411220 2310.3
1411230 2321.7
1411240 2337.7
1411250 2337.7
1411260 2348.5
1411270 2355.2
1411280 2355.2
1411290 2362.4
1411300 2371.5
1411310 2371.5
1411320 2374.6
1411330 2371.6
1411340 2371.6
1411350 2381.0
1411360 2404.7
1411370 2420.7
1411380 2420.7
1411390 2430.2
1411400 2436.9
1411410 2436.9
1411420 2427.3
1411430 2419.6
1411440 2419.6
1411450 2410.6
1411460 2401.6
1411470 2401.6
1411480 2385.5
1411490 2368.9
1411500 2368.9
1411510 2362.1
1411520 2350.4
1411530 2350.4
1411540 2339.3
1411550 2323.4
1411560 2323.4
1411570 2295.0
1411580 2280.8
1411590 2280.8
1411600 2277.7
1411610 2272.9
1411620 2267.4
1411630 2267.4
1411640 2261.7
1411650 2255.4
1411660 2255.4
1411670 2248.8
1411680 2241.9
1411690 2241.9
1411700 2233.7
1411710 2226.6
1411720 2226.6
1411730 2221.3
1411740 2214.5
1411750 2214.5
1411760 2207.3
1411770 2200.6
1411780 2200.6
1411790 2194.6
1411800 2187.0
1411810 2187.0
1411820 2181.5
1411830 2176.7
1411840 2176.7
1411850 2171.2
1411860 2166.8
1411870 2162.7
1411880 2162.7
1411890 2158.3
1411900 2154.4
1411910 2154.4
1411920 2151.9
1411930 2149.6
1411940 2149.6
1411950 2146.3
1411960 2143.9
1411970 2143.9
1411980 2142.7
1411990 2142.1
1412000 2142.1
1412010 2139.4
1412020 2135.9
1412030 2135.9
1412040 2132.4
1412050 2129.0
1412060 2129.0
1412070 2125.7
1412080 2122.1
1412090 2122.1
1412100 2120.8
1412110 2119.9
1412120 2118.3
1412130 2118.3
1412140 2116.5
1412150 2114.6
1412160 2114.6
1412170 2112.6
1412180 2111.2
1412190 2111.2
1412200 2108.9
1412210 2108.3
1412220 2108.3
1412230 2109.6
1412240 2111.0
1412250 2111.0
1412260 2111.7
1412270 2109.3
1412280 2109.3
1412290 2105.8
1412300 2103.0
1412310 2103.0
1412320 2101.6
1412330 2099.4
1412340 2099.4
1412350 2097.1
1412360 2093.9
1412370 2090.4
1412380 2090.4
1412390 2085.7
1412400 2080.2
1412410 2080.2
1412420 2074.8
1412430 2069.7
1412440 2069.7
1412450 2065.3
1412460 2061.5
1412470 2061.5
1412480 2058.0
1412490 2052.6
1412500 2052.6
1412510 2046.5
1412520 2041.6
1412530 2041.6
1412540 2041.2
1412550 2042.5
1412560 2042.5
1412570 2042.1
1412580 2037.8
1412590 2037.8
1412600 2033.2
1412610 2029.0
1412620 2025.3
1412630 2025.3
1412640 2021.9
1412650 2018.5
1412660 2018.5
1412670 2015.3
1412680 2011.5
1412690 2011.5
1412700 2008.8
1412710 2010.6
1412720 2010.6
1412730 2009.2
1412740 2007.1
1412750 2007.1
1412760 2004.4
1412770 2001.1
1412780 2001.1
1412790 1998.0
1412800 1994.7
1412810 1994.7
1412820 1992.7
1412830 1990.9
1412840 1990.9
1412850 1988.9
1412860 1986.3
1412870 1985.5
1412880 1985.5
1412890 1984.5
1412900 1983.0
1412910 1983.0
1412920 1981.4
1412930 1980.1
1412940 1980.1
1412950 1979.2
1412960 1978.6
1412970 1978.6
1412980 1980.1
1412990 1979.8
1413000 1979.8
1413010 1978.4
1413020 1974.9
1413030 1974.9
1413040 1971.7
1413050 1973.9
1413060 1973.9
1413070 1973.7
1413080 1972.6
1413090 1972.6
1413100 1971.9
1413110 1971.1
1413120 1970.4
1413130 1970.4
1413140 1969.8
1413150 1967.1
1413160 1967.1
1413170 1967.0
1413180 1968.1
1413190 1968.1
1413200 1965.0
1413210 1961.0
1413220 1961.0
1413230 1964.4
1413240 1966.1
1413250 1966.1
1413260 1967.5
1413270 1967.8
1413280 1967.8
1413290 1967.6
1413300 1968.7
1413310 1968.7
1413320 1971.7
1413330 1973.3
1413340 1973.3
1413350 1973.6
1413360 1974.3
1413370 1975.6
1413380 1975.6
1413390 1976.5
1413400 1976.8
1413410 1976.8
1413420 1976.8
1413430 1977.0
1413440 1977.0
1413450 1977.3
1413460 1981.5
1413470 1981.5
1413480 1985.9
1413490 1989.1
1413500 1989.1
1413510 1993.9
1413520 2003.4
1413530 2003.4
1413540 2009.0
1413550 2015.0
1413560 2015.0
1413570 2023.8
1413580 2032.0
1413590 2032.0
1413600 2044.7
1413610 2060.8
1413620 2068.1
1413630 2068.1
1413640 2073.6
1413650 2072.2
1413660 2072.2
1413670 2067.6
1413680 2062.6
1413690 2062.6
1413700 2057.1
1413710 2051.2
1413720 2051.2
1413730 2045.3
1413740 2038.8
1413750 2038.8
1413760 2032.2
1413770 2025.9
1413780 2025.9
1413790 2021.1
1413800 2017.3
1413810 2017.3
1413820 2013.7
1413830 2008.5
1413840 2008.5
1413850 2002.9
1413860 1999.0
1413870 1992.9
1413880 1992.9
1413890 1986.0
1413900 1979.8
1413910 1979.8
1413920 1976.2
1413930 1974.2
1413940 1974.2
1413950 1971.4
1413960 1969.0
1413970 1969.0
1413980 1970.3
1413990 1968.3
1414000 1968.3
1414010 1961.0
1414020 1951.8
1414030 1951.8
1414040 1943.0
1414050 1936.4
1414060 1936.4
1414070 1929.9
1414080 1923.8
1414090 1923.8
1414100 1920.6
1414110 1916.6
1414120 1910.2
1414130 1910.2
1414140 1901.5
1414150 1891.4
1414160 1891.4
1414170 1882.9
1414180 1874.9
1414190 1874.9
1414200 1866.6
1414210 1857.5
1414220 1857.5
1414230 1848.7
1414240 1839.0
1414250 1839.0
1414260 1828.2
1414270 1819.0
1414280 1819.0
1414290 1810.8
1414300 1803.4
1414310 1803.4
1414320 1796.0
1414330 1785.6
1414340 1785.6
1414350 1773.0
1414360 1762.4
1414370 1752.9
1414380 1752.9
1414390 1742.9
1414400 1732.8
1414410 1732.8
1414420 1722.9
1414430 1716.1
1414440 1716.1
1414450 1711.1
1414460 1705.1
1414470 1705.1
1414480 1698.8
1414490 1692.1
1414500 1692.1
1414510 1686.7
1414520 1680.9
1414530 1680.9
1414540 1673.5
1414550 1665.6
1414560 1665.6
1414570 1656.7
1414580 1647.8
1414590 1645.2
1414600 1637.8
1414610 1631.5
1414620 1625.1
1414630 1625.1
1414640 1618.5
1414650 1612.0
1414660 1612.0
1414670 1605.7
1414680 1599.1
1414690 1599.1
1414700 1591.5
1414710 1584.3
1414720 1584.3
1414730 1578.0
1414740 1572.0
1414750 1572.0
1414760 1565.8
1414770 1559.5
1414780 1559.5
1414790 1553.5
1414800 1548.6
1414810 1548.6
1414820 1542.1
1414830 1535.6
1414840 1535.6
1414850 1530.0
1414860 1524.6
1414870 1519.2
1414880 1519.2
1414890 1514.3
1414900 1509.8
1414910 1509.8
1414920 1504.4
1414930 1499.0
1414940 1499.0
1414950 1495.0
1414960 1488.9
1414970 1488.9
1414980 1481.6
1414990 1476.3
1415000 1476.3
1415010 1471.0
1415020 1463.3
1415030 1463.3
1415040 1459.8
1415050 1463.3
1415060 1463.3
1415070 1466.3
1415080 1467.1
1415090 1467.1
1415100 1468.2
1415110 1468.6
1415120 1468.1
1415130 1468.1
1415140 1466.9
1415150 1464.9
1415160 1464.9
1415170 1461.3
1415180 1459.2
1415190 1459.2
1415200 1458.0
1415210 1456.3
1415220 1456.3
1415230 1454.3
1415240 1452.9
1415250 1452.9
1415260 1452.4
1415270 1451.9
1415280 1451.9
1415290 1452.0
1415300 1452.4
1415310 1452.4
1415320 1453.0
1415330 1453.5
1415340 1453.5
1415350 1454.0
1415360 1453.0
1415370 1451.6
1415380 1451.6
1415390 1448.8
1415400 1443.0
1415410 1443.0
1415420 1436.6
1415430 1431.9
1415440 1431.9
1415450 1428.0
1415460 1423.6
1415470 1423.6
1415480 1419.4
1415490 1416.7
1415500 1416.7
1415510 1412.4
1415520 1409.9
1415530 1409.9
1415540 1408.1
1415550 1407.0
1415560 1407.0
1415570 1406.4
1415580 1407.3
1415590 1407.3
1415600 1408.4
1415610 1408.0
1415620 1407.4
1415630 1407.4
1415640 1406.8
1415650 1406.5
1415660 1406.5
1415670 1407.0
1415680 1408.5
1415690 1408.5
1415700 1410.0
1415710 1413.0
1415720 1413.0
1415730 1416.6
1415740 1419.6
1415750 1419.6
1415760 1423.9
1415770 1425.7
1415780 1425.7
1415790 1424.8
1415800 1422.7
1415810 1422.7
1415820 1421.1
1415830 1419.3
1415840 1419.3
1415850 1414.7
1415860 1409.2
1415870 1399.3
1415880 1399.3
1415890 1389.9
1415900 1381.6
1415910 1381.6
1415920 1374.0
1415930 1365.6
1415940 1365.6
1415950 1358.1
1415960 1348.9
1415970 1348.9
1415980 1340.7
1415990 1333.5
1416000 1333.5
1416010 1323.3
1416020 1312.6
1416030 1312.6
1416040 1301.8
1416050 1292.6
1416060 1292.6
1416070 1281.2
1416080 1270.7
1416090 1270.7
1416100 1259.0
1416110 1246.5
1416120 1233.7
1416130 1233.7
1416140 1224.1
1416150 1214.2
1416160 1214.2
1416170 1204.5
1416180 1188.7
1416190 1188.7
1416200 1175.3
1416210 1164.6
1416220 1164.6
1416230 1148.3
1416240 1140.8
1416250 1140.8
1416260 1130.4
1416270 1117.2
1416280 1117.2
1416290 1109.1
1416300 1101.6
1416310 1101.6
1416320 1093.4
1416330 1086.0
1416340 1086.0
1416350 1077.7
1416360 1069.1
1416370 1059.0
1416380 1059.0
1416390 1039.5
1416400 1034.8
1416410 1034.8
1416420 1026.7
1416430 999.9
1416440 995.0
1416450 978.9
1416460 948.0
1416470 948.0
1416480 932.4
1416490 928.1
1416500 928.1
1416510 923.8
1416520 918.1
1416530 918.1
1416540 911.4
1416550 905.2
1416560 905.2
1416570 901.1
1416580 899.4
1416590 899.4
1416600 897.3
1416610 894.9
1416620 892.8
1416630 892.8
1416640 889.8
1416650 886.7
1416660 886.7
1416670 884.6
1416680 882.9
1416690 882.9
1416700 882.1
1416710 881.3
1416720 881.3
1416730 880.6
1416740 880.3
1416750 880.3
1416760 879.8
1416770 879.3
1416780 879.3
1416790 878.9
1416800 878.6
1416810 878.6
1416820 878.4
1416830 878.2
1416840 878.2
1416850 877.9
1416860 877.6
1416870 877.4
1416880 877.4
1416890 877.3
1416900 877.2
1416910 877.2
1416920 877.3
1416930 877.5
1416940 877.5
1416950 877.6
1416960 877.6
1416970 877.6
1416980 877.6
1416990 877.4
1417000 877.4
1417010 877.1
1417020 877.0
1417030 877.0
1417040 876.7
1417050 876.4
1417060 876.4
1417070 876.0
1417080 875.6
1417090 875.6
1417100 875.2
1417110 873.6
1417120 871.8
1417130 871.8
1417140 874.6
1417150 875.1
1417160 875.1
1417170 874.9
1417180 875.5
1417190 875.5
1417200 879.3
1417210 883.1
1417220 883.1
1417230 885.4
1417240 887.5
1417250 887.5
1417260 889.4
1417270 891.8
1417280 891.8
1417290 894.2
1417300 896.2
1417310 896.2
1417320 899.2
1417330 902.6
1417340 902.6
1417350 905.7
1417360 909.3
1417370 912.7
1417380 912.7
1417390 915.5
1417400 919.2
1417410 919.2
1417420 925.4
1417430 936.0
1417440 936.0
1417450 942.5
1417460 949.3
1417470 949.3
1417480 957.7
1417490 966.9
1417500 966.9
1417510 975.9
1417520 984.2
1417530 984.2
1417540 991.7
1417550 998.7
1417560 998.7
1417570 1006.5
1417580 1013.4
1417590 1013.4
1417600 1019.7
1417610 1024.5
1417620 1029.7
1417630 1029.7
1417640 1035.6
1417650 1041.7
1417660 1041.7
1417670 1046.9
1417680 1053.5
1417690 1053.5
1417700 1061.2
1417710 1068.7
1417720 1068.7
1417730 1074.5
1417740 1081.2
1417750 1081.2
1417760 1092.7
1417770 1105.3
1417780 1105.3
1417790 1115.5
1417800 1123.8
1417810 1123.8
1417820 1129.9
1417830 1137.1
1417840 1137.1
1417850 1142.8
1417860 1149.5
1417870 1156.5
1417880 1156.5
1417890 1162.6
1417900 1167.7
1417910 1167.7
1417920 1172.6
1417930 1177.6
1417940 1177.6
1417950 1182.1
1417960 1186.2
1417970 1186.2
1417980 1191.7
1417990 1196.8
1418000 1196.8
1418010 1197.7
1418020 1206.2
1418030 1206.2
1418040 1218.0
1418050 1230.6
1418060 1230.6
1418070 1242.7
1418080 1250.0
1418090 1250.0
1418100 1256.4
1418110 1263.9
1418120 1272.6
1418130 1272.6
1418140 1278.2
1418150 1281.9
1418160 1281.9
1418170 1284.9
1418180 1286.4
1418190 1286.4
1418200 1289.1
1418210 1295.8
1418220 1295.8
1418230 1309.3
1418240 1313.8
1418250 1313.8
1418260 1315.1
1418270 1322.3
1418280 1322.3
1418290 1336.0
1418300 1348.7
1418310 1348.7
1418320 1358.4
1418330 1372.2
1418340 1372.2
1418350 1372.0
1418360 1374.6
1418370 1380.2
1418380 1380.2
1418390 1387.2
1418400 1396.6
1418410 1396.6
1418420 1408.0
1418430 1417.7
1418440 1417.7
1418450 1425.4
1418460 1432.4
1418470 1432.4
1418480 1438.9
1418490 1445.0
1418500 1445.0
1418510 1451.7
1418520 1459.0
1418530 1459.0
1418540 1466.2
1418550 1473.1
1418560 1473.1
1418570 1480.0
1418580 1486.5
1418590 1486.5
1418600 1492.6
1418610 1498.8
1418620 1504.8
1418630 1504.8
1418640 1510.2
1418650 1515.9
1418660 1515.9
1418670 1522.0
1418680 1527.6
1418690 1527.6
1418700 1533.5
1418710 1540.5
1418720 1540.5
1418730 1548.2
1418740 1555.0
1418750 1555.0
1418760 1562.4
1418770 1571.7
1418780 1571.7
1418790 1582.9
1418800 1592.7
1418810 1592.7
1418820 1596.0
1418830 1596.7
1418840 1596.7
1418850 1596.8
1418860 1596.2
1418870 1600.8
1418880 1600.8
1418890 1610.8
1418900 1620.3
1418910 1620.3
1418920 1629.7
1418930 1638.0
1418940 1638.0
1418950 1645.0
1418960 1650.6
1418970 1650.6
1418980 1654.9
1418990 1659.1
1419000 1659.1
1419010 1664.0
1419020 1668.3
1419030 1668.3
1419040 1671.1
1419050 1677.5
1419060 1677.5
1419070 1685.4
1419080 1691.9
1419090 1691.9
1419100 1698.6
1419110 1704.5
1419120 1710.9
1419130 1710.9
1419140 1717.5
1419150 1723.1
1419160 1723.1
1419170 1725.4
1419180 1728.6
1419190 1728.6
1419200 1732.9
1419210 1741.0
1419220 1741.0
1419230 1750.9
1419240 1759.8
1419250 1759.8
1419260 1768.1
1419270 1776.7
1419280 1776.7
1419290 1785.8
1419300 1794.1
1419310 1794.1
1419320 1802.7
1419330 1812.1
1419340 1812.1
1419350 1820.8
1419360 1829.2
1419370 1837.2
1419380 1837.2
1419390 1844.6
1419400 1852.3
1419410 1852.3
1419420 1859.9
1419430 1867.8
1419440 1867.8
1419450 1875.6
1419460 1881.6
1419470 1881.6
1419480 1886.5
1419490 1890.6
1419500 1890.6
1419510 1894.2
1419520 1896.8
1419530 1896.8
1419540 1899.2
1419550 1902.0
1419560 1902.0
1419570 1903.4
1419580 1902.5
1419590 1902.5
1419600 1900.9
1419610 1898.9
1419620 1898.9
1419630 1896.9
1419640 1893.6
1419650 1889.2
1419660 1889.2
1419670 1884.9
1419680 1881.7
1419690 1881.7
1419700 1878.3
1419710 1874.2
1419720 1874.2
1419730 1870.0
1419740 1865.4
1419750 1865.4
1419760 1861.1
1419770 1855.9
1419780 1855.9
1419790 1851.2
1419800 1847.8
1419810 1847.8
1419820 1844.3
1419830 1838.9
1419840 1838.9
1419850 1834.8
1419860 1832.7
1419870 1832.7
1419880 1831.8
1419890 1829.5
1419900 1827.4
1419910 1827.4
1419920 1825.6
1419930 1823.2
1419940 1823.2
1419950 1820.6
1419960 1818.1
1419970 1818.1
1419980 1816.4
1419990 1813.5
