1400000 1346.7
1400010 1357.1
1400020 1361.2
1400030 1361.2
1400040 1365.0
1400050 1371.3
1400060 1371.3
1400070 1378.2
1400080 1386.1
1400090 1386.1
1400100 1393.7
1400110 1398.9
1400120 1398.9
1400130 1405.4
1400140 1412.0
1400150 1412.0
1400160 1420.6
1400170 1426.2
1400180 1426.2
1400190 1428.1
1400200 1430.7
1400210 1430.7
1400220 1433.0
1400230 1443.2
1400240 1458.0
1400250 1458.0
1400260 1466.2
1400270 1471.4
1400280 1471.4
1400290 1476.3
1400300 1480.5
1400310 1480.5
1400320 1486.8
1400330 1493.3
1400340 1493.3
1400350 1499.2
1400360 1504.5
1400370 1504.5
1400380 1509.2
1400390 1513.6
1400400 1513.6
1400410 1518.0
1400420 1522.5
1400430 1522.5
1400440 1527.1
1400450 1531.5
1400460 1531.5
1400470 1535.8
1400480 1540.5
1400490 1545.5
1400500 1545.5
1400510 1549.4
1400520 1551.2
1400530 1551.2
1400540 1552.2
1400550 1554.2
1400560 1554.2
1400570 1556.7
1400580 1557.8
1400590 1557.8
1400600 1557.6
1400610 1556.8
1400620 1556.8
1400630 1556.0
1400640 1555.4
1400650 1555.4
1400660 1555.7
1400670 1556.4
1400680 1556.4
1400690 1557.9
1400700 1559.6
1400710 1559.6
1400720 1562.0
1400730 1564.7
1400740 1568.2
1400750 1568.2
1400760 1571.7
1400770 1575.3
1400780 1575.3
1400790 1580.2
1400800 1584.6
1400810 1584.6
1400820 1588.8
1400830 1592.4
1400840 1592.4
1400850 1595.4
1400860 1601.1
1400870 1601.1
1400880 1606.2
1400890 1611.3
1400900 1611.3
1400910 1616.4
1400920 1621.2
1400930 1621.2
1400940 1625.8
1400950 1629.8
1400960 1629.8
1400970 1633.9
1400980 1638.5
1400990 1643.3
1401000 1643.3
1401010 1649.1
1401020 1655.7
1401030 1655.7
1401040 1662.5
1401050 1669.4
1401060 1669.4
1401070 1675.5
1401080 1681.4
1401090 1681.4
1401100 1687.0
1401110 1692.3
1401120 1692.3
1401130 1698.3
1401140 1705.0
1401150 1705.0
1401160 1712.3
1401170 1719.6
1401180 1719.6
1401190 1727.8
1401200 1737.4
1401210 1737.4
1401220 1746.3
1401230 1749.9
1401240 1752.3
1401250 1752.3
1401260 1755.6
1401270 1761.4
1401280 1757.7
1401290 1763.9
1401300 1772.4
1401310 1772.4
1401320 1780.9
1401330 1788.4
1401340 1788.4
1401350 1794.4
1401360 1800.2
1401370 1800.2
1401380 1804.5
1401390 1807.2
1401400 1807.2
1401410 1809.2
1401420 1810.9
1401430 1810.9
1401440 1814.4
1401450 1815.4
1401460 1815.4
1401470 1815.1
1401480 1815.6
1401490 1815.6
1401500 1817.1
1401510 1818.8
1401520 1821.3
1401530 1821.3
1401540 1822.9
1401550 1822.6
1401560 1822.6
1401570 1822.7
1401580 1824.1
1401590 1824.1
1401600 1825.4
1401610 1827.1
1401620 1827.1
1401630 1830.1
1401640 1833.8
1401650 1833.8
1401660 1837.9
1401670 1840.3
1401680 1840.3
1401690 1841.8
1401700 1842.7
1401710 1842.7
1401720 1843.4
1401730 1844.0
1401740 1844.0
1401750 1844.4
1401760 1844.2
1401770 1843.9
1401780 1843.9
1401790 1844.4
1401800 1846.5
1401810 1846.5
1401820 1848.6
1401830 1848.7
1401840 1848.7
1401850 1847.5
1401860 1847.5
1401870 1847.5
1401880 1846.2
1401890 1845.4
1401900 1845.4
1401910 1846.1
1401920 1846.3
1401930 1846.3
1401940 1846.0
1401950 1846.3
1401960 1846.3
1401970 1846.4
1401980 1847.5
1401990 1847.5
1402000 1849.0
1402010 1850.9
1402020 1851.7
1402030 1851.7
1402040 1851.5
1402050 1851.9
1402060 1851.9
1402070 1852.6
1402080 1852.7
1402090 1852.7
1402100 1853.3
1402110 1854.0
1402120 1854.0
1402130 1854.6
1402140 1854.1
1402150 1854.1
1402160 1853.4
1402170 1854.8
1402180 1854.8
1402190 1856.4
1402200 1857.9
1402210 1857.9
1402220 1859.5
1402230 1861.0
1402240 1861.0
1402250 1862.0
1402260 1863.0
1402270 1862.2
1402280 1862.2
1402290 1861.0
1402300 1861.0
1402310 1861.0
1402320 1862.1
1402330 1863.2
1402340 1863.2
1402350 1863.8
1402360 1864.4
1402370 1864.4
1402380 1865.7
1402390 1866.4
1402400 1866.4
1402410 1866.9
1402420 1867.1
1402430 1867.1
1402440 1867.7
1402450 1869.1
1402460 1869.1
1402470 1870.5
1402480 1872.0
1402490 1872.0
1402500 1872.9
1402510 1873.7
1402520 1874.4
1402530 1874.4
1402540 1875.5
1402550 1876.6
1402560 1876.6
1402570 1878.1
1402580 1880.5
1402590 1880.5
1402600 1883.1
1402610 1885.1
1402620 1885.1
1402630 1886.8
1402640 1888.2
1402650 1888.2
1402660 1889.2
1402670 1889.9
1402680 1889.9
1402690 1890.1
1402700 1889.7
1402710 1889.7
1402720 1889.3
1402730 1888.6
1402740 1888.6
1402750 1887.9
1402760 1888.0
1402770 1887.6
1402780 1887.6
1402790 1885.8
1402800 1882.3
1402810 1882.3
1402820 1881.0
1402830 1877.0
1402840 1877.0
1402850 1873.0
1402860 1868.4
1402870 1868.4
1402880 1863.7
1402890 1858.8
1402900 1858.8
1402910 1853.0
1402920 1847.4
1402930 1847.4
1402940 1842.2
1402950 1837.2
1402960 1837.2
1402970 1832.5
1402980 1828.0
1402990 1828.0
1403000 1823.2
1403010 1817.9
1403020 1817.9
1403030 1813.3
1403040 1809.3
1403050 1803.0
1403060 1803.0
1403070 1797.3
1403080 1791.6
1403090 1791.6
1403100 1784.1
1403110 1776.7
1403120 1776.7
1403130 1770.0
1403140 1763.9
1403150 1763.9
1403160 1758.5
1403170 1752.9
1403180 1752.9
1403190 1745.5
1403200 1737.6
1403210 1737.6
1403220 1730.8
1403230 1724.3
1403240 1724.3
1403250 1718.5
1403260 1712.6
1403270 1712.6
1403280 1706.8
1403290 1701.5
1403300 1696.2
1403310 1696.2
1403320 1690.9
1403330 1685.4
1403340 1685.4
1403350 1678.6
1403360 1670.3
1403370 1670.3
1403380 1663.8
1403390 1665.5
1403400 1665.5
1403410 1672.2
1403420 1676.6
1403430 1676.6
1403440 1679.6
1403450 1682.5
1403460 1682.5
1403470 1684.3
1403480 1686.3
1403490 1686.3
1403500 1689.7
1403510 1694.1
1403520 1694.1
1403530 1698.9
1403540 1704.2
1403550 1709.8
1403560 1709.8
1403570 1715.2
1403580 1720.9
1403590 1720.9
1403600 1727.2
1403610 1734.6
1403620 1734.6
1403630 1741.8
1403640 1747.0
1403650 1747.0
1403660 1751.3
1403670 1756.2
1403680 1756.2
1403690 1760.9
1403700 1765.6
1403710 1765.6
1403720 1769.7
1403730 1773.3
1403740 1773.3
1403750 1776.5
1403760 1779.6
1403770 1779.6
1403780 1781.3
1403790 1782.2
1403800 1782.3
1403810 1782.3
1403820 1781.3
1403830 1779.6
1403840 1779.6
1403850 1778.0
1403860 1776.9
1403870 1776.9
1403880 1776.8
1403890 1777.2
1403900 1777.2
1403910 1777.3
1403920 1777.0
1403930 1777.0
1403940 1776.2
1403950 1775.2
1403960 1775.2
1403970 1774.8
1403980 1774.4
1403990 1774.4
1404000 1774.5
1404010 1774.8
1404020 1774.8
1404030 1775.0
1404040 1775.5
1404050 1775.6
1404060 1775.6
1404070 1776.1
1404080 1777.3
1404090 1777.3
1404100 1779.8
1404110 1781.2
1404120 1781.2
1404130 1782.0
1404140 1783.1
1404150 1783.1
1404160 1785.5
1404170 1787.3
1404180 1787.3
1404190 1789.2
1404200 1790.6
1404210 1790.6
1404220 1791.2
1404230 1792.3
1404240 1792.3
1404250 1793.9
1404260 1795.5
1404270 1795.5
1404280 1797.9
1404290 1800.4
1404300 1802.5
1404310 1802.5
1404320 1804.4
1404330 1806.2
1404340 1806.2
1404350 1807.8
1404360 1808.7
1404370 1808.7
1404380 1808.7
1404390 1812.8
1404400 1812.8
1404410 1811.9
1404420 1810.8
1404430 1810.8
1404440 1809.5
1404450 1807.9
1404460 1807.9
1404470 1806.4
1404480 1804.8
1404490 1804.8
1404500 1802.6
1404510 1799.6
1404520 1799.6
1404530 1796.5
1404540 1793.9
1404550 1793.9
1404560 1791.1
1404570 1788.2
1404580 1785.2
1404590 1785.2
1404600 1783.1
1404610 1780.0
1404620 1780.0
1404630 1776.5
1404640 1773.5
1404650 1773.5
1404660 1770.3
1404670 1766.0
1404680 1766.0
1404690 1762.2
1404700 1758.0
1404710 1758.0
1404720 1753.9
1404730 1749.3
1404740 1749.3
1404750 1745.2
1404760 1740.7
1404770 1740.7
1404780 1736.2
1404790 1729.9
1404800 1729.9
1404810 1725.1
1404820 1719.6
1404830 1713.5
1404840 1713.5
1404850 1706.3
1404860 1701.1
1404870 1701.1
1404880 1695.7
1404890 1689.6
1404900 1689.6
1404910 1683.4
1404920 1678.4
1404930 1678.4
1404940 1673.0
1404950 1667.0
1404960 1667.0
1404970 1659.9
1404980 1652.8
1404990 1652.8
1405000 1647.2
1405010 1641.1
1405020 1641.1
1405030 1634.8
1405040 1629.0
1405050 1629.0
1405060 1623.4
1405070 1617.6
1405080 1611.1
1405090 1611.1
1405100 1604.6
1405110 1599.3
1405120 1599.3
1405130 1594.0
1405140 1588.9
1405150 1588.9
1405160 1582.7
1405170 1578.5
1405180 1578.5
1405190 1573.2
1405200 1567.3
1405210 1567.3
1405220 1561.6
1405230 1555.4
1405240 1555.4
1405250 1549.8
1405260 1544.4
1405270 1544.4
1405280 1538.2
1405290 1533.2
1405300 1533.2
1405310 1528.0
1405320 1521.8
1405330 1515.7
1405340 1515.7
1405350 1510.2
1405360 1504.4
1405370 1504.4
1405380 1498.7
1405390 1493.1
1405400 1493.1
1405410 1487.0
1405420 1480.9
1405430 1480.9
1405440 1475.0
1405450 1468.8
1405460 1468.8
1405470 1462.8
1405480 1456.3
1405490 1456.3
1405500 1449.9
1405510 1443.1
1405520 1443.1
1405530 1436.2
1405540 1429.5
1405550 1429.5
1405560 1422.5
1405570 1414.4
1405580 1405.4
1405590 1405.4
1405600 1399.1
1405610 1392.7
1405620 1392.7
1405630 1386.4
1405640 1380.9
1405650 1380.9
1405660 1375.4
1405670 1368.5
1405680 1368.5
1405690 1361.6
1405700 1354.4
1405710 1354.4
1405720 1347.1
1405730 1340.0
1405740 1340.0
1405750 1332.6
1405760 1328.0
1405770 1328.0
1405780 1322.5
1405790 1320.4
1405800 1320.4
1405810 1323.0
1405820 1331.1
1405830 1340.9
1405840 1340.9
1405850 1347.7
1405860 1351.6
1405870 1351.6
1405880 1354.2
1405890 1358.7
1405900 1358.7
1405910 1365.6
1405920 1373.9
1405930 1373.9
1405940 1381.7
1405950 1390.0
1405960 1390.0
1405970 1394.9
1405980 1399.7
1405990 1399.7
1406000 1406.5
1406010 1411.6
1406020 1411.6
1406030 1416.3
1406040 1421.0
1406050 1421.0
1406060 1425.7
1406070 1429.8
1406080 1429.8
1406090 1434.4
1406100 1439.2
1406110 1443.6
1406120 1443.6
1406130 1448.3
1406140 1452.4
1406150 1452.4
1406160 1456.4
1406170 1460.9
1406180 1460.9
1406190 1465.3
1406200 1469.7
1406210 1469.7
1406220 1474.3
1406230 1479.0
1406240 1479.0
1406250 1483.7
1406260 1488.4
1406270 1488.4
1406280 1492.8
1406290 1497.0
1406300 1497.0
1406310 1501.2
1406320 1504.9
1406330 1504.9
1406340 1508.3
1406350 1513.3
1406360 1519.6
1406370 1519.6
1406380 1526.6
1406390 1532.4
1406400 1532.4
1406410 1538.0
1406420 1543.4
1406430 1543.4
1406440 1549.1
1406450 1554.9
1406460 1554.9
1406470 1560.5
1406480 1565.3
1406490 1565.3
1406500 1570.2
1406510 1575.1
1406520 1575.1
1406530 1580.2
1406540 1585.8
1406550 1585.8
1406560 1591.5
1406570 1597.7
1406580 1597.7
1406590 1601.2
1406600 1606.8
1406610 1612.8
1406620 1612.8
1406630 1617.8
1406640 1623.1
1406650 1623.1
1406660 1628.5
1406670 1633.8
1406680 1633.8
1406690 1638.4
1406700 1643.0
1406710 1643.0
1406720 1649.2
1406730 1653.4
1406740 1653.4
1406750 1660.0
1406760 1665.7
1406770 1665.7
1406780 1671.7
1406790 1677.6
1406800 1677.6
1406810 1684.1
1406820 1690.6
1406830 1690.6
1406840 1697.5
1406850 1704.2
1406860 1711.1
1406870 1711.1
1406880 1718.0
1406890 1724.5
1406900 1724.5
1406910 1729.5
1406920 1732.4
1406930 1732.4
1406940 1738.2
1406950 1745.4
1406960 1745.4
1406970 1750.0
1406980 1753.7
1406990 1753.7
1407000 1757.4
1407010 1761.1
1407020 1761.1
1407030 1764.5
1407040 1768.1
1407050 1768.1
1407060 1772.1
1407070 1775.2
1407080 1775.2
1407090 1779.1
1407100 1784.0
1407110 1787.5
1407120 1787.5
1407130 1790.5
1407140 1793.3
1407150 1793.3
1407160 1795.8
1407170 1797.5
1407180 1797.5
1407190 1799.9
1407200 1801.9
1407210 1801.9
1407220 1804.4
1407230 1806.5
1407240 1806.5
1407250 1808.7
1407260 1810.1
1407270 1810.1
1407280 1811.1
1407290 1811.5
1407300 1811.5
1407310 1811.4
1407320 1811.0
1407330 1811.0
1407340 1810.1
1407350 1808.8
1407360 1807.0
1407370 1807.0
1407380 1804.9
1407390 1802.0
1407400 1802.0
1407410 1798.8
1407420 1796.1
1407430 1796.1
1407440 1793.3
1407450 1789.7
1407460 1789.7
1407470 1785.8
1407480 1782.4
1407490 1782.4
1407500 1778.9
1407510 1774.7
1407520 1774.7
1407530 1770.5
1407540 1762.9
1407550 1762.9
1407560 1755.4
1407570 1748.3
1407580 1748.3
1407590 1739.6
1407600 1729.7
1407610 1729.7
1407620 1721.0
1407630 1712.5
1407640 1707.0
1407650 1707.0
1407660 1700.6
1407670 1693.9
1407680 1693.9
1407690 1689.5
1407700 1686.4
1407710 1686.4
1407720 1684.1
1407730 1684.0
1407740 1684.0
1407750 1684.7
1407760 1685.4
1407770 1685.4
1407780 1684.7
1407790 1682.5
1407800 1682.5
1407810 1680.4
1407820 1677.9
1407830 1677.9
1407840 1674.9
1407850 1672.0
1407860 1672.0
1407870 1668.6
1407880 1664.5
1407890 1660.2
1407900 1660.2
1407910 1655.8
1407920 1650.3
1407930 1650.3
1407940 1645.3
1407950 1641.1
1407960 1641.1
1407970 1636.7
1407980 1632.3
1407990 1632.3
1408000 1628.0
1408010 1624.1
1408020 1624.1
1408030 1620.0
1408040 1614.9
1408050 1614.9
1408060 1609.2
1408070 1604.6
1408080 1604.6
1408090 1598.9
1408100 1592.3
1408110 1592.3
1408120 1585.8
1408130 1579.7
1408140 1574.7
1408150 1574.7
1408160 1567.6
1408170 1563.3
1408180 1563.3
1408190 1558.3
1408200 1553.5
1408210 1553.5
1408220 1548.3
1408230 1543.8
1408240 1543.8
1408250 1540.7
1408260 1535.8
1408270 1535.8
1408280 1528.6
1408290 1521.4
1408300 1521.4
1408310 1514.1
1408320 1506.2
1408330 1506.2
1408340 1498.9
1408350 1492.0
1408360 1492.0
1408370 1485.2
1408380 1478.0
1408390 1470.2
1408400 1470.2
1408410 1462.4
1408420 1455.1
1408430 1455.1
1408440 1448.8
1408450 1443.0
1408460 1443.0
1408470 1434.6
1408480 1413.5
1408490 1413.5
1408500 1398.8
1408510 1389.4
1408520 1389.4
1408530 1379.8
1408540 1371.4
1408550 1371.4
1408560 1363.3
1408570 1357.8
1408580 1357.8
1408590 1353.7
1408600 1351.4
1408610 1351.4
1408620 1349.0
1408630 1346.2
1408640 1344.1
1408650 1344.1
1408660 1342.1
1408670 1339.9
1408680 1339.9
1408690 1340.4
1408700 1342.2
1408710 1342.2
1408720 1343.7
1408730 1344.7
1408740 1344.7
1408750 1345.5
1408760 1345.7
1408770 1345.7
1408780 1344.5
1408790 1342.4
1408800 1342.4
1408810 1338.3
1408820 1333.9
1408830 1333.9
1408840 1329.4
1408850 1324.7
1408860 1324.7
1408870 1321.3
1408880 1314.0
1408890 1304.2
1408900 1304.2
1408910 1288.8
1408920 1275.8
1408930 1275.8
1408940 1267.2
1408950 1259.4
1408960 1259.4
1408970 1250.8
1408980 1243.3
1408990 1243.3
1409000 1233.8
1409010 1225.3
1409020 1225.3
1409030 1217.0
1409040 1208.9
1409050 1208.9
1409060 1202.7
1409070 1197.1
1409080 1197.1
1409090 1192.0
1409100 1186.6
1409110 1186.6
1409120 1181.9
1409130 1178.2
1409140 1174.1
1409150 1174.1
1409160 1170.5
1409170 1166.5
1409180 1166.5
1409190 1163.1
1409200 1160.3
1409210 1160.3
1409220 1157.3
1409230 1152.6
1409240 1152.6
1409250 1146.9
1409260 1138.9
1409270 1138.9
1409280 1130.9
1409290 1123.4
1409300 1123.4
1409310 1117.3
1409320 1113.7
1409330 1113.7
1409340 1110.4
1409350 1106.2
1409360 1106.2
1409370 1102.1
1409380 1097.2
1409390 1097.2
1409400 1095.9
1409410 1094.6
1409420 1093.2
1409430 1093.2
1409440 1092.2
1409450 1084.6
1409460 1084.6
1409470 1083.2
1409480 1089.2
1409490 1089.2
1409500 1095.5
1409510 1100.8
1409520 1100.8
1409530 1107.7
1409540 1114.2
1409550 1114.2
1409560 1121.4
1409570 1129.7
1409580 1129.7
1409590 1138.4
1409600 1147.8
1409610 1147.8
1409620 1152.4
1409630 1157.0
1409640 1157.0
1409650 1161.6
1409660 1166.9
1409670 1172.1
1409680 1172.1
1409690 1176.6
1409700 1181.7
1409710 1181.7
1409720 1188.3
1409730 1195.5
1409740 1195.5
1409750 1202.6
1409760 1210.8
1409770 1210.8
1409780 1219.6
1409790 1226.9
1409800 1226.9
1409810 1234.9
1409820 1243.4
1409830 1243.4
1409840 1253.5
1409850 1264.0
1409860 1264.0
1409870 1276.3
1409880 1289.0
1409890 1289.0
1409900 1301.4
1409910 1310.9
1409920 1315.8
1409930 1315.8
1409940 1317.7
1409950 1317.4
1409960 1317.4
1409970 1318.6
1409980 1326.0
1409990 1326.0
1410000 1335.4
1410010 1346.0
1410020 1346.0
1410030 1356.2
1410040 1365.3
1410050 1365.3
1410060 1375.5
1410070 1380.5
1410080 1380.5
1410090 1385.6
1410100 1390.9
1410110 1390.9
1410120 1396.2
1410130 1400.5
1410140 1400.5
1410150 1403.0
1410160 1405.2
1410170 1408.6
1410180 1408.6
1410190 1411.1
1410200 1411.1
1410210 1411.1
1410220 1412.9
1410230 1417.1
1410240 1417.1
1410250 1419.7
1410260 1419.1
1410270 1419.1
1410280 1418.4
1410290 1422.0
1410300 1422.0
1410310 1429.9
1410320 1437.6
1410330 1437.6
1410340 1444.6
1410350 1451.4
1410360 1451.4
1410370 1457.7
1410380 1463.7
1410390 1463.7
1410400 1469.9
1410410 1475.6
1410420 1479.1
1410430 1479.1
1410440 1484.2
1410450 1490.1
1410460 1490.1
1410470 1494.2
1410480 1496.6
1410490 1496.6
1410500 1500.3
1410510 1506.3
1410520 1506.3
1410530 1514.2
1410540 1523.7
1410550 1523.7
1410560 1535.9
1410570 1545.0
1410580 1545.0
1410590 1552.0
1410600 1559.5
1410610 1559.5
1410620 1566.3
1410630 1572.2
1410640 1572.2
1410650 1578.7
1410660 1584.1
1410670 1589.6
1410680 1589.6
1410690 1595.7
1410700 1602.1
1410710 1602.1
1410720 1607.6
1410730 1612.2
1410740 1612.2
1410750 1618.0
1410760 1625.2
1410770 1625.2
1410780 1632.3
1410790 1638.2
1410800 1638.2
1410810 1644.3
1410820 1651.2
1410830 1651.2
1410840 1657.2
1410850 1663.3
1410860 1663.3
1410870 1669.6
1410880 1675.7
1410890 1675.7
1410900 1682.0
1410910 1688.6
1410920 1688.6
1410930 1695.0
1410940 1702.1
1410950 1709.0
1410960 1709.0
1410970 1716.6
1410980 1723.8
1410990 1723.8
1411000 1731.1
1411010 1737.3
1411020 1737.3
1411030 1745.6
1411040 1752.1
1411050 1752.1
1411060 1757.4
1411070 1763.1
1411080 1763.1
1411090 1768.8
1411100 1773.2
1411110 1773.2
1411120 1778.4
1411130 1783.6
1411140 1783.6
1411150 1789.6
1411160 1792.9
1411170 1792.9
1411180 1795.3
1411190 1797.6
1411200 1799.0
1411210 1799.0
1411220 1800.8
1411230 1803.2
1411240 1803.2
1411250 1806.5
1411260 1810.2
1411270 1810.2
1411280 1813.2
1411290 1815.1
1411300 1815.1
1411310 1816.5
1411320 1818.1
1411330 1818.1
1411340 1819.4
1411350 1820.3
1411360 1820.3
1411370 1821.2
1411380 1821.6
1411390 1821.6
1411400 1821.7
1411410 1821.7
1411420 1821.7
1411430 1821.8
1411440 1821.8
1411450 1821.3
1411460 1821.3
1411470 1820.6
1411480 1819.9
1411490 1819.9
1411500 1819.6
1411510 1819.4
1411520 1819.4
1411530 1819.2
1411540 1819.1
1411550 1819.1
1411560 1818.8
1411570 1818.7
1411580 1818.7
1411590 1818.1
1411600 1817.1
1411610 1817.1
1411620 1816.0
1411630 1814.8
1411640 1814.8
1411650 1814.1
1411660 1813.1
1411670 1813.1
1411680 1811.9
1411690 1810.6
1411700 1809.0
1411710 1809.0
1411720 1807.0
1411730 1805.2
1411740 1805.2
1411750 1803.0
1411760 1801.2
1411770 1801.2
1411780 1799.3
1411790 1798.2
1411800 1798.2
1411810 1797.6
1411820 1798.1
1411830 1798.1
1411840 1798.7
1411850 1793.4
1411860 1793.4
1411870 1784.1
1411880 1775.4
1411890 1775.4
1411900 1768.2
1411910 1762.5
1411920 1762.5
1411930 1757.6
1411940 1753.6
1411950 1749.8
1411960 1749.8
1411970 1744.9
1411980 1740.7
1411990 1740.7
1412000 1735.3
1412010 1730.2
1412020 1730.2
1412030 1726.4
1412040 1722.3
1412050 1722.3
1412060 1719.4
1412070 1714.0
1412080 1714.0
1412090 1710.7
1412100 1707.2
1412110 1707.2
1412120 1703.6
1412130 1699.3
1412140 1699.3
1412150 1695.8
1412160 1694.2
1412170 1694.2
1412180 1692.3
1412190 1688.3
1412200 1686.0
1412210 1686.0
1412220 1684.3
1412230 1682.0
1412240 1682.0
1412250 1679.5
1412260 1679.0
1412270 1679.0
1412280 1680.1
1412290 1681.8
1412300 1681.8
1412310 1682.8
1412320 1681.6
1412330 1681.6
1412340 1681.9
1412350 1683.9
1412360 1683.9
1412370 1688.4
1412380 1693.8
1412390 1693.8
1412400 1699.6
1412410 1706.0
1412420 1706.0
1412430 1713.9
1412440 1723.1
1412450 1723.1
1412460 1732.9
1412470 1742.5
1412480 1745.9
1412490 1745.9
1412500 1745.2
1412510 1739.8
1412520 1739.8
1412530 1733.7
1412540 1727.1
1412550 1727.1
1412560 1720.1
1412570 1711.8
1412580 1711.8
1412590 1703.8
1412600 1695.0
1412610 1695.0
1412620 1686.3
1412630 1678.0
1412640 1678.0
1412650 1670.1
1412660 1662.7
1412670 1662.7
1412680 1656.0
1412690 1648.2
1412700 1648.2
1412710 1640.8
1412720 1634.0
1412730 1626.5
1412740 1626.5
1412750 1618.5
1412760 1609.3
1412770 1609.3
1412780 1596.6
1412790 1588.5
1412800 1588.5
1412810 1580.3
1412820 1572.5
1412830 1572.5
1412840 1565.3
1412850 1557.7
1412860 1557.7
1412870 1549.7
1412880 1541.7
1412890 1541.7
1412900 1534.6
1412910 1527.4
1412920 1527.4
1412930 1520.1
1412940 1512.0
1412950 1512.0
1412960 1503.9
1412970 1495.7
1412980 1488.4
1412990 1488.4
1413000 1480.2
1413010 1471.9
1413020 1471.9
1413030 1462.4
1413040 1451.9
1413050 1451.9
1413060 1442.5
1413070 1434.6
1413080 1434.6
1413090 1427.1
1413100 1419.5
1413110 1419.5
1413120 1411.3
1413130 1401.4
1413140 1401.4
1413150 1391.8
1413160 1381.2
1413170 1381.2
1413180 1372.9
1413190 1367.0
1413200 1367.0
1413210 1362.4
1413220 1358.4
1413230 1353.2
1413240 1353.2
1413250 1347.8
1413260 1342.5
1413270 1342.5
1413280 1338.2
1413290 1333.1
1413300 1333.1
1413310 1327.0
1413320 1319.2
1413330 1319.2
1413340 1312.9
1413350 1310.5
1413360 1310.5
1413370 1305.4
1413380 1299.4
1413390 1299.4
1413400 1292.9
1413410 1287.4
1413420 1287.4
1413430 1290.5
1413440 1299.9
1413450 1299.9
1413460 1305.1
1413470 1310.2
1413480 1317.9
1413490 1317.9
1413500 1326.3
1413510 1333.6
1413520 1333.6
1413530 1340.4
1413540 1345.9
1413550 1345.9
1413560 1351.4
1413570 1360.2
1413580 1360.2
1413590 1368.0
1413600 1374.8
1413610 1374.8
1413620 1381.8
1413630 1389.4
1413640 1389.4
1413650 1400.5
1413660 1406.9
1413670 1406.9
1413680 1413.2
1413690 1420.3
1413700 1420.3
1413710 1428.5
1413720 1437.2
1413730 1445.8
1413740 1445.8
1413750 1449.8
1413760 1455.2
1413770 1455.2
1413780 1462.1
1413790 1467.7
1413800 1467.7
1413810 1475.4
1413820 1484.3
1413830 1484.3
1413840 1493.5
1413850 1498.1
1413860 1498.1
1413870 1506.7
1413880 1516.8
1413890 1516.8
1413900 1525.2
1413910 1531.9
1413920 1531.9
1413930 1537.7
1413940 1543.0
1413950 1543.0
1413960 1548.1
1413970 1554.2
1413980 1554.2
1413990 1560.0
1414000 1564.0
1414010 1566.2
1414020 1566.2
1414030 1568.8
1414040 1572.0
1414050 1572.0
1414060 1574.7
1414070 1578.1
1414080 1578.1
1414090 1583.4
1414100 1588.8
1414110 1588.8
1414120 1593.4
1414130 1597.1
1414140 1597.1
1414150 1600.5
1414160 1603.9
1414170 1603.9
1414180 1607.2
1414190 1609.9
1414200 1609.9
1414210 1612.4
1414220 1614.8
1414230 1614.8
1414240 1617.3
1414250 1619.4
1414260 1620.9
1414270 1620.9
1414280 1622.2
1414290 1623.8
1414300 1623.8
1414310 1625.6
1414320 1627.4
1414330 1627.4
1414340 1629.2
1414350 1631.9
1414360 1631.9
1414370 1634.8
1414380 1637.9
1414390 1637.9
1414400 1641.0
1414410 1644.1
1414420 1644.1
1414430 1647.0
1414440 1649.7
1414450 1649.7
1414460 1652.2
1414470 1654.9
1414480 1654.9
1414490 1657.8
1414500 1660.9
1414510 1664.1
1414520 1664.1
1414530 1667.3
1414540 1670.5
1414550 1670.5
1414560 1674.1
1414570 1679.1
1414580 1679.1
1414590 1682.5
1414600 1685.4
1414610 1685.4
1414620 1687.8
1414630 1689.8
1414640 1689.8
1414650 1691.9
1414660 1693.9
1414670 1693.9
1414680 1695.9
1414690 1699.1
1414700 1699.1
1414710 1702.2
1414720 1705.2
1414730 1705.2
1414740 1707.7
1414750 1710.2
1414760 1713.5
1414770 1713.5
1414780 1716.5
1414790 1719.0
1414800 1719.0
1414810 1721.6
1414820 1724.6
1414830 1724.6
1414840 1727.9
1414850 1730.6
1414860 1730.6
1414870 1734.2
1414880 1737.2
1414890 1737.2
1414900 1740.7
1414910 1744.9
1414920 1744.9
1414930 1747.2
1414940 1749.0
1414950 1749.0
1414960 1752.0
1414970 1754.8
1414980 1754.8
1414990 1757.5
1415000 1759.1
1415010 1760.5
1415020 1760.5
1415030 1761.1
1415040 1759.0
1415050 1759.0
1415060 1753.4
1415070 1746.6
1415080 1746.6
1415090 1740.8
1415100 1735.9
1415110 1735.9
1415120 1732.0
1415130 1728.3
1415140 1728.3
1415150 1724.5
1415160 1721.1
1415170 1721.1
1415180 1719.5
1415190 1716.4
1415200 1716.4
1415210 1712.0
1415220 1707.1
1415230 1707.1
1415240 1701.8
1415250 1696.1
1415260 1690.3
1415270 1690.3
1415280 1684.4
1415290 1678.6
1415300 1678.6
1415310 1672.9
1415320 1667.3
1415330 1667.3
1415340 1662.3
1415350 1656.9
1415360 1656.9
1415370 1651.2
1415380 1645.2
1415390 1645.2
1415400 1639.0
1415410 1632.9
1415420 1632.9
1415430 1626.7
1415440 1620.3
1415450 1620.3
1415460 1614.9
1415470 1609.4
1415480 1609.4
1415490 1603.7
1415500 1597.9
1415510 1597.9
1415520 1591.6
1415530 1585.4
1415540 1579.5
1415550 1579.5
1415560 1573.2
1415570 1567.2
1415580 1567.2
1415590 1561.0
1415600 1554.7
1415610 1554.7
1415620 1548.3
1415630 1542.1
1415640 1542.1
1415650 1536.4
1415660 1529.8
1415670 1529.8
1415680 1523.1
1415690 1516.0
1415700 1516.0
1415710 1508.4
1415720 1501.4
1415730 1501.4
1415740 1496.0
1415750 1489.5
1415760 1489.5
1415770 1482.7
1415780 1476.2
1415790 1469.7
1415800 1469.7
1415810 1465.5
1415820 1459.3
1415830 1459.3
1415840 1454.0
1415850 1448.9
1415860 1448.9
1415870 1444.1
1415880 1438.4
1415890 1438.4
1415900 1432.0
1415910 1426.3
1415920 1426.3
1415930 1421.8
1415940 1419.4
1415950 1419.4
1415960 1415.9
1415970 1411.8
1415980 1411.8
1415990 1407.0
1416000 1402.1
1416010 1402.1
1416020 1396.9
1416030 1392.4
1416040 1391.7
1416050 1391.7
1416060 1389.5
1416070 1384.7
1416080 1384.7
1416090 1379.4
1416100 1374.1
1416110 1374.1
1416120 1369.4
1416130 1364.0
1416140 1364.0
1416150 1358.3
1416160 1350.8
1416170 1350.8
1416180 1342.2
1416190 1332.5
1416200 1332.5
1416210 1323.3
1416220 1318.6
1416230 1318.6
1416240 1318.0
1416250 1317.6
1416260 1317.6
1416270 1320.2
1416280 1317.4
1416290 1309.7
1416300 1309.7
1416310 1302.8
1416320 1298.1
1416330 1298.1
1416340 1293.4
1416350 1287.5
1416360 1287.5
1416370 1280.0
1416380 1271.8
1416390 1271.8
1416400 1263.5
1416410 1256.0
1416420 1253.5
1416430 1245.9
1416440 1239.1
1416450 1239.1
1416460 1233.8
1416470 1228.4
1416480 1228.4
1416490 1222.7
1416500 1216.9
1416510 1216.9
1416520 1211.1
1416530 1203.4
1416540 1194.0
1416550 1194.0
1416560 1186.2
1416570 1181.0
1416580 1181.0
1416590 1178.7
1416600 1175.1
1416610 1175.1
1416620 1168.6
1416630 1161.3
1416640 1161.3
1416650 1154.5
1416660 1147.0
1416670 1147.0
1416680 1139.4
1416690 1132.1
1416700 1132.1
1416710 1125.4
1416720 1119.3
1416730 1119.3
1416740 1116.8
1416750 1114.0
1416760 1114.0
1416770 1112.5
1416780 1109.6
1416790 1104.4
1416800 1104.4
1416810 1099.5
1416820 1096.7
1416830 1096.7
1416840 1095.6
1416850 1096.9
1416860 1096.9
1416870 1098.2
1416880 1098.4
1416890 1098.4
1416900 1097.1
1416910 1094.0
1416920 1094.0
1416930 1092.8
1416940 1092.6
1416950 1092.6
1416960 1089.2
1416970 1084.3
1416980 1084.3
1416990 1079.4
1417000 1075.6
1417010 1075.6
1417020 1072.0
1417030 1068.0
1417040 1064.1
1417050 1064.1
1417060 1060.5
1417070 1056.0
1417080 1056.0
1417090 1050.3
1417100 1044.1
1417110 1044.1
1417120 1038.5
1417130 1032.6
1417140 1032.6
1417150 1027.0
1417160 1021.0
1417170 1021.0
1417180 1015.1
1417190 1010.0
1417200 1010.0
1417210 1005.7
1417220 1001.4
1417230 1001.4
1417240 997.2
1417250 991.5
1417260 991.5
1417270 986.1
1417280 979.8
1417290 979.8
1417300 973.1
1417310 967.0
1417320 961.2
1417330 961.2
1417340 955.5
1417350 953.0
1417360 953.0
1417370 949.9
1417380 945.1
1417390 945.1
1417400 940.1
1417410 936.0
1417420 936.0
1417430 931.7
1417440 926.3
1417450 926.3
1417460 918.7
1417470 912.6
1417480 912.6
1417490 907.3
1417500 901.6
1417510 901.6
1417520 896.1
1417530 891.3
1417540 891.3
1417550 886.7
1417560 881.3
1417570 876.8
1417580 876.8
1417590 874.4
1417600 871.9
1417610 871.9
1417620 869.4
1417630 867.5
1417640 867.5
1417650 864.0
1417660 860.7
1417670 860.7
1417680 857.8
1417690 853.5
1417700 853.5
1417710 850.5
1417720 848.5
1417730 848.5
1417740 847.0
1417750 847.0
1417760 847.0
1417770 847.0
1417780 847.0
1417790 847.0
1417800 847.0
1417810 847.0
1417820 847.0
1417830 847.0
1417840 847.0
1417850 847.0
1417860 847.0
1417870 847.0
1417880 847.0
1417890 847.0
1417900 847.0
1417910 847.4
1417920 847.4
1417930 848.0
1417940 848.3
1417950 848.3
1417960 848.4
1417970 848.7
1417980 848.7
1417990 848.9
1418000 850.1
1418010 850.1
1418020 850.5
1418030 850.6
1418040 850.6
1418050 851.1
1418060 851.7
1418070 853.0
1418080 853.0
1418090 854.4
1418100 856.0
1418110 856.0
1418120 856.7
1418130 857.4
1418140 857.4
1418150 858.0
1418160 858.7
1418170 858.7
1418180 859.5
1418190 860.4
1418200 860.4
1418210 861.5
1418220 862.4
1418230 862.4
1418240 863.0
1418250 863.5
1418260 863.5
1418270 864.3
1418280 865.3
1418290 865.3
1418300 866.1
1418310 867.0
1418320 869.1
1418330 869.1
1418340 870.0
1418350 871.0
1418360 871.0
1418370 872.4
1418380 873.5
1418390 873.5
1418400 874.5
1418410 875.8
1418420 875.8
1418430 877.0
1418440 878.1
1418450 878.1
1418460 879.2
1418470 880.1
1418480 880.1
1418490 881.1
1418500 882.0
1418510 882.0
1418520 882.7
1418530 883.4
1418540 883.4
1418550 884.1
1418560 884.4
1418570 884.6
1418580 884.6
1418590 886.6
1418600 892.3
1418610 892.3
1418620 899.4
1418630 906.0
1418640 906.0
1418650 912.8
1418660 920.8
1418670 920.8
1418680 929.4
1418690 938.8
1418700 938.8
1418710 948.5
1418720 957.4
1418730 957.4
1418740 965.5
1418750 973.4
1418760 973.4
1418770 981.3
1418780 988.5
1418790 988.5
1418800 997.2
1418810 1005.2
1418820 1005.2
1418830 1012.3
1418840 1020.8
1418850 1030.8
1418860 1030.8
1418870 1048.4
1418880 1062.9
1418890 1062.9
1418900 1079.1
1418910 1101.3
1418920 1101.3
1418930 1110.7
1418940 1108.8
1418950 1108.8
1418960 1112.7
1418970 1129.2
1418980 1129.2
1418990 1147.9
1419000 1157.7
1419010 1157.7
1419020 1162.8
1419030 1173.5
1419040 1173.5
1419050 1183.3
1419060 1195.5
1419070 1195.5
1419080 1211.3
1419090 1229.6
1419100 1248.4
1419110 1248.4
1419120 1264.1
1419130 1273.6
1419140 1273.6
1419150 1282.3
1419160 1289.0
1419170 1289.0
1419180 1293.7
1419190 1296.7
1419200 1296.7
1419210 1298.6
1419220 1300.5
1419230 1300.5
1419240 1301.8
1419250 1301.4
1419260 1301.4
1419270 1302.0
1419280 1306.5
1419290 1306.5
1419300 1311.2
1419310 1315.9
1419320 1315.9
1419330 1319.9
1419340 1317.1
1419350 1314.5
1419360 1314.5
1419370 1316.0
1419380 1318.5
1419390 1318.5
1419400 1323.6
1419410 1324.0
1419420 1324.0
1419430 1320.6
1419440 1324.0
1419450 1324.0
1419460 1329.6
1419470 1342.4
1419480 1342.4
1419490 1361.6
1419500 1392.0
1419510 1392.0
1419520 1415.9
1419530 1421.6
1419540 1421.6
1419550 1425.0
1419560 1427.0
1419570 1427.0
1419580 1430.2
1419590 1432.1
1419600 1431.7
1419610 1431.7
1419620 1429.9
1419630 1429.1
1419640 1429.1
1419650 1429.0
1419660 1428.3
1419670 1428.3
1419680 1425.5
1419690 1421.5
1419700 1421.5
1419710 1416.9
1419720 1413.6
1419730 1413.6
1419740 1410.1
1419750 1408.0
1419760 1408.0
1419770 1406.6
1419780 1404.7
1419790 1404.7
1419800 1403.4
1419810 1402.7
1419820 1402.7
1419830 1399.4
1419840 1395.0
1419850 1389.1
1419860 1389.1
1419870 1382.8
1419880 1378.1
1419890 1378.1
1419900 1373.1
1419910 1369.5
1419920 1369.5
1419930 1368.3
1419940 1364.6
1419950 1364.6
1419960 1359.3
1419970 1354.1
1419980 1354.1
1419990 1349.4
