1400000 1296.0
1400010 1296.0
1400020 1299.7
1400030 1302.1
1400040 1302.1
1400050 1302.8
1400060 1303.4
1400070 1303.4
1400080 1304.4
1400090 1305.4
1400100 1305.4
1400110 1308.2
1400120 1310.6
1400130 1310.6
1400140 1313.5
1400150 1316.6
1400160 1316.6
1400170 1318.7
1400180 1320.7
1400190 1322.4
1400200 1322.4
1400210 1323.4
1400220 1321.5
1400230 1321.5
1400240 1318.2
1400250 1322.0
1400260 1322.0
1400270 1329.1
1400280 1333.8
1400290 1333.8
1400300 1334.5
1400310 1334.6
1400320 1334.6
1400330 1333.8
1400340 1332.6
1400350 1332.6
1400360 1331.9
1400370 1330.8
1400380 1330.8
1400390 1333.7
1400400 1340.0
1400410 1340.0
1400420 1344.4
1400430 1344.6
1400440 1348.8
1400450 1348.8
1400460 1348.8
1400470 1347.3
1400480 1347.3
1400490 1350.2
1400500 1349.7
1400510 1349.7
1400520 1356.3
1400530 1373.9
1400540 1373.9
1400550 1379.9
1400560 1391.1
1400570 1391.1
1400580 1406.7
1400590 1423.8
1400600 1423.8
1400610 1433.9
1400620 1441.9
1400630 1441.9
1400640 1449.3
1400650 1456.3
1400660 1456.3
1400670 1463.5
1400680 1470.7
1400690 1470.7
1400700 1476.9
1400710 1488.9
1400720 1493.2
1400730 1493.2
1400740 1497.1
1400750 1500.7
1400760 1500.7
1400770 1503.2
1400780 1505.1
1400790 1505.1
1400800 1505.0
1400810 1506.6
1400820 1506.6
1400830 1512.9
1400840 1516.6
1400850 1516.6
1400860 1519.8
1400870 1527.4
1400880 1527.4
1400890 1533.9
1400900 1536.5
1400910 1536.5
1400920 1539.6
1400930 1546.2
1400940 1546.2
1400950 1552.6
1400960 1559.4
1400970 1567.2
1400980 1567.2
1400990 1574.1
1401000 1580.4
1401010 1580.4
1401020 1586.5
1401030 1592.4
1401040 1592.4
1401050 1600.1
1401060 1609.8
1401070 1609.8
1401080 1618.8
1401090 1627.2
1401100 1627.2
1401110 1634.7
1401120 1639.8
1401130 1639.8
1401140 1646.8
1401150 1652.4
1401160 1652.4
1401170 1656.1
1401180 1657.4
1401190 1657.4
1401200 1659.8
1401210 1664.4
1401220 1670.3
1401230 1670.3
1401240 1677.5
1401250 1685.1
1401260 1685.1
1401270 1691.5
1401280 1695.9
1401290 1695.9
1401300 1698.2
1401310 1699.2
1401320 1699.2
1401330 1701.0
1401340 1702.3
1401350 1702.3
1401360 1701.9
1401370 1700.8
1401380 1700.8
1401390 1699.2
1401400 1697.6
1401410 1697.6
1401420 1695.6
1401430 1693.7
1401440 1693.7
1401450 1692.4
1401460 1691.0
1401470 1690.1
1401480 1690.1
1401490 1689.3
1401500 1688.0
1401510 1688.0
1401520 1686.9
1401530 1685.5
1401540 1685.5
1401550 1683.9
1401560 1681.9
1401570 1681.9
1401580 1680.9
1401590 1680.3
1401600 1680.3
1401610 1678.7
1401620 1676.8
1401630 1676.8
1401640 1675.0
1401650 1673.8
1401660 1673.8
1401670 1675.6
1401680 1681.4
1401690 1681.4
1401700 1685.1
1401710 1686.8
1401720 1686.3
1401730 1686.3
1401740 1686.5
1401750 1686.8
1401760 1686.8
1401770 1688.0
1401780 1688.3
1401790 1688.3
1401800 1688.7
1401810 1689.0
1401820 1689.0
1401830 1689.2
1401840 1690.0
1401850 1690.0
1401860 1690.2
1401870 1690.0
1401880 1690.0
1401890 1689.9
1401900 1690.2
1401910 1690.2
1401920 1691.5
1401930 1692.8
1401940 1692.8
1401950 1693.3
1401960 1694.1
1401970 1694.1
1401980 1695.5
1401990 1696.8
1402000 1699.0
1402010 1699.0
1402020 1703.0
1402030 1707.7
1402040 1707.7
1402050 1716.3
1402060 1728.0
1402070 1728.0
1402080 1734.3
1402090 1735.3
1402100 1735.3
1402110 1737.8
1402120 1737.8
1402130 1737.8
1402140 1739.2
1402150 1742.0
1402160 1742.0
1402170 1743.7
1402180 1744.8
1402190 1744.8
1402200 1745.7
1402210 1746.1
1402220 1746.1
1402230 1749.1
1402240 1748.7
1402250 1749.0
1402260 1749.0
1402270 1750.8
1402280 1750.9
1402290 1750.9
1402300 1750.7
1402310 1751.1
1402320 1751.1
1402330 1752.3
1402340 1753.4
1402350 1753.4
1402360 1755.1
1402370 1756.6
1402380 1756.6
1402390 1758.0
1402400 1758.7
1402410 1758.7
1402420 1759.0
1402430 1759.0
1402440 1759.0
1402450 1758.6
1402460 1758.4
1402470 1758.4
1402480 1758.3
1402490 1757.4
1402500 1756.5
1402510 1756.5
1402520 1756.0
1402530 1754.4
1402540 1754.4
1402550 1753.2
1402560 1751.8
1402570 1751.8
1402580 1750.5
1402590 1748.2
1402600 1748.2
1402610 1745.7
1402620 1743.9
1402630 1743.9
1402640 1743.9
1402650 1743.2
1402660 1743.2
1402670 1741.8
1402680 1739.8
1402690 1739.8
1402700 1737.4
1402710 1734.8
1402720 1734.8
1402730 1731.8
1402740 1729.5
1402750 1727.7
1402760 1727.7
1402770 1726.7
1402780 1726.3
1402790 1726.3
1402800 1724.7
1402810 1722.4
1402820 1722.4
1402830 1720.0
1402840 1717.9
1402850 1717.9
1402860 1716.7
1402870 1715.9
1402880 1715.9
1402890 1714.3
1402900 1712.0
1402910 1712.0
1402920 1709.2
1402930 1706.2
1402940 1706.2
1402950 1703.4
1402960 1701.0
1402970 1701.0
1402980 1698.2
1402990 1695.2
1403000 1691.8
1403010 1691.8
1403020 1688.0
1403030 1684.2
1403040 1684.2
1403050 1680.5
1403060 1675.9
1403070 1675.9
1403080 1671.0
1403090 1666.5
1403100 1666.5
1403110 1662.1
1403120 1657.5
1403130 1657.5
1403140 1652.8
1403150 1647.4
1403160 1647.4
1403170 1642.4
1403180 1637.5
1403190 1637.5
1403200 1632.8
1403210 1628.2
1403220 1628.2
1403230 1623.5
1403240 1618.9
1403250 1618.9
1403260 1614.4
1403270 1609.7
1403280 1603.7
1403290 1603.7
1403300 1596.4
1403310 1588.9
1403320 1588.9
1403330 1580.8
1403340 1573.6
1403350 1573.6
1403360 1566.5
1403370 1559.5
1403380 1559.5
1403390 1551.0
1403400 1546.6
1403410 1546.6
1403420 1543.7
1403430 1539.8
1403440 1539.8
1403450 1535.4
1403460 1532.1
1403470 1532.1
1403480 1529.3
1403490 1525.4
1403500 1525.4
1403510 1520.7
1403520 1515.3
1403530 1512.8
1403540 1512.8
1403550 1514.8
1403560 1518.2
1403570 1518.2
1403580 1522.3
1403590 1524.5
1403600 1524.5
1403610 1527.0
1403620 1531.8
1403630 1531.8
1403640 1536.8
1403650 1542.2
1403660 1542.2
1403670 1547.0
1403680 1550.0
1403690 1550.0
1403700 1552.4
1403710 1554.1
1403720 1554.1
1403730 1554.7
1403740 1554.5
1403750 1554.5
1403760 1554.8
1403770 1554.7
1403780 1554.0
1403790 1554.0
1403800 1558.5
1403810 1557.1
1403820 1557.1
1403830 1554.3
1403840 1551.7
1403850 1551.7
1403860 1548.7
1403870 1545.6
1403880 1545.6
1403890 1543.0
1403900 1540.2
1403910 1540.2
1403920 1532.9
1403930 1526.8
1403940 1526.8
1403950 1529.6
1403960 1531.9
1403970 1531.9
1403980 1532.6
1403990 1535.5
1404000 1535.5
1404010 1538.6
1404020 1542.8
1404030 1549.3
1404040 1549.3
1404050 1556.0
1404060 1560.8
1404070 1560.8
1404080 1564.1
1404090 1568.7
1404100 1568.7
1404110 1572.7
1404120 1576.6
1404130 1576.6
1404140 1579.8
1404150 1584.4
1404160 1584.4
1404170 1590.5
1404180 1596.4
1404190 1596.4
1404200 1602.0
1404210 1607.0
1404220 1607.0
1404230 1613.3
1404240 1618.1
1404250 1618.1
1404260 1622.6
1404270 1627.0
1404280 1631.2
1404290 1631.2
1404300 1635.4
1404310 1639.8
1404320 1639.8
1404330 1644.0
1404340 1649.3
1404350 1649.3
1404360 1654.9
1404370 1660.4
1404380 1660.4
1404390 1665.9
1404400 1671.3
1404410 1671.3
1404420 1676.7
1404430 1681.8
1404440 1681.8
1404450 1686.8
1404460 1690.4
1404470 1690.4
1404480 1692.3
1404490 1692.6
1404500 1692.6
1404510 1692.2
1404520 1691.4
1404530 1691.4
1404540 1690.1
1404550 1687.9
1404560 1684.8
1404570 1684.8
1404580 1681.4
1404590 1677.7
1404600 1677.7
1404610 1672.4
1404620 1665.2
1404630 1665.2
1404640 1662.0
1404650 1657.1
1404660 1657.1
1404670 1650.0
1404680 1643.4
1404690 1643.4
1404700 1636.0
1404710 1628.1
1404720 1628.1
1404730 1621.4
1404740 1614.9
1404750 1614.9
1404760 1608.2
1404770 1601.2
1404780 1601.2
1404790 1594.0
1404800 1586.1
1404810 1580.5
1404820 1580.5
1404830 1572.7
1404840 1564.4
1404850 1564.4
1404860 1556.8
1404870 1550.7
1404880 1550.7
1404890 1546.0
1404900 1541.2
1404910 1541.2
1404920 1539.2
1404930 1538.9
1404940 1538.9
1404950 1537.6
1404960 1535.9
1404970 1535.9
1404980 1531.9
1404990 1526.5
1405000 1526.5
1405010 1521.4
1405020 1516.5
1405030 1516.5
1405040 1511.9
1405050 1507.4
1405060 1502.7
1405070 1502.7
1405080 1496.9
1405090 1490.9
1405100 1490.9
1405110 1485.6
1405120 1483.8
1405130 1483.8
1405140 1482.5
1405150 1479.7
1405160 1479.7
1405170 1476.5
1405180 1474.5
1405190 1474.5
1405200 1472.0
1405210 1469.1
1405220 1469.1
1405230 1466.8
1405240 1463.6
1405250 1463.6
1405260 1461.6
1405270 1459.4
1405280 1459.4
1405290 1456.4
1405300 1453.3
1405310 1450.1
1405320 1450.1
1405330 1447.4
1405340 1444.9
1405350 1444.9
1405360 1441.5
1405370 1437.6
1405380 1437.6
1405390 1439.2
1405400 1435.4
1405410 1435.4
1405420 1431.4
1405430 1427.9
1405440 1427.9
1405450 1423.7
1405460 1419.0
1405470 1419.0
1405480 1414.1
1405490 1408.8
1405500 1408.8
1405510 1403.1
1405520 1397.5
1405530 1397.5
1405540 1391.9
1405550 1385.4
1405560 1379.3
1405570 1379.3
1405580 1373.3
1405590 1367.0
1405600 1367.0
1405610 1360.9
1405620 1354.7
1405630 1354.7
1405640 1348.5
1405650 1341.6
1405660 1341.6
1405670 1334.3
1405680 1326.5
1405690 1326.5
1405700 1318.5
1405710 1310.3
1405720 1310.3
1405730 1303.3
1405740 1296.2
1405750 1296.2
1405760 1289.7
1405770 1282.5
1405780 1282.5
1405790 1274.6
1405800 1266.4
1405810 1266.4
1405820 1258.9
1405830 1252.9
1405840 1253.6
1405850 1253.6
1405860 1259.0
1405870 1266.1
1405880 1266.1
1405890 1272.6
1405900 1280.4
1405910 1280.4
1405920 1285.8
1405930 1291.2
1405940 1291.2
1405950 1295.8
1405960 1301.5
1405970 1301.5
1405980 1308.7
1405990 1316.8
1406000 1316.8
1406010 1325.4
1406020 1330.4
1406030 1330.4
1406040 1333.7
1406050 1338.5
1406060 1338.5
1406070 1343.6
1406080 1348.2
1406090 1353.7
1406100 1353.7
1406110 1359.7
1406120 1364.2
1406130 1364.2
1406140 1368.7
1406150 1373.2
1406160 1373.2
1406170 1377.3
1406180 1382.1
1406190 1382.1
1406200 1386.9
1406210 1392.0
1406220 1392.0
1406230 1397.6
1406240 1402.4
1406250 1402.4
1406260 1406.8
1406270 1410.5
1406280 1410.5
1406290 1416.0
1406300 1422.4
1406310 1422.4
1406320 1427.9
1406330 1433.0
1406340 1437.8
1406350 1437.8
1406360 1442.1
1406370 1446.5
1406380 1446.5
1406390 1450.5
1406400 1454.3
1406410 1454.3
1406420 1456.9
1406430 1460.8
1406440 1460.8
1406450 1465.9
1406460 1470.3
1406470 1470.3
1406480 1476.1
1406490 1480.7
1406500 1480.7
1406510 1487.5
1406520 1493.7
1406530 1493.7
1406540 1499.6
1406550 1505.6
1406560 1505.6
1406570 1511.4
1406580 1517.4
1406590 1523.1
1406600 1523.1
1406610 1527.9
1406620 1531.7
1406630 1531.7
1406640 1536.1
1406650 1540.9
1406660 1540.9
1406670 1546.4
1406680 1551.7
1406690 1551.7
1406700 1556.8
1406710 1561.3
1406720 1561.3
1406730 1565.7
1406740 1570.0
1406750 1570.0
1406760 1574.6
1406770 1579.2
1406780 1579.2
1406790 1583.6
1406800 1587.8
1406810 1587.8
1406820 1592.0
1406830 1596.7
1406840 1601.3
1406850 1601.3
1406860 1605.7
1406870 1610.0
1406880 1610.0
1406890 1614.0
1406900 1618.0
1406910 1618.0
1406920 1621.7
1406930 1625.9
1406940 1625.9
1406950 1630.5
1406960 1635.8
1406970 1635.8
1406980 1641.2
1406990 1646.4
1407000 1646.4
1407010 1651.7
1407020 1659.1
1407030 1659.1
1407040 1662.4
1407050 1666.1
1407060 1666.1
1407070 1669.6
1407080 1673.7
1407090 1673.7
1407100 1677.3
1407110 1680.0
1407120 1681.7
1407130 1681.7
1407140 1683.1
1407150 1683.3
1407160 1683.3
1407170 1682.5
1407180 1680.8
1407190 1680.8
1407200 1678.9
1407210 1677.4
1407220 1677.4
1407230 1675.1
1407240 1672.9
1407250 1672.9
1407260 1669.5
1407270 1665.6
1407280 1665.6
1407290 1661.0
1407300 1656.7
1407310 1656.7
1407320 1653.2
1407330 1649.5
1407340 1649.5
1407350 1645.4
1407360 1641.4
1407370 1637.4
1407380 1637.4
1407390 1633.6
1407400 1629.7
1407410 1629.7
1407420 1625.8
1407430 1622.0
1407440 1622.0
1407450 1618.3
1407460 1614.6
1407470 1614.6
1407480 1611.5
1407490 1609.0
1407500 1609.0
1407510 1607.2
1407520 1606.9
1407530 1606.9
1407540 1605.9
1407550 1603.4
1407560 1603.4
1407570 1601.6
1407580 1599.2
1407590 1599.2
1407600 1595.6
1407610 1592.5
1407620 1590.1
1407630 1590.1
1407640 1588.4
1407650 1585.6
1407660 1585.6
1407670 1582.3
1407680 1578.6
1407690 1578.6
1407700 1577.0
1407710 1576.0
1407720 1576.0
1407730 1574.8
1407740 1572.8
1407750 1572.8
1407760 1571.1
1407770 1569.2
1407780 1569.2
1407790 1567.9
1407800 1566.8
1407810 1566.8
1407820 1566.0
1407830 1563.9
1407840 1563.9
1407850 1561.8
1407860 1560.0
1407870 1557.9
1407880 1557.9
1407890 1556.6
1407900 1553.5
1407910 1553.5
1407920 1551.1
1407930 1549.0
1407940 1549.0
1407950 1546.8
1407960 1543.3
1407970 1543.3
1407980 1539.7
1407990 1536.5
1408000 1536.5
1408010 1533.3
1408020 1531.5
1408030 1531.5
1408040 1525.9
1408050 1517.9
1408060 1517.9
1408070 1505.4
1408080 1493.3
1408090 1493.3
1408100 1486.7
1408110 1481.3
1408120 1477.3
1408130 1477.3
1408140 1476.1
1408150 1474.1
1408160 1474.1
1408170 1471.0
1408180 1466.6
1408190 1466.6
1408200 1463.5
1408210 1462.8
1408220 1462.8
1408230 1461.4
1408240 1458.8
1408250 1458.8
1408260 1454.7
1408270 1451.6
1408280 1451.6
1408290 1447.7
1408300 1443.5
1408310 1443.5
1408320 1439.0
1408330 1434.8
1408340 1434.8
1408350 1429.1
1408360 1423.3
1408370 1422.8
1408380 1422.8
1408390 1421.7
1408400 1418.0
1408410 1418.0
1408420 1413.8
1408430 1411.1
1408440 1411.1
1408450 1408.9
1408460 1405.0
1408470 1405.0
1408480 1393.7
1408490 1384.3
1408500 1384.3
1408510 1377.8
1408520 1374.3
1408530 1374.3
1408540 1369.9
1408550 1364.6
1408560 1364.6
1408570 1359.9
1408580 1356.5
1408590 1356.5
1408600 1352.7
1408610 1348.8
1408620 1348.8
1408630 1343.6
1408640 1341.1
1408650 1337.2
1408660 1337.2
1408670 1332.0
1408680 1316.6
1408690 1316.6
1408700 1312.2
1408710 1307.9
1408720 1307.9
1408730 1303.6
1408740 1297.8
1408750 1297.8
1408760 1292.4
1408770 1288.3
1408780 1288.3
1408790 1285.0
1408800 1283.6
1408810 1283.6
1408820 1281.0
1408830 1277.2
1408840 1277.2
1408850 1272.2
1408860 1267.7
1408870 1267.7
1408880 1261.9
1408890 1256.7
1408900 1252.8
1408910 1252.8
1408920 1250.0
1408930 1247.0
1408940 1247.0
1408950 1243.8
1408960 1238.9
1408970 1238.9
1408980 1232.8
1408990 1220.0
1409000 1220.0
1409010 1205.1
1409020 1194.9
1409030 1194.9
1409040 1185.2
1409050 1176.2
1409060 1176.2
1409070 1168.2
1409080 1160.0
1409090 1160.0
1409100 1151.2
1409110 1143.6
1409120 1143.6
1409130 1135.2
1409140 1126.5
1409150 1119.6
1409160 1119.6
1409170 1112.8
1409180 1107.0
1409190 1107.0
1409200 1097.8
1409210 1089.8
1409220 1089.8
1409230 1082.1
1409240 1075.5
1409250 1075.5
1409260 1069.5
1409270 1067.6
1409280 1067.6
1409290 1068.4
1409300 1066.6
1409310 1066.6
1409320 1064.8
1409330 1061.8
1409340 1061.8
1409350 1059.6
1409360 1056.9
1409370 1056.9
1409380 1052.7
1409390 1049.6
1409400 1046.5
1409410 1046.5
1409420 1041.9
1409430 1037.0
1409440 1037.0
1409450 1036.5
1409460 1036.0
1409470 1036.0
1409480 1036.2
1409490 1041.4
1409500 1041.4
1409510 1049.2
1409520 1057.1
1409530 1057.1
1409540 1066.8
1409550 1073.2
1409560 1073.2
1409570 1078.4
1409580 1084.2
1409590 1084.2
1409600 1089.3
1409610 1095.1
1409620 1095.1
1409630 1100.9
1409640 1106.6
1409650 1112.6
1409660 1112.6
1409670 1117.9
1409680 1123.2
1409690 1123.2
1409700 1129.0
1409710 1135.0
1409720 1135.0
1409730 1140.8
1409740 1146.6
1409750 1146.6
1409760 1152.9
1409770 1159.7
1409780 1159.7
1409790 1165.2
1409800 1170.0
1409810 1170.0
1409820 1176.2
1409830 1183.4
1409840 1183.4
1409850 1189.0
1409860 1195.1
1409870 1195.1
1409880 1200.9
1409890 1206.4
1409900 1206.4
1409910 1211.7
1409920 1216.7
1409930 1222.3
1409940 1222.3
1409950 1224.8
1409960 1226.8
1409970 1226.8
1409980 1231.8
1409990 1238.0
1410000 1238.0
1410010 1243.3
1410020 1248.5
1410030 1248.5
1410040 1253.2
1410050 1255.5
1410060 1255.5
1410070 1257.9
1410080 1260.1
1410090 1260.1
1410100 1262.8
1410110 1266.0
1410120 1266.0
1410130 1268.5
1410140 1271.8
1410150 1271.8
1410160 1274.2
1410170 1276.0
1410180 1277.3
1410190 1277.3
1410200 1279.3
1410210 1282.8
1410220 1282.8
1410230 1290.5
1410240 1298.2
1410250 1298.2
1410260 1306.6
1410270 1314.7
1410280 1314.7
1410290 1323.1
1410300 1332.4
1410310 1332.4
1410320 1342.4
1410330 1350.4
1410340 1350.4
1410350 1354.4
1410360 1361.8
1410370 1361.8
1410380 1378.6
1410390 1390.9
1410400 1390.9
1410410 1401.2
1410420 1408.3
1410430 1414.3
1410440 1414.3
1410450 1420.0
1410460 1425.6
1410470 1425.6
1410480 1432.0
1410490 1437.4
1410500 1437.4
1410510 1443.4
1410520 1450.0
1410530 1450.0
1410540 1454.9
1410550 1460.1
1410560 1460.1
1410570 1466.0
1410580 1470.7
1410590 1470.7
1410600 1476.3
1410610 1481.8
1410620 1481.8
1410630 1486.9
1410640 1491.4
1410650 1491.4
1410660 1495.8
1410670 1500.6
1410680 1506.1
1410690 1506.1
1410700 1511.5
1410710 1516.9
1410720 1516.9
1410730 1522.6
1410740 1528.5
1410750 1528.5
1410760 1533.3
1410770 1539.1
1410780 1539.1
1410790 1544.4
1410800 1549.7
1410810 1549.7
1410820 1554.6
1410830 1560.1
1410840 1560.1
1410850 1566.2
1410860 1573.1
1410870 1573.1
1410880 1580.2
1410890 1586.9
1410900 1586.9
1410910 1593.7
1410920 1600.0
1410930 1605.2
1410940 1605.2
1410950 1611.1
1410960 1616.3
1410970 1616.3
1410980 1620.7
1410990 1624.8
1411000 1624.8
1411010 1629.7
1411020 1634.6
1411030 1634.6
1411040 1638.6
1411050 1642.4
1411060 1642.4
1411070 1645.9
1411080 1648.2
1411090 1648.2
1411100 1650.0
1411110 1651.6
1411120 1651.6
1411130 1653.0
1411140 1655.4
1411150 1655.4
1411160 1657.7
1411170 1659.5
1411180 1659.5
1411190 1661.0
1411200 1662.5
1411210 1663.8
1411220 1663.8
1411230 1665.5
1411240 1666.3
1411250 1666.3
1411260 1667.3
1411270 1668.8
1411280 1668.8
1411290 1669.2
1411300 1669.1
1411310 1669.1
1411320 1669.9
1411330 1670.4
1411340 1670.4
1411350 1670.6
1411360 1671.4
1411370 1671.4
1411380 1672.0
1411390 1672.1
1411400 1672.1
1411410 1671.6
1411420 1670.5
1411430 1670.5
1411440 1668.6
1411450 1666.6
1411460 1664.7
1411470 1664.7
1411480 1663.0
1411490 1662.5
1411500 1662.5
1411510 1662.4
1411520 1662.5
1411530 1662.5
1411540 1662.1
1411550 1662.1
1411560 1662.1
1411570 1662.1
1411580 1663.2
1411590 1663.2
1411600 1664.5
1411610 1665.1
1411620 1665.1
1411630 1665.8
1411640 1666.2
1411650 1666.2
1411660 1665.5
1411670 1664.4
1411680 1664.4
1411690 1662.0
1411700 1657.7
1411710 1654.1
1411720 1654.1
1411730 1650.1
1411740 1646.4
1411750 1646.4
1411760 1642.3
1411770 1638.1
1411780 1638.1
1411790 1633.6
1411800 1629.7
1411810 1629.7
1411820 1626.8
1411830 1624.5
1411840 1624.5
1411850 1623.3
1411860 1623.4
1411870 1623.4
1411880 1624.0
1411890 1622.9
1411900 1622.9
1411910 1620.4
1411920 1618.1
1411930 1618.1
1411940 1616.2
1411950 1613.3
1411960 1608.2
1411970 1608.2
1411980 1604.1
1411990 1601.9
1412000 1601.9
1412010 1599.5
1412020 1595.4
1412030 1595.4
1412040 1590.1
1412050 1582.9
1412060 1582.9
1412070 1580.0
1412080 1577.5
1412090 1577.5
1412100 1571.8
1412110 1568.3
1412120 1572.9
1412130 1569.6
1412140 1566.7
1412150 1566.7
1412160 1563.9
1412170 1560.3
1412180 1560.3
1412190 1557.7
1412200 1554.6
1412210 1549.9
1412220 1549.9
1412230 1545.7
1412240 1542.2
1412250 1542.2
1412260 1539.3
1412270 1536.7
1412280 1536.7
1412290 1534.2
1412300 1531.0
1412310 1531.0
1412320 1527.6
1412330 1524.2
1412340 1524.2
1412350 1521.5
1412360 1519.1
1412370 1519.1
1412380 1514.8
1412390 1508.8
1412400 1508.8
1412410 1504.6
1412420 1504.9
1412430 1504.9
1412440 1501.9
1412450 1498.2
1412460 1498.2
1412470 1496.7
1412480 1497.0
1412490 1498.5
1412500 1498.5
1412510 1501.5
1412520 1502.2
1412530 1502.2
1412540 1501.3
1412550 1501.3
1412560 1501.3
1412570 1501.1
1412580 1500.1
1412590 1500.1
1412600 1498.2
1412610 1497.9
1412620 1497.9
1412630 1496.6
1412640 1494.5
1412650 1494.5
1412660 1492.6
1412670 1491.6
1412680 1491.6
1412690 1491.4
1412700 1490.5
1412710 1490.5
1412720 1489.9
1412730 1486.2
1412740 1480.0
1412750 1480.0
1412760 1472.4
1412770 1463.4
1412780 1463.4
1412790 1453.3
1412800 1444.2
1412810 1444.2
1412820 1435.6
1412830 1427.9
1412840 1427.9
1412850 1421.1
1412860 1414.0
1412870 1414.0
1412880 1400.0
1412890 1382.8
1412900 1382.8
1412910 1376.4
1412920 1370.6
1412930 1370.6
1412940 1364.1
1412950 1356.4
1412960 1356.4
1412970 1347.9
1412980 1344.4
1412990 1339.3
1413000 1339.3
1413010 1332.4
1413020 1326.0
1413030 1326.0
1413040 1318.6
1413050 1310.6
1413060 1310.6
1413070 1303.0
1413080 1296.6
1413090 1296.6
1413100 1290.1
1413110 1282.4
1413120 1282.4
1413130 1276.2
1413140 1271.0
1413150 1271.0
1413160 1266.6
1413170 1261.9
1413180 1261.9
1413190 1255.1
1413200 1249.0
1413210 1249.0
1413220 1243.7
1413230 1238.4
1413240 1233.7
1413250 1233.7
1413260 1226.7
1413270 1218.7
1413280 1218.7
1413290 1211.4
1413300 1205.1
1413310 1205.1
1413320 1199.0
1413330 1192.9
1413340 1192.9
1413350 1187.0
1413360 1179.7
1413370 1179.7
1413380 1173.5
1413390 1169.1
1413400 1169.1
1413410 1173.2
1413420 1180.2
1413430 1180.2
1413440 1187.7
1413450 1196.1
1413460 1196.1
1413470 1206.4
1413480 1213.9
1413490 1218.4
1413500 1218.4
1413510 1222.5
1413520 1226.7
1413530 1226.7
1413540 1231.4
1413550 1236.0
1413560 1236.0
1413570 1240.9
1413580 1246.7
1413590 1246.7
1413600 1250.8
1413610 1256.4
1413620 1256.4
1413630 1261.9
1413640 1266.7
1413650 1266.7
1413660 1271.5
1413670 1276.3
1413680 1276.3
1413690 1282.5
1413700 1290.7
1413710 1290.7
1413720 1299.5
1413730 1308.7
1413740 1308.7
1413750 1317.6
1413760 1326.9
1413770 1335.6
1413780 1335.6
1413790 1343.3
1413800 1348.6
1413810 1348.6
1413820 1352.2
1413830 1353.8
1413840 1353.8
1413850 1351.1
1413860 1349.6
1413870 1349.6
1413880 1350.7
1413890 1356.5
1413900 1356.5
1413910 1360.6
1413920 1362.6
1413930 1362.6
1413940 1364.6
1413950 1369.7
1413960 1369.7
1413970 1375.2
1413980 1379.9
1413990 1379.9
1414000 1384.6
1414010 1389.7
1414020 1395.6
1414030 1395.6
1414040 1401.7
1414050 1406.9
1414060 1406.9
1414070 1412.4
1414080 1418.6
1414090 1418.6
1414100 1425.4
1414110 1431.6
1414120 1431.6
1414130 1439.5
1414140 1445.1
1414150 1445.1
1414160 1448.0
1414170 1452.1
1414180 1452.1
1414190 1458.2
1414200 1461.5
1414210 1461.5
1414220 1465.9
1414230 1470.6
1414240 1470.6
1414250 1477.5
1414260 1483.6
1414270 1489.9
1414280 1489.9
1414290 1495.3
1414300 1499.7
1414310 1499.7
1414320 1502.9
1414330 1505.4
1414340 1505.4
1414350 1508.7
1414360 1512.2
1414370 1512.2
1414380 1515.9
1414390 1520.3
1414400 1520.3
1414410 1523.6
1414420 1525.5
1414430 1525.5
1414440 1527.8
1414450 1530.2
1414460 1530.2
1414470 1532.7
1414480 1535.2
1414490 1535.2
1414500 1537.1
1414510 1539.0
1414520 1540.1
1414530 1540.1
1414540 1540.2
1414550 1540.2
1414560 1540.2
1414570 1540.9
1414580 1542.0
1414590 1542.0
1414600 1543.2
1414610 1544.2
1414620 1544.2
1414630 1545.8
1414640 1548.2
1414650 1548.2
1414660 1551.3
1414670 1553.7
1414680 1553.7
1414690 1556.5
1414700 1560.0
1414710 1560.0
1414720 1563.2
1414730 1566.5
1414740 1566.5
1414750 1569.8
1414760 1572.9
1414770 1576.0
1414780 1576.0
1414790 1578.7
1414800 1581.0
1414810 1581.0
1414820 1583.2
1414830 1585.4
1414840 1585.4
1414850 1588.6
1414860 1593.1
1414870 1593.1
1414880 1599.6
1414890 1603.8
1414900 1603.8
1414910 1604.1
1414920 1605.7
1414930 1605.7
1414940 1609.7
1414950 1616.9
1414960 1616.9
1414970 1618.2
1414980 1615.9
1414990 1615.9
1415000 1613.5
1415010 1611.7
1415020 1611.0
1415030 1611.0
1415040 1610.7
1415050 1611.0
1415060 1611.0
1415070 1613.0
1415080 1614.6
1415090 1614.6
1415100 1614.4
1415110 1615.2
1415120 1615.2
1415130 1616.2
1415140 1615.8
1415150 1615.8
1415160 1615.3
1415170 1614.7
1415180 1614.7
1415190 1614.0
1415200 1613.4
1415210 1613.4
1415220 1613.3
1415230 1613.1
1415240 1613.1
1415250 1613.1
1415260 1612.5
1415270 1612.5
1415280 1611.8
1415290 1612.1
1415300 1612.0
1415310 1612.0
1415320 1612.2
1415330 1612.5
1415340 1612.5
1415350 1612.6
1415360 1612.8
1415370 1612.8
1415380 1613.1
1415390 1613.7
1415400 1613.7
1415410 1613.3
1415420 1611.5
1415430 1611.5
1415440 1609.6
1415450 1608.1
1415460 1608.1
1415470 1607.5
1415480 1607.5
1415490 1607.5
1415500 1607.5
1415510 1607.2
1415520 1607.2
1415530 1606.3
1415540 1605.2
1415550 1604.0
1415560 1604.0
1415570 1603.0
1415580 1602.2
1415590 1602.2
1415600 1601.1
1415610 1599.6
1415620 1599.6
1415630 1598.3
1415640 1597.2
1415650 1597.2
1415660 1596.0
1415670 1593.9
1415680 1593.9
1415690 1593.1
1415700 1593.0
1415710 1593.0
1415720 1601.0
1415730 1602.9
1415740 1602.9
1415750 1605.3
1415760 1607.9
1415770 1607.9
1415780 1609.5
1415790 1609.3
1415800 1608.5
1415810 1608.5
1415820 1607.5
1415830 1605.8
1415840 1605.8
1415850 1603.8
1415860 1601.3
1415870 1601.3
1415880 1598.7
1415890 1596.3
1415900 1596.3
1415910 1594.5
1415920 1593.5
1415930 1593.5
1415940 1591.9
1415950 1590.0
1415960 1590.0
1415970 1588.4
1415980 1587.0
1415990 1587.0
1416000 1583.1
1416010 1578.0
1416020 1578.0
1416030 1573.1
1416040 1568.6
1416050 1564.4
1416060 1564.4
1416070 1559.5
1416080 1554.7
1416090 1554.7
1416100 1549.6
1416110 1544.3
1416120 1544.3
1416130 1537.6
1416140 1531.8
1416150 1531.8
1416160 1526.5
1416170 1522.5
1416180 1522.5
1416190 1516.0
1416200 1510.5
1416210 1510.5
1416220 1505.0
1416230 1499.2
1416240 1499.2
1416250 1493.1
1416260 1487.4
1416270 1487.4
1416280 1481.6
1416290 1475.7
1416300 1469.7
1416310 1469.7
1416320 1463.4
1416330 1457.2
1416340 1457.2
1416350 1451.0
1416360 1445.6
1416370 1445.6
1416380 1440.8
1416390 1436.0
1416400 1436.0
1416410 1430.5
1416420 1424.4
1416430 1424.4
1416440 1418.0
1416450 1412.3
1416460 1412.3
1416470 1407.0
1416480 1402.1
1416490 1402.1
1416500 1397.8
1416510 1393.2
1416520 1393.2
1416530 1388.7
1416540 1384.7
1416550 1384.7
1416560 1381.2
1416570 1377.9
1416580 1374.6
1416590 1374.6
1416600 1371.5
1416610 1368.3
1416620 1368.3
1416630 1365.2
1416640 1362.0
1416650 1362.0
1416660 1358.8
1416670 1355.1
1416680 1355.1
1416690 1351.5
1416700 1348.1
1416710 1348.1
1416720 1344.3
1416730 1341.0
1416740 1341.0
1416750 1336.9
1416760 1332.8
1416770 1332.8
1416780 1330.3
1416790 1329.1
1416800 1329.1
1416810 1326.3
1416820 1323.0
1416830 1321.9
1416840 1321.9
1416850 1323.3
1416860 1321.8
1416870 1321.8
1416880 1317.1
1416890 1308.7
1416900 1308.7
1416910 1301.7
1416920 1298.1
1416930 1298.1
1416940 1296.7
1416950 1294.1
1416960 1294.1
1416970 1292.2
1416980 1290.7
1416990 1290.7
1417000 1288.3
1417010 1284.8
1417020 1284.8
1417030 1280.3
1417040 1275.4
1417050 1275.4
1417060 1269.8
1417070 1263.2
1417080 1255.0
1417090 1255.0
1417100 1247.2
1417110 1239.6
1417120 1239.6
1417130 1231.6
1417140 1223.9
1417150 1223.9
1417160 1215.8
1417170 1208.6
1417180 1208.6
1417190 1202.1
1417200 1195.5
1417210 1195.5
1417220 1189.2
1417230 1182.4
1417240 1182.4
1417250 1172.5
1417260 1163.4
1417270 1163.4
1417280 1154.8
1417290 1146.2
1417300 1146.2
1417310 1137.8
1417320 1129.3
1417330 1120.9
1417340 1120.9
1417350 1111.9
1417360 1103.6
1417370 1103.6
1417380 1095.4
1417390 1087.3
1417400 1087.3
1417410 1080.3
1417420 1073.4
1417430 1073.4
1417440 1067.4
1417450 1062.5
1417460 1062.5
1417470 1058.5
1417480 1054.5
1417490 1054.5
1417500 1050.7
1417510 1044.2
1417520 1044.2
1417530 1034.8
1417540 1024.9
1417550 1024.9
1417560 1010.7
1417570 994.8
1417580 981.4
1417590 981.4
1417600 970.4
1417610 956.8
1417620 956.8
1417630 947.7
1417640 938.7
1417650 938.7
1417660 927.9
1417670 920.0
1417680 920.0
1417690 912.1
1417700 904.6
1417710 904.6
1417720 897.1
1417730 889.9
1417740 889.9
1417750 881.8
1417760 873.3
1417770 873.3
1417780 865.8
1417790 858.7
1417800 858.7
1417810 851.3
1417820 845.5
1417830 845.5
1417840 838.8
1417850 830.5
1417860 839.0
1417870 839.0
1417880 849.9
1417890 863.5
1417900 863.5
1417910 882.1
1417920 900.1
1417930 900.1
1417940 911.2
1417950 918.8
1417960 918.8
1417970 928.4
1417980 935.4
1417990 935.4
1418000 941.2
1418010 945.3
1418020 945.3
1418030 947.8
1418040 948.1
1418050 948.1
1418060 946.4
1418070 943.6
1418080 943.6
1418090 940.0
1418100 936.7
1418110 932.8
1418120 932.8
1418130 928.3
1418140 926.1
1418150 926.1
1418160 924.3
1418170 922.8
1418180 922.8
1418190 920.7
1418200 917.6
1418210 917.6
1418220 913.0
1418230 908.0
1418240 908.0
1418250 902.2
1418260 895.9
1418270 895.9
1418280 889.9
1418290 884.0
1418300 884.0
1418310 877.5
1418320 871.6
1418330 871.6
1418340 866.8
1418350 862.5
1418360 860.5
1418370 860.5
1418380 861.5
1418390 862.5
1418400 862.5
1418410 862.5
1418420 860.3
1418430 860.3
1418440 862.9
1418450 869.1
1418460 869.1
1418470 874.2
1418480 876.9
1418490 876.9
1418500 877.6
1418510 877.3
1418520 877.3
1418530 876.9
1418540 876.7
1418550 876.7
1418560 875.6
1418570 874.6
1418580 874.6
1418590 873.7
1418600 872.6
1418610 870.2
1418620 870.2
1418630 866.9
1418640 862.9
1418650 862.9
1418660 860.2
1418670 858.2
1418680 858.2
1418690 856.0
1418700 855.2
1418710 855.2
1418720 855.6
1418730 858.3
1418740 858.3
1418750 860.6
1418760 862.9
1418770 862.9
1418780 865.0
1418790 867.9
1418800 867.9
1418810 871.4
1418820 874.8
1418830 874.8
1418840 878.1
1418850 881.7
1418860 886.6
1418870 886.6
1418880 890.3
1418890 894.8
1418900 894.8
1418910 898.5
1418920 902.3
1418930 902.3
1418940 906.2
1418950 909.4
1418960 909.4
1418970 916.0
1418980 921.8
1418990 921.8
1419000 926.5
1419010 929.9
1419020 929.9
1419030 933.9
1419040 939.6
1419050 939.6
1419060 945.4
1419070 949.9
1419080 949.9
1419090 954.3
1419100 959.6
1419110 959.6
1419120 967.0
1419130 976.1
1419140 981.2
1419150 981.2
1419160 984.2
1419170 988.9
1419180 988.9
1419190 995.0
1419200 1002.1
1419210 1002.1
1419220 1012.6
1419230 1031.4
1419240 1031.4
1419250 1062.6
1419260 1090.5
1419270 1090.5
1419280 1113.7
1419290 1125.0
1419300 1125.0
1419310 1138.0
1419320 1154.8
1419330 1154.8
1419340 1168.2
1419350 1179.3
1419360 1179.3
1419370 1183.3
1419380 1186.7
1419390 1192.7
1419400 1192.7
1419410 1197.6
1419420 1200.3
1419430 1200.3
1419440 1204.8
1419450 1209.9
1419460 1209.9
1419470 1213.6
1419480 1215.4
1419490 1215.4
1419500 1216.1
1419510 1216.1
1419520 1216.1
1419530 1221.5
1419540 1219.9
1419550 1219.9
1419560 1218.0
1419570 1214.4
1419580 1214.4
1419590 1209.0
1419600 1206.7
1419610 1206.7
1419620 1204.5
1419630 1207.5
1419640 1209.8
1419650 1209.8
1419660 1210.5
1419670 1210.2
1419680 1210.2
1419690 1207.3
1419700 1202.5
1419710 1202.5
1419720 1196.2
1419730 1189.7
1419740 1189.7
1419750 1183.7
1419760 1177.5
1419770 1177.5
1419780 1170.7
1419790 1164.5
1419800 1164.5
1419810 1159.1
1419820 1155.1
1419830 1155.1
1419840 1153.0
1419850 1151.0
1419860 1151.0
1419870 1149.2
1419880 1147.4
1419890 1142.6
1419900 1142.6
1419910 1135.9
1419920 1134.2
1419930 1134.2
1419940 1135.4
1419950 1134.4
1419960 1134.4
1419970 1134.5
1419980 1134.9
1419990 1134.9
