1400000 1006.8
1400010 1011.0
1400020 1011.0
1400030 1014.6
1400040 1016.8
1400050 1016.8
1400060 1019.5
1400070 1022.9
1400080 1022.9
1400090 1026.6
1400100 1032.4
1400110 1032.4
1400120 1038.3
1400130 1042.7
1400140 1042.7
1400150 1045.7
1400160 1047.6
1400170 1047.6
1400180 1048.7
1400190 1049.2
1400200 1049.2
1400210 1049.6
1400220 1050.6
1400230 1050.6
1400240 1053.9
1400250 1057.3
1400260 1057.3
1400270 1058.3
1400280 1057.7
1400290 1057.4
1400300 1057.4
1400310 1057.0
1400320 1055.5
1400330 1055.5
1400340 1056.8
1400350 1060.5
1400360 1060.5
1400370 1063.8
1400380 1067.6
1400390 1067.6
1400400 1071.6
1400410 1075.2
1400420 1075.2
1400430 1078.4
1400440 1081.3
1400450 1081.3
1400460 1083.9
1400470 1087.8
1400480 1087.8
1400490 1090.5
1400500 1095.3
1400510 1095.3
1400520 1101.6
1400530 1106.7
1400540 1111.0
1400550 1111.0
1400560 1114.5
1400570 1118.0
1400580 1118.0
1400590 1121.9
1400600 1123.8
1400610 1123.8
1400620 1126.6
1400630 1129.0
1400640 1129.0
1400650 1131.4
1400660 1134.4
1400670 1134.4
1400680 1137.4
1400690 1139.2
1400700 1139.2
1400710 1141.4
1400720 1143.8
1400730 1143.8
1400740 1145.3
1400750 1146.8
1400760 1146.8
1400770 1148.3
1400780 1149.7
1400790 1151.1
1400800 1151.1
1400810 1152.1
1400820 1153.1
1400830 1153.1
1400840 1154.4
1400850 1155.0
1400860 1155.0
1400870 1156.0
1400880 1156.5
1400890 1156.5
1400900 1157.2
1400910 1157.7
1400920 1157.7
1400930 1158.5
1400940 1159.0
1400950 1159.0
1400960 1159.4
1400970 1159.9
1400980 1159.9
1400990 1160.5
1401000 1160.8
1401010 1160.8
1401020 1161.3
1401030 1161.7
1401040 1161.7
1401050 1161.8
1401060 1161.7
1401070 1161.6
1401080 1161.6
1401090 1161.3
1401100 1160.9
1401110 1160.9
1401120 1160.8
1401130 1161.3
1401140 1161.3
1401150 1161.9
1401160 1162.7
1401170 1162.7
1401180 1163.5
1401190 1164.1
1401200 1164.1
1401210 1164.1
1401220 1168.7
1401230 1168.7
1401240 1168.2
1401250 1167.2
1401260 1167.2
1401270 1165.8
1401280 1165.3
1401290 1165.3
1401300 1165.8
1401310 1165.6
1401320 1165.0
1401330 1165.0
1401340 1165.7
1401350 1166.3
1401360 1166.3
1401370 1167.2
1401380 1167.6
1401390 1167.6
1401400 1167.8
1401410 1167.2
1401420 1167.2
1401430 1165.5
1401440 1164.1
1401450 1164.1
1401460 1163.5
1401470 1162.3
1401480 1162.3
1401490 1160.7
1401500 1158.7
1401510 1158.7
1401520 1157.3
1401530 1157.8
1401540 1157.8
1401550 1160.0
1401560 1159.8
1401570 1155.7
1401580 1155.7
1401590 1154.2
1401600 1154.2
1401610 1154.2
1401620 1151.0
1401630 1147.6
1401640 1147.6
1401650 1146.1
1401660 1145.6
1401670 1145.6
1401680 1145.8
1401690 1146.0
1401700 1146.0
1401710 1146.6
1401720 1144.7
1401730 1144.7
1401740 1141.2
1401750 1138.8
1401760 1138.8
1401770 1138.3
1401780 1133.6
1401790 1133.6
1401800 1131.2
1401810 1130.9
1401820 1130.9
1401830 1129.3
1401840 1128.8
1401850 1132.0
1401860 1132.0
1401870 1136.1
1401880 1140.2
1401890 1140.2
1401900 1143.9
1401910 1148.0
1401920 1148.0
1401930 1151.5
1401940 1155.2
1401950 1155.2
1401960 1159.4
1401970 1162.7
1401980 1162.7
1401990 1164.3
1402000 1164.5
1402010 1164.5
1402020 1160.8
1402030 1156.1
1402040 1156.1
1402050 1158.1
1402060 1165.1
1402070 1165.1
1402080 1169.0
1402090 1171.6
1402100 1173.6
1402110 1173.6
1402120 1175.4
1402130 1177.2
1402140 1177.2
1402150 1178.5
1402160 1179.5
1402170 1179.5
1402180 1179.8
1402190 1180.5
1402200 1180.5
1402210 1180.8
1402220 1181.3
1402230 1181.3
1402240 1181.7
1402250 1181.9
1402260 1181.9
1402270 1181.6
1402280 1180.8
1402290 1180.8
1402300 1180.3
1402310 1179.5
1402320 1179.5
1402330 1177.4
1402340 1172.2
1402350 1166.5
1402360 1166.5
1402370 1161.4
1402380 1162.1
1402390 1162.1
1402400 1163.9
1402410 1164.2
1402420 1164.2
1402430 1163.5
1402440 1161.2
1402450 1161.2
1402460 1158.5
1402470 1158.0
1402480 1158.0
1402490 1157.3
1402500 1156.2
1402510 1156.2
1402520 1154.7
1402530 1153.8
1402540 1153.8
1402550 1153.0
1402560 1152.2
1402570 1152.2
1402580 1150.7
1402590 1148.9
1402600 1149.1
1402610 1149.1
1402620 1151.5
1402630 1153.3
1402640 1153.3
1402650 1156.0
1402660 1157.7
1402670 1157.7
1402680 1159.4
1402690 1160.3
1402700 1160.3
1402710 1162.3
1402720 1165.0
1402730 1165.0
1402740 1167.7
1402750 1170.2
1402760 1176.6
1402770 1178.3
1402780 1178.5
1402790 1178.5
1402800 1177.5
1402810 1177.2
1402820 1177.2
1402830 1181.5
1402840 1186.2
1402850 1186.2
1402860 1187.4
1402870 1186.7
1402880 1186.0
1402890 1186.0
1402900 1185.3
1402910 1184.2
1402920 1184.2
1402930 1181.4
1402940 1179.6
1402950 1179.6
1402960 1181.8
1402970 1182.4
1402980 1182.4
1402990 1181.7
1403000 1179.2
1403010 1179.2
1403020 1176.5
1403030 1175.2
1403040 1175.2
1403050 1174.9
1403060 1173.6
1403070 1173.6
1403080 1172.6
1403090 1172.5
1403100 1172.5
1403110 1172.0
1403120 1170.2
1403130 1167.5
1403140 1167.5
1403150 1166.1
1403160 1163.9
1403170 1163.9
1403180 1167.1
1403190 1169.4
1403200 1169.4
1403210 1168.3
1403220 1166.9
1403230 1166.9
1403240 1164.4
1403250 1161.2
1403260 1161.2
1403270 1159.6
1403280 1158.1
1403290 1158.1
1403300 1157.3
1403310 1156.0
1403320 1156.0
1403330 1154.4
1403340 1152.0
1403350 1152.0
1403360 1149.3
1403370 1146.9
1403380 1145.0
1403390 1145.0
1403400 1143.4
1403410 1141.9
1403420 1141.9
1403430 1139.9
1403440 1138.5
1403450 1138.5
1403460 1137.4
1403470 1136.8
1403480 1136.8
1403490 1136.3
1403500 1135.2
1403510 1135.2
1403520 1133.0
1403530 1130.8
1403540 1130.8
1403550 1128.9
1403560 1126.8
1403570 1126.8
1403580 1125.7
1403590 1123.7
1403600 1123.7
1403610 1122.1
1403620 1118.7
1403630 1118.7
1403640 1114.8
1403650 1111.2
1403660 1107.5
1403670 1107.5
1403680 1104.3
1403690 1101.1
1403700 1101.1
1403710 1097.0
1403720 1092.6
1403730 1092.6
1403740 1087.1
1403750 1079.7
1403760 1079.7
1403770 1071.5
1403780 1063.4
1403790 1063.4
1403800 1053.7
1403810 1049.3
1403820 1049.3
1403830 1056.9
1403840 1062.4
1403850 1062.4
1403860 1061.5
1403870 1055.9
1403880 1055.9
1403890 1049.2
1403900 1042.1
1403910 1033.8
1403920 1033.8
1403930 1026.4
1403940 1020.4
1403950 1020.4
1403960 1016.8
1403970 1011.5
1403980 1011.5
1403990 1002.1
1404000 998.4
1404010 998.4
1404020 1005.1
1404030 1013.9
1404040 1013.9
1404050 1018.0
1404060 1020.3
1404070 1020.3
1404080 1027.7
1404090 1037.8
1404100 1037.8
1404110 1043.4
1404120 1047.7
1404130 1047.7
1404140 1051.9
1404150 1055.5
1404160 1058.9
1404170 1058.9
1404180 1061.7
1404190 1064.7
1404200 1064.7
1404210 1066.7
1404220 1067.7
1404230 1067.7
1404240 1070.6
1404250 1074.6
1404260 1074.6
1404270 1079.3
1404280 1084.0
1404290 1084.0
1404300 1088.5
1404310 1093.1
1404320 1093.1
1404330 1098.1
1404340 1104.4
1404350 1104.4
1404360 1109.3
1404370 1113.2
1404380 1113.2
1404390 1115.7
1404400 1118.2
1404410 1121.4
1404420 1121.4
1404430 1125.2
1404440 1128.5
1404450 1128.5
1404460 1131.0
1404470 1133.7
1404480 1133.7
1404490 1136.7
1404500 1139.6
1404510 1139.6
1404520 1142.3
1404530 1145.3
1404540 1145.3
1404550 1148.0
1404560 1150.9
1404570 1150.9
1404580 1153.4
1404590 1155.6
1404600 1155.6
1404610 1157.7
1404620 1159.4
1404630 1159.4
1404640 1161.4
1404650 1163.2
1404660 1163.2
1404670 1165.4
1404680 1166.8
1404690 1167.5
1404700 1167.5
1404710 1168.1
1404720 1168.5
1404730 1168.5
1404740 1168.8
1404750 1169.5
1404760 1169.5
1404770 1170.5
1404780 1170.7
1404790 1170.7
1404800 1170.6
1404810 1172.0
1404820 1172.0
1404830 1173.1
1404840 1172.1
1404850 1172.1
1404860 1170.6
1404870 1170.7
1404880 1170.7
1404890 1170.9
1404900 1171.4
1404910 1171.4
1404920 1172.1
1404930 1173.6
1404940 1174.6
1404950 1174.6
1404960 1176.4
1404970 1177.9
1404980 1177.9
1404990 1178.6
1405000 1179.5
1405010 1179.5
1405020 1180.3
1405030 1181.6
1405040 1181.6
1405050 1182.8
1405060 1181.5
1405070 1181.5
1405080 1179.4
1405090 1181.8
1405100 1181.8
1405110 1182.8
1405120 1182.8
1405130 1182.8
1405140 1183.5
1405150 1185.8
1405160 1185.8
1405170 1188.8
1405180 1190.2
1405190 1189.9
1405200 1189.9
1405210 1189.4
1405220 1187.9
1405230 1187.9
1405240 1188.5
1405250 1187.7
1405260 1187.7
1405270 1185.9
1405280 1183.0
1405290 1183.0
1405300 1180.1
1405310 1177.1
1405320 1177.1
1405330 1174.6
1405340 1171.5
1405350 1171.5
1405360 1168.3
1405370 1165.2
1405380 1165.2
1405390 1161.5
1405400 1158.1
1405410 1158.1
1405420 1154.2
1405430 1150.6
1405440 1150.6
1405450 1146.6
1405460 1142.3
1405470 1138.2
1405480 1138.2
1405490 1134.7
1405500 1131.4
1405510 1131.4
1405520 1127.6
1405530 1123.7
1405540 1123.7
1405550 1120.0
1405560 1116.3
1405570 1116.3
1405580 1112.4
1405590 1108.5
1405600 1108.5
1405610 1104.2
1405620 1099.9
1405630 1099.9
1405640 1095.0
1405650 1092.0
1405660 1092.0
1405670 1087.6
1405680 1084.0
1405690 1084.0
1405700 1080.9
1405710 1077.5
1405720 1075.2
1405730 1075.2
1405740 1071.5
1405750 1069.1
1405760 1069.1
1405770 1066.7
1405780 1061.8
1405790 1061.8
1405800 1054.8
1405810 1049.7
1405820 1049.7
1405830 1044.6
1405840 1039.8
1405850 1039.8
1405860 1035.6
1405870 1031.4
1405880 1031.4
1405890 1027.7
1405900 1024.0
1405910 1024.0
1405920 1019.8
1405930 1015.6
1405940 1015.6
1405950 1014.1
1405960 1013.6
1405970 1008.1
1405980 1008.1
1405990 1002.0
1406000 996.5
1406010 996.5
1406020 991.8
1406030 984.8
1406040 984.8
1406050 979.5
1406060 977.6
1406070 977.6
1406080 978.9
1406090 984.5
1406100 984.5
1406110 990.3
1406120 994.1
1406130 994.1
1406140 996.3
1406150 1001.2
1406160 1001.2
1406170 1005.2
1406180 1009.4
1406190 1009.4
1406200 1014.5
1406210 1020.5
1406220 1026.3
1406230 1026.3
1406240 1031.8
1406250 1037.4
1406260 1037.4
1406270 1044.3
1406280 1051.8
1406290 1051.8
1406300 1054.6
1406310 1056.0
1406320 1056.0
1406330 1057.1
1406340 1057.6
1406350 1057.6
1406360 1059.6
1406370 1062.2
1406380 1062.2
1406390 1065.6
1406400 1069.4
1406410 1069.4
1406420 1072.8
1406430 1076.0
1406440 1076.0
1406450 1079.1
1406460 1082.2
1406470 1082.2
1406480 1085.4
1406490 1089.4
1406500 1092.9
1406510 1092.9
1406520 1095.6
1406530 1098.7
1406540 1098.7
1406550 1101.4
1406560 1104.0
1406570 1104.0
1406580 1106.1
1406590 1108.0
1406600 1108.0
1406610 1109.8
1406620 1111.4
1406630 1111.4
1406640 1113.3
1406650 1115.3
1406660 1115.3
1406670 1117.6
1406680 1119.2
1406690 1119.2
1406700 1120.4
1406710 1121.2
1406720 1121.2
1406730 1121.4
1406740 1122.5
1406750 1123.4
1406760 1123.4
1406770 1124.4
1406780 1125.7
1406790 1125.7
1406800 1126.7
1406810 1128.1
1406820 1128.1
1406830 1129.5
1406840 1130.4
1406850 1130.4
1406860 1131.3
1406870 1131.7
1406880 1131.7
1406890 1132.0
1406900 1132.7
1406910 1132.7
1406920 1133.4
1406930 1133.4
1406940 1133.4
1406950 1134.0
1406960 1134.7
1406970 1134.7
1406980 1134.6
1406990 1134.6
1407000 1135.1
1407010 1135.1
1407020 1135.8
1407030 1136.8
1407040 1136.8
1407050 1137.2
1407060 1137.4
1407070 1137.4
1407080 1138.2
1407090 1138.6
1407100 1138.6
1407110 1138.7
1407120 1138.5
1407130 1138.5
1407140 1137.6
1407150 1137.0
1407160 1137.0
1407170 1136.8
1407180 1135.5
1407190 1135.5
1407200 1135.0
1407210 1134.7
1407220 1134.7
1407230 1133.3
1407240 1132.4
1407250 1132.4
1407260 1131.1
1407270 1129.5
1407280 1128.6
1407290 1128.6
1407300 1127.3
1407310 1125.8
1407320 1125.8
1407330 1124.1
1407340 1122.4
1407350 1122.4
1407360 1120.9
1407370 1119.3
1407380 1119.3
1407390 1117.8
1407400 1115.5
1407410 1115.5
1407420 1113.1
1407430 1111.0
1407440 1111.0
1407450 1109.6
1407460 1108.4
1407470 1108.4
1407480 1106.1
1407490 1103.1
1407500 1103.1
1407510 1101.2
1407520 1099.5
1407530 1096.9
1407540 1096.9
1407550 1094.4
1407560 1092.3
1407570 1092.3
1407580 1090.2
1407590 1089.9
1407600 1089.9
1407610 1085.7
1407620 1082.5
1407630 1082.5
1407640 1079.8
1407650 1077.3
1407660 1077.3
1407670 1075.2
1407680 1073.7
1407690 1073.7
1407700 1071.7
1407710 1070.3
1407720 1070.3
1407730 1069.7
1407740 1068.6
1407750 1068.6
1407760 1067.5
1407770 1066.7
1407780 1065.3
1407790 1065.3
1407800 1063.5
1407810 1062.0
1407820 1062.0
1407830 1060.4
1407840 1059.7
1407850 1059.7
1407860 1057.0
1407870 1048.3
1407880 1048.3
1407890 1042.5
1407900 1050.8
1407910 1050.8
1407920 1057.5
1407930 1059.5
1407940 1059.5
1407950 1061.6
1407960 1063.8
1407970 1063.8
1407980 1065.0
1407990 1065.2
1408000 1065.2
1408010 1064.8
1408020 1064.3
1408030 1063.8
1408040 1063.8
1408050 1063.0
1408060 1061.8
1408070 1061.8
1408080 1061.3
1408090 1061.7
1408100 1061.7
1408110 1061.2
1408120 1060.8
1408130 1060.8
1408140 1059.4
1408150 1057.9
1408160 1057.9
1408170 1057.0
1408180 1056.4
1408190 1056.4
1408200 1054.9
1408210 1056.9
1408220 1056.9
1408230 1058.3
1408240 1059.2
1408250 1059.2
1408260 1059.6
1408270 1059.2
1408280 1059.2
1408290 1058.8
1408300 1058.0
1408310 1057.2
1408320 1057.2
1408330 1056.2
1408340 1055.1
1408350 1055.1
1408360 1054.0
1408370 1052.5
1408380 1052.5
1408390 1051.5
1408400 1050.1
1408410 1050.1
1408420 1048.8
1408430 1046.9
1408440 1046.9
1408450 1044.8
1408460 1043.2
1408470 1043.2
1408480 1041.0
1408490 1038.7
1408500 1038.7
1408510 1035.9
1408520 1033.4
1408530 1033.4
1408540 1030.7
1408550 1027.8
1408560 1025.0
1408570 1025.0
1408580 1022.1
1408590 1019.5
1408600 1019.5
1408610 1016.7
1408620 1013.4
1408630 1013.4
1408640 1009.7
1408650 1005.6
1408660 1005.6
1408670 1001.6
1408680 997.2
1408690 997.2
1408700 993.9
1408710 990.4
1408720 990.4
1408730 987.7
1408740 985.6
1408750 985.6
1408760 982.5
1408770 977.8
1408780 977.8
1408790 976.4
1408800 975.0
1408810 973.2
1408820 973.2
1408830 971.9
1408840 970.5
1408850 970.5
1408860 969.5
1408870 967.5
1408880 967.5
1408890 965.8
1408900 964.6
1408910 964.6
1408920 963.5
1408930 962.7
1408940 962.7
1408950 962.1
1408960 961.5
1408970 961.5
1408980 961.0
1408990 960.2
1409000 960.2
1409010 959.3
1409020 958.4
1409030 958.4
1409040 957.9
1409050 957.4
1409060 957.4
1409070 957.3
1409080 955.8
1409090 950.8
1409100 950.8
1409110 945.7
1409120 939.9
1409130 939.9
1409140 935.6
1409150 929.2
1409160 929.2
1409170 920.7
1409180 909.3
1409190 909.3
1409200 902.4
1409210 895.9
1409220 895.9
1409230 892.8
1409240 896.2
1409250 896.2
1409260 899.7
1409270 903.2
1409280 903.2
1409290 911.5
1409300 919.5
1409310 919.5
1409320 926.8
1409330 930.7
1409340 934.3
1409350 934.3
1409360 939.4
1409370 944.0
1409380 944.0
1409390 949.9
1409400 954.4
1409410 954.4
1409420 958.5
1409430 964.1
1409440 964.1
1409450 970.7
1409460 973.2
1409470 973.2
1409480 977.6
1409490 979.1
1409500 979.1
1409510 979.2
1409520 979.5
1409530 979.5
1409540 980.9
1409550 983.2
1409560 983.2
1409570 986.7
1409580 990.5
1409590 992.3
1409600 992.3
1409610 994.0
1409620 996.8
1409630 996.8
1409640 1000.8
1409650 1004.7
1409660 1004.7
1409670 1008.2
1409680 1012.3
1409690 1012.3
1409700 1017.1
1409710 1022.2
1409720 1022.2
1409730 1024.8
1409740 1025.0
1409750 1025.0
1409760 1024.8
1409770 1025.5
1409780 1025.5
1409790 1027.2
1409800 1029.8
1409810 1029.8
1409820 1032.4
1409830 1035.0
1409840 1035.0
1409850 1037.7
1409860 1040.7
1409870 1043.1
1409880 1043.1
1409890 1045.3
1409900 1047.4
1409910 1047.4
1409920 1049.2
1409930 1050.7
1409940 1050.7
1409950 1052.7
1409960 1054.9
1409970 1054.9
1409980 1057.4
1409990 1059.8
1410000 1059.8
1410010 1062.0
1410020 1064.4
1410030 1064.4
1410040 1066.3
1410050 1069.0
1410060 1069.0
1410070 1072.0
1410080 1073.9
1410090 1073.9
1410100 1076.0
1410110 1078.1
1410120 1081.2
1410130 1081.2
1410140 1084.2
1410150 1086.8
1410160 1086.8
1410170 1088.2
1410180 1091.5
1410190 1091.5
1410200 1094.7
1410210 1097.7
1410220 1097.7
1410230 1100.3
1410240 1103.0
1410250 1103.0
1410260 1105.5
1410270 1108.1
1410280 1108.1
1410290 1111.0
1410300 1113.4
1410310 1113.4
1410320 1114.6
1410330 1116.3
1410340 1116.3
1410350 1117.3
1410360 1118.4
1410370 1119.4
1410380 1119.4
1410390 1119.4
1410400 1118.7
1410410 1118.7
1410420 1117.6
1410430 1116.4
1410440 1116.4
1410450 1115.8
1410460 1114.8
1410470 1114.8
1410480 1113.4
1410490 1111.8
1410500 1111.8
1410510 1109.7
1410520 1108.0
1410530 1108.0
1410540 1107.4
1410550 1106.7
1410560 1106.7
1410570 1106.4
1410580 1106.2
1410590 1106.2
1410600 1106.2
1410610 1106.2
1410620 1106.5
1410630 1106.5
1410640 1106.4
1410650 1106.4
1410660 1106.4
1410670 1106.7
1410680 1107.0
1410690 1107.0
1410700 1107.5
1410710 1106.1
1410720 1106.1
1410730 1105.3
1410740 1105.8
1410750 1105.8
1410760 1106.8
1410770 1107.3
1410780 1107.3
1410790 1107.4
1410800 1107.0
1410810 1107.0
1410820 1106.9
1410830 1107.0
1410840 1107.0
1410850 1106.4
1410860 1106.3
1410870 1106.3
1410880 1106.2
1410890 1106.1
1410900 1105.9
1410910 1105.9
1410920 1106.0
1410930 1104.8
1410940 1104.8
1410950 1104.1
1410960 1104.6
1410970 1109.5
1410980 1110.0
1410990 1111.0
1411000 1111.0
1411010 1111.2
1411020 1111.2
1411030 1111.2
1411040 1111.5
1411050 1110.2
1411060 1110.2
1411070 1109.8
1411080 1110.3
1411090 1110.3
1411100 1109.5
1411110 1108.8
1411120 1108.8
1411130 1109.0
1411140 1109.2
1411150 1109.2
1411160 1109.2
1411170 1109.3
1411180 1110.0
1411190 1110.0
1411200 1110.3
1411210 1110.7
1411220 1110.7
1411230 1110.5
1411240 1110.3
1411250 1110.3
1411260 1110.5
1411270 1110.8
1411280 1110.8
1411290 1110.6
1411300 1110.7
1411310 1110.7
1411320 1110.1
1411330 1107.6
1411340 1107.6
1411350 1106.9
1411360 1109.2
1411370 1109.2
1411380 1108.6
1411390 1107.4
1411400 1107.7
1411410 1107.7
1411420 1109.9
1411430 1113.6
1411440 1113.6
1411450 1117.0
1411460 1120.3
1411470 1120.3
1411480 1122.9
1411490 1125.2
1411500 1125.2
1411510 1126.8
1411520 1126.3
1411530 1126.3
1411540 1126.3
1411550 1128.0
1411560 1128.0
1411570 1126.9
1411580 1125.6
1411590 1125.6
1411600 1127.4
1411610 1127.4
1411620 1127.4
1411630 1123.8
1411640 1121.5
1411650 1121.5
1411660 1119.5
1411670 1117.7
1411680 1117.2
1411690 1117.2
1411700 1116.9
1411710 1115.2
1411720 1115.2
1411730 1113.0
1411740 1112.3
1411750 1112.3
1411760 1111.6
1411770 1109.4
1411780 1109.4
1411790 1105.5
1411800 1101.0
1411810 1101.0
1411820 1098.2
1411830 1095.3
1411840 1095.3
1411850 1092.1
1411860 1092.8
1411870 1092.8
1411880 1092.0
1411890 1090.4
1411900 1090.4
1411910 1089.5
1411920 1088.4
1411930 1086.9
1411940 1086.9
1411950 1083.9
1411960 1081.6
1411970 1081.6
1411980 1079.5
1411990 1078.8
1412000 1078.8
1412010 1077.8
1412020 1074.3
1412030 1074.3
1412040 1071.2
1412050 1067.3
1412060 1067.3
1412070 1063.3
1412080 1060.2
1412090 1060.2
1412100 1057.8
1412110 1056.2
1412120 1056.2
1412130 1054.5
1412140 1052.7
1412150 1052.7
1412160 1050.3
1412170 1046.6
1412180 1045.1
1412190 1045.1
1412200 1045.6
1412210 1045.9
1412220 1045.9
1412230 1046.5
1412240 1047.7
1412250 1047.7
1412260 1047.4
1412270 1046.9
1412280 1046.9
1412290 1046.5
1412300 1046.1
1412310 1046.1
1412320 1045.7
1412330 1045.7
1412340 1045.7
1412350 1045.2
1412360 1044.9
1412370 1044.9
1412380 1043.7
1412390 1045.6
1412400 1045.6
1412410 1046.8
1412420 1044.8
1412430 1042.0
1412440 1042.0
1412450 1040.4
1412460 1039.1
1412470 1039.1
1412480 1036.7
1412490 1034.4
1412500 1034.4
1412510 1031.7
1412520 1031.2
1412530 1031.2
1412540 1032.2
1412550 1031.6
1412560 1031.6
1412570 1029.8
1412580 1029.0
1412590 1029.0
1412600 1028.6
1412610 1029.0
1412620 1029.0
1412630 1030.2
1412640 1032.6
1412650 1032.6
1412660 1034.1
1412670 1035.4
1412680 1035.4
1412690 1038.2
1412700 1040.4
1412710 1042.3
1412720 1042.3
1412730 1048.1
1412740 1053.0
1412750 1053.0
1412760 1056.8
1412770 1060.9
1412780 1060.9
1412790 1066.3
1412800 1072.2
1412810 1072.2
1412820 1078.2
1412830 1077.6
1412840 1077.6
1412850 1075.8
1412860 1073.7
1412870 1073.7
1412880 1071.8
1412890 1070.1
1412900 1070.1
1412910 1068.1
1412920 1066.4
1412930 1066.4
1412940 1065.3
1412950 1064.3
1412960 1063.4
1412970 1063.4
1412980 1062.4
1412990 1062.1
1413000 1062.1
1413010 1061.9
1413020 1060.0
1413030 1060.0
1413040 1058.4
1413050 1056.9
1413060 1056.9
1413070 1054.8
1413080 1052.6
1413090 1052.6
1413100 1050.8
1413110 1050.0
1413120 1050.0
1413130 1048.0
1413140 1045.4
1413150 1045.4
1413160 1043.7
1413170 1042.1
1413180 1042.1
1413190 1039.5
1413200 1037.1
1413210 1034.6
1413220 1034.6
1413230 1031.6
1413240 1028.8
1413250 1028.8
1413260 1026.4
1413270 1023.4
1413280 1023.4
1413290 1020.2
1413300 1017.7
1413310 1017.7
1413320 1016.1
1413330 1015.3
1413340 1015.3
1413350 1015.6
1413360 1015.7
1413370 1015.7
1413380 1015.2
1413390 1015.7
1413400 1015.7
1413410 1017.8
1413420 1019.7
1413430 1019.7
1413440 1020.4
1413450 1019.4
1413460 1019.4
1413470 1017.6
1413480 1016.8
1413490 1015.4
1413500 1015.4
1413510 1014.2
1413520 1014.0
1413530 1014.0
1413540 1011.3
1413550 1002.7
1413560 1002.7
1413570 993.9
1413580 985.0
1413590 985.0
1413600 975.5
1413610 966.1
1413620 966.1
1413630 958.1
1413640 952.1
1413650 952.1
1413660 946.9
1413670 942.8
1413680 942.8
1413690 940.5
1413700 936.8
1413710 936.8
1413720 934.0
1413730 933.0
1413740 927.0
1413750 927.0
1413760 915.4
1413770 917.2
1413780 917.2
1413790 930.2
1413800 942.2
1413810 942.2
1413820 945.1
1413830 946.5
1413840 946.5
1413850 950.4
1413860 953.6
1413870 953.6
1413880 959.1
1413890 963.9
1413900 963.9
1413910 968.2
1413920 972.4
1413930 972.4
1413940 977.2
1413950 980.6
1413960 980.6
1413970 983.4
1413980 986.0
1413990 989.4
1414000 989.4
1414010 994.3
1414020 998.1
1414030 998.1
1414040 1001.9
1414050 1007.9
1414060 1007.9
1414070 1014.9
1414080 1021.0
1414090 1021.0
1414100 1025.4
1414110 1029.3
1414120 1029.3
1414130 1034.8
1414140 1040.1
1414150 1040.1
1414160 1044.5
1414170 1047.8
1414180 1047.8
1414190 1050.8
1414200 1056.6
1414210 1056.6
1414220 1062.7
1414230 1068.4
1414240 1073.2
1414250 1073.2
1414260 1076.2
1414270 1077.5
1414280 1077.5
1414290 1078.5
1414300 1079.9
1414310 1079.9
1414320 1081.3
1414330 1082.2
1414340 1082.2
1414350 1083.2
1414360 1083.6
1414370 1083.6
1414380 1085.3
1414390 1089.6
1414400 1089.6
1414410 1092.8
1414420 1096.2
1414430 1096.2
1414440 1101.1
1414450 1105.3
1414460 1105.3
1414470 1108.9
1414480 1114.4
1414490 1114.4
1414500 1121.9
1414510 1130.4
1414520 1136.4
1414530 1136.4
1414540 1139.1
1414550 1141.5
1414560 1141.5
1414570 1144.2
1414580 1146.5
1414590 1146.5
1414600 1148.5
1414610 1150.5
1414620 1150.5
1414630 1152.8
1414640 1154.7
1414650 1154.7
1414660 1157.0
1414670 1159.1
1414680 1159.1
1414690 1160.8
1414700 1162.6
1414710 1162.6
1414720 1164.6
1414730 1166.0
1414740 1166.0
1414750 1167.2
1414760 1168.3
1414770 1169.1
1414780 1169.1
1414790 1170.3
1414800 1171.8
1414810 1171.8
1414820 1173.3
1414830 1174.6
1414840 1174.6
1414850 1176.2
1414860 1177.9
1414870 1177.9
1414880 1179.2
1414890 1180.6
1414900 1180.6
1414910 1181.8
1414920 1182.2
1414930 1182.2
1414940 1182.0
1414950 1182.9
1414960 1182.9
1414970 1184.0
1414980 1185.0
1414990 1185.0
1415000 1185.7
1415010 1186.0
1415020 1185.9
1415030 1185.9
1415040 1186.0
1415050 1185.9
1415060 1185.9
1415070 1186.1
1415080 1186.6
1415090 1186.6
1415100 1186.5
1415110 1186.1
1415120 1186.1
1415130 1185.8
1415140 1185.7
1415150 1185.7
1415160 1185.5
1415170 1184.8
1415180 1184.8
1415190 1185.0
1415200 1186.0
1415210 1186.0
1415220 1186.1
1415230 1185.7
1415240 1185.7
1415250 1185.8
1415260 1185.8
1415270 1185.8
1415280 1186.0
1415290 1186.8
1415300 1187.4
1415310 1187.4
1415320 1187.9
1415330 1188.2
1415340 1188.2
1415350 1187.8
1415360 1187.0
1415370 1187.0
1415380 1186.1
1415390 1185.0
1415400 1185.0
1415410 1183.5
1415420 1183.0
1415430 1183.0
1415440 1182.3
1415450 1182.1
1415460 1182.1
1415470 1181.9
1415480 1180.5
1415490 1180.5
1415500 1179.3
1415510 1178.6
1415520 1178.6
1415530 1177.6
1415540 1176.8
1415550 1175.5
1415560 1175.5
1415570 1172.4
1415580 1171.2
1415590 1171.2
1415600 1172.7
1415610 1173.6
1415620 1173.6
1415630 1173.6
1415640 1173.5
1415650 1173.5
1415660 1173.4
1415670 1173.2
1415680 1173.2
1415690 1174.1
1415700 1175.1
1415710 1175.1
1415720 1175.5
1415730 1175.7
1415740 1175.7
1415750 1175.3
1415760 1174.0
1415770 1174.0
1415780 1172.8
1415790 1171.8
1415800 1170.8
1415810 1170.8
1415820 1170.3
1415830 1170.4
1415840 1170.4
1415850 1170.8
1415860 1171.5
1415870 1171.5
1415880 1172.3
1415890 1172.6
1415900 1172.6
1415910 1172.7
1415920 1172.9
1415930 1172.9
1415940 1173.2
1415950 1173.2
1415960 1173.2
1415970 1172.8
1415980 1172.7
1415990 1172.7
1416000 1172.5
1416010 1171.8
1416020 1171.8
1416030 1170.6
1416040 1169.0
1416050 1166.9
1416060 1166.9
1416070 1166.4
1416080 1165.9
1416090 1165.9
1416100 1164.3
1416110 1160.8
1416120 1160.8
1416130 1161.9
1416140 1167.0
1416150 1167.0
1416160 1169.6
1416170 1170.0
1416180 1170.0
1416190 1170.2
1416200 1170.5
1416210 1170.5
1416220 1171.1
1416230 1172.1
1416240 1172.1
1416250 1172.7
1416260 1173.0
1416270 1173.0
1416280 1173.2
1416290 1173.5
1416300 1173.5
1416310 1173.3
1416320 1173.3
1416330 1173.5
1416340 1173.5
1416350 1174.1
1416360 1177.4
1416370 1177.4
1416380 1178.1
1416390 1177.8
1416400 1177.8
1416410 1177.5
1416420 1177.5
1416430 1177.5
1416440 1177.2
1416450 1176.7
1416460 1176.7
1416470 1176.5
1416480 1176.1
1416490 1176.1
1416500 1175.7
1416510 1175.3
1416520 1175.3
1416530 1174.7
1416540 1174.2
1416550 1174.2
1416560 1173.9
1416570 1173.5
1416580 1173.3
1416590 1173.3
1416600 1172.8
1416610 1172.4
1416620 1172.4
1416630 1172.3
1416640 1172.1
1416650 1172.1
1416660 1171.8
1416670 1171.5
1416680 1171.5
1416690 1171.1
1416700 1170.6
1416710 1170.6
1416720 1169.9
1416730 1169.0
1416740 1169.0
1416750 1167.9
1416760 1167.0
1416770 1167.0
1416780 1166.2
1416790 1165.3
1416800 1165.3
1416810 1164.6
1416820 1163.7
1416830 1162.9
1416840 1162.9
1416850 1162.1
1416860 1161.4
1416870 1161.4
1416880 1160.6
1416890 1159.9
1416900 1159.9
1416910 1159.1
1416920 1158.1
1416930 1158.1
1416940 1157.2
1416950 1156.5
1416960 1156.5
1416970 1155.6
1416980 1154.4
1416990 1154.4
1417000 1152.9
1417010 1151.5
1417020 1151.5
1417030 1150.2
1417040 1148.6
1417050 1148.6
1417060 1147.0
1417070 1145.8
1417080 1145.8
1417090 1144.7
1417100 1143.6
1417110 1142.3
1417120 1142.3
1417130 1140.9
1417140 1139.5
1417150 1139.5
1417160 1137.8
1417170 1136.6
1417180 1136.6
1417190 1135.2
1417200 1133.6
1417210 1133.6
1417220 1132.1
1417230 1130.8
1417240 1130.8
1417250 1129.5
1417260 1128.1
1417270 1128.1
1417280 1126.6
1417290 1125.3
1417300 1125.3
1417310 1124.7
1417320 1124.6
1417330 1124.6
1417340 1124.5
1417350 1122.7
1417360 1119.8
1417370 1119.8
1417380 1117.5
1417390 1115.3
1417400 1115.3
1417410 1113.2
1417420 1111.6
1417430 1111.6
1417440 1109.9
1417450 1108.1
1417460 1108.1
1417470 1106.2
1417480 1104.4
1417490 1104.4
1417500 1101.3
1417510 1099.1
1417520 1099.1
1417530 1096.8
1417540 1094.7
1417550 1094.7
1417560 1093.1
1417570 1091.7
1417580 1091.7
1417590 1090.3
1417600 1088.2
1417610 1085.7
1417620 1085.7
1417630 1083.1
1417640 1080.6
1417650 1080.6
1417660 1077.5
1417670 1074.1
1417680 1074.1
1417690 1070.4
1417700 1066.6
1417710 1066.6
1417720 1062.8
1417730 1058.9
1417740 1058.9
1417750 1054.5
1417760 1050.6
1417770 1050.6
1417780 1047.3
1417790 1043.9
1417800 1043.9
1417810 1041.3
1417820 1037.6
1417830 1037.6
1417840 1034.1
1417850 1030.1
1417860 1027.3
1417870 1027.3
1417880 1023.7
1417890 1020.0
1417900 1020.0
1417910 1016.2
1417920 1012.7
1417930 1012.7
1417940 1009.7
1417950 1006.8
1417960 1006.8
1417970 1004.2
1417980 1002.3
1417990 1002.3
1418000 999.5
1418010 996.3
1418020 996.3
1418030 992.8
1418040 991.3
1418050 991.3
1418060 990.2
1418070 988.4
1418080 988.4
1418090 984.7
1418100 982.1
1418110 982.1
1418120 979.6
1418130 977.3
1418140 974.8
1418150 974.8
1418160 972.7
1418170 970.8
1418180 970.8
1418190 968.1
1418200 964.9
1418210 964.9
1418220 961.8
1418230 958.3
1418240 958.3
1418250 954.3
1418260 946.0
1418270 946.0
1418280 942.6
1418290 939.8
1418300 939.8
1418310 935.4
1418320 931.2
1418330 931.2
1418340 927.5
1418350 923.8
1418360 923.8
1418370 920.5
1418380 916.9
1418390 913.3
1418400 913.3
1418410 910.2
1418420 907.4
1418430 907.4
1418440 905.3
1418450 904.3
1418460 904.3
1418470 903.2
1418480 902.0
1418490 902.0
1418500 901.2
1418510 900.8
1418520 900.8
1418530 899.9
1418540 899.3
1418550 899.3
1418560 898.8
1418570 896.9
1418580 896.9
1418590 895.1
1418600 892.8
1418610 892.8
1418620 889.3
1418630 884.4
1418640 878.4
1418650 878.4
1418660 872.8
1418670 867.8
1418680 867.8
1418690 862.3
1418700 857.4
1418710 857.4
1418720 852.3
1418730 847.5
1418740 847.5
1418750 843.1
1418760 839.0
1418770 839.0
1418780 834.7
1418790 830.5
1418800 830.5
1418810 826.5
1418820 821.6
1418830 821.6
1418840 815.9
1418850 810.2
1418860 810.2
1418870 807.0
1418880 804.6
1418890 804.6
1418900 801.9
1418910 798.5
1418920 795.3
1418930 795.3
1418940 792.8
1418950 790.7
1418960 790.7
1418970 789.2
1418980 788.7
1418990 788.7
1419000 788.9
1419010 789.4
1419020 789.4
1419030 789.5
1419040 788.6
1419050 788.6
1419060 786.8
1419070 784.1
1419080 784.1
1419090 781.2
1419100 779.3
1419110 779.3
1419120 778.8
1419130 778.4
1419140 778.4
1419150 777.5
1419160 777.2
1419170 776.5
1419180 776.5
1419190 775.3
1419200 774.6
1419210 774.6
1419220 774.1
1419230 773.4
1419240 773.4
1419250 773.5
1419260 774.5
1419270 774.5
1419280 775.3
1419290 774.4
1419300 774.4
1419310 773.7
1419320 772.5
1419330 772.5
1419340 770.9
1419350 770.9
1419360 770.9
1419370 770.4
1419380 770.2
1419390 770.2
1419400 770.2
1419410 770.2
1419420 769.9
1419430 769.9
1419440 769.2
1419450 769.4
1419460 769.4
1419470 770.4
1419480 770.7
1419490 770.7
1419500 770.8
1419510 770.8
1419520 770.8
1419530 770.3
1419540 770.1
1419550 770.1
1419560 770.1
1419570 770.2
1419580 770.2
1419590 770.3
1419600 770.1
1419610 770.1
1419620 769.9
1419630 769.9
1419640 769.9
1419650 769.5
1419660 769.2
1419670 769.0
1419680 769.0
1419690 768.9
1419700 769.1
1419710 769.1
1419720 769.4
1419730 769.5
1419740 769.5
1419750 769.6
1419760 769.5
1419770 769.5
1419780 769.4
1419790 769.7
1419800 769.7
1419810 770.0
1419820 770.0
1419830 770.0
1419840 769.9
1419850 769.8
1419860 769.8
1419870 769.5
1419880 769.3
1419890 769.3
1419900 769.0
1419910 769.6
1419920 769.6
1419930 770.6
1419940 771.3
1419950 771.7
1419960 771.7
1419970 772.2
1419980 772.9
1419990 772.9
