1400000 775.3
1400010 775.4
1400020 775.4
1400030 775.4
1400040 775.5
1400050 775.5
1400060 775.5
1400070 775.6
1400080 775.6
1400090 775.6
1400100 775.4
1400110 774.9
1400120 774.9
1400130 774.0
1400140 773.9
1400150 773.9
1400160 773.9
1400170 773.9
1400180 773.9
1400190 773.7
1400200 773.6
1400210 773.6
1400220 773.6
1400230 773.6
1400240 773.6
1400250 773.7
1400260 773.6
1400270 773.6
1400280 773.6
1400290 773.5
1400300 773.5
1400310 773.5
1400320 773.4
1400330 773.3
1400340 773.3
1400350 773.2
1400360 773.1
1400370 773.1
1400380 773.1
1400390 773.1
1400400 773.1
1400410 773.0
1400420 772.9
1400430 772.9
1400440 772.9
1400450 772.8
1400460 772.8
1400470 772.7
1400480 772.7
1400490 772.7
1400500 772.7
1400510 772.7
1400520 772.7
1400530 772.7
1400540 772.6
1400550 772.6
1400560 772.6
1400570 772.6
1400580 772.5
1400590 772.5
1400600 772.5
1400610 772.5
1400620 772.5
1400630 772.5
1400640 772.4
1400650 772.4
1400660 772.4
1400670 772.4
1400680 772.4
1400690 772.3
1400700 772.3
1400710 772.3
1400720 772.2
1400730 772.1
1400740 772.1
1400750 772.1
1400760 772.0
1400770 772.0
1400780 771.9
1400790 771.8
1400800 771.8
1400810 771.8
1400820 771.8
1400830 771.8
1400840 771.8
1400850 771.8
1400860 771.7
1400870 771.7
1400880 771.7
1400890 771.6
1400900 771.6
1400910 771.6
1400920 771.6
1400930 771.6
1400940 771.5
1400950 771.5
1400960 771.5
1400970 771.5
1400980 771.5
1400990 771.5
1401000 771.4
1401010 771.4
1401020 771.4
1401030 771.4
1401040 771.4
1401050 771.4
1401060 771.4
1401070 771.4
1401080 771.4
1401090 771.4
1401100 771.4
1401110 771.3
1401120 771.3
1401130 771.2
1401140 771.2
1401150 771.2
1401160 771.3
1401170 771.3
1401180 771.3
1401190 771.4
1401200 771.5
1401210 771.5
1401220 771.6
1401230 771.7
1401240 771.7
1401250 771.8
1401260 771.9
1401270 771.9
1401280 771.9
1401290 772.0
1401300 772.0
1401310 772.0
1401320 772.2
1401330 772.2
1401340 772.3
1401350 772.5
1401360 772.6
1401370 772.6
1401380 772.6
1401390 772.6
1401400 772.6
1401410 772.7
1401420 772.7
1401430 772.7
1401440 772.7
1401450 772.6
1401460 772.6
1401470 772.6
1401480 772.6
1401490 772.6
1401500 772.7
1401510 772.7
1401520 772.7
1401530 772.7
1401540 772.6
1401550 772.6
1401560 772.7
1401570 772.6
1401580 772.6
1401590 772.6
1401600 772.7
1401610 772.8
1401620 772.8
1401630 772.8
1401640 773.0
1401650 773.0
1401660 773.2
1401670 773.4
1401680 773.4
1401690 773.4
1401700 773.5
1401710 773.5
1401720 773.5
1401730 773.4
1401740 773.4
1401750 773.6
1401760 773.7
1401770 773.7
1401780 773.6
1401790 773.8
1401800 773.8
1401810 773.8
1401820 773.8
1401830 773.8
1401840 773.7
1401850 773.8
1401860 773.9
1401870 773.9
1401880 773.9
1401890 774.0
1401900 774.0
1401910 774.0
1401920 774.0
1401930 774.0
1401940 773.9
1401950 773.9
1401960 773.9
1401970 773.9
1401980 773.9
1401990 773.9
1402000 773.8
1402010 773.8
1402020 773.8
1402030 773.7
1402040 773.8
1402050 773.8
1402060 773.7
1402070 773.6
1402080 773.6
1402090 773.6
1402100 773.4
1402110 773.4
1402120 773.5
1402130 773.3
1402140 773.5
1402150 773.5
1402160 773.4
1402170 773.3
1402180 773.3
1402190 773.2
1402200 772.9
1402210 772.9
1402220 772.8
1402230 772.7
1402240 772.7
1402250 772.6
1402260 772.5
1402270 772.5
1402280 772.4
1402290 772.4
1402300 772.4
1402310 772.4
1402320 772.3
1402330 772.3
1402340 772.2
1402350 772.2
1402360 772.2
1402370 772.1
1402380 772.1
1402390 772.1
1402400 772.1
1402410 772.0
1402420 771.9
1402430 771.9
1402440 771.9
1402450 773.5
1402460 773.5
1402470 773.5
1402480 773.5
1402490 773.5
1402500 773.4
1402510 773.4
1402520 773.4
1402530 773.4
1402540 773.4
1402550 773.4
1402560 773.4
1402570 773.5
1402580 773.5
1402590 773.5
1402600 773.5
1402610 773.5
1402620 773.4
1402630 773.4
1402640 773.4
1402650 773.4
1402660 773.4
1402670 773.5
1402680 773.5
1402690 773.5
1402700 773.6
1402710 773.6
1402720 773.6
1402730 773.5
1402740 773.5
1402750 773.5
1402760 773.4
1402770 773.4
1402780 773.4
1402790 773.3
1402800 773.3
1402810 773.2
1402820 773.2
1402830 773.2
1402840 773.2
1402850 773.2
1402860 773.2
1402870 773.2
1402880 773.1
1402890 773.1
1402900 773.1
1402910 773.1
1402920 773.0
1402930 773.0
1402940 773.1
1402950 773.1
1402960 773.1
1402970 773.2
1402980 773.2
1402990 773.2
1403000 773.2
1403010 773.1
1403020 773.1
1403030 772.9
1403040 772.6
1403050 772.6
1403060 772.1
1403070 771.5
1403080 771.5
1403090 771.1
1403100 770.9
1403110 770.9
1403120 770.7
1403130 770.7
1403140 770.7
1403150 770.7
1403160 770.3
1403170 770.1
1403180 770.1
1403190 770.0
1403200 769.9
1403210 769.9
1403220 769.9
1403230 769.8
1403240 769.8
1403250 769.8
1403260 769.7
1403270 769.7
1403280 769.7
1403290 769.6
1403300 769.6
1403310 769.7
1403320 769.7
1403330 769.7
1403340 769.7
1403350 769.6
1403360 769.6
1403370 769.6
1403380 769.6
1403390 769.6
1403400 769.5
1403410 769.5
1403420 769.5
1403430 769.5
1403440 769.5
1403450 769.5
1403460 769.5
1403470 769.5
1403480 769.5
1403490 769.5
1403500 769.5
1403510 769.6
1403520 769.6
1403530 769.6
1403540 769.6
1403550 769.6
1403560 769.6
1403570 769.7
1403580 769.7
1403590 769.7
1403600 769.8
1403610 769.8
1403620 769.7
1403630 769.7
1403640 769.7
1403650 769.7
1403660 769.6
1403670 769.6
1403680 769.5
1403690 769.5
1403700 769.5
1403710 769.5
1403720 769.6
1403730 769.6
1403740 769.6
1403750 769.6
1403760 769.7
1403770 769.7
1403780 769.8
1403790 769.7
1403800 769.7
1403810 769.7
1403820 769.7
1403830 769.7
1403840 769.6
1403850 769.6
1403860 769.6
1403870 769.6
1403880 769.6
1403890 769.6
1403900 769.6
1403910 769.7
1403920 769.7
1403930 770.2
1403940 770.2
1403950 770.2
1403960 770.2
1403970 770.1
1403980 770.2
1403990 770.2
1404000 770.3
1404010 770.3
1404020 770.2
1404030 770.1
1404040 770.1
1404050 770.1
1404060 770.4
1404070 770.7
1404080 770.7
1404090 770.5
1404100 770.5
1404110 770.5
1404120 770.5
1404130 770.5
1404140 770.5
1404150 770.4
1404160 770.5
1404170 770.5
1404180 770.7
1404190 770.7
1404200 770.7
1404210 770.7
1404220 770.7
1404230 770.6
1404240 770.6
1404250 770.4
1404260 770.7
1404270 770.7
1404280 770.7
1404290 770.9
1404300 770.9
1404310 771.5
1404320 771.9
1404330 771.9
1404340 772.0
1404350 771.2
1404360 771.2
1404370 769.4
1404380 768.0
1404390 768.0
1404400 767.6
1404410 767.6
1404420 767.6
1404430 767.7
1404440 768.2
1404450 768.2
1404460 769.9
1404470 771.1
1404480 771.4
1404490 771.4
1404500 771.1
1404510 770.5
1404520 770.5
1404530 770.5
1404540 770.3
1404550 770.3
1404560 770.3
1404570 770.5
1404580 770.5
1404590 770.5
1404600 770.6
1404610 770.6
1404620 770.6
1404630 770.6
1404640 770.6
1404650 770.5
1404660 770.2
1404670 770.2
1404680 770.1
1404690 770.2
1404700 770.2
1404710 770.3
1404720 770.3
1404730 770.3
1404740 770.2
1404750 770.3
1404760 770.5
1404770 770.5
1404780 770.6
1404790 770.5
1404800 770.5
1404810 770.5
1404820 770.4
1404830 770.4
1404840 770.1
1404850 770.1
1404860 770.1
1404870 770.5
1404880 770.6
1404890 770.6
1404900 770.8
1404910 770.9
1404920 770.9
1404930 771.1
1404940 771.3
1404950 771.3
1404960 771.4
1404970 771.6
1404980 771.6
1404990 771.8
1405000 772.0
1405010 771.7
1405020 771.7
1405030 771.4
1405040 771.1
1405050 771.1
1405060 770.8
1405070 770.5
1405080 770.5
1405090 770.1
1405100 769.9
1405110 769.9
1405120 769.7
1405130 769.6
1405140 769.6
1405150 769.6
1405160 769.6
1405170 769.6
1405180 769.6
1405190 769.6
1405200 769.6
1405210 769.5
1405220 769.5
1405230 769.5
1405240 769.5
1405250 769.5
1405260 769.5
1405270 769.5
1405280 769.6
1405290 770.0
1405300 770.0
1405310 770.4
1405320 770.3
1405330 770.3
1405340 769.1
1405350 767.6
1405360 767.6
1405370 767.1
1405380 767.1
1405390 767.1
1405400 767.0
1405410 767.4
1405420 767.4
1405430 768.7
1405440 770.4
1405450 770.4
1405460 771.1
1405470 770.8
1405480 770.8
1405490 770.1
1405500 769.5
1405510 769.5
1405520 769.2
1405530 769.1
1405540 769.1
1405550 769.1
1405560 769.1
1405570 769.1
1405580 769.1
1405590 769.1
1405600 769.3
1405610 769.3
1405620 769.5
1405630 769.6
1405640 769.6
1405650 769.7
1405660 770.0
1405670 770.0
1405680 768.6
1405690 769.9
1405700 769.9
1405710 770.1
1405720 770.2
1405730 770.2
1405740 770.4
1405750 770.7
1405760 770.7
1405770 771.8
1405780 772.0
1405790 771.7
1405800 771.7
1405810 770.8
1405820 770.8
1405830 770.8
1405840 771.0
1405850 771.0
1405860 771.0
1405870 770.9
1405880 771.0
1405890 771.0
1405900 771.0
1405910 771.1
1405920 771.1
1405930 771.1
1405940 771.0
1405950 771.0
1405960 770.9
1405970 770.9
1405980 770.9
1405990 770.9
1406000 770.9
1406010 770.9
1406020 770.8
1406030 770.1
1406040 770.1
1406050 770.0
1406060 769.7
1406070 769.5
1406080 769.5
1406090 769.5
1406100 769.5
1406110 769.5
1406120 769.6
1406130 769.6
1406140 769.6
1406150 769.8
1406160 769.9
1406170 769.9
1406180 769.7
1406190 769.5
1406200 769.5
1406210 769.6
1406220 768.8
1406230 768.8
1406240 768.6
1406250 768.6
1406260 768.6
1406270 768.5
1406280 768.5
1406290 768.5
1406300 768.7
1406310 768.8
1406320 768.9
1406330 768.9
1406340 768.8
1406350 768.3
1406360 768.3
1406370 767.9
1406380 767.7
1406390 767.7
1406400 767.7
1406410 767.7
1406420 767.7
1406430 767.6
1406440 767.5
1406450 767.5
1406460 767.5
1406470 767.4
1406480 767.4
1406490 767.3
1406500 767.3
1406510 767.3
1406520 767.2
1406530 767.1
1406540 767.1
1406550 767.1
1406560 767.0
1406570 767.0
1406580 767.0
1406590 767.0
1406600 766.9
1406610 766.9
1406620 766.9
1406630 766.8
1406640 766.8
1406650 766.8
1406660 766.7
1406670 766.7
1406680 766.7
1406690 766.8
1406700 766.8
1406710 766.8
1406720 766.8
1406730 766.8
1406740 766.8
1406750 766.7
1406760 766.7
1406770 766.7
1406780 766.6
1406790 766.6
1406800 766.5
1406810 766.6
1406820 766.6
1406830 766.6
1406840 766.6
1406850 766.6
1406860 766.6
1406870 766.6
1406880 766.6
1406890 766.6
1406900 766.5
1406910 766.5
1406920 766.5
1406930 766.5
1406940 766.6
1406950 766.6
1406960 766.4
1406970 766.4
1406980 766.4
1406990 766.4
1407000 766.4
1407010 766.4
1407020 766.5
1407030 766.8
1407040 766.8
1407050 766.7
1407060 766.6
1407070 766.6
1407080 766.5
1407090 766.5
1407100 766.5
1407110 766.5
1407120 766.5
1407130 766.5
1407140 766.5
1407150 766.5
1407160 766.4
1407170 766.4
1407180 766.4
1407190 766.4
1407200 766.4
1407210 766.5
1407220 766.4
1407230 766.4
1407240 766.4
1407250 766.4
1407260 766.5
1407270 766.4
1407280 766.5
1407290 766.5
1407300 766.5
1407310 766.4
1407320 766.4
1407330 766.4
1407340 766.4
1407350 766.4
1407360 766.4
1407370 766.4
1407380 766.5
1407390 766.5
1407400 767.6
1407410 768.3
1407420 768.3
1407430 768.3
1407440 767.9
1407450 767.9
1407460 767.2
1407470 766.4
1407480 766.4
1407490 766.7
1407500 767.0
1407510 767.0
1407520 767.0
1407530 767.0
1407540 767.0
1407550 767.0
1407560 767.0
1407570 767.0
1407580 767.2
1407590 767.4
1407600 767.4
1407610 769.1
1407620 767.8
1407630 767.7
1407640 767.7
1407650 767.8
1407660 767.8
1407670 767.8
1407680 768.3
1407690 768.9
1407700 768.9
1407710 769.0
1407720 768.6
1407730 768.6
1407740 768.6
1407750 768.5
1407760 768.5
1407770 768.6
1407780 768.6
1407790 768.6
1407800 768.6
1407810 768.5
1407820 768.5
1407830 768.5
1407840 768.3
1407850 768.3
1407860 768.3
1407870 768.7
1407880 769.0
1407890 769.0
1407900 768.9
1407910 769.2
1407920 769.2
1407930 770.4
1407940 770.8
1407950 770.8
1407960 771.1
1407970 771.6
1407980 771.6
1407990 771.7
1408000 772.0
1408010 772.0
1408020 772.9
1408030 773.0
1408040 773.0
1408050 773.5
1408060 774.2
1408070 774.2
1408080 774.3
1408090 775.3
1408100 775.3
1408110 775.6
1408120 775.6
1408130 775.6
1408140 775.6
1408150 775.6
1408160 775.5
1408170 775.5
1408180 775.5
1408190 775.6
1408200 775.6
1408210 775.6
1408220 775.7
1408230 775.7
1408240 775.8
1408250 776.1
1408260 776.1
1408270 776.0
1408280 775.9
1408290 775.9
1408300 775.8
1408310 776.1
1408320 776.1
1408330 776.1
1408340 776.0
1408350 776.0
1408360 776.2
1408370 776.3
1408380 776.3
1408390 776.5
1408400 776.7
1408410 776.9
1408420 776.9
1408430 777.3
1408440 777.6
1408450 777.6
1408460 777.8
1408470 777.9
1408480 777.9
1408490 778.3
1408500 778.9
1408510 778.9
1408520 779.2
1408530 779.1
1408540 779.1
1408550 778.9
1408560 779.1
1408570 779.1
1408580 779.5
1408590 779.7
1408600 779.7
1408610 779.8
1408620 779.9
1408630 779.9
1408640 780.0
1408650 780.2
1408660 780.2
1408670 780.4
1408680 780.6
1408690 780.7
1408700 780.7
1408710 780.8
1408720 781.1
1408730 781.1
1408740 781.2
1408750 781.1
1408760 781.1
1408770 781.0
1408780 781.1
1408790 781.1
1408800 781.1
1408810 781.1
1408820 781.1
1408830 781.2
1408840 780.9
1408850 780.9
1408860 780.6
1408870 780.2
1408880 780.2
1408890 779.9
1408900 779.6
1408910 779.6
1408920 779.3
1408930 779.7
1408940 779.8
1408950 779.8
1408960 779.4
1408970 778.9
1408980 778.9
1408990 778.5
1409000 778.1
1409010 778.1
1409020 777.8
1409030 777.5
1409040 777.5
1409050 777.2
1409060 776.9
1409070 776.9
1409080 776.8
1409090 776.7
1409100 776.7
1409110 776.7
1409120 776.6
1409130 776.6
1409140 776.5
1409150 776.3
1409160 776.3
1409170 776.1
1409180 775.8
1409190 775.5
1409200 775.5
1409210 775.2
1409220 775.0
1409230 775.0
1409240 774.7
1409250 774.6
1409260 774.6
1409270 774.3
1409280 774.0
1409290 774.0
1409300 773.7
1409310 773.4
1409320 773.4
1409330 773.4
1409340 773.1
1409350 773.1
1409360 773.3
1409370 773.5
1409380 773.5
1409390 773.3
1409400 773.2
1409410 773.2
1409420 772.9
1409430 772.7
1409440 772.7
1409450 772.3
1409460 771.9
1409470 771.8
1409480 771.8
1409490 771.8
1409500 771.8
1409510 771.8
1409520 771.7
1409530 771.7
1409540 771.7
1409550 771.7
1409560 771.7
1409570 771.7
1409580 771.8
1409590 771.7
1409600 771.7
1409610 771.6
1409620 771.7
1409630 771.7
1409640 771.6
1409650 771.0
1409660 771.0
1409670 770.6
1409680 770.4
1409690 770.4
1409700 770.3
1409710 770.2
1409720 770.0
1409730 770.0
1409740 769.9
1409750 769.8
1409760 769.8
1409770 769.6
1409780 769.5
1409790 769.5
1409800 769.4
1409810 769.5
1409820 769.5
1409830 769.9
1409840 769.9
1409850 769.9
1409860 770.0
1409870 770.4
1409880 770.4
1409890 770.2
1409900 769.8
1409910 769.8
1409920 769.4
1409930 769.1
1409940 769.1
1409950 768.8
1409960 768.6
1409970 768.6
1409980 768.5
1409990 768.4
1410000 768.1
1410010 768.1
1410020 767.9
1410030 767.8
1410040 767.8
1410050 767.6
1410060 767.5
1410070 767.5
1410080 767.4
1410090 767.3
1410100 767.3
1410110 767.2
1410120 767.1
1410130 767.1
1410140 767.1
1410150 767.1
1410160 767.1
1410170 767.1
1410180 767.0
1410190 767.0
1410200 766.9
1410210 766.9
1410220 766.9
1410230 766.8
1410240 766.7
1410250 766.6
1410260 766.6
1410270 766.6
1410280 766.5
1410290 766.5
1410300 766.3
1410310 766.2
1410320 766.2
1410330 766.0
1410340 765.9
1410350 765.9
1410360 765.9
1410370 765.8
1410380 765.8
1410390 765.7
1410400 765.6
1410410 765.6
1410420 765.5
1410430 765.4
1410440 765.4
1410450 765.3
1410460 765.2
1410470 765.2
1410480 765.2
1410490 765.2
1410500 765.2
1410510 765.2
1410520 765.2
1410530 765.3
1410540 765.3
1410550 765.3
1410560 765.3
1410570 765.3
1410580 765.3
1410590 765.4
1410600 765.4
1410610 765.3
1410620 765.3
1410630 765.3
1410640 765.3
1410650 765.3
1410660 765.3
1410670 765.3
1410680 765.3
1410690 765.3
1410700 765.2
1410710 765.1
1410720 765.1
1410730 765.0
1410740 764.9
1410750 764.9
1410760 764.8
1410770 764.7
1410780 764.8
1410790 764.8
1410800 765.1
1410810 765.2
1410820 765.2
1410830 765.2
1410840 765.2
1410850 765.2
1410860 765.2
1410870 765.2
1410880 765.2
1410890 765.1
1410900 765.0
1410910 765.0
1410920 764.8
1410930 764.7
1410940 764.7
1410950 764.6
1410960 764.5
1410970 764.5
1410980 764.5
1410990 764.5
1411000 764.5
1411010 764.4
1411020 764.4
1411030 764.3
1411040 764.3
1411050 764.2
1411060 764.2
1411070 764.2
1411080 764.2
1411090 764.2
1411100 764.2
1411110 764.2
1411120 764.1
1411130 764.1
1411140 764.1
1411150 764.1
1411160 764.1
1411170 764.1
1411180 764.1
1411190 764.1
1411200 764.1
1411210 764.1
1411220 764.1
1411230 764.1
1411240 764.2
1411250 764.2
1411260 764.2
1411270 764.2
1411280 764.2
1411290 764.3
1411300 764.3
1411310 764.3
1411320 764.3
1411330 764.3
1411340 764.4
1411350 764.4
1411360 764.5
1411370 764.5
1411380 764.5
1411390 764.6
1411400 764.6
1411410 764.6
1411420 764.5
1411430 764.6
1411440 764.6
1411450 764.6
1411460 764.8
1411470 764.8
1411480 765.0
1411490 765.1
1411500 765.1
1411510 764.7
1411520 764.5
1411530 764.5
1411540 764.3
1411550 764.2
1411560 764.1
1411570 764.1
1411580 764.0
1411590 764.0
1411600 764.0
1411610 763.9
1411620 763.9
1411630 763.9
1411640 763.9
1411650 763.8
1411660 763.8
1411670 763.7
1411680 763.6
1411690 763.6
1411700 763.6
1411710 763.6
1411720 763.6
1411730 763.5
1411740 763.5
1411750 763.5
1411760 763.5
1411770 763.5
1411780 763.5
1411790 763.4
1411800 763.4
1411810 763.4
1411820 763.4
1411830 763.4
1411840 763.3
1411850 763.3
1411860 763.3
1411870 763.2
1411880 763.2
1411890 763.2
1411900 763.2
1411910 763.2
1411920 763.2
1411930 763.2
1411940 763.2
1411950 763.2
1411960 763.3
1411970 763.3
1411980 763.5
1411990 763.4
1412000 763.4
1412010 762.8
1412020 762.6
1412030 762.6
1412040 762.4
1412050 762.3
1412060 762.3
1412070 762.1
1412080 762.1
1412090 762.1
1412100 762.1
1412110 762.2
1412120 762.3
1412130 762.3
1412140 762.2
1412150 762.2
1412160 762.2
1412170 762.1
1412180 762.0
1412190 762.0
1412200 761.9
1412210 761.9
1412220 761.9
1412230 761.9
1412240 761.8
1412250 761.8
1412260 761.8
1412270 761.9
1412280 761.9
1412290 761.8
1412300 761.9
1412310 761.9
1412320 761.9
1412330 761.9
1412340 761.8
1412350 761.8
1412360 761.8
1412370 761.8
1412380 761.8
1412390 761.8
1412400 761.8
1412410 761.8
1412420 761.8
1412430 761.8
1412440 761.8
1412450 761.8
1412460 761.8
1412470 761.8
1412480 761.8
1412490 761.8
1412500 761.8
1412510 761.8
1412520 761.7
1412530 761.7
1412540 761.8
1412550 761.8
1412560 761.8
1412570 761.8
1412580 761.8
1412590 761.8
1412600 761.8
1412610 761.7
1412620 761.7
1412630 761.7
1412640 761.7
1412650 761.7
1412660 761.7
1412670 761.7
1412680 761.8
1412690 761.8
1412700 761.8
1412710 761.9
1412720 761.9
1412730 761.9
1412740 761.9
1412750 761.9
1412760 762.0
1412770 762.0
1412780 762.0
1412790 762.2
1412800 762.4
1412810 762.4
1412820 762.6
1412830 762.7
1412840 762.7
1412850 762.9
1412860 763.2
1412870 763.3
1412880 763.3
1412890 763.3
1412900 763.3
1412910 763.3
1412920 763.4
1412930 763.7
1412940 763.7
1412950 764.1
1412960 764.9
1412970 764.9
1412980 766.2
1412990 765.9
1413000 765.9
1413010 765.0
1413020 764.7
1413030 764.7
1413040 764.5
1413050 764.4
1413060 764.4
1413070 764.4
1413080 764.5
1413090 764.5
1413100 764.5
1413110 764.5
1413120 764.5
1413130 764.5
1413140 764.4
1413150 764.4
1413160 764.4
1413170 764.4
1413180 764.5
1413190 764.5
1413200 764.4
1413210 764.3
1413220 764.3
1413230 764.5
1413240 764.4
1413250 764.4
1413260 764.4
1413270 764.7
1413280 764.7
1413290 765.0
1413300 764.7
1413310 764.7
1413320 764.3
1413330 764.0
1413340 764.0
1413350 764.0
1413360 764.0
1413370 764.0
1413380 764.1
1413390 764.0
1413400 764.1
1413410 764.1
1413420 764.2
1413430 764.1
1413440 764.1
1413450 764.0
1413460 764.0
1413470 764.0
1413480 764.0
1413490 764.1
1413500 764.1
1413510 764.2
1413520 764.3
1413530 764.3
1413540 764.3
1413550 764.5
1413560 764.5
1413570 764.6
1413580 764.7
1413590 764.7
1413600 764.8
1413610 764.8
1413620 764.8
1413630 764.9
1413640 765.1
1413650 764.6
1413660 764.6
1413670 764.6
1413680 764.5
1413690 764.5
1413700 764.4
1413710 764.0
1413720 764.0
1413730 764.0
1413740 763.9
1413750 763.9
1413760 763.7
1413770 763.3
1413780 763.3
1413790 763.0
1413800 762.4
1413810 762.4
1413820 762.1
1413830 762.1
1413840 762.1
1413850 762.1
1413860 761.6
1413870 761.6
1413880 760.1
1413890 758.8
1413900 758.8
1413910 758.4
1413920 758.4
1413930 758.5
1413940 758.5
1413950 758.9
1413960 760.1
1413970 760.1
1413980 761.4
1413990 761.8
1414000 761.8
1414010 761.8
1414020 761.7
1414030 761.7
1414040 761.6
1414050 761.5
1414060 761.5
1414070 761.5
1414080 761.5
1414090 761.5
1414100 761.5
1414110 761.5
1414120 761.5
1414130 761.4
1414140 761.4
1414150 761.4
1414160 761.5
1414170 761.4
1414180 761.4
1414190 761.4
1414200 761.4
1414210 761.4
1414220 761.4
1414230 761.4
1414240 761.4
1414250 761.4
1414260 761.3
1414270 761.2
1414280 761.2
1414290 761.2
1414300 761.0
1414310 761.0
1414320 761.0
1414330 761.0
1414340 761.0
1414350 761.0
1414360 760.9
1414370 760.9
1414380 760.8
1414390 760.7
1414400 760.7
1414410 760.6
1414420 760.6
1414430 760.5
1414440 760.5
1414450 760.4
1414460 760.4
1414470 760.4
1414480 760.3
1414490 760.2
1414500 760.2
1414510 760.2
1414520 760.1
1414530 760.1
1414540 760.0
1414550 759.8
1414560 759.8
1414570 760.0
1414580 760.1
1414590 760.1
1414600 760.2
1414610 760.3
1414620 760.3
1414630 760.3
1414640 760.3
1414650 760.3
1414660 760.2
1414670 759.6
1414680 759.6
1414690 759.7
1414700 760.0
1414710 760.2
1414720 760.2
1414730 760.1
1414740 759.8
1414750 759.8
1414760 759.6
1414770 759.7
1414780 759.7
1414790 760.2
1414800 760.1
1414810 760.1
1414820 760.0
1414830 759.9
1414840 759.9
1414850 759.8
1414860 759.8
1414870 759.8
1414880 759.6
1414890 759.7
1414900 759.7
1414910 759.7
1414920 759.7
1414930 759.7
1414940 759.6
1414950 759.6
1414960 759.6
1414970 759.6
1414980 759.5
1414990 759.5
1415000 759.5
1415010 759.5
1415020 759.4
1415030 759.4
1415040 759.4
1415050 759.4
1415060 759.4
1415070 759.4
1415080 759.4
1415090 759.4
1415100 759.4
1415110 759.5
1415120 759.5
1415130 759.5
1415140 759.4
1415150 759.4
1415160 759.4
1415170 759.4
1415180 759.4
1415190 759.4
1415200 759.4
1415210 759.4
1415220 759.4
1415230 759.5
1415240 759.4
1415250 759.4
1415260 759.4
1415270 759.5
1415280 759.5
1415290 759.4
1415300 759.4
1415310 759.4
1415320 759.4
1415330 759.3
1415340 759.3
1415350 759.3
1415360 759.3
1415370 759.3
1415380 759.3
1415390 759.3
1415400 759.3
1415410 759.3
1415420 759.2
1415430 759.2
1415440 759.2
1415450 759.2
1415460 759.2
1415470 759.2
1415480 759.1
1415490 759.1
1415500 759.1
1415510 759.2
1415520 759.2
1415530 759.2
1415540 759.2
1415550 759.2
1415560 759.2
1415570 759.1
1415580 759.2
1415590 759.2
1415600 759.2
1415610 759.2
1415620 759.2
1415630 759.2
1415640 759.2
1415650 759.2
1415660 759.2
1415670 759.3
1415680 759.3
1415690 759.3
1415700 759.2
1415710 759.2
1415720 759.1
1415730 759.1
1415740 759.2
1415750 759.2
1415760 759.1
1415770 759.1
1415780 759.1
1415790 759.1
1415800 759.1
1415810 759.1
1415820 759.1
1415830 759.1
1415840 759.1
1415850 759.0
1415860 758.9
1415870 758.9
1415880 758.9
1415890 758.8
1415900 758.8
1415910 758.9
1415920 758.9
1415930 758.9
1415940 758.9
1415950 759.0
1415960 759.0
1415970 759.0
1415980 759.1
1415990 758.9
1416000 759.0
1416010 759.0
1416020 759.0
1416030 759.0
1416040 759.0
1416050 759.0
1416060 759.0
1416070 759.1
1416080 759.2
1416090 759.2
1416100 759.4
1416110 759.2
1416120 759.2
1416130 759.2
1416140 759.3
1416150 759.3
1416160 759.3
1416170 759.3
1416180 759.3
1416190 759.3
1416200 759.3
1416210 759.3
1416220 759.2
1416230 759.2
1416240 759.2
1416250 759.2
1416260 759.1
1416270 759.0
1416280 759.0
1416290 758.9
1416300 758.8
1416310 758.8
1416320 758.7
1416330 758.6
1416340 758.6
1416350 758.6
1416360 758.5
1416370 758.5
1416380 758.6
1416390 758.6
1416400 758.6
1416410 758.6
1416420 758.6
1416430 758.6
1416440 758.6
1416450 758.6
1416460 758.6
1416470 758.7
1416480 758.7
1416490 758.7
1416500 758.7
1416510 758.8
1416520 758.7
1416530 758.7
1416540 758.6
1416550 758.4
1416560 758.4
1416570 757.9
1416580 758.0
1416590 758.0
1416600 758.5
1416610 758.8
1416620 758.8
1416630 758.9
1416640 758.8
1416650 758.8
1416660 758.7
1416670 758.6
1416680 758.6
1416690 758.6
1416700 758.6
1416710 758.6
1416720 758.6
1416730 758.6
1416740 758.6
1416750 758.6
1416760 758.5
1416770 758.5
1416780 758.5
1416790 758.5
1416800 758.5
1416810 758.5
1416820 758.4
1416830 758.4
1416840 758.4
1416850 758.4
1416860 758.4
1416870 758.4
1416880 758.4
1416890 758.5
1416900 758.5
1416910 758.4
1416920 758.5
1416930 758.5
1416940 758.5
1416950 758.4
1416960 758.4
1416970 758.5
1416980 758.5
1416990 758.5
1417000 758.5
1417010 758.6
1417020 758.6
1417030 758.6
1417040 758.5
1417050 758.6
1417060 758.6
1417070 758.7
1417080 758.6
1417090 758.6
1417100 758.4
1417110 758.3
1417120 758.3
1417130 758.3
1417140 758.2
1417150 758.2
1417160 758.1
1417170 758.3
1417180 758.3
1417190 758.5
1417200 758.7
1417210 758.7
1417220 758.6
1417230 758.5
1417240 758.5
1417250 758.4
1417260 758.3
1417270 758.3
1417280 758.3
1417290 758.4
1417300 758.4
1417310 758.3
1417320 758.2
1417330 758.2
1417340 758.2
1417350 758.3
1417360 758.2
1417370 758.2
1417380 758.2
1417390 758.2
1417400 758.2
1417410 758.2
1417420 758.2
1417430 758.2
1417440 758.1
1417450 758.1
1417460 758.1
1417470 758.2
1417480 758.2
1417490 758.2
1417500 758.1
1417510 757.9
1417520 757.9
1417530 757.7
1417540 757.7
1417550 757.7
1417560 757.7
1417570 757.7
1417580 757.8
1417590 757.8
1417600 757.8
1417610 757.8
1417620 757.8
1417630 757.8
1417640 757.8
1417650 757.8
1417660 757.8
1417670 757.8
1417680 757.8
1417690 757.8
1417700 757.7
1417710 757.7
1417720 757.7
1417730 757.7
1417740 757.7
1417750 757.8
1417760 757.8
1417770 757.8
1417780 757.8
1417790 757.8
1417800 757.8
1417810 757.8
1417820 757.8
1417830 757.8
1417840 757.8
1417850 757.8
1417860 757.8
1417870 757.9
1417880 757.8
1417890 757.8
1417900 757.8
1417910 757.8
1417920 758.0
1417930 758.0
1417940 758.1
1417950 758.2
1417960 758.2
1417970 758.4
1417980 758.5
1417990 758.5
1418000 758.6
1418010 758.6
1418020 758.6
1418030 757.7
1418040 756.0
1418050 756.0
1418060 754.8
1418070 754.5
1418080 754.5
1418090 754.5
1418100 754.5
1418110 754.5
1418120 754.5
1418130 755.7
1418140 757.0
1418150 757.0
1418160 757.8
1418170 758.0
1418180 758.0
1418190 758.0
1418200 757.9
1418210 757.9
1418220 757.7
1418230 757.6
1418240 757.6
1418250 757.5
1418260 757.4
1418270 757.4
1418280 757.3
1418290 757.3
1418300 757.3
1418310 757.2
1418320 757.2
1418330 757.2
1418340 757.1
1418350 757.1
1418360 757.0
1418370 757.0
1418380 757.0
1418390 757.0
1418400 757.0
1418410 757.0
1418420 757.0
1418430 757.0
1418440 757.0
1418450 757.2
1418460 757.2
1418470 757.2
1418480 757.3
1418490 757.3
1418500 757.2
1418510 757.1
1418520 757.1
1418530 757.0
1418540 757.0
1418550 757.0
1418560 757.0
1418570 757.0
1418580 757.0
1418590 757.0
1418600 757.0
1418610 757.0
1418620 757.0
1418630 757.0
1418640 756.9
1418650 756.9
1418660 756.9
1418670 756.9
1418680 756.9
1418690 756.8
1418700 756.8
1418710 756.8
1418720 756.8
1418730 756.9
1418740 756.9
1418750 756.8
1418760 756.8
1418770 756.8
1418780 756.7
1418790 756.8
1418800 756.8
1418810 756.7
1418820 756.7
1418830 756.7
1418840 756.7
1418850 756.7
1418860 756.7
1418870 756.7
1418880 756.7
1418890 756.7
1418900 756.7
1418910 756.7
1418920 756.7
1418930 756.7
1418940 756.8
1418950 757.1
1418960 757.1
1418970 756.9
1418980 757.0
1418990 757.0
1419000 757.0
1419010 757.0
1419020 757.0
1419030 757.0
1419040 757.0
1419050 757.0
1419060 757.1
1419070 757.2
1419080 757.2
1419090 757.2
1419100 757.3
1419110 757.3
1419120 757.2
1419130 757.1
1419140 756.9
1419150 756.9
1419160 756.7
1419170 756.4
1419180 756.4
1419190 756.2
1419200 756.1
1419210 756.1
1419220 756.0
1419230 756.4
1419240 756.4
1419250 756.4
1419260 756.4
1419270 756.4
1419280 756.7
1419290 756.8
1419300 756.8
1419310 756.8
1419320 756.8
1419330 756.8
1419340 756.8
1419350 756.9
1419360 756.9
1419370 756.9
1419380 757.0
1419390 757.0
1419400 757.0
1419410 757.0
1419420 757.0
1419430 757.0
1419440 757.1
1419450 757.2
1419460 757.2
1419470 757.2
1419480 757.3
1419490 757.3
1419500 757.4
1419510 757.5
1419520 757.5
1419530 757.7
1419540 757.7
1419550 757.7
1419560 757.7
1419570 758.2
1419580 758.2
1419590 760.3
1419600 760.2
1419610 760.2
1419620 760.6
1419630 760.7
1419640 760.7
1419650 760.0
1419660 758.2
1419670 758.2
1419680 758.2
1419690 758.1
1419700 758.1
1419710 758.1
1419720 758.0
1419730 758.1
1419740 758.1
1419750 758.2
1419760 758.3
1419770 758.3
1419780 758.4
1419790 758.5
1419800 758.5
1419810 758.6
1419820 758.6
1419830 758.6
1419840 758.7
1419850 758.8
1419860 758.8
1419870 758.9
1419880 758.9
1419890 758.9
1419900 759.0
1419910 759.0
1419920 759.0
1419930 759.1
1419940 759.2
1419950 759.4
1419960 759.4
1419970 760.0
1419980 759.9
1419990 759.9
