1400000 773.3
1400010 773.3
1400020 772.5
1400030 772.3
1400040 772.3
1400050 772.2
1400060 772.2
1400070 772.2
1400080 772.2
1400090 772.2
1400100 772.2
1400110 772.2
1400120 772.2
1400130 772.2
1400140 772.2
1400150 772.2
1400160 772.2
1400170 772.2
1400180 772.2
1400190 772.1
1400200 772.1
1400210 772.2
1400220 772.2
1400230 772.2
1400240 772.2
1400250 772.2
1400260 772.2
1400270 772.3
1400280 773.3
1400290 773.3
1400300 774.1
1400310 773.8
1400320 773.8
1400330 773.1
1400340 773.3
1400350 773.3
1400360 773.5
1400370 773.5
1400380 773.5
1400390 773.5
1400400 773.5
1400410 773.5
1400420 773.3
1400430 773.2
1400440 773.2
1400450 773.2
1400460 773.3
1400470 773.4
1400480 773.4
1400490 773.8
1400500 774.4
1400510 774.4
1400520 774.8
1400530 775.2
1400540 775.2
1400550 775.6
1400560 776.0
1400570 776.0
1400580 776.1
1400590 776.3
1400600 776.3
1400610 776.8
1400620 777.4
1400630 777.4
1400640 778.2
1400650 778.5
1400660 778.5
1400670 778.3
1400680 778.2
1400690 778.2
1400700 778.1
1400710 778.1
1400720 778.2
1400730 778.2
1400740 778.2
1400750 778.2
1400760 778.2
1400770 778.3
1400780 778.4
1400790 778.4
1400800 778.5
1400810 780.1
1400820 780.1
1400830 784.0
1400840 785.6
1400850 785.6
1400860 786.5
1400870 786.9
1400880 786.9
1400890 786.6
1400900 786.2
1400910 786.2
1400920 785.9
1400930 785.6
1400940 785.6
1400950 785.3
1400960 785.2
1400970 785.2
1400980 785.3
1400990 785.3
1401000 785.4
1401010 785.4
1401020 785.4
1401030 784.8
1401040 784.8
1401050 784.0
1401060 784.0
1401070 784.0
1401080 783.6
1401090 782.6
1401100 782.6
1401110 781.9
1401120 781.5
1401130 781.5
1401140 781.2
1401150 780.8
1401160 780.8
1401170 780.3
1401180 779.8
1401190 779.8
1401200 779.2
1401210 778.6
1401220 778.6
1401230 778.1
1401240 777.8
1401250 777.5
1401260 777.5
1401270 777.1
1401280 776.9
1401290 776.9
1401300 776.9
1401310 776.2
1401320 776.2
1401330 775.2
1401340 774.7
1401350 774.7
1401360 774.3
1401370 774.0
1401380 774.0
1401390 773.5
1401400 773.1
1401410 773.1
1401420 772.9
1401430 772.7
1401440 772.7
1401450 772.6
1401460 772.4
1401470 772.4
1401480 772.1
1401490 771.9
1401500 771.8
1401510 771.8
1401520 771.9
1401530 771.9
1401540 771.8
1401550 771.7
1401560 771.8
1401570 771.8
1401580 771.8
1401590 771.8
1401600 771.8
1401610 771.8
1401620 771.8
1401630 771.8
1401640 771.8
1401650 771.7
1401660 771.7
1401670 771.7
1401680 771.6
1401690 771.6
1401700 771.6
1401710 771.6
1401720 771.6
1401730 771.6
1401740 771.6
1401750 771.6
1401760 771.7
1401770 771.8
1401780 771.8
1401790 771.8
1401800 771.7
1401810 771.7
1401820 771.7
1401830 771.6
1401840 771.5
1401850 771.5
1401860 771.4
1401870 771.4
1401880 771.4
1401890 771.3
1401900 771.3
1401910 771.3
1401920 771.3
1401930 771.3
1401940 771.3
1401950 771.3
1401960 771.2
1401970 771.2
1401980 771.3
1401990 771.3
1402000 771.3
1402010 771.4
1402020 771.5
1402030 771.5
1402040 771.5
1402050 771.4
1402060 771.5
1402070 771.5
1402080 771.4
1402090 771.6
1402100 771.6
1402110 772.0
1402120 772.1
1402130 772.1
1402140 771.8
1402150 771.7
1402160 771.7
1402170 771.5
1402180 771.4
1402190 771.4
1402200 771.4
1402210 771.4
1402220 771.4
1402230 771.4
1402240 771.5
1402250 771.5
1402260 771.4
1402270 771.4
1402280 771.4
1402290 771.4
1402300 771.5
1402310 771.4
1402320 771.4
1402330 771.4
1402340 771.3
1402350 771.3
1402360 771.4
1402370 771.4
1402380 771.4
1402390 771.4
1402400 771.3
1402410 771.3
1402420 771.4
1402430 771.3
1402440 771.3
1402450 771.1
1402460 771.0
1402470 771.0
1402480 771.0
1402490 771.1
1402500 771.1
1402510 771.1
1402520 771.1
1402530 771.1
1402540 771.1
1402550 771.2
1402560 771.1
1402570 771.1
1402580 771.0
1402590 771.0
1402600 771.0
1402610 770.9
1402620 771.0
1402630 771.0
1402640 771.0
1402650 770.8
1402660 770.8
1402670 770.7
1402680 770.6
1402690 770.6
1402700 770.6
1402710 770.7
1402720 770.7
1402730 770.6
1402740 770.5
1402750 770.5
1402760 770.4
1402770 770.5
1402780 770.5
1402790 770.5
1402800 770.5
1402810 770.5
1402820 770.4
1402830 770.5
1402840 770.6
1402850 770.6
1402860 770.6
1402870 770.6
1402880 770.6
1402890 770.6
1402900 770.4
1402910 770.4
1402920 770.2
1402930 770.2
1402940 770.2
1402950 770.3
1402960 770.1
1402970 770.1
1402980 770.0
1402990 770.0
1403000 770.0
1403010 770.3
1403020 770.4
1403030 770.4
1403040 770.4
1403050 770.4
1403060 770.4
1403070 770.4
1403080 770.4
1403090 770.7
1403100 770.7
1403110 770.6
1403120 770.7
1403130 770.7
1403140 770.8
1403150 770.8
1403160 770.8
1403170 770.9
1403180 770.9
1403190 770.9
1403200 770.9
1403210 770.9
1403220 770.9
1403230 770.9
1403240 770.8
1403250 770.8
1403260 770.7
1403270 770.7
1403280 770.7
1403290 770.6
1403300 770.6
1403310 770.6
1403320 770.6
1403330 770.6
1403340 770.6
1403350 770.7
1403360 770.8
1403370 770.7
1403380 770.7
1403390 770.7
1403400 770.8
1403410 770.8
1403420 770.7
1403430 770.6
1403440 770.6
1403450 770.6
1403460 770.6
1403470 770.6
1403480 770.6
1403490 770.7
1403500 770.7
1403510 770.5
1403520 770.4
1403530 770.4
1403540 770.3
1403550 769.9
1403560 769.9
1403570 769.9
1403580 770.1
1403590 770.1
1403600 770.2
1403610 770.1
1403620 770.1
1403630 770.1
1403640 770.1
1403650 770.3
1403660 770.3
1403670 770.6
1403680 770.6
1403690 770.6
1403700 770.6
1403710 770.6
1403720 770.6
1403730 770.7
1403740 770.7
1403750 770.7
1403760 770.5
1403770 770.5
1403780 770.5
1403790 770.4
1403800 770.4
1403810 770.4
1403820 770.2
1403830 770.2
1403840 770.2
1403850 770.2
1403860 770.1
1403870 770.2
1403880 770.2
1403890 770.5
1403900 770.5
1403910 770.5
1403920 770.5
1403930 770.4
1403940 770.4
1403950 770.4
1403960 770.3
1403970 770.3
1403980 770.2
1403990 770.3
1404000 770.3
1404010 770.2
1404020 770.3
1404030 770.3
1404040 770.3
1404050 770.3
1404060 770.3
1404070 770.4
1404080 770.4
1404090 770.4
1404100 770.4
1404110 770.4
1404120 770.4
1404130 770.6
1404140 770.5
1404150 770.4
1404160 770.4
1404170 770.3
1404180 770.2
1404190 770.2
1404200 770.1
1404210 770.2
1404220 770.2
1404230 770.3
1404240 770.4
1404250 770.4
1404260 770.5
1404270 770.5
1404280 770.5
1404290 770.4
1404300 770.5
1404310 770.5
1404320 770.5
1404330 770.5
1404340 770.5
1404350 770.3
1404360 770.0
1404370 770.0
1404380 770.0
1404390 770.1
1404400 770.2
1404410 770.2
1404420 770.1
1404430 770.2
1404440 770.2
1404450 770.1
1404460 769.9
1404470 769.9
1404480 769.9
1404490 769.9
1404500 769.9
1404510 770.0
1404520 770.0
1404530 770.0
1404540 770.0
1404550 770.0
1404560 770.0
1404570 770.1
1404580 770.0
1404590 770.0
1404600 770.0
1404610 770.0
1404620 770.0
1404630 769.9
1404640 770.0
1404650 770.0
1404660 770.0
1404670 769.9
1404680 770.1
1404690 770.1
1404700 770.1
1404710 770.2
1404720 770.2
1404730 770.4
1404740 770.6
1404750 770.6
1404760 770.9
1404770 771.1
1404780 771.1
1404790 771.4
1404800 771.7
1404810 771.7
1404820 771.9
1404830 772.1
1404840 772.1
1404850 772.3
1404860 772.6
1404870 772.6
1404880 772.8
1404890 773.0
1404900 773.0
1404910 773.2
1404920 773.5
1404930 773.8
1404940 773.8
1404950 774.2
1404960 774.7
1404970 774.7
1404980 775.3
1404990 775.8
1405000 775.8
1405010 775.9
1405020 776.2
1405030 776.2
1405040 776.3
1405050 776.4
1405060 776.4
1405070 776.4
1405080 776.8
1405090 776.8
1405100 777.2
1405110 777.4
1405120 777.4
1405130 777.5
1405140 777.8
1405150 777.8
1405160 778.2
1405170 778.3
1405180 778.3
1405190 778.4
1405200 778.6
1405210 779.0
1405220 779.0
1405230 779.3
1405240 779.9
1405250 779.9
1405260 780.2
1405270 780.5
1405280 780.5
1405290 780.7
1405300 781.1
1405310 781.1
1405320 781.5
1405330 783.1
1405340 783.1
1405350 783.9
1405360 784.3
1405370 784.3
1405380 784.5
1405390 783.9
1405400 783.9
1405410 783.2
1405420 783.0
1405430 783.0
1405440 783.0
1405450 783.0
1405460 782.3
1405470 782.3
1405480 783.1
1405490 783.4
1405500 783.4
1405510 783.1
1405520 782.5
1405530 782.5
1405540 782.3
1405550 782.3
1405560 782.3
1405570 781.9
1405580 781.6
1405590 781.6
1405600 781.7
1405610 781.0
1405620 781.0
1405630 780.6
1405640 780.5
1405650 780.5
1405660 780.3
1405670 780.9
1405680 780.9
1405690 781.2
1405700 781.3
1405710 781.6
1405720 781.6
1405730 782.4
1405740 782.8
1405750 782.8
1405760 782.8
1405770 782.8
1405780 782.8
1405790 782.5
1405800 782.4
1405810 782.4
1405820 782.4
1405830 782.4
1405840 782.4
1405850 782.6
1405860 782.5
1405870 782.5
1405880 782.6
1405890 782.5
1405900 782.5
1405910 782.5
1405920 782.6
1405930 782.6
1405940 782.8
1405950 782.7
1405960 782.7
1405970 782.5
1405980 782.4
1405990 782.3
1406000 782.3
1406010 781.9
1406020 781.5
1406030 781.5
1406040 781.0
1406050 780.7
1406060 780.7
1406070 780.1
1406080 779.7
1406090 779.7
1406100 779.6
1406110 779.6
1406120 779.6
1406130 779.4
1406140 778.4
1406150 778.4
1406160 777.8
1406170 777.4
1406180 777.4
1406190 777.1
1406200 776.8
1406210 776.8
1406220 776.6
1406230 776.2
1406240 775.8
1406250 775.8
1406260 775.5
1406270 775.2
1406280 775.2
1406290 774.5
1406300 774.4
1406310 774.4
1406320 774.2
1406330 773.5
1406340 773.5
1406350 773.3
1406360 773.1
1406370 773.1
1406380 772.2
1406390 771.6
1406400 771.6
1406410 771.4
1406420 771.1
1406430 771.1
1406440 770.7
1406450 770.3
1406460 770.3
1406470 769.8
1406480 769.5
1406490 769.5
1406500 769.4
1406510 769.3
1406520 769.2
1406530 769.2
1406540 769.1
1406550 769.0
1406560 769.0
1406570 768.9
1406580 768.7
1406590 768.7
1406600 768.6
1406610 768.5
1406620 768.5
1406630 768.4
1406640 768.3
1406650 768.3
1406660 768.3
1406670 768.7
1406680 768.7
1406690 768.9
1406700 769.3
1406710 769.3
1406720 769.6
1406730 769.7
1406740 769.7
1406750 769.7
1406760 769.6
1406770 769.4
1406780 769.4
1406790 769.2
1406800 768.7
1406810 768.7
1406820 768.4
1406830 768.3
1406840 768.3
1406850 768.3
1406860 768.4
1406870 768.4
1406880 768.7
1406890 768.9
1406900 768.9
1406910 769.2
1406920 769.4
1406930 769.4
1406940 769.6
1406950 769.9
1406960 769.9
1406970 770.1
1406980 770.3
1406990 770.3
1407000 770.5
1407010 770.7
1407020 771.0
1407030 771.0
1407040 771.3
1407050 771.6
1407060 771.6
1407070 771.9
1407080 772.3
1407090 772.3
1407100 772.6
1407110 772.9
1407120 772.9
1407130 773.0
1407140 773.3
1407150 773.3
1407160 774.0
1407170 774.7
1407180 774.7
1407190 775.5
1407200 777.0
1407210 777.0
1407220 777.7
1407230 778.0
1407240 778.0
1407250 778.1
1407260 778.4
1407270 778.4
1407280 778.8
1407290 779.3
1407300 779.6
1407310 779.6
1407320 779.9
1407330 780.2
1407340 780.2
1407350 780.3
1407360 780.4
1407370 780.4
1407380 780.5
1407390 779.7
1407400 779.7
1407410 780.3
1407420 780.7
1407430 780.7
1407440 780.7
1407450 780.6
1407460 780.6
1407470 780.6
1407480 780.5
1407490 780.5
1407500 780.5
1407510 780.4
1407520 780.4
1407530 780.3
1407540 780.2
1407550 780.0
1407560 780.0
1407570 779.8
1407580 779.4
1407590 779.4
1407600 778.9
1407610 778.2
1407620 778.2
1407630 777.4
1407640 776.4
1407650 776.4
1407660 775.9
1407670 775.6
1407680 775.6
1407690 775.4
1407700 775.5
1407710 775.5
1407720 775.1
1407730 774.9
1407740 774.9
1407750 774.7
1407760 774.4
1407770 774.4
1407780 774.5
1407790 774.9
1407800 774.9
1407810 774.1
1407820 771.8
1407830 770.4
1407840 770.4
1407850 770.4
1407860 770.5
1407870 770.5
1407880 770.5
1407890 770.5
1407900 770.5
1407910 770.3
1407920 769.7
1407930 769.7
1407940 768.6
1407950 768.5
1407960 768.5
1407970 768.5
1407980 768.4
1407990 768.4
1408000 768.4
1408010 768.3
1408020 768.3
1408030 768.1
1408040 767.7
1408050 767.7
1408060 767.2
1408070 766.9
1408080 766.7
1408090 766.7
1408100 767.0
1408110 767.5
1408120 767.5
1408130 765.7
1408140 764.4
1408150 764.4
1408160 764.3
1408170 764.5
1408180 764.5
1408190 765.8
1408200 767.5
1408210 767.5
1408220 767.8
1408230 768.0
1408240 768.0
1408250 767.7
1408260 767.3
1408270 767.3
1408280 766.9
1408290 767.1
1408300 767.1
1408310 767.3
1408320 767.2
1408330 767.2
1408340 766.9
1408350 766.8
1408360 766.6
1408370 766.6
1408380 766.5
1408390 766.5
1408400 766.5
1408410 766.6
1408420 766.6
1408430 766.6
1408440 766.6
1408450 766.8
1408460 766.8
1408470 766.9
1408480 767.1
1408490 767.1
1408500 767.6
1408510 768.6
1408520 768.6
1408530 768.7
1408540 767.9
1408550 767.9
1408560 767.9
1408570 767.9
1408580 767.9
1408590 767.2
1408600 767.3
1408610 767.4
1408620 767.4
1408630 767.6
1408640 767.5
1408650 767.5
1408660 767.3
1408670 767.3
1408680 767.3
1408690 767.4
1408700 767.4
1408710 767.4
1408720 767.4
1408730 767.4
1408740 767.4
1408750 767.5
1408760 767.4
1408770 767.4
1408780 767.1
1408790 767.1
1408800 767.1
1408810 767.1
1408820 767.1
1408830 767.1
1408840 767.3
1408850 767.3
1408860 767.3
1408870 767.2
1408880 767.0
1408890 767.0
1408900 767.0
1408910 766.9
1408920 766.9
1408930 766.9
1408940 766.9
1408950 766.8
1408960 766.8
1408970 766.8
1408980 766.8
1408990 766.8
1409000 766.7
1409010 766.7
1409020 766.7
1409030 766.7
1409040 766.7
1409050 766.7
1409060 766.6
1409070 766.6
1409080 766.6
1409090 766.6
1409100 766.6
1409110 766.6
1409120 766.5
1409130 766.4
1409140 766.4
1409150 766.4
1409160 766.4
1409170 766.4
1409180 766.4
1409190 766.4
1409200 766.4
1409210 766.4
1409220 766.3
1409230 766.4
1409240 766.4
1409250 766.4
1409260 766.3
1409270 766.3
1409280 766.4
1409290 766.8
1409300 766.8
1409310 766.8
1409320 764.7
1409330 764.7
1409340 763.0
1409350 762.8
1409360 762.8
1409370 762.8
1409380 762.9
1409390 764.8
1409400 764.8
1409410 766.6
1409420 766.5
1409430 766.5
1409440 765.6
1409450 765.4
1409460 765.4
1409470 765.3
1409480 765.2
1409490 765.2
1409500 765.3
1409510 765.2
1409520 765.2
1409530 765.1
1409540 765.1
1409550 765.1
1409560 765.0
1409570 765.0
1409580 765.0
1409590 765.0
1409600 764.9
1409610 764.9
1409620 764.8
1409630 764.8
1409640 764.8
1409650 764.9
1409660 764.9
1409670 764.9
1409680 764.9
1409690 764.8
1409700 764.9
1409710 764.9
1409720 764.9
1409730 765.0
1409740 765.0
1409750 765.0
1409760 764.9
1409770 764.9
1409780 764.8
1409790 764.7
1409800 764.7
1409810 764.6
1409820 764.6
1409830 764.6
1409840 764.5
1409850 764.5
1409860 764.5
1409870 764.4
1409880 764.5
1409890 764.5
1409900 764.4
1409910 764.4
1409920 764.5
1409930 764.5
1409940 764.5
1409950 764.5
1409960 764.5
1409970 764.4
1409980 764.4
1409990 764.4
1410000 764.5
1410010 764.5
1410020 764.5
1410030 764.5
1410040 764.5
1410050 764.5
1410060 764.5
1410070 764.4
1410080 764.4
1410090 764.6
1410100 764.6
1410110 764.6
1410120 764.6
1410130 764.5
1410140 764.5
1410150 764.5
1410160 764.4
1410170 764.4
1410180 764.4
1410190 764.4
1410200 764.5
1410210 764.5
1410220 764.4
1410230 764.3
1410240 764.3
1410250 764.3
1410260 764.3
1410270 764.3
1410280 764.2
1410290 764.2
1410300 764.2
1410310 764.3
1410320 764.3
1410330 764.3
1410340 764.3
1410350 764.2
1410360 764.2
1410370 764.2
1410380 764.0
1410390 764.0
1410400 763.9
1410410 764.0
1410420 764.0
1410430 764.0
1410440 763.9
1410450 763.9
1410460 763.9
1410470 763.7
1410480 763.8
1410490 763.8
1410500 763.7
1410510 763.9
1410520 763.9
1410530 764.0
1410540 764.1
1410550 764.1
1410560 764.1
1410570 764.2
1410580 764.2
1410590 764.0
1410600 764.3
1410610 764.3
1410620 764.2
1410630 764.2
1410640 764.2
1410650 764.2
1410660 764.2
1410670 764.2
1410680 764.2
1410690 764.1
1410700 764.1
1410710 764.0
1410720 763.9
1410730 764.1
1410740 764.1
1410750 764.4
1410760 764.7
1410770 764.7
1410780 764.7
1410790 764.7
1410800 764.7
1410810 764.3
1410820 763.3
1410830 763.3
1410840 761.9
1410850 761.2
1410860 761.2
1410870 761.0
1410880 760.9
1410890 760.9
1410900 760.9
1410910 760.9
1410920 760.9
1410930 760.9
1410940 760.8
1410950 760.8
1410960 760.9
1410970 761.0
1410980 761.1
1410990 761.1
1411000 761.1
1411010 761.1
1411020 761.1
1411030 760.9
1411040 760.9
1411050 760.9
1411060 761.0
1411070 760.8
1411080 760.8
1411090 760.6
1411100 760.7
1411110 760.7
1411120 760.6
1411130 760.5
1411140 760.5
1411150 760.6
1411160 760.6
1411170 760.6
1411180 760.5
1411190 760.6
1411200 760.6
1411210 760.5
1411220 760.5
1411230 760.6
1411240 760.6
1411250 760.5
1411260 760.5
1411270 760.5
1411280 760.6
1411290 760.6
1411300 760.6
1411310 760.8
1411320 761.0
1411330 761.0
1411340 760.5
1411350 760.6
1411360 760.6
1411370 760.6
1411380 760.7
1411390 760.7
1411400 760.8
1411410 761.3
1411420 761.3
1411430 761.8
1411440 762.5
1411450 762.5
1411460 763.1
1411470 763.8
1411480 763.8
1411490 764.0
1411500 764.1
1411510 764.2
1411520 764.2
1411530 764.4
1411540 764.2
1411550 764.2
1411560 764.3
1411570 764.1
1411580 764.1
1411590 764.1
1411600 763.9
1411610 763.9
1411620 763.8
1411630 763.7
1411640 763.7
1411650 763.7
1411660 763.6
1411670 763.6
1411680 763.6
1411690 763.5
1411700 763.5
1411710 763.5
1411720 763.4
1411730 763.4
1411740 763.4
1411750 763.4
1411760 763.4
1411770 763.4
1411780 763.4
1411790 763.4
1411800 763.4
1411810 763.4
1411820 763.4
1411830 763.4
1411840 763.4
1411850 763.4
1411860 763.4
1411870 763.4
1411880 763.4
1411890 763.4
1411900 763.4
1411910 763.3
1411920 763.3
1411930 763.4
1411940 763.4
1411950 763.4
1411960 763.4
1411970 763.2
1411980 763.2
1411990 763.0
1412000 762.7
1412010 762.7
1412020 762.9
1412030 763.2
1412040 763.3
1412050 763.3
1412060 763.3
1412070 763.3
1412080 763.3
1412090 763.2
1412100 763.2
1412110 763.2
1412120 763.2
1412130 763.4
1412140 763.4
1412150 763.5
1412160 763.6
1412170 763.6
1412180 763.8
1412190 764.0
1412200 764.0
1412210 764.2
1412220 764.5
1412230 764.5
1412240 765.5
1412250 766.3
1412260 766.3
1412270 766.1
1412280 765.8
1412290 765.8
1412300 765.8
1412310 765.7
1412320 765.5
1412330 765.5
1412340 765.4
1412350 765.4
1412360 765.4
1412370 765.5
1412380 765.7
1412390 765.7
1412400 766.3
1412410 766.5
1412420 766.5
1412430 766.5
1412440 766.6
1412450 766.6
1412460 766.8
1412470 767.1
1412480 767.1
1412490 767.3
1412500 767.5
1412510 767.5
1412520 767.6
1412530 766.7
1412540 766.7
1412550 766.5
1412560 766.4
1412570 766.4
1412580 766.4
1412590 766.4
1412600 766.5
1412610 766.5
1412620 766.5
1412630 766.5
1412640 766.5
1412650 766.4
1412660 766.3
1412670 766.3
1412680 766.1
1412690 765.9
1412700 765.9
1412710 765.8
1412720 765.8
1412730 765.8
1412740 765.8
1412750 765.8
1412760 765.8
1412770 765.6
1412780 765.6
1412790 765.6
1412800 765.6
1412810 765.6
1412820 765.2
1412830 765.2
1412840 765.1
1412850 765.0
1412860 765.0
1412870 764.9
1412880 764.8
1412890 764.8
1412900 764.7
1412910 765.1
1412920 765.1
1412930 765.3
1412940 764.3
1412950 764.3
1412960 763.7
1412970 763.1
1412980 763.1
1412990 762.8
1413000 762.8
1413010 762.8
1413020 762.8
1413030 762.8
1413040 762.8
1413050 762.8
1413060 762.8
1413070 762.8
1413080 762.8
1413090 762.8
1413100 763.0
1413110 763.0
1413120 763.3
1413130 763.3
1413140 763.3
1413150 763.2
1413160 763.2
1413170 763.2
1413180 763.2
1413190 763.2
1413200 763.2
1413210 763.4
1413220 763.9
1413230 763.9
1413240 764.1
1413250 764.2
1413260 764.2
1413270 764.2
1413280 764.2
1413290 764.2
1413300 764.2
1413310 764.3
1413320 764.3
1413330 764.4
1413340 764.4
1413350 764.5
1413360 764.5
1413370 764.6
1413380 764.8
1413390 764.8
1413400 765.1
1413410 766.0
1413420 766.0
1413430 766.8
1413440 767.2
1413450 767.2
1413460 767.6
1413470 767.4
1413480 767.4
1413490 766.9
1413500 766.5
1413510 766.5
1413520 766.0
1413530 765.8
1413540 765.8
1413550 765.2
1413560 764.5
1413570 764.5
1413580 764.3
1413590 764.4
1413600 764.3
1413610 764.3
1413620 764.0
1413630 763.5
1413640 763.5
1413650 763.1
1413660 762.9
1413670 762.9
1413680 762.7
1413690 762.4
1413700 762.4
1413710 762.1
1413720 761.9
1413730 761.9
1413740 761.7
1413750 761.6
1413760 761.6
1413770 761.5
1413780 761.4
1413790 761.4
1413800 761.4
1413810 761.2
1413820 761.2
1413830 761.1
1413840 761.0
1413850 761.0
1413860 760.9
1413870 760.9
1413880 760.9
1413890 760.9
1413900 760.8
1413910 760.8
1413920 760.8
1413930 760.8
1413940 760.7
1413950 760.7
1413960 760.7
1413970 760.6
1413980 760.6
1413990 760.6
1414000 760.6
1414010 760.6
1414020 760.6
1414030 760.6
1414040 760.6
1414050 760.5
1414060 760.5
1414070 760.5
1414080 760.4
1414090 760.4
1414100 760.4
1414110 760.4
1414120 760.4
1414130 760.4
1414140 760.4
1414150 760.4
1414160 760.3
1414170 760.3
1414180 760.3
1414190 760.2
1414200 760.2
1414210 760.2
1414220 760.2
1414230 760.2
1414240 760.2
1414250 760.2
1414260 760.2
1414270 760.3
1414280 760.3
1414290 760.3
1414300 760.2
1414310 760.1
1414320 760.1
1414330 760.1
1414340 760.1
1414350 760.1
1414360 760.0
1414370 760.1
1414380 760.1
1414390 760.1
1414400 760.1
1414410 760.0
1414420 760.0
1414430 760.0
1414440 759.9
1414450 759.9
1414460 759.9
1414470 759.9
1414480 759.9
1414490 759.9
1414500 759.9
1414510 759.9
1414520 760.0
1414530 760.0
1414540 760.0
1414550 760.3
1414560 760.5
1414570 760.5
1414580 760.3
1414590 760.0
1414600 760.0
1414610 760.0
1414620 759.9
1414630 759.9
1414640 759.9
1414650 759.9
1414660 759.9
1414670 759.9
1414680 759.9
1414690 759.8
1414700 759.8
1414710 759.8
1414720 759.8
1414730 759.8
1414740 759.8
1414750 759.7
1414760 759.7
1414770 759.7
1414780 759.7
1414790 759.7
1414800 759.8
1414810 759.7
1414820 759.7
1414830 759.7
1414840 759.6
1414850 759.6
1414860 759.6
1414870 759.6
1414880 759.6
1414890 759.7
1414900 759.6
1414910 759.6
1414920 759.6
1414930 759.6
1414940 759.6
1414950 759.6
1414960 759.5
1414970 759.4
1414980 759.4
1414990 759.3
1415000 759.2
1415010 759.2
1415020 759.2
1415030 759.2
1415040 759.2
1415050 759.2
1415060 759.2
1415070 759.2
1415080 759.2
1415090 759.3
1415100 759.3
1415110 759.3
1415120 759.4
1415130 759.4
1415140 759.4
1415150 759.4
1415160 759.4
1415170 759.4
1415180 759.4
1415190 759.2
1415200 759.2
1415210 758.9
1415220 758.9
1415230 758.9
1415240 759.2
1415250 759.4
1415260 759.4
1415270 759.1
1415280 758.8
1415290 758.8
1415300 759.3
1415310 759.6
1415320 759.6
1415330 759.7
1415340 759.7
1415350 759.7
1415360 759.7
1415370 759.5
1415380 759.5
1415390 759.4
1415400 759.4
1415410 759.4
1415420 759.3
1415430 759.5
1415440 759.5
1415450 759.5
1415460 759.2
1415470 759.2
1415480 759.2
1415490 759.2
1415500 759.2
1415510 759.2
1415520 759.2
1415530 759.3
1415540 759.3
1415550 759.3
1415560 759.3
1415570 759.3
1415580 759.3
1415590 759.5
1415600 759.5
1415610 759.6
1415620 759.7
1415630 759.7
1415640 759.8
1415650 760.1
1415660 760.1
1415670 760.7
1415680 761.1
1415690 761.1
1415700 761.2
1415710 761.1
1415720 760.8
1415730 760.8
1415740 760.3
1415750 759.8
1415760 759.8
1415770 759.6
1415780 759.4
1415790 759.4
1415800 759.3
1415810 759.1
1415820 759.1
1415830 759.0
1415840 758.9
1415850 758.9
1415860 758.8
1415870 758.8
1415880 758.8
1415890 758.7
1415900 758.7
1415910 758.7
1415920 758.6
1415930 758.6
1415940 758.6
1415950 758.6
1415960 758.6
1415970 758.6
1415980 758.6
1415990 758.5
1416000 758.5
1416010 758.5
1416020 758.5
1416030 758.5
1416040 758.5
1416050 758.5
1416060 758.5
1416070 758.5
1416080 758.5
1416090 758.4
1416100 758.4
1416110 758.4
1416120 758.4
1416130 758.4
1416140 758.5
1416150 758.5
1416160 758.5
1416170 758.5
1416180 758.4
1416190 758.4
1416200 758.4
1416210 758.4
1416220 758.4
1416230 758.5
1416240 758.4
1416250 758.4
1416260 758.4
1416270 758.4
1416280 758.3
1416290 758.3
1416300 758.3
1416310 758.3
1416320 758.3
1416330 758.2
1416340 758.2
1416350 758.2
1416360 758.2
1416370 758.1
1416380 758.1
1416390 758.1
1416400 758.2
1416410 758.2
1416420 758.2
1416430 758.2
1416440 758.2
1416450 758.2
1416460 758.2
1416470 758.2
1416480 758.2
1416490 758.2
1416500 758.1
1416510 758.1
1416520 758.1
1416530 758.2
1416540 758.2
1416550 758.3
1416560 758.3
1416570 758.3
1416580 758.3
1416590 758.3
1416600 758.3
1416610 758.3
1416620 758.2
1416630 758.2
1416640 758.2
1416650 758.2
1416660 758.2
1416670 758.2
1416680 758.2
1416690 758.2
1416700 758.2
1416710 758.3
1416720 758.3
1416730 758.3
1416740 758.2
1416750 758.2
1416760 758.0
1416770 757.9
1416780 757.9
1416790 757.9
1416800 757.8
1416810 757.8
1416820 757.8
1416830 757.7
1416840 757.7
1416850 757.7
1416860 757.7
1416870 757.7
1416880 757.7
1416890 757.7
1416900 757.6
1416910 757.6
1416920 757.6
1416930 757.7
1416940 757.7
1416950 757.6
1416960 757.6
1416970 757.6
1416980 757.6
1416990 757.6
1417000 757.6
1417010 757.6
1417020 757.6
1417030 757.6
1417040 757.6
1417050 757.6
1417060 757.5
1417070 757.5
1417080 757.5
1417090 757.5
1417100 757.5
1417110 757.5
1417120 757.6
1417130 757.6
1417140 757.6
1417150 757.7
1417160 757.7
1417170 757.6
1417180 757.6
1417190 757.6
1417200 757.6
1417210 757.8
1417220 757.8
1417230 757.8
1417240 757.6
1417250 757.6
1417260 757.6
1417270 757.8
1417280 757.8
1417290 757.8
1417300 757.9
1417310 758.1
1417320 758.1
1417330 758.1
1417340 758.2
1417350 758.2
1417360 758.3
1417370 758.4
1417380 758.4
1417390 758.4
1417400 758.3
1417410 758.3
1417420 758.1
1417430 757.7
1417440 757.7
1417450 756.8
1417460 756.4
1417470 756.4
1417480 756.3
1417490 756.3
1417500 756.3
1417510 756.1
1417520 756.1
1417530 756.1
1417540 756.1
1417550 756.1
1417560 756.1
1417570 756.1
1417580 756.4
1417590 756.8
1417600 756.8
1417610 757.3
1417620 757.3
1417630 757.3
1417640 757.5
1417650 757.5
1417660 757.5
1417670 757.4
1417680 757.4
1417690 757.4
1417700 757.3
1417710 757.3
1417720 757.3
1417730 757.4
1417740 757.3
1417750 757.3
1417760 757.3
1417770 757.4
1417780 757.4
1417790 757.5
1417800 757.5
1417810 757.5
1417820 757.5
1417830 757.5
1417840 757.5
1417850 757.5
1417860 757.4
1417870 757.5
1417880 757.5
1417890 757.6
1417900 757.7
1417910 757.7
1417920 757.7
1417930 757.6
1417940 757.6
1417950 757.1
1417960 756.9
1417970 756.9
1417980 756.8
1417990 756.6
1418000 756.6
1418010 756.5
1418020 756.7
1418030 756.7
1418040 757.0
1418050 757.5
1418060 757.5
1418070 757.5
1418080 757.5
1418090 757.5
1418100 757.5
1418110 757.5
1418120 757.5
1418130 757.5
1418140 757.5
1418150 757.5
1418160 757.5
1418170 757.5
1418180 757.4
1418190 757.4
1418200 757.4
1418210 757.4
1418220 757.4
1418230 757.4
1418240 757.4
1418250 757.4
1418260 757.4
1418270 757.4
1418280 757.4
1418290 757.4
1418300 757.5
1418310 757.5
1418320 757.6
1418330 757.6
1418340 757.5
1418350 757.5
1418360 757.0
1418370 755.6
1418380 755.6
1418390 755.3
1418400 755.3
1418410 755.3
1418420 755.3
1418430 755.3
1418440 755.3
1418450 755.4
1418460 757.0
1418470 757.0
1418480 757.6
1418490 757.4
1418500 757.4
1418510 757.2
1418520 757.2
1418530 757.2
1418540 757.1
1418550 757.0
1418560 757.0
1418570 756.9
1418580 756.9
1418590 756.9
1418600 756.9
1418610 756.9
1418620 756.8
1418630 756.8
1418640 756.7
1418650 756.7
1418660 756.8
1418670 756.8
1418680 756.8
1418690 756.8
1418700 756.7
1418710 756.6
1418720 756.6
1418730 756.7
1418740 756.7
1418750 756.7
1418760 756.8
1418770 756.7
1418780 756.7
1418790 756.7
1418800 756.6
1418810 756.6
1418820 756.6
1418830 756.5
1418840 756.5
1418850 756.4
1418860 756.4
1418870 756.3
1418880 756.3
1418890 756.3
1418900 756.3
1418910 756.3
1418920 756.3
1418930 756.3
1418940 756.3
1418950 756.2
1418960 756.2
1418970 756.2
1418980 756.2
1418990 756.3
1419000 756.3
1419010 756.3
1419020 756.3
1419030 756.3
1419040 756.3
1419050 756.3
1419060 756.3
1419070 756.3
1419080 756.3
1419090 756.3
1419100 756.2
1419110 756.2
1419120 756.1
1419130 756.1
1419140 756.1
1419150 756.1
1419160 756.1
1419170 756.1
1419180 756.2
1419190 756.2
1419200 756.2
1419210 756.2
1419220 756.2
1419230 756.2
1419240 756.2
1419250 756.2
1419260 756.2
1419270 756.1
1419280 756.1
1419290 756.2
1419300 756.3
1419310 756.3
1419320 756.4
1419330 756.4
1419340 756.4
1419350 756.4
1419360 756.4
1419370 756.4
1419380 756.6
1419390 756.8
1419400 757.1
1419410 757.1
1419420 757.2
1419430 757.4
1419440 757.4
1419450 757.5
1419460 757.6
1419470 757.6
1419480 757.5
1419490 756.2
1419500 756.2
1419510 754.3
1419520 753.8
1419530 753.8
1419540 753.8
1419550 754.2
1419560 754.2
1419570 756.6
1419580 757.7
1419590 757.7
1419600 757.7
1419610 755.6
1419620 755.6
1419630 757.0
1419640 757.1
1419650 756.9
1419660 756.9
1419670 757.2
1419680 757.7
1419690 757.7
1419700 757.8
1419710 757.9
1419720 757.9
1419730 757.8
1419740 757.7
1419750 757.7
1419760 757.6
1419770 757.6
1419780 757.6
1419790 757.6
1419800 757.7
1419810 757.7
1419820 757.8
1419830 757.4
1419840 757.4
1419850 757.1
1419860 757.3
1419870 757.3
1419880 757.5
1419890 757.7
1419900 757.7
1419910 757.9
1419920 758.4
1419930 759.2
1419940 759.2
1419950 758.3
1419960 759.2
1419970 759.2
1419980 759.0
1419990 758.9
