1400000 774.5
1400010 774.5
1400020 774.4
1400030 774.3
1400040 774.3
1400050 774.2
1400060 773.9
1400070 773.9
1400080 773.7
1400090 773.7
1400100 774.4
1400110 774.4
1400120 774.8
1400130 774.7
1400140 774.7
1400150 774.7
1400160 774.7
1400170 774.7
1400180 774.5
1400190 774.4
1400200 774.4
1400210 774.4
1400220 774.6
1400230 774.6
1400240 774.8
1400250 774.8
1400260 774.8
1400270 774.8
1400280 774.8
1400290 774.8
1400300 774.6
1400310 774.5
1400320 774.5
1400330 774.5
1400340 774.4
1400350 774.7
1400360 774.7
1400370 775.3
1400380 775.2
1400390 775.2
1400400 774.3
1400410 774.2
1400420 774.2
1400430 774.3
1400440 774.4
1400450 774.4
1400460 774.6
1400470 775.2
1400480 775.2
1400490 775.9
1400500 776.2
1400510 776.2
1400520 776.5
1400530 777.0
1400540 777.0
1400550 777.5
1400560 778.2
1400570 778.2
1400580 779.0
1400590 780.3
1400600 781.0
1400610 781.0
1400620 781.6
1400630 782.7
1400640 782.7
1400650 783.8
1400660 784.6
1400670 784.6
1400680 785.5
1400690 786.3
1400700 786.3
1400710 787.3
1400720 788.2
1400730 788.2
1400740 789.2
1400750 790.0
1400760 790.0
1400770 791.0
1400780 792.6
1400790 792.6
1400800 793.2
1400810 794.2
1400820 794.2
1400830 795.3
1400840 796.3
1400850 796.3
1400860 796.8
1400870 796.9
1400880 797.6
1400890 797.6
1400900 798.0
1400910 797.9
1400920 797.9
1400930 797.6
1400940 797.3
1400950 797.3
1400960 797.3
1400970 797.1
1400980 797.1
1400990 796.8
1401000 796.2
1401010 796.2
1401020 796.2
1401030 796.2
1401040 796.2
1401050 796.2
1401060 796.1
1401070 796.1
1401080 795.8
1401090 794.9
1401100 794.9
1401110 793.7
1401120 792.5
1401130 791.6
1401140 791.6
1401150 790.6
1401160 789.6
1401170 789.6
1401180 788.9
1401190 788.3
1401200 788.3
1401210 787.3
1401220 786.2
1401230 786.2
1401240 785.5
1401250 784.8
1401260 784.8
1401270 783.3
1401280 782.6
1401290 782.6
1401300 782.0
1401310 781.5
1401320 781.5
1401330 781.1
1401340 780.8
1401350 780.8
1401360 780.5
1401370 780.2
1401380 780.2
1401390 779.8
1401400 779.3
1401410 778.5
1401420 778.5
1401430 777.5
1401440 776.7
1401450 776.7
1401460 776.2
1401470 775.8
1401480 775.8
1401490 775.5
1401500 775.3
1401510 775.3
1401520 774.9
1401530 774.4
1401540 774.4
1401550 774.5
1401560 774.4
1401570 774.4
1401580 774.1
1401590 774.1
1401600 774.1
1401610 774.1
1401620 774.0
1401630 774.0
1401640 773.8
1401650 773.7
1401660 773.5
1401670 773.5
1401680 773.2
1401690 772.9
1401700 772.9
1401710 772.5
1401720 772.3
1401730 772.3
1401740 772.1
1401750 772.0
1401760 772.0
1401770 772.0
1401780 771.9
1401790 771.9
1401800 771.8
1401810 771.9
1401820 771.9
1401830 772.1
1401840 772.1
1401850 772.1
1401860 772.1
1401870 772.2
1401880 771.3
1401890 771.4
1401900 771.5
1401910 771.5
1401920 771.6
1401930 771.7
1401940 771.7
1401950 771.7
1401960 772.0
1401970 772.4
1401980 772.4
1401990 772.9
1402000 773.5
1402010 773.5
1402020 773.9
1402030 774.2
1402040 774.2
1402050 774.5
1402060 774.8
1402070 774.8
1402080 775.1
1402090 775.5
1402100 775.5
1402110 774.8
1402120 772.3
1402130 772.3
1402140 773.2
1402150 773.8
1402160 773.8
1402170 773.8
1402180 773.7
1402190 773.7
1402200 773.7
1402210 773.5
1402220 773.2
1402230 773.2
1402240 772.8
1402250 772.2
1402260 772.2
1402270 771.9
1402280 771.8
1402290 771.8
1402300 771.7
1402310 771.0
1402320 771.0
1402330 770.9
1402340 771.1
1402350 771.1
1402360 771.1
1402370 771.2
1402380 771.2
1402390 771.2
1402400 771.1
1402410 771.1
1402420 771.1
1402430 771.2
1402440 771.2
1402450 771.2
1402460 771.1
1402470 771.1
1402480 771.1
1402490 771.0
1402500 771.1
1402510 771.1
1402520 771.0
1402530 771.0
1402540 771.0
1402550 770.9
1402560 770.9
1402570 770.9
1402580 770.8
1402590 771.0
1402600 771.0
1402610 771.0
1402620 771.1
1402630 771.1
1402640 771.0
1402650 770.8
1402660 770.8
1402670 770.8
1402680 770.9
1402690 770.9
1402700 771.0
1402710 771.1
1402720 771.1
1402730 771.1
1402740 771.2
1402750 771.1
1402760 771.1
1402770 771.1
1402780 771.1
1402790 771.1
1402800 771.0
1402810 771.0
1402820 771.0
1402830 771.0
1402840 771.0
1402850 771.0
1402860 771.0
1402870 770.9
1402880 770.9
1402890 771.0
1402900 771.0
1402910 771.0
1402920 771.0
1402930 770.8
1402940 770.8
1402950 770.6
1402960 770.6
1402970 770.6
1402980 770.7
1402990 770.6
1403000 770.3
1403010 770.3
1403020 770.5
1403030 770.8
1403040 770.8
1403050 770.8
1403060 770.6
1403070 770.6
1403080 770.5
1403090 770.5
1403100 770.5
1403110 770.5
1403120 770.6
1403130 770.6
1403140 770.6
1403150 770.7
1403160 770.7
1403170 770.7
1403180 770.7
1403190 770.7
1403200 770.6
1403210 770.5
1403220 770.5
1403230 770.6
1403240 770.7
1403250 770.8
1403260 770.8
1403270 771.1
1403280 771.5
1403290 771.5
1403300 772.3
1403310 772.5
1403320 772.5
1403330 772.3
1403340 772.1
1403350 772.1
1403360 772.0
1403370 772.1
1403380 772.1
1403390 772.2
1403400 772.5
1403410 772.5
1403420 772.7
1403430 772.5
1403440 772.4
1403450 772.1
1403460 771.6
1403470 771.6
1403480 771.1
1403490 770.9
1403500 770.8
1403510 770.8
1403520 770.7
1403530 770.6
1403540 770.6
1403550 770.5
1403560 770.6
1403570 770.6
1403580 770.6
1403590 770.6
1403600 770.6
1403610 770.6
1403620 770.6
1403630 770.6
1403640 770.7
1403650 770.7
1403660 770.7
1403670 770.5
1403680 770.6
1403690 770.6
1403700 770.7
1403710 770.7
1403720 770.7
1403730 770.7
1403740 770.7
1403750 770.7
1403760 770.6
1403770 770.7
1403780 770.7
1403790 770.7
1403800 770.7
1403810 770.7
1403820 770.7
1403830 770.7
1403840 770.8
1403850 770.8
1403860 770.8
1403870 770.8
1403880 770.8
1403890 770.8
1403900 770.8
1403910 770.8
1403920 770.7
1403930 770.6
1403940 770.6
1403950 770.7
1403960 770.7
1403970 770.7
1403980 770.6
1403990 770.5
1404000 770.5
1404010 770.5
1404020 770.5
1404030 770.4
1404040 770.4
1404050 770.4
1404060 770.4
1404070 770.4
1404080 770.4
1404090 770.4
1404100 770.4
1404110 770.4
1404120 770.5
1404130 770.5
1404140 770.5
1404150 770.4
1404160 770.4
1404170 770.4
1404180 770.3
1404190 770.3
1404200 770.3
1404210 770.4
1404220 770.4
1404230 770.5
1404240 770.5
1404250 770.5
1404260 770.5
1404270 770.5
1404280 770.5
1404290 770.4
1404300 770.4
1404310 770.5
1404320 770.5
1404330 770.6
1404340 770.5
1404350 770.5
1404360 770.4
1404370 770.4
1404380 770.4
1404390 770.5
1404400 770.6
1404410 770.6
1404420 770.5
1404430 770.5
1404440 770.5
1404450 770.6
1404460 770.9
1404470 770.9
1404480 771.4
1404490 771.9
1404500 771.9
1404510 772.2
1404520 772.2
1404530 772.2
1404540 771.7
1404550 771.0
1404560 770.8
1404570 770.8
1404580 770.9
1404590 771.2
1404600 771.2
1404610 771.5
1404620 771.6
1404630 771.6
1404640 771.8
1404650 772.0
1404660 772.0
1404670 772.2
1404680 772.4
1404690 772.4
1404700 772.6
1404710 773.0
1404720 773.0
1404730 773.2
1404740 773.4
1404750 773.4
1404760 773.6
1404770 773.9
1404780 773.9
1404790 774.3
1404800 774.6
1404810 774.6
1404820 775.1
1404830 775.5
1404840 775.9
1404850 775.9
1404860 776.5
1404870 777.1
1404880 777.1
1404890 777.7
1404900 778.4
1404910 778.4
1404920 778.8
1404930 779.2
1404940 779.2
1404950 779.6
1404960 780.3
1404970 780.3
1404980 781.2
1404990 781.2
1405000 781.2
1405010 781.6
1405020 782.1
1405030 781.6
1405040 781.9
1405050 782.2
1405060 782.2
1405070 782.6
1405080 782.9
1405090 783.3
1405100 783.3
1405110 783.8
1405120 784.4
1405130 784.4
1405140 784.7
1405150 785.1
1405160 785.1
1405170 785.6
1405180 785.9
1405190 785.9
1405200 786.3
1405210 786.7
1405220 786.7
1405230 787.0
1405240 787.3
1405250 787.3
1405260 787.5
1405270 787.6
1405280 787.6
1405290 787.8
1405300 788.1
1405310 788.1
1405320 788.1
1405330 788.1
1405340 788.1
1405350 788.1
1405360 788.2
1405370 788.2
1405380 788.2
1405390 788.2
1405400 788.4
1405410 788.4
1405420 789.2
1405430 789.2
1405440 789.2
1405450 788.9
1405460 789.0
1405470 789.0
1405480 789.3
1405490 789.4
1405500 789.4
1405510 789.3
1405520 789.3
1405530 789.3
1405540 789.3
1405550 789.3
1405560 789.3
1405570 789.4
1405580 789.6
1405590 789.6
1405600 790.3
1405610 790.6
1405620 791.3
1405630 791.3
1405640 791.8
1405650 791.1
1405660 791.1
1405670 790.9
1405680 791.1
1405690 791.1
1405700 791.2
1405710 791.6
1405720 791.6
1405730 792.1
1405740 792.6
1405750 792.6
1405760 793.3
1405770 793.6
1405780 793.6
1405790 793.8
1405800 794.1
1405810 794.1
1405820 794.3
1405830 794.8
1405840 794.8
1405850 795.4
1405860 795.9
1405870 796.2
1405880 796.2
1405890 796.2
1405900 796.2
1405910 796.2
1405920 796.1
1405930 796.0
1405940 796.0
1405950 795.5
1405960 795.1
1405970 795.1
1405980 794.5
1405990 793.5
1406000 793.5
1406010 792.4
1406020 791.6
1406030 791.6
1406040 791.3
1406050 791.2
1406060 791.2
1406070 790.4
1406080 789.8
1406090 789.8
1406100 789.2
1406110 788.3
1406120 788.3
1406130 787.7
1406140 787.2
1406150 786.8
1406160 786.8
1406170 786.4
1406180 785.9
1406190 785.9
1406200 785.1
1406210 784.4
1406220 784.4
1406230 783.7
1406240 783.1
1406250 783.1
1406260 782.4
1406270 781.8
1406280 781.8
1406290 781.1
1406300 780.4
1406310 780.4
1406320 779.9
1406330 779.5
1406340 779.5
1406350 779.1
1406360 778.3
1406370 778.3
1406380 777.3
1406390 776.9
1406400 776.6
1406410 776.6
1406420 776.1
1406430 775.6
1406440 775.6
1406450 775.1
1406460 774.7
1406470 774.7
1406480 774.3
1406490 773.9
1406500 773.9
1406510 773.4
1406520 773.0
1406530 773.0
1406540 772.7
1406550 772.5
1406560 772.5
1406570 772.3
1406580 771.6
1406590 771.6
1406600 771.0
1406610 770.6
1406620 770.6
1406630 770.2
1406640 769.9
1406650 769.9
1406660 769.6
1406670 769.5
1406680 769.5
1406690 769.5
1406700 769.6
1406710 769.6
1406720 769.6
1406730 769.6
1406740 769.6
1406750 769.6
1406760 769.6
1406770 769.6
1406780 769.6
1406790 769.6
1406800 769.7
1406810 769.7
1406820 769.7
1406830 769.9
1406840 769.9
1406850 770.1
1406860 770.2
1406870 770.2
1406880 770.4
1406890 770.6
1406900 770.6
1406910 770.8
1406920 771.0
1406930 771.2
1406940 771.2
1406950 771.5
1406960 772.4
1406970 772.4
1406980 773.0
1406990 773.7
1407000 773.7
1407010 773.7
1407020 774.2
1407030 774.2
1407040 774.8
1407050 775.0
1407060 775.0
1407070 775.9
1407080 776.1
1407090 776.1
1407100 776.1
1407110 777.1
1407120 777.1
1407130 777.3
1407140 777.8
1407150 777.8
1407160 778.4
1407170 779.3
1407180 779.3
1407190 780.7
1407200 781.0
1407210 781.4
1407220 781.4
1407230 781.8
1407240 782.2
1407250 782.2
1407260 782.5
1407270 783.1
1407280 783.1
1407290 783.5
1407300 784.1
1407310 784.1
1407320 784.7
1407330 785.3
1407340 785.3
1407350 786.0
1407360 786.6
1407370 786.6
1407380 785.6
1407390 786.8
1407400 786.8
1407410 786.5
1407420 786.2
1407430 786.2
1407440 786.3
1407450 786.3
1407460 786.2
1407470 786.2
1407480 786.5
1407490 786.6
1407500 786.6
1407510 786.5
1407520 786.7
1407530 786.7
1407540 786.7
1407550 786.5
1407560 786.5
1407570 786.4
1407580 786.5
1407590 786.5
1407600 786.6
1407610 786.3
1407620 786.3
1407630 785.8
1407640 785.5
1407650 785.5
1407660 785.2
1407670 784.9
1407680 784.9
1407690 784.5
1407700 783.8
1407710 782.9
1407720 782.9
1407730 782.0
1407740 781.2
1407750 781.2
1407760 780.4
1407770 779.9
1407780 779.9
1407790 779.5
1407800 779.0
1407810 779.0
1407820 778.4
1407830 777.7
1407840 777.7
1407850 777.1
1407860 776.7
1407870 776.7
1407880 776.2
1407890 775.7
1407900 775.7
1407910 775.1
1407920 774.6
1407930 774.6
1407940 774.0
1407950 773.5
1407960 773.5
1407970 772.7
1407980 772.0
1407990 771.5
1408000 771.5
1408010 771.1
1408020 770.6
1408030 770.6
1408040 770.1
1408050 770.1
1408060 770.1
1408070 770.4
1408080 770.4
1408090 770.4
1408100 769.9
1408110 768.9
1408120 768.9
1408130 767.8
1408140 767.1
1408150 767.1
1408160 766.6
1408170 766.5
1408180 766.5
1408190 766.3
1408200 766.1
1408210 766.1
1408220 766.0
1408230 766.0
1408240 766.0
1408250 766.0
1408260 766.0
1408270 766.0
1408280 766.0
1408290 765.9
1408300 766.0
1408310 766.1
1408320 766.3
1408330 766.2
1408340 766.2
1408350 766.2
1408360 766.2
1408370 766.2
1408380 766.3
1408390 766.2
1408400 766.2
1408410 766.2
1408420 766.3
1408430 766.3
1408440 766.3
1408450 766.4
1408460 766.4
1408470 766.5
1408480 766.5
1408490 766.5
1408500 766.5
1408510 766.5
1408520 766.4
1408530 766.4
1408540 766.5
1408550 766.6
1408560 766.6
1408570 766.8
1408580 767.0
1408590 767.0
1408600 767.1
1408610 767.2
1408620 767.2
1408630 767.0
1408640 766.1
1408650 766.1
1408660 765.8
1408670 765.6
1408680 765.6
1408690 764.7
1408700 763.9
1408710 763.9
1408720 763.8
1408730 763.7
1408740 763.7
1408750 763.6
1408760 763.6
1408770 763.6
1408780 763.6
1408790 763.6
1408800 763.6
1408810 763.6
1408820 763.6
1408830 763.6
1408840 763.6
1408850 763.6
1408860 763.6
1408870 763.6
1408880 763.5
1408890 763.5
1408900 763.5
1408910 763.5
1408920 763.5
1408930 763.5
1408940 763.5
1408950 763.5
1408960 763.5
1408970 763.5
1408980 763.4
1408990 763.4
1409000 763.4
1409010 763.4
1409020 763.4
1409030 763.4
1409040 763.5
1409050 764.1
1409060 764.1
1409070 765.4
1409080 766.7
1409090 766.7
1409100 767.4
1409110 768.0
1409120 768.0
1409130 768.5
1409140 768.6
1409150 768.6
1409160 769.3
1409170 770.9
1409180 770.9
1409190 771.3
1409200 771.0
1409210 771.0
1409220 771.1
1409230 771.1
1409240 771.1
1409250 770.9
1409260 770.8
1409270 770.8
1409280 769.8
1409290 769.7
1409300 770.1
1409310 770.1
1409320 771.0
1409330 772.7
1409340 772.7
1409350 774.3
1409360 775.4
1409370 775.4
1409380 776.4
1409390 777.2
1409400 777.2
1409410 777.8
1409420 778.3
1409430 778.3
1409440 778.6
1409450 779.1
1409460 779.1
1409470 778.8
1409480 778.9
1409490 778.9
1409500 779.0
1409510 778.5
1409520 778.5
1409530 777.7
1409540 776.6
1409550 776.6
1409560 775.4
1409570 774.1
1409580 772.7
1409590 772.7
1409600 771.6
1409610 771.1
1409620 771.1
1409630 770.6
1409640 770.6
1409650 770.6
1409660 770.9
1409670 771.3
1409680 771.3
1409690 771.9
1409700 772.7
1409710 772.7
1409720 773.8
1409730 774.9
1409740 774.9
1409750 776.0
1409760 776.9
1409770 776.9
1409780 777.5
1409790 777.6
1409800 777.6
1409810 777.4
1409820 777.0
1409830 777.0
1409840 777.0
1409850 777.4
1409860 777.5
1409870 777.5
1409880 777.3
1409890 776.9
1409900 776.9
1409910 776.1
1409920 775.3
1409930 775.3
1409940 774.2
1409950 773.1
1409960 773.1
1409970 772.3
1409980 771.5
1409990 771.5
1410000 769.5
1410010 769.0
1410020 769.0
1410030 768.5
1410040 767.8
1410050 767.8
1410060 767.3
1410070 766.9
1410080 766.9
1410090 766.5
1410100 766.3
1410110 766.0
1410120 766.0
1410130 765.8
1410140 765.6
1410150 765.6
1410160 765.6
1410170 765.5
1410180 765.5
1410190 765.3
1410200 765.2
1410210 765.2
1410220 765.1
1410230 765.1
1410240 765.1
1410250 765.0
1410260 765.0
1410270 765.0
1410280 764.9
1410290 764.9
1410300 764.9
1410310 764.9
1410320 765.1
1410330 765.1
1410340 765.1
1410350 765.1
1410360 765.2
1410370 765.2
1410380 765.2
1410390 765.1
1410400 765.1
1410410 765.0
1410420 765.2
1410430 765.2
1410440 765.1
1410450 765.7
1410460 765.7
1410470 765.6
1410480 765.4
1410490 765.4
1410500 765.3
1410510 765.3
1410520 765.3
1410530 764.7
1410540 764.6
1410550 764.6
1410560 764.5
1410570 764.6
1410580 764.6
1410590 764.6
1410600 764.6
1410610 764.9
1410620 764.9
1410630 765.5
1410640 765.6
1410650 765.6
1410660 765.7
1410670 766.1
1410680 766.1
1410690 766.2
1410700 766.1
1410710 766.1
1410720 766.1
1410730 766.2
1410740 766.2
1410750 766.1
1410760 766.0
1410770 766.0
1410780 766.0
1410790 765.9
1410800 765.9
1410810 765.8
1410820 765.7
1410830 765.7
1410840 765.8
1410850 765.4
1410860 765.4
1410870 765.3
1410880 765.2
1410890 765.0
1410900 765.0
1410910 764.8
1410920 764.8
1410930 764.8
1410940 764.7
1410950 764.6
1410960 764.6
1410970 764.4
1410980 764.1
1410990 764.1
1411000 764.0
1411010 764.0
1411020 764.0
1411030 764.1
1411040 764.2
1411050 764.2
1411060 764.3
1411070 764.3
1411080 764.3
1411090 764.1
1411100 763.9
1411110 763.9
1411120 763.9
1411130 763.9
1411140 763.8
1411150 763.8
1411160 763.7
1411170 763.6
1411180 763.6
1411190 763.6
1411200 763.6
1411210 763.6
1411220 763.7
1411230 763.7
1411240 763.7
1411250 763.8
1411260 763.8
1411270 763.8
1411280 764.1
1411290 764.1
1411300 764.1
1411310 763.9
1411320 763.7
1411330 763.7
1411340 763.7
1411350 763.6
1411360 763.6
1411370 763.6
1411380 763.6
1411390 763.6
1411400 763.7
1411410 763.8
1411420 763.8
1411430 763.8
1411440 763.7
1411450 763.5
1411460 763.5
1411470 763.4
1411480 763.6
1411490 763.6
1411500 763.7
1411510 763.8
1411520 763.8
1411530 764.0
1411540 763.9
1411550 763.9
1411560 763.8
1411570 763.7
1411580 763.7
1411590 763.7
1411600 763.7
1411610 763.7
1411620 763.6
1411630 763.6
1411640 763.6
1411650 763.6
1411660 763.6
1411670 763.7
1411680 763.7
1411690 763.7
1411700 763.7
1411710 763.7
1411720 763.7
1411730 763.7
1411740 763.7
1411750 763.7
1411760 763.7
1411770 763.7
1411780 763.6
1411790 763.5
1411800 763.5
1411810 763.5
1411820 763.6
1411830 763.6
1411840 763.6
1411850 763.6
1411860 763.6
1411870 763.6
1411880 763.9
1411890 763.9
1411900 763.9
1411910 763.8
1411920 763.8
1411930 763.7
1411940 763.5
1411950 763.4
1411960 763.4
1411970 763.5
1411980 763.6
1411990 763.6
1412000 763.7
1412010 763.8
1412020 763.8
1412030 763.9
1412040 764.0
1412050 764.0
1412060 764.2
1412070 764.5
1412080 764.5
1412090 764.7
1412100 764.9
1412110 764.9
1412120 765.2
1412130 765.5
1412140 765.5
1412150 765.8
1412160 766.2
1412170 766.2
1412180 766.5
1412190 766.8
1412200 767.1
1412210 767.1
1412220 767.5
1412230 767.8
1412240 767.8
1412250 768.1
1412260 768.8
1412270 768.8
1412280 770.3
1412290 770.3
1412300 770.3
1412310 769.9
1412320 769.7
1412330 769.7
1412340 769.7
1412350 769.7
1412360 769.7
1412370 769.7
1412380 769.8
1412390 769.8
1412400 770.0
1412410 770.0
1412420 770.0
1412430 770.3
1412440 770.5
1412450 770.5
1412460 770.8
1412470 771.0
1412480 771.4
1412490 771.4
1412500 771.8
1412510 771.9
1412520 771.9
1412530 771.4
1412540 771.4
1412550 771.4
1412560 771.3
1412570 771.3
1412580 771.3
1412590 771.2
1412600 771.2
1412610 771.2
1412620 771.3
1412630 771.2
1412640 771.2
1412650 771.1
1412660 771.0
1412670 771.0
1412680 770.9
1412690 770.9
1412700 770.9
1412710 770.8
1412720 770.9
1412730 770.8
1412740 770.8
1412750 770.8
1412760 771.2
1412770 771.2
1412780 770.6
1412790 770.3
1412800 770.3
1412810 770.2
1412820 770.0
1412830 770.0
1412840 769.9
1412850 769.8
1412860 769.8
1412870 769.6
1412880 769.4
1412890 769.4
1412900 769.3
1412910 769.3
1412920 769.3
1412930 769.3
1412940 769.2
1412950 769.2
1412960 769.3
1412970 769.0
1412980 768.7
1412990 768.7
1413000 768.7
1413010 768.6
1413020 768.6
1413030 768.6
1413040 768.5
1413050 768.5
1413060 768.5
1413070 768.3
1413080 768.3
1413090 768.0
1413100 768.0
1413110 768.0
1413120 767.9
1413130 767.7
1413140 767.7
1413150 767.6
1413160 767.6
1413170 767.6
1413180 767.5
1413190 767.5
1413200 767.5
1413210 767.6
1413220 767.5
1413230 767.5
1413240 767.4
1413250 767.3
1413260 767.3
1413270 767.3
1413280 767.3
1413290 767.3
1413300 767.3
1413310 767.5
1413320 767.7
1413330 767.7
1413340 767.8
1413350 768.1
1413360 768.1
1413370 768.2
1413380 768.3
1413390 768.3
1413400 768.3
1413410 768.2
1413420 768.2
1413430 767.7
1413440 768.3
1413450 768.3
1413460 769.2
1413470 770.2
1413480 770.2
1413490 770.2
1413500 768.0
1413510 770.0
1413520 770.0
1413530 770.9
1413540 768.6
1413550 768.6
1413560 767.7
1413570 766.5
1413580 766.5
1413590 765.6
1413600 765.3
1413610 765.3
1413620 765.0
1413630 764.6
1413640 764.6
1413650 764.2
1413660 763.9
1413670 763.9
1413680 763.6
1413690 763.4
1413700 763.4
1413710 763.2
1413720 762.6
1413730 762.6
1413740 762.4
1413750 762.2
1413760 762.2
1413770 762.0
1413780 761.9
1413790 761.9
1413800 761.9
1413810 761.9
1413820 761.9
1413830 761.9
1413840 761.6
1413850 761.4
1413860 761.4
1413870 761.3
1413880 761.1
1413890 761.1
1413900 761.1
1413910 761.0
1413920 761.0
1413930 761.0
1413940 760.9
1413950 760.9
1413960 760.9
1413970 760.9
1413980 760.9
1413990 760.9
1414000 760.9
1414010 760.9
1414020 760.9
1414030 760.8
1414040 760.7
1414050 760.7
1414060 760.7
1414070 760.7
1414080 760.7
1414090 760.7
1414100 760.6
1414110 760.6
1414120 760.6
1414130 760.6
1414140 760.6
1414150 760.6
1414160 760.6
1414170 760.6
1414180 760.6
1414190 760.5
1414200 760.5
1414210 760.4
1414220 760.4
1414230 760.4
1414240 760.4
1414250 760.3
1414260 760.3
1414270 760.3
1414280 760.2
1414290 760.2
1414300 760.2
1414310 760.2
1414320 760.1
1414330 760.1
1414340 760.1
1414350 760.1
1414360 760.1
1414370 760.1
1414380 760.1
1414390 760.1
1414400 760.1
1414410 760.1
1414420 760.1
1414430 760.0
1414440 760.0
1414450 760.0
1414460 760.0
1414470 760.0
1414480 760.0
1414490 760.0
1414500 760.0
1414510 760.0
1414520 760.0
1414530 760.0
1414540 760.0
1414550 760.1
1414560 760.0
1414570 760.0
1414580 760.0
1414590 760.1
1414600 760.0
1414610 760.0
1414620 759.9
1414630 759.9
1414640 759.9
1414650 759.9
1414660 759.9
1414670 759.9
1414680 759.8
1414690 759.9
1414700 759.9
1414710 760.0
1414720 760.1
1414730 760.1
1414740 760.4
1414750 760.1
1414760 760.1
1414770 759.8
1414780 759.8
1414790 759.8
1414800 759.8
1414810 759.8
1414820 759.8
1414830 759.7
1414840 759.6
1414850 759.5
1414860 759.5
1414870 759.2
1414880 758.9
1414890 758.9
1414900 758.9
1414910 759.2
1414920 759.2
1414930 759.3
1414940 759.3
1414950 759.3
1414960 759.4
1414970 759.4
1414980 759.4
1414990 759.4
1415000 759.4
1415010 759.4
1415020 759.5
1415030 759.5
1415040 759.5
1415050 759.5
1415060 759.5
1415070 759.5
1415080 759.4
1415090 759.4
1415100 759.3
1415110 759.3
1415120 759.3
1415130 759.4
1415140 759.4
1415150 759.5
1415160 759.7
1415170 759.7
1415180 759.8
1415190 759.8
1415200 759.8
1415210 759.7
1415220 759.7
1415230 759.7
1415240 759.9
1415250 760.3
1415260 760.3
1415270 760.8
1415280 760.0
1415290 760.0
1415300 760.4
1415310 760.1
1415320 760.1
1415330 759.8
1415340 759.8
1415350 759.9
1415360 759.9
1415370 759.8
1415380 759.8
1415390 759.8
1415400 759.8
1415410 759.8
1415420 759.8
1415430 759.7
1415440 759.8
1415450 759.8
1415460 759.9
1415470 760.0
1415480 760.0
1415490 760.1
1415500 760.2
1415510 760.2
1415520 760.3
1415530 760.5
1415540 760.5
1415550 760.8
1415560 761.2
1415570 761.2
1415580 761.6
1415590 762.1
1415600 762.1
1415610 762.5
1415620 762.5
1415630 762.2
1415640 762.2
1415650 761.8
1415660 761.5
1415670 761.5
1415680 760.7
1415690 760.2
1415700 760.2
1415710 759.8
1415720 759.5
1415730 759.5
1415740 759.3
1415750 759.1
1415760 759.1
1415770 759.0
1415780 759.0
1415790 759.0
1415800 759.0
1415810 758.9
1415820 758.9
1415830 758.8
1415840 758.8
1415850 758.8
1415860 758.7
1415870 758.7
1415880 758.7
1415890 758.7
1415900 758.6
1415910 758.6
1415920 758.6
1415930 758.6
1415940 758.8
1415950 758.8
1415960 758.8
1415970 758.8
1415980 758.8
1415990 758.7
1416000 758.7
1416010 758.7
1416020 758.7
1416030 758.7
1416040 758.7
1416050 758.6
1416060 758.6
1416070 758.6
1416080 758.6
1416090 758.6
1416100 758.6
1416110 758.5
1416120 758.4
1416130 758.4
1416140 758.5
1416150 758.6
1416160 758.6
1416170 758.6
1416180 758.5
1416190 758.5
1416200 758.5
1416210 758.4
1416220 758.3
1416230 758.3
1416240 758.3
1416250 758.3
1416260 758.3
1416270 758.2
1416280 758.1
1416290 758.1
1416300 758.0
1416310 758.1
1416320 758.1
1416330 758.1
1416340 758.1
1416350 758.1
1416360 758.1
1416370 758.1
1416380 758.1
1416390 758.2
1416400 758.2
1416410 758.1
1416420 758.1
1416430 758.1
1416440 758.2
1416450 758.2
1416460 758.2
1416470 758.2
1416480 758.2
1416490 758.2
1416500 758.1
1416510 758.1
1416520 758.1
1416530 758.1
1416540 758.1
1416550 758.1
1416560 758.1
1416570 758.1
1416580 758.0
1416590 758.0
1416600 758.0
1416610 758.1
1416620 758.1
1416630 758.1
1416640 758.1
1416650 758.1
1416660 758.1
1416670 758.1
1416680 758.1
1416690 758.1
1416700 758.1
1416710 758.0
1416720 757.9
1416730 757.9
1416740 757.9
1416750 757.8
1416760 757.8
1416770 757.8
1416780 757.4
1416790 757.4
1416800 757.3
1416810 757.8
1416820 757.8
1416830 757.9
1416840 757.9
1416850 757.9
1416860 757.9
1416870 757.8
1416880 757.8
1416890 757.8
1416900 757.7
1416910 757.7
1416920 757.7
1416930 757.7
1416940 757.6
1416950 757.6
1416960 757.7
1416970 757.7
1416980 757.7
1416990 757.7
1417000 757.7
1417010 757.7
1417020 757.6
1417030 757.7
1417040 757.7
1417050 757.7
1417060 757.7
1417070 757.7
1417080 757.7
1417090 757.7
1417100 757.7
1417110 757.7
1417120 757.7
1417130 757.7
1417140 757.7
1417150 757.8
1417160 757.8
1417170 757.9
1417180 758.0
1417190 757.9
1417200 757.9
1417210 757.5
1417220 757.8
1417230 757.8
1417240 757.6
1417250 756.8
1417260 756.8
1417270 756.1
1417280 756.1
1417290 756.1
1417300 756.1
1417310 756.1
1417320 756.1
1417330 756.1
1417340 756.1
1417350 756.1
1417360 756.1
1417370 756.1
1417380 756.1
1417390 756.1
1417400 756.1
1417410 756.1
1417420 756.1
1417430 756.1
1417440 756.1
1417450 756.1
1417460 756.1
1417470 756.1
1417480 756.1
1417490 756.1
1417500 756.1
1417510 756.1
1417520 756.1
1417530 756.1
1417540 756.1
1417550 756.1
1417560 756.2
1417570 756.2
1417580 756.6
1417590 757.4
1417600 757.4
1417610 757.7
1417620 757.6
1417630 757.6
1417640 757.6
1417650 757.5
1417660 757.5
1417670 757.2
1417680 756.8
1417690 756.8
1417700 756.7
1417710 756.6
1417720 756.6
1417730 756.6
1417740 756.6
1417750 756.8
1417760 756.8
1417770 756.8
1417780 756.9
1417790 756.9
1417800 756.9
1417810 757.0
1417820 757.0
1417830 756.9
1417840 756.9
1417850 756.9
1417860 757.1
1417870 757.3
1417880 757.3
1417890 757.5
1417900 757.6
1417910 757.6
1417920 757.6
1417930 757.5
1417940 757.5
1417950 757.4
1417960 757.4
1417970 757.4
1417980 757.2
1417990 757.1
1418000 757.3
1418010 757.3
1418020 757.3
1418030 757.1
1418040 757.1
1418050 757.1
1418060 757.0
1418070 757.0
1418080 756.9
1418090 756.9
1418100 756.9
1418110 757.0
1418120 757.0
1418130 757.0
1418140 757.0
1418150 757.0
1418160 757.0
1418170 757.2
1418180 757.2
1418190 757.2
1418200 757.3
1418210 757.3
1418220 757.3
1418230 757.2
1418240 757.3
1418250 757.3
1418260 757.3
1418270 757.3
1418280 757.4
1418290 757.4
1418300 757.1
1418310 757.1
1418320 757.1
1418330 757.3
1418340 757.4
1418350 757.4
1418360 757.4
1418370 756.9
1418380 756.9
1418390 755.5
1418400 755.3
1418410 755.3
1418420 755.3
1418430 755.3
1418440 755.3
1418450 755.3
1418460 756.8
1418470 756.8
1418480 757.3
1418490 757.4
1418500 757.4
1418510 757.3
1418520 757.2
1418530 757.2
1418540 757.2
1418550 757.1
1418560 757.0
1418570 757.0
1418580 757.0
1418590 756.9
1418600 756.9
1418610 756.9
1418620 756.8
1418630 756.8
1418640 756.7
1418650 756.6
1418660 756.6
1418670 756.6
1418680 756.5
1418690 756.5
1418700 756.6
1418710 756.5
1418720 756.5
1418730 756.6
1418740 756.5
1418750 756.5
1418760 756.6
1418770 756.6
1418780 756.7
1418790 756.7
1418800 756.7
1418810 756.7
1418820 756.7
1418830 756.8
1418840 756.7
1418850 756.7
1418860 756.7
1418870 756.6
1418880 756.6
1418890 756.5
1418900 756.4
1418910 756.4
1418920 756.4
1418930 756.4
1418940 756.4
1418950 756.5
1418960 756.6
1418970 756.6
1418980 756.7
1418990 756.8
1419000 756.8
1419010 756.6
1419020 756.1
1419030 756.1
1419040 755.5
1419050 755.9
1419060 756.2
1419070 756.2
1419080 756.4
1419090 756.3
1419100 756.3
1419110 756.5
1419120 756.5
1419130 756.5
1419140 756.4
1419150 756.2
1419160 756.2
1419170 756.2
1419180 756.2
1419190 756.2
1419200 756.4
1419210 756.7
1419220 756.7
1419230 756.8
1419240 756.8
1419250 756.8
1419260 756.8
1419270 756.8
1419280 756.8
1419290 756.8
1419300 756.8
1419310 756.9
1419320 756.9
1419330 756.8
1419340 756.8
1419350 756.8
1419360 757.5
1419370 758.2
1419380 758.2
1419390 757.9
1419400 757.0
1419410 757.0
1419420 756.8
1419430 756.8
1419440 756.8
1419450 756.7
1419460 756.6
1419470 756.6
1419480 756.5
1419490 756.4
1419500 756.4
1419510 756.2
1419520 755.9
1419530 755.9
1419540 755.6
1419550 755.3
1419560 755.3
1419570 755.3
1419580 755.7
1419590 756.0
1419600 756.0
1419610 756.4
1419620 756.9
1419630 756.9
1419640 757.1
1419650 757.3
1419660 757.3
1419670 757.5
1419680 757.5
1419690 757.5
1419700 755.4
1419710 753.9
1419720 753.9
1419730 753.9
1419740 754.1
1419750 754.1
1419760 756.0
1419770 756.9
1419780 756.9
1419790 756.7
1419800 756.7
1419810 756.7
1419820 756.7
1419830 756.8
1419840 756.9
1419850 756.9
1419860 757.1
1419870 757.3
1419880 757.3
1419890 757.5
1419900 757.5
1419910 757.5
1419920 757.6
1419930 757.7
1419940 757.7
1419950 758.1
1419960 758.2
1419970 758.2
1419980 757.8
1419990 759.0
