1400000 772.1
1400010 772.2
1400020 772.2
1400030 772.2
1400040 772.2
1400050 772.2
1400060 772.2
1400070 772.2
1400080 772.2
1400090 772.2
1400100 772.2
1400110 772.2
1400120 772.2
1400130 772.2
1400140 772.2
1400150 772.2
1400160 772.2
1400170 772.2
1400180 772.2
1400190 772.2
1400200 772.2
1400210 772.3
1400220 772.3
1400230 772.2
1400240 772.2
1400250 772.2
1400260 772.2
1400270 772.9
1400280 773.2
1400290 773.2
1400300 773.4
1400310 773.4
1400320 773.4
1400330 773.4
1400340 773.4
1400350 773.4
1400360 773.5
1400370 773.5
1400380 773.5
1400390 773.5
1400400 774.0
1400410 774.0
1400420 773.1
1400430 773.1
1400440 773.1
1400450 773.2
1400460 773.3
1400470 773.3
1400480 773.2
1400490 773.2
1400500 773.2
1400510 773.2
1400520 773.2
1400530 773.3
1400540 773.3
1400550 773.5
1400560 773.9
1400570 773.9
1400580 774.1
1400590 774.2
1400600 774.2
1400610 774.5
1400620 774.6
1400630 774.6
1400640 775.0
1400650 775.3
1400660 775.3
1400670 775.6
1400680 775.8
1400690 775.8
1400700 776.0
1400710 776.3
1400720 776.3
1400730 776.5
1400740 776.4
1400750 776.4
1400760 776.5
1400770 776.6
1400780 776.6
1400790 776.7
1400800 776.9
1400810 777.1
1400820 777.1
1400830 777.3
1400840 777.9
1400850 777.9
1400860 779.7
1400870 781.1
1400880 781.1
1400890 780.6
1400900 779.6
1400910 779.6
1400920 779.2
1400930 778.8
1400940 778.8
1400950 778.3
1400960 777.9
1400970 777.9
1400980 777.5
1400990 777.4
1401000 777.4
1401010 777.2
1401020 778.8
1401030 778.8
1401040 779.3
1401050 779.7
1401060 779.1
1401070 779.1
1401080 776.4
1401090 775.0
1401100 775.0
1401110 775.0
1401120 773.9
1401130 773.9
1401140 773.8
1401150 773.8
1401160 773.8
1401170 773.8
1401180 773.7
1401190 773.7
1401200 773.3
1401210 772.4
1401220 772.4
1401230 772.2
1401240 772.1
1401250 772.1
1401260 771.9
1401270 772.1
1401280 772.1
1401290 771.9
1401300 772.0
1401310 772.0
1401320 772.0
1401330 771.9
1401340 772.1
1401350 772.1
1401360 772.0
1401370 772.0
1401380 772.0
1401390 772.0
1401400 771.9
1401410 771.9
1401420 771.9
1401430 771.9
1401440 771.9
1401450 772.0
1401460 771.9
1401470 771.9
1401480 771.8
1401490 771.7
1401500 771.7
1401510 771.8
1401520 771.9
1401530 771.9
1401540 771.9
1401550 771.8
1401560 771.8
1401570 771.7
1401580 771.7
1401590 771.8
1401600 771.8
1401610 771.8
1401620 771.8
1401630 771.8
1401640 771.8
1401650 771.8
1401660 771.8
1401670 771.8
1401680 771.7
1401690 771.7
1401700 771.6
1401710 771.6
1401720 771.6
1401730 771.5
1401740 771.6
1401750 771.6
1401760 771.7
1401770 771.7
1401780 771.7
1401790 771.5
1401800 771.5
1401810 771.5
1401820 771.6
1401830 771.7
1401840 771.7
1401850 771.6
1401860 771.6
1401870 771.5
1401880 771.5
1401890 771.4
1401900 771.2
1401910 771.2
1401920 771.2
1401930 771.3
1401940 771.3
1401950 771.5
1401960 771.6
1401970 771.6
1401980 771.6
1401990 771.6
1402000 771.6
1402010 771.6
1402020 771.5
1402030 771.5
1402040 771.5
1402050 771.5
1402060 771.5
1402070 771.4
1402080 771.4
1402090 771.4
1402100 771.3
1402110 771.2
1402120 771.1
1402130 771.1
1402140 771.0
1402150 771.1
1402160 771.1
1402170 771.3
1402180 771.4
1402190 771.4
1402200 771.6
1402210 771.3
1402220 771.3
1402230 771.4
1402240 771.3
1402250 771.3
1402260 771.3
1402270 771.3
1402280 771.3
1402290 771.4
1402300 771.4
1402310 771.4
1402320 771.3
1402330 771.2
1402340 771.2
1402350 771.1
1402360 771.0
1402370 770.9
1402380 770.9
1402390 770.7
1402400 770.6
1402410 770.6
1402420 770.6
1402430 770.7
1402440 770.7
1402450 770.6
1402460 770.4
1402470 770.4
1402480 770.3
1402490 770.7
1402500 770.7
1402510 771.0
1402520 771.2
1402530 771.2
1402540 771.2
1402550 770.9
1402560 770.9
1402570 770.8
1402580 770.8
1402590 770.8
1402600 770.8
1402610 770.7
1402620 770.7
1402630 770.7
1402640 770.6
1402650 770.6
1402660 770.6
1402670 770.6
1402680 770.6
1402690 770.6
1402700 770.5
1402710 770.6
1402720 770.6
1402730 770.6
1402740 770.6
1402750 770.6
1402760 770.6
1402770 770.6
1402780 770.6
1402790 770.7
1402800 770.7
1402810 770.7
1402820 770.7
1402830 770.6
1402840 770.6
1402850 770.6
1402860 770.6
1402870 770.6
1402880 770.7
1402890 770.7
1402900 770.7
1402910 770.7
1402920 770.7
1402930 770.8
1402940 770.8
1402950 771.0
1402960 770.6
1402970 770.6
1402980 770.3
1402990 770.2
1403000 770.2
1403010 770.1
1403020 770.1
1403030 770.1
1403040 770.2
1403050 770.4
1403060 770.4
1403070 770.5
1403080 770.6
1403090 770.6
1403100 770.8
1403110 770.9
1403120 770.9
1403130 771.0
1403140 771.0
1403150 771.0
1403160 770.9
1403170 770.8
1403180 770.6
1403190 770.6
1403200 770.5
1403210 770.8
1403220 770.8
1403230 770.5
1403240 770.4
1403250 770.4
1403260 770.4
1403270 770.3
1403280 770.3
1403290 770.2
1403300 770.2
1403310 770.2
1403320 770.3
1403330 770.4
1403340 770.4
1403350 770.8
1403360 771.0
1403370 771.0
1403380 771.0
1403390 770.9
1403400 770.9
1403410 770.9
1403420 770.9
1403430 770.7
1403440 770.7
1403450 770.5
1403460 770.5
1403470 770.5
1403480 770.7
1403490 770.8
1403500 770.8
1403510 770.7
1403520 770.7
1403530 770.7
1403540 770.6
1403550 770.4
1403560 770.4
1403570 770.4
1403580 770.3
1403590 770.3
1403600 770.3
1403610 770.3
1403620 770.3
1403630 770.3
1403640 770.4
1403650 770.4
1403660 770.5
1403670 770.6
1403680 770.6
1403690 770.6
1403700 770.6
1403710 770.5
1403720 770.5
1403730 770.4
1403740 770.3
1403750 770.3
1403760 770.4
1403770 770.3
1403780 770.3
1403790 770.4
1403800 770.4
1403810 770.4
1403820 770.3
1403830 770.0
1403840 770.0
1403850 769.8
1403860 769.8
1403870 769.8
1403880 770.1
1403890 770.1
1403900 770.1
1403910 770.2
1403920 770.5
1403930 770.5
1403940 770.5
1403950 770.4
1403960 770.4
1403970 770.4
1403980 770.3
1403990 770.3
1404000 770.3
1404010 770.2
1404020 770.3
1404030 770.3
1404040 770.4
1404050 770.4
1404060 770.4
1404070 770.4
1404080 770.3
1404090 770.3
1404100 770.2
1404110 770.1
1404120 770.1
1404130 770.0
1404140 770.0
1404150 770.0
1404160 770.2
1404170 770.4
1404180 770.4
1404190 770.5
1404200 770.3
1404210 770.2
1404220 770.2
1404230 770.2
1404240 770.2
1404250 770.2
1404260 770.2
1404270 770.1
1404280 770.1
1404290 770.1
1404300 770.2
1404310 770.2
1404320 770.3
1404330 770.3
1404340 770.3
1404350 770.3
1404360 770.3
1404370 770.3
1404380 770.4
1404390 770.4
1404400 770.4
1404410 770.4
1404420 770.4
1404430 770.4
1404440 770.3
1404450 770.2
1404460 770.2
1404470 770.2
1404480 770.2
1404490 770.2
1404500 770.2
1404510 770.0
1404520 770.0
1404530 770.0
1404540 770.1
1404550 770.2
1404560 770.2
1404570 770.3
1404580 770.3
1404590 770.3
1404600 770.3
1404610 770.1
1404620 770.1
1404630 770.1
1404640 770.3
1404650 770.3
1404660 770.4
1404670 770.5
1404680 770.5
1404690 770.5
1404700 770.4
1404710 770.4
1404720 770.4
1404730 770.4
1404740 770.4
1404750 770.4
1404760 770.3
1404770 770.3
1404780 770.3
1404790 770.4
1404800 770.4
1404810 770.4
1404820 770.4
1404830 770.4
1404840 770.4
1404850 770.5
1404860 770.6
1404870 770.6
1404880 770.7
1404890 770.9
1404900 770.9
1404910 771.1
1404920 771.2
1404930 771.3
1404940 771.6
1404950 771.8
1404960 771.8
1404970 772.0
1404980 772.1
1404990 772.1
1405000 772.3
1405010 772.6
1405020 773.0
1405030 773.0
1405040 773.2
1405050 773.4
1405060 773.4
1405070 773.8
1405080 774.4
1405090 774.4
1405100 775.3
1405110 775.5
1405120 775.5
1405130 776.0
1405140 776.1
1405150 776.1
1405160 776.5
1405170 776.7
1405180 776.7
1405190 777.0
1405200 777.2
1405210 777.2
1405220 777.4
1405230 778.1
1405240 778.1
1405250 778.2
1405260 778.1
1405270 778.0
1405280 778.0
1405290 778.0
1405300 778.1
1405310 778.1
1405320 778.4
1405330 778.7
1405340 778.7
1405350 778.8
1405360 778.1
1405370 778.1
1405380 777.5
1405390 777.4
1405400 777.4
1405410 777.4
1405420 777.3
1405430 777.3
1405440 777.5
1405450 777.6
1405460 777.6
1405470 777.8
1405480 778.4
1405490 778.4
1405500 778.2
1405510 777.7
1405520 777.7
1405530 777.7
1405540 777.8
1405550 777.7
1405560 777.7
1405570 778.0
1405580 778.2
1405590 778.2
1405600 777.6
1405610 777.4
1405620 777.4
1405630 777.2
1405640 777.3
1405650 777.3
1405660 777.2
1405670 777.3
1405680 777.3
1405690 777.5
1405700 777.1
1405710 777.1
1405720 776.8
1405730 776.9
1405740 776.9
1405750 776.8
1405760 776.8
1405770 776.8
1405780 776.8
1405790 776.9
1405800 776.7
1405810 776.7
1405820 776.6
1405830 776.5
1405840 776.5
1405850 776.5
1405860 776.5
1405870 776.5
1405880 776.4
1405890 776.2
1405900 776.2
1405910 775.9
1405920 775.7
1405930 775.7
1405940 775.6
1405950 775.3
1405960 775.3
1405970 774.9
1405980 774.5
1405990 774.5
1406000 774.0
1406010 773.6
1406020 773.6
1406030 773.1
1406040 772.8
1406050 772.7
1406060 772.7
1406070 772.5
1406080 772.6
1406090 772.6
1406100 772.6
1406110 772.5
1406120 772.5
1406130 772.3
1406140 772.3
1406150 772.3
1406160 772.2
1406170 772.3
1406180 772.3
1406190 772.3
1406200 772.2
1406210 772.2
1406220 772.0
1406230 771.8
1406240 771.8
1406250 771.3
1406260 770.9
1406270 770.9
1406280 770.7
1406290 770.5
1406300 770.5
1406310 770.3
1406320 770.1
1406330 769.9
1406340 769.9
1406350 769.9
1406360 769.9
1406370 769.9
1406380 769.6
1406390 769.3
1406400 769.3
1406410 769.4
1406420 769.2
1406430 769.2
1406440 769.0
1406450 768.5
1406460 768.5
1406470 767.8
1406480 767.4
1406490 767.4
1406500 767.3
1406510 767.2
1406520 767.2
1406530 767.2
1406540 767.2
1406550 767.2
1406560 767.2
1406570 767.2
1406580 767.2
1406590 767.2
1406600 767.2
1406610 767.3
1406620 767.3
1406630 767.2
1406640 767.2
1406650 767.2
1406660 767.2
1406670 767.2
1406680 767.2
1406690 767.3
1406700 767.3
1406710 767.3
1406720 767.3
1406730 767.3
1406740 767.3
1406750 767.4
1406760 767.4
1406770 767.4
1406780 767.4
1406790 767.3
1406800 767.3
1406810 767.3
1406820 767.3
1406830 767.3
1406840 767.3
1406850 767.3
1406860 767.3
1406870 767.3
1406880 767.3
1406890 767.3
1406900 767.3
1406910 767.3
1406920 767.4
1406930 767.4
1406940 767.6
1406950 768.0
1406960 768.0
1406970 768.3
1406980 768.3
1406990 768.3
1407000 768.4
1407010 768.5
1407020 768.5
1407030 768.7
1407040 768.7
1407050 768.7
1407060 768.9
1407070 769.1
1407080 769.1
1407090 769.3
1407100 769.3
1407110 769.4
1407120 769.4
1407130 769.5
1407140 769.7
1407150 769.7
1407160 769.9
1407170 770.1
1407180 770.1
1407190 770.3
1407200 770.5
1407210 770.5
1407220 771.0
1407230 771.3
1407240 771.3
1407250 770.7
1407260 769.9
1407270 769.9
1407280 771.3
1407290 772.5
1407300 772.5
1407310 772.9
1407320 773.1
1407330 773.1
1407340 773.6
1407350 773.5
1407360 773.4
1407370 773.4
1407380 773.5
1407390 773.5
1407400 773.5
1407410 773.4
1407420 773.4
1407430 773.4
1407440 773.5
1407450 773.6
1407460 773.6
1407470 773.8
1407480 774.3
1407490 774.3
1407500 775.2
1407510 774.5
1407520 774.5
1407530 774.7
1407540 773.6
1407550 773.6
1407560 773.0
1407570 772.7
1407580 772.7
1407590 772.3
1407600 772.0
1407610 772.0
1407620 771.8
1407630 771.4
1407640 770.9
1407650 770.9
1407660 770.7
1407670 770.5
1407680 770.5
1407690 770.3
1407700 769.9
1407710 769.9
1407720 769.7
1407730 769.6
1407740 769.6
1407750 769.5
1407760 769.3
1407770 769.3
1407780 769.3
1407790 769.1
1407800 769.1
1407810 769.0
1407820 768.4
1407830 768.4
1407840 768.3
1407850 768.1
1407860 768.1
1407870 767.9
1407880 768.1
1407890 768.2
1407900 768.2
1407910 768.2
1407920 768.3
1407930 768.3
1407940 768.1
1407950 767.8
1407960 767.8
1407970 768.2
1407980 767.8
1407990 767.8
1408000 765.1
1408010 764.5
1408020 764.5
1408030 764.5
1408040 766.7
1408050 766.7
1408060 768.0
1408070 767.6
1408080 767.6
1408090 767.5
1408100 767.5
1408110 767.5
1408120 767.5
1408130 767.4
1408140 767.4
1408150 767.3
1408160 767.0
1408170 766.8
1408180 766.8
1408190 766.7
1408200 766.7
1408210 766.8
1408220 766.9
1408230 766.7
1408240 766.7
1408250 766.8
1408260 766.9
1408270 766.9
1408280 767.0
1408290 767.1
1408300 767.1
1408310 767.1
1408320 767.2
1408330 767.2
1408340 767.2
1408350 767.2
1408360 767.2
1408370 767.4
1408380 767.4
1408390 767.4
1408400 767.5
1408410 767.5
1408420 767.6
1408430 767.6
1408440 767.8
1408450 768.1
1408460 768.1
1408470 768.6
1408480 768.8
1408490 768.8
1408500 769.3
1408510 769.2
1408520 769.2
1408530 769.1
1408540 769.4
1408550 769.4
1408560 769.2
1408570 768.8
1408580 768.8
1408590 768.7
1408600 768.7
1408610 768.7
1408620 769.1
1408630 769.1
1408640 769.1
1408650 769.0
1408660 769.1
1408670 769.1
1408680 769.1
1408690 768.9
1408700 768.9
1408710 768.9
1408720 769.0
1408730 769.0
1408740 769.0
1408750 768.8
1408760 768.7
1408770 768.7
1408780 768.5
1408790 768.4
1408800 768.4
1408810 768.4
1408820 768.5
1408830 768.5
1408840 768.6
1408850 768.8
1408860 768.8
1408870 768.7
1408880 768.5
1408890 768.5
1408900 768.4
1408910 768.5
1408920 768.5
1408930 768.5
1408940 768.3
1408950 768.1
1408960 768.1
1408970 767.6
1408980 767.5
1408990 767.5
1409000 767.4
1409010 767.3
1409020 767.3
1409030 767.2
1409040 767.1
1409050 767.1
1409060 767.0
1409070 767.1
1409080 767.1
1409090 767.4
1409100 767.6
1409110 767.6
1409120 767.6
1409130 767.6
1409140 767.6
1409150 767.5
1409160 767.5
1409170 767.5
1409180 767.4
1409190 767.1
1409200 766.6
1409210 766.6
1409220 766.4
1409230 766.4
1409240 766.4
1409250 766.4
1409260 766.4
1409270 766.4
1409280 766.4
1409290 766.3
1409300 766.3
1409310 766.3
1409320 766.3
1409330 766.3
1409340 766.3
1409350 766.3
1409360 766.3
1409370 766.4
1409380 766.5
1409390 766.5
1409400 766.4
1409410 766.4
1409420 766.4
1409430 766.7
1409440 766.9
1409450 766.9
1409460 766.8
1409470 765.1
1409480 762.9
1409490 762.9
1409500 762.9
1409510 762.9
1409520 762.9
1409530 764.9
1409540 766.7
1409550 766.7
1409560 765.6
1409570 765.3
1409580 765.3
1409590 765.2
1409600 765.2
1409610 765.2
1409620 765.1
1409630 765.0
1409640 765.0
1409650 764.9
1409660 764.9
1409670 764.9
1409680 764.8
1409690 764.8
1409700 764.8
1409710 764.9
1409720 765.0
1409730 764.9
1409740 764.9
1409750 764.8
1409760 764.7
1409770 764.7
1409780 764.7
1409790 764.7
1409800 764.7
1409810 764.7
1409820 764.6
1409830 764.6
1409840 764.6
1409850 764.5
1409860 764.5
1409870 764.6
1409880 764.6
1409890 764.6
1409900 764.6
1409910 764.6
1409920 764.6
1409930 764.5
1409940 764.4
1409950 764.4
1409960 764.3
1409970 764.4
1409980 764.4
1409990 764.4
1410000 764.4
1410010 764.4
1410020 764.4
1410030 764.3
1410040 764.3
1410050 764.3
1410060 764.1
1410070 764.0
1410080 764.0
1410090 763.8
1410100 764.0
1410110 764.0
1410120 764.2
1410130 764.2
1410140 764.2
1410150 764.1
1410160 764.1
1410170 764.1
1410180 764.0
1410190 764.0
1410200 764.0
1410210 764.1
1410220 764.0
1410230 764.0
1410240 764.0
1410250 764.0
1410260 763.9
1410270 763.9
1410280 763.9
1410290 763.8
1410300 763.8
1410310 763.8
1410320 763.9
1410330 763.9
1410340 763.9
1410350 764.0
1410360 764.0
1410370 764.1
1410380 764.2
1410390 764.2
1410400 764.4
1410410 764.5
1410420 764.5
1410430 764.9
1410440 765.1
1410450 765.1
1410460 764.4
1410470 762.7
1410480 762.7
1410490 761.6
1410500 761.6
1410510 761.6
1410520 761.5
1410530 761.4
1410540 761.3
1410550 761.3
1410560 761.6
1410570 763.4
1410580 763.4
1410590 764.7
1410600 764.9
1410610 764.9
1410620 764.7
1410630 764.5
1410640 764.5
1410650 764.4
1410660 764.3
1410670 764.3
1410680 764.2
1410690 764.1
1410700 764.1
1410710 764.1
1410720 764.0
1410730 764.0
1410740 764.0
1410750 764.0
1410760 764.0
1410770 764.0
1410780 763.9
1410790 763.9
1410800 763.9
1410810 763.8
1410820 763.8
1410830 763.8
1410840 763.8
1410850 763.8
1410860 763.8
1410870 763.8
1410880 763.8
1410890 763.8
1410900 763.7
1410910 763.7
1410920 763.7
1410930 763.7
1410940 763.7
1410950 763.7
1410960 763.7
1410970 763.8
1410980 763.8
1410990 763.7
1411000 763.8
1411010 763.8
1411020 763.7
1411030 763.7
1411040 763.6
1411050 763.6
1411060 763.7
1411070 763.5
1411080 763.5
1411090 763.4
1411100 763.4
1411110 763.4
1411120 763.3
1411130 763.3
1411140 763.3
1411150 763.5
1411160 763.4
1411170 763.4
1411180 763.3
1411190 763.3
1411200 763.3
1411210 763.2
1411220 763.2
1411230 763.2
1411240 763.2
1411250 763.1
1411260 763.1
1411270 763.1
1411280 763.1
1411290 763.1
1411300 763.1
1411310 763.2
1411320 763.2
1411330 763.2
1411340 763.2
1411350 763.1
1411360 763.1
1411370 763.0
1411380 763.0
1411390 763.0
1411400 763.0
1411410 763.0
1411420 763.0
1411430 762.9
1411440 762.9
1411450 762.9
1411460 763.2
1411470 763.6
1411480 763.6
1411490 763.6
1411500 763.4
1411510 763.4
1411520 763.4
1411530 763.3
1411540 763.3
1411550 763.3
1411560 763.2
1411570 763.3
1411580 763.3
1411590 763.5
1411600 763.5
1411610 763.5
1411620 763.5
1411630 763.3
1411640 763.3
1411650 763.4
1411660 763.4
1411670 763.4
1411680 763.3
1411690 763.4
1411700 763.4
1411710 763.5
1411720 763.4
1411730 763.4
1411740 763.4
1411750 763.4
1411760 763.4
1411770 763.3
1411780 763.2
1411790 763.2
1411800 763.3
1411810 763.4
1411820 763.4
1411830 763.6
1411840 763.7
1411850 763.7
1411860 763.7
1411870 763.8
1411880 763.8
1411890 763.8
1411900 763.8
1411910 763.8
1411920 763.8
1411930 763.8
1411940 763.7
1411950 763.7
1411960 763.5
1411970 762.7
1411980 762.7
1411990 762.1
1412000 761.3
1412010 761.3
1412020 760.4
1412030 760.3
1412040 760.3
1412050 760.2
1412060 760.2
1412070 760.2
1412080 760.2
1412090 760.2
1412100 760.2
1412110 760.2
1412120 760.3
1412130 760.4
1412140 760.4
1412150 760.6
1412160 762.0
1412170 762.0
1412180 762.6
1412190 764.0
1412200 764.0
1412210 764.2
1412220 764.1
1412230 764.1
1412240 763.0
1412250 763.9
1412260 763.9
1412270 763.9
1412280 763.9
1412290 763.9
1412300 763.9
1412310 764.0
1412320 764.0
1412330 764.0
1412340 764.0
1412350 764.0
1412360 764.1
1412370 764.2
1412380 764.2
1412390 764.2
1412400 764.2
1412410 764.3
1412420 764.3
1412430 764.4
1412440 764.5
1412450 764.5
1412460 764.5
1412470 764.3
1412480 764.3
1412490 764.2
1412500 764.2
1412510 764.2
1412520 764.2
1412530 763.9
1412540 763.9
1412550 763.0
1412560 762.7
1412570 762.7
1412580 762.5
1412590 762.4
1412600 762.4
1412610 762.4
1412620 762.3
1412630 762.3
1412640 762.3
1412650 762.3
1412660 762.3
1412670 762.3
1412680 762.4
1412690 762.7
1412700 762.7
1412710 763.0
1412720 763.1
1412730 763.1
1412740 763.1
1412750 763.1
1412760 763.1
1412770 763.1
1412780 762.7
1412790 762.7
1412800 762.5
1412810 762.4
1412820 762.4
1412830 762.4
1412840 762.4
1412850 762.4
1412860 762.5
1412870 762.6
1412880 762.6
1412890 762.6
1412900 762.7
1412910 762.8
1412920 762.8
1412930 762.8
1412940 762.7
1412950 762.7
1412960 762.7
1412970 762.6
1412980 762.6
1412990 762.6
1413000 762.5
1413010 762.5
1413020 762.5
1413030 762.6
1413040 762.6
1413050 762.7
1413060 762.6
1413070 762.6
1413080 762.6
1413090 762.6
1413100 762.6
1413110 762.6
1413120 762.6
1413130 762.6
1413140 762.6
1413150 762.7
1413160 762.7
1413170 762.7
1413180 762.7
1413190 762.8
1413200 762.8
1413210 762.8
1413220 762.9
1413230 762.9
1413240 762.9
1413250 763.0
1413260 763.0
1413270 763.0
1413280 763.2
1413290 763.2
1413300 763.3
1413310 763.3
1413320 763.3
1413330 763.3
1413340 763.4
1413350 763.4
1413360 763.6
1413370 763.8
1413380 763.8
1413390 764.3
1413400 765.0
1413410 765.8
1413420 765.8
1413430 766.3
1413440 766.4
1413450 766.4
1413460 766.6
1413470 766.8
1413480 766.8
1413490 766.9
1413500 767.0
1413510 767.0
1413520 766.7
1413530 766.7
1413540 766.7
1413550 766.1
1413560 765.0
1413570 765.0
1413580 763.7
1413590 763.4
1413600 763.4
1413610 763.2
1413620 762.9
1413630 762.9
1413640 762.6
1413650 762.6
1413660 762.6
1413670 762.4
1413680 762.2
1413690 761.9
1413700 761.9
1413710 761.7
1413720 761.5
1413730 761.5
1413740 761.5
1413750 761.4
1413760 761.4
1413770 761.2
1413780 761.1
1413790 761.1
1413800 761.1
1413810 761.1
1413820 761.1
1413830 761.0
1413840 760.9
1413850 760.9
1413860 760.8
1413870 760.8
1413880 760.8
1413890 760.7
1413900 760.7
1413910 760.7
1413920 760.7
1413930 760.6
1413940 760.7
1413950 760.7
1413960 760.8
1413970 760.8
1413980 760.8
1413990 760.7
1414000 760.6
1414010 760.6
1414020 760.5
1414030 760.5
1414040 760.5
1414050 760.4
1414060 760.3
1414070 760.3
1414080 760.3
1414090 760.2
1414100 760.2
1414110 760.2
1414120 760.2
1414130 760.2
1414140 760.2
1414150 760.2
1414160 760.2
1414170 760.2
1414180 760.3
1414190 760.3
1414200 760.4
1414210 760.4
1414220 760.4
1414230 760.4
1414240 760.3
1414250 760.3
1414260 760.3
1414270 760.3
1414280 760.2
1414290 760.2
1414300 760.1
1414310 760.2
1414320 760.2
1414330 760.0
1414340 760.0
1414350 760.0
1414360 760.1
1414370 760.0
1414380 760.0
1414390 760.0
1414400 760.0
1414410 760.0
1414420 759.9
1414430 760.0
1414440 760.0
1414450 760.0
1414460 760.4
1414470 760.3
1414480 760.3
1414490 759.8
1414500 759.8
1414510 759.8
1414520 759.8
1414530 759.8
1414540 759.8
1414550 759.8
1414560 759.8
1414570 759.8
1414580 759.8
1414590 759.8
1414600 759.8
1414610 759.8
1414620 759.8
1414630 759.8
1414640 759.8
1414650 759.8
1414660 759.8
1414670 759.8
1414680 759.8
1414690 759.8
1414700 759.8
1414710 759.6
1414720 759.6
1414730 759.6
1414740 759.6
1414750 759.6
1414760 759.6
1414770 759.6
1414780 759.6
1414790 759.6
1414800 759.5
1414810 759.5
1414820 759.5
1414830 759.5
1414840 759.4
1414850 759.4
1414860 759.4
1414870 759.5
1414880 759.5
1414890 759.5
1414900 759.5
1414910 759.5
1414920 759.5
1414930 759.5
1414940 759.5
1414950 759.5
1414960 759.5
1414970 759.5
1414980 759.4
1414990 759.5
1415000 759.5
1415010 759.5
1415020 759.5
1415030 759.5
1415040 759.5
1415050 759.5
1415060 759.5
1415070 759.5
1415080 759.5
1415090 759.5
1415100 759.5
1415110 759.4
1415120 759.5
1415130 759.5
1415140 759.5
1415150 759.5
1415160 759.5
1415170 759.6
1415180 759.6
1415190 759.6
1415200 759.7
1415210 759.7
1415220 759.7
1415230 759.8
1415240 759.8
1415250 759.9
1415260 759.9
1415270 759.9
1415280 759.6
1415290 759.6
1415300 759.3
1415310 759.2
1415320 759.2
1415330 759.2
1415340 759.2
1415350 759.2
1415360 759.2
1415370 759.2
1415380 759.2
1415390 759.3
1415400 759.2
1415410 759.2
1415420 759.2
1415430 759.2
1415440 759.2
1415450 759.0
1415460 758.4
1415470 758.4
1415480 759.0
1415490 759.2
1415500 759.2
1415510 759.2
1415520 759.3
1415530 759.2
1415540 759.2
1415550 759.2
1415560 759.1
1415570 759.1
1415580 759.0
1415590 759.0
1415600 759.0
1415610 759.0
1415620 759.0
1415630 759.0
1415640 759.0
1415650 759.0
1415660 759.0
1415670 759.0
1415680 759.0
1415690 759.0
1415700 759.0
1415710 759.1
1415720 759.1
1415730 759.2
1415740 759.2
1415750 759.2
1415760 759.2
1415770 759.4
1415780 759.7
1415790 759.7
1415800 760.0
1415810 760.5
1415820 760.5
1415830 760.6
1415840 760.7
1415850 760.7
1415860 760.5
1415870 759.8
1415880 759.8
1415890 759.4
1415900 759.5
1415910 759.5
1415920 759.3
1415930 759.0
1415940 759.0
1415950 758.8
1415960 758.7
1415970 758.7
1415980 758.7
1415990 758.6
1416000 758.6
1416010 758.6
1416020 758.6
1416030 758.5
1416040 758.5
1416050 758.4
1416060 758.4
1416070 758.4
1416080 758.4
1416090 758.4
1416100 758.4
1416110 758.4
1416120 758.4
1416130 758.4
1416140 758.4
1416150 758.5
1416160 758.5
1416170 758.6
1416180 758.4
1416190 758.4
1416200 757.1
1416210 756.9
1416220 756.9
1416230 757.0
1416240 758.3
1416250 758.3
1416260 758.6
1416270 758.4
1416280 758.4
1416290 758.4
1416300 758.4
1416310 758.4
1416320 758.4
1416330 758.5
1416340 758.5
1416350 758.5
1416360 758.5
1416370 758.5
1416380 758.5
1416390 758.4
1416400 758.3
1416410 758.3
1416420 758.3
1416430 758.3
1416440 758.3
1416450 758.3
1416460 758.3
1416470 758.3
1416480 758.4
1416490 758.5
1416500 758.5
1416510 758.5
1416520 758.6
1416530 758.6
1416540 758.7
1416550 758.8
1416560 759.0
1416570 759.0
1416580 759.1
1416590 759.1
1416600 759.1
1416610 759.0
1416620 758.8
1416630 758.8
1416640 758.7
1416650 758.7
1416660 758.7
1416670 758.7
1416680 758.7
1416690 758.7
1416700 758.8
1416710 758.9
1416720 758.9
1416730 759.0
1416740 758.9
1416750 758.9
1416760 758.8
1416770 758.7
1416780 758.7
1416790 758.6
1416800 758.5
1416810 758.5
1416820 758.4
1416830 758.3
1416840 758.2
1416850 758.2
1416860 758.1
1416870 758.0
1416880 758.0
1416890 758.0
1416900 757.9
1416910 757.9
1416920 757.7
1416930 757.7
1416940 757.7
1416950 757.6
1416960 757.6
1416970 757.6
1416980 757.6
1416990 757.6
1417000 757.6
1417010 757.5
1417020 757.5
1417030 757.5
1417040 757.5
1417050 757.5
1417060 757.3
1417070 757.5
1417080 757.5
1417090 757.5
1417100 757.5
1417110 757.4
1417120 757.4
1417130 757.4
1417140 757.4
1417150 757.4
1417160 757.4
1417170 757.4
1417180 757.4
1417190 757.4
1417200 757.4
1417210 757.4
1417220 757.4
1417230 757.5
1417240 757.6
1417250 757.6
1417260 757.6
1417270 757.7
1417280 757.7
1417290 757.7
1417300 757.8
1417310 757.8
1417320 757.9
1417330 757.9
1417340 757.9
1417350 757.9
1417360 757.8
1417370 757.8
1417380 757.8
1417390 756.9
1417400 755.6
1417410 755.6
1417420 755.8
1417430 755.7
1417440 755.7
1417450 755.6
1417460 755.6
1417470 755.6
1417480 755.6
1417490 755.7
1417500 755.7
1417510 755.8
1417520 755.9
1417530 755.9
1417540 756.5
1417550 757.7
1417560 757.7
1417570 758.0
1417580 758.3
1417590 758.3
1417600 758.0
1417610 757.9
1417620 757.8
1417630 757.8
1417640 757.7
1417650 757.6
1417660 757.6
1417670 757.5
1417680 757.4
1417690 757.4
1417700 757.4
1417710 757.3
1417720 757.3
1417730 757.3
1417740 757.2
1417750 757.2
1417760 757.1
1417770 757.1
1417780 757.1
1417790 757.1
1417800 757.0
1417810 757.0
1417820 757.0
1417830 757.0
1417840 757.0
1417850 756.9
1417860 756.9
1417870 756.9
1417880 756.9
1417890 756.9
1417900 756.9
1417910 756.9
1417920 756.9
1417930 757.0
1417940 757.0
1417950 756.9
1417960 756.9
1417970 756.9
1417980 756.9
1417990 756.9
1418000 756.9
1418010 756.9
1418020 756.9
1418030 756.9
1418040 756.9
1418050 756.9
1418060 756.9
1418070 756.9
1418080 756.9
1418090 756.9
1418100 756.9
1418110 757.0
1418120 757.0
1418130 757.2
1418140 757.3
1418150 757.2
1418160 757.2
1418170 757.2
1418180 757.2
1418190 757.2
1418200 757.3
1418210 757.5
1418220 757.5
1418230 757.4
1418240 757.4
1418250 757.4
1418260 757.4
1418270 757.4
1418280 757.4
1418290 757.3
1418300 757.3
1418310 757.3
1418320 757.3
1418330 757.3
1418340 757.3
1418350 757.2
1418360 757.2
1418370 757.2
1418380 757.1
1418390 757.0
1418400 757.0
1418410 757.0
1418420 756.9
1418430 756.9
1418440 756.9
1418450 756.9
1418460 756.8
1418470 756.8
1418480 756.8
1418490 756.8
1418500 756.8
1418510 756.8
1418520 756.8
1418530 756.8
1418540 756.8
1418550 756.8
1418560 756.8
1418570 756.8
1418580 756.7
1418590 756.7
1418600 756.7
1418610 756.7
1418620 756.7
1418630 756.6
1418640 756.6
1418650 756.6
1418660 756.6
1418670 756.6
1418680 756.6
1418690 756.6
1418700 756.6
1418710 756.5
1418720 756.5
1418730 756.5
1418740 756.6
1418750 756.6
1418760 756.6
1418770 756.6
1418780 756.6
1418790 756.6
1418800 756.6
1418810 756.6
1418820 756.6
1418830 756.6
1418840 756.6
1418850 756.5
1418860 756.5
1418870 756.5
1418880 756.6
1418890 756.5
1418900 756.5
1418910 756.4
1418920 756.5
1418930 756.5
1418940 756.5
1418950 756.5
1418960 756.4
1418970 756.4
1418980 756.5
1418990 756.4
1419000 756.4
1419010 756.4
1419020 756.4
1419030 756.4
1419040 756.3
1419050 756.3
1419060 756.3
1419070 756.3
1419080 756.3
1419090 756.3
1419100 756.5
1419110 756.6
1419120 756.6
1419130 756.7
1419140 756.8
1419150 756.8
1419160 756.8
1419170 757.0
1419180 757.0
1419190 757.2
1419200 757.4
1419210 757.6
1419220 757.6
1419230 757.7
1419240 757.5
1419250 757.5
1419260 756.1
1419270 754.4
1419280 754.4
1419290 753.9
1419300 753.9
1419310 753.9
1419320 753.9
1419330 754.4
1419340 754.4
1419350 756.5
1419360 758.1
1419370 758.1
1419380 758.2
1419390 758.3
1419400 758.3
1419410 758.6
1419420 759.2
1419430 759.2
1419440 759.3
1419450 758.2
1419460 757.6
1419470 757.6
1419480 757.2
1419490 757.0
1419500 757.0
1419510 756.9
1419520 756.9
1419530 756.9
1419540 756.8
1419550 756.9
1419560 756.9
1419570 756.9
1419580 756.9
1419590 756.9
1419600 756.9
1419610 756.9
1419620 756.9
1419630 756.9
1419640 757.1
1419650 757.1
1419660 758.8
1419670 759.2
1419680 759.2
1419690 757.9
1419700 757.5
1419710 757.5
1419720 757.5
1419730 757.4
1419740 757.7
1419750 757.7
1419760 757.7
1419770 757.6
1419780 757.6
1419790 757.5
1419800 757.5
1419810 757.5
1419820 757.4
1419830 757.5
1419840 757.5
1419850 757.7
1419860 757.8
1419870 757.8
1419880 757.9
1419890 758.0
1419900 758.0
1419910 758.2
1419920 758.2
1419930 758.2
1419940 758.3
1419950 758.5
1419960 758.5
1419970 758.6
1419980 758.8
1419990 759.0
