1400000 833.1
1400010 833.2
1400020 833.2
1400030 833.7
1400040 834.1
1400050 834.1
1400060 834.1
1400070 834.5
1400080 834.5
1400090 835.3
1400100 836.3
1400110 836.3
1400120 837.3
1400130 838.1
1400140 838.1
1400150 838.7
1400160 839.2
1400170 839.8
1400180 839.8
1400190 840.3
1400200 840.7
1400210 840.7
1400220 840.7
1400230 840.4
1400240 840.4
1400250 840.3
1400260 840.6
1400270 840.6
1400280 841.5
1400290 842.5
1400300 842.5
1400310 843.2
1400320 844.0
1400330 844.0
1400340 844.7
1400350 845.4
1400360 845.4
1400370 846.1
1400380 846.8
1400390 843.6
1400400 844.5
1400410 845.4
1400420 845.4
1400430 846.4
1400440 847.3
1400450 848.0
1400460 848.0
1400470 848.6
1400480 849.1
1400490 849.1
1400500 849.5
1400510 850.0
1400520 850.0
1400530 850.5
1400540 851.0
1400550 851.0
1400560 851.5
1400570 852.0
1400580 852.0
1400590 852.5
1400600 853.4
1400610 853.4
1400620 853.6
1400630 853.8
1400640 853.8
1400650 854.7
1400660 855.3
1400670 855.3
1400680 855.7
1400690 855.8
1400700 856.0
1400710 856.0
1400720 856.3
1400730 856.6
1400740 856.6
1400750 857.1
1400760 857.7
1400770 857.7
1400780 858.0
1400790 858.3
1400800 858.3
1400810 858.5
1400820 858.7
1400830 858.7
1400840 858.7
1400850 858.6
1400860 858.6
1400870 858.4
1400880 858.4
1400890 858.4
1400900 857.2
1400910 851.1
1400920 851.1
1400930 841.1
1400940 835.9
1400950 829.3
1400960 829.3
1400970 819.8
1400980 819.6
1400990 819.6
1401000 824.3
1401010 830.9
1401020 830.9
1401030 838.0
1401040 846.3
1401050 846.3
1401060 858.5
1401070 863.3
1401080 863.3
1401090 863.1
1401100 863.3
1401110 863.3
1401120 863.5
1401130 863.9
1401140 863.9
1401150 864.5
1401160 865.2
1401170 865.2
1401180 866.1
1401190 866.9
1401200 866.9
1401210 867.4
1401220 867.6
1401230 867.6
1401240 867.6
1401250 867.9
1401260 867.7
1401270 867.7
1401280 867.1
1401290 866.9
1401300 866.9
1401310 866.9
1401320 866.9
1401330 866.9
1401340 867.2
1401350 867.2
1401360 867.2
1401370 866.8
1401380 866.9
1401390 866.9
1401400 867.0
1401410 867.4
1401420 867.4
1401430 868.5
1401440 869.5
1401450 869.5
1401460 869.9
1401470 870.0
1401480 870.0
1401490 870.0
1401500 870.0
1401510 869.8
1401520 869.8
1401530 869.5
1401540 869.1
1401550 869.1
1401560 868.4
1401570 867.6
1401580 867.6
1401590 867.1
1401600 866.4
1401610 866.4
1401620 864.1
1401630 861.7
1401640 861.7
1401650 859.8
1401660 858.4
1401670 858.4
1401680 857.4
1401690 856.5
1401700 856.5
1401710 855.6
1401720 854.8
1401730 854.8
1401740 854.0
1401750 853.3
1401760 852.5
1401770 852.5
1401780 852.0
1401790 851.6
1401800 851.6
1401810 850.9
1401820 850.1
1401830 850.1
1401840 849.5
1401850 848.9
1401860 848.9
1401870 848.1
1401880 847.5
1401890 847.5
1401900 846.7
1401910 846.2
1401920 842.8
1401930 842.2
1401940 841.4
1401950 841.4
1401960 840.5
1401970 839.3
1401980 839.3
1401990 837.6
1402000 835.7
1402010 834.2
1402020 834.2
1402030 832.0
1402040 830.6
1402050 830.6
1402060 831.0
1402070 829.7
1402080 829.7
1402090 828.3
1402100 827.1
1402110 827.1
1402120 826.4
1402130 826.0
1402140 826.0
1402150 825.7
1402160 825.5
1402170 825.5
1402180 823.3
1402190 815.4
1402200 815.4
1402210 818.7
1402220 826.8
1402230 826.8
1402240 828.8
1402250 829.0
1402260 829.0
1402270 829.4
1402280 829.8
1402290 830.6
1402300 830.6
1402310 831.6
1402320 831.6
1402330 831.6
1402340 831.6
1402350 831.5
1402360 831.5
1402370 831.0
1402380 831.0
1402390 831.0
1402400 831.1
1402410 831.1
1402420 831.1
1402430 831.0
1402440 830.5
1402450 830.5
1402460 829.9
1402470 829.4
1402480 829.4
1402490 829.1
1402500 828.8
1402510 828.8
1402520 828.7
1402530 828.3
1402540 827.0
1402550 827.0
1402560 825.7
1402570 825.2
1402580 825.2
1402590 825.3
1402600 825.8
1402610 825.8
1402620 825.7
1402630 825.5
1402640 825.5
1402650 825.6
1402660 825.9
1402670 825.9
1402680 826.5
1402690 826.8
1402700 826.8
1402710 826.7
1402720 826.3
1402730 826.3
1402740 826.0
1402750 825.6
1402760 825.6
1402770 825.5
1402780 825.4
1402790 825.4
1402800 825.2
1402810 824.8
1402820 824.6
1402830 824.6
1402840 824.3
1402850 824.0
1402860 824.0
1402870 823.7
1402880 823.4
1402890 823.4
1402900 823.0
1402910 822.9
1402920 822.9
1402930 823.3
1402940 823.6
1402950 823.6
1402960 823.6
1402970 823.6
1402980 823.6
1402990 823.8
1403000 824.1
1403010 824.1
1403020 824.4
1403030 824.6
1403040 824.6
1403050 823.1
1403060 821.8
1403070 824.0
1403080 824.0
1403090 826.1
1403100 828.7
1403110 828.7
1403120 830.2
1403130 830.9
1403140 830.9
1403150 831.9
1403160 833.4
1403170 833.4
1403180 834.8
1403190 836.0
1403200 836.0
1403210 837.5
1403220 839.8
1403230 839.8
1403240 842.4
1403250 843.5
1403260 843.5
1403270 844.2
1403280 844.9
1403290 844.9
1403300 846.9
1403310 848.5
1403320 848.5
1403330 848.9
1403340 848.3
1403350 845.5
1403360 845.5
1403370 841.4
1403380 838.6
1403390 838.6
1403400 841.9
1403410 847.4
1403420 847.4
1403430 848.7
1403440 852.3
1403450 852.3
1403460 856.9
1403470 859.9
1403480 858.1
1403490 860.1
1403500 861.7
1403510 861.7
1403520 863.2
1403530 864.7
1403540 864.7
1403550 866.5
1403560 868.6
1403570 868.6
1403580 870.7
1403590 872.5
1403600 874.1
1403610 874.1
1403620 875.5
1403630 877.1
1403640 877.1
1403650 878.7
1403660 879.6
1403670 879.6
1403680 880.3
1403690 880.5
1403700 880.5
1403710 880.5
1403720 880.4
1403730 880.4
1403740 880.5
1403750 881.0
1403760 881.0
1403770 881.3
1403780 881.8
1403790 881.8
1403800 883.0
1403810 884.2
1403820 884.2
1403830 885.5
1403840 887.1
1403850 887.1
1403860 888.7
1403870 890.2
1403880 891.4
1403890 891.4
1403900 892.4
1403910 893.2
1403920 893.2
1403930 893.8
1403940 894.2
1403950 894.2
1403960 894.6
1403970 893.4
1403980 893.4
1403990 891.9
1404000 891.0
1404010 891.0
1404020 890.2
1404030 889.7
1404040 889.7
1404050 889.4
1404060 888.9
1404070 888.9
1404080 888.4
1404090 887.3
1404100 887.3
1404110 886.8
1404120 887.0
1404130 886.9
1404140 886.9
1404150 887.0
1404160 887.2
1404170 887.2
1404180 886.7
1404190 885.9
1404200 885.9
1404210 883.7
1404220 882.0
1404230 882.0
1404240 880.8
1404250 879.3
1404260 879.3
1404270 878.0
1404280 877.2
1404290 877.2
1404300 876.3
1404310 875.8
1404320 875.8
1404330 875.5
1404340 874.2
1404350 874.2
1404360 872.8
1404370 871.4
1404380 871.4
1404390 869.4
1404400 867.7
1404410 867.1
1404420 867.1
1404430 865.5
1404440 864.2
1404450 864.2
1404460 863.3
1404470 862.8
1404480 862.8
1404490 861.8
1404500 860.4
1404510 860.4
1404520 859.3
1404530 858.3
1404540 858.3
1404550 857.7
1404560 857.1
1404570 857.1
1404580 856.6
1404590 855.9
1404600 855.9
1404610 855.1
1404620 854.0
1404630 854.0
1404640 852.8
1404650 851.5
1404660 850.3
1404670 850.3
1404680 849.0
1404690 847.4
1404700 847.4
1404710 846.0
1404720 844.6
1404730 844.6
1404740 843.2
1404750 841.8
1404760 841.8
1404770 840.7
1404780 839.6
1404790 839.6
1404800 837.8
1404810 835.9
1404820 835.9
1404830 835.7
1404840 836.0
1404850 836.0
1404860 835.5
1404870 834.6
1404880 834.6
1404890 833.7
1404900 832.6
1404910 832.6
1404920 831.5
1404930 830.5
1404940 829.3
1404950 829.3
1404960 827.9
1404970 824.6
1404980 824.6
1404990 824.1
1405000 823.4
1405010 823.4
1405020 823.6
1405030 824.0
1405040 824.0
1405050 823.1
1405060 822.7
1405070 817.9
1405080 817.1
1405090 816.2
1405100 816.2
1405110 815.1
1405120 814.7
1405130 814.7
1405140 814.0
1405150 813.6
1405160 813.6
1405170 812.0
1405180 810.7
1405190 810.4
1405200 810.4
1405210 808.4
1405220 808.2
1405230 808.2
1405240 809.2
1405250 808.0
1405260 808.0
1405270 807.5
1405280 808.7
1405290 808.7
1405300 808.9
1405310 808.4
1405320 808.4
1405330 808.2
1405340 808.7
1405350 808.7
1405360 808.6
1405370 809.5
1405380 809.5
1405390 808.4
1405400 807.2
1405410 807.2
1405420 809.8
1405430 809.9
1405440 809.7
1405450 809.7
1405460 809.7
1405470 809.8
1405480 809.8
1405490 809.5
1405500 807.6
1405510 807.6
1405520 807.1
1405530 809.6
1405540 809.6
1405550 809.5
1405560 809.2
1405570 809.2
1405580 809.0
1405590 809.2
1405600 809.2
1405610 809.0
1405620 808.9
1405630 808.9
1405640 809.4
1405650 810.2
1405660 810.2
1405670 810.8
1405680 812.0
1405690 812.0
1405700 812.8
1405710 813.0
1405720 813.8
1405730 813.8
1405740 814.8
1405750 816.2
1405760 816.2
1405770 817.9
1405780 818.7
1405790 818.7
1405800 819.2
1405810 818.3
1405820 818.3
1405830 819.9
1405840 819.8
1405850 819.8
1405860 819.0
1405870 818.4
1405880 818.4
1405890 818.2
1405900 818.6
1405910 818.6
1405920 818.7
1405930 820.8
1405940 820.8
1405950 826.5
1405960 828.7
1405970 829.8
1405980 829.8
1405990 830.3
1406000 830.9
1406010 830.9
1406020 830.7
1406030 829.6
1406040 829.6
1406050 829.5
1406060 829.7
1406070 829.7
1406080 830.0
1406090 830.7
1406100 830.7
1406110 832.2
1406120 832.6
1406130 832.6
1406140 836.7
1406150 838.0
1406160 838.0
1406170 837.8
1406180 838.5
1406190 838.5
1406200 839.2
1406210 839.4
1406220 839.4
1406230 840.1
1406240 839.4
1406250 839.2
1406260 839.2
1406270 839.3
1406280 839.2
1406290 839.2
1406300 838.9
1406310 838.6
1406320 838.6
1406330 838.9
1406340 839.1
1406350 839.1
1406360 838.4
1406370 837.8
1406380 837.8
1406390 838.0
1406400 838.8
1406410 838.8
1406420 838.4
1406430 838.9
1406440 838.9
1406450 839.9
1406460 840.3
1406470 840.3
1406480 840.1
1406490 839.5
1406500 839.7
1406510 839.7
1406520 840.6
1406530 840.8
1406540 840.8
1406550 840.9
1406560 840.9
1406570 840.9
1406580 841.1
1406590 842.0
1406600 842.0
1406610 843.6
1406620 844.7
1406630 844.7
1406640 844.5
1406650 842.6
1406660 842.6
1406670 840.8
1406680 839.3
1406690 839.3
1406700 831.5
1406710 831.1
1406720 831.1
1406730 830.1
1406740 828.8
1406750 828.8
1406760 827.8
1406770 828.2
1406780 828.8
1406790 828.8
1406800 828.9
1406810 828.8
1406820 828.8
1406830 828.6
1406840 828.1
1406850 828.1
1406860 826.7
1406870 825.4
1406880 825.4
1406890 824.5
1406900 823.3
1406910 823.3
1406920 822.0
1406930 821.8
1406940 821.8
1406950 822.3
1406960 822.7
1406970 822.7
1406980 823.0
1406990 823.6
1407000 823.6
1407010 823.3
1407020 822.4
1407030 821.6
1407040 821.6
1407050 821.2
1407060 820.7
1407070 820.7
1407080 820.6
1407090 820.8
1407100 820.8
1407110 820.7
1407120 821.0
1407130 821.0
1407140 821.9
1407150 822.3
1407160 822.3
1407170 822.0
1407180 821.6
1407190 821.6
1407200 820.7
1407210 819.6
1407220 819.6
1407230 818.3
1407240 817.4
1407250 817.4
1407260 817.5
1407270 819.0
1407280 819.0
1407290 818.2
1407300 817.7
1407310 817.8
1407320 817.8
1407330 817.7
1407340 817.9
1407350 817.9
1407360 816.7
1407370 815.8
1407380 815.8
1407390 816.7
1407400 818.4
1407410 818.4
1407420 819.7
1407430 819.8
1407440 819.8
1407450 819.5
1407460 818.7
1407470 818.7
1407480 818.0
1407490 816.4
1407500 816.4
1407510 810.0
1407520 807.0
1407530 807.0
1407540 807.5
1407550 807.9
1407560 808.0
1407570 808.0
1407580 809.8
1407590 812.8
1407600 812.8
1407610 816.4
1407620 823.4
1407630 823.4
1407640 825.1
1407650 824.8
1407660 824.8
1407670 823.9
1407680 822.8
1407690 822.8
1407700 822.2
1407710 822.0
1407720 822.0
1407730 822.6
1407740 822.9
1407750 822.9
1407760 823.2
1407770 823.1
1407780 823.1
1407790 822.8
1407800 822.5
1407810 822.5
1407820 822.7
1407830 823.5
1407840 824.6
1407850 824.6
1407860 825.5
1407870 826.2
1407880 826.2
1407890 826.9
1407900 827.8
1407910 827.8
1407920 828.9
1407930 830.0
1407940 830.0
1407950 830.9
1407960 831.2
1407970 831.2
1407980 831.5
1407990 831.0
1408000 831.0
1408010 830.4
1408020 829.9
1408030 829.9
1408040 831.4
1408050 834.0
1408060 834.0
1408070 835.2
1408080 835.6
1408090 833.9
1408100 833.9
1408110 831.3
1408120 831.0
1408130 831.0
1408140 831.8
1408150 831.9
1408160 831.9
1408170 831.2
1408180 830.5
1408190 830.5
1408200 829.9
1408210 829.2
1408220 829.2
1408230 828.4
1408240 827.8
1408250 827.8
1408260 827.9
1408270 828.2
1408280 828.2
1408290 828.2
1408300 828.2
1408310 828.2
1408320 828.1
1408330 828.7
1408340 829.3
1408350 822.5
1408360 822.5
1408370 823.4
1408380 823.4
1408390 824.6
1408400 826.1
1408410 826.1
1408420 827.5
1408430 828.9
1408440 828.9
1408450 829.8
1408460 830.5
1408470 830.5
1408480 830.4
1408490 830.3
1408500 830.3
1408510 830.0
1408520 829.5
1408530 829.5
1408540 829.4
1408550 830.6
1408560 830.6
1408570 833.3
1408580 834.1
1408590 834.1
1408600 833.9
1408610 834.0
1408620 834.2
1408630 834.2
1408640 834.1
1408650 833.9
1408660 833.9
1408670 833.7
1408680 834.0
1408690 834.0
1408700 834.3
1408710 834.6
1408720 834.6
1408730 835.2
1408740 836.0
1408750 836.0
1408760 838.0
1408770 838.9
1408780 838.9
1408790 839.9
1408800 843.0
1408810 843.0
1408820 844.5
1408830 845.7
1408840 845.7
1408850 846.4
1408860 846.2
1408870 846.1
1408880 846.1
1408890 848.0
1408900 850.0
1408910 850.0
1408920 850.5
1408930 849.8
1408940 849.8
1408950 847.7
1408960 845.6
1408970 845.6
1408980 843.5
1408990 843.7
1409000 843.7
1409010 845.6
1409020 846.0
1409030 846.0
1409040 845.8
1409050 846.3
1409060 846.3
1409070 847.8
1409080 848.3
1409090 848.3
1409100 850.0
1409110 853.5
1409120 853.5
1409130 855.9
1409140 857.2
1409150 859.0
1409160 859.0
1409170 860.4
1409180 862.2
1409190 862.2
1409200 863.0
1409210 863.4
1409220 863.4
1409230 863.7
1409240 863.9
1409250 863.9
1409260 863.9
1409270 862.9
1409280 862.9
1409290 861.7
1409300 860.7
1409310 860.7
1409320 852.4
1409330 849.2
1409340 849.2
1409350 856.3
1409360 861.9
1409370 861.9
1409380 862.6
1409390 863.4
1409400 863.5
1409410 863.5
1409420 863.2
1409430 862.9
1409440 862.9
1409450 862.8
1409460 863.0
1409470 863.0
1409480 863.0
1409490 860.2
1409500 860.2
1409510 858.7
1409520 860.7
1409530 860.7
1409540 861.3
1409550 862.8
1409560 862.8
1409570 869.1
1409580 870.4
1409590 870.4
1409600 871.4
1409610 871.7
1409620 871.7
1409630 870.9
1409640 869.8
1409650 869.8
1409660 868.2
1409670 866.1
1409680 863.9
1409690 863.9
1409700 862.1
1409710 860.6
1409720 860.6
1409730 859.5
1409740 858.5
1409750 858.5
1409760 856.0
1409770 852.9
1409780 852.9
1409790 854.4
1409800 856.9
1409810 856.9
1409820 856.7
1409830 856.3
1409840 856.3
1409850 857.0
1409860 858.8
1409870 858.8
1409880 860.7
1409890 863.7
1409900 863.7
1409910 866.4
1409920 868.5
1409930 870.9
1409940 870.9
1409950 873.5
1409960 874.5
1409970 874.5
1409980 874.8
1409990 875.8
1410000 875.8
1410010 876.5
1410020 877.0
1410030 877.0
1410040 870.9
1410050 871.5
1410060 871.5
1410070 872.8
1410080 873.0
1410090 873.0
1410100 874.6
1410110 877.4
1410120 877.4
1410130 879.5
1410140 880.9
1410150 880.9
1410160 881.8
1410170 881.9
1410180 881.9
1410190 882.0
1410200 882.3
1410210 882.2
1410220 882.2
1410230 882.3
1410240 883.5
1410250 883.5
1410260 885.5
1410270 887.6
1410280 887.6
1410290 890.9
1410300 893.6
1410310 893.6
1410320 895.2
1410330 896.6
1410340 896.6
1410350 899.1
1410360 902.1
1410370 902.1
1410380 905.7
1410390 909.0
1410400 909.0
1410410 910.7
1410420 910.3
1410430 910.3
1410440 909.5
1410450 908.6
1410460 907.6
1410470 907.6
1410480 906.3
1410490 905.0
1410500 905.0
1410510 903.7
1410520 902.5
1410530 902.5
1410540 901.4
1410550 899.9
1410560 899.9
1410570 898.2
1410580 896.7
1410590 896.7
1410600 895.1
1410610 893.6
1410620 893.6
1410630 892.0
1410640 890.7
1410650 890.7
1410660 889.7
1410670 888.1
1410680 888.1
1410690 886.8
1410700 885.3
1410710 885.3
1410720 883.9
1410730 882.7
1410740 881.6
1410750 881.6
1410760 880.2
1410770 878.4
1410780 878.4
1410790 876.9
1410800 875.3
1410810 875.3
1410820 873.8
1410830 872.3
1410840 872.3
1410850 871.4
1410860 870.2
1410870 870.2
1410880 868.8
1410890 867.4
1410900 867.4
1410910 865.9
1410920 864.3
1410930 864.3
1410940 862.9
1410950 861.5
1410960 861.5
1410970 860.5
1410980 859.3
1410990 857.8
1411000 857.8
1411010 856.7
1411020 855.7
1411030 855.7
1411040 854.4
1411050 853.3
1411060 853.3
1411070 852.4
1411080 851.4
1411090 851.4
1411100 850.7
1411110 849.2
1411120 849.2
1411130 847.8
1411140 846.8
1411150 846.8
1411160 845.3
1411170 844.6
1411180 844.6
1411190 843.3
1411200 842.1
1411210 842.1
1411220 840.3
1411230 839.4
1411240 839.4
1411250 839.4
1411260 839.2
1411270 839.0
1411280 839.0
1411290 838.5
1411300 838.0
1411310 838.0
1411320 837.6
1411330 836.6
1411340 836.6
1411350 835.8
1411360 835.9
1411370 835.9
1411380 835.7
1411390 835.1
1411400 835.1
1411410 834.3
1411420 833.4
1411430 833.4
1411440 832.2
1411450 830.6
1411460 830.6
1411470 829.1
1411480 827.7
1411490 827.7
1411500 826.8
1411510 825.9
1411520 824.8
1411530 824.8
1411540 823.7
1411550 822.6
1411560 822.6
1411570 821.8
1411580 821.0
1411590 821.0
1411600 820.2
1411610 819.3
1411620 819.3
1411630 818.2
1411640 817.0
1411650 817.0
1411660 816.1
1411670 815.4
1411680 815.4
1411690 814.5
1411700 813.9
1411710 813.9
1411720 813.3
1411730 812.6
1411740 812.6
1411750 811.8
1411760 811.1
1411770 809.4
1411780 808.8
1411790 808.3
1411800 807.7
1411810 807.7
1411820 807.0
1411830 806.1
1411840 806.1
1411850 805.6
1411860 804.9
1411870 804.9
1411880 804.1
1411890 802.1
1411900 802.1
1411910 801.0
1411920 800.6
1411930 800.6
1411940 800.0
1411950 798.6
1411960 798.6
1411970 797.5
1411980 796.8
1411990 796.8
1412000 795.7
1412010 794.5
1412020 794.5
1412030 794.6
1412040 794.1
1412050 793.3
1412060 793.3
1412070 792.6
1412080 792.4
1412090 792.4
1412100 792.3
1412110 791.8
1412120 791.8
1412130 791.0
1412140 790.4
1412150 790.4
1412160 790.1
1412170 789.0
1412180 789.0
1412190 787.9
1412200 787.3
1412210 787.3
1412220 787.0
1412230 786.2
1412240 786.2
1412250 784.9
1412260 784.2
1412270 784.2
1412280 783.9
1412290 783.8
1412300 783.8
1412310 783.7
1412320 783.6
1412330 782.9
1412340 782.9
1412350 781.7
1412360 783.0
1412370 783.0
1412380 782.7
1412390 780.9
1412400 780.9
1412410 782.1
1412420 781.9
1412430 781.9
1412440 782.2
1412450 782.3
1412460 782.3
1412470 781.7
1412480 782.1
1412490 782.1
1412500 782.7
1412510 782.7
1412520 782.7
1412530 782.8
1412540 782.8
1412550 782.8
1412560 783.3
1412570 782.5
1412580 782.6
1412590 782.6
1412600 782.7
1412610 783.0
1412620 783.0
1412630 783.0
1412640 782.9
1412650 782.9
1412660 782.6
1412670 782.4
1412680 782.4
1412690 782.3
1412700 782.2
1412710 782.2
1412720 782.1
1412730 782.0
1412740 782.0
1412750 782.0
1412760 782.3
1412770 782.3
1412780 782.3
1412790 781.8
1412800 781.8
1412810 781.5
1412820 781.3
1412830 781.0
1412840 781.0
1412850 780.6
1412860 780.5
1412870 780.5
1412880 780.5
1412890 780.4
1412900 780.4
1412910 780.1
1412920 779.8
1412930 779.8
1412940 779.6
1412950 779.4
1412960 779.4
1412970 779.3
1412980 779.1
1412990 779.1
1413000 778.9
1413010 778.7
1413020 778.7
1413030 778.5
1413040 778.2
1413050 778.2
1413060 778.0
1413070 777.8
1413080 777.8
1413090 778.3
1413100 778.4
1413110 777.9
1413120 777.9
1413130 777.4
1413140 776.9
1413150 776.9
1413160 776.4
1413170 776.3
1413180 776.3
1413190 776.6
1413200 776.8
1413210 776.8
1413220 776.8
1413230 776.6
1413240 776.6
1413250 776.6
1413260 776.6
1413270 776.6
1413280 776.4
1413290 776.0
1413300 776.0
1413310 775.5
1413320 774.8
1413330 774.8
1413340 774.3
1413350 774.1
1413360 774.6
1413370 774.6
1413380 775.1
1413390 775.4
1413400 775.4
1413410 775.5
1413420 775.1
1413430 775.1
1413440 774.6
1413450 774.4
1413460 774.4
1413470 774.2
1413480 773.3
1413490 773.3
1413500 773.2
1413510 773.0
1413520 773.0
1413530 772.7
1413540 771.2
1413550 771.2
1413560 771.1
1413570 771.1
1413580 771.1
1413590 770.3
1413600 769.8
1413610 769.8
1413620 769.7
1413630 769.5
1413640 769.2
1413650 769.2
1413660 768.9
1413670 768.5
1413680 768.5
1413690 768.1
1413700 767.7
1413710 767.7
1413720 767.4
1413730 767.1
1413740 767.1
1413750 766.8
1413760 766.5
1413770 766.5
1413780 766.2
1413790 765.9
1413800 765.9
1413810 765.7
1413820 765.5
1413830 765.5
1413840 765.3
1413850 765.0
1413860 765.0
1413870 764.8
1413880 764.5
1413890 764.3
1413900 764.3
1413910 764.1
1413920 763.9
1413930 763.9
1413940 763.8
1413950 764.5
1413960 764.5
1413970 764.2
1413980 763.3
1413990 763.3
1414000 763.1
1414010 763.0
1414020 763.0
1414030 762.9
1414040 762.9
1414050 762.9
1414060 762.9
1414070 762.8
1414080 762.8
1414090 762.7
1414100 762.6
1414110 762.6
1414120 762.5
1414130 762.5
1414140 762.5
1414150 762.6
1414160 762.6
1414170 762.6
1414180 762.6
1414190 762.6
1414200 762.8
1414210 762.8
1414220 762.9
1414230 762.5
1414240 762.5
1414250 762.7
1414260 762.6
1414270 762.6
1414280 762.3
1414290 761.9
1414300 761.9
1414310 761.7
1414320 761.5
1414330 761.5
1414340 761.4
1414350 761.4
1414360 761.4
1414370 761.3
1414380 761.1
1414390 761.1
1414400 761.0
1414410 760.9
1414420 760.8
1414430 760.8
1414440 760.8
1414450 760.7
1414460 760.7
1414470 760.7
1414480 760.6
1414490 760.6
1414500 760.6
1414510 760.6
1414520 760.6
1414530 760.5
1414540 760.5
1414550 760.5
1414560 760.4
1414570 760.4
1414580 760.4
1414590 760.4
1414600 760.5
1414610 760.5
1414620 760.4
1414630 760.4
1414640 760.4
1414650 760.3
1414660 760.2
1414670 760.2
1414680 760.2
1414690 760.1
1414700 760.1
1414710 760.1
1414720 760.1
1414730 760.0
1414740 760.0
1414750 759.9
1414760 759.8
1414770 759.8
1414780 759.8
1414790 759.8
1414800 759.8
1414810 759.8
1414820 759.9
1414830 759.9
1414840 760.2
1414850 760.5
1414860 760.5
1414870 760.6
1414880 760.8
1414890 760.8
1414900 760.8
1414910 760.8
1414920 760.8
1414930 760.9
1414940 761.0
1414950 760.9
1414960 760.9
1414970 760.2
1414980 760.0
1414990 760.0
1415000 760.0
1415010 760.0
1415020 760.0
1415030 760.1
1415040 760.1
1415050 760.1
1415060 760.3
1415070 760.6
1415080 760.6
1415090 761.0
1415100 761.1
1415110 761.1
1415120 760.8
1415130 760.6
1415140 760.6
1415150 760.7
1415160 760.8
1415170 760.8
1415180 761.0
1415190 761.3
1415200 761.3
1415210 761.7
1415220 762.0
1415230 762.7
1415240 762.7
1415250 762.7
1415260 762.9
1415270 762.9
1415280 763.2
1415290 763.5
1415300 763.5
1415310 765.1
1415320 765.8
1415330 765.8
1415340 765.5
1415350 765.5
1415360 765.2
1415370 765.3
1415380 765.2
1415390 765.2
1415400 763.9
1415410 764.9
1415420 764.9
1415430 765.1
1415440 765.5
1415450 765.5
1415460 765.0
1415470 765.1
1415480 765.7
1415490 765.7
1415500 765.5
1415510 765.4
1415520 765.4
1415530 766.2
1415540 765.5
1415550 765.5
1415560 764.4
1415570 763.9
1415580 763.9
1415590 763.1
1415600 762.1
1415610 762.1
1415620 761.4
1415630 761.0
1415640 761.0
1415650 760.8
1415660 760.5
1415670 760.5
1415680 760.4
1415690 760.2
1415700 760.2
1415710 760.1
1415720 760.8
1415730 760.8
1415740 760.8
1415750 759.7
1415760 759.6
1415770 759.6
1415780 759.5
1415790 759.3
1415800 759.3
1415810 759.2
1415820 759.1
1415830 759.1
1415840 759.1
1415850 759.1
1415860 759.1
1415870 759.0
1415880 759.1
1415890 759.1
1415900 759.0
1415910 759.0
1415920 759.0
1415930 759.0
1415940 759.0
1415950 759.0
1415960 759.0
1415970 758.9
1415980 758.9
1415990 758.9
1416000 758.8
1416010 758.6
1416020 758.6
1416030 758.6
1416040 758.6
1416050 758.6
1416060 758.6
1416070 758.6
1416080 758.6
1416090 758.6
1416100 758.5
1416110 758.5
1416120 758.5
1416130 758.5
1416140 758.5
1416150 758.5
1416160 758.5
1416170 758.5
1416180 758.4
1416190 758.4
1416200 758.4
1416210 758.4
1416220 758.3
1416230 758.3
1416240 758.3
1416250 758.3
1416260 758.2
1416270 758.2
1416280 758.2
1416290 758.1
1416300 758.1
1416310 758.1
1416320 758.2
1416330 758.2
1416340 758.2
1416350 758.1
1416360 758.1
1416370 758.1
1416380 758.1
1416390 758.1
1416400 758.1
1416410 758.1
1416420 758.1
1416430 758.1
1416440 758.1
1416450 758.1
1416460 758.1
1416470 758.1
1416480 758.1
1416490 758.0
1416500 758.0
1416510 758.0
1416520 758.0
1416530 758.1
1416540 758.0
1416550 758.0
1416560 758.1
1416570 758.2
1416580 758.2
1416590 758.2
1416600 758.2
1416610 758.2
1416620 758.1
1416630 758.0
1416640 758.0
1416650 758.0
1416660 758.0
1416670 758.0
1416680 758.0
1416690 757.8
1416700 757.8
1416710 757.7
1416720 757.9
1416730 757.9
1416740 757.7
1416750 757.5
1416760 757.5
1416770 757.6
1416780 757.7
1416790 757.7
1416800 757.7
1416810 757.8
1416820 757.9
1416830 757.9
1416840 758.0
1416850 757.9
1416860 757.9
1416870 757.8
1416880 757.8
1416890 757.8
1416900 757.8
1416910 757.7
1416920 757.7
1416930 757.7
1416940 757.7
1416950 757.7
1416960 757.8
1416970 758.1
1416980 758.1
1416990 758.2
1417000 758.2
1417010 758.2
1417020 758.1
1417030 757.7
1417040 757.7
1417050 757.2
1417060 756.4
1417070 756.3
1417080 756.3
1417090 756.4
1417100 757.2
1417110 757.2
1417120 757.7
1417130 757.8
1417140 757.8
1417150 757.8
1417160 757.7
1417170 757.7
1417180 757.9
1417190 757.9
1417200 757.9
1417210 758.0
1417220 757.8
1417230 757.8
1417240 757.9
1417250 757.9
1417260 757.9
1417270 757.9
1417280 757.9
1417290 757.9
1417300 757.9
1417310 758.0
1417320 758.0
1417330 758.0
1417340 757.9
1417350 757.6
1417360 757.6
1417370 757.5
1417380 757.4
1417390 757.4
1417400 757.5
1417410 757.5
1417420 757.5
1417430 757.5
1417440 757.4
1417450 757.4
1417460 757.4
1417470 757.4
1417480 757.4
1417490 757.4
1417500 757.4
1417510 757.4
1417520 757.4
1417530 757.4
1417540 757.4
1417550 757.4
1417560 757.4
1417570 757.4
1417580 757.4
1417590 757.2
1417600 756.7
1417610 756.7
1417620 757.1
1417630 757.3
1417640 757.3
1417650 757.3
1417660 757.4
1417670 757.4
1417680 757.4
1417690 757.4
1417700 757.4
1417710 757.5
1417720 757.6
1417730 757.6
1417740 757.6
1417750 757.5
1417760 757.5
1417770 757.5
1417780 757.6
1417790 757.6
1417800 757.5
1417810 757.5
1417820 757.5
1417830 757.4
1417840 757.4
1417850 757.2
1417860 757.2
1417870 757.2
1417880 757.4
1417890 757.4
1417900 757.3
1417910 757.2
1417920 757.2
1417930 757.2
1417940 757.1
1417950 757.1
1417960 757.1
1417970 757.1
1417980 757.1
1417990 757.1
1418000 757.1
1418010 757.1
1418020 757.1
1418030 757.1
1418040 757.1
1418050 757.1
1418060 757.1
1418070 757.1
1418080 757.1
1418090 756.5
1418100 756.5
1418110 756.4
1418120 756.4
1418130 757.0
1418140 757.0
1418150 755.7
1418160 755.5
1418170 755.5
1418180 755.5
1418190 755.5
1418200 755.5
1418210 755.5
1418220 755.5
1418230 755.5
1418240 755.6
1418250 756.7
1418260 756.7
1418270 757.2
1418280 757.3
1418290 757.3
1418300 757.3
1418310 757.2
1418320 757.2
1418330 757.2
1418340 757.1
1418350 757.1
1418360 756.9
1418370 756.8
1418380 756.9
1418390 756.9
1418400 756.8
1418410 756.8
1418420 756.8
1418430 756.7
1418440 756.2
1418450 756.2
1418460 755.9
1418470 756.5
1418480 756.5
1418490 756.6
1418500 756.7
1418510 756.7
1418520 756.8
1418530 756.9
1418540 756.9
1418550 757.0
1418560 757.1
1418570 757.1
1418580 757.3
1418590 757.1
1418600 757.1
1418610 757.0
1418620 757.3
1418630 757.3
1418640 757.5
1418650 757.7
1418660 758.0
1418670 758.0
1418680 758.3
1418690 758.6
1418700 758.6
1418710 758.0
1418720 757.3
1418730 757.3
1418740 757.0
1418750 757.0
1418760 757.0
1418770 757.0
1418780 757.1
1418790 757.1
1418800 757.1
1418810 757.1
1418820 757.1
1418830 757.1
1418840 757.1
1418850 757.1
1418860 757.1
1418870 757.1
1418880 757.1
1418890 757.1
1418900 757.2
1418910 757.1
1418920 757.1
1418930 757.1
1418940 757.1
1418950 757.1
1418960 757.2
1418970 757.6
1418980 757.6
1418990 758.2
1419000 758.1
1419010 758.1
1419020 757.9
1419030 757.3
1419040 757.3
1419050 757.2
1419060 757.1
1419070 757.1
1419080 757.0
1419090 756.8
1419100 756.8
1419110 756.7
1419120 756.6
1419130 756.6
1419140 756.6
1419150 756.5
1419160 756.5
1419170 756.5
1419180 756.4
1419190 756.4
1419200 756.4
1419210 756.4
1419220 756.3
1419230 756.3
1419240 756.3
1419250 756.2
1419260 756.2
1419270 756.2
1419280 756.2
1419290 756.2
1419300 756.2
1419310 756.2
1419320 756.2
1419330 756.2
1419340 756.2
1419350 756.2
1419360 756.4
1419370 756.5
1419380 756.5
1419390 756.3
1419400 756.5
1419410 756.5
1419420 756.5
1419430 756.4
1419440 756.4
1419450 756.4
1419460 756.4
1419470 756.1
1419480 756.1
1419490 756.0
1419500 755.8
1419510 755.8
1419520 755.8
1419530 755.8
1419540 755.8
1419550 755.7
1419560 755.5
1419570 755.5
1419580 755.4
1419590 755.8
1419600 755.8
1419610 756.3
1419620 756.4
1419630 756.4
1419640 756.5
1419650 756.5
1419660 756.5
1419670 756.4
1419680 756.4
1419690 756.0
1419700 756.0
1419710 755.2
1419720 755.5
1419730 755.5
1419740 756.0
1419750 756.1
1419760 756.1
1419770 756.0
1419780 756.0
1419790 756.0
1419800 756.0
1419810 756.1
1419820 756.1
1419830 756.2
1419840 756.1
1419850 756.1
1419860 756.3
1419870 756.4
1419880 756.4
1419890 756.3
1419900 756.2
1419910 756.2
1419920 756.2
1419930 756.2
1419940 756.2
1419950 756.2
1419960 756.3
1419970 756.5
1419980 756.5
1419990 756.9
