1400000 1197.9
1400010 1203.1
1400020 1208.0
1400030 1212.9
1400040 1212.9
1400050 1218.9
1400060 1225.4
1400070 1225.4
1400080 1231.4
1400090 1238.4
1400100 1238.4
1400110 1245.4
1400120 1252.8
1400130 1252.8
1400140 1260.4
1400150 1267.9
1400160 1267.9
1400170 1275.3
1400180 1282.3
1400190 1282.3
1400200 1288.4
1400210 1294.5
1400220 1294.5
1400230 1300.3
1400240 1306.0
1400250 1306.0
1400260 1311.7
1400270 1318.4
1400280 1324.9
1400290 1324.9
1400300 1331.0
1400310 1337.4
1400320 1337.4
1400330 1343.9
1400340 1350.7
1400350 1350.7
1400360 1357.6
1400370 1364.4
1400380 1364.4
1400390 1371.0
1400400 1377.4
1400410 1377.4
1400420 1383.7
1400430 1389.0
1400440 1389.0
1400450 1392.7
1400460 1395.3
1400470 1395.3
1400480 1397.5
1400490 1398.1
1400500 1398.1
1400510 1397.9
1400520 1396.5
1400530 1396.5
1400540 1394.2
1400550 1390.5
1400560 1385.6
1400570 1385.6
1400580 1380.5
1400590 1375.7
1400600 1375.7
1400610 1371.0
1400620 1366.5
1400630 1366.5
1400640 1361.9
1400650 1357.2
1400660 1357.2
1400670 1351.7
1400680 1347.2
1400690 1347.2
1400700 1341.7
1400710 1336.9
1400720 1336.9
1400730 1332.3
1400740 1327.9
1400750 1327.9
1400760 1323.2
1400770 1319.0
1400780 1319.0
1400790 1315.2
1400800 1311.8
1400810 1311.8
1400820 1308.4
1400830 1304.0
1400840 1299.6
1400850 1299.6
1400860 1295.4
1400870 1291.1
1400880 1291.1
1400890 1286.1
1400900 1280.5
1400910 1280.5
1400920 1273.4
1400930 1266.4
1400940 1266.4
1400950 1260.3
1400960 1254.5
1400970 1254.5
1400980 1249.1
1400990 1244.8
1401000 1244.8
1401010 1241.4
1401020 1236.2
1401030 1236.2
1401040 1230.6
1401050 1226.9
1401060 1226.9
1401070 1225.5
1401080 1224.4
1401090 1219.9
1401100 1219.9
1401110 1213.9
1401120 1207.9
1401130 1207.9
1401140 1205.7
1401150 1207.9
1401160 1207.9
1401170 1214.2
1401180 1222.4
1401190 1222.4
1401200 1230.3
1401210 1238.1
1401220 1238.1
1401230 1245.3
1401240 1251.2
1401250 1251.2
1401260 1256.4
1401270 1261.8
1401280 1261.8
1401290 1267.2
1401300 1273.6
1401310 1273.6
1401320 1280.0
1401330 1285.9
1401340 1285.9
1401350 1291.8
1401360 1297.2
1401370 1303.3
1401380 1303.3
1401390 1309.4
1401400 1315.4
1401410 1315.4
1401420 1321.4
1401430 1328.0
1401440 1328.0
1401450 1334.8
1401460 1341.5
1401470 1341.5
1401480 1348.2
1401490 1354.5
1401500 1354.5
1401510 1356.6
1401520 1361.7
1401530 1361.7
1401540 1366.4
1401550 1371.3
1401560 1371.3
1401570 1376.7
1401580 1381.6
1401590 1381.6
1401600 1386.8
1401610 1392.4
1401620 1398.6
1401630 1398.6
1401640 1404.5
1401650 1410.3
1401660 1410.3
1401670 1416.8
1401680 1423.6
1401690 1423.6
1401700 1431.5
1401710 1438.1
1401720 1438.1
1401730 1444.5
1401740 1451.0
1401750 1451.0
1401760 1455.4
1401770 1463.2
1401780 1463.2
1401790 1468.6
1401800 1472.1
1401810 1472.1
1401820 1474.5
1401830 1476.0
1401840 1476.0
1401850 1474.6
1401860 1470.1
1401870 1470.1
1401880 1466.4
1401890 1465.5
1401900 1465.3
1401910 1465.3
1401920 1463.8
1401930 1461.1
1401940 1461.1
1401950 1459.0
1401960 1456.3
1401970 1456.3
1401980 1450.7
1401990 1444.2
1402000 1444.2
1402010 1438.1
1402020 1432.7
1402030 1432.7
1402040 1427.7
1402050 1423.1
1402060 1423.1
1402070 1419.0
1402080 1415.1
1402090 1415.1
1402100 1411.5
1402110 1408.3
1402120 1408.3
1402130 1405.3
1402140 1402.5
1402150 1402.5
1402160 1399.3
1402170 1396.1
1402180 1393.1
1402190 1393.1
1402200 1390.7
1402210 1388.3
1402220 1388.3
1402230 1385.9
1402240 1382.6
1402250 1382.6
1402260 1376.5
1402270 1374.0
1402280 1374.0
1402290 1380.2
1402300 1383.6
1402310 1383.6
1402320 1384.5
1402330 1389.4
1402340 1389.4
1402350 1395.7
1402360 1401.1
1402370 1401.1
1402380 1406.8
1402390 1412.3
1402400 1412.3
1402410 1419.4
1402420 1425.7
1402430 1431.5
1402440 1431.5
1402450 1437.8
1402460 1443.7
1402470 1443.7
1402480 1450.0
1402490 1456.8
1402500 1456.8
1402510 1461.3
1402520 1468.0
1402530 1468.0
1402540 1473.7
1402550 1478.6
1402560 1478.6
1402570 1483.4
1402580 1487.7
1402590 1487.7
1402600 1491.7
1402610 1495.5
1402620 1495.5
1402630 1499.1
1402640 1502.5
1402650 1502.5
1402660 1505.7
1402670 1508.4
1402680 1508.4
1402690 1511.0
1402700 1513.3
1402710 1515.3
1402720 1515.3
1402730 1517.5
1402740 1519.7
1402750 1519.7
1402760 1521.3
1402770 1522.6
1402780 1522.6
1402790 1523.3
1402800 1524.0
1402810 1524.0
1402820 1524.1
1402830 1523.6
1402840 1523.6
1402850 1523.7
1402860 1523.6
1402870 1523.6
1402880 1523.3
1402890 1523.0
1402900 1523.0
1402910 1522.6
1402920 1521.7
1402930 1521.7
1402940 1520.7
1402950 1519.5
1402960 1518.4
1402970 1518.4
1402980 1517.2
1402990 1515.8
1403000 1515.8
1403010 1513.0
1403020 1508.5
1403030 1508.5
1403040 1500.9
1403050 1494.4
1403060 1488.8
1403070 1483.2
1403080 1477.8
1403090 1477.8
1403100 1473.6
1403110 1470.1
1403120 1470.1
1403130 1467.3
1403140 1464.7
1403150 1464.7
1403160 1462.7
1403170 1461.1
1403180 1461.1
1403190 1459.3
1403200 1458.1
1403210 1458.1
1403220 1457.4
1403230 1456.9
1403240 1457.1
1403250 1457.1
1403260 1454.8
1403270 1450.9
1403280 1450.9
1403290 1447.4
1403300 1444.8
1403310 1444.8
1403320 1442.9
1403330 1439.9
1403340 1439.9
1403350 1437.1
1403360 1435.1
1403370 1435.1
1403380 1432.8
1403390 1430.3
1403400 1430.3
1403410 1427.9
1403420 1424.9
1403430 1424.9
1403440 1421.2
1403450 1417.3
1403460 1417.3
1403470 1413.8
1403480 1410.0
1403490 1410.0
1403500 1405.3
1403510 1401.8
1403520 1398.3
1403530 1398.3
1403540 1393.6
1403550 1389.2
1403560 1389.2
1403570 1384.6
1403580 1378.0
1403590 1378.0
1403600 1372.6
1403610 1368.4
1403620 1368.4
1403630 1365.0
1403640 1360.4
1403650 1360.4
1403660 1355.5
1403670 1350.8
1403680 1350.8
1403690 1345.3
1403700 1340.1
1403710 1340.1
1403720 1334.3
1403730 1328.3
1403740 1328.3
1403750 1323.3
1403760 1318.7
1403770 1313.6
1403780 1313.6
1403790 1306.7
1403800 1299.1
1403810 1299.1
1403820 1292.1
1403830 1286.7
1403840 1286.7
1403850 1282.4
1403860 1278.3
1403870 1278.3
1403880 1273.8
1403890 1269.1
1403900 1269.1
1403910 1264.2
1403920 1260.9
1403930 1260.9
1403940 1257.5
1403950 1253.7
1403960 1253.7
1403970 1248.9
1403980 1243.0
1403990 1243.0
1404000 1236.8
1404010 1230.8
1404020 1230.8
1404030 1224.2
1404040 1216.3
1404050 1206.8
1404060 1206.8
1404070 1198.6
1404080 1190.4
1404090 1190.4
1404100 1183.5
1404110 1175.7
1404120 1175.7
1404130 1169.4
1404140 1165.8
1404150 1165.8
1404160 1162.7
1404170 1158.9
1404180 1158.9
1404190 1154.3
1404200 1151.9
1404210 1151.9
1404220 1157.0
1404230 1165.4
1404240 1165.4
1404250 1172.1
1404260 1176.8
1404270 1176.8
1404280 1182.5
1404290 1189.6
1404300 1195.2
1404310 1195.2
1404320 1199.9
1404330 1203.7
1404340 1203.7
1404350 1206.7
1404360 1210.2
1404370 1210.2
1404380 1213.5
1404390 1216.4
1404400 1216.4
1404410 1219.3
1404420 1221.4
1404430 1221.4
1404440 1222.9
1404450 1224.8
1404460 1224.8
1404470 1226.3
1404480 1229.2
1404490 1229.2
1404500 1231.1
1404510 1231.1
1404520 1231.1
1404530 1230.7
1404540 1231.4
1404550 1231.4
1404560 1236.8
1404570 1246.3
1404580 1253.8
1404590 1253.8
1404600 1259.0
1404610 1263.9
1404620 1263.9
1404630 1269.0
1404640 1270.1
1404650 1270.1
1404660 1274.9
1404670 1279.7
1404680 1279.7
1404690 1285.0
1404700 1290.2
1404710 1290.2
1404720 1295.3
1404730 1300.2
1404740 1300.2
1404750 1305.0
1404760 1309.8
1404770 1309.8
1404780 1314.7
1404790 1320.6
1404800 1320.6
1404810 1326.1
1404820 1331.8
1404830 1336.9
1404840 1336.9
1404850 1341.9
1404860 1347.0
1404870 1347.0
1404880 1351.4
1404890 1355.2
1404900 1355.2
1404910 1358.2
1404920 1360.8
1404930 1360.8
1404940 1362.1
1404950 1364.1
1404960 1364.1
1404970 1366.0
1404980 1367.3
1404990 1367.3
1405000 1366.3
1405010 1362.2
1405020 1362.2
1405030 1358.0
1405040 1353.6
1405050 1353.6
1405060 1348.8
1405070 1344.4
1405080 1344.4
1405090 1340.5
1405100 1336.4
1405110 1332.9
1405120 1332.9
1405130 1329.6
1405140 1326.7
1405150 1326.7
1405160 1323.1
1405170 1319.8
1405180 1319.8
1405190 1320.0
1405200 1320.3
1405210 1320.3
1405220 1320.7
1405230 1319.6
1405240 1319.6
1405250 1317.0
1405260 1313.3
1405270 1313.3
1405280 1309.1
1405290 1305.7
1405300 1305.7
1405310 1302.2
1405320 1298.3
1405330 1298.3
1405340 1294.0
1405350 1289.9
1405360 1289.9
1405370 1287.6
1405380 1285.0
1405390 1283.1
1405400 1283.1
1405410 1282.4
1405420 1281.7
1405430 1281.7
1405440 1280.5
1405450 1280.2
1405460 1280.2
1405470 1279.0
1405480 1275.9
1405490 1275.9
1405500 1271.9
1405510 1268.0
1405520 1268.0
1405530 1265.8
1405540 1262.9
1405550 1262.9
1405560 1259.1
1405570 1253.0
1405580 1253.0
1405590 1246.9
1405600 1241.3
1405610 1241.3
1405620 1234.1
1405630 1227.6
1405640 1223.2
1405650 1223.2
1405660 1219.8
1405670 1215.9
1405680 1215.9
1405690 1211.5
1405700 1207.4
1405710 1207.4
1405720 1203.4
1405730 1199.1
1405740 1199.1
1405750 1195.0
1405760 1191.0
1405770 1191.0
1405780 1187.1
1405790 1183.7
1405800 1183.7
1405810 1180.8
1405820 1177.3
1405830 1177.3
1405840 1172.8
1405850 1171.8
1405860 1171.8
1405870 1169.2
1405880 1163.7
1405890 1163.7
1405900 1160.7
1405910 1158.2
1405920 1156.3
1405930 1156.3
1405940 1155.0
1405950 1153.5
1405960 1153.5
1405970 1151.6
1405980 1149.7
1405990 1149.7
1406000 1147.7
1406010 1144.4
1406020 1144.4
1406030 1140.5
1406040 1137.4
1406050 1137.4
1406060 1130.8
1406070 1123.5
1406080 1123.5
1406090 1124.9
1406100 1122.5
1406110 1122.5
1406120 1115.3
1406130 1107.4
1406140 1107.4
1406150 1101.6
1406160 1096.5
1406170 1090.9
1406180 1090.9
1406190 1086.3
1406200 1079.3
1406210 1079.3
1406220 1070.5
1406230 1060.2
1406240 1060.2
1406250 1052.1
1406260 1057.1
1406270 1057.1
1406280 1069.9
1406290 1079.3
1406300 1079.3
1406310 1086.7
1406320 1089.5
1406330 1089.5
1406340 1085.3
1406350 1081.4
1406360 1081.4
1406370 1079.5
1406380 1076.2
1406390 1076.2
1406400 1071.9
1406410 1066.6
1406420 1066.6
1406430 1058.6
1406440 1055.1
1406450 1050.0
1406460 1050.0
1406470 1048.1
1406480 1049.4
1406490 1049.4
1406500 1052.5
1406510 1058.7
1406520 1058.7
1406530 1065.1
1406540 1069.7
1406550 1069.7
1406560 1075.5
1406570 1082.3
1406580 1082.3
1406590 1089.2
1406600 1096.2
1406610 1096.2
1406620 1102.2
1406630 1106.0
1406640 1106.0
1406650 1109.7
1406660 1113.4
1406670 1113.4
1406680 1117.2
1406690 1123.3
1406700 1123.3
1406710 1129.9
1406720 1137.4
1406730 1144.5
1406740 1144.5
1406750 1150.7
1406760 1156.3
1406770 1156.3
1406780 1160.1
1406790 1164.2
1406800 1164.2
1406810 1169.7
1406820 1174.2
1406830 1174.2
1406840 1178.8
1406850 1183.7
1406860 1183.7
1406870 1188.5
1406880 1193.3
1406890 1193.3
1406900 1197.1
1406910 1201.5
1406920 1201.5
1406930 1207.1
1406940 1213.2
1406950 1213.2
1406960 1218.8
1406970 1223.8
1406980 1228.6
1406990 1228.6
1407000 1233.8
1407010 1239.0
1407020 1239.0
1407030 1244.0
1407040 1249.0
1407050 1249.0
1407060 1253.8
1407070 1258.5
1407080 1258.5
1407090 1263.3
1407100 1267.7
1407110 1267.7
1407120 1272.2
1407130 1277.0
1407140 1277.0
1407150 1281.8
1407160 1286.7
1407170 1286.7
1407180 1291.5
1407190 1296.2
1407200 1296.2
1407210 1301.2
1407220 1306.0
1407230 1306.0
1407240 1310.5
1407250 1315.1
1407260 1319.7
1407270 1319.7
1407280 1323.8
1407290 1328.3
1407300 1328.3
1407310 1333.3
1407320 1337.7
1407330 1337.7
1407340 1341.0
1407350 1345.1
1407360 1345.1
1407370 1347.7
1407380 1349.2
1407390 1349.2
1407400 1349.6
1407410 1349.0
1407420 1349.0
1407430 1348.3
1407440 1347.3
1407450 1347.3
1407460 1344.8
1407470 1341.5
1407480 1341.5
1407490 1338.1
1407500 1334.8
1407510 1330.7
1407520 1330.7
1407530 1325.8
1407540 1320.7
1407550 1320.7
1407560 1315.5
1407570 1310.6
1407580 1310.6
1407590 1305.3
1407600 1299.6
1407610 1299.6
1407620 1293.2
1407630 1287.3
1407640 1287.3
1407650 1282.4
1407660 1277.8
1407670 1277.8
1407680 1273.1
1407690 1268.3
1407700 1268.3
1407710 1262.7
1407720 1258.5
1407730 1258.5
1407740 1254.0
1407750 1247.4
1407760 1247.4
1407770 1241.3
1407780 1238.6
1407790 1236.9
1407800 1236.9
1407810 1232.6
1407820 1228.9
1407830 1228.9
1407840 1225.7
1407850 1222.3
1407860 1222.3
1407870 1219.0
1407880 1217.2
1407890 1217.2
1407900 1209.6
1407910 1204.8
1407920 1204.8
1407930 1200.2
1407940 1194.1
1407950 1194.1
1407960 1188.1
1407970 1184.1
1407980 1184.1
1407990 1180.1
1408000 1177.8
1408010 1177.8
1408020 1175.6
1408030 1172.8
1408040 1172.8
1408050 1170.2
1408060 1167.6
1408070 1164.6
1408080 1164.6
1408090 1162.1
1408100 1159.3
1408110 1159.3
1408120 1156.1
1408130 1152.3
1408140 1152.3
1408150 1149.2
1408160 1146.4
1408170 1146.4
1408180 1144.1
1408190 1141.6
1408200 1141.6
1408210 1138.7
1408220 1134.8
1408230 1134.8
1408240 1132.0
1408250 1131.1
1408260 1131.1
1408270 1129.2
1408280 1126.2
1408290 1126.2
1408300 1124.0
1408310 1122.7
1408320 1120.5
1408330 1120.5
1408340 1117.1
1408350 1112.3
1408360 1112.3
1408370 1108.1
1408380 1103.2
1408390 1103.2
1408400 1098.3
1408410 1093.5
1408420 1093.5
1408430 1089.4
1408440 1087.0
1408450 1087.0
1408460 1083.5
1408470 1076.4
1408480 1076.4
1408490 1071.4
1408500 1069.6
1408510 1069.6
1408520 1072.8
1408530 1076.9
1408540 1076.9
1408550 1084.7
1408560 1092.0
1408570 1092.0
1408580 1096.9
1408590 1102.0
1408600 1106.1
1408610 1106.1
1408620 1109.8
1408630 1113.1
1408640 1113.1
1408650 1117.1
1408660 1124.6
1408670 1124.6
1408680 1125.7
1408690 1128.3
1408700 1128.3
1408710 1133.2
1408720 1137.7
1408730 1137.7
1408740 1137.7
1408750 1137.9
1408760 1137.9
1408770 1139.8
1408780 1145.1
1408790 1145.1
1408800 1149.5
1408810 1151.4
1408820 1151.4
1408830 1154.2
1408840 1158.1
1408850 1163.6
1408860 1163.6
1408870 1168.3
1408880 1172.2
1408890 1172.2
1408900 1175.7
1408910 1177.2
1408920 1177.2
1408930 1178.4
1408940 1181.8
1408950 1181.8
1408960 1188.0
1408970 1194.0
1408980 1194.0
1408990 1197.9
1409000 1201.4
1409010 1201.4
1409020 1204.9
1409030 1210.5
1409040 1210.5
1409050 1219.0
1409060 1226.3
1409070 1226.3
1409080 1233.2
1409090 1240.2
1409100 1240.2
1409110 1246.8
1409120 1252.9
1409130 1259.2
1409140 1259.2
1409150 1265.4
1409160 1270.6
1409170 1270.6
1409180 1275.6
1409190 1283.7
1409200 1283.7
1409210 1292.4
1409220 1299.7
1409230 1299.7
1409240 1307.3
1409250 1314.3
1409260 1314.3
1409270 1322.4
1409280 1328.0
1409290 1328.0
1409300 1335.3
1409310 1341.5
1409320 1341.5
1409330 1347.1
1409340 1352.3
1409350 1352.3
1409360 1357.6
1409370 1362.5
1409380 1367.0
1409390 1367.0
1409400 1371.6
1409410 1376.5
1409420 1376.5
1409430 1381.9
1409440 1387.8
1409450 1387.8
1409460 1393.8
1409470 1400.1
1409480 1400.1
1409490 1406.3
1409500 1412.8
1409510 1412.8
1409520 1419.4
1409530 1425.9
1409540 1425.9
1409550 1432.3
1409560 1438.5
1409570 1438.5
1409580 1444.7
1409590 1451.1
1409600 1451.1
1409610 1457.1
1409620 1463.1
1409630 1463.1
1409640 1468.3
1409650 1474.1
1409660 1479.7
1409670 1479.7
1409680 1484.5
1409690 1487.5
1409700 1487.5
1409710 1489.6
1409720 1491.6
1409730 1491.6
1409740 1492.5
1409750 1492.0
1409760 1492.0
1409770 1491.1
1409780 1489.8
1409790 1489.8
1409800 1485.4
1409810 1479.0
1409820 1479.0
1409830 1472.3
1409840 1462.6
1409850 1462.6
1409860 1454.1
1409870 1447.1
1409880 1447.1
1409890 1442.9
1409900 1441.1
1409910 1441.1
1409920 1438.2
1409930 1433.1
1409940 1428.6
1409950 1428.6
1409960 1422.3
1409970 1415.7
1409980 1415.7
1409990 1410.7
1410000 1407.7
1410010 1407.7
1410020 1405.4
1410030 1402.8
1410040 1402.8
1410050 1400.6
1410060 1398.9
1410070 1398.9
1410080 1397.0
1410090 1395.5
1410100 1395.5
1410110 1393.4
1410120 1391.7
1410130 1391.7
1410140 1389.9
1410150 1387.7
1410160 1387.7
1410170 1385.3
1410180 1383.0
1410190 1380.1
1410200 1380.1
1410210 1377.4
1410220 1374.4
1410230 1374.4
1410240 1371.0
1410250 1367.9
1410260 1367.9
1410270 1364.1
1410280 1360.1
1410290 1360.1
1410300 1355.6
1410310 1351.5
1410320 1351.5
1410330 1347.6
1410340 1343.4
1410350 1343.4
1410360 1339.7
1410370 1335.8
1410380 1335.8
1410390 1331.8
1410400 1327.5
1410410 1327.5
1410420 1323.2
1410430 1318.8
1410440 1318.8
1410450 1314.4
1410460 1309.9
1410470 1304.2
1410480 1304.2
1410490 1298.3
1410500 1292.8
1410510 1292.8
1410520 1287.8
1410530 1283.4
1410540 1283.4
1410550 1278.3
1410560 1274.4
1410570 1274.4
1410580 1271.4
1410590 1268.2
1410600 1268.2
1410610 1264.9
1410620 1262.3
1410630 1262.3
1410640 1257.9
1410650 1250.9
1410660 1250.9
1410670 1244.0
1410680 1240.2
1410690 1240.2
1410700 1237.6
1410710 1235.1
1410720 1232.5
1410730 1232.5
1410740 1229.9
1410750 1226.9
1410760 1226.9
1410770 1223.2
1410780 1219.9
1410790 1219.9
1410800 1215.2
1410810 1208.4
1410820 1208.4
1410830 1202.0
1410840 1196.6
1410850 1196.6
1410860 1190.6
1410870 1183.2
1410880 1183.2
1410890 1177.6
1410900 1176.5
1410910 1176.5
1410920 1172.9
1410930 1167.5
1410940 1167.5
1410950 1162.5
1410960 1160.2
1410970 1160.2
1410980 1157.9
1410990 1153.2
1411000 1149.1
1411010 1149.1
1411020 1144.6
1411030 1138.3
1411040 1138.3
1411050 1130.1
1411060 1125.4
1411070 1125.4
1411080 1120.0
1411090 1116.4
1411100 1116.4
1411110 1112.8
1411120 1109.2
1411130 1109.2
1411140 1106.2
1411150 1104.7
1411160 1104.7
1411170 1103.3
1411180 1099.9
1411190 1099.9
1411200 1095.1
1411210 1091.1
1411220 1091.1
1411230 1090.1
1411240 1088.0
1411250 1088.0
1411260 1086.6
1411270 1085.6
1411280 1084.4
1411290 1084.4
1411300 1082.9
1411310 1075.4
1411320 1075.4
1411330 1075.6
1411340 1076.6
1411350 1076.6
1411360 1077.5
1411370 1077.8
1411380 1077.8
1411390 1075.5
1411400 1071.7
1411410 1071.7
1411420 1068.1
1411430 1066.1
1411440 1066.1
1411450 1063.6
1411460 1061.2
1411470 1061.2
1411480 1059.2
1411490 1057.7
1411500 1057.7
1411510 1056.1
1411520 1055.1
1411530 1055.8
1411540 1055.8
1411550 1055.2
1411560 1051.1
1411570 1051.1
1411580 1045.4
1411590 1041.9
1411600 1041.9
1411610 1039.1
1411620 1036.0
1411630 1036.0
1411640 1032.6
1411650 1028.8
1411660 1028.8
1411670 1025.6
1411680 1022.1
1411690 1022.1
1411700 1024.5
1411710 1024.5
1411720 1024.5
1411730 1023.8
1411740 1023.1
1411750 1023.1
1411760 1022.5
1411770 1021.4
1411780 1021.4
1411790 1020.3
1411800 1017.9
1411810 1012.7
1411820 1012.7
1411830 1006.2
1411840 999.7
1411850 999.7
1411860 992.8
1411870 986.4
1411880 986.4
1411890 981.8
1411900 978.3
1411910 978.3
1411920 972.8
1411930 964.7
1411940 964.7
1411950 955.5
1411960 945.0
1411970 945.0
1411980 939.9
1411990 943.7
1412000 943.7
1412010 953.3
1412020 960.7
1412030 960.7
1412040 960.8
1412050 957.2
1412060 951.1
1412070 951.1
1412080 943.6
1412090 952.6
1412100 952.6
1412110 961.1
1412120 966.2
1412130 966.2
1412140 970.7
1412150 974.8
1412160 974.8
1412170 979.7
1412180 985.3
1412190 985.3
1412200 989.4
1412210 995.0
1412220 995.0
1412230 1000.4
1412240 1007.5
1412250 1007.5
1412260 1014.5
1412270 1022.2
1412280 1022.2
1412290 1032.5
1412300 1044.9
1412310 1044.9
1412320 1055.3
1412330 1062.8
1412340 1068.8
1412350 1068.8
1412360 1075.2
1412370 1081.2
1412380 1081.2
1412390 1087.0
1412400 1092.5
1412410 1092.5
1412420 1097.9
1412430 1103.2
1412440 1103.2
1412450 1108.1
1412460 1113.5
1412470 1113.5
1412480 1120.6
1412490 1128.0
1412500 1128.0
1412510 1134.6
1412520 1141.0
1412530 1141.0
1412540 1146.2
1412550 1151.6
1412560 1151.6
1412570 1156.3
1412580 1160.7
1412590 1160.7
1412600 1163.6
1412610 1166.0
1412620 1168.3
1412630 1168.3
1412640 1170.4
1412650 1171.9
1412660 1171.9
1412670 1172.8
1412680 1173.6
1412690 1173.6
1412700 1174.4
1412710 1174.8
1412720 1174.8
1412730 1174.8
1412740 1174.5
1412750 1174.5
1412760 1173.5
1412770 1172.6
1412780 1172.6
1412790 1171.0
1412800 1168.4
1412810 1168.4
1412820 1167.6
1412830 1165.5
1412840 1165.5
1412850 1160.4
1412860 1152.5
1412870 1145.1
1412880 1145.1
1412890 1139.6
1412900 1138.0
1412910 1138.0
1412920 1139.1
1412930 1139.7
1412940 1139.7
1412950 1139.1
1412960 1137.8
1412970 1137.8
1412980 1135.1
1412990 1131.3
1413000 1131.3
1413010 1127.1
1413020 1122.3
1413030 1122.3
1413040 1117.2
1413050 1111.8
1413060 1111.8
1413070 1104.8
1413080 1102.7
1413090 1102.7
1413100 1101.2
1413110 1099.7
1413120 1099.7
1413130 1098.3
1413140 1097.1
1413150 1096.4
1413160 1096.4
1413170 1095.9
1413180 1095.4
1413190 1095.4
1413200 1095.1
1413210 1094.4
1413220 1094.4
1413230 1093.1
1413240 1091.1
1413250 1091.1
1413260 1088.7
1413270 1086.2
1413280 1086.2
1413290 1084.1
1413300 1080.6
1413310 1080.6
1413320 1078.6
1413330 1078.0
1413340 1078.0
1413350 1076.6
1413360 1075.2
1413370 1075.2
1413380 1073.9
1413390 1072.3
1413400 1070.2
1413410 1070.2
1413420 1067.5
1413430 1064.5
1413440 1064.5
1413450 1061.9
1413460 1059.4
1413470 1059.4
1413480 1057.3
1413490 1055.5
1413500 1055.5
1413510 1052.0
1413520 1048.9
1413530 1048.9
1413540 1046.1
1413550 1043.2
1413560 1043.2
1413570 1039.1
1413580 1034.4
1413590 1034.4
1413600 1031.6
1413610 1028.2
1413620 1028.2
1413630 1024.8
1413640 1022.1
1413650 1022.1
1413660 1021.3
1413670 1017.8
1413680 1011.1
1413690 1011.1
1413700 1003.4
1413710 996.9
1413720 996.9
1413730 991.5
1413740 985.2
1413750 985.2
1413760 978.0
1413770 970.1
1413780 970.1
1413790 959.4
1413800 949.2
1413810 949.2
1413820 950.4
1413830 960.9
1413840 960.9
1413850 971.9
1413860 979.8
1413870 979.8
1413880 986.9
1413890 990.7
1413900 990.7
1413910 992.2
1413920 993.7
1413930 993.7
1413940 994.9
1413950 996.9
1413960 1000.0
1413970 1000.0
1413980 1003.3
1413990 1005.9
1414000 1005.9
1414010 1008.6
1414020 1011.1
1414030 1011.1
1414040 1014.2
1414050 1017.7
1414060 1017.7
1414070 1021.6
1414080 1022.6
1414090 1022.6
1414100 1025.3
1414110 1028.4
1414120 1028.4
1414130 1031.5
1414140 1035.9
1414150 1035.9
1414160 1040.7
1414170 1045.8
1414180 1045.8
1414190 1051.0
1414200 1056.0
1414210 1060.8
1414220 1060.8
1414230 1065.5
1414240 1070.2
1414250 1070.2
1414260 1075.5
1414270 1081.2
1414280 1081.2
1414290 1088.4
1414300 1094.9
1414310 1094.9
1414320 1101.7
1414330 1108.2
1414340 1108.2
1414350 1115.4
1414360 1122.5
1414370 1122.5
1414380 1129.3
1414390 1136.0
1414400 1136.0
1414410 1143.3
1414420 1149.9
1414430 1149.9
1414440 1156.8
1414450 1163.7
1414460 1163.7
1414470 1170.5
1414480 1177.0
1414490 1183.0
1414500 1183.0
1414510 1187.7
1414520 1191.2
1414530 1191.2
1414540 1194.1
1414550 1196.5
1414560 1196.5
1414570 1198.9
1414580 1200.7
1414590 1200.7
1414600 1201.5
1414610 1202.0
1414620 1202.0
1414630 1198.9
1414640 1191.7
1414650 1191.7
1414660 1189.1
1414670 1189.0
1414680 1189.0
1414690 1188.8
1414700 1188.6
1414710 1188.6
1414720 1188.1
1414730 1185.9
1414740 1182.5
1414750 1182.5
1414760 1179.8
1414770 1176.6
1414780 1176.6
1414790 1174.3
1414800 1172.3
1414810 1172.3
1414820 1169.8
1414830 1167.0
1414840 1167.0
1414850 1162.8
1414860 1158.6
1414870 1153.9
1414880 1149.9
1414890 1146.4
1414900 1146.4
1414910 1144.8
1414920 1144.2
1414930 1144.2
1414940 1144.0
1414950 1141.2
1414960 1141.2
1414970 1139.0
1414980 1137.6
1414990 1137.6
1415000 1136.8
1415010 1136.6
1415020 1137.0
1415030 1137.0
1415040 1136.3
1415050 1135.2
1415060 1135.2
1415070 1134.2
1415080 1133.1
1415090 1133.1
1415100 1131.8
1415110 1130.6
1415120 1130.6
1415130 1129.3
1415140 1127.4
1415150 1127.4
1415160 1124.6
1415170 1121.9
1415180 1121.9
1415190 1119.6
1415200 1115.7
1415210 1115.7
1415220 1111.0
1415230 1106.4
1415240 1106.4
1415250 1101.9
1415260 1098.1
1415270 1094.7
1415280 1094.7
1415290 1090.7
1415300 1085.5
1415310 1085.5
1415320 1080.4
1415330 1075.4
1415340 1075.4
1415350 1070.4
1415360 1065.6
1415370 1065.6
1415380 1061.0
1415390 1057.4
1415400 1057.4
1415410 1053.2
1415420 1048.2
1415430 1048.2
1415440 1045.4
1415450 1042.1
1415460 1042.1
1415470 1037.7
1415480 1034.6
1415490 1034.6
1415500 1031.9
1415510 1028.9
1415520 1028.9
1415530 1025.7
1415540 1021.7
1415550 1018.5
1415560 1018.5
1415570 1017.0
1415580 1013.1
1415590 1013.1
1415600 1009.2
1415610 1005.7
1415620 1005.7
1415630 1000.8
1415640 995.1
1415650 995.1
1415660 989.2
1415670 984.6
1415680 984.6
1415690 979.7
1415700 976.3
1415710 976.3
1415720 970.7
1415730 964.9
1415740 964.9
1415750 959.1
1415760 954.8
1415770 954.8
1415780 952.5
1415790 950.8
1415800 950.8
1415810 949.2
1415820 948.6
1415830 947.2
1415840 947.2
1415850 944.5
1415860 939.8
1415870 939.8
1415880 933.7
1415890 931.0
1415900 931.0
1415910 939.7
1415920 949.7
1415930 949.7
1415940 958.8
1415950 967.3
1415960 967.3
1415970 974.7
1415980 980.8
1415990 980.8
1416000 987.9
1416010 996.7
1416020 996.7
1416030 1004.8
1416040 1012.1
1416050 1012.1
1416060 1018.6
1416070 1024.6
1416080 1031.0
1416090 1031.0
1416100 1037.5
1416110 1044.7
1416120 1044.7
1416130 1051.1
1416140 1059.3
1416150 1059.3
1416160 1064.8
1416170 1071.5
1416180 1071.5
1416190 1078.5
1416200 1085.5
1416210 1085.5
1416220 1093.2
1416230 1101.8
1416240 1101.8
1416250 1110.2
1416260 1118.7
1416270 1118.7
1416280 1127.8
1416290 1135.5
1416300 1135.5
1416310 1143.0
1416320 1152.3
1416330 1152.3
1416340 1160.2
1416350 1168.1
1416360 1175.3
1416370 1175.3
1416380 1182.4
1416390 1189.3
1416400 1189.3
1416410 1194.9
1416420 1199.7
1416430 1199.7
1416440 1204.4
1416450 1208.8
1416460 1208.8
1416470 1212.7
1416480 1216.1
1416490 1216.1
1416500 1218.4
1416510 1220.6
1416520 1220.6
1416530 1220.3
1416540 1219.2
1416550 1219.2
1416560 1219.3
1416570 1217.7
1416580 1217.7
1416590 1215.0
1416600 1212.8
1416610 1211.3
1416620 1211.3
1416630 1209.2
1416640 1209.7
1416650 1209.7
1416660 1208.7
1416670 1206.6
1416680 1206.6
1416690 1205.0
1416700 1202.5
1416710 1202.5
1416720 1192.8
1416730 1192.3
1416740 1192.3
1416750 1191.7
1416760 1192.0
1416770 1192.0
1416780 1191.9
1416790 1192.9
1416800 1192.9
1416810 1194.4
1416820 1195.6
1416830 1195.6
1416840 1197.2
1416850 1198.2
1416860 1198.2
1416870 1198.8
1416880 1200.3
1416890 1202.1
1416900 1202.1
1416910 1203.8
1416920 1204.6
1416930 1204.6
1416940 1204.5
1416950 1203.4
1416960 1203.4
1416970 1201.6
1416980 1199.7
1416990 1199.7
1417000 1200.2
1417010 1202.6
1417020 1202.6
1417030 1204.4
1417040 1204.7
1417050 1204.7
1417060 1205.0
1417070 1206.8
1417080 1206.8
1417090 1208.1
1417100 1209.6
1417110 1209.6
1417120 1213.4
1417130 1217.5
1417140 1217.5
1417150 1222.7
1417160 1226.3
1417170 1227.6
1417180 1227.6
1417190 1227.3
1417200 1226.4
1417210 1226.4
1417220 1225.9
1417230 1226.9
1417240 1226.9
1417250 1227.7
1417260 1229.4
1417270 1229.4
1417280 1232.5
1417290 1233.1
1417300 1233.1
1417310 1232.8
1417320 1232.7
1417330 1232.7
1417340 1233.7
1417350 1236.7
1417360 1236.7
1417370 1240.8
1417380 1244.8
1417390 1244.8
1417400 1250.2
1417410 1256.9
1417420 1264.0
1417430 1264.0
1417440 1270.7
1417450 1277.8
1417460 1277.8
1417470 1279.1
1417480 1277.9
1417490 1277.9
1417500 1275.1
1417510 1271.8
1417520 1271.8
1417530 1269.1
1417540 1265.9
1417550 1265.9
1417560 1261.9
1417570 1257.9
1417580 1257.9
1417590 1254.8
1417600 1250.3
1417610 1250.3
1417620 1245.9
1417630 1240.0
1417640 1240.0
1417650 1232.9
1417660 1225.5
1417670 1225.5
1417680 1219.5
1417690 1214.7
1417700 1210.4
1417710 1210.4
1417720 1205.9
1417730 1200.7
1417740 1200.7
1417750 1195.4
1417760 1190.1
1417770 1190.1
1417780 1184.0
1417790 1177.3
1417800 1177.3
1417810 1170.4
1417820 1163.0
1417830 1163.0
1417840 1155.4
1417850 1147.5
1417860 1147.5
1417870 1139.9
1417880 1133.4
1417890 1133.4
1417900 1127.0
1417910 1119.1
1417920 1119.1
1417930 1111.9
1417940 1106.2
1417950 1100.0
1417960 1100.0
1417970 1093.6
1417980 1087.8
1417990 1087.8
1418000 1082.8
1418010 1078.1
1418020 1078.1
1418030 1073.4
1418040 1069.0
1418050 1069.0
1418060 1063.9
1418070 1059.8
1418080 1059.8
1418090 1056.6
1418100 1051.9
1418110 1051.9
1418120 1046.4
1418130 1041.0
1418140 1041.0
1418150 1036.7
1418160 1031.1
1418170 1031.1
1418180 1023.1
1418190 1014.7
1418200 1014.7
1418210 1007.2
1418220 999.9
1418230 993.2
1418240 993.2
1418250 988.5
1418260 983.9
1418270 983.9
1418280 978.9
1418290 973.2
1418300 973.2
1418310 967.0
1418320 959.6
1418330 959.6
1418340 952.4
1418350 950.7
1418360 950.7
1418370 957.7
1418380 964.8
1418390 964.8
1418400 973.1
1418410 978.8
1418420 978.8
1418430 984.5
1418440 988.8
1418450 988.8
1418460 993.3
1418470 998.3
1418480 998.3
1418490 1005.1
1418500 1012.1
1418510 1018.6
1418520 1018.6
1418530 1025.5
1418540 1032.5
1418550 1032.5
1418560 1039.2
1418570 1045.5
1418580 1045.5
1418590 1051.6
1418600 1058.3
1418610 1058.3
1418620 1063.6
1418630 1070.5
1418640 1070.5
1418650 1077.3
1418660 1084.1
1418670 1084.1
1418680 1091.0
1418690 1097.7
1418700 1097.7
1418710 1104.4
1418720 1110.8
1418730 1110.8
1418740 1117.6
1418750 1124.4
1418760 1131.3
1418770 1131.3
1418780 1138.3
1418790 1145.1
1418800 1145.1
1418810 1151.9
1418820 1158.6
1418830 1158.6
1418840 1165.0
1418850 1170.8
1418860 1170.8
1418870 1175.8
1418880 1180.5
1418890 1180.5
1418900 1185.0
1418910 1189.8
1418920 1189.8
1418930 1194.3
1418940 1199.5
1418950 1199.5
1418960 1204.2
1418970 1209.1
1418980 1209.1
1418990 1213.9
1419000 1218.5
1419010 1218.5
1419020 1222.4
1419030 1226.3
1419040 1229.8
1419050 1229.8
1419060 1232.6
1419070 1234.9
1419080 1234.9
1419090 1237.8
1419100 1241.0
1419110 1241.0
1419120 1244.5
1419130 1247.1
1419140 1247.1
1419150 1246.1
1419160 1245.9
1419170 1245.9
1419180 1246.4
1419190 1247.5
1419200 1247.5
1419210 1248.0
1419220 1247.9
1419230 1247.9
1419240 1247.0
1419250 1246.7
1419260 1246.7
1419270 1248.0
1419280 1250.2
1419290 1252.7
1419300 1252.7
1419310 1255.2
1419320 1257.3
1419330 1257.3
1419340 1259.2
1419350 1260.5
1419360 1260.5
1419370 1259.6
1419380 1258.7
1419390 1258.7
1419400 1258.8
1419410 1258.9
1419420 1258.9
1419430 1258.6
1419440 1257.5
1419450 1257.5
1419460 1256.3
1419470 1255.0
1419480 1255.0
1419490 1253.3
1419500 1251.4
1419510 1251.4
1419520 1249.7
1419530 1248.1
1419540 1248.1
1419550 1246.1
1419560 1244.3
1419570 1242.1
1419580 1242.1
1419590 1239.5
1419600 1237.7
1419610 1237.7
1419620 1234.9
1419630 1231.2
1419640 1231.2
1419650 1229.0
1419660 1227.2
1419670 1227.2
1419680 1224.8
1419690 1221.1
1419700 1221.1
1419710 1217.8
1419720 1214.5
1419730 1214.5
1419740 1211.3
1419750 1209.1
1419760 1209.1
1419770 1206.6
1419780 1204.0
1419790 1204.0
1419800 1200.2
1419810 1197.3
1419820 1194.7
1419830 1194.7
1419840 1191.2
1419850 1187.3
1419860 1187.3
1419870 1183.0
1419880 1178.6
1419890 1178.6
1419900 1173.7
1419910 1168.4
1419920 1168.4
1419930 1162.9
1419940 1157.8
1419950 1157.8
1419960 1153.7
1419970 1148.7
1419980 1148.7
1419990 1143.8
