1400000 1302.0
1400010 1308.1
1400020 1308.1
1400030 1313.8
1400040 1320.2
1400050 1320.2
1400060 1327.7
1400070 1334.3
1400080 1334.3
1400090 1340.1
1400100 1345.5
1400110 1345.5
1400120 1350.5
1400130 1354.6
1400140 1354.6
1400150 1358.5
1400160 1362.8
1400170 1362.8
1400180 1366.7
1400190 1370.7
1400200 1370.7
1400210 1375.2
1400220 1379.1
1400230 1379.1
1400240 1383.6
1400250 1391.2
1400260 1398.7
1400270 1398.7
1400280 1405.3
1400290 1411.4
1400300 1411.4
1400310 1417.5
1400320 1423.7
1400330 1423.7
1400340 1430.5
1400350 1437.1
1400360 1437.1
1400370 1444.1
1400380 1450.3
1400390 1445.5
1400400 1451.1
1400410 1457.8
1400420 1457.8
1400430 1464.7
1400440 1471.2
1400450 1471.2
1400460 1478.1
1400470 1485.0
1400480 1485.0
1400490 1491.6
1400500 1498.2
1400510 1505.1
1400520 1505.1
1400530 1511.8
1400540 1517.5
1400550 1517.5
1400560 1522.5
1400570 1526.9
1400580 1526.9
1400590 1530.1
1400600 1530.9
1400610 1530.9
1400620 1529.1
1400630 1525.0
1400640 1525.0
1400650 1520.7
1400660 1517.0
1400670 1517.0
1400680 1512.5
1400690 1506.7
1400700 1506.7
1400710 1501.0
1400720 1495.6
1400730 1495.6
1400740 1490.5
1400750 1485.1
1400760 1485.1
1400770 1479.5
1400780 1473.7
1400790 1468.4
1400800 1468.4
1400810 1463.3
1400820 1458.2
1400830 1458.2
1400840 1454.0
1400850 1449.1
1400860 1449.1
1400870 1444.5
1400880 1439.3
1400890 1439.3
1400900 1434.0
1400910 1428.7
1400920 1428.7
1400930 1422.5
1400940 1417.2
1400950 1417.2
1400960 1413.8
1400970 1409.6
1400980 1409.6
1400990 1405.3
1401000 1400.8
1401010 1400.8
1401020 1396.2
1401030 1394.1
1401040 1394.1
1401050 1390.9
1401060 1387.5
1401070 1384.3
1401080 1384.3
1401090 1380.6
1401100 1376.4
1401110 1376.4
1401120 1372.1
1401130 1366.6
1401140 1366.6
1401150 1360.8
1401160 1354.2
1401170 1354.2
1401180 1347.8
1401190 1342.0
1401200 1342.0
1401210 1333.2
1401220 1323.6
1401230 1323.6
1401240 1321.1
1401250 1317.8
1401260 1317.8
1401270 1310.3
1401280 1303.2
1401290 1303.2
1401300 1306.6
1401310 1315.5
1401320 1323.3
1401330 1323.3
1401340 1329.9
1401350 1336.2
1401360 1336.2
1401370 1343.1
1401380 1350.4
1401390 1350.4
1401400 1358.2
1401410 1366.0
1401420 1366.0
1401430 1372.6
1401440 1379.9
1401450 1379.9
1401460 1387.1
1401470 1394.0
1401480 1394.0
1401490 1401.0
1401500 1408.1
1401510 1408.1
1401520 1415.4
1401530 1422.8
1401540 1422.8
1401550 1429.7
1401560 1436.4
1401570 1436.4
1401580 1443.2
1401590 1450.0
1401600 1456.1
1401610 1456.1
1401620 1462.1
1401630 1470.0
1401640 1470.0
1401650 1476.4
1401660 1483.1
1401670 1483.1
1401680 1491.0
1401690 1499.7
1401700 1499.7
1401710 1507.7
1401720 1514.7
1401730 1514.7
1401740 1521.5
1401750 1528.6
1401760 1528.6
1401770 1535.8
1401780 1543.6
1401790 1543.6
1401800 1551.3
1401810 1559.1
1401820 1559.1
1401830 1567.8
1401840 1576.8
1401850 1586.2
1401860 1586.2
1401870 1593.1
1401880 1599.4
1401890 1599.4
1401900 1605.2
1401910 1610.1
1401920 1607.4
1401930 1610.3
1401940 1612.4
1401950 1612.4
1401960 1613.8
1401970 1614.8
1401980 1614.8
1401990 1615.6
1402000 1616.4
1402010 1616.4
1402020 1616.7
1402030 1616.9
1402040 1616.9
1402050 1616.9
1402060 1616.3
1402070 1616.3
1402080 1615.5
1402090 1614.5
1402100 1614.5
1402110 1613.4
1402120 1612.4
1402130 1611.6
1402140 1611.6
1402150 1611.1
1402160 1610.8
1402170 1610.8
1402180 1610.2
1402190 1609.5
1402200 1609.5
1402210 1609.0
1402220 1608.3
1402230 1608.3
1402240 1607.6
1402250 1606.7
1402260 1606.7
1402270 1606.2
1402280 1606.2
1402290 1606.2
1402300 1606.5
1402310 1606.9
1402320 1606.9
1402330 1607.8
1402340 1608.4
1402350 1608.4
1402360 1609.7
1402370 1610.5
1402380 1610.5
1402390 1610.7
1402400 1610.5
1402410 1609.1
1402420 1609.1
1402430 1606.2
1402440 1605.6
1402450 1605.6
1402460 1605.8
1402470 1604.1
1402480 1604.1
1402490 1606.1
1402500 1607.0
1402510 1607.0
1402520 1608.0
1402530 1609.6
1402540 1609.6
1402550 1610.1
1402560 1609.6
1402570 1609.6
1402580 1609.3
1402590 1609.2
1402600 1609.2
1402610 1609.3
1402620 1610.6
1402630 1610.6
1402640 1614.4
1402650 1617.2
1402660 1620.0
1402670 1620.0
1402680 1622.7
1402690 1625.2
1402700 1625.2
1402710 1627.8
1402720 1629.0
1402730 1629.0
1402740 1629.1
1402750 1630.5
1402760 1630.5
1402770 1632.0
1402780 1633.5
1402790 1633.5
1402800 1634.9
1402810 1636.0
1402820 1636.0
1402830 1636.9
1402840 1637.9
1402850 1637.9
1402860 1638.5
1402870 1638.8
1402880 1638.8
1402890 1638.5
1402900 1638.2
1402910 1638.2
1402920 1637.8
1402930 1637.0
1402940 1635.8
1402950 1635.8
1402960 1633.6
1402970 1631.0
1402980 1631.0
1402990 1628.0
1403000 1624.8
1403010 1624.8
1403020 1622.4
1403030 1619.6
1403040 1619.6
1403050 1616.5
1403060 1613.3
1403070 1613.3
1403080 1609.5
1403090 1605.5
1403100 1605.5
1403110 1601.8
1403120 1598.1
1403130 1598.1
1403140 1594.6
1403150 1590.1
1403160 1590.1
1403170 1585.4
1403180 1580.9
1403190 1580.9
1403200 1576.0
1403210 1570.4
1403220 1564.9
1403230 1564.9
1403240 1560.0
1403250 1555.2
1403260 1555.2
1403270 1550.5
1403280 1546.6
1403290 1546.6
1403300 1543.4
1403310 1540.0
1403320 1540.0
1403330 1536.0
1403340 1532.6
1403350 1532.6
1403360 1527.4
1403370 1523.8
1403380 1523.8
1403390 1519.8
1403400 1515.4
1403410 1515.4
1403420 1511.0
1403430 1507.0
1403440 1507.0
1403450 1502.4
1403460 1496.3
1403470 1492.8
1403480 1492.1
1403490 1485.3
1403500 1478.6
1403510 1478.6
1403520 1472.8
1403530 1466.4
1403540 1466.4
1403550 1460.1
1403560 1453.8
1403570 1453.8
1403580 1448.0
1403590 1441.8
1403600 1441.8
1403610 1435.6
1403620 1430.2
1403630 1430.2
1403640 1424.9
1403650 1420.2
1403660 1420.2
1403670 1414.1
1403680 1408.6
1403690 1408.6
1403700 1403.1
1403710 1396.0
1403720 1396.0
1403730 1388.7
1403740 1383.0
1403750 1377.5
1403760 1377.5
1403770 1370.8
1403780 1364.2
1403790 1364.2
1403800 1357.8
1403810 1350.9
1403820 1350.9
1403830 1344.0
1403840 1336.8
1403850 1336.8
1403860 1329.4
1403870 1322.4
1403880 1322.4
1403890 1316.1
1403900 1309.5
1403910 1309.5
1403920 1301.3
1403930 1292.4
1403940 1292.4
1403950 1284.0
1403960 1276.1
1403970 1276.1
1403980 1267.8
1403990 1260.0
1404000 1260.0
1404010 1252.9
1404020 1243.4
1404030 1240.6
1404040 1240.6
1404050 1250.4
1404060 1261.8
1404070 1261.8
1404080 1271.5
1404090 1280.3
1404100 1280.3
1404110 1288.3
1404120 1296.3
1404130 1296.3
1404140 1304.3
1404150 1311.6
1404160 1311.6
1404170 1319.5
1404180 1327.1
1404190 1327.1
1404200 1334.7
1404210 1340.7
1404220 1340.7
1404230 1347.9
1404240 1354.0
1404250 1354.0
1404260 1360.0
1404270 1365.2
1404280 1369.7
1404290 1369.7
1404300 1373.9
1404310 1379.8
1404320 1379.8
1404330 1385.3
1404340 1390.3
1404350 1390.3
1404360 1395.7
1404370 1400.8
1404380 1400.8
1404390 1406.2
1404400 1411.5
1404410 1411.5
1404420 1416.9
1404430 1422.5
1404440 1422.5
1404450 1426.3
1404460 1430.9
1404470 1430.9
1404480 1434.4
1404490 1440.1
1404500 1440.1
1404510 1446.0
1404520 1450.5
1404530 1450.5
1404540 1453.9
1404550 1456.9
1404560 1459.4
1404570 1459.4
1404580 1460.9
1404590 1461.9
1404600 1461.9
1404610 1467.1
1404620 1476.2
1404630 1476.2
1404640 1485.3
1404650 1493.7
1404660 1493.7
1404670 1502.7
1404680 1510.4
1404690 1510.4
1404700 1516.4
1404710 1520.8
1404720 1520.8
1404730 1524.3
1404740 1526.2
1404750 1526.2
1404760 1527.5
1404770 1529.2
1404780 1529.2
1404790 1530.8
1404800 1532.3
1404810 1533.5
1404820 1533.5
1404830 1534.9
1404840 1535.7
1404850 1535.7
1404860 1535.4
1404870 1535.7
1404880 1535.7
1404890 1535.6
1404900 1535.2
1404910 1535.2
1404920 1534.9
1404930 1534.4
1404940 1534.4
1404950 1534.0
1404960 1533.5
1404970 1533.5
1404980 1533.1
1404990 1532.3
1405000 1532.3
1405010 1531.4
1405020 1530.4
1405030 1530.4
1405040 1529.2
1405050 1527.9
1405060 1527.9
1405070 1522.8
1405080 1521.1
1405090 1519.5
1405100 1519.5
1405110 1517.9
1405120 1515.9
1405130 1515.9
1405140 1513.5
1405150 1510.6
1405160 1510.6
1405170 1507.6
1405180 1504.2
1405190 1504.2
1405200 1500.4
1405210 1496.2
1405220 1496.2
1405230 1492.1
1405240 1487.3
1405250 1487.3
1405260 1483.6
1405270 1478.8
1405280 1478.8
1405290 1475.0
1405300 1471.9
1405310 1471.9
1405320 1468.2
1405330 1464.1
1405340 1464.1
1405350 1460.3
1405360 1455.5
1405370 1450.4
1405380 1450.4
1405390 1445.2
1405400 1439.4
1405410 1439.4
1405420 1432.6
1405430 1425.8
1405440 1425.8
1405450 1419.6
1405460 1413.2
1405470 1413.2
1405480 1407.0
1405490 1400.9
1405500 1400.9
1405510 1395.0
1405520 1389.2
1405530 1389.2
1405540 1383.1
1405550 1376.6
1405560 1376.6
1405570 1369.6
1405580 1362.8
1405590 1362.8
1405600 1355.7
1405610 1349.0
1405620 1342.8
1405630 1342.8
1405640 1338.3
1405650 1334.2
1405660 1334.2
1405670 1329.7
1405680 1324.8
1405690 1324.8
1405700 1318.9
1405710 1313.1
1405720 1313.1
1405730 1308.0
1405740 1303.0
1405750 1303.0
1405760 1297.8
1405770 1292.6
1405780 1292.6
1405790 1287.3
1405800 1281.6
1405810 1281.6
1405820 1274.9
1405830 1268.5
1405840 1268.5
1405850 1262.1
1405860 1255.3
1405870 1255.3
1405880 1247.6
1405890 1239.1
1405900 1232.0
1405910 1232.0
1405920 1226.7
1405930 1220.1
1405940 1220.1
1405950 1215.0
1405960 1209.8
1405970 1209.8
1405980 1202.3
1405990 1194.6
1406000 1194.6
1406010 1187.1
1406020 1179.7
1406030 1179.7
1406040 1173.3
1406050 1169.4
1406060 1169.4
1406070 1174.5
1406080 1183.9
1406090 1183.9
1406100 1196.4
1406110 1205.1
1406120 1205.1
1406130 1204.6
1406140 1212.1
1406150 1212.1
1406160 1230.4
1406170 1237.5
1406180 1240.8
1406190 1240.8
1406200 1243.1
1406210 1244.2
1406220 1244.2
1406230 1244.8
1406240 1244.7
1406250 1244.7
1406260 1243.8
1406270 1242.9
1406280 1242.9
1406290 1242.1
1406300 1241.3
1406310 1241.3
1406320 1240.4
1406330 1239.8
1406340 1239.8
1406350 1239.4
1406360 1239.2
1406370 1239.2
1406380 1238.8
1406390 1239.2
1406400 1239.2
1406410 1239.7
1406420 1239.1
1406430 1235.9
1406440 1235.9
1406450 1230.9
1406460 1225.3
1406470 1225.3
1406480 1219.1
1406490 1212.2
1406500 1212.2
1406510 1205.3
1406520 1197.7
1406530 1197.7
1406540 1190.0
1406550 1182.2
1406560 1182.2
1406570 1173.2
1406580 1163.3
1406590 1163.3
1406600 1150.1
1406610 1138.6
1406620 1138.6
1406630 1131.7
1406640 1137.5
1406650 1137.5
1406660 1146.7
1406670 1152.6
1406680 1152.6
1406690 1156.4
1406700 1160.2
1406710 1164.8
1406720 1164.8
1406730 1169.5
1406740 1175.0
1406750 1175.0
1406760 1181.7
1406770 1188.2
1406780 1188.2
1406790 1194.9
1406800 1201.4
1406810 1201.4
1406820 1208.7
1406830 1218.6
1406840 1218.6
1406850 1227.8
1406860 1236.3
1406870 1236.3
1406880 1243.7
1406890 1249.9
1406900 1249.9
1406910 1254.8
1406920 1260.2
1406930 1260.2
1406940 1266.0
1406950 1271.7
1406960 1277.1
1406970 1277.1
1406980 1282.4
1406990 1287.7
1407000 1287.7
1407010 1292.5
1407020 1297.6
1407030 1297.6
1407040 1303.6
1407050 1309.0
1407060 1309.0
1407070 1314.5
1407080 1319.0
1407090 1319.0
1407100 1324.0
1407110 1328.4
1407120 1328.4
1407130 1332.4
1407140 1335.9
1407150 1335.9
1407160 1339.3
1407170 1341.8
1407180 1341.8
1407190 1344.1
1407200 1347.1
1407210 1347.1
1407220 1350.2
1407230 1353.7
1407240 1357.4
1407250 1357.4
1407260 1361.2
1407270 1365.4
1407280 1365.4
1407290 1370.8
1407300 1375.5
1407310 1375.5
1407320 1378.8
1407330 1384.8
1407340 1384.8
1407350 1390.4
1407360 1396.1
1407370 1396.1
1407380 1401.8
1407390 1407.6
1407400 1407.6
1407410 1413.6
1407420 1420.0
1407430 1420.0
1407440 1426.0
1407450 1432.0
1407460 1432.0
1407470 1437.6
1407480 1443.0
1407490 1443.0
1407500 1447.9
1407510 1451.6
1407520 1454.6
1407530 1454.6
1407540 1456.2
1407550 1456.3
1407560 1456.3
1407570 1454.7
1407580 1452.5
1407590 1452.5
1407600 1449.8
1407610 1446.1
1407620 1446.1
1407630 1441.1
1407640 1435.5
1407650 1435.5
1407660 1430.7
1407670 1426.4
1407680 1426.4
1407690 1421.6
1407700 1415.9
1407710 1415.9
1407720 1410.0
1407730 1402.7
1407740 1402.7
1407750 1396.1
1407760 1389.7
1407770 1382.5
1407780 1382.5
1407790 1375.6
1407800 1368.9
1407810 1368.9
1407820 1362.8
1407830 1357.0
1407840 1357.0
1407850 1351.3
1407860 1345.6
1407870 1345.6
1407880 1338.9
1407890 1332.5
1407900 1332.5
1407910 1325.6
1407920 1320.1
1407930 1320.1
1407940 1315.5
1407950 1310.0
1407960 1310.0
1407970 1303.6
1407980 1297.9
1407990 1297.9
1408000 1292.6
1408010 1287.4
1408020 1287.4
1408030 1282.4
1408040 1278.1
1408050 1273.6
1408060 1273.6
1408070 1270.1
1408080 1266.6
1408090 1266.6
1408100 1263.2
1408110 1258.6
1408120 1258.6
1408130 1254.3
1408140 1250.6
1408150 1250.6
1408160 1247.0
1408170 1243.1
1408180 1243.1
1408190 1238.5
1408200 1231.3
1408210 1231.3
1408220 1225.8
1408230 1221.9
1408240 1221.9
1408250 1218.8
1408260 1216.2
1408270 1216.2
1408280 1213.8
1408290 1210.5
1408300 1205.7
1408310 1205.7
1408320 1200.7
1408330 1197.3
1408340 1197.3
1408350 1192.7
1408360 1191.2
1408370 1191.2
1408380 1189.0
1408390 1186.7
1408400 1186.7
1408410 1184.4
1408420 1182.2
1408430 1182.2
1408440 1179.2
1408450 1176.0
1408460 1176.0
1408470 1173.7
1408480 1172.1
1408490 1172.1
1408500 1168.1
1408510 1161.7
1408520 1161.7
1408530 1154.5
1408540 1147.1
1408550 1147.1
1408560 1140.3
1408570 1135.7
1408580 1135.1
1408590 1135.1
1408600 1138.6
1408610 1144.0
1408620 1144.0
1408630 1149.5
1408640 1153.9
1408650 1153.9
1408660 1159.7
1408670 1165.1
1408680 1165.1
1408690 1170.6
1408700 1176.5
1408710 1176.5
1408720 1181.7
1408730 1187.3
1408740 1187.3
1408750 1192.4
1408760 1199.7
1408770 1199.7
1408780 1206.7
1408790 1211.9
1408800 1211.9
1408810 1216.8
1408820 1222.6
1408830 1222.6
1408840 1228.4
1408850 1232.5
1408860 1236.7
1408870 1236.7
1408880 1241.3
1408890 1247.3
1408900 1247.3
1408910 1252.9
1408920 1259.1
1408930 1259.1
1408940 1265.4
1408950 1271.0
1408960 1271.0
1408970 1277.5
1408980 1283.9
1408990 1283.9
1409000 1290.8
1409010 1297.3
1409020 1297.3
1409030 1304.6
1409040 1311.9
1409050 1311.9
1409060 1319.4
1409070 1327.5
1409080 1327.5
1409090 1336.1
1409100 1342.5
1409110 1350.1
1409120 1350.1
1409130 1358.3
1409140 1365.7
1409150 1365.7
1409160 1372.5
1409170 1378.8
1409180 1378.8
1409190 1385.3
1409200 1391.7
1409210 1391.7
1409220 1397.7
1409230 1403.3
1409240 1403.3
1409250 1409.4
1409260 1415.1
1409270 1415.1
1409280 1419.9
1409290 1424.1
1409300 1424.1
1409310 1429.3
1409320 1435.2
1409330 1435.2
1409340 1441.3
1409350 1446.4
1409360 1446.4
1409370 1451.2
1409380 1456.8
1409390 1461.7
1409400 1461.7
1409410 1467.1
1409420 1471.6
1409430 1471.6
1409440 1474.9
1409450 1477.7
1409460 1477.7
1409470 1480.4
1409480 1483.8
1409490 1483.8
1409500 1487.5
1409510 1491.3
1409520 1491.3
1409530 1495.4
1409540 1500.2
1409550 1500.2
1409560 1504.0
1409570 1507.9
1409580 1507.9
1409590 1513.0
1409600 1516.6
1409610 1516.6
1409620 1519.8
1409630 1524.8
1409640 1524.8
1409650 1530.4
1409660 1534.9
1409670 1538.3
1409680 1538.3
1409690 1542.0
1409700 1546.6
1409710 1546.6
1409720 1551.3
1409730 1555.4
1409740 1555.4
1409750 1559.7
1409760 1562.1
1409770 1562.1
1409780 1564.1
1409790 1565.4
1409800 1565.4
1409810 1565.6
1409820 1565.1
1409830 1565.1
1409840 1563.7
1409850 1561.1
1409860 1561.1
1409870 1555.0
1409880 1547.8
1409890 1547.8
1409900 1543.3
1409910 1539.2
1409920 1535.8
1409930 1535.8
1409940 1531.9
1409950 1528.9
1409960 1528.9
1409970 1524.3
1409980 1518.7
1409990 1518.7
1410000 1513.5
1410010 1508.4
1410020 1508.4
1410030 1504.3
1410040 1498.7
1410050 1498.7
1410060 1493.4
1410070 1488.2
1410080 1488.2
1410090 1483.6
1410100 1478.7
1410110 1478.7
1410120 1473.1
1410130 1466.7
1410140 1466.7
1410150 1461.6
1410160 1456.3
1410170 1456.3
1410180 1451.2
1410190 1446.7
1410200 1441.4
1410210 1441.4
1410220 1434.5
1410230 1427.9
1410240 1427.9
1410250 1420.9
1410260 1414.2
1410270 1414.2
1410280 1408.0
1410290 1400.7
1410300 1400.7
1410310 1393.9
1410320 1387.8
1410330 1387.8
1410340 1381.8
1410350 1375.9
1410360 1375.9
1410370 1369.9
1410380 1363.9
1410390 1363.9
1410400 1358.4
1410410 1354.9
1410420 1354.9
1410430 1352.3
1410440 1347.8
1410450 1342.7
1410460 1342.7
1410470 1339.6
1410480 1333.0
1410490 1333.0
1410500 1325.4
1410510 1319.9
1410520 1319.9
1410530 1316.0
1410540 1311.5
1410550 1311.5
1410560 1307.0
1410570 1302.9
1410580 1302.9
1410590 1299.7
1410600 1297.1
1410610 1297.1
1410620 1297.9
1410630 1296.1
1410640 1296.1
1410650 1293.8
1410660 1288.5
1410670 1288.5
1410680 1283.7
1410690 1280.3
1410700 1280.3
1410710 1277.5
1410720 1273.3
1410730 1267.8
1410740 1267.8
1410750 1262.7
1410760 1256.5
1410770 1256.5
1410780 1249.1
1410790 1243.4
1410800 1243.4
1410810 1238.5
1410820 1231.8
1410830 1231.8
1410840 1225.8
1410850 1219.9
1410860 1219.9
1410870 1214.6
1410880 1209.5
1410890 1209.5
1410900 1204.4
1410910 1203.1
1410920 1203.1
1410930 1202.4
1410940 1199.0
1410950 1199.0
1410960 1195.5
1410970 1194.1
1410980 1194.1
1410990 1191.2
1411000 1186.9
1411010 1183.4
1411020 1183.4
1411030 1178.3
1411040 1175.5
1411050 1175.5
1411060 1172.3
1411070 1167.6
1411080 1167.6
1411090 1162.8
1411100 1158.6
1411110 1158.6
1411120 1153.4
1411130 1148.0
1411140 1148.0
1411150 1142.9
1411160 1138.3
1411170 1138.3
1411180 1134.2
1411190 1131.0
1411200 1131.0
1411210 1128.2
1411220 1125.6
1411230 1125.6
1411240 1123.0
1411250 1120.2
1411260 1117.0
1411270 1117.0
1411280 1113.1
1411290 1108.5
1411300 1108.5
1411310 1104.7
1411320 1100.4
1411330 1100.4
1411340 1095.6
1411350 1091.0
1411360 1091.0
1411370 1086.8
1411380 1083.9
1411390 1083.9
1411400 1077.7
1411410 1071.5
1411420 1071.5
1411430 1064.0
1411440 1060.2
1411450 1060.2
1411460 1057.1
1411470 1054.9
1411480 1054.9
1411490 1052.6
1411500 1048.5
1411510 1048.5
1411520 1044.5
1411530 1040.6
1411540 1038.5
1411550 1038.5
1411560 1038.9
1411570 1039.0
1411580 1039.0
1411590 1044.4
1411600 1052.8
1411610 1052.8
1411620 1060.8
1411630 1067.9
1411640 1067.9
1411650 1073.5
1411660 1077.6
1411670 1077.6
1411680 1080.3
1411690 1087.6
1411700 1087.6
1411710 1096.1
1411720 1103.3
1411730 1103.3
1411740 1104.4
1411750 1104.8
1411760 1104.8
1411770 1103.4
1411780 1106.4
1411790 1106.4
1411800 1109.6
1411810 1113.1
1411820 1116.6
1411830 1116.6
1411840 1119.6
1411850 1121.7
1411860 1121.7
1411870 1122.7
1411880 1122.7
1411890 1122.7
1411900 1121.3
1411910 1118.7
1411920 1118.7
1411930 1115.5
1411940 1112.3
1411950 1112.3
1411960 1109.3
1411970 1106.2
1411980 1106.2
1411990 1103.1
1412000 1100.5
1412010 1100.5
1412020 1096.8
1412030 1090.4
1412040 1090.4
1412050 1086.7
1412060 1082.5
1412070 1077.8
1412080 1077.8
1412090 1074.5
1412100 1071.2
1412110 1071.2
1412120 1068.1
1412130 1067.8
1412140 1067.8
1412150 1065.2
1412160 1058.3
1412170 1058.3
1412180 1053.1
1412190 1049.6
1412200 1049.6
1412210 1047.8
1412220 1043.9
1412230 1043.9
1412240 1037.6
1412250 1036.0
1412260 1036.0
1412270 1035.1
1412280 1034.8
1412290 1034.8
1412300 1035.9
1412310 1038.4
1412320 1038.4
1412330 1042.3
1412340 1048.2
1412350 1055.2
1412360 1055.2
1412370 1061.2
1412380 1065.8
1412390 1065.8
1412400 1070.6
1412410 1077.0
1412420 1077.0
1412430 1084.1
1412440 1089.9
1412450 1089.9
1412460 1096.1
1412470 1101.7
1412480 1101.7
1412490 1106.3
1412500 1110.8
1412510 1110.8
1412520 1116.1
1412530 1121.7
1412540 1121.7
1412550 1126.8
1412560 1132.1
1412570 1132.1
1412580 1137.1
1412590 1141.7
1412600 1145.7
1412610 1145.7
1412620 1150.4
1412630 1154.8
1412640 1154.8
1412650 1159.1
1412660 1163.7
1412670 1163.7
1412680 1169.0
1412690 1173.7
1412700 1173.7
1412710 1180.0
1412720 1186.8
1412730 1186.8
1412740 1193.0
1412750 1198.3
1412760 1198.3
1412770 1204.1
1412780 1208.7
1412790 1208.7
1412800 1214.1
1412810 1220.5
1412820 1220.5
1412830 1226.6
1412840 1232.4
1412850 1232.4
1412860 1237.9
1412870 1243.6
1412880 1250.6
1412890 1250.6
1412900 1257.8
1412910 1262.6
1412920 1262.6
1412930 1270.1
1412940 1277.2
1412950 1277.2
1412960 1283.7
1412970 1290.3
1412980 1290.3
1412990 1296.3
1413000 1301.6
1413010 1301.6
1413020 1307.0
1413030 1311.7
1413040 1311.7
1413050 1315.2
1413060 1317.5
1413070 1317.5
1413080 1317.0
1413090 1313.7
1413100 1313.7
1413110 1312.7
1413120 1311.4
1413130 1311.4
1413140 1309.0
1413150 1305.1
1413160 1301.4
1413170 1301.4
1413180 1297.3
1413190 1292.9
1413200 1292.9
1413210 1289.2
1413220 1285.6
1413230 1285.6
1413240 1282.2
1413250 1278.7
1413260 1278.7
1413270 1274.8
1413280 1270.3
1413290 1270.3
1413300 1265.8
1413310 1261.2
1413320 1261.2
1413330 1256.4
1413340 1251.7
1413350 1251.7
1413360 1247.0
1413370 1242.0
1413380 1242.0
1413390 1237.0
1413400 1231.6
1413410 1226.3
1413420 1226.3
1413430 1221.0
1413440 1215.7
1413450 1215.7
1413460 1210.6
1413470 1206.0
1413480 1206.0
1413490 1201.0
1413500 1196.5
1413510 1196.5
1413520 1191.8
1413530 1188.3
1413540 1183.7
1413550 1179.5
1413560 1175.6
1413570 1175.6
1413580 1171.7
1413590 1167.7
1413600 1167.7
1413610 1162.7
1413620 1157.1
1413630 1157.1
1413640 1151.5
1413650 1146.1
1413660 1146.1
1413670 1140.6
1413680 1135.6
1413690 1130.2
1413700 1130.2
1413710 1124.4
1413720 1119.0
1413730 1119.0
1413740 1113.2
1413750 1106.9
1413760 1106.9
1413770 1099.9
1413780 1089.4
1413790 1089.4
1413800 1077.9
1413810 1066.1
1413820 1066.1
1413830 1053.3
1413840 1054.2
1413850 1054.2
1413860 1066.5
1413870 1076.6
1413880 1076.6
1413890 1084.0
1413900 1089.4
1413910 1089.4
1413920 1094.6
1413930 1099.6
1413940 1099.6
1413950 1103.7
1413960 1109.3
1413970 1116.0
1413980 1116.0
1413990 1122.6
1414000 1126.8
1414010 1126.8
1414020 1131.3
1414030 1136.7
1414040 1136.7
1414050 1142.7
1414060 1147.7
1414070 1147.7
1414080 1152.5
1414090 1157.3
1414100 1157.3
1414110 1162.3
1414120 1166.9
1414130 1166.9
1414140 1171.8
1414150 1176.4
1414160 1176.4
1414170 1180.8
1414180 1185.1
1414190 1185.1
1414200 1190.7
1414210 1196.4
1414220 1200.2
1414230 1200.2
1414240 1203.8
1414250 1206.5
1414260 1206.5
1414270 1209.3
1414280 1211.3
1414290 1211.3
1414300 1215.0
1414310 1221.4
1414320 1221.4
1414330 1227.4
1414340 1234.4
1414350 1234.4
1414360 1241.5
1414370 1248.0
1414380 1248.0
1414390 1254.7
1414400 1261.5
1414410 1261.5
1414420 1268.1
1414430 1275.2
1414440 1275.2
1414450 1282.7
1414460 1289.8
1414470 1289.8
1414480 1296.7
1414490 1303.3
1414500 1309.1
1414510 1309.1
1414520 1314.2
1414530 1318.6
1414540 1318.6
1414550 1323.2
1414560 1327.6
1414570 1327.6
1414580 1332.4
1414590 1337.6
1414600 1337.6
1414610 1343.1
1414620 1348.5
1414630 1348.5
1414640 1352.9
1414650 1358.2
1414660 1358.2
1414670 1363.1
1414680 1367.9
1414690 1367.9
1414700 1372.5
1414710 1376.5
1414720 1376.5
1414730 1379.7
1414740 1381.6
1414750 1382.2
1414760 1382.2
1414770 1382.3
1414780 1382.5
1414790 1382.5
1414800 1381.6
1414810 1380.8
1414820 1380.8
1414830 1379.2
1414840 1377.1
1414850 1377.1
1414860 1374.4
1414870 1370.8
1414880 1370.8
1414890 1365.9
1414900 1360.7
1414910 1360.7
1414920 1355.0
1414930 1348.9
1414940 1348.9
1414950 1342.3
1414960 1335.9
1414970 1335.9
1414980 1329.7
1414990 1323.9
1415000 1323.9
1415010 1318.2
1415020 1312.7
1415030 1307.7
1415040 1307.7
1415050 1302.8
1415060 1298.9
1415070 1298.9
1415080 1294.9
1415090 1289.9
1415100 1289.9
1415110 1286.5
1415120 1279.8
1415130 1279.8
1415140 1273.2
1415150 1267.0
1415160 1267.0
1415170 1260.2
1415180 1253.2
1415190 1253.2
1415200 1246.6
1415210 1240.1
1415220 1240.1
1415230 1233.5
1415240 1227.1
1415250 1227.1
1415260 1220.8
1415270 1214.1
1415280 1214.1
1415290 1207.7
1415300 1200.6
1415310 1193.8
1415320 1193.8
1415330 1187.1
1415340 1180.9
1415350 1180.9
1415360 1172.2
1415370 1167.2
1415380 1167.2
1415390 1162.4
1415400 1157.8
1415410 1157.8
1415420 1153.2
1415430 1148.7
1415440 1148.7
1415450 1144.2
1415460 1139.1
1415470 1139.1
1415480 1134.7
1415490 1130.7
1415500 1130.7
1415510 1126.8
1415520 1123.2
1415530 1123.2
1415540 1119.5
1415550 1115.6
1415560 1110.5
1415570 1110.5
1415580 1103.2
1415590 1099.6
1415600 1099.6
1415610 1091.9
1415620 1085.5
1415630 1085.5
1415640 1082.1
1415650 1081.9
1415660 1081.9
1415670 1084.4
1415680 1083.0
1415690 1083.0
1415700 1079.9
1415710 1076.2
1415720 1076.2
1415730 1071.5
1415740 1066.5
1415750 1066.5
1415760 1061.6
1415770 1057.7
1415780 1057.7
1415790 1056.2
1415800 1054.6
1415810 1054.6
1415820 1051.3
1415830 1049.4
1415840 1046.5
1415850 1046.5
1415860 1043.1
1415870 1039.2
1415880 1039.2
1415890 1035.0
1415900 1028.6
1415910 1028.6
1415920 1020.9
1415930 1012.9
1415940 1012.9
1415950 1005.6
1415960 999.1
1415970 999.1
1415980 994.3
1415990 992.5
1416000 992.5
1416010 995.0
1416020 1003.4
1416030 1003.4
1416040 1011.7
1416050 1019.0
1416060 1019.0
1416070 1024.1
1416080 1028.7
1416090 1033.2
1416100 1033.2
1416110 1039.6
1416120 1047.6
1416130 1047.6
1416140 1055.6
1416150 1061.6
1416160 1061.6
1416170 1065.7
1416180 1069.6
1416190 1069.6
1416200 1073.4
1416210 1077.2
1416220 1077.2
1416230 1081.6
1416240 1085.6
1416250 1085.6
1416260 1089.2
1416270 1094.6
1416280 1094.6
1416290 1100.0
1416300 1105.3
1416310 1105.3
1416320 1110.4
1416330 1115.2
1416340 1115.2
1416350 1120.4
1416360 1125.4
1416370 1130.7
1416380 1130.7
1416390 1136.8
1416400 1142.8
1416410 1142.8
1416420 1148.3
1416430 1153.4
1416440 1153.4
1416450 1158.9
1416460 1164.9
1416470 1164.9
1416480 1171.2
1416490 1177.4
1416500 1177.4
1416510 1183.1
1416520 1189.2
1416530 1189.2
1416540 1196.0
1416550 1202.7
1416560 1202.7
1416570 1209.2
1416580 1215.5
1416590 1215.5
1416600 1221.7
1416610 1228.0
1416620 1228.0
1416630 1233.2
1416640 1238.4
1416650 1243.8
1416660 1243.8
1416670 1249.1
1416680 1254.1
1416690 1254.1
1416700 1258.7
1416710 1263.1
1416720 1263.1
1416730 1267.8
1416740 1273.4
1416750 1273.4
1416760 1279.5
1416770 1285.1
1416780 1285.1
1416790 1290.3
1416800 1296.1
1416810 1296.1
1416820 1302.3
1416830 1308.6
1416840 1308.6
1416850 1314.5
1416860 1320.7
1416870 1320.7
1416880 1327.3
1416890 1334.3
1416900 1340.8
1416910 1340.8
1416920 1347.5
1416930 1354.1
1416940 1354.1
1416950 1360.8
1416960 1366.7
1416970 1366.7
1416980 1372.7
1416990 1378.5
1417000 1378.5
1417010 1384.6
1417020 1390.4
1417030 1390.4
1417040 1396.7
1417050 1402.7
1417060 1402.7
1417070 1408.9
1417080 1413.5
1417090 1413.5
1417100 1418.2
1417110 1423.0
1417120 1423.0
1417130 1427.5
1417140 1431.7
1417150 1431.7
1417160 1435.1
1417170 1438.0
1417180 1441.0
1417190 1441.0
1417200 1443.3
1417210 1444.7
1417220 1441.7
1417230 1443.1
1417240 1444.8
1417250 1444.8
1417260 1445.6
1417270 1444.2
1417280 1444.2
1417290 1442.2
1417300 1440.2
1417310 1440.2
1417320 1438.0
1417330 1435.9
1417340 1435.9
1417350 1432.9
1417360 1430.1
1417370 1430.1
1417380 1428.3
1417390 1425.7
1417400 1425.7
1417410 1421.8
1417420 1417.1
1417430 1417.1
1417440 1412.7
1417450 1408.2
1417460 1403.4
1417470 1403.4
1417480 1398.7
1417490 1393.9
1417500 1393.9
1417510 1388.9
1417520 1383.8
1417530 1383.8
1417540 1377.7
1417550 1369.9
1417560 1369.9
1417570 1361.4
1417580 1353.6
1417590 1353.6
1417600 1346.4
1417610 1338.9
1417620 1338.9
1417630 1331.0
1417640 1323.1
1417650 1323.1
1417660 1315.6
1417670 1306.1
1417680 1306.1
1417690 1297.5
1417700 1293.8
1417710 1291.0
1417720 1291.0
1417730 1287.7
1417740 1284.7
1417750 1284.7
1417760 1281.2
1417770 1278.4
1417780 1278.4
1417790 1276.4
1417800 1274.0
1417810 1274.0
1417820 1271.6
1417830 1268.8
1417840 1268.8
1417850 1266.2
1417860 1262.9
1417870 1262.9
1417880 1257.6
1417890 1251.3
1417900 1251.3
1417910 1245.3
1417920 1239.2
1417930 1239.2
1417940 1233.8
1417950 1229.2
1417960 1229.2
1417970 1224.4
1417980 1219.0
1417990 1211.6
1418000 1211.6
1418010 1204.1
1418020 1197.2
1418030 1197.2
1418040 1190.0
1418050 1182.4
1418060 1182.4
1418070 1175.5
1418080 1168.7
1418090 1168.7
1418100 1161.3
1418110 1154.4
1418120 1154.4
1418130 1147.3
1418140 1141.9
1418150 1141.9
1418160 1138.2
1418170 1135.2
1418180 1135.2
1418190 1131.0
1418200 1127.1
1418210 1127.1
1418220 1122.6
1418230 1116.8
1418240 1110.2
1418250 1110.2
1418260 1104.1
1418270 1098.5
1418280 1098.5
1418290 1092.4
1418300 1084.1
1418310 1084.1
1418320 1076.2
1418330 1068.5
1418340 1068.5
1418350 1059.8
1418360 1061.1
1418370 1061.1
1418380 1071.2
1418390 1079.7
1418400 1079.7
1418410 1085.1
1418420 1088.1
1418430 1088.1
1418440 1093.0
1418450 1100.2
1418460 1100.2
1418470 1108.8
1418480 1115.7
1418490 1115.7
1418500 1120.4
1418510 1125.6
1418520 1130.7
1418530 1130.7
1418540 1137.7
1418550 1145.6
1418560 1145.6
1418570 1151.8
1418580 1158.6
1418590 1158.6
1418600 1165.6
1418610 1173.0
1418620 1173.0
1418630 1180.8
1418640 1187.9
1418650 1187.9
1418660 1195.6
1418670 1203.6
1418680 1203.6
1418690 1211.7
1418700 1220.3
1418710 1220.3
1418720 1229.4
1418730 1237.9
1418740 1237.9
1418750 1246.7
1418760 1255.2
1418770 1255.2
1418780 1263.2
1418790 1271.1
1418800 1278.8
1418810 1278.8
1418820 1286.3
1418830 1293.9
1418840 1293.9
1418850 1301.2
1418860 1307.4
1418870 1307.4
1418880 1312.9
1418890 1318.5
1418900 1318.5
1418910 1322.5
1418920 1327.6
1418930 1327.6
1418940 1332.2
1418950 1336.6
1418960 1336.6
1418970 1341.0
1418980 1345.2
1418990 1345.2
1419000 1349.2
1419010 1353.0
1419020 1353.0
1419030 1356.8
1419040 1360.7
1419050 1364.6
1419060 1364.6
1419070 1368.1
1419080 1371.1
1419090 1371.1
1419100 1374.4
1419110 1377.6
1419120 1377.6
1419130 1380.3
1419140 1379.1
1419150 1379.1
1419160 1381.5
1419170 1383.9
1419180 1383.9
1419190 1386.7
1419200 1389.5
1419210 1389.5
1419220 1392.2
1419230 1394.7
1419240 1394.7
1419250 1396.9
1419260 1398.4
1419270 1398.4
1419280 1399.0
1419290 1398.4
1419300 1398.4
1419310 1397.0
1419320 1396.3
1419330 1396.0
1419340 1396.0
1419350 1395.2
1419360 1394.7
1419370 1394.7
1419380 1394.2
1419390 1393.3
1419400 1393.3
1419410 1392.2
1419420 1390.6
1419430 1390.6
1419440 1387.6
1419450 1383.5
1419460 1383.5
1419470 1378.8
1419480 1373.6
1419490 1373.6
1419500 1369.3
1419510 1366.3
1419520 1366.3
1419530 1363.1
1419540 1358.6
1419550 1358.6
1419560 1353.0
1419570 1347.5
1419580 1347.5
1419590 1340.5
1419600 1333.2
1419610 1326.2
1419620 1326.2
1419630 1317.9
1419640 1310.4
1419650 1310.4
1419660 1303.7
1419670 1297.7
1419680 1297.7
1419690 1292.3
1419700 1286.6
1419710 1286.6
1419720 1280.2
1419730 1274.5
1419740 1274.5
1419750 1269.0
1419760 1263.9
1419770 1263.9
1419780 1259.2
1419790 1253.9
1419800 1253.9
1419810 1248.3
1419820 1243.2
1419830 1243.2
1419840 1238.8
1419850 1234.3
1419860 1229.7
1419870 1229.7
1419880 1224.9
1419890 1220.5
1419900 1220.5
1419910 1215.6
1419920 1211.0
1419930 1211.0
1419940 1205.7
1419950 1200.2
1419960 1200.2
1419970 1196.1
1419980 1189.8
1419990 1189.8
