1400000 1619.4
1400010 1618.3
1400020 1618.3
1400030 1618.1
1400040 1618.8
1400050 1618.8
1400060 1618.3
1400070 1618.7
1400080 1618.7
1400090 1616.5
1400100 1614.8
1400110 1614.8
1400120 1613.2
1400130 1611.5
1400140 1611.5
1400150 1609.6
1400160 1610.4
1400170 1610.8
1400180 1610.8
1400190 1613.6
1400200 1613.1
1400210 1613.1
1400220 1610.3
1400230 1611.8
1400240 1611.8
1400250 1617.7
1400260 1621.5
1400270 1621.5
1400280 1624.2
1400290 1626.2
1400300 1626.2
1400310 1627.4
1400320 1626.3
1400330 1626.3
1400340 1623.6
1400350 1619.5
1400360 1619.5
1400370 1614.3
1400380 1609.2
1400390 1609.2
1400400 1607.8
1400410 1608.2
1400420 1611.1
1400430 1611.1
1400440 1619.0
1400450 1627.5
1400460 1627.5
1400470 1634.7
1400480 1639.3
1400490 1639.3
1400500 1638.2
1400510 1638.8
1400520 1638.8
1400530 1641.6
1400540 1644.3
1400550 1644.3
1400560 1638.2
1400570 1629.7
1400580 1629.7
1400590 1633.2
1400600 1642.3
1400610 1642.3
1400620 1652.0
1400630 1660.1
1400640 1660.1
1400650 1668.4
1400660 1676.6
1400670 1676.6
1400680 1681.2
1400690 1684.4
1400700 1687.8
1400710 1687.8
1400720 1690.5
1400730 1693.5
1400740 1693.5
1400750 1696.2
1400760 1697.9
1400770 1697.9
1400780 1700.4
1400790 1707.7
1400800 1707.7
1400810 1713.5
1400820 1718.6
1400830 1718.6
1400840 1722.4
1400850 1727.6
1400860 1727.6
1400870 1732.3
1400880 1735.1
1400890 1735.1
1400900 1737.4
1400910 1740.7
1400920 1740.7
1400930 1745.0
1400940 1750.4
1400950 1750.4
1400960 1756.1
1400970 1761.1
1400980 1765.0
1400990 1765.0
1401000 1769.0
1401010 1773.7
1401020 1773.7
1401030 1778.0
1401040 1782.1
1401050 1782.1
1401060 1786.2
1401070 1795.3
1401080 1795.3
1401090 1798.4
1401100 1801.0
1401110 1801.0
1401120 1802.8
1401130 1803.1
1401140 1803.1
1401150 1803.6
1401160 1802.5
1401170 1802.5
1401180 1802.3
1401190 1805.8
1401200 1805.8
1401210 1809.8
1401220 1814.5
1401230 1814.5
1401240 1818.4
1401250 1822.2
1401260 1826.0
1401270 1826.0
1401280 1829.3
1401290 1832.5
1401300 1832.5
1401310 1835.6
1401320 1838.9
1401330 1838.9
1401340 1842.3
1401350 1846.1
1401360 1846.1
1401370 1848.6
1401380 1850.1
1401390 1850.1
1401400 1851.7
1401410 1854.9
1401420 1854.9
1401430 1859.5
1401440 1864.5
1401450 1864.5
1401460 1870.1
1401470 1873.9
1401480 1873.9
1401490 1874.8
1401500 1881.0
1401510 1881.0
1401520 1885.2
1401530 1884.2
1401540 1881.9
1401550 1881.9
1401560 1877.0
1401570 1872.5
1401580 1872.5
1401590 1869.4
1401600 1866.7
1401610 1866.7
1401620 1864.1
1401630 1861.9
1401640 1861.9
1401650 1859.7
1401660 1858.5
1401670 1858.5
1401680 1857.8
1401690 1855.9
1401700 1855.9
1401710 1854.0
1401720 1852.7
1401730 1852.7
1401740 1851.8
1401750 1849.4
1401760 1849.4
1401770 1847.2
1401780 1845.4
1401790 1845.4
1401800 1844.3
1401810 1845.0
1401820 1844.4
1401830 1844.4
1401840 1843.6
1401850 1845.5
1401860 1845.5
1401870 1844.8
1401880 1845.3
1401890 1845.3
1401900 1844.1
1401910 1843.8
1401920 1843.8
1401930 1843.5
1401940 1841.6
1401950 1841.6
1401960 1839.4
1401970 1837.5
1401980 1837.5
1401990 1835.7
1402000 1832.0
1402010 1832.0
1402020 1833.9
1402030 1839.4
1402040 1839.4
1402050 1840.3
1402060 1839.7
1402070 1839.7
1402080 1840.2
1402090 1841.1
1402100 1841.5
1402110 1841.5
1402120 1841.9
1402130 1841.6
1402140 1841.6
1402150 1840.7
1402160 1839.3
1402170 1839.3
1402180 1835.7
1402190 1837.4
1402200 1837.4
1402210 1840.4
1402220 1843.6
1402230 1843.6
1402240 1846.6
1402250 1848.4
1402260 1848.4
1402270 1849.4
1402280 1850.8
1402290 1850.8
1402300 1853.1
1402310 1855.2
1402320 1855.2
1402330 1857.9
1402340 1859.3
1402350 1859.3
1402360 1862.1
1402370 1865.8
1402380 1869.4
1402390 1869.4
1402400 1873.0
1402410 1875.6
1402420 1875.6
1402430 1878.7
1402440 1881.6
1402450 1881.6
1402460 1884.8
1402470 1890.0
1402480 1890.0
1402490 1895.7
1402500 1901.5
1402510 1901.5
1402520 1907.8
1402530 1914.4
1402540 1914.4
1402550 1921.6
1402560 1929.1
1402570 1929.1
1402580 1936.6
1402590 1944.0
1402600 1944.0
1402610 1951.0
1402620 1959.8
1402630 1959.8
1402640 1967.2
1402650 1974.6
1402660 1976.6
1402670 1976.6
1402680 1967.6
1402690 1958.4
1402700 1958.4
1402710 1950.0
1402720 1944.1
1402730 1944.1
1402740 1938.6
1402750 1933.3
1402760 1933.3
1402770 1929.2
1402780 1924.8
1402790 1924.8
1402800 1920.2
1402810 1914.7
1402820 1914.7
1402830 1908.5
1402840 1903.9
1402850 1903.9
1402860 1899.6
1402870 1893.8
1402880 1893.8
1402890 1888.3
1402900 1883.8
1402910 1883.8
1402920 1880.7
1402930 1878.7
1402940 1877.7
1402950 1877.7
1402960 1877.0
1402970 1876.5
1402980 1876.5
1402990 1875.1
1403000 1874.8
1403010 1874.8
1403020 1874.7
1403030 1876.8
1403040 1876.8
1403050 1877.8
1403060 1878.0
1403070 1878.0
1403080 1877.6
1403090 1876.5
1403100 1876.5
1403110 1879.1
1403120 1881.0
1403130 1881.0
1403140 1881.4
1403150 1882.3
1403160 1882.3
1403170 1882.3
1403180 1881.0
1403190 1881.0
1403200 1880.7
1403210 1880.0
1403220 1879.8
1403230 1879.8
1403240 1879.9
1403250 1880.6
1403260 1880.6
1403270 1882.4
1403280 1885.0
1403290 1885.0
1403300 1890.6
1403310 1894.7
1403320 1894.7
1403330 1898.1
1403340 1900.7
1403350 1900.7
1403360 1902.9
1403370 1905.3
1403380 1905.3
1403390 1908.1
1403400 1911.0
1403410 1911.0
1403420 1912.6
1403430 1913.4
1403440 1913.4
1403450 1914.0
1403460 1915.1
1403470 1916.4
1403480 1916.4
1403490 1916.8
1403500 1916.8
1403510 1916.8
1403520 1916.7
1403530 1916.8
1403540 1916.8
1403550 1915.2
1403560 1914.1
1403570 1914.1
1403580 1916.1
1403590 1919.0
1403600 1919.0
1403610 1921.9
1403620 1922.6
1403630 1922.6
1403640 1917.8
1403650 1914.8
1403660 1914.8
1403670 1914.1
1403680 1915.4
1403690 1915.4
1403700 1917.0
1403710 1916.9
1403720 1916.9
1403730 1919.7
1403740 1924.3
1403750 1928.2
1403760 1928.2
1403770 1934.3
1403780 1940.0
1403790 1940.0
1403800 1946.0
1403810 1950.6
1403820 1950.6
1403830 1955.3
1403840 1959.9
1403850 1959.9
1403860 1963.8
1403870 1967.5
1403880 1967.5
1403890 1971.8
1403900 1978.5
1403910 1978.5
1403920 1986.7
1403930 1993.7
1403940 1993.7
1403950 1998.3
1403960 2001.7
1403970 2001.7
1403980 2005.9
1403990 2009.4
1404000 2009.4
1404010 2012.2
1404020 2015.4
1404030 2020.2
1404040 2020.2
1404050 2025.0
1404060 2029.2
1404070 2029.2
1404080 2033.7
1404090 2037.7
1404100 2037.7
1404110 2042.4
1404120 2046.7
1404130 2046.7
1404140 2050.3
1404150 2053.8
1404160 2053.8
1404170 2056.7
1404180 2056.8
1404190 2061.2
1404200 2054.4
1404210 2045.4
1404220 2045.4
1404230 2034.9
1404240 2023.0
1404250 2023.0
1404260 2013.3
1404270 2005.6
1404280 2005.6
1404290 1998.6
1404300 1991.7
1404310 1985.5
1404320 1985.5
1404330 1979.4
1404340 1973.3
1404350 1973.3
1404360 1968.5
1404370 1965.1
1404380 1965.1
1404390 1962.9
1404400 1961.1
1404410 1961.1
1404420 1959.4
1404430 1957.8
1404440 1957.8
1404450 1955.8
1404460 1953.5
1404470 1953.5
1404480 1951.0
1404490 1948.5
1404500 1948.5
1404510 1945.0
1404520 1941.8
1404530 1941.8
1404540 1938.8
1404550 1935.4
1404560 1935.4
1404570 1932.8
1404580 1930.7
1404590 1928.4
1404600 1928.4
1404610 1927.0
1404620 1925.8
1404630 1925.8
1404640 1923.4
1404650 1920.8
1404660 1920.8
1404670 1917.5
1404680 1911.6
1404690 1911.6
1404700 1906.2
1404710 1902.4
1404720 1902.4
1404730 1899.2
1404740 1896.3
1404750 1896.3
1404760 1893.9
1404770 1891.7
1404780 1891.7
1404790 1889.6
1404800 1887.8
1404810 1887.8
1404820 1885.8
1404830 1884.1
1404840 1884.1
1404850 1882.9
1404860 1882.8
1404870 1881.0
1404880 1881.0
1404890 1878.4
1404900 1876.4
1404910 1876.4
1404920 1874.4
1404930 1872.0
1404940 1872.0
1404950 1870.3
1404960 1868.0
1404970 1868.0
1404980 1867.1
1404990 1865.9
1405000 1865.9
1405010 1864.3
1405020 1862.4
1405030 1862.4
1405040 1860.9
1405050 1858.6
1405060 1858.6
1405070 1855.1
1405080 1853.1
1405090 1853.1
1405100 1852.6
1405110 1854.4
1405120 1854.4
1405130 1854.7
1405140 1852.6
1405150 1850.4
1405160 1850.4
1405170 1848.1
1405180 1845.5
1405190 1845.5
1405200 1844.6
1405210 1844.7
1405220 1844.7
1405230 1843.9
1405240 1842.9
1405250 1842.9
1405260 1841.6
1405270 1840.0
1405280 1840.0
1405290 1838.2
1405300 1835.6
1405310 1835.6
1405320 1833.1
1405330 1832.2
1405340 1832.2
1405350 1830.3
1405360 1823.6
1405370 1823.6
1405380 1825.1
1405390 1829.3
1405400 1829.3
1405410 1829.5
1405420 1828.3
1405430 1826.3
1405440 1826.3
1405450 1826.7
1405460 1824.4
1405470 1824.4
1405480 1823.5
1405490 1820.3
1405500 1820.3
1405510 1817.4
1405520 1815.4
1405530 1815.4
1405540 1809.8
1405550 1798.3
1405560 1798.3
1405570 1791.0
1405580 1785.1
1405590 1785.1
1405600 1778.9
1405610 1774.1
1405620 1774.1
1405630 1771.3
1405640 1770.6
1405650 1770.6
1405660 1770.2
1405670 1766.6
1405680 1766.6
1405690 1755.2
1405700 1744.0
1405710 1737.8
1405720 1737.8
1405730 1729.6
1405740 1717.1
1405750 1717.1
1405760 1705.2
1405770 1695.6
1405780 1695.6
1405790 1694.1
1405800 1699.8
1405810 1699.8
1405820 1711.2
1405830 1711.8
1405840 1711.8
1405850 1707.9
1405860 1708.9
1405870 1708.9
1405880 1710.5
1405890 1710.4
1405900 1710.4
1405910 1709.4
1405920 1707.3
1405930 1707.3
1405940 1703.2
1405950 1699.9
1405960 1699.9
1405970 1697.8
1405980 1693.5
1405990 1690.3
1406000 1690.3
1406010 1690.0
1406020 1689.0
1406030 1689.0
1406040 1695.8
1406050 1703.1
1406060 1703.1
1406070 1710.5
1406080 1716.8
1406090 1716.8
1406100 1718.7
1406110 1719.1
1406120 1719.1
1406130 1718.9
1406140 1718.9
1406150 1718.9
1406160 1718.9
1406170 1718.6
1406180 1718.6
1406190 1717.7
1406200 1717.6
1406210 1717.6
1406220 1717.4
1406230 1717.2
1406240 1717.2
1406250 1717.2
1406260 1717.7
1406270 1717.1
1406280 1717.1
1406290 1715.1
1406300 1714.1
1406310 1714.1
1406320 1713.4
1406330 1712.0
1406340 1712.0
1406350 1709.6
1406360 1707.7
1406370 1707.7
1406380 1707.3
1406390 1711.2
1406400 1711.2
1406410 1714.9
1406420 1717.9
1406430 1717.9
1406440 1717.7
1406450 1720.1
1406460 1720.1
1406470 1722.0
1406480 1724.1
1406490 1724.1
1406500 1726.5
1406510 1729.0
1406520 1730.8
1406530 1730.8
1406540 1732.6
1406550 1734.2
1406560 1734.2
1406570 1736.0
1406580 1737.5
1406590 1737.5
1406600 1739.0
1406610 1740.4
1406620 1740.4
1406630 1741.2
1406640 1741.7
1406650 1741.7
1406660 1741.6
1406670 1740.6
1406680 1740.6
1406690 1740.7
1406700 1740.3
1406710 1740.3
1406720 1738.8
1406730 1737.2
1406740 1737.2
1406750 1736.1
1406760 1734.8
1406770 1734.8
1406780 1732.1
1406790 1730.2
1406800 1725.3
1406810 1725.3
1406820 1719.4
1406830 1713.8
1406840 1713.8
1406850 1711.6
1406860 1711.5
1406870 1711.5
1406880 1713.6
1406890 1716.0
1406900 1716.0
1406910 1717.0
1406920 1717.9
1406930 1717.9
1406940 1719.1
1406950 1720.4
1406960 1720.4
1406970 1721.7
1406980 1722.7
1406990 1722.7
1407000 1723.9
1407010 1725.1
1407020 1725.1
1407030 1726.9
1407040 1731.0
1407050 1731.0
1407060 1735.0
1407070 1737.5
1407080 1738.2
1407090 1738.2
1407100 1737.7
1407110 1738.5
1407120 1738.5
1407130 1739.6
1407140 1740.6
1407150 1740.6
1407160 1740.3
1407170 1739.5
1407180 1739.5
1407190 1738.5
1407200 1738.1
1407210 1738.1
1407220 1738.7
1407230 1738.7
1407240 1738.7
1407250 1738.8
1407260 1739.7
1407270 1739.7
1407280 1741.0
1407290 1741.8
1407300 1741.8
1407310 1742.3
1407320 1741.9
1407330 1741.9
1407340 1741.6
1407350 1742.9
1407360 1744.7
1407370 1744.7
1407380 1747.5
1407390 1751.1
1407400 1751.1
1407410 1754.3
1407420 1757.7
1407430 1761.8
1407440 1765.0
1407450 1768.5
1407460 1768.5
1407470 1772.1
1407480 1775.1
1407490 1775.1
1407500 1777.9
1407510 1781.8
1407520 1781.8
1407530 1787.1
1407540 1795.4
1407550 1795.4
1407560 1803.8
1407570 1811.1
1407580 1811.1
1407590 1817.7
1407600 1822.0
1407610 1822.0
1407620 1824.5
1407630 1827.4
1407640 1829.9
1407650 1829.9
1407660 1832.4
1407670 1834.9
1407680 1834.9
1407690 1837.9
1407700 1842.0
1407710 1842.0
1407720 1846.7
1407730 1850.4
1407740 1850.4
1407750 1854.0
1407760 1857.4
1407770 1857.4
1407780 1860.8
1407790 1865.4
1407800 1865.4
1407810 1871.4
1407820 1876.2
1407830 1876.2
1407840 1881.0
1407850 1886.8
1407860 1886.8
1407870 1891.8
1407880 1896.7
1407890 1896.7
1407900 1901.7
1407910 1906.9
1407920 1911.7
1407930 1911.7
1407940 1911.9
1407950 1916.5
1407960 1916.5
1407970 1922.3
1407980 1923.3
1407990 1923.3
1408000 1925.9
1408010 1928.8
1408020 1928.8
1408030 1932.0
1408040 1936.0
1408050 1936.0
1408060 1939.6
1408070 1943.5
1408080 1943.5
1408090 1947.3
1408100 1952.0
1408110 1952.0
1408120 1957.8
1408130 1962.1
1408140 1962.1
1408150 1966.0
1408160 1969.9
1408170 1969.9
1408180 1975.1
1408190 1981.3
1408200 1986.5
1408210 1986.5
1408220 1991.5
1408230 1996.7
1408240 1996.7
1408250 2002.5
1408260 2008.2
1408270 2008.2
1408280 2013.7
1408290 2018.4
1408300 2018.4
1408310 2023.3
1408320 2026.4
1408330 2026.4
1408340 2028.2
1408350 2031.2
1408360 2031.2
1408370 2035.9
1408380 2040.7
1408390 2040.7
1408400 2045.5
1408410 2052.7
1408420 2052.7
1408430 2060.2
1408440 2067.9
1408450 2067.9
1408460 2074.3
1408470 2082.0
1408480 2093.6
1408490 2093.6
1408500 2100.0
1408510 2110.0
1408520 2110.0
1408530 2118.5
1408540 2124.8
1408550 2124.8
1408560 2129.6
1408570 2133.7
1408580 2133.7
1408590 2137.1
1408600 2139.8
1408610 2139.8
1408620 2142.1
1408630 2137.4
1408640 2137.4
1408650 2127.3
1408660 2116.5
1408670 2116.5
1408680 2107.7
1408690 2099.1
1408700 2099.1
1408710 2091.4
1408720 2083.6
1408730 2083.6
1408740 2075.1
1408750 2066.3
1408760 2058.6
1408770 2058.6
1408780 2051.4
1408790 2044.5
1408800 2044.5
1408810 2038.2
1408820 2031.8
1408830 2031.8
1408840 2025.4
1408850 2018.9
1408860 2018.9
1408870 2012.8
1408880 2007.0
1408890 2007.0
1408900 2001.3
1408910 1995.5
1408920 1995.5
1408930 1990.5
1408940 1986.0
1408950 1986.0
1408960 1981.3
1408970 1976.1
1408980 1976.1
1408990 1970.5
1409000 1964.5
1409010 1958.7
1409020 1958.7
1409030 1953.6
1409040 1947.8
1409050 1947.8
1409060 1942.5
1409070 1937.1
1409080 1937.1
1409090 1931.9
1409100 1929.8
1409110 1929.8
1409120 1924.6
1409130 1918.5
1409140 1918.5
1409150 1912.4
1409160 1907.9
1409170 1907.9
1409180 1904.7
1409190 1901.2
1409200 1901.2
1409210 1896.8
1409220 1892.1
1409230 1892.1
1409240 1888.1
1409250 1883.5
1409260 1883.5
1409270 1879.8
1409280 1876.7
1409290 1873.8
1409300 1873.8
1409310 1870.6
1409320 1867.5
1409330 1867.5
1409340 1864.2
1409350 1861.7
1409360 1861.7
1409370 1860.0
1409380 1857.4
1409390 1857.4
1409400 1853.9
1409410 1849.1
1409420 1849.1
1409430 1849.5
1409440 1852.3
1409450 1852.3
1409460 1855.9
1409470 1859.4
1409480 1859.4
1409490 1862.7
1409500 1865.2
1409510 1865.2
1409520 1864.7
1409530 1866.2
1409540 1866.2
1409550 1869.5
1409560 1872.4
1409570 1878.5
1409580 1878.5
1409590 1886.1
1409600 1892.8
1409610 1892.8
1409620 1898.1
1409630 1902.7
1409640 1902.7
1409650 1908.5
1409660 1913.4
1409670 1913.4
1409680 1916.4
1409690 1918.4
1409700 1918.4
1409710 1921.0
1409720 1924.6
1409730 1924.6
1409740 1928.5
1409750 1931.9
1409760 1931.9
1409770 1935.9
1409780 1940.8
1409790 1940.8
1409800 1944.1
1409810 1947.8
1409820 1947.8
1409830 1951.0
1409840 1954.5
1409850 1959.1
1409860 1959.1
1409870 1964.3
1409880 1969.1
1409890 1969.1
1409900 1975.6
1409910 1983.2
1409920 1983.2
1409930 1988.2
1409940 1994.6
1409950 1994.6
1409960 2000.2
1409970 2004.8
1409980 2004.8
1409990 2008.7
1410000 2014.1
1410010 2014.1
1410020 2019.6
1410030 2024.1
1410040 2024.1
1410050 2029.0
1410060 2033.3
1410070 2033.3
1410080 2040.4
1410090 2046.2
1410100 2046.2
1410110 2050.4
1410120 2053.0
1410130 2055.3
1410140 2055.3
1410150 2057.3
1410160 2060.9
1410170 2060.9
1410180 2065.5
1410190 2069.5
1410200 2069.5
1410210 2074.0
1410220 2079.4
1410230 2079.4
1410240 2084.9
1410250 2090.7
1410260 2090.7
1410270 2097.9
1410280 2105.3
1410290 2105.3
1410300 2110.5
1410310 2115.2
1410320 2115.2
1410330 2120.6
1410340 2125.9
1410350 2125.9
1410360 2130.5
1410370 2132.4
1410380 2132.4
1410390 2136.8
1410400 2139.1
1410410 2141.6
1410420 2141.6
1410430 2147.4
1410440 2151.2
1410450 2151.2
1410460 2144.8
1410470 2132.6
1410480 2132.6
1410490 2120.5
1410500 2108.6
1410510 2108.6
1410520 2099.8
1410530 2090.9
1410540 2090.9
1410550 2085.3
1410560 2079.0
1410570 2079.0
1410580 2073.2
1410590 2067.1
1410600 2067.1
1410610 2061.5
1410620 2056.0
1410630 2056.0
1410640 2050.7
1410650 2046.1
1410660 2046.1
1410670 2041.6
1410680 2037.2
1410690 2033.2
1410700 2033.2
1410710 2029.3
1410720 2024.5
1410730 2024.5
1410740 2019.5
1410750 2014.4
1410760 2014.4
1410770 2009.3
1410780 2003.7
1410790 2003.7
1410800 1997.4
1410810 1991.5
1410820 1991.5
1410830 1985.9
1410840 1980.4
1410850 1980.4
1410860 1975.3
1410870 1970.6
1410880 1970.6
1410890 1966.2
1410900 1962.2
1410910 1962.2
1410920 1958.1
1410930 1954.3
1410940 1954.3
1410950 1951.4
1410960 1948.9
1410970 1946.2
1410980 1946.2
1410990 1943.9
1411000 1942.7
1411010 1942.7
1411020 1941.8
1411030 1941.0
1411040 1941.0
1411050 1939.9
1411060 1937.4
1411070 1937.4
1411080 1933.4
1411090 1930.1
1411100 1930.1
1411110 1928.8
1411120 1928.9
1411130 1928.9
1411140 1928.5
1411150 1925.8
1411160 1925.8
1411170 1922.8
1411180 1917.8
1411190 1917.8
1411200 1911.3
1411210 1904.3
1411220 1904.3
1411230 1897.6
1411240 1891.8
1411250 1887.3
1411260 1887.3
1411270 1883.5
1411280 1879.8
1411290 1879.8
1411300 1876.1
1411310 1872.2
1411320 1872.2
1411330 1868.8
1411340 1863.7
1411350 1863.7
1411360 1859.9
1411370 1856.6
1411380 1856.6
1411390 1854.2
1411400 1851.9
1411410 1851.9
1411420 1848.8
1411430 1845.6
1411440 1845.6
1411450 1841.8
1411460 1835.6
1411470 1835.6
1411480 1835.1
1411490 1828.7
1411500 1831.6
1411510 1831.6
1411520 1836.7
1411530 1835.6
1411540 1835.6
1411550 1835.0
1411560 1834.4
1411570 1834.4
1411580 1833.3
1411590 1830.6
1411600 1830.6
1411610 1825.9
1411620 1826.1
1411630 1826.1
1411640 1828.8
1411650 1829.5
1411660 1829.5
1411670 1829.7
1411680 1829.7
1411690 1829.7
1411700 1831.0
1411710 1830.4
1411720 1830.4
1411730 1833.3
1411740 1834.0
1411750 1834.0
1411760 1835.8
1411770 1836.8
1411780 1837.9
1411790 1837.9
1411800 1839.3
1411810 1840.8
1411820 1840.8
1411830 1842.9
1411840 1844.7
1411850 1844.7
1411860 1847.2
1411870 1849.5
1411880 1849.5
1411890 1852.5
1411900 1856.2
1411910 1856.2
1411920 1860.0
1411930 1864.0
1411940 1864.0
1411950 1867.7
1411960 1870.6
1411970 1870.6
1411980 1874.6
1411990 1877.4
1412000 1877.4
1412010 1881.7
1412020 1887.7
1412030 1887.7
1412040 1892.6
1412050 1897.4
1412060 1902.0
1412070 1902.0
1412080 1906.3
1412090 1910.5
1412100 1910.5
1412110 1914.4
1412120 1918.0
1412130 1918.0
1412140 1920.8
1412150 1923.1
1412160 1923.1
1412170 1924.5
1412180 1924.4
1412190 1924.4
1412200 1921.6
1412210 1917.6
1412220 1917.6
1412230 1912.6
1412240 1906.9
1412250 1906.9
1412260 1900.6
1412270 1894.5
1412280 1894.5
1412290 1888.8
1412300 1884.4
1412310 1884.4
1412320 1880.8
1412330 1876.5
1412340 1874.2
1412350 1874.2
1412360 1872.1
1412370 1870.6
1412380 1870.6
1412390 1868.4
1412400 1866.8
1412410 1866.8
1412420 1865.0
1412430 1863.5
1412440 1863.5
1412450 1862.0
1412460 1859.5
1412470 1859.5
1412480 1858.5
1412490 1858.0
1412500 1858.0
1412510 1854.3
1412520 1850.6
1412530 1850.6
1412540 1846.9
1412550 1844.1
1412560 1844.1
1412570 1843.6
1412580 1843.0
1412590 1843.0
1412600 1843.2
1412610 1839.4
1412620 1834.5
1412630 1834.5
1412640 1832.7
1412650 1831.1
1412660 1831.1
1412670 1828.2
1412680 1826.6
1412690 1826.6
1412700 1826.2
1412710 1822.3
1412720 1822.3
1412730 1818.5
1412740 1816.8
1412750 1816.8
1412760 1813.9
1412770 1810.4
1412780 1810.4
1412790 1808.3
1412800 1806.0
1412810 1806.0
1412820 1800.7
1412830 1796.2
1412840 1796.2
1412850 1791.9
1412860 1792.4
1412870 1792.4
1412880 1788.3
1412890 1782.0
1412900 1773.2
1412910 1773.2
1412920 1765.5
1412930 1762.5
1412940 1762.5
1412950 1760.0
1412960 1757.1
1412970 1757.1
1412980 1752.0
1412990 1749.4
1413000 1749.4
1413010 1749.0
1413020 1749.2
1413030 1749.2
1413040 1752.6
1413050 1755.6
1413060 1755.6
1413070 1758.6
1413080 1760.9
1413090 1760.9
1413100 1763.7
1413110 1765.5
1413120 1765.5
1413130 1768.5
1413140 1771.9
1413150 1771.9
1413160 1775.8
1413170 1778.9
1413180 1780.8
1413190 1780.8
1413200 1783.1
1413210 1785.1
1413220 1785.1
1413230 1787.0
1413240 1789.3
1413250 1789.3
1413260 1793.6
1413270 1795.9
1413280 1795.9
1413290 1797.2
1413300 1798.0
1413310 1798.0
1413320 1798.0
1413330 1797.8
1413340 1797.8
1413350 1800.2
1413360 1805.0
1413370 1805.0
1413380 1811.8
1413390 1817.6
1413400 1817.6
1413410 1822.2
1413420 1826.4
1413430 1826.4
1413440 1829.4
1413450 1832.0
1413460 1834.9
1413470 1834.9
1413480 1837.4
1413490 1840.1
1413500 1840.1
1413510 1842.4
1413520 1845.7
1413530 1845.7
1413540 1850.6
1413550 1854.9
1413560 1854.9
1413570 1856.5
1413580 1858.5
1413590 1858.5
1413600 1862.6
1413610 1866.2
1413620 1866.2
1413630 1869.8
1413640 1874.5
1413650 1874.5
1413660 1879.7
1413670 1885.5
1413680 1885.5
1413690 1892.2
1413700 1898.7
1413710 1898.7
1413720 1906.3
1413730 1912.9
1413740 1919.0
1413750 1919.0
1413760 1924.6
1413770 1929.4
1413780 1929.4
1413790 1933.8
1413800 1938.3
1413810 1938.3
1413820 1943.4
1413830 1948.1
1413840 1948.1
1413850 1951.6
1413860 1954.2
1413870 1954.2
1413880 1956.2
1413890 1955.1
1413900 1955.1
1413910 1951.5
1413920 1942.5
1413930 1942.5
1413940 1931.8
1413950 1923.9
1413960 1923.9
1413970 1916.5
1413980 1909.0
1413990 1901.8
1414000 1901.8
1414010 1892.5
1414020 1884.6
1414030 1884.6
1414040 1876.3
1414050 1867.9
1414060 1867.9
1414070 1862.1
1414080 1856.2
1414090 1856.2
1414100 1848.8
1414110 1841.8
1414120 1841.8
1414130 1835.3
1414140 1829.2
1414150 1829.2
1414160 1823.3
1414170 1816.8
1414180 1816.8
1414190 1810.0
1414200 1803.9
1414210 1803.9
1414220 1797.9
1414230 1790.4
1414240 1790.4
1414250 1783.6
1414260 1777.2
1414270 1771.5
1414280 1771.5
1414290 1766.2
1414300 1761.3
1414310 1761.3
1414320 1754.9
1414330 1747.1
1414340 1743.4
1414350 1737.9
1414360 1732.6
1414370 1732.6
1414380 1727.8
1414390 1723.1
1414400 1723.1
1414410 1719.0
1414420 1715.9
1414430 1715.9
1414440 1712.5
1414450 1708.1
1414460 1708.1
1414470 1703.9
1414480 1699.2
1414490 1699.2
1414500 1695.3
1414510 1692.5
1414520 1692.5
1414530 1688.9
1414540 1686.0
1414550 1682.7
1414560 1682.7
1414570 1678.3
1414580 1672.0
1414590 1672.0
1414600 1666.7
1414610 1662.2
1414620 1662.2
1414630 1656.6
1414640 1651.3
1414650 1651.3
1414660 1647.0
1414670 1643.7
1414680 1643.7
1414690 1640.9
1414700 1636.5
1414710 1636.5
1414720 1631.0
1414730 1625.8
1414740 1625.8
1414750 1620.2
1414760 1613.5
1414770 1613.5
1414780 1606.3
1414790 1598.0
1414800 1598.0
1414810 1589.9
1414820 1584.6
1414830 1579.8
1414840 1579.8
1414850 1575.7
1414860 1572.4
1414870 1572.4
1414880 1568.6
1414890 1564.6
1414900 1564.6
1414910 1561.1
1414920 1556.8
1414930 1556.8
1414940 1552.5
1414950 1548.3
1414960 1548.3
1414970 1543.4
1414980 1537.3
1414990 1537.3
1415000 1530.8
1415010 1524.2
1415020 1524.2
1415030 1517.5
1415040 1510.9
1415050 1510.9
1415060 1504.8
1415070 1499.4
1415080 1499.4
1415090 1494.6
1415100 1489.5
1415110 1482.8
1415120 1482.8
1415130 1478.2
1415140 1474.1
1415150 1474.1
1415160 1468.0
1415170 1461.4
1415180 1461.4
1415190 1454.4
1415200 1446.9
1415210 1446.9
1415220 1439.7
1415230 1433.9
1415240 1433.9
1415250 1428.7
1415260 1423.4
1415270 1423.4
1415280 1418.2
1415290 1412.8
1415300 1412.8
1415310 1406.1
1415320 1398.4
1415330 1398.4
1415340 1391.6
1415350 1385.1
1415360 1385.1
1415370 1382.5
1415380 1386.5
1415390 1392.1
1415400 1392.1
1415410 1398.3
1415420 1407.4
1415430 1407.4
1415440 1415.3
1415450 1416.9
1415460 1416.9
1415470 1416.1
1415480 1415.8
1415490 1415.8
1415500 1415.8
1415510 1415.8
1415520 1415.8
1415530 1416.7
1415540 1418.9
1415550 1418.9
1415560 1420.7
1415570 1421.4
1415580 1421.4
1415590 1420.5
1415600 1419.5
1415610 1419.5
1415620 1419.4
1415630 1420.0
1415640 1420.0
1415650 1420.8
1415660 1425.7
1415670 1432.3
1415680 1432.3
1415690 1438.1
1415700 1444.5
1415710 1444.5
1415720 1451.3
1415730 1456.2
1415740 1456.2
1415750 1460.4
1415760 1464.4
1415770 1464.4
1415780 1467.2
1415790 1470.7
1415800 1470.7
1415810 1476.4
1415820 1484.9
1415830 1484.9
1415840 1493.5
1415850 1500.2
1415860 1500.2
1415870 1506.2
1415880 1511.6
1415890 1511.6
1415900 1516.6
1415910 1521.8
1415920 1521.8
1415930 1526.4
1415940 1529.7
1415950 1530.2
1415960 1530.2
1415970 1527.2
1415980 1522.6
1415990 1522.6
1416000 1517.6
1416010 1512.9
1416020 1512.9
1416030 1508.1
1416040 1504.8
1416050 1504.8
1416060 1504.7
1416070 1504.9
1416080 1504.9
1416090 1504.9
1416100 1504.6
1416110 1504.6
1416120 1504.4
1416130 1503.3
1416140 1503.3
1416150 1500.5
1416160 1497.0
1416170 1502.6
1416180 1498.7
1416190 1494.6
1416200 1494.6
1416210 1489.3
1416220 1481.5
1416230 1473.8
1416240 1473.8
1416250 1476.4
1416260 1480.1
1416270 1480.1
1416280 1482.7
1416290 1484.0
1416300 1484.0
1416310 1482.9
1416320 1480.8
1416330 1480.8
1416340 1478.1
1416350 1474.8
1416360 1474.8
1416370 1470.1
1416380 1462.8
1416390 1462.8
1416400 1455.0
1416410 1458.9
1416420 1458.9
1416430 1462.2
1416440 1463.8
1416450 1463.8
1416460 1468.0
1416470 1472.6
1416480 1475.6
1416490 1475.6
1416500 1478.7
1416510 1484.0
1416520 1484.0
1416530 1489.6
1416540 1494.8
1416550 1494.8
1416560 1497.7
1416570 1498.7
1416580 1498.7
1416590 1498.1
1416600 1495.8
1416610 1495.8
1416620 1490.4
1416630 1488.6
1416640 1488.6
1416650 1494.0
1416660 1500.1
1416670 1500.1
1416680 1506.9
1416690 1513.4
1416700 1513.4
1416710 1518.5
1416720 1523.5
1416730 1523.5
1416740 1529.3
1416750 1534.1
1416760 1537.2
1416770 1537.2
1416780 1540.8
1416790 1545.8
1416800 1545.8
1416810 1551.3
1416820 1557.4
1416830 1557.4
1416840 1562.1
1416850 1566.6
1416860 1566.6
1416870 1570.9
1416880 1575.5
1416890 1575.5
1416900 1580.5
1416910 1585.8
1416920 1585.8
1416930 1591.5
1416940 1597.1
1416950 1597.1
1416960 1602.6
1416970 1610.0
1416980 1610.0
1416990 1616.3
1417000 1619.4
1417010 1619.4
1417020 1623.9
1417030 1629.9
1417040 1635.8
1417050 1635.8
1417060 1640.7
1417070 1645.8
1417080 1645.8
1417090 1651.6
1417100 1657.8
1417110 1657.8
1417120 1664.2
1417130 1668.7
1417140 1668.7
1417150 1669.6
1417160 1670.3
1417170 1670.3
1417180 1674.1
1417190 1679.7
1417200 1679.7
1417210 1684.1
1417220 1687.9
1417230 1687.9
1417240 1690.8
1417250 1692.1
1417260 1692.1
1417270 1694.9
1417280 1699.0
1417290 1699.0
1417300 1703.4
1417310 1708.0
1417320 1714.7
1417330 1714.7
1417340 1722.2
1417350 1729.4
1417360 1729.4
1417370 1736.6
1417380 1743.2
1417390 1743.2
1417400 1748.1
1417410 1751.2
1417420 1751.2
1417430 1754.0
1417440 1758.1
1417450 1758.1
1417460 1764.2
1417470 1769.5
1417480 1769.5
1417490 1777.5
1417500 1785.0
1417510 1785.0
1417520 1790.8
1417530 1796.4
1417540 1796.4
1417550 1802.2
1417560 1808.4
1417570 1808.4
1417580 1814.3
1417590 1818.8
1417600 1823.5
1417610 1823.5
1417620 1828.8
1417630 1832.8
1417640 1832.8
1417650 1836.5
1417660 1840.6
1417670 1840.6
1417680 1844.9
1417690 1849.0
1417700 1849.0
1417710 1853.2
1417720 1857.1
1417730 1857.1
1417740 1860.9
1417750 1865.0
1417760 1865.0
1417770 1868.9
1417780 1873.1
1417790 1873.1
1417800 1877.1
1417810 1881.7
1417820 1881.7
1417830 1885.9
1417840 1889.0
1417850 1889.0
1417860 1891.6
1417870 1894.0
1417880 1897.0
1417890 1897.0
1417900 1899.5
1417910 1901.5
1417920 1901.5
1417930 1903.5
1417940 1905.3
1417950 1905.3
1417960 1906.8
1417970 1907.9
1417980 1907.9
1417990 1908.5
1418000 1908.8
1418010 1908.8
1418020 1909.2
1418030 1908.9
1418040 1908.9
1418050 1909.1
1418060 1914.2
1418070 1914.2
1418080 1913.8
1418090 1914.6
1418100 1914.6
1418110 1912.6
1418120 1910.0
1418130 1910.0
1418140 1904.7
1418150 1896.9
1418160 1890.0
1418170 1890.0
1418180 1883.4
1418190 1876.8
1418200 1876.8
1418210 1870.5
1418220 1865.2
1418230 1865.2
1418240 1860.2
1418250 1855.8
1418260 1855.8
1418270 1852.7
1418280 1849.3
1418290 1849.3
1418300 1843.2
1418310 1836.8
1418320 1836.8
1418330 1831.9
1418340 1827.9
1418350 1827.9
1418360 1824.4
1418370 1820.7
1418380 1820.7
1418390 1817.2
1418400 1813.5
1418410 1813.5
1418420 1809.7
1418430 1806.0
1418440 1802.4
1418450 1802.4
1418460 1798.3
1418470 1793.7
1418480 1793.7
1418490 1789.1
1418500 1784.1
1418510 1784.1
1418520 1779.9
1418530 1776.3
1418540 1776.3
1418550 1772.8
1418560 1769.6
1418570 1769.6
1418580 1765.0
1418590 1762.1
1418600 1762.1
1418610 1759.5
1418620 1753.5
1418630 1753.5
1418640 1750.0
1418650 1746.0
1418660 1746.0
1418670 1742.2
1418680 1740.7
1418690 1740.7
1418700 1739.5
1418710 1738.5
1418720 1737.8
1418730 1737.8
1418740 1736.8
1418750 1736.1
1418760 1736.1
1418770 1735.4
1418780 1734.8
1418790 1734.8
1418800 1733.6
1418810 1731.6
1418820 1731.6
1418830 1728.9
1418840 1725.4
1418850 1725.4
1418860 1721.9
1418870 1719.2
1418880 1719.2
1418890 1716.4
1418900 1713.6
1418910 1713.6
1418920 1709.6
1418930 1703.8
1418940 1703.8
1418950 1697.6
1418960 1693.6
1418970 1689.0
1418980 1689.0
1418990 1683.9
1419000 1679.3
1419010 1679.3
1419020 1673.4
1419030 1668.3
1419040 1668.3
1419050 1664.3
1419060 1660.7
1419070 1660.7
1419080 1657.7
1419090 1655.7
1419100 1655.7
1419110 1651.7
1419120 1646.1
1419130 1646.1
1419140 1640.7
1419150 1636.2
1419160 1636.2
1419170 1635.1
1419180 1632.9
1419190 1632.9
1419200 1627.5
1419210 1621.3
1419220 1621.3
1419230 1616.5
1419240 1611.4
1419250 1606.1
1419260 1606.1
1419270 1601.9
1419280 1598.3
1419290 1598.3
1419300 1595.0
1419310 1593.0
1419320 1593.0
1419330 1590.1
1419340 1585.5
1419350 1585.5
1419360 1579.2
1419370 1573.5
1419380 1573.5
1419390 1567.3
1419400 1561.7
1419410 1561.7
1419420 1557.5
1419430 1554.1
1419440 1554.1
1419450 1550.0
1419460 1545.0
1419470 1545.0
1419480 1538.0
1419490 1530.9
1419500 1530.9
1419510 1527.9
1419520 1525.6
1419530 1522.7
1419540 1522.7
1419550 1518.9
1419560 1515.5
1419570 1515.5
1419580 1511.2
1419590 1507.1
1419600 1507.1
1419610 1505.3
1419620 1504.1
1419630 1504.1
1419640 1499.0
1419650 1492.1
1419660 1492.1
1419670 1488.7
1419680 1486.4
1419690 1486.4
1419700 1485.7
1419710 1485.7
1419720 1485.7
1419730 1484.0
1419740 1480.2
1419750 1480.2
1419760 1476.6
1419770 1472.2
1419780 1472.2
1419790 1466.9
1419800 1463.4
1419810 1460.6
1419820 1460.6
1419830 1458.5
1419840 1457.7
1419850 1457.7
1419860 1456.2
1419870 1454.2
1419880 1454.2
1419890 1451.2
1419900 1450.4
1419910 1450.4
1419920 1449.3
1419930 1448.4
1419940 1448.4
1419950 1447.7
1419960 1446.2
1419970 1446.2
1419980 1444.0
1419990 1441.7
