1400000 1459.7
1400010 1458.4
1400020 1458.4
1400030 1456.3
1400040 1453.6
1400050 1453.6
1400060 1451.2
1400070 1449.0
1400080 1449.0
1400090 1447.1
1400100 1444.2
1400110 1444.2
1400120 1444.9
1400130 1448.5
1400140 1448.5
1400150 1448.5
1400160 1446.2
1400170 1446.2
1400180 1443.8
1400190 1442.0
1400200 1442.0
1400210 1439.1
1400220 1438.1
1400230 1437.3
1400240 1437.3
1400250 1434.4
1400260 1429.9
1400270 1429.9
1400280 1425.9
1400290 1424.7
1400300 1424.7
1400310 1423.1
1400320 1420.7
1400330 1420.7
1400340 1419.2
1400350 1414.1
1400360 1414.1
1400370 1406.3
1400380 1398.9
1400390 1398.9
1400400 1392.8
1400410 1391.1
1400420 1391.1
1400430 1393.6
1400440 1399.7
1400450 1399.7
1400460 1404.6
1400470 1405.0
1400480 1405.8
1400490 1405.8
1400500 1407.1
1400510 1408.6
1400520 1408.6
1400530 1409.0
1400540 1409.7
1400550 1409.7
1400560 1411.7
1400570 1414.8
1400580 1414.8
1400590 1416.4
1400600 1418.7
1400610 1418.7
1400620 1422.3
1400630 1426.0
1400640 1426.0
1400650 1428.9
1400660 1430.8
1400670 1430.8
1400680 1432.8
1400690 1435.6
1400700 1435.6
1400710 1436.9
1400720 1438.0
1400730 1438.0
1400740 1439.7
1400750 1441.4
1400760 1442.8
1400770 1442.8
1400780 1444.4
1400790 1445.9
1400800 1445.9
1400810 1446.2
1400820 1446.8
1400830 1446.8
1400840 1450.6
1400850 1453.2
1400860 1453.2
1400870 1456.7
1400880 1461.4
1400890 1461.4
1400900 1466.7
1400910 1470.8
1400920 1470.8
1400930 1474.1
1400940 1475.6
1400950 1475.6
1400960 1475.7
1400970 1474.7
1400980 1474.7
1400990 1474.1
1401000 1474.3
1401010 1474.3
1401020 1474.3
1401030 1473.6
1401040 1472.4
1401050 1472.4
1401060 1471.4
1401070 1473.1
1401080 1473.1
1401090 1475.4
1401100 1474.0
1401110 1474.0
1401120 1473.3
1401130 1478.0
1401140 1478.0
1401150 1479.5
1401160 1474.6
1401170 1474.6
1401180 1468.2
1401190 1459.8
1401200 1459.8
1401210 1458.1
1401220 1463.1
1401230 1463.1
1401240 1470.3
1401250 1479.5
1401260 1479.5
1401270 1486.2
1401280 1492.8
1401290 1492.8
1401300 1501.0
1401310 1508.9
1401320 1515.6
1401330 1515.6
1401340 1520.1
1401350 1525.5
1401360 1525.5
1401370 1531.3
1401380 1537.7
1401390 1537.7
1401400 1544.5
1401410 1552.2
1401420 1552.2
1401430 1558.7
1401440 1564.8
1401450 1564.8
1401460 1568.9
1401470 1572.4
1401480 1572.4
1401490 1576.2
1401500 1582.0
1401510 1582.0
1401520 1589.9
1401530 1595.9
1401540 1595.9
1401550 1598.0
1401560 1601.7
1401570 1601.7
1401580 1605.7
1401590 1608.9
1401600 1612.9
1401610 1612.9
1401620 1617.9
1401630 1622.7
1401640 1622.7
1401650 1627.2
1401660 1633.1
1401670 1633.1
1401680 1641.2
1401690 1645.8
1401700 1645.8
1401710 1650.2
1401720 1654.5
1401730 1654.5
1401740 1658.3
1401750 1662.5
1401760 1662.5
1401770 1667.1
1401780 1672.0
1401790 1672.0
1401800 1676.6
1401810 1681.8
1401820 1681.8
1401830 1686.6
1401840 1689.9
1401850 1689.9
1401860 1693.2
1401870 1698.0
1401880 1703.6
1401890 1703.6
1401900 1709.3
1401910 1714.6
1401920 1714.6
1401930 1719.1
1401940 1722.4
1401950 1722.4
1401960 1725.9
1401970 1728.9
1401980 1728.9
1401990 1732.2
1402000 1735.4
1402010 1735.4
1402020 1738.0
1402030 1739.5
1402040 1739.5
1402050 1740.0
1402060 1741.2
1402070 1741.2
1402080 1743.9
1402090 1748.8
1402100 1748.8
1402110 1755.6
1402120 1760.9
1402130 1760.9
1402140 1764.6
1402150 1768.6
1402160 1773.1
1402170 1773.1
1402180 1778.9
1402190 1783.8
1402200 1783.8
1402210 1787.0
1402220 1789.9
1402230 1789.9
1402240 1794.4
1402250 1798.9
1402260 1798.9
1402270 1802.5
1402280 1805.3
1402290 1805.3
1402300 1805.4
1402310 1803.9
1402320 1803.9
1402330 1804.9
1402340 1807.5
1402350 1807.5
1402360 1810.4
1402370 1811.4
1402380 1811.4
1402390 1808.4
1402400 1804.0
1402410 1804.0
1402420 1798.3
1402430 1790.4
1402440 1782.6
1402450 1782.6
1402460 1776.0
1402470 1770.5
1402480 1770.5
1402490 1764.7
1402500 1758.8
1402510 1758.8
1402520 1753.6
1402530 1747.9
1402540 1747.9
1402550 1743.6
1402560 1740.4
1402570 1740.4
1402580 1737.4
1402590 1735.2
1402600 1735.2
1402610 1733.1
1402620 1730.2
1402630 1730.2
1402640 1727.2
1402650 1724.8
1402660 1724.8
1402670 1721.9
1402680 1719.0
1402690 1719.0
1402700 1715.3
1402710 1712.5
1402720 1709.3
1402730 1709.3
1402740 1705.1
1402750 1701.4
1402760 1701.4
1402770 1698.1
1402780 1694.5
1402790 1694.5
1402800 1690.2
1402810 1683.9
1402820 1683.9
1402830 1677.5
1402840 1673.4
1402850 1673.4
1402860 1667.8
1402870 1661.0
1402880 1661.0
1402890 1654.3
1402900 1647.9
1402910 1647.9
1402920 1640.5
1402930 1632.0
1402940 1632.0
1402950 1624.5
1402960 1617.8
1402970 1617.8
1402980 1611.5
1402990 1606.4
1403000 1603.2
1403010 1603.2
1403020 1601.1
1403030 1598.1
1403040 1598.1
1403050 1592.5
1403060 1592.4
1403070 1592.4
1403080 1596.0
1403090 1602.8
1403100 1602.8
1403110 1603.9
1403120 1604.3
1403130 1604.3
1403140 1605.4
1403150 1606.3
1403160 1606.3
1403170 1609.1
1403180 1614.0
1403190 1614.0
1403200 1619.1
1403210 1624.0
1403220 1624.0
1403230 1631.8
1403240 1639.6
1403250 1639.6
1403260 1646.2
1403270 1651.0
1403280 1656.6
1403290 1656.6
1403300 1663.8
1403310 1669.8
1403320 1669.8
1403330 1674.7
1403340 1679.4
1403350 1679.4
1403360 1684.1
1403370 1689.7
1403380 1689.7
1403390 1695.9
1403400 1704.5
1403410 1704.5
1403420 1711.6
1403430 1717.6
1403440 1717.6
1403450 1723.4
1403460 1728.9
1403470 1728.9
1403480 1733.5
1403490 1737.8
1403500 1737.8
1403510 1744.6
1403520 1751.2
1403530 1751.2
1403540 1757.5
1403550 1762.2
1403560 1766.6
1403570 1766.6
1403580 1771.6
1403590 1777.8
1403600 1777.8
1403610 1783.4
1403620 1787.2
1403630 1787.2
1403640 1789.5
1403650 1791.5
1403660 1791.5
1403670 1794.3
1403680 1797.6
1403690 1797.6
1403700 1801.0
1403710 1804.5
1403720 1804.5
1403730 1808.0
1403740 1812.4
1403750 1812.4
1403760 1817.2
1403770 1822.1
1403780 1822.1
1403790 1826.1
1403800 1829.9
1403810 1829.9
1403820 1834.6
1403830 1839.8
1403840 1844.3
1403850 1844.3
1403860 1848.7
1403870 1851.7
1403880 1851.7
1403890 1855.3
1403900 1859.4
1403910 1859.4
1403920 1864.2
1403930 1868.7
1403940 1868.7
1403950 1874.2
1403960 1879.8
1403970 1879.8
1403980 1885.4
1403990 1892.1
1404000 1892.1
1404010 1898.6
1404020 1904.5
1404030 1904.5
1404040 1908.7
1404050 1910.1
1404060 1910.1
1404070 1911.8
1404080 1916.4
1404090 1916.4
1404100 1921.8
1404110 1925.1
1404120 1930.5
1404130 1930.5
1404140 1937.2
1404150 1942.5
1404160 1942.5
1404170 1947.6
1404180 1952.2
1404190 1952.2
1404200 1957.2
1404210 1962.3
1404220 1962.3
1404230 1967.0
1404240 1970.4
1404250 1970.4
1404260 1973.6
1404270 1978.2
1404280 1978.2
1404290 1982.1
1404300 1985.8
1404310 1985.8
1404320 1989.5
1404330 1993.2
1404340 1993.2
1404350 1996.5
1404360 1999.3
1404370 1999.3
1404380 2001.4
1404390 2003.0
1404400 2005.6
1404410 2005.6
1404420 2009.3
1404430 2014.9
1404440 2014.9
1404450 2016.0
1404460 2016.4
1404470 2016.4
1404480 2019.5
1404490 2022.4
1404500 2022.4
1404510 2025.9
1404520 2029.6
1404530 2029.6
1404540 2031.5
1404550 2033.2
1404560 2033.2
1404570 2036.1
1404580 2039.3
1404590 2039.3
1404600 2042.3
1404610 2045.9
1404620 2045.9
1404630 2049.3
1404640 2052.3
1404650 2052.3
1404660 2055.7
1404670 2058.7
1404680 2061.4
1404690 2061.4
1404700 2064.1
1404710 2065.8
1404720 2065.8
1404730 2066.4
1404740 2065.8
1404750 2065.8
1404760 2064.2
1404770 2062.5
1404780 2062.5
1404790 2059.4
1404800 2058.2
1404810 2058.2
1404820 2053.7
1404830 2054.9
1404840 2054.9
1404850 2056.5
1404860 2058.9
1404870 2058.9
1404880 2061.5
1404890 2064.1
1404900 2064.1
1404910 2065.9
1404920 2067.3
1404930 2067.3
1404940 2069.1
1404950 2070.1
1404960 2070.4
1404970 2070.4
1404980 2069.9
1404990 2068.0
1405000 2068.0
1405010 2063.5
1405020 2056.1
1405030 2056.1
1405040 2047.7
1405050 2038.6
1405060 2038.6
1405070 2031.0
1405080 2024.1
1405090 2024.1
1405100 2017.7
1405110 2011.0
1405120 2011.0
1405130 2004.8
1405140 1997.6
1405150 1997.6
1405160 1989.8
1405170 1981.8
1405180 1981.8
1405190 1975.3
1405200 1969.8
1405210 1969.8
1405220 1964.2
1405230 1957.0
1405240 1949.7
1405250 1949.7
1405260 1943.1
1405270 1937.4
1405280 1937.4
1405290 1930.2
1405300 1923.0
1405310 1923.0
1405320 1916.1
1405330 1910.8
1405340 1910.8
1405350 1907.3
1405360 1904.3
1405370 1904.3
1405380 1899.2
1405390 1892.4
1405400 1892.4
1405410 1885.6
1405420 1879.1
1405430 1879.1
1405440 1873.2
1405450 1869.7
1405460 1869.7
1405470 1866.0
1405480 1860.5
1405490 1860.5
1405500 1854.0
1405510 1847.3
1405520 1840.7
1405530 1840.7
1405540 1834.1
1405550 1827.7
1405560 1827.7
1405570 1821.6
1405580 1814.5
1405590 1814.5
1405600 1807.8
1405610 1801.5
1405620 1801.5
1405630 1795.4
1405640 1788.3
1405650 1788.3
1405660 1781.1
1405670 1776.6
1405680 1776.6
1405690 1772.0
1405700 1766.7
1405710 1766.7
1405720 1760.9
1405730 1755.4
1405740 1755.4
1405750 1749.8
1405760 1744.4
1405770 1744.4
1405780 1739.2
1405790 1733.9
1405800 1729.7
1405810 1729.7
1405820 1726.8
1405830 1724.2
1405840 1724.2
1405850 1723.5
1405860 1723.8
1405870 1723.8
1405880 1724.7
1405890 1725.9
1405900 1725.9
1405910 1728.4
1405920 1727.6
1405930 1727.6
1405940 1726.9
1405950 1726.6
1405960 1726.6
1405970 1725.5
1405980 1720.8
1405990 1720.8
1406000 1716.1
1406010 1711.3
1406020 1711.3
1406030 1706.1
1406040 1702.3
1406050 1702.3
1406060 1696.4
1406070 1690.1
1406080 1684.0
1406090 1684.0
1406100 1677.7
1406110 1671.3
1406120 1671.3
1406130 1665.6
1406140 1660.6
1406150 1660.6
1406160 1655.0
1406170 1649.1
1406180 1649.1
1406190 1641.3
1406200 1633.0
1406210 1633.0
1406220 1625.2
1406230 1617.6
1406240 1617.6
1406250 1610.0
1406260 1602.4
1406270 1602.4
1406280 1594.9
1406290 1588.2
1406300 1588.2
1406310 1582.4
1406320 1577.8
1406330 1577.8
1406340 1574.3
1406350 1570.4
1406360 1565.3
1406370 1565.3
1406380 1560.8
1406390 1557.7
1406400 1557.7
1406410 1555.4
1406420 1551.1
1406430 1550.6
1406440 1545.8
1406450 1540.8
1406460 1540.8
1406470 1535.5
1406480 1529.6
1406490 1529.6
1406500 1522.8
1406510 1515.8
1406520 1515.8
1406530 1510.0
1406540 1503.3
1406550 1503.3
1406560 1497.4
1406570 1492.5
1406580 1492.5
1406590 1487.5
1406600 1482.2
1406610 1482.2
1406620 1476.0
1406630 1468.9
1406640 1462.4
1406650 1462.4
1406660 1457.1
1406670 1452.3
1406680 1452.3
1406690 1448.0
1406700 1444.5
1406710 1444.5
1406720 1441.0
1406730 1436.5
1406740 1436.5
1406750 1431.7
1406760 1426.9
1406770 1426.9
1406780 1421.7
1406790 1416.7
1406800 1416.7
1406810 1411.2
1406820 1404.3
1406830 1404.3
1406840 1395.9
1406850 1384.1
1406860 1384.1
1406870 1373.7
1406880 1369.5
1406890 1369.5
1406900 1368.1
1406910 1368.4
1406920 1374.3
1406930 1374.3
1406940 1381.8
1406950 1389.1
1406960 1389.1
1406970 1394.6
1406980 1400.4
1406990 1400.4
1407000 1407.2
1407010 1413.5
1407020 1413.5
1407030 1418.6
1407040 1425.4
1407050 1425.4
1407060 1431.9
1407070 1437.9
1407080 1437.9
1407090 1444.1
1407100 1448.0
1407110 1448.0
1407120 1451.2
1407130 1454.0
1407140 1454.0
1407150 1456.6
1407160 1459.9
1407170 1459.9
1407180 1462.4
1407190 1466.2
1407200 1469.2
1407210 1469.2
1407220 1471.8
1407230 1476.5
1407240 1476.5
1407250 1480.6
1407260 1485.0
1407270 1485.0
1407280 1488.8
1407290 1491.4
1407300 1491.4
1407310 1494.2
1407320 1498.8
1407330 1498.8
1407340 1505.0
1407350 1510.7
1407360 1510.7
1407370 1516.6
1407380 1521.6
1407390 1521.6
1407400 1527.0
1407410 1531.5
1407420 1531.5
1407430 1534.7
1407440 1537.7
1407450 1537.7
1407460 1541.0
1407470 1544.8
1407480 1548.0
1407490 1548.0
1407500 1550.8
1407510 1553.0
1407520 1553.0
1407530 1553.8
1407540 1554.1
1407550 1554.1
1407560 1556.8
1407570 1559.7
1407580 1559.7
1407590 1565.1
1407600 1572.4
1407610 1572.4
1407620 1579.5
1407630 1583.6
1407640 1583.6
1407650 1587.4
1407660 1590.8
1407670 1590.8
1407680 1592.3
1407690 1595.4
1407700 1595.4
1407710 1599.5
1407720 1604.8
1407730 1604.8
1407740 1610.2
1407750 1614.9
1407760 1618.2
1407770 1618.2
1407780 1620.4
1407790 1621.3
1407800 1621.3
1407810 1623.1
1407820 1626.2
1407830 1626.2
1407840 1630.5
1407850 1634.2
1407860 1634.2
1407870 1637.0
1407880 1640.2
1407890 1640.2
1407900 1642.3
1407910 1643.2
1407920 1643.2
1407930 1644.4
1407940 1648.5
1407950 1648.5
1407960 1654.2
1407970 1660.0
1407980 1660.0
1407990 1664.7
1408000 1667.7
1408010 1667.7
1408020 1671.7
1408030 1674.6
1408040 1678.0
1408050 1678.0
1408060 1683.5
1408070 1687.8
1408080 1687.8
1408090 1693.0
1408100 1698.9
1408110 1698.9
1408120 1703.7
1408130 1708.4
1408140 1708.4
1408150 1714.8
1408160 1722.4
1408170 1722.4
1408180 1726.0
1408190 1727.9
1408200 1727.9
1408210 1730.5
1408220 1733.0
1408230 1733.0
1408240 1734.8
1408250 1737.3
1408260 1737.3
1408270 1740.6
1408280 1742.5
1408290 1742.5
1408300 1744.3
1408310 1748.7
1408320 1752.9
1408330 1752.9
1408340 1758.3
1408350 1764.9
1408360 1764.9
1408370 1771.7
1408380 1777.6
1408390 1777.6
1408400 1777.4
1408410 1769.9
1408420 1769.9
1408430 1758.1
1408440 1745.1
1408450 1745.1
1408460 1732.0
1408470 1724.4
1408480 1724.4
1408490 1719.0
1408500 1716.9
1408510 1716.9
1408520 1714.2
1408530 1709.7
1408540 1709.7
1408550 1703.8
1408560 1699.4
1408570 1699.4
1408580 1693.8
1408590 1689.6
1408600 1687.0
1408610 1687.0
1408620 1683.2
1408630 1678.3
1408640 1678.3
1408650 1673.2
1408660 1670.9
1408670 1670.9
1408680 1667.9
1408690 1664.9
1408700 1664.9
1408710 1662.2
1408720 1658.6
1408730 1658.6
1408740 1654.0
1408750 1648.7
1408760 1648.7
1408770 1643.3
1408780 1638.1
1408790 1638.1
1408800 1634.2
1408810 1630.1
1408820 1630.1
1408830 1626.7
1408840 1621.0
1408850 1621.0
1408860 1615.4
1408870 1609.1
1408880 1602.5
1408890 1602.5
1408900 1597.4
1408910 1592.0
1408920 1592.0
1408930 1586.1
1408940 1581.3
1408950 1581.3
1408960 1575.2
1408970 1568.2
1408980 1568.2
1408990 1563.7
1409000 1560.5
1409010 1560.5
1409020 1557.0
1409030 1552.2
1409040 1552.2
1409050 1548.1
1409060 1548.4
1409070 1548.4
1409080 1550.6
1409090 1556.4
1409100 1556.4
1409110 1563.0
1409120 1569.4
1409130 1569.4
1409140 1574.6
1409150 1578.9
1409160 1583.5
1409170 1583.5
1409180 1588.6
1409190 1593.5
1409200 1593.5
1409210 1598.5
1409220 1603.4
1409230 1603.4
1409240 1608.5
1409250 1613.3
1409260 1613.3
1409270 1616.9
1409280 1620.4
1409290 1620.4
1409300 1624.9
1409310 1629.0
1409320 1629.0
1409330 1632.7
1409340 1636.3
1409350 1636.3
1409360 1639.9
1409370 1644.4
1409380 1644.4
1409390 1649.5
1409400 1655.7
1409410 1655.7
1409420 1658.1
1409430 1664.2
1409440 1670.5
1409450 1670.5
1409460 1674.7
1409470 1679.5
1409480 1679.5
1409490 1683.3
1409500 1686.4
1409510 1686.4
1409520 1689.2
1409530 1690.6
1409540 1690.6
1409550 1692.7
1409560 1695.3
1409570 1695.3
1409580 1697.5
1409590 1701.1
1409600 1701.1
1409610 1704.7
1409620 1707.3
1409630 1707.3
1409640 1709.6
1409650 1712.3
1409660 1712.3
1409670 1715.2
1409680 1717.0
1409690 1717.0
1409700 1718.9
1409710 1721.9
1409720 1723.8
1409730 1723.8
1409740 1727.2
1409750 1733.7
1409760 1733.7
1409770 1740.4
1409780 1746.8
1409790 1746.8
1409800 1753.4
1409810 1758.9
1409820 1758.9
1409830 1763.9
1409840 1767.0
1409850 1767.0
1409860 1769.5
1409870 1772.2
1409880 1772.2
1409890 1774.3
1409900 1775.9
1409910 1775.9
1409920 1778.4
1409930 1780.5
1409940 1780.5
1409950 1782.4
1409960 1784.9
1409970 1784.9
1409980 1788.3
1409990 1791.8
1410000 1796.6
1410010 1796.6
1410020 1801.1
1410030 1804.1
1410040 1804.1
1410050 1807.6
1410060 1812.0
1410070 1812.0
1410080 1817.3
1410090 1819.1
1410100 1819.1
1410110 1821.2
1410120 1825.8
1410130 1825.8
1410140 1827.7
1410150 1832.0
1410160 1832.0
1410170 1836.4
1410180 1838.7
1410190 1838.7
1410200 1839.9
1410210 1841.0
1410220 1841.0
1410230 1842.9
1410240 1845.4
1410250 1845.4
1410260 1848.0
1410270 1851.3
1410280 1854.7
1410290 1854.7
1410300 1857.2
1410310 1860.5
1410320 1860.5
1410330 1864.9
1410340 1869.4
1410350 1869.4
1410360 1873.2
1410370 1876.2
1410380 1876.2
1410390 1879.6
1410400 1881.6
1410410 1881.6
1410420 1884.3
1410430 1887.4
1410440 1887.4
1410450 1891.0
1410460 1893.3
1410470 1893.3
1410480 1895.4
1410490 1897.9
1410500 1897.9
1410510 1899.9
1410520 1903.9
1410530 1903.9
1410540 1910.8
1410550 1916.8
1410560 1921.0
1410570 1921.0
1410580 1926.0
1410590 1932.0
1410600 1932.0
1410610 1939.1
1410620 1943.2
1410630 1943.2
1410640 1945.9
1410650 1948.6
1410660 1948.6
1410670 1951.2
1410680 1953.0
1410690 1953.0
1410700 1954.3
1410710 1956.0
1410720 1956.0
1410730 1959.5
1410740 1963.1
1410750 1963.1
1410760 1964.9
1410770 1967.6
1410780 1967.6
1410790 1971.3
1410800 1974.9
1410810 1974.9
1410820 1978.6
1410830 1981.9
1410840 1984.0
1410850 1984.0
1410860 1988.2
1410870 1993.4
1410880 1993.4
1410890 1994.8
1410900 1995.7
1410910 1995.7
1410920 1995.7
1410930 1991.5
1410940 1991.5
1410950 1984.8
1410960 1978.4
1410970 1978.4
1410980 1972.8
1410990 1966.5
1411000 1966.5
1411010 1960.8
1411020 1955.6
1411030 1955.6
1411040 1950.1
1411050 1943.8
1411060 1943.8
1411070 1937.9
1411080 1932.7
1411090 1932.7
1411100 1927.4
1411110 1921.9
1411120 1915.2
1411130 1915.2
1411140 1910.3
1411150 1905.5
1411160 1905.5
1411170 1900.4
1411180 1895.6
1411190 1895.6
1411200 1890.8
1411210 1886.7
1411220 1886.7
1411230 1881.9
1411240 1876.5
1411250 1876.5
1411260 1871.6
1411270 1867.0
1411280 1867.0
1411290 1863.6
1411300 1860.0
1411310 1860.0
1411320 1855.6
1411330 1851.4
1411340 1851.4
1411350 1847.1
1411360 1841.8
1411370 1841.8
1411380 1836.9
1411390 1831.9
1411400 1827.3
1411410 1827.3
1411420 1822.2
1411430 1817.8
1411440 1817.8
1411450 1813.6
1411460 1809.4
1411470 1809.4
1411480 1805.0
1411490 1803.8
1411500 1803.8
1411510 1799.0
1411520 1794.4
1411530 1794.4
1411540 1789.1
1411550 1783.8
1411560 1783.8
1411570 1778.1
1411580 1771.4
1411590 1771.4
1411600 1764.6
1411610 1758.2
1411620 1758.2
1411630 1750.5
1411640 1744.0
1411650 1744.0
1411660 1737.6
1411670 1731.3
1411680 1724.2
1411690 1724.2
1411700 1714.5
1411710 1706.2
1411720 1706.2
1411730 1698.2
1411740 1689.8
1411750 1689.8
1411760 1680.8
1411770 1671.2
1411780 1671.2
1411790 1663.0
1411800 1656.8
1411810 1656.8
1411820 1650.4
1411830 1644.8
1411840 1644.8
1411850 1639.5
1411860 1634.5
1411870 1634.5
1411880 1626.7
1411890 1620.2
1411900 1620.2
1411910 1613.3
1411920 1607.2
1411930 1607.2
1411940 1600.0
1411950 1591.9
1411960 1583.0
1411970 1583.0
1411980 1576.2
1411990 1569.0
1412000 1569.0
1412010 1557.7
1412020 1548.4
1412030 1548.4
1412040 1539.8
1412050 1528.9
1412060 1528.9
1412070 1527.0
1412080 1534.0
1412090 1534.0
1412100 1545.3
1412110 1551.6
1412120 1551.6
1412130 1551.5
1412140 1555.7
1412150 1555.7
1412160 1562.7
1412170 1568.5
1412180 1568.5
1412190 1571.6
1412200 1571.7
1412210 1571.7
1412220 1573.4
1412230 1573.9
1412240 1575.5
1412250 1575.5
1412260 1576.8
1412270 1577.5
1412280 1577.5
1412290 1576.1
1412300 1579.3
1412310 1579.3
1412320 1582.2
1412330 1575.4
1412340 1575.4
1412350 1569.8
1412360 1577.2
1412370 1577.2
1412380 1582.4
1412390 1582.5
1412400 1582.5
1412410 1585.5
1412420 1589.3
1412430 1589.3
1412440 1581.6
1412450 1573.6
1412460 1573.6
1412470 1577.8
1412480 1585.7
1412490 1585.7
1412500 1584.9
1412510 1590.3
1412520 1597.7
1412530 1597.7
1412540 1602.8
1412550 1606.0
1412560 1606.0
1412570 1607.0
1412580 1609.6
1412590 1609.6
1412600 1611.9
1412610 1610.7
1412620 1610.7
1412630 1608.7
1412640 1613.0
1412650 1613.0
1412660 1614.9
1412670 1608.0
1412680 1608.0
1412690 1599.4
1412700 1591.7
1412710 1591.7
1412720 1585.3
1412730 1583.7
1412740 1583.7
1412750 1578.3
1412760 1571.1
1412770 1571.1
1412780 1558.8
1412790 1547.4
1412800 1535.8
1412810 1535.8
1412820 1524.8
1412830 1512.7
1412840 1512.7
1412850 1507.2
1412860 1503.8
1412870 1503.8
1412880 1501.3
1412890 1497.4
1412900 1497.4
1412910 1488.9
1412920 1478.7
1412930 1478.7
1412940 1478.7
1412950 1482.4
1412960 1482.4
1412970 1487.3
1412980 1493.1
1412990 1493.1
1413000 1498.7
1413010 1502.2
1413020 1502.2
1413030 1507.0
1413040 1510.7
1413050 1510.7
1413060 1514.3
1413070 1518.7
1413080 1521.9
1413090 1521.9
1413100 1526.1
1413110 1530.9
1413120 1530.9
1413130 1535.7
1413140 1540.9
1413150 1540.9
1413160 1546.3
1413170 1551.5
1413180 1551.5
1413190 1556.2
1413200 1561.2
1413210 1561.2
1413220 1566.3
1413230 1571.7
1413240 1571.7
1413250 1576.0
1413260 1579.0
1413270 1579.0
1413280 1580.8
1413290 1581.7
1413300 1581.7
1413310 1582.6
1413320 1583.8
1413330 1583.8
1413340 1586.0
1413350 1588.8
1413360 1591.4
1413370 1591.4
1413380 1594.8
1413390 1598.6
1413400 1598.6
1413410 1603.5
1413420 1608.9
1413430 1608.9
1413440 1614.2
1413450 1619.1
1413460 1619.1
1413470 1621.9
1413480 1625.2
1413490 1625.2
1413500 1627.2
1413510 1633.3
1413520 1633.3
1413530 1641.3
1413540 1648.6
1413550 1648.6
1413560 1654.9
1413570 1659.2
1413580 1659.2
1413590 1664.4
1413600 1670.7
1413610 1670.7
1413620 1676.8
1413630 1681.5
1413640 1685.1
1413650 1685.1
1413660 1690.5
1413670 1694.3
1413680 1694.3
1413690 1696.9
1413700 1701.4
1413710 1701.4
1413720 1706.5
1413730 1711.5
1413740 1711.5
1413750 1713.7
1413760 1718.4
1413770 1718.4
1413780 1723.7
1413790 1727.9
1413800 1727.9
1413810 1731.1
1413820 1733.8
1413830 1733.8
1413840 1736.2
1413850 1739.7
1413860 1739.7
1413870 1745.3
1413880 1750.1
1413890 1750.1
1413900 1753.8
1413910 1757.0
1413920 1760.1
1413930 1760.1
1413940 1763.9
1413950 1768.2
1413960 1768.2
1413970 1771.9
1413980 1776.3
1413990 1776.3
1414000 1780.7
1414010 1785.7
1414020 1785.7
1414030 1791.0
1414040 1794.3
1414050 1794.3
1414060 1795.8
1414070 1797.0
1414080 1797.0
1414090 1797.9
1414100 1798.9
1414110 1798.9
1414120 1799.9
1414130 1800.9
1414140 1800.9
1414150 1801.9
1414160 1803.2
1414170 1803.2
1414180 1804.1
1414190 1806.8
1414200 1809.9
1414210 1809.9
1414220 1811.3
1414230 1806.8
1414240 1806.8
1414250 1798.8
1414260 1790.3
1414270 1790.3
1414280 1782.2
1414290 1774.5
1414300 1774.5
1414310 1766.3
1414320 1758.2
1414330 1758.2
1414340 1751.6
1414350 1745.0
1414360 1745.0
1414370 1737.5
1414380 1728.9
1414390 1728.9
1414400 1721.5
1414410 1714.8
1414420 1714.8
1414430 1709.0
1414440 1702.8
1414450 1702.8
1414460 1697.4
1414470 1693.9
1414480 1692.2
1414490 1692.2
1414500 1688.2
1414510 1683.4
1414520 1683.4
1414530 1677.5
1414540 1672.3
1414550 1672.3
1414560 1669.0
1414570 1663.7
1414580 1663.7
1414590 1658.8
1414600 1654.4
1414610 1654.4
1414620 1650.3
1414630 1645.9
1414640 1645.9
1414650 1642.0
1414660 1639.3
1414670 1639.3
1414680 1634.6
1414690 1629.1
1414700 1629.1
1414710 1624.8
1414720 1620.3
1414730 1620.3
1414740 1617.0
1414750 1613.5
1414760 1610.6
1414770 1610.6
1414780 1607.5
1414790 1603.8
1414800 1603.8
1414810 1600.0
1414820 1596.1
1414830 1596.1
1414840 1592.2
1414850 1588.6
1414860 1588.6
1414870 1585.3
1414880 1581.9
1414890 1581.9
1414900 1578.9
1414910 1576.4
1414920 1576.4
1414930 1573.4
1414940 1570.1
1414950 1570.1
1414960 1566.7
1414970 1563.3
1414980 1563.3
1414990 1559.4
1415000 1555.8
1415010 1555.8
1415020 1552.4
1415030 1548.8
1415040 1544.7
1415050 1544.7
1415060 1543.7
1415070 1540.6
1415080 1540.6
1415090 1537.4
1415100 1534.3
1415110 1534.3
1415120 1530.3
1415130 1526.3
1415140 1526.3
1415150 1522.3
1415160 1518.8
1415170 1518.8
1415180 1514.2
1415190 1510.0
1415200 1510.0
1415210 1506.4
1415220 1503.3
1415230 1503.3
1415240 1499.7
1415250 1495.3
1415260 1495.3
1415270 1489.1
1415280 1481.7
1415290 1475.2
1415300 1475.2
1415310 1470.9
1415320 1467.7
1415330 1467.7
1415340 1464.2
1415350 1460.1
1415360 1460.1
1415370 1455.6
1415380 1449.1
1415390 1449.1
1415400 1444.5
1415410 1438.2
1415420 1438.2
1415430 1430.4
1415440 1422.5
1415450 1422.5
1415460 1413.5
1415470 1405.8
1415480 1405.8
1415490 1399.2
1415500 1391.5
1415510 1391.5
1415520 1385.0
1415530 1380.0
1415540 1380.0
1415550 1375.5
1415560 1371.0
1415570 1366.8
1415580 1366.8
1415590 1362.0
1415600 1356.6
1415610 1356.6
1415620 1350.3
1415630 1343.6
1415640 1343.6
1415650 1338.0
1415660 1333.9
1415670 1333.9
1415680 1328.6
1415690 1323.7
1415700 1323.7
1415710 1320.9
1415720 1318.3
1415730 1318.3
1415740 1315.8
1415750 1311.6
1415760 1311.6
1415770 1306.2
1415780 1301.6
1415790 1301.6
1415800 1298.0
1415810 1293.7
1415820 1293.7
1415830 1290.6
1415840 1287.8
1415850 1283.5
1415860 1283.5
1415870 1276.2
1415880 1270.1
1415890 1270.1
1415900 1261.8
1415910 1253.9
1415920 1253.9
1415930 1246.9
1415940 1240.0
1415950 1240.0
1415960 1233.2
1415970 1227.1
1415980 1227.1
1415990 1220.8
1416000 1212.7
1416010 1212.7
1416020 1203.9
1416030 1195.0
1416040 1195.0
1416050 1187.9
1416060 1184.8
1416070 1184.8
1416080 1182.3
1416090 1181.0
1416100 1181.0
1416110 1172.3
1416120 1165.3
1416130 1171.2
1416140 1171.2
1416150 1179.2
1416160 1187.3
1416170 1187.3
1416180 1193.5
1416190 1199.1
1416200 1199.1
1416210 1203.6
1416220 1204.8
1416230 1204.8
1416240 1206.2
1416250 1205.4
1416260 1205.4
1416270 1200.5
1416280 1195.0
1416290 1195.0
1416300 1189.0
1416310 1183.4
1416320 1183.4
1416330 1178.2
1416340 1175.0
1416350 1175.0
1416360 1176.3
1416370 1179.0
1416380 1179.0
1416390 1184.0
1416400 1187.5
1416410 1191.0
1416420 1191.0
1416430 1193.5
1416440 1196.1
1416450 1196.1
1416460 1199.5
1416470 1204.2
1416480 1204.2
1416490 1208.6
1416500 1215.6
1416510 1215.6
1416520 1223.1
1416530 1229.2
1416540 1229.2
1416550 1234.3
1416560 1238.6
1416570 1238.6
1416580 1243.4
1416590 1251.5
1416600 1251.5
1416610 1258.1
1416620 1264.7
1416630 1264.7
1416640 1271.8
1416650 1277.9
1416660 1277.9
1416670 1283.1
1416680 1288.6
1416690 1293.6
1416700 1293.6
1416710 1297.7
1416720 1303.5
1416730 1303.5
1416740 1308.6
1416750 1313.5
1416760 1313.5
1416770 1318.6
1416780 1324.3
1416790 1324.3
1416800 1330.5
1416810 1335.1
1416820 1335.1
1416830 1339.8
1416840 1345.1
1416850 1345.1
1416860 1349.4
1416870 1354.7
1416880 1354.7
1416890 1361.2
1416900 1366.9
1416910 1366.9
1416920 1371.9
1416930 1376.0
1416940 1376.0
1416950 1380.2
1416960 1385.1
1416970 1389.8
1416980 1389.8
1416990 1394.5
1417000 1400.0
1417010 1400.0
1417020 1405.4
1417030 1411.1
1417040 1411.1
1417050 1417.7
1417060 1423.6
1417070 1423.6
1417080 1428.1
1417090 1433.2
1417100 1433.2
1417110 1438.9
1417120 1443.4
1417130 1443.4
1417140 1448.2
1417150 1453.7
1417160 1453.7
1417170 1458.1
1417180 1462.1
1417190 1462.1
1417200 1467.4
1417210 1473.1
1417220 1473.1
1417230 1478.9
1417240 1483.0
1417250 1487.9
1417260 1487.9
1417270 1492.5
1417280 1497.2
1417290 1497.2
1417300 1501.8
1417310 1506.4
1417320 1506.4
1417330 1510.5
1417340 1514.4
1417350 1514.4
1417360 1517.5
1417370 1520.5
1417380 1520.5
1417390 1523.5
1417400 1526.7
1417410 1526.7
1417420 1531.0
1417430 1537.2
1417440 1537.2
1417450 1543.3
1417460 1548.6
1417470 1548.6
1417480 1551.8
1417490 1555.0
1417500 1555.0
1417510 1559.2
1417520 1564.5
1417530 1568.3
1417540 1568.3
1417550 1570.7
1417560 1572.7
1417570 1572.7
1417580 1574.7
1417590 1578.4
1417600 1578.4
1417610 1583.0
1417620 1588.0
1417630 1588.0
1417640 1593.0
1417650 1597.3
1417660 1597.3
1417670 1600.1
1417680 1603.7
1417690 1603.7
1417700 1608.2
1417710 1611.4
1417720 1611.4
1417730 1614.6
1417740 1618.5
1417750 1618.5
1417760 1623.5
1417770 1629.1
1417780 1629.1
1417790 1634.2
1417800 1638.7
1417810 1643.0
1417820 1643.0
1417830 1647.0
1417840 1651.7
1417850 1651.7
1417860 1656.7
1417870 1661.8
1417880 1661.8
1417890 1666.4
1417900 1670.6
1417910 1670.6
1417920 1674.2
1417930 1678.7
1417940 1678.7
1417950 1683.7
1417960 1688.6
1417970 1688.6
1417980 1694.4
1417990 1700.6
1418000 1700.6
1418010 1706.5
1418020 1712.6
1418030 1712.6
1418040 1717.8
1418050 1721.9
1418060 1721.9
1418070 1725.6
1418080 1730.4
1418090 1734.9
1418100 1734.9
1418110 1740.0
1418120 1745.8
1418130 1745.8
1418140 1751.2
1418150 1756.2
1418160 1756.2
1418170 1760.9
1418180 1765.2
1418190 1765.2
1418200 1769.0
1418210 1772.2
1418220 1772.2
1418230 1776.9
1418240 1780.9
1418250 1780.9
1418260 1782.9
1418270 1785.6
1418280 1785.6
1418290 1788.5
1418300 1791.0
1418310 1791.0
1418320 1795.3
1418330 1800.3
1418340 1800.3
1418350 1806.8
1418360 1815.1
1418370 1820.0
1418380 1820.0
1418390 1825.1
1418400 1825.9
1418410 1825.9
1418420 1821.9
1418430 1816.2
1418440 1816.2
1418450 1809.8
1418460 1803.3
1418470 1803.3
1418480 1797.1
1418490 1791.1
1418500 1791.1
1418510 1788.8
1418520 1786.7
1418530 1786.7
1418540 1782.6
1418550 1777.5
1418560 1777.5
1418570 1772.3
1418580 1767.5
1418590 1767.5
1418600 1763.0
1418610 1758.8
1418620 1758.8
1418630 1753.9
1418640 1747.9
1418650 1741.8
1418660 1741.8
1418670 1736.3
1418680 1730.9
1418690 1730.9
1418700 1725.7
1418710 1720.2
1418720 1720.2
1418730 1715.0
1418740 1710.3
1418750 1710.3
1418760 1706.4
1418770 1702.7
1418780 1702.7
1418790 1699.2
1418800 1695.9
1418810 1695.9
1418820 1694.2
1418830 1698.3
1418840 1698.3
1418850 1697.2
1418860 1697.5
1418870 1697.5
1418880 1698.9
1418890 1699.9
1418900 1699.9
1418910 1701.0
1418920 1701.2
1418930 1700.9
1418940 1700.9
1418950 1702.3
1418960 1704.0
1418970 1704.0
1418980 1705.3
1418990 1706.0
1419000 1706.0
1419010 1705.6
1419020 1704.9
1419030 1704.9
1419040 1703.9
1419050 1702.8
1419060 1702.8
1419070 1702.4
1419080 1703.2
1419090 1703.2
1419100 1703.9
1419110 1704.7
1419120 1704.7
1419130 1705.5
1419140 1707.3
1419150 1707.3
1419160 1709.0
1419170 1710.1
1419180 1710.1
1419190 1713.7
1419200 1717.0
1419210 1720.9
1419220 1720.9
1419230 1726.1
1419240 1731.2
1419250 1731.2
1419260 1735.9
1419270 1739.8
1419280 1739.8
1419290 1743.7
1419300 1748.1
1419310 1748.1
1419320 1752.1
1419330 1756.9
1419340 1756.9
1419350 1762.3
1419360 1768.1
1419370 1768.1
1419380 1773.4
1419390 1778.1
1419400 1778.1
1419410 1782.5
1419420 1787.2
1419430 1787.2
1419440 1791.9
1419450 1796.8
1419460 1796.8
1419470 1801.5
1419480 1806.2
1419490 1811.4
1419500 1811.4
1419510 1816.9
1419520 1822.7
1419530 1822.7
1419540 1828.4
1419550 1833.1
1419560 1833.1
1419570 1829.3
1419580 1822.5
1419590 1822.5
1419600 1819.0
1419610 1817.9
1419620 1817.9
1419630 1817.5
1419640 1817.5
1419650 1817.5
1419660 1816.5
1419670 1813.4
1419680 1813.4
1419690 1809.7
1419700 1806.3
1419710 1806.3
1419720 1803.7
1419730 1802.9
1419740 1802.9
1419750 1801.0
1419760 1797.2
1419770 1793.2
1419780 1793.2
1419790 1787.9
1419800 1783.1
1419810 1783.1
1419820 1776.4
1419830 1771.8
1419840 1771.8
1419850 1766.8
1419860 1760.9
1419870 1760.9
1419880 1757.9
1419890 1756.5
1419900 1756.5
1419910 1754.5
1419920 1752.1
1419930 1752.1
1419940 1749.4
1419950 1746.1
1419960 1746.1
1419970 1742.7
1419980 1739.2
1419990 1739.2
