1400000 1502.2
1400010 1499.6
1400020 1496.5
1400030 1496.5
1400040 1492.4
1400050 1489.5
1400060 1489.5
1400070 1486.2
1400080 1482.3
1400090 1482.3
1400100 1479.9
1400110 1477.7
1400120 1477.7
1400130 1473.4
1400140 1467.3
1400150 1467.3
1400160 1461.2
1400170 1455.4
1400180 1455.4
1400190 1450.5
1400200 1445.7
1400210 1445.7
1400220 1440.4
1400230 1436.4
1400240 1432.7
1400250 1427.9
1400260 1422.9
1400270 1419.1
1400280 1419.1
1400290 1417.1
1400300 1414.2
1400310 1414.2
1400320 1412.4
1400330 1411.1
1400340 1411.1
1400350 1410.6
1400360 1410.8
1400370 1410.8
1400380 1410.4
1400390 1410.3
1400400 1410.3
1400410 1409.5
1400420 1407.0
1400430 1407.0
1400440 1405.2
1400450 1402.7
1400460 1402.7
1400470 1399.8
1400480 1399.5
1400490 1399.5
1400500 1400.8
1400510 1401.3
1400520 1401.3
1400530 1400.4
1400540 1398.2
1400550 1394.1
1400560 1394.1
1400570 1389.8
1400580 1387.6
1400590 1387.6
1400600 1386.2
1400610 1385.0
1400620 1385.0
1400630 1384.3
1400640 1382.9
1400650 1382.9
1400660 1380.8
1400670 1377.3
1400680 1377.3
1400690 1372.6
1400700 1367.8
1400710 1367.8
1400720 1362.0
1400730 1357.7
1400740 1357.7
1400750 1355.7
1400760 1354.9
1400770 1354.9
1400780 1356.3
1400790 1360.6
1400800 1360.6
1400810 1365.7
1400820 1372.4
1400830 1379.2
1400840 1379.2
1400850 1378.0
1400860 1372.9
1400870 1372.9
1400880 1370.7
1400890 1372.5
1400900 1372.5
1400910 1374.4
1400920 1377.6
1400930 1377.6
1400940 1380.4
1400950 1382.2
1400960 1382.2
1400970 1384.7
1400980 1388.4
1400990 1388.4
1401000 1392.9
1401010 1397.3
1401020 1397.3
1401030 1401.8
1401040 1405.5
1401050 1405.5
1401060 1409.1
1401070 1411.6
1401080 1411.6
1401090 1413.6
1401100 1416.0
1401110 1418.5
1401120 1418.5
1401130 1421.5
1401140 1424.1
1401150 1424.1
1401160 1426.8
1401170 1430.2
1401180 1430.2
1401190 1434.4
1401200 1438.4
1401210 1438.4
1401220 1441.4
1401230 1443.7
1401240 1443.7
1401250 1445.4
1401260 1448.7
1401270 1448.7
1401280 1451.6
1401290 1454.1
1401300 1454.1
1401310 1455.9
1401320 1459.5
1401330 1459.5
1401340 1465.4
1401350 1471.1
1401360 1471.1
1401370 1476.6
1401380 1481.6
1401390 1485.6
1401400 1485.6
1401410 1490.3
1401420 1495.7
1401430 1495.7
1401440 1501.6
1401450 1509.0
1401460 1509.0
1401470 1516.3
1401480 1522.7
1401490 1522.7
1401500 1527.3
1401510 1530.9
1401520 1530.9
1401530 1535.1
1401540 1541.4
1401550 1541.4
1401560 1546.1
1401570 1547.5
1401580 1547.5
1401590 1549.3
1401600 1552.9
1401610 1552.9
1401620 1558.0
1401630 1563.0
1401640 1563.0
1401650 1567.4
1401660 1572.3
1401670 1577.1
1401680 1577.1
1401690 1582.0
1401700 1586.7
1401710 1586.7
1401720 1590.8
1401730 1593.4
1401740 1593.4
1401750 1596.7
1401760 1601.9
1401770 1606.0
1401780 1610.8
1401790 1614.7
1401800 1614.7
1401810 1618.9
1401820 1622.8
1401830 1622.8
1401840 1626.5
1401850 1629.4
1401860 1629.4
1401870 1631.5
1401880 1634.5
1401890 1634.5
1401900 1638.4
1401910 1642.7
1401920 1642.7
1401930 1647.3
1401940 1651.8
1401950 1657.0
1401960 1657.0
1401970 1661.6
1401980 1664.7
1401990 1664.7
1402000 1668.0
1402010 1671.1
1402020 1671.1
1402030 1674.7
1402040 1678.4
1402050 1678.4
1402060 1681.8
1402070 1685.3
1402080 1685.3
1402090 1687.4
1402100 1689.8
1402110 1689.8
1402120 1692.5
1402130 1695.0
1402140 1695.0
1402150 1696.8
1402160 1699.8
1402170 1699.8
1402180 1702.6
1402190 1706.9
1402200 1706.9
1402210 1712.8
1402220 1719.3
1402230 1723.3
1402240 1723.3
1402250 1725.7
1402260 1728.9
1402270 1728.9
1402280 1732.5
1402290 1735.7
1402300 1735.7
1402310 1738.5
1402320 1739.5
1402330 1739.5
1402340 1740.3
1402350 1740.3
1402360 1740.3
1402370 1743.3
1402380 1746.6
1402390 1746.6
1402400 1750.1
1402410 1754.5
1402420 1754.5
1402430 1755.1
1402440 1750.1
1402450 1750.1
1402460 1745.1
1402470 1740.7
1402480 1740.7
1402490 1736.6
1402500 1731.9
1402510 1726.9
1402520 1726.9
1402530 1722.5
1402540 1717.6
1402550 1717.6
1402560 1710.4
1402570 1702.5
1402580 1702.5
1402590 1695.1
1402600 1687.9
1402610 1687.9
1402620 1680.7
1402630 1672.7
1402640 1672.7
1402650 1664.4
1402660 1656.3
1402670 1656.3
1402680 1648.7
1402690 1641.7
1402700 1641.7
1402710 1635.9
1402720 1630.8
1402730 1630.8
1402740 1624.6
1402750 1618.6
1402760 1618.6
1402770 1613.5
1402780 1608.7
1402790 1604.3
1402800 1604.3
1402810 1599.5
1402820 1594.8
1402830 1594.8
1402840 1589.9
1402850 1584.9
1402860 1584.9
1402870 1576.4
1402880 1567.7
1402890 1567.7
1402900 1560.9
1402910 1554.6
1402920 1554.6
1402930 1548.4
1402940 1544.2
1402950 1544.2
1402960 1540.5
1402970 1540.5
1402980 1540.5
1402990 1541.4
1403000 1544.1
1403010 1544.1
1403020 1549.5
1403030 1553.9
1403040 1553.9
1403050 1556.7
1403060 1559.4
1403070 1564.2
1403080 1564.2
1403090 1570.5
1403100 1576.0
1403110 1576.0
1403120 1581.3
1403130 1586.7
1403140 1586.7
1403150 1591.6
1403160 1596.6
1403170 1596.6
1403180 1601.9
1403190 1606.4
1403200 1606.4
1403210 1610.8
1403220 1615.4
1403230 1615.4
1403240 1621.5
1403250 1627.5
1403260 1627.5
1403270 1633.3
1403280 1640.0
1403290 1640.0
1403300 1646.5
1403310 1653.1
1403320 1653.1
1403330 1660.1
1403340 1664.0
1403350 1669.0
1403360 1669.0
1403370 1675.4
1403380 1682.0
1403390 1682.0
1403400 1686.6
1403410 1690.7
1403420 1690.7
1403430 1694.5
1403440 1698.2
1403450 1698.2
1403460 1700.8
1403470 1704.1
1403480 1704.1
1403490 1709.6
1403500 1714.8
1403510 1714.8
1403520 1719.6
1403530 1723.3
1403540 1723.3
1403550 1727.2
1403560 1731.1
1403570 1731.1
1403580 1733.1
1403590 1735.6
1403600 1735.6
1403610 1740.3
1403620 1746.0
1403630 1751.1
1403640 1751.1
1403650 1756.4
1403660 1760.7
1403670 1760.7
1403680 1763.6
1403690 1766.4
1403700 1766.4
1403710 1768.8
1403720 1770.9
1403730 1770.9
1403740 1772.6
1403750 1778.7
1403760 1778.7
1403770 1784.4
1403780 1788.8
1403790 1788.8
1403800 1793.6
1403810 1798.8
1403820 1798.8
1403830 1804.6
1403840 1809.5
1403850 1809.5
1403860 1815.2
1403870 1820.8
1403880 1820.8
1403890 1826.1
1403900 1830.4
1403910 1835.0
1403920 1835.0
1403930 1840.6
1403940 1847.3
1403950 1847.3
1403960 1854.3
1403970 1860.4
1403980 1860.4
1403990 1865.4
1404000 1869.0
1404010 1869.0
1404020 1872.7
1404030 1876.5
1404040 1876.5
1404050 1880.6
1404060 1885.2
1404070 1885.2
1404080 1889.4
1404090 1892.8
1404100 1892.8
1404110 1896.9
1404120 1901.9
1404130 1901.9
1404140 1908.1
1404150 1912.4
1404160 1912.4
1404170 1915.3
1404180 1918.9
1404190 1922.9
1404200 1922.9
1404210 1927.2
1404220 1931.3
1404230 1931.3
1404240 1936.2
1404250 1939.9
1404260 1939.9
1404270 1944.4
1404280 1948.9
1404290 1948.9
1404300 1953.3
1404310 1957.8
1404320 1957.8
1404330 1963.6
1404340 1969.7
1404350 1969.7
1404360 1973.9
1404370 1979.0
1404380 1979.0
1404390 1985.0
1404400 1989.5
1404410 1989.5
1404420 1992.8
1404430 1993.8
1404440 1993.8
1404450 1994.5
1404460 1997.5
1404470 2002.9
1404480 2002.9
1404490 2008.1
1404500 2011.6
1404510 2011.6
1404520 2014.0
1404530 2018.4
1404540 2018.4
1404550 2024.8
1404560 2031.4
1404570 2031.4
1404580 2036.3
1404590 2034.0
1404600 2034.0
1404610 2028.5
1404620 2020.2
1404630 2020.2
1404640 2013.2
1404650 2005.9
1404660 2005.9
1404670 1998.0
1404680 1991.1
1404690 1991.1
1404700 1985.7
1404710 1980.1
1404720 1980.1
1404730 1973.7
1404740 1967.9
1404750 1962.2
1404760 1962.2
1404770 1956.0
1404780 1949.3
1404790 1949.3
1404800 1943.1
1404810 1937.7
1404820 1937.7
1404830 1932.1
1404840 1926.6
1404850 1926.6
1404860 1920.8
1404870 1915.0
1404880 1915.0
1404890 1909.9
1404900 1904.7
1404910 1910.1
1404920 1906.7
1404930 1901.7
1404940 1901.7
1404950 1896.2
1404960 1891.3
1404970 1891.3
1404980 1886.4
1404990 1882.6
1405000 1882.6
1405010 1879.7
1405020 1877.3
1405030 1874.1
1405040 1874.1
1405050 1870.2
1405060 1865.6
1405070 1865.6
1405080 1860.5
1405090 1854.1
1405100 1854.1
1405110 1849.0
1405120 1845.4
1405130 1845.4
1405140 1842.9
1405150 1839.0
1405160 1839.0
1405170 1835.5
1405180 1831.1
1405190 1831.1
1405200 1825.1
1405210 1819.9
1405220 1819.9
1405230 1814.9
1405240 1811.2
1405250 1811.2
1405260 1809.8
1405270 1806.8
1405280 1806.8
1405290 1804.1
1405300 1800.9
1405310 1797.2
1405320 1797.2
1405330 1793.4
1405340 1789.3
1405350 1789.3
1405360 1784.7
1405370 1779.8
1405380 1779.8
1405390 1774.7
1405400 1771.3
1405410 1771.3
1405420 1771.3
1405430 1769.3
1405440 1769.3
1405450 1766.1
1405460 1763.1
1405470 1763.1
1405480 1760.2
1405490 1757.8
1405500 1757.8
1405510 1754.7
1405520 1751.2
1405530 1751.2
1405540 1746.6
1405550 1742.6
1405560 1742.6
1405570 1739.1
1405580 1734.9
1405590 1734.5
1405600 1734.5
1405610 1733.3
1405620 1731.1
1405630 1731.1
1405640 1729.2
1405650 1727.2
1405660 1727.2
1405670 1725.0
1405680 1722.0
1405690 1722.0
1405700 1719.4
1405710 1716.4
1405720 1716.4
1405730 1712.9
1405740 1707.9
1405750 1707.9
1405760 1703.3
1405770 1698.6
1405780 1698.6
1405790 1695.1
1405800 1691.4
1405810 1691.4
1405820 1687.5
1405830 1683.3
1405840 1683.3
1405850 1678.1
1405860 1673.2
1405870 1669.0
1405880 1669.0
1405890 1663.6
1405900 1658.5
1405910 1658.5
1405920 1655.0
1405930 1651.8
1405940 1651.8
1405950 1646.6
1405960 1639.2
1405970 1639.2
1405980 1632.3
1405990 1627.3
1406000 1627.3
1406010 1623.2
1406020 1619.6
1406030 1619.6
1406040 1616.6
1406050 1614.1
1406060 1614.1
1406070 1611.8
1406080 1609.3
1406090 1609.3
1406100 1606.1
1406110 1602.9
1406120 1602.9
1406130 1600.0
1406140 1596.7
1406150 1595.9
1406160 1595.9
1406170 1593.0
1406180 1590.5
1406190 1590.5
1406200 1588.4
1406210 1582.5
1406220 1582.5
1406230 1575.1
1406240 1566.4
1406250 1566.4
1406260 1559.9
1406270 1558.7
1406280 1558.7
1406290 1561.0
1406300 1561.5
1406310 1561.5
1406320 1559.0
1406330 1558.3
1406340 1558.3
1406350 1556.2
1406360 1553.8
1406370 1553.8
1406380 1550.8
1406390 1548.7
1406400 1548.7
1406410 1547.3
1406420 1544.3
1406430 1540.1
1406440 1540.1
1406450 1535.9
1406460 1530.2
1406470 1530.2
1406480 1524.1
1406490 1518.1
1406500 1518.1
1406510 1510.9
1406520 1503.6
1406530 1505.8
1406540 1497.6
1406550 1489.9
1406560 1489.9
1406570 1484.8
1406580 1477.8
1406590 1477.8
1406600 1469.8
1406610 1463.2
1406620 1463.2
1406630 1455.8
1406640 1450.9
1406650 1450.9
1406660 1446.4
1406670 1439.2
1406680 1439.2
1406690 1430.7
1406700 1424.4
1406710 1418.3
1406720 1418.3
1406730 1412.7
1406740 1407.3
1406750 1407.3
1406760 1400.7
1406770 1395.1
1406780 1395.1
1406790 1391.0
1406800 1386.8
1406810 1386.8
1406820 1382.6
1406830 1378.1
1406840 1378.1
1406850 1374.3
1406860 1370.1
1406870 1370.1
1406880 1363.4
1406890 1357.7
1406900 1357.7
1406910 1353.4
1406920 1349.1
1406930 1349.1
1406940 1344.2
1406950 1340.2
1406960 1340.2
1406970 1336.0
1406980 1335.2
1406990 1334.7
1407000 1334.7
1407010 1333.3
1407020 1331.4
1407030 1331.4
1407040 1330.7
1407050 1332.5
1407060 1332.5
1407070 1338.7
1407080 1345.5
1407090 1345.5
1407100 1352.2
1407110 1358.7
1407120 1358.7
1407130 1364.8
1407140 1370.1
1407150 1370.1
1407160 1374.0
1407170 1378.9
1407180 1378.9
1407190 1380.6
1407200 1383.6
1407210 1383.6
1407220 1386.8
1407230 1390.0
1407240 1390.0
1407250 1392.6
1407260 1395.3
1407270 1397.5
1407280 1397.5
1407290 1398.6
1407300 1398.4
1407310 1398.4
1407320 1400.1
1407330 1403.2
1407340 1403.2
1407350 1406.5
1407360 1408.8
1407370 1408.8
1407380 1411.8
1407390 1415.6
1407400 1415.6
1407410 1418.8
1407420 1422.6
1407430 1422.6
1407440 1427.1
1407450 1431.8
1407460 1431.8
1407470 1435.8
1407480 1439.5
1407490 1439.5
1407500 1442.2
1407510 1444.7
1407520 1444.7
1407530 1447.0
1407540 1450.6
1407550 1455.0
1407560 1455.0
1407570 1459.1
1407580 1463.6
1407590 1463.6
1407600 1468.4
1407610 1473.2
1407620 1473.2
1407630 1482.5
1407640 1490.9
1407650 1490.9
1407660 1496.6
1407670 1501.5
1407680 1501.5
1407690 1505.9
1407700 1510.5
1407710 1510.5
1407720 1513.7
1407730 1516.9
1407740 1516.9
1407750 1520.6
1407760 1524.9
1407770 1524.9
1407780 1528.7
1407790 1532.1
1407800 1532.1
1407810 1534.8
1407820 1538.1
1407830 1538.1
1407840 1541.0
1407850 1542.3
1407860 1547.2
1407870 1547.2
1407880 1551.1
1407890 1554.1
1407900 1554.1
1407910 1557.8
1407920 1562.2
1407930 1562.2
1407940 1566.5
1407950 1571.3
1407960 1571.3
1407970 1576.0
1407980 1580.8
1407990 1580.8
1408000 1585.8
1408010 1590.6
1408020 1590.6
1408030 1594.9
1408040 1599.1
1408050 1599.1
1408060 1603.1
1408070 1607.4
1408080 1607.4
1408090 1611.6
1408100 1616.0
1408110 1616.0
1408120 1620.7
1408130 1626.2
1408140 1631.6
1408150 1631.6
1408160 1636.9
1408170 1642.0
1408180 1642.0
1408190 1651.8
1408200 1656.7
1408210 1656.7
1408220 1661.5
1408230 1667.3
1408240 1667.3
1408250 1673.9
1408260 1676.9
1408270 1676.9
1408280 1677.5
1408290 1675.9
1408300 1675.9
1408310 1665.0
1408320 1653.5
1408330 1653.5
1408340 1641.9
1408350 1635.1
1408360 1635.1
1408370 1629.5
1408380 1623.0
1408390 1623.0
1408400 1617.3
1408410 1612.3
1408420 1606.1
1408430 1606.1
1408440 1598.5
1408450 1590.8
1408460 1590.8
1408470 1583.3
1408480 1575.8
1408490 1575.8
1408500 1569.0
1408510 1563.1
1408520 1563.1
1408530 1558.0
1408540 1554.2
1408550 1554.2
1408560 1550.6
1408570 1547.4
1408580 1547.4
1408590 1545.8
1408600 1544.2
1408610 1544.2
1408620 1541.8
1408630 1538.5
1408640 1538.5
1408650 1536.7
1408660 1535.5
1408670 1535.5
1408680 1533.8
1408690 1531.7
1408700 1529.0
1408710 1529.0
1408720 1526.1
1408730 1523.3
1408740 1523.3
1408750 1518.8
1408760 1513.5
1408770 1513.5
1408780 1507.9
1408790 1501.5
1408800 1501.5
1408810 1495.3
1408820 1490.3
1408830 1490.3
1408840 1485.8
1408850 1479.6
1408860 1479.6
1408870 1471.1
1408880 1470.5
1408890 1470.5
1408900 1478.7
1408910 1487.6
1408920 1487.6
1408930 1491.9
1408940 1492.5
1408950 1492.5
1408960 1494.0
1408970 1500.0
1408980 1502.8
1408990 1502.8
1409000 1502.5
1409010 1503.3
1409020 1503.3
1409030 1505.0
1409040 1507.6
1409050 1507.6
1409060 1510.3
1409070 1514.6
1409080 1514.6
1409090 1518.9
1409100 1526.4
1409110 1526.4
1409120 1533.8
1409130 1540.7
1409140 1540.7
1409150 1546.5
1409160 1550.4
1409170 1550.4
1409180 1553.8
1409190 1556.1
1409200 1556.1
1409210 1559.4
1409220 1563.0
1409230 1563.0
1409240 1566.7
1409250 1570.3
1409260 1574.7
1409270 1574.7
1409280 1580.1
1409290 1585.6
1409300 1585.6
1409310 1590.7
1409320 1596.0
1409330 1596.0
1409340 1599.0
1409350 1602.8
1409360 1602.8
1409370 1605.7
1409380 1608.1
1409390 1608.1
1409400 1609.7
1409410 1610.9
1409420 1610.9
1409430 1613.7
1409440 1616.5
1409450 1616.5
1409460 1619.5
1409470 1622.4
1409480 1622.4
1409490 1625.4
1409500 1629.0
1409510 1629.0
1409520 1632.6
1409530 1636.9
1409540 1641.5
1409550 1641.5
1409560 1645.5
1409570 1648.9
1409580 1648.9
1409590 1651.6
1409600 1654.4
1409610 1654.4
1409620 1657.3
1409630 1659.7
1409640 1659.7
1409650 1661.6
1409660 1663.8
1409670 1663.8
1409680 1668.0
1409690 1673.5
1409700 1673.5
1409710 1679.1
1409720 1683.3
1409730 1683.3
1409740 1687.2
1409750 1691.4
1409760 1691.4
1409770 1696.5
1409780 1701.6
1409790 1701.6
1409800 1705.0
1409810 1706.7
1409820 1708.9
1409830 1708.9
1409840 1712.9
1409850 1716.5
1409860 1716.5
1409870 1723.2
1409880 1725.0
1409890 1725.0
1409900 1727.7
1409910 1729.5
1409920 1729.5
1409930 1732.6
1409940 1737.9
1409950 1737.9
1409960 1743.0
1409970 1748.6
1409980 1748.6
1409990 1750.9
1410000 1751.1
1410010 1751.1
1410020 1752.1
1410030 1753.3
1410040 1753.3
1410050 1755.9
1410060 1758.1
1410070 1758.1
1410080 1759.9
1410090 1762.0
1410100 1764.6
1410110 1764.6
1410120 1768.5
1410130 1771.9
1410140 1771.9
1410150 1773.6
1410160 1774.4
1410170 1774.4
1410180 1775.7
1410190 1777.7
1410200 1777.7
1410210 1779.4
1410220 1781.8
1410230 1781.8
1410240 1784.2
1410250 1785.5
1410260 1785.5
1410270 1785.7
1410280 1785.9
1410290 1785.9
1410300 1787.4
1410310 1789.1
1410320 1789.1
1410330 1789.9
1410340 1789.1
1410350 1789.1
1410360 1790.6
1410370 1793.1
1410380 1795.7
1410390 1795.7
1410400 1799.7
1410410 1802.9
1410420 1802.9
1410430 1806.7
1410440 1810.3
1410450 1810.3
1410460 1813.3
1410470 1815.8
1410480 1815.8
1410490 1817.0
1410500 1817.2
1410510 1817.2
1410520 1816.2
1410530 1816.5
1410540 1816.5
1410550 1819.2
1410560 1822.3
1410570 1822.3
1410580 1826.2
1410590 1829.2
1410600 1829.2
1410610 1832.1
1410620 1835.1
1410630 1835.1
1410640 1838.7
1410650 1843.1
1410660 1847.0
1410670 1847.0
1410680 1851.0
1410690 1855.0
1410700 1855.0
1410710 1858.4
1410720 1861.3
1410730 1861.3
1410740 1865.8
1410750 1871.1
1410760 1871.1
1410770 1875.5
1410780 1879.6
1410790 1879.6
1410800 1882.9
1410810 1886.0
1410820 1886.0
1410830 1888.6
1410840 1892.1
1410850 1892.1
1410860 1896.2
1410870 1902.0
1410880 1902.0
1410890 1907.6
1410900 1909.9
1410910 1909.9
1410920 1912.9
1410930 1916.1
1410940 1920.1
1410950 1920.1
1410960 1923.4
1410970 1926.8
1410980 1926.8
1410990 1931.9
1411000 1933.4
1411010 1933.4
1411020 1928.6
1411030 1923.4
1411040 1923.4
1411050 1918.5
1411060 1914.1
1411070 1914.1
1411080 1910.2
1411090 1907.1
1411100 1907.1
1411110 1904.3
1411120 1901.3
1411130 1901.3
1411140 1898.1
1411150 1897.0
1411160 1897.0
1411170 1892.8
1411180 1886.4
1411190 1880.3
1411200 1880.3
1411210 1874.3
1411220 1868.2
1411230 1868.2
1411240 1862.1
1411250 1855.9
1411260 1855.9
1411270 1850.6
1411280 1845.8
1411290 1845.8
1411300 1840.6
1411310 1835.4
1411320 1835.4
1411330 1830.3
1411340 1825.4
1411350 1825.4
1411360 1820.9
1411370 1816.3
1411380 1816.3
1411390 1811.0
1411400 1805.1
1411410 1805.1
1411420 1798.4
1411430 1791.7
1411440 1791.7
1411450 1785.7
1411460 1779.6
1411470 1773.5
1411480 1773.5
1411490 1766.9
1411500 1760.2
1411510 1760.2
1411520 1753.8
1411530 1747.9
1411540 1747.9
1411550 1742.5
1411560 1736.8
1411570 1736.8
1411580 1730.6
1411590 1723.4
1411600 1723.4
1411610 1717.7
1411620 1713.2
1411630 1713.2
1411640 1708.3
1411650 1703.6
1411660 1703.6
1411670 1699.3
1411680 1694.6
1411690 1694.6
1411700 1689.6
1411710 1682.2
1411720 1682.2
1411730 1676.3
1411740 1670.8
1411750 1664.8
1411760 1664.8
1411770 1659.2
1411780 1652.6
1411790 1652.6
1411800 1645.7
1411810 1639.1
1411820 1639.1
1411830 1632.8
1411840 1627.8
1411850 1627.8
1411860 1621.7
1411870 1615.2
1411880 1615.2
1411890 1608.6
1411900 1602.1
1411910 1602.1
1411920 1595.2
1411930 1588.2
1411940 1588.2
1411950 1581.0
1411960 1572.9
1411970 1572.9
1411980 1564.6
1411990 1556.2
1412000 1556.2
1412010 1547.4
1412020 1539.5
1412030 1532.2
1412040 1532.2
1412050 1524.4
1412060 1516.3
1412070 1516.3
1412080 1508.2
1412090 1501.1
1412100 1501.1
1412110 1494.4
1412120 1486.8
1412130 1486.8
1412140 1478.8
1412150 1471.0
1412160 1471.0
1412170 1463.0
1412180 1455.8
1412190 1455.8
1412200 1450.0
1412210 1445.1
1412220 1445.1
1412230 1438.2
1412240 1424.7
1412250 1424.7
1412260 1405.8
1412270 1392.6
1412280 1392.6
1412290 1395.5
1412300 1403.0
1412310 1410.0
1412320 1410.0
1412330 1416.7
1412340 1421.7
1412350 1421.7
1412360 1427.0
1412370 1432.4
1412380 1432.4
1412390 1438.1
1412400 1442.4
1412410 1442.4
1412420 1444.7
1412430 1448.2
1412440 1448.2
1412450 1452.1
1412460 1452.4
1412470 1452.4
1412480 1451.8
1412490 1452.6
1412500 1452.6
1412510 1456.2
1412520 1461.4
1412530 1461.4
1412540 1467.6
1412550 1473.7
1412560 1473.7
1412570 1479.1
1412580 1483.1
1412590 1486.3
1412600 1486.3
1412610 1487.3
1412620 1484.9
1412630 1484.9
1412640 1480.5
1412650 1474.2
1412660 1474.2
1412670 1461.5
1412680 1446.2
1412690 1446.2
1412700 1431.3
1412710 1417.2
1412720 1417.2
1412730 1407.7
1412740 1398.8
1412750 1398.8
1412760 1398.5
1412770 1403.6
1412780 1403.6
1412790 1410.4
1412800 1416.0
1412810 1416.0
1412820 1422.0
1412830 1427.7
1412840 1427.7
1412850 1433.0
1412860 1439.2
1412870 1444.0
1412880 1444.0
1412890 1447.5
1412900 1450.7
1412910 1450.7
1412920 1455.1
1412930 1459.7
1412940 1459.7
1412950 1464.2
1412960 1468.5
1412970 1468.5
1412980 1472.5
1412990 1475.8
1413000 1475.8
1413010 1480.4
1413020 1482.1
1413030 1482.1
1413040 1486.1
1413050 1489.3
1413060 1489.3
1413070 1494.3
1413080 1500.4
1413090 1500.4
1413100 1506.7
1413110 1512.8
1413120 1512.8
1413130 1518.1
1413140 1522.3
1413150 1526.0
1413160 1526.0
1413170 1529.3
1413180 1532.4
1413190 1532.4
1413200 1534.6
1413210 1536.0
1413220 1536.0
1413230 1537.6
1413240 1538.8
1413250 1538.8
1413260 1539.6
1413270 1540.6
1413280 1540.6
1413290 1542.5
1413300 1545.2
1413310 1545.2
1413320 1547.9
1413330 1550.5
1413340 1550.5
1413350 1553.3
1413360 1557.5
1413370 1557.5
1413380 1560.1
1413390 1562.8
1413400 1562.8
1413410 1566.4
1413420 1572.0
1413430 1578.3
1413440 1578.3
1413450 1584.3
1413460 1589.1
1413470 1589.1
1413480 1592.7
1413490 1596.3
1413500 1596.3
1413510 1598.2
1413520 1602.1
1413530 1602.1
1413540 1605.1
1413550 1607.9
1413560 1607.9
1413570 1611.8
1413580 1615.0
1413590 1615.0
1413600 1618.5
1413610 1621.1
1413620 1621.1
1413630 1623.9
1413640 1626.9
1413650 1626.9
1413660 1629.7
1413670 1632.3
1413680 1632.3
1413690 1635.4
1413700 1637.9
1413710 1641.9
1413720 1641.9
1413730 1646.7
1413740 1652.2
1413750 1652.2
1413760 1657.2
1413770 1661.3
1413780 1661.3
1413790 1664.8
1413800 1668.1
1413810 1668.1
1413820 1670.4
1413830 1673.1
1413840 1673.1
1413850 1678.5
1413860 1682.9
1413870 1682.9
1413880 1686.3
1413890 1690.2
1413900 1690.2
1413910 1695.2
1413920 1700.6
1413930 1700.6
1413940 1706.0
1413950 1711.1
1413960 1711.1
1413970 1716.0
1413980 1721.2
1413990 1725.4
1414000 1725.4
1414010 1730.8
1414020 1734.4
1414030 1734.4
1414040 1737.1
1414050 1739.4
1414060 1739.4
1414070 1741.7
1414080 1745.8
1414090 1745.8
1414100 1751.2
1414110 1757.0
1414120 1757.0
1414130 1762.5
1414140 1767.1
1414150 1767.1
1414160 1772.7
1414170 1778.6
1414180 1778.6
1414190 1785.0
1414200 1792.0
1414210 1792.0
1414220 1795.9
1414230 1797.7
1414240 1797.7
1414250 1797.6
1414260 1792.7
1414270 1784.1
1414280 1784.1
1414290 1774.6
1414300 1765.4
1414310 1765.4
1414320 1756.0
1414330 1747.4
1414340 1747.4
1414350 1739.0
1414360 1731.3
1414370 1731.3
1414380 1724.6
1414390 1718.0
1414400 1718.0
1414410 1712.7
1414420 1707.8
1414430 1707.8
1414440 1702.7
1414450 1699.4
1414460 1699.4
1414470 1694.2
1414480 1688.5
1414490 1688.5
1414500 1682.3
1414510 1676.2
1414520 1676.2
1414530 1672.5
1414540 1670.6
1414550 1667.9
1414560 1667.9
1414570 1664.9
1414580 1662.0
1414590 1662.0
1414600 1657.5
1414610 1651.6
1414620 1651.6
1414630 1646.0
1414640 1640.7
1414650 1640.7
1414660 1635.9
1414670 1632.0
1414680 1632.0
1414690 1627.1
1414700 1620.0
1414710 1620.0
1414720 1614.0
1414730 1608.5
1414740 1608.5
1414750 1603.3
1414760 1598.7
1414770 1598.7
1414780 1592.9
1414790 1588.0
1414800 1588.0
1414810 1582.4
1414820 1577.3
1414830 1573.1
1414840 1573.1
1414850 1568.0
1414860 1562.8
1414870 1562.8
1414880 1556.2
1414890 1548.2
1414900 1548.2
1414910 1540.1
1414920 1533.5
1414930 1533.5
1414940 1529.0
1414950 1524.3
1414960 1524.3
1414970 1520.2
1414980 1515.5
1414990 1515.5
1415000 1509.9
1415010 1503.7
1415020 1503.7
1415030 1496.8
1415040 1489.7
1415050 1489.7
1415060 1483.7
1415070 1476.9
1415080 1476.9
1415090 1470.7
1415100 1464.2
1415110 1457.2
1415120 1457.2
1415130 1451.2
1415140 1445.0
1415150 1445.0
1415160 1436.9
1415170 1434.9
1415180 1434.9
1415190 1432.5
1415200 1429.5
1415210 1429.5
1415220 1424.8
1415230 1418.1
1415240 1418.1
1415250 1410.9
1415260 1404.8
1415270 1404.8
1415280 1401.6
1415290 1396.9
1415300 1396.9
1415310 1391.2
1415320 1385.1
1415330 1385.1
1415340 1379.0
1415350 1372.0
1415360 1372.0
1415370 1361.9
1415380 1349.7
1415390 1342.7
1415400 1342.7
1415410 1343.6
1415420 1341.4
1415430 1341.4
1415440 1337.4
1415450 1333.3
1415460 1333.3
1415470 1328.2
1415480 1327.4
1415490 1327.4
1415500 1323.3
1415510 1320.0
1415520 1320.0
1415530 1316.0
1415540 1309.2
1415550 1309.2
1415560 1304.9
1415570 1303.3
1415580 1303.3
1415590 1297.6
1415600 1289.4
1415610 1289.4
1415620 1282.6
1415630 1275.7
1415640 1275.7
1415650 1269.4
1415660 1264.1
1415670 1261.3
1415680 1261.3
1415690 1260.2
1415700 1260.8
1415710 1260.8
1415720 1261.4
1415730 1257.2
1415740 1257.2
1415750 1253.1
1415760 1249.2
1415770 1249.2
1415780 1248.7
1415790 1247.1
1415800 1247.1
1415810 1248.8
1415820 1245.0
1415830 1245.0
1415840 1241.9
1415850 1240.0
1415860 1240.0
1415870 1237.0
1415880 1233.2
1415890 1233.2
1415900 1229.1
1415910 1223.8
1415920 1223.8
1415930 1218.1
1415940 1212.8
1415950 1207.8
1415960 1207.8
1415970 1203.4
1415980 1199.4
1415990 1199.4
1416000 1195.1
1416010 1190.7
1416020 1190.7
1416030 1186.0
1416040 1181.6
1416050 1181.6
1416060 1177.2
1416070 1172.9
1416080 1172.9
1416090 1169.9
1416100 1166.3
1416110 1166.3
1416120 1162.0
1416130 1158.0
1416140 1158.0
1416150 1154.4
1416160 1152.9
1416170 1152.9
1416180 1151.2
1416190 1145.9
1416200 1145.9
1416210 1141.4
1416220 1137.0
1416230 1131.2
1416240 1131.2
1416250 1122.6
1416260 1117.8
1416270 1117.8
1416280 1123.6
1416290 1133.5
1416300 1133.5
1416310 1140.4
1416320 1148.1
1416330 1148.1
1416340 1155.1
1416350 1161.8
1416360 1161.8
1416370 1169.3
1416380 1176.0
1416390 1176.0
1416400 1182.0
1416410 1188.2
1416420 1188.2
1416430 1195.1
1416440 1201.8
1416450 1201.8
1416460 1207.2
1416470 1211.5
1416480 1211.5
1416490 1216.2
1416500 1220.9
1416510 1227.3
1416520 1227.3
1416530 1233.6
1416540 1238.9
1416550 1238.9
1416560 1243.4
1416570 1245.8
1416580 1245.8
1416590 1248.2
1416600 1250.9
1416610 1250.9
1416620 1254.1
1416630 1258.3
1416640 1258.3
1416650 1263.2
1416660 1268.4
1416670 1268.4
1416680 1274.0
1416690 1279.0
1416700 1279.0
1416710 1283.7
1416720 1289.1
1416730 1289.1
1416740 1292.8
1416750 1295.8
1416760 1295.8
1416770 1298.8
1416780 1300.7
1416790 1300.5
1416800 1300.5
1416810 1301.6
1416820 1307.4
1416830 1307.4
1416840 1313.1
1416850 1319.5
1416860 1319.5
1416870 1324.9
1416880 1329.9
1416890 1329.9
1416900 1334.2
1416910 1338.0
1416920 1338.0
1416930 1341.7
1416940 1346.0
1416950 1346.0
1416960 1350.5
1416970 1355.1
1416980 1355.1
1416990 1359.9
1417000 1364.3
1417010 1364.3
1417020 1368.7
1417030 1375.7
1417040 1375.7
1417050 1380.9
1417060 1385.8
1417070 1390.7
1417080 1390.7
1417090 1396.2
1417100 1400.9
1417110 1400.9
1417120 1405.7
1417130 1410.2
1417140 1410.2
1417150 1414.8
1417160 1418.6
1417170 1418.6
1417180 1421.8
1417190 1425.2
1417200 1425.2
1417210 1429.1
1417220 1433.0
1417230 1433.0
1417240 1435.4
1417250 1438.4
1417260 1438.4
1417270 1441.7
1417280 1444.6
1417290 1444.6
1417300 1448.3
1417310 1450.9
1417320 1450.9
1417330 1454.9
1417340 1459.5
1417350 1464.3
1417360 1464.3
1417370 1469.3
1417380 1473.3
1417390 1473.3
1417400 1477.1
1417410 1482.0
1417420 1482.0
1417430 1486.5
1417440 1488.8
1417450 1488.8
1417460 1490.8
1417470 1493.3
1417480 1493.3
1417490 1496.2
1417500 1496.8
1417510 1496.8
1417520 1495.8
1417530 1499.4
1417540 1499.4
1417550 1503.5
1417560 1508.5
1417570 1508.5
1417580 1513.3
1417590 1517.7
1417600 1517.7
1417610 1521.0
1417620 1525.0
1417630 1530.0
1417640 1530.0
1417650 1534.6
1417660 1539.6
1417670 1539.6
1417680 1544.6
1417690 1548.9
1417700 1548.9
1417710 1553.5
1417720 1558.3
1417730 1558.3
1417740 1564.3
1417750 1570.1
1417760 1570.1
1417770 1575.5
1417780 1581.0
1417790 1581.0
1417800 1586.6
1417810 1591.3
1417820 1591.3
1417830 1595.8
1417840 1601.4
1417850 1601.4
1417860 1607.7
1417870 1613.1
1417880 1613.1
1417890 1617.8
1417900 1622.7
1417910 1628.7
1417920 1628.7
1417930 1634.8
1417940 1640.3
1417950 1640.3
1417960 1646.2
1417970 1652.0
1417980 1652.0
1417990 1657.3
1418000 1662.0
1418010 1662.0
1418020 1666.2
1418030 1670.0
1418040 1670.0
1418050 1674.1
1418060 1680.3
1418070 1680.3
1418080 1686.8
1418090 1692.1
1418100 1692.1
1418110 1696.8
1418120 1701.6
1418130 1701.6
1418140 1706.5
1418150 1711.4
1418160 1711.4
1418170 1716.0
1418180 1720.5
1418190 1725.0
1418200 1725.0
1418210 1728.6
1418220 1730.3
1418230 1730.3
1418240 1730.6
1418250 1733.3
1418260 1733.3
1418270 1730.7
1418280 1725.3
1418290 1725.3
1418300 1719.4
1418310 1713.6
1418320 1713.6
1418330 1706.5
1418340 1700.3
1418350 1700.3
1418360 1694.4
1418370 1688.5
1418380 1688.5
1418390 1683.5
1418400 1679.0
1418410 1679.0
1418420 1675.8
1418430 1673.6
1418440 1673.6
1418450 1670.2
1418460 1665.2
1418470 1659.5
1418480 1659.5
1418490 1653.8
1418500 1648.8
1418510 1648.8
1418520 1644.3
1418530 1639.2
1418540 1639.2
1418550 1632.2
1418560 1623.1
1418570 1623.1
1418580 1616.5
1418590 1617.0
1418600 1617.0
1418610 1617.9
1418620 1617.7
1418630 1617.7
1418640 1616.2
1418650 1612.8
1418660 1612.8
1418670 1608.2
1418680 1602.7
1418690 1602.7
1418700 1597.1
1418710 1592.3
1418720 1592.3
1418730 1587.2
1418740 1582.4
1418750 1578.3
1418760 1578.3
1418770 1575.1
1418780 1573.7
1418790 1573.7
1418800 1570.5
1418810 1564.0
1418820 1564.0
1418830 1564.8
1418840 1565.7
1418850 1565.7
1418860 1563.3
1418870 1560.9
1418880 1560.9
1418890 1558.9
1418900 1557.5
1418910 1557.5
1418920 1556.0
1418930 1554.2
1418940 1560.1
1418950 1558.0
1418960 1554.9
1418970 1554.9
1418980 1550.0
1418990 1554.1
1419000 1554.1
1419010 1554.2
1419020 1551.7
1419030 1554.4
1419040 1554.4
1419050 1557.7
1419060 1563.2
1419070 1563.2
1419080 1568.4
1419090 1573.3
1419100 1573.3
1419110 1578.0
1419120 1583.7
1419130 1583.7
1419140 1589.5
1419150 1595.6
1419160 1595.6
1419170 1601.7
1419180 1607.5
1419190 1607.5
1419200 1613.9
1419210 1620.6
1419220 1620.6
1419230 1627.3
1419240 1634.2
1419250 1634.2
1419260 1641.0
1419270 1647.1
1419280 1647.1
1419290 1653.0
1419300 1658.8
1419310 1664.5
1419320 1664.5
1419330 1669.9
1419340 1675.0
1419350 1675.0
1419360 1680.0
1419370 1685.6
1419380 1685.6
1419390 1691.7
1419400 1697.9
1419410 1697.9
1419420 1704.1
1419430 1710.3
1419440 1710.3
1419450 1716.0
1419460 1720.2
1419470 1720.2
1419480 1723.5
1419490 1726.5
1419500 1726.5
1419510 1728.6
1419520 1728.7
1419530 1728.7
1419540 1727.1
1419550 1726.4
1419560 1726.4
1419570 1728.1
1419580 1729.7
1419590 1730.6
1419600 1730.6
1419610 1731.0
1419620 1732.6
1419630 1732.6
1419640 1735.4
1419650 1739.5
1419660 1739.5
1419670 1744.5
1419680 1749.6
1419690 1749.6
1419700 1754.4
1419710 1759.7
1419720 1759.7
1419730 1765.2
1419740 1770.4
1419750 1770.4
1419760 1775.9
1419770 1781.6
1419780 1781.6
1419790 1787.6
1419800 1793.7
1419810 1793.7
1419820 1799.5
1419830 1804.9
1419840 1804.9
1419850 1810.9
1419860 1817.2
1419870 1817.2
1419880 1822.9
1419890 1828.3
1419900 1832.8
1419910 1832.8
1419920 1836.6
1419930 1839.9
1419940 1839.9
1419950 1843.3
1419960 1846.6
1419970 1846.6
1419980 1849.6
1419990 1851.9
