1400000 1490.2
1400010 1487.6
1400020 1486.0
1400030 1486.0
1400040 1485.1
1400050 1483.8
1400060 1483.8
1400070 1482.2
1400080 1480.4
1400090 1480.4
1400100 1478.3
1400110 1475.8
1400120 1475.8
1400130 1473.1
1400140 1469.6
1400150 1465.9
1400160 1465.9
1400170 1463.2
1400180 1461.1
1400190 1461.1
1400200 1458.0
1400210 1455.2
1400220 1455.2
1400230 1452.1
1400240 1448.6
1400250 1448.6
1400260 1444.2
1400270 1439.6
1400280 1439.6
1400290 1436.3
1400300 1433.8
1400310 1433.8
1400320 1429.6
1400330 1426.5
1400340 1426.5
1400350 1423.4
1400360 1419.9
1400370 1419.9
1400380 1417.8
1400390 1415.3
1400400 1415.3
1400410 1412.5
1400420 1409.5
1400430 1403.9
1400440 1403.9
1400450 1397.9
1400460 1394.2
1400470 1394.2
1400480 1390.4
1400490 1388.4
1400500 1388.4
1400510 1386.4
1400520 1385.1
1400530 1385.1
1400540 1383.5
1400550 1381.2
1400560 1381.2
1400570 1378.4
1400580 1375.9
1400590 1375.9
1400600 1373.7
1400610 1371.8
1400620 1371.8
1400630 1369.6
1400640 1367.6
1400650 1367.6
1400660 1365.5
1400670 1363.0
1400680 1363.0
1400690 1361.2
1400700 1359.7
1400710 1358.1
1400720 1358.1
1400730 1356.2
1400740 1353.7
1400750 1353.7
1400760 1352.1
1400770 1352.3
1400780 1352.3
1400790 1351.5
1400800 1350.1
1400810 1350.1
1400820 1348.4
1400830 1346.2
1400840 1346.2
1400850 1343.0
1400860 1341.1
1400870 1341.1
1400880 1340.2
1400890 1340.6
1400900 1340.6
1400910 1344.3
1400920 1349.8
1400930 1349.8
1400940 1352.7
1400950 1352.9
1400960 1352.9
1400970 1357.5
1400980 1362.5
1400990 1365.2
1401000 1365.2
1401010 1368.0
1401020 1371.6
1401030 1371.6
1401040 1376.1
1401050 1383.7
1401060 1383.7
1401070 1387.3
1401080 1390.4
1401090 1390.4
1401100 1394.0
1401110 1397.6
1401120 1397.6
1401130 1400.4
1401140 1402.7
1401150 1402.7
1401160 1405.8
1401170 1408.7
1401180 1408.7
1401190 1411.7
1401200 1416.9
1401210 1416.9
1401220 1423.0
1401230 1426.7
1401240 1426.7
1401250 1427.7
1401260 1428.0
1401270 1428.0
1401280 1429.6
1401290 1432.5
1401300 1435.8
1401310 1435.8
1401320 1441.7
1401330 1446.2
1401340 1446.2
1401350 1449.6
1401360 1453.6
1401370 1453.6
1401380 1457.1
1401390 1460.3
1401400 1460.3
1401410 1462.7
1401420 1464.0
1401430 1464.0
1401440 1466.0
1401450 1469.4
1401460 1469.4
1401470 1473.6
1401480 1477.0
1401490 1477.0
1401500 1479.4
1401510 1481.3
1401520 1481.3
1401530 1484.6
1401540 1490.6
1401550 1490.6
1401560 1498.7
1401570 1506.5
1401580 1512.5
1401590 1512.5
1401600 1517.2
1401610 1522.6
1401620 1522.6
1401630 1528.1
1401640 1533.3
1401650 1533.3
1401660 1538.8
1401670 1543.7
1401680 1543.7
1401690 1547.3
1401700 1553.2
1401710 1553.2
1401720 1558.7
1401730 1562.3
1401740 1562.3
1401750 1563.3
1401760 1564.0
1401770 1564.0
1401780 1565.3
1401790 1567.1
1401800 1567.1
1401810 1569.3
1401820 1572.5
1401830 1572.5
1401840 1578.4
1401850 1584.4
1401860 1587.5
1401870 1587.5
1401880 1590.6
1401890 1595.4
1401900 1595.4
1401910 1601.1
1401920 1605.9
1401930 1605.9
1401940 1609.4
1401950 1612.9
1401960 1612.9
1401970 1616.7
1401980 1618.6
1401990 1618.6
1402000 1620.0
1402010 1621.0
1402020 1621.0
1402030 1624.2
1402040 1629.8
1402050 1629.8
1402060 1633.5
1402070 1637.8
1402080 1637.8
1402090 1642.5
1402100 1646.6
1402110 1646.6
1402120 1650.1
1402130 1653.8
1402140 1657.0
1402150 1657.0
1402160 1660.6
1402170 1663.0
1402180 1663.0
1402190 1665.8
1402200 1668.8
1402210 1668.8
1402220 1671.2
1402230 1673.7
1402240 1673.7
1402250 1675.7
1402260 1677.9
1402270 1677.9
1402280 1680.1
1402290 1681.9
1402300 1681.9
1402310 1685.6
1402320 1690.1
1402330 1690.1
1402340 1692.1
1402350 1691.5
1402360 1691.5
1402370 1692.4
1402380 1696.1
1402390 1696.1
1402400 1704.0
1402410 1712.4
1402420 1713.9
1402430 1713.9
1402440 1709.9
1402450 1706.8
1402460 1706.8
1402470 1702.7
1402480 1697.3
1402490 1697.3
1402500 1693.1
1402510 1690.6
1402520 1690.6
1402530 1686.1
1402540 1680.2
1402550 1680.2
1402560 1673.9
1402570 1667.3
1402580 1667.3
1402590 1662.2
1402600 1655.6
1402610 1655.6
1402620 1649.6
1402630 1644.0
1402640 1644.0
1402650 1637.5
1402660 1627.0
1402670 1627.0
1402680 1617.5
1402690 1610.0
1402700 1603.3
1402710 1603.3
1402720 1597.5
1402730 1592.6
1402740 1592.6
1402750 1587.1
1402760 1581.2
1402770 1581.2
1402780 1575.2
1402790 1569.7
1402800 1569.7
1402810 1564.9
1402820 1560.0
1402830 1560.0
1402840 1555.2
1402850 1549.3
1402860 1549.3
1402870 1542.3
1402880 1535.1
1402890 1535.1
1402900 1527.3
1402910 1521.0
1402920 1521.0
1402930 1520.0
1402940 1521.8
1402950 1521.8
1402960 1525.8
1402970 1531.8
1402980 1537.7
1402990 1537.7
1403000 1540.8
1403010 1543.5
1403020 1543.5
1403030 1545.8
1403040 1548.7
1403050 1548.7
1403060 1552.9
1403070 1557.4
1403080 1557.4
1403090 1561.5
1403100 1564.3
1403110 1564.3
1403120 1569.2
1403130 1575.5
1403140 1575.5
1403150 1580.6
1403160 1585.8
1403170 1585.8
1403180 1591.0
1403190 1595.4
1403200 1595.4
1403210 1598.2
1403220 1600.6
1403230 1600.6
1403240 1605.0
1403250 1610.5
1403260 1616.6
1403270 1616.6
1403280 1623.8
1403290 1631.2
1403300 1631.2
1403310 1636.0
1403320 1641.3
1403330 1641.3
1403340 1646.2
1403350 1652.3
1403360 1652.3
1403370 1659.9
1403380 1664.3
1403390 1664.3
1403400 1670.3
1403410 1678.5
1403420 1678.5
1403430 1684.5
1403440 1689.2
1403450 1689.2
1403460 1695.4
1403470 1697.6
1403480 1697.6
1403490 1698.7
1403500 1701.2
1403510 1701.2
1403520 1705.0
1403530 1709.2
1403540 1713.6
1403550 1713.6
1403560 1718.4
1403570 1724.3
1403580 1724.3
1403590 1729.6
1403600 1736.4
1403610 1736.4
1403620 1744.1
1403630 1745.7
1403640 1745.7
1403650 1746.8
1403660 1751.7
1403670 1751.7
1403680 1757.3
1403690 1761.7
1403700 1761.7
1403710 1764.9
1403720 1768.0
1403730 1768.0
1403740 1773.1
1403750 1777.6
1403760 1777.6
1403770 1781.4
1403780 1785.4
1403790 1785.4
1403800 1787.4
1403810 1790.9
1403820 1796.1
1403830 1796.1
1403840 1800.7
1403850 1805.7
1403860 1805.7
1403870 1811.8
1403880 1816.9
1403890 1816.9
1403900 1821.7
1403910 1826.9
1403920 1826.9
1403930 1830.9
1403940 1834.2
1403950 1834.2
1403960 1837.3
1403970 1839.8
1403980 1839.8
1403990 1843.2
1404000 1848.0
1404010 1848.0
1404020 1855.4
1404030 1862.6
1404040 1862.6
1404050 1868.9
1404060 1874.8
1404070 1874.8
1404080 1880.6
1404090 1886.5
1404100 1892.7
1404110 1892.7
1404120 1897.8
1404130 1902.3
1404140 1902.3
1404150 1905.5
1404160 1908.8
1404170 1908.8
1404180 1912.8
1404190 1917.6
1404200 1917.6
1404210 1921.4
1404220 1926.1
1404230 1926.1
1404240 1931.6
1404250 1937.4
1404260 1937.4
1404270 1941.4
1404280 1946.4
1404290 1946.4
1404300 1951.6
1404310 1957.2
1404320 1957.2
1404330 1962.5
1404340 1966.2
1404350 1966.2
1404360 1969.5
1404370 1970.8
1404380 1972.3
1404390 1972.3
1404400 1973.6
1404410 1975.2
1404420 1975.2
1404430 1977.8
1404440 1985.0
1404450 1985.0
1404460 1993.0
1404470 1997.7
1404480 1997.7
1404490 2001.9
1404500 2006.4
1404510 2006.4
1404520 2009.5
1404530 2011.5
1404540 2011.5
1404550 2014.6
1404560 2017.2
1404570 2017.2
1404580 2018.1
1404590 2019.4
1404600 2019.4
1404610 2021.3
1404620 2018.2
1404630 2018.2
1404640 2010.1
1404650 1996.7
1404660 1984.4
1404670 1984.4
1404680 1975.5
1404690 1967.8
1404700 1967.8
1404710 1961.0
1404720 1954.5
1404730 1954.5
1404740 1947.7
1404750 1940.1
1404760 1940.1
1404770 1932.7
1404780 1925.8
1404790 1925.8
1404800 1918.5
1404810 1911.4
1404820 1911.4
1404830 1904.7
1404840 1897.2
1404850 1897.2
1404860 1890.4
1404870 1883.4
1404880 1883.4
1404890 1876.6
1404900 1869.6
1404910 1869.6
1404920 1862.9
1404930 1856.5
1404940 1851.0
1404950 1851.0
1404960 1845.9
1404970 1840.7
1404980 1840.7
1404990 1834.8
1405000 1829.7
1405010 1829.7
1405020 1826.0
1405030 1823.4
1405040 1823.4
1405050 1821.3
1405060 1818.0
1405070 1818.0
1405080 1814.3
1405090 1811.1
1405100 1811.1
1405110 1808.1
1405120 1805.2
1405130 1805.2
1405140 1802.1
1405150 1798.7
1405160 1798.7
1405170 1795.4
1405180 1792.1
1405190 1792.1
1405200 1788.7
1405210 1785.5
1405220 1782.6
1405230 1782.6
1405240 1779.7
1405250 1776.9
1405260 1776.9
1405270 1774.0
1405280 1770.4
1405290 1770.4
1405300 1767.1
1405310 1764.4
1405320 1764.4
1405330 1761.4
1405340 1759.3
1405350 1759.3
1405360 1758.0
1405370 1757.5
1405380 1757.5
1405390 1755.9
1405400 1753.5
1405410 1753.5
1405420 1751.5
1405430 1749.4
1405440 1749.4
1405450 1746.5
1405460 1743.8
1405470 1743.8
1405480 1740.9
1405490 1737.8
1405500 1734.4
1405510 1734.4
1405520 1730.4
1405530 1726.8
1405540 1726.8
1405550 1723.3
1405560 1719.0
1405570 1719.0
1405580 1715.4
1405590 1712.6
1405600 1712.6
1405610 1709.4
1405620 1705.3
1405630 1705.3
1405640 1701.1
1405650 1697.5
1405660 1697.5
1405670 1694.2
1405680 1691.1
1405690 1691.1
1405700 1688.5
1405710 1684.7
1405720 1684.7
1405730 1677.3
1405740 1672.0
1405750 1672.0
1405760 1673.8
1405770 1670.0
1405780 1664.5
1405790 1664.5
1405800 1656.2
1405810 1652.3
1405820 1652.3
1405830 1649.7
1405840 1644.4
1405850 1644.4
1405860 1638.7
1405870 1634.5
1405880 1634.5
1405890 1632.6
1405900 1633.5
1405910 1633.5
1405920 1636.1
1405930 1633.9
1405940 1633.9
1405950 1629.3
1405960 1625.8
1405970 1625.8
1405980 1623.4
1405990 1620.2
1406000 1620.2
1406010 1620.3
1406020 1618.4
1406030 1618.4
1406040 1616.3
1406050 1612.7
1406060 1609.6
1406070 1609.6
1406080 1606.2
1406090 1602.2
1406100 1602.2
1406110 1598.5
1406120 1595.1
1406130 1595.1
1406140 1591.7
1406150 1588.8
1406160 1588.8
1406170 1586.4
1406180 1582.9
1406190 1582.9
1406200 1579.6
1406210 1576.3
1406220 1576.3
1406230 1572.2
1406240 1567.3
1406250 1567.3
1406260 1561.4
1406270 1556.9
1406280 1556.9
1406290 1552.9
1406300 1549.5
1406310 1549.5
1406320 1544.1
1406330 1539.5
1406340 1534.2
1406350 1534.2
1406360 1527.4
1406370 1521.0
1406380 1521.0
1406390 1515.8
1406400 1510.4
1406410 1510.4
1406420 1506.5
1406430 1503.5
1406440 1503.5
1406450 1498.5
1406460 1491.6
1406470 1491.6
1406480 1483.4
1406490 1475.7
1406500 1475.7
1406510 1468.9
1406520 1463.5
1406530 1463.5
1406540 1459.4
1406550 1456.1
1406560 1456.1
1406570 1452.6
1406580 1449.7
1406590 1449.7
1406600 1444.1
1406610 1437.0
1406620 1430.3
1406630 1430.3
1406640 1425.0
1406650 1422.1
1406660 1422.1
1406670 1416.8
1406680 1411.9
1406690 1411.9
1406700 1409.1
1406710 1407.5
1406720 1407.5
1406730 1405.6
1406740 1400.0
1406750 1400.0
1406760 1393.9
1406770 1390.2
1406780 1390.2
1406790 1388.8
1406800 1388.4
1406810 1388.4
1406820 1387.9
1406830 1386.5
1406840 1386.5
1406850 1382.7
1406860 1375.4
1406870 1375.4
1406880 1367.9
1406890 1360.1
1406900 1355.4
1406910 1355.4
1406920 1355.3
1406930 1353.6
1406940 1353.6
1406950 1351.3
1406960 1349.3
1406970 1349.3
1406980 1347.1
1406990 1345.2
1407000 1345.2
1407010 1342.5
1407020 1339.8
1407030 1339.8
1407040 1337.3
1407050 1335.2
1407060 1335.2
1407070 1333.4
1407080 1331.6
1407090 1331.6
1407100 1328.9
1407110 1326.5
1407120 1326.5
1407130 1325.1
1407140 1323.8
1407150 1323.8
1407160 1320.6
1407170 1314.3
1407180 1311.0
1407190 1311.0
1407200 1311.1
1407210 1313.2
1407220 1313.2
1407230 1318.7
1407240 1324.3
1407250 1324.3
1407260 1332.5
1407270 1338.3
1407280 1338.3
1407290 1342.9
1407300 1346.4
1407310 1346.4
1407320 1349.6
1407330 1353.9
1407340 1353.9
1407350 1356.4
1407360 1356.7
1407370 1356.7
1407380 1359.2
1407390 1362.2
1407400 1364.7
1407410 1367.4
1407420 1367.8
1407430 1367.8
1407440 1368.6
1407450 1374.4
1407460 1379.4
1407470 1379.4
1407480 1383.2
1407490 1384.6
1407500 1384.6
1407510 1387.3
1407520 1390.6
1407530 1390.6
1407540 1394.3
1407550 1396.3
1407560 1396.3
1407570 1398.4
1407580 1402.7
1407590 1402.7
1407600 1405.7
1407610 1408.1
1407620 1408.1
1407630 1415.9
1407640 1423.5
1407650 1423.5
1407660 1429.7
1407670 1433.7
1407680 1433.7
1407690 1434.6
1407700 1433.0
1407710 1433.0
1407720 1432.0
1407730 1439.2
1407740 1446.6
1407750 1446.6
1407760 1454.2
1407770 1464.0
1407780 1464.0
1407790 1471.3
1407800 1478.1
1407810 1478.1
1407820 1483.3
1407830 1488.2
1407840 1488.2
1407850 1492.9
1407860 1498.9
1407870 1498.9
1407880 1503.0
1407890 1508.0
1407900 1508.0
1407910 1511.6
1407920 1514.7
1407930 1514.7
1407940 1513.0
1407950 1512.3
1407960 1512.3
1407970 1507.7
1407980 1506.1
1407990 1506.1
1408000 1508.9
1408010 1516.9
1408020 1529.0
1408030 1529.0
1408040 1533.8
1408050 1535.2
1408060 1535.2
1408070 1536.8
1408080 1538.5
1408090 1538.5
1408100 1539.3
1408110 1543.5
1408120 1543.5
1408130 1548.1
1408140 1552.4
1408150 1552.4
1408160 1557.0
1408170 1561.7
1408180 1561.7
1408190 1566.7
1408200 1571.1
1408210 1571.1
1408220 1574.1
1408230 1576.7
1408240 1576.7
1408250 1582.5
1408260 1588.0
1408270 1588.0
1408280 1592.2
1408290 1595.0
1408300 1597.2
1408310 1597.2
1408320 1599.3
1408330 1601.2
1408340 1601.2
1408350 1600.7
1408360 1592.8
1408370 1592.8
1408380 1582.9
1408390 1576.0
1408400 1576.0
1408410 1570.6
1408420 1565.1
1408430 1565.1
1408440 1558.0
1408450 1551.1
1408460 1551.1
1408470 1547.9
1408480 1544.8
1408490 1544.8
1408500 1537.7
1408510 1531.7
1408520 1531.7
1408530 1526.4
1408540 1521.5
1408550 1521.5
1408560 1516.5
1408570 1511.3
1408580 1506.6
1408590 1506.6
1408600 1502.6
1408610 1498.3
1408620 1498.3
1408630 1494.4
1408640 1489.0
1408650 1489.0
1408660 1483.0
1408670 1477.2
1408680 1477.2
1408690 1473.4
1408700 1469.3
1408710 1469.3
1408720 1466.4
1408730 1463.6
1408740 1463.6
1408750 1460.9
1408760 1457.2
1408770 1457.2
1408780 1454.2
1408790 1452.2
1408800 1452.2
1408810 1448.3
1408820 1440.1
1408830 1440.1
1408840 1432.0
1408850 1424.3
1408860 1421.0
1408870 1421.0
1408880 1428.3
1408890 1438.7
1408900 1438.7
1408910 1448.3
1408920 1453.0
1408930 1453.0
1408940 1455.7
1408950 1459.4
1408960 1459.4
1408970 1462.5
1408980 1464.9
1408990 1464.9
1409000 1467.9
1409010 1472.7
1409020 1472.7
1409030 1478.2
1409040 1482.8
1409050 1482.8
1409060 1486.5
1409070 1491.3
1409080 1499.3
1409090 1505.1
1409100 1507.4
1409110 1507.4
1409120 1513.4
1409130 1518.7
1409140 1521.2
1409150 1521.2
1409160 1524.3
1409170 1528.4
1409180 1528.4
1409190 1531.8
1409200 1534.7
1409210 1534.7
1409220 1538.0
1409230 1541.6
1409240 1541.6
1409250 1545.6
1409260 1549.4
1409270 1549.4
1409280 1552.6
1409290 1555.5
1409300 1555.5
1409310 1559.6
1409320 1563.3
1409330 1563.3
1409340 1566.0
1409350 1566.8
1409360 1566.8
1409370 1568.5
1409380 1570.3
1409390 1570.3
1409400 1574.1
1409410 1576.8
1409420 1579.2
1409430 1579.2
1409440 1583.3
1409450 1586.9
1409460 1586.9
1409470 1590.7
1409480 1595.2
1409490 1595.2
1409500 1601.5
1409510 1607.6
1409520 1607.6
1409530 1611.3
1409540 1615.2
1409550 1615.2
1409560 1617.9
1409570 1622.2
1409580 1622.2
1409590 1626.8
1409600 1629.7
1409610 1629.7
1409620 1630.7
1409630 1630.8
1409640 1630.8
1409650 1629.9
1409660 1630.6
1409670 1630.6
1409680 1632.0
1409690 1637.8
1409700 1644.6
1409710 1644.6
1409720 1649.0
1409730 1652.5
1409740 1652.5
1409750 1654.8
1409760 1657.1
1409770 1657.1
1409780 1658.1
1409790 1660.2
1409800 1660.2
1409810 1660.9
1409820 1660.5
1409830 1660.5
1409840 1662.8
1409850 1664.6
1409860 1664.6
1409870 1666.8
1409880 1669.0
1409890 1669.0
1409900 1671.6
1409910 1674.6
1409920 1674.6
1409930 1677.1
1409940 1679.1
1409950 1679.1
1409960 1680.4
1409970 1680.6
1409980 1681.0
1409990 1681.0
1410000 1680.7
1410010 1680.8
1410020 1680.8
1410030 1681.8
1410040 1682.9
1410050 1682.9
1410060 1682.5
1410070 1683.9
1410080 1683.9
1410090 1687.1
1410100 1688.4
1410110 1688.4
1410120 1688.7
1410130 1689.6
1410140 1689.6
1410150 1689.9
1410160 1690.4
1410170 1690.4
1410180 1690.5
1410190 1689.6
1410200 1689.6
1410210 1691.1
1410220 1696.4
1410230 1696.4
1410240 1701.5
1410250 1707.5
1410260 1714.0
1410270 1714.0
1410280 1720.5
1410290 1726.8
1410300 1726.8
1410310 1733.1
1410320 1738.5
1410330 1738.5
1410340 1742.3
1410350 1745.1
1410360 1745.1
1410370 1748.3
1410380 1751.0
1410390 1751.0
1410400 1752.9
1410410 1754.7
1410420 1754.7
1410430 1756.3
1410440 1757.7
1410450 1757.7
1410460 1760.1
1410470 1763.7
1410480 1763.7
1410490 1769.3
1410500 1773.0
1410510 1773.0
1410520 1776.9
1410530 1782.0
1410540 1786.6
1410550 1786.6
1410560 1791.2
1410570 1794.6
1410580 1794.6
1410590 1797.0
1410600 1799.3
1410610 1799.3
1410620 1801.1
1410630 1802.4
1410640 1802.4
1410650 1804.4
1410660 1807.0
1410670 1807.0
1410680 1810.2
1410690 1813.8
1410700 1813.8
1410710 1818.7
1410720 1824.0
1410730 1824.0
1410740 1828.3
1410750 1831.0
1410760 1831.0
1410770 1832.6
1410780 1836.1
1410790 1836.1
1410800 1841.4
1410810 1845.7
1410820 1850.6
1410830 1850.6
1410840 1855.8
1410850 1859.8
1410860 1859.8
1410870 1864.9
1410880 1869.1
1410890 1869.1
1410900 1875.0
1410910 1880.3
1410920 1880.3
1410930 1879.9
1410940 1872.7
1410950 1872.7
1410960 1865.0
1410970 1859.4
1410980 1859.4
1410990 1853.5
1411000 1848.3
1411010 1848.3
1411020 1843.4
1411030 1839.0
1411040 1839.0
1411050 1836.8
1411060 1832.6
1411070 1832.6
1411080 1826.2
1411090 1823.2
1411100 1820.1
1411110 1820.1
1411120 1817.4
1411130 1814.4
1411140 1814.4
1411150 1809.9
1411160 1808.2
1411170 1808.2
1411180 1807.1
1411190 1806.1
1411200 1806.1
1411210 1805.0
1411220 1804.0
1411230 1804.0
1411240 1803.1
1411250 1801.9
1411260 1801.9
1411270 1800.5
1411280 1798.0
1411290 1798.0
1411300 1796.1
1411310 1793.6
1411320 1793.6
1411330 1791.0
1411340 1788.1
1411350 1788.1
1411360 1785.0
1411370 1781.6
1411380 1778.6
1411390 1778.6
1411400 1775.5
1411410 1772.1
1411420 1772.1
1411430 1769.4
1411440 1766.9
1411450 1766.9
1411460 1764.1
1411470 1761.5
1411480 1761.5
1411490 1758.3
1411500 1754.5
1411510 1754.5
1411520 1750.9
1411530 1745.7
1411540 1745.7
1411550 1739.9
1411560 1733.5
1411570 1733.5
1411580 1727.1
1411590 1719.6
1411600 1719.6
1411610 1714.8
1411620 1707.4
1411630 1707.4
1411640 1700.4
1411650 1693.2
1411660 1685.5
1411670 1685.5
1411680 1677.7
1411690 1670.1
1411700 1670.1
1411710 1663.1
1411720 1655.3
1411730 1655.3
1411740 1647.1
1411750 1639.0
1411760 1639.0
1411770 1630.4
1411780 1622.1
1411790 1622.1
1411800 1613.7
1411810 1605.3
1411820 1605.3
1411830 1597.8
1411840 1592.1
1411850 1592.1
1411860 1589.3
1411870 1587.5
1411880 1587.5
1411890 1582.2
1411900 1575.1
1411910 1575.1
1411920 1566.9
1411930 1555.5
1411940 1544.7
1411950 1544.7
1411960 1535.6
1411970 1526.5
1411980 1526.5
1411990 1520.3
1412000 1513.4
1412010 1513.4
1412020 1504.1
1412030 1494.0
1412040 1494.0
1412050 1486.5
1412060 1478.2
1412070 1478.2
1412080 1470.1
1412090 1461.9
1412100 1461.9
1412110 1451.1
1412120 1442.4
1412130 1442.4
1412140 1435.1
1412150 1430.0
1412160 1430.0
1412170 1426.6
1412180 1425.1
1412190 1425.1
1412200 1421.3
1412210 1417.6
1412220 1412.7
1412230 1412.7
1412240 1406.3
1412250 1400.3
1412260 1400.3
1412270 1392.5
1412280 1384.1
1412290 1384.1
1412300 1375.5
1412310 1366.3
1412320 1366.3
1412330 1357.1
1412340 1347.5
1412350 1347.5
1412360 1342.3
1412370 1349.4
1412380 1349.4
1412390 1357.4
1412400 1364.2
1412410 1364.2
1412420 1368.1
1412430 1369.7
1412440 1369.7
1412450 1372.3
1412460 1375.3
1412470 1375.3
1412480 1378.3
1412490 1382.9
1412500 1384.6
1412510 1384.6
1412520 1389.9
1412530 1388.7
1412540 1388.7
1412550 1382.1
1412560 1378.2
1412570 1378.2
1412580 1375.8
1412590 1372.6
1412600 1372.6
1412610 1370.8
1412620 1368.4
1412630 1368.4
1412640 1366.1
1412650 1364.5
1412660 1364.5
1412670 1365.1
1412680 1367.8
1412690 1367.8
1412700 1373.5
1412710 1380.2
1412720 1380.2
1412730 1387.8
1412740 1394.3
1412750 1394.3
1412760 1399.6
1412770 1404.7
1412780 1410.2
1412790 1410.2
1412800 1413.4
1412810 1419.5
1412820 1419.5
1412830 1424.9
1412840 1430.2
1412850 1430.2
1412860 1435.4
1412870 1440.7
1412880 1440.7
1412890 1444.8
1412900 1448.7
1412910 1448.7
1412920 1455.2
1412930 1459.1
1412940 1459.1
1412950 1465.8
1412960 1472.4
1412970 1472.4
1412980 1476.3
1412990 1481.7
1413000 1481.7
1413010 1486.6
1413020 1489.6
1413030 1489.6
1413040 1491.3
1413050 1493.2
1413060 1495.8
1413070 1495.8
1413080 1498.3
1413090 1500.7
1413100 1500.7
1413110 1503.5
1413120 1506.5
1413130 1506.5
1413140 1508.3
1413150 1509.8
1413160 1509.8
1413170 1512.7
1413180 1516.0
1413190 1516.0
1413200 1519.7
1413210 1522.4
1413220 1522.4
1413230 1524.6
1413240 1527.5
1413250 1527.5
1413260 1529.8
1413270 1531.6
1413280 1531.6
1413290 1533.3
1413300 1536.0
1413310 1536.0
1413320 1538.5
1413330 1541.3
1413340 1545.7
1413350 1545.7
1413360 1551.5
1413370 1557.4
1413380 1557.4
1413390 1561.9
1413400 1565.8
1413410 1565.8
1413420 1568.7
1413430 1570.6
1413440 1570.6
1413450 1572.7
1413460 1574.5
1413470 1574.5
1413480 1576.5
1413490 1578.7
1413500 1578.7
1413510 1580.4
1413520 1582.8
1413530 1582.8
1413540 1586.1
1413550 1587.0
1413560 1587.0
1413570 1591.2
1413580 1595.3
1413590 1595.3
1413600 1600.0
1413610 1606.2
1413620 1613.3
1413630 1613.3
1413640 1619.9
1413650 1626.4
1413660 1626.4
1413670 1632.3
1413680 1636.2
1413690 1636.2
1413700 1639.8
1413710 1643.5
1413720 1643.5
1413730 1646.9
1413740 1649.6
1413750 1649.6
1413760 1653.0
1413770 1657.2
1413780 1657.2
1413790 1660.9
1413800 1664.2
1413810 1664.2
1413820 1666.6
1413830 1668.6
1413840 1668.6
1413850 1670.0
1413860 1670.8
1413870 1670.8
1413880 1671.4
1413890 1672.9
1413900 1676.5
1413910 1676.5
1413920 1681.8
1413930 1686.6
1413940 1686.6
1413950 1691.4
1413960 1695.7
1413970 1695.7
1413980 1701.8
1413990 1707.8
1414000 1707.8
1414010 1712.5
1414020 1716.1
1414030 1716.1
1414040 1720.9
1414050 1726.2
1414060 1726.2
1414070 1729.3
1414080 1732.6
1414090 1732.6
1414100 1737.5
1414110 1742.4
1414120 1742.4
1414130 1747.6
1414140 1753.4
1414150 1753.4
1414160 1758.9
1414170 1763.5
1414180 1767.8
1414190 1767.8
1414200 1773.0
1414210 1777.3
1414220 1777.3
1414230 1780.2
1414240 1783.3
1414250 1783.3
1414260 1787.8
1414270 1790.5
1414280 1790.5
1414290 1790.0
1414300 1788.6
1414310 1789.6
1414320 1784.4
1414330 1777.6
1414340 1777.6
1414350 1769.8
1414360 1762.3
1414370 1762.3
1414380 1756.2
1414390 1750.6
1414400 1750.6
1414410 1744.9
1414420 1739.3
1414430 1739.3
1414440 1734.7
1414450 1730.1
1414460 1723.8
1414470 1723.8
1414480 1717.0
1414490 1711.3
1414500 1711.3
1414510 1705.4
1414520 1699.7
1414530 1699.7
1414540 1694.0
1414550 1688.5
1414560 1688.5
1414570 1683.2
1414580 1677.7
1414590 1677.7
1414600 1672.8
1414610 1666.6
1414620 1666.6
1414630 1660.5
1414640 1653.7
1414650 1653.7
1414660 1646.8
1414670 1639.5
1414680 1639.5
1414690 1632.2
1414700 1625.8
1414710 1625.8
1414720 1620.0
1414730 1614.4
1414740 1609.0
1414750 1609.0
1414760 1604.2
1414770 1598.7
1414780 1598.7
1414790 1592.9
1414800 1586.3
1414810 1586.3
1414820 1579.5
1414830 1572.9
1414840 1572.9
1414850 1565.9
1414860 1558.6
1414870 1558.6
1414880 1552.1
1414890 1546.6
1414900 1546.6
1414910 1541.3
1414920 1535.6
1414930 1535.6
1414940 1530.0
1414950 1525.1
1414960 1525.1
1414970 1520.8
1414980 1516.9
1414990 1516.9
1415000 1512.7
1415010 1507.7
1415020 1502.7
1415030 1502.7
1415040 1500.0
1415050 1494.4
1415060 1494.4
1415070 1489.2
1415080 1483.4
1415090 1483.4
1415100 1477.7
1415110 1472.6
1415120 1472.6
1415130 1467.7
1415140 1463.6
1415150 1463.6
1415160 1460.2
1415170 1457.5
1415180 1457.5
1415190 1454.0
1415200 1449.2
1415210 1449.2
1415220 1443.8
1415230 1438.4
1415240 1438.4
1415250 1432.6
1415260 1426.6
1415270 1426.6
1415280 1420.6
1415290 1414.9
1415300 1409.0
1415310 1409.0
1415320 1403.1
1415330 1397.1
1415340 1397.1
1415350 1390.9
1415360 1384.2
1415370 1384.2
1415380 1377.8
1415390 1370.7
1415400 1370.7
1415410 1362.5
1415420 1354.1
1415430 1354.1
1415440 1346.0
1415450 1338.8
1415460 1338.8
1415470 1331.7
1415480 1326.1
1415490 1326.1
1415500 1322.0
1415510 1317.9
1415520 1317.9
1415530 1314.0
1415540 1309.7
1415550 1309.7
1415560 1305.2
1415570 1301.4
1415580 1297.4
1415590 1297.4
1415600 1292.1
1415610 1286.3
1415620 1286.3
1415630 1281.1
1415640 1276.6
1415650 1276.6
1415660 1272.4
1415670 1268.1
1415680 1268.1
1415690 1263.2
1415700 1259.5
1415710 1259.5
1415720 1255.9
1415730 1252.7
1415740 1252.7
1415750 1249.4
1415760 1246.4
1415770 1246.4
1415780 1242.7
1415790 1238.1
1415800 1238.1
1415810 1233.6
1415820 1229.4
1415830 1229.4
1415840 1225.3
1415850 1220.9
1415860 1215.8
1415870 1215.8
1415880 1211.0
1415890 1206.7
1415900 1206.7
1415910 1202.3
1415920 1196.0
1415930 1196.0
1415940 1189.4
1415950 1184.3
1415960 1184.3
1415970 1179.2
1415980 1173.7
1415990 1173.7
1416000 1167.8
1416010 1161.3
1416020 1161.3
1416030 1157.8
1416040 1155.0
1416050 1155.0
1416060 1149.7
1416070 1141.0
1416080 1141.0
1416090 1128.6
1416100 1126.5
1416110 1126.5
1416120 1126.4
1416130 1125.8
1416140 1137.0
1416150 1137.0
1416160 1136.4
1416170 1129.5
1416180 1129.5
1416190 1120.7
1416200 1112.3
1416210 1112.3
1416220 1102.4
1416230 1100.0
1416240 1100.0
1416250 1103.6
1416260 1112.4
1416270 1112.4
1416280 1118.5
1416290 1123.1
1416300 1123.1
1416310 1129.3
1416320 1137.2
1416330 1137.2
1416340 1145.6
1416350 1154.6
1416360 1154.6
1416370 1162.7
1416380 1169.1
1416390 1169.1
1416400 1175.2
1416410 1182.0
1416420 1187.7
1416430 1187.7
1416440 1193.3
1416450 1198.7
1416460 1198.7
1416470 1205.3
1416480 1211.2
1416490 1211.2
1416500 1216.7
1416510 1221.7
1416520 1221.7
1416530 1225.9
1416540 1229.1
1416550 1229.1
1416560 1233.4
1416570 1237.7
1416580 1237.7
1416590 1241.7
1416600 1245.8
1416610 1245.8
1416620 1248.4
1416630 1250.8
1416640 1250.8
1416650 1253.6
1416660 1257.2
1416670 1257.2
1416680 1259.8
1416690 1262.4
1416700 1264.5
1416710 1264.5
1416720 1266.9
1416730 1270.0
1416740 1270.0
1416750 1273.4
1416760 1276.6
1416770 1276.6
1416780 1279.5
1416790 1283.3
1416800 1283.3
1416810 1287.9
1416820 1292.0
1416830 1292.0
1416840 1294.3
1416850 1295.8
1416860 1295.8
1416870 1299.4
1416880 1303.8
1416890 1303.8
1416900 1308.4
1416910 1312.8
1416920 1312.8
1416930 1316.2
1416940 1319.0
1416950 1319.0
1416960 1321.7
1416970 1324.2
1416980 1327.7
1416990 1327.7
1417000 1332.3
1417010 1335.7
1417020 1335.7
1417030 1339.5
1417040 1342.9
1417050 1342.9
1417060 1346.9
1417070 1351.9
1417080 1351.9
1417090 1355.6
1417100 1359.2
1417110 1359.2
1417120 1362.8
1417130 1366.4
1417140 1366.4
1417150 1369.6
1417160 1373.2
1417170 1373.2
1417180 1376.8
1417190 1380.5
1417200 1380.5
1417210 1383.6
1417220 1386.3
1417230 1386.3
1417240 1387.8
1417250 1384.4
1417260 1379.2
1417270 1379.2
1417280 1375.6
1417290 1374.4
1417300 1374.4
1417310 1374.7
1417320 1380.5
1417330 1380.5
1417340 1390.5
1417350 1397.6
1417360 1397.6
1417370 1405.0
1417380 1409.9
1417390 1409.9
1417400 1415.2
1417410 1421.6
1417420 1421.6
1417430 1427.9
1417440 1434.2
1417450 1434.2
1417460 1438.4
1417470 1445.3
1417480 1445.3
1417490 1451.3
1417500 1456.2
1417510 1456.2
1417520 1459.7
1417530 1464.3
1417540 1469.7
1417550 1469.7
1417560 1475.3
1417570 1480.8
1417580 1480.8
1417590 1485.6
1417600 1490.2
1417610 1490.2
1417620 1494.3
1417630 1498.6
1417640 1498.6
1417650 1503.3
1417660 1508.0
1417670 1508.0
1417680 1512.8
1417690 1517.3
1417700 1517.3
1417710 1521.8
1417720 1524.8
1417730 1524.8
1417740 1527.5
1417750 1531.5
1417760 1531.5
1417770 1534.4
1417780 1538.2
1417790 1538.2
1417800 1541.6
1417810 1543.7
1417820 1542.8
1417830 1542.8
1417840 1544.3
1417850 1548.4
1417860 1548.4
1417870 1552.9
1417880 1559.5
1417890 1559.5
1417900 1566.7
1417910 1572.8
1417920 1572.8
1417930 1577.5
1417940 1582.8
1417950 1582.8
1417960 1588.7
1417970 1595.7
1417980 1595.7
1417990 1602.8
1418000 1610.5
1418010 1610.5
1418020 1619.6
1418030 1626.8
1418040 1626.8
1418050 1632.4
1418060 1640.3
1418070 1640.3
1418080 1647.7
1418090 1653.3
1418100 1658.4
1418110 1658.4
1418120 1663.9
1418130 1668.8
1418140 1668.8
1418150 1673.5
1418160 1679.0
1418170 1679.0
1418180 1684.9
1418190 1690.0
1418200 1690.0
1418210 1694.5
1418220 1698.0
1418230 1698.0
1418240 1698.6
1418250 1696.9
1418260 1696.9
1418270 1694.6
1418280 1692.0
1418290 1692.0
1418300 1688.4
1418310 1683.8
1418320 1683.8
1418330 1678.9
1418340 1674.0
1418350 1674.0
1418360 1669.2
1418370 1664.0
1418380 1664.0
1418390 1658.7
1418400 1648.2
1418410 1638.9
1418420 1638.9
1418430 1632.2
1418440 1625.1
1418450 1625.1
1418460 1617.3
1418470 1610.1
1418480 1610.1
1418490 1604.2
1418500 1599.1
1418510 1599.1
1418520 1594.3
1418530 1589.2
1418540 1589.2
1418550 1584.0
1418560 1579.3
1418570 1579.3
1418580 1574.0
1418590 1568.2
1418600 1568.2
1418610 1561.3
1418620 1553.6
1418630 1553.6
1418640 1550.7
1418650 1549.2
1418660 1549.2
1418670 1545.1
1418680 1540.5
1418690 1535.1
1418700 1535.1
1418710 1528.7
1418720 1520.6
1418730 1520.6
1418740 1519.0
1418750 1523.5
1418760 1523.5
1418770 1523.4
1418780 1521.3
1418790 1521.3
1418800 1518.4
1418810 1514.3
1418820 1514.3
1418830 1508.9
1418840 1504.2
1418850 1504.2
1418860 1498.5
1418870 1494.8
1418880 1494.8
1418890 1497.0
1418900 1495.1
1418910 1495.1
1418920 1489.0
1418930 1480.6
1418940 1480.6
1418950 1476.5
1418960 1476.4
1418970 1482.4
1418980 1482.4
1418990 1489.6
1419000 1495.8
1419010 1495.8
1419020 1502.1
1419030 1508.1
1419040 1508.1
1419050 1513.0
1419060 1518.5
1419070 1518.5
1419080 1524.2
1419090 1530.2
1419100 1530.2
1419110 1536.3
1419120 1542.2
1419130 1542.2
1419140 1548.5
1419150 1554.8
1419160 1554.8
1419170 1560.7
1419180 1566.3
1419190 1566.3
1419200 1571.5
1419210 1575.3
1419220 1575.3
1419230 1579.0
1419240 1582.1
1419250 1584.3
1419260 1584.3
1419270 1585.5
1419280 1586.6
1419290 1586.6
1419300 1587.9
1419310 1589.5
1419320 1589.5
1419330 1591.5
1419340 1593.5
1419350 1593.5
1419360 1594.8
1419370 1596.3
1419380 1596.3
1419390 1599.3
1419400 1604.5
1419410 1604.5
1419420 1611.9
1419430 1619.4
1419440 1619.4
1419450 1626.7
1419460 1633.3
1419470 1633.3
1419480 1639.9
1419490 1646.5
1419500 1646.5
1419510 1652.9
1419520 1659.3
1419530 1666.0
1419540 1666.0
1419550 1672.7
1419560 1679.5
1419570 1679.5
1419580 1686.1
1419590 1692.7
1419600 1692.7
1419610 1699.9
1419620 1707.2
1419630 1707.2
1419640 1714.4
1419650 1721.2
1419660 1721.2
1419670 1726.8
1419680 1730.2
1419690 1730.2
1419700 1733.5
1419710 1735.9
1419720 1735.9
1419730 1737.2
1419740 1738.3
1419750 1738.3
1419760 1739.5
1419770 1739.3
1419780 1739.3
1419790 1737.9
1419800 1737.7
1419810 1739.1
1419820 1739.1
1419830 1742.9
1419840 1745.9
1419850 1745.9
1419860 1750.9
1419870 1756.3
1419880 1756.3
1419890 1761.2
1419900 1765.9
1419910 1765.9
1419920 1770.6
1419930 1775.3
1419940 1775.3
1419950 1779.1
1419960 1782.5
1419970 1782.5
1419980 1790.9
1419990 1794.7
