1400000 1620.5
1400010 1617.8
1400020 1617.8
1400030 1615.9
1400040 1614.0
1400050 1614.0
1400060 1611.9
1400070 1609.2
1400080 1609.2
1400090 1606.0
1400100 1603.5
1400110 1603.5
1400120 1599.8
1400130 1594.7
1400140 1594.7
1400150 1591.5
1400160 1589.6
1400170 1586.0
1400180 1586.0
1400190 1582.6
1400200 1579.6
1400210 1579.6
1400220 1576.5
1400230 1573.6
1400240 1573.6
1400250 1570.8
1400260 1565.6
1400270 1565.6
1400280 1558.5
1400290 1552.4
1400300 1552.4
1400310 1546.7
1400320 1541.1
1400330 1541.1
1400340 1536.5
1400350 1530.7
1400360 1530.7
1400370 1527.3
1400380 1523.7
1400390 1523.7
1400400 1519.8
1400410 1516.6
1400420 1516.6
1400430 1513.2
1400440 1510.4
1400450 1508.0
1400460 1508.0
1400470 1505.6
1400480 1503.3
1400490 1503.3
1400500 1501.2
1400510 1499.0
1400520 1499.0
1400530 1497.4
1400540 1496.0
1400550 1496.0
1400560 1494.4
1400570 1491.8
1400580 1491.8
1400590 1489.0
1400600 1488.5
1400610 1488.5
1400620 1486.2
1400630 1481.3
1400640 1481.3
1400650 1475.9
1400660 1470.2
1400670 1470.2
1400680 1463.7
1400690 1457.3
1400700 1457.3
1400710 1453.0
1400720 1448.7
1400730 1443.5
1400740 1443.5
1400750 1438.7
1400760 1434.9
1400770 1434.9
1400780 1431.7
1400790 1429.2
1400800 1429.2
1400810 1428.0
1400820 1426.6
1400830 1426.6
1400840 1425.4
1400850 1424.3
1400860 1424.3
1400870 1422.6
1400880 1420.0
1400890 1420.0
1400900 1416.0
1400910 1411.5
1400920 1411.5
1400930 1407.6
1400940 1402.9
1400950 1402.9
1400960 1397.8
1400970 1395.0
1400980 1395.0
1400990 1392.0
1401000 1387.1
1401010 1381.9
1401020 1381.9
1401030 1378.0
1401040 1374.5
1401050 1374.5
1401060 1372.4
1401070 1370.5
1401080 1370.5
1401090 1368.1
1401100 1365.5
1401110 1365.5
1401120 1361.9
1401130 1358.0
1401140 1358.0
1401150 1352.8
1401160 1346.5
1401170 1346.5
1401180 1340.0
1401190 1333.8
1401200 1333.8
1401210 1327.0
1401220 1320.8
1401230 1320.8
1401240 1316.3
1401250 1311.8
1401260 1311.8
1401270 1307.8
1401280 1305.3
1401290 1303.2
1401300 1303.2
1401310 1301.3
1401320 1298.1
1401330 1298.1
1401340 1294.8
1401350 1292.2
1401360 1292.2
1401370 1289.3
1401380 1287.9
1401390 1287.9
1401400 1287.3
1401410 1287.2
1401420 1287.2
1401430 1286.5
1401440 1284.8
1401450 1284.8
1401460 1281.9
1401470 1276.3
1401480 1276.3
1401490 1272.7
1401500 1270.3
1401510 1270.3
1401520 1268.0
1401530 1267.9
1401540 1267.9
1401550 1269.3
1401560 1271.6
1401570 1276.5
1401580 1276.5
1401590 1284.4
1401600 1291.9
1401610 1291.9
1401620 1299.7
1401630 1308.2
1401640 1308.2
1401650 1314.4
1401660 1320.5
1401670 1320.5
1401680 1326.4
1401690 1333.2
1401700 1333.2
1401710 1341.8
1401720 1349.2
1401730 1349.2
1401740 1352.4
1401750 1356.8
1401760 1356.8
1401770 1361.0
1401780 1365.4
1401790 1365.4
1401800 1369.0
1401810 1372.0
1401820 1372.0
1401830 1375.1
1401840 1378.6
1401850 1382.1
1401860 1382.1
1401870 1384.9
1401880 1388.1
1401890 1388.1
1401900 1391.8
1401910 1395.6
1401920 1395.6
1401930 1399.3
1401940 1402.3
1401950 1402.3
1401960 1404.0
1401970 1405.8
1401980 1405.8
1401990 1407.4
1402000 1409.2
1402010 1409.2
1402020 1411.7
1402030 1414.4
1402040 1414.4
1402050 1417.0
1402060 1420.1
1402070 1420.1
1402080 1424.6
1402090 1429.5
1402100 1429.5
1402110 1434.0
1402120 1437.7
1402130 1440.7
1402140 1440.7
1402150 1442.2
1402160 1442.7
1402170 1442.7
1402180 1442.6
1402190 1442.7
1402200 1442.7
1402210 1445.5
1402220 1448.6
1402230 1448.6
1402240 1451.5
1402250 1453.6
1402260 1453.6
1402270 1455.6
1402280 1457.3
1402290 1457.3
1402300 1457.9
1402310 1457.0
1402320 1457.0
1402330 1454.0
1402340 1450.3
1402350 1450.3
1402360 1448.0
1402370 1449.1
1402380 1449.1
1402390 1443.9
1402400 1435.8
1402410 1429.4
1402420 1429.4
1402430 1427.1
1402440 1425.5
1402450 1425.5
1402460 1421.7
1402470 1415.7
1402480 1415.7
1402490 1409.4
1402500 1402.6
1402510 1402.6
1402520 1394.8
1402530 1387.8
1402540 1387.8
1402550 1380.1
1402560 1373.9
1402570 1373.9
1402580 1375.4
1402590 1376.1
1402600 1376.1
1402610 1381.7
1402620 1387.9
1402630 1387.9
1402640 1393.8
1402650 1398.2
1402660 1398.2
1402670 1401.6
1402680 1404.8
1402690 1408.0
1402700 1408.0
1402710 1412.9
1402720 1419.4
1402730 1419.4
1402740 1426.1
1402750 1433.3
1402760 1433.3
1402770 1440.5
1402780 1445.3
1402790 1445.3
1402800 1450.0
1402810 1455.6
1402820 1455.6
1402830 1461.4
1402840 1467.0
1402850 1467.0
1402860 1472.9
1402870 1480.0
1402880 1480.0
1402890 1487.8
1402900 1494.5
1402910 1494.5
1402920 1501.5
1402930 1508.7
1402940 1508.7
1402950 1515.6
1402960 1522.4
1402970 1529.0
1402980 1529.0
1402990 1534.3
1403000 1539.8
1403010 1539.8
1403020 1545.6
1403030 1549.8
1403040 1549.8
1403050 1552.6
1403060 1556.3
1403070 1556.3
1403080 1561.5
1403090 1568.5
1403100 1568.5
1403110 1574.1
1403120 1581.3
1403130 1581.3
1403140 1589.6
1403150 1597.2
1403160 1597.2
1403170 1604.8
1403180 1610.1
1403190 1610.1
1403200 1613.0
1403210 1615.9
1403220 1615.9
1403230 1618.5
1403240 1621.1
1403250 1621.1
1403260 1623.4
1403270 1627.6
1403280 1630.8
1403290 1630.8
1403300 1633.9
1403310 1636.4
1403320 1636.4
1403330 1638.9
1403340 1641.9
1403350 1641.9
1403360 1645.6
1403370 1649.6
1403380 1649.6
1403390 1653.7
1403400 1657.4
1403410 1657.4
1403420 1660.2
1403430 1662.7
1403440 1662.7
1403450 1665.6
1403460 1668.9
1403470 1668.9
1403480 1672.6
1403490 1676.7
1403500 1676.7
1403510 1681.6
1403520 1687.3
1403530 1687.3
1403540 1695.0
1403550 1702.7
1403560 1708.8
1403570 1708.8
1403580 1714.6
1403590 1720.5
1403600 1720.5
1403610 1727.0
1403620 1733.2
1403630 1733.2
1403640 1740.6
1403650 1746.9
1403660 1746.9
1403670 1750.8
1403680 1752.7
1403690 1752.7
1403700 1754.6
1403710 1759.1
1403720 1759.1
1403730 1765.1
1403740 1771.9
1403750 1771.9
1403760 1779.9
1403770 1782.9
1403780 1782.9
1403790 1786.2
1403800 1790.3
1403810 1790.3
1403820 1793.8
1403830 1797.0
1403840 1801.6
1403850 1801.6
1403860 1807.5
1403870 1812.0
1403880 1812.0
1403890 1816.0
1403900 1821.2
1403910 1821.2
1403920 1826.6
1403930 1831.5
1403940 1831.5
1403950 1835.7
1403960 1839.2
1403970 1839.2
1403980 1842.9
1403990 1847.5
1404000 1847.5
1404010 1852.7
1404020 1856.0
1404030 1856.0
1404040 1858.0
1404050 1858.7
1404060 1858.7
1404070 1863.5
1404080 1870.6
1404090 1870.6
1404100 1876.0
1404110 1880.4
1404120 1885.7
1404130 1885.7
1404140 1892.3
1404150 1898.9
1404160 1898.9
1404170 1902.9
1404180 1907.2
1404190 1907.2
1404200 1910.7
1404210 1912.8
1404220 1912.8
1404230 1914.3
1404240 1918.2
1404250 1918.2
1404260 1921.8
1404270 1923.5
1404280 1923.5
1404290 1924.7
1404300 1926.3
1404310 1926.3
1404320 1928.7
1404330 1934.1
1404340 1934.1
1404350 1942.2
1404360 1951.6
1404370 1951.6
1404380 1958.5
1404390 1962.9
1404400 1967.2
1404410 1967.2
1404420 1972.1
1404430 1976.9
1404440 1976.9
1404450 1983.0
1404460 1988.2
1404470 1988.2
1404480 1992.3
1404490 1996.0
1404500 1996.0
1404510 1998.9
1404520 2000.4
1404530 2000.4
1404540 2002.2
1404550 2005.0
1404560 2005.0
1404570 2007.5
1404580 2009.7
1404590 2009.7
1404600 2011.8
1404610 2014.3
1404620 2014.3
1404630 2016.7
1404640 2018.6
1404650 2018.6
1404660 2020.3
1404670 2023.0
1404680 2024.8
1404690 2024.8
1404700 2025.6
1404710 2028.3
1404720 2028.3
1404730 2034.7
1404740 2042.0
1404750 2042.0
1404760 2049.6
1404770 2055.9
1404780 2055.9
1404790 2058.3
1404800 2059.1
1404810 2059.1
1404820 2062.3
1404830 2063.6
1404840 2063.6
1404850 2063.0
1404860 2062.4
1404870 2062.4
1404880 2062.6
1404890 2061.9
1404900 2061.9
1404910 2060.6
1404920 2058.6
1404930 2058.6
1404940 2056.6
1404950 2054.9
1404960 2052.9
1404970 2052.9
1404980 2050.8
1404990 2047.9
1405000 2047.9
1405010 2046.5
1405020 2044.7
1405030 2044.7
1405040 2042.9
1405050 2041.1
1405060 2041.1
1405070 2040.8
1405080 2041.5
1405090 2041.5
1405100 2042.7
1405110 2044.3
1405120 2044.3
1405130 2045.8
1405140 2046.7
1405150 2046.7
1405160 2046.1
1405170 2042.9
1405180 2042.9
1405190 2037.9
1405200 2028.9
1405210 2028.9
1405220 2019.2
1405230 2014.3
1405240 2008.5
1405250 2008.5
1405260 1998.9
1405270 1988.8
1405280 1988.8
1405290 1980.2
1405300 1973.1
1405310 1973.1
1405320 1967.0
1405330 1960.8
1405340 1960.8
1405350 1954.4
1405360 1949.1
1405370 1949.1
1405380 1942.5
1405390 1934.7
1405400 1934.7
1405410 1930.9
1405420 1924.5
1405430 1924.5
1405440 1918.8
1405450 1914.2
1405460 1914.2
1405470 1910.0
1405480 1904.3
1405490 1904.3
1405500 1902.3
1405510 1899.3
1405520 1893.7
1405530 1893.7
1405540 1886.4
1405550 1878.3
1405560 1878.3
1405570 1871.7
1405580 1867.0
1405590 1867.0
1405600 1864.2
1405610 1862.9
1405620 1862.9
1405630 1858.0
1405640 1851.5
1405650 1851.5
1405660 1845.9
1405670 1839.5
1405680 1839.5
1405690 1832.0
1405700 1825.0
1405710 1825.0
1405720 1819.5
1405730 1813.5
1405740 1813.5
1405750 1811.0
1405760 1807.2
1405770 1807.2
1405780 1806.3
1405790 1804.3
1405800 1799.9
1405810 1799.9
1405820 1793.9
1405830 1787.8
1405840 1787.8
1405850 1785.2
1405860 1779.7
1405870 1779.7
1405880 1774.6
1405890 1769.2
1405900 1769.2
1405910 1763.5
1405920 1757.8
1405930 1757.8
1405940 1752.9
1405950 1749.2
1405960 1749.2
1405970 1745.6
1405980 1741.0
1405990 1741.0
1406000 1737.6
1406010 1733.8
1406020 1733.8
1406030 1729.2
1406040 1724.8
1406050 1724.8
1406060 1720.6
1406070 1716.4
1406080 1714.6
1406090 1714.6
1406100 1713.2
1406110 1711.1
1406120 1711.1
1406130 1708.6
1406140 1707.2
1406150 1707.2
1406160 1704.5
1406170 1701.7
1406180 1701.7
1406190 1699.1
1406200 1695.4
1406210 1695.4
1406220 1691.6
1406230 1688.0
1406240 1688.0
1406250 1684.8
1406260 1681.6
1406270 1681.6
1406280 1678.0
1406290 1674.1
1406300 1674.1
1406310 1669.5
1406320 1665.3
1406330 1665.3
1406340 1661.6
1406350 1657.7
1406360 1657.7
1406370 1655.0
1406380 1652.5
1406390 1650.0
1406400 1650.0
1406410 1647.1
1406420 1644.7
1406430 1644.7
1406440 1642.4
1406450 1640.1
1406460 1640.1
1406470 1638.0
1406480 1635.8
1406490 1635.8
1406500 1634.1
1406510 1632.2
1406520 1632.2
1406530 1631.2
1406540 1630.5
1406550 1630.5
1406560 1629.5
1406570 1628.0
1406580 1628.0
1406590 1625.8
1406600 1622.8
1406610 1622.8
1406620 1618.7
1406630 1614.1
1406640 1614.1
1406650 1608.4
1406660 1603.5
1406670 1599.2
1406680 1599.2
1406690 1594.7
1406700 1589.7
1406710 1589.7
1406720 1583.7
1406730 1577.4
1406740 1577.4
1406750 1570.9
1406760 1563.6
1406770 1563.6
1406780 1556.2
1406790 1549.3
1406800 1549.3
1406810 1543.1
1406820 1537.3
1406830 1537.3
1406840 1532.0
1406850 1526.9
1406860 1526.9
1406870 1522.9
1406880 1520.7
1406890 1520.7
1406900 1518.2
1406910 1516.6
1406920 1516.6
1406930 1513.0
1406940 1509.3
1406950 1506.4
1406960 1506.4
1406970 1504.7
1406980 1502.6
1406990 1502.6
1407000 1499.3
1407010 1496.1
1407020 1496.1
1407030 1493.2
1407040 1491.5
1407050 1491.5
1407060 1486.4
1407070 1478.2
1407080 1478.2
1407090 1469.2
1407100 1457.9
1407110 1457.9
1407120 1447.7
1407130 1439.5
1407140 1439.5
1407150 1431.1
1407160 1431.1
1407170 1431.1
1407180 1433.9
1407190 1435.9
1407200 1435.9
1407210 1438.0
1407220 1441.8
1407230 1444.9
1407240 1444.9
1407250 1447.7
1407260 1446.8
1407270 1446.8
1407280 1444.6
1407290 1443.3
1407300 1443.3
1407310 1440.5
1407320 1436.8
1407330 1436.8
1407340 1432.5
1407350 1428.7
1407360 1428.7
1407370 1426.9
1407380 1424.9
1407390 1424.9
1407400 1422.2
1407410 1418.7
1407420 1418.7
1407430 1413.8
1407440 1407.4
1407450 1407.4
1407460 1401.7
1407470 1399.4
1407480 1399.4
1407490 1398.5
1407500 1398.0
1407510 1397.1
1407520 1397.1
1407530 1395.8
1407540 1394.4
1407550 1394.4
1407560 1392.9
1407570 1390.9
1407580 1390.9
1407590 1388.4
1407600 1386.4
1407610 1386.4
1407620 1383.8
1407630 1381.3
1407640 1381.3
1407650 1378.7
1407660 1375.4
1407670 1375.4
1407680 1372.7
1407690 1369.7
1407700 1369.7
1407710 1365.8
1407720 1361.5
1407730 1361.5
1407740 1357.1
1407750 1353.8
1407760 1353.8
1407770 1351.9
1407780 1349.4
1407790 1346.9
1407800 1346.9
1407810 1344.2
1407820 1339.6
1407830 1339.6
1407840 1334.4
1407850 1329.2
1407860 1329.2
1407870 1324.2
1407880 1320.9
1407890 1320.9
1407900 1317.2
1407910 1313.4
1407920 1313.4
1407930 1309.5
1407940 1305.8
1407950 1305.8
1407960 1302.4
1407970 1299.0
1407980 1299.0
1407990 1294.8
1408000 1290.3
1408010 1290.3
1408020 1285.1
1408030 1280.9
1408040 1280.9
1408050 1277.2
1408060 1273.2
1408070 1269.4
1408080 1269.4
1408090 1265.8
1408100 1262.4
1408110 1262.4
1408120 1259.3
1408130 1257.0
1408140 1257.0
1408150 1255.2
1408160 1253.1
1408170 1253.1
1408180 1249.3
1408190 1245.0
1408200 1245.0
1408210 1241.2
1408220 1238.6
1408230 1238.6
1408240 1236.3
1408250 1232.5
1408260 1232.5
1408270 1228.2
1408280 1224.3
1408290 1224.3
1408300 1220.1
1408310 1215.1
1408320 1215.1
1408330 1211.9
1408340 1209.2
1408350 1207.2
1408360 1207.2
1408370 1206.5
1408380 1205.8
1408390 1205.8
1408400 1205.2
1408410 1204.7
1408420 1204.7
1408430 1204.3
1408440 1203.6
1408450 1203.6
1408460 1202.5
1408470 1200.8
1408480 1200.8
1408490 1200.1
1408500 1199.7
1408510 1199.7
1408520 1199.0
1408530 1198.4
1408540 1198.4
1408550 1197.6
1408560 1195.8
1408570 1195.8
1408580 1194.5
1408590 1193.9
1408600 1193.9
1408610 1196.4
1408620 1199.8
1408630 1203.7
1408640 1203.7
1408650 1204.9
1408660 1205.6
1408670 1205.6
1408680 1202.8
1408690 1206.0
1408700 1206.0
1408710 1208.7
1408720 1208.0
1408730 1208.0
1408740 1212.5
1408750 1218.7
1408760 1218.7
1408770 1224.6
1408780 1227.3
1408790 1227.3
1408800 1228.0
1408810 1228.8
1408820 1228.8
1408830 1230.9
1408840 1233.5
1408850 1233.5
1408860 1237.9
1408870 1243.1
1408880 1243.1
1408890 1246.4
1408900 1247.8
1408910 1250.2
1408920 1250.2
1408930 1253.5
1408940 1255.9
1408950 1255.9
1408960 1256.9
1408970 1258.9
1408980 1258.9
1408990 1262.1
1409000 1263.9
1409010 1263.9
1409020 1265.3
1409030 1266.3
1409040 1266.3
1409050 1268.7
1409060 1271.1
1409070 1278.2
1409080 1280.2
1409090 1283.9
1409100 1283.9
1409110 1284.4
1409120 1287.9
1409130 1287.9
1409140 1295.6
1409150 1303.7
1409160 1303.7
1409170 1308.2
1409180 1308.6
1409190 1312.9
1409200 1312.9
1409210 1316.0
1409220 1318.1
1409230 1318.1
1409240 1319.1
1409250 1320.1
1409260 1320.1
1409270 1320.5
1409280 1319.5
1409290 1319.5
1409300 1318.0
1409310 1316.6
1409320 1316.6
1409330 1316.7
1409340 1316.1
1409350 1316.1
1409360 1315.7
1409370 1316.3
1409380 1316.3
1409390 1316.6
1409400 1317.3
1409410 1317.3
1409420 1319.4
1409430 1321.1
1409440 1321.1
1409450 1322.2
1409460 1324.0
1409470 1325.5
1409480 1325.5
1409490 1326.5
1409500 1327.7
1409510 1327.7
1409520 1328.0
1409530 1326.1
1409540 1326.1
1409550 1320.5
1409560 1310.4
1409570 1310.4
1409580 1311.5
1409590 1317.4
1409600 1317.4
1409610 1324.6
1409620 1332.4
1409630 1332.4
1409640 1342.4
1409650 1350.5
1409660 1350.5
1409670 1353.8
1409680 1355.2
1409690 1355.2
1409700 1359.5
1409710 1365.2
1409720 1365.2
1409730 1369.6
1409740 1372.4
1409750 1372.4
1409760 1375.0
1409770 1377.5
1409780 1380.3
1409790 1380.3
1409800 1383.0
1409810 1386.1
1409820 1386.1
1409830 1389.5
1409840 1393.1
1409850 1393.1
1409860 1397.1
1409870 1400.3
1409880 1400.3
1409890 1403.4
1409900 1407.6
1409910 1407.6
1409920 1412.2
1409930 1416.1
1409940 1416.1
1409950 1418.7
1409960 1422.7
1409970 1422.7
1409980 1427.1
1409990 1431.0
1410000 1431.0
1410010 1435.4
1410020 1440.7
1410030 1440.7
1410040 1446.4
1410050 1451.3
1410060 1456.2
1410070 1456.2
1410080 1461.3
1410090 1466.5
1410100 1466.5
1410110 1471.7
1410120 1477.4
1410130 1477.4
1410140 1483.2
1410150 1488.6
1410160 1488.6
1410170 1493.3
1410180 1497.2
1410190 1497.2
1410200 1500.6
1410210 1503.5
1410220 1503.5
1410230 1505.3
1410240 1504.2
1410250 1504.2
1410260 1501.4
1410270 1498.9
1410280 1498.9
1410290 1497.5
1410300 1495.3
1410310 1495.3
1410320 1492.4
1410330 1489.1
1410340 1485.5
1410350 1485.5
1410360 1479.2
1410370 1483.3
1410380 1483.3
1410390 1484.9
1410400 1479.2
1410410 1479.2
1410420 1468.9
1410430 1473.4
1410440 1473.4
1410450 1479.4
1410460 1483.2
1410470 1483.2
1410480 1488.0
1410490 1492.5
1410500 1492.5
1410510 1497.0
1410520 1501.8
1410530 1501.8
1410540 1506.7
1410550 1511.5
1410560 1511.5
1410570 1516.8
1410580 1521.4
1410590 1521.4
1410600 1523.9
1410610 1526.8
1410620 1533.5
1410630 1533.5
1410640 1541.1
1410650 1548.9
1410660 1548.9
1410670 1557.2
1410680 1564.8
1410690 1564.8
1410700 1571.9
1410710 1579.3
1410720 1579.3
1410730 1586.3
1410740 1593.1
1410750 1593.1
1410760 1600.8
1410770 1608.0
1410780 1608.0
1410790 1613.4
1410800 1617.3
1410810 1617.3
1410820 1618.9
1410830 1617.3
1410840 1617.3
1410850 1614.6
1410860 1611.8
1410870 1611.8
1410880 1608.4
1410890 1605.2
1410900 1601.2
1410910 1601.2
1410920 1602.4
1410930 1608.2
1410940 1608.2
1410950 1613.3
1410960 1616.9
1410970 1616.9
1410980 1619.7
1410990 1623.4
1411000 1623.4
1411010 1626.5
1411020 1629.3
1411030 1629.3
1411040 1630.7
1411050 1630.7
1411060 1630.7
1411070 1629.4
1411080 1626.1
1411090 1626.1
1411100 1622.4
1411110 1617.9
1411120 1617.9
1411130 1615.2
1411140 1620.8
1411150 1620.8
1411160 1627.0
1411170 1633.3
1411180 1638.1
1411190 1638.1
1411200 1641.9
1411210 1641.2
1411220 1641.2
1411230 1638.9
1411240 1639.8
1411250 1639.8
1411260 1640.9
1411270 1640.8
1411280 1640.8
1411290 1635.7
1411300 1627.4
1411310 1627.4
1411320 1621.8
1411330 1618.6
1411340 1618.6
1411350 1614.3
1411360 1607.5
1411370 1607.5
1411380 1599.4
1411390 1591.6
1411400 1591.6
1411410 1583.8
1411420 1576.9
1411430 1576.9
1411440 1571.5
1411450 1566.0
1411460 1561.7
1411470 1561.7
1411480 1557.2
1411490 1552.5
1411500 1552.5
1411510 1546.3
1411520 1539.4
1411530 1539.4
1411540 1534.4
1411550 1529.4
1411560 1529.4
1411570 1522.9
1411580 1516.0
1411590 1516.0
1411600 1510.8
1411610 1506.1
1411620 1506.1
1411630 1501.9
1411640 1500.9
1411650 1500.9
1411660 1499.6
1411670 1498.0
1411680 1498.0
1411690 1494.5
1411700 1488.2
1411710 1488.2
1411720 1482.0
1411730 1474.9
1411740 1468.7
1411750 1468.7
1411760 1462.4
1411770 1456.6
1411780 1456.6
1411790 1452.3
1411800 1446.7
1411810 1446.7
1411820 1440.1
1411830 1435.8
1411840 1435.8
1411850 1429.4
1411860 1421.1
1411870 1421.1
1411880 1416.4
1411890 1413.4
1411900 1413.4
1411910 1409.8
1411920 1405.5
1411930 1405.5
1411940 1401.3
1411950 1398.8
1411960 1398.8
1411970 1399.0
1411980 1396.5
1411990 1396.5
1412000 1392.2
1412010 1388.7
1412020 1385.8
1412030 1385.8
1412040 1381.9
1412050 1378.3
1412060 1378.3
1412070 1374.6
1412080 1371.1
1412090 1371.1
1412100 1366.0
1412110 1359.3
1412120 1359.3
1412130 1351.0
1412140 1339.6
1412150 1339.6
1412160 1328.5
1412170 1319.6
1412180 1319.6
1412190 1312.3
1412200 1305.9
1412210 1305.9
1412220 1301.0
1412230 1295.8
1412240 1295.8
1412250 1289.0
1412260 1284.5
1412270 1284.5
1412280 1279.2
1412290 1274.0
1412300 1267.9
1412310 1267.9
1412320 1262.5
1412330 1257.3
1412340 1257.3
1412350 1250.1
1412360 1242.6
1412370 1242.6
1412380 1235.7
1412390 1229.7
1412400 1229.7
1412410 1222.4
1412420 1214.6
1412430 1214.6
1412440 1206.7
1412450 1201.1
1412460 1201.1
1412470 1200.0
1412480 1202.5
1412490 1202.5
1412500 1206.5
1412510 1216.1
1412520 1216.1
1412530 1220.8
1412540 1225.1
1412550 1225.1
1412560 1231.0
1412570 1234.1
1412580 1235.7
1412590 1235.7
1412600 1237.4
1412610 1240.0
1412620 1240.0
1412630 1243.0
1412640 1247.1
1412650 1247.1
1412660 1249.5
1412670 1251.5
1412680 1251.5
1412690 1253.8
1412700 1255.6
1412710 1255.6
1412720 1257.3
1412730 1259.3
1412740 1259.3
1412750 1261.4
1412760 1263.3
1412770 1263.3
1412780 1265.8
1412790 1269.9
1412800 1269.9
1412810 1276.3
1412820 1280.7
1412830 1280.7
1412840 1284.1
1412850 1285.7
1412860 1287.6
1412870 1287.6
1412880 1289.6
1412890 1292.1
1412900 1292.1
1412910 1295.4
1412920 1298.0
1412930 1298.0
1412940 1299.2
1412950 1293.5
1412960 1293.5
1412970 1297.5
1412980 1304.9
1412990 1304.9
1413000 1310.3
1413010 1315.4
1413020 1315.4
1413030 1317.4
1413040 1321.0
1413050 1321.0
1413060 1327.3
1413070 1332.2
1413080 1332.2
1413090 1335.7
1413100 1338.8
1413110 1338.8
1413120 1341.7
1413130 1343.7
1413140 1347.3
1413150 1347.3
1413160 1352.1
1413170 1355.6
1413180 1355.6
1413190 1357.6
1413200 1359.9
1413210 1359.9
1413220 1362.9
1413230 1365.9
1413240 1365.9
1413250 1367.6
1413260 1367.5
1413270 1367.5
1413280 1367.2
1413290 1367.5
1413300 1367.5
1413310 1369.7
1413320 1372.1
1413330 1372.1
1413340 1373.3
1413350 1377.3
1413360 1377.3
1413370 1381.3
1413380 1384.1
1413390 1384.1
1413400 1386.1
1413410 1389.2
1413420 1391.9
1413430 1391.9
1413440 1393.7
1413450 1394.5
1413460 1394.5
1413470 1395.1
1413480 1395.1
1413490 1395.1
1413500 1395.7
1413510 1395.3
1413520 1395.3
1413530 1394.1
1413540 1391.3
1413550 1391.3
1413560 1386.5
1413570 1390.1
1413580 1390.1
1413590 1397.1
1413600 1403.3
1413610 1403.3
1413620 1409.3
1413630 1414.9
1413640 1414.9
1413650 1419.7
1413660 1423.0
1413670 1423.0
1413680 1422.9
1413690 1421.6
1413700 1422.4
1413710 1422.4
1413720 1420.9
1413730 1423.4
1413740 1423.4
1413750 1424.4
1413760 1423.4
1413770 1423.4
1413780 1422.1
1413790 1421.5
1413800 1421.5
1413810 1420.2
1413820 1416.8
1413830 1416.8
1413840 1416.3
1413850 1426.5
1413860 1426.5
1413870 1433.8
1413880 1440.3
1413890 1440.3
1413900 1447.7
1413910 1454.9
1413920 1454.9
1413930 1460.7
1413940 1465.6
1413950 1465.6
1413960 1470.5
1413970 1475.0
1413980 1475.0
1413990 1480.4
1414000 1486.3
1414010 1490.5
1414020 1490.5
1414030 1494.8
1414040 1499.2
1414050 1499.2
1414060 1502.6
1414070 1507.1
1414080 1507.1
1414090 1513.6
1414100 1519.7
1414110 1519.7
1414120 1522.8
1414130 1528.1
1414140 1528.1
1414150 1533.3
1414160 1539.1
1414170 1539.1
1414180 1545.5
1414190 1549.7
1414200 1549.7
1414210 1554.4
1414220 1557.9
1414230 1557.9
1414240 1561.2
1414250 1565.0
1414260 1565.0
1414270 1569.0
1414280 1573.4
1414290 1576.2
1414300 1580.5
1414310 1584.8
1414320 1588.6
1414330 1588.6
1414340 1592.8
1414350 1595.2
1414360 1595.2
1414370 1596.6
1414380 1598.5
1414390 1598.5
1414400 1602.1
1414410 1607.7
1414420 1607.7
1414430 1613.6
1414440 1620.3
1414450 1620.3
1414460 1625.8
1414470 1627.2
1414480 1627.2
1414490 1625.3
1414500 1624.6
1414510 1624.6
1414520 1625.4
1414530 1623.9
1414540 1623.9
1414550 1619.4
1414560 1613.7
1414570 1607.6
1414580 1607.6
1414590 1601.8
1414600 1595.9
1414610 1595.9
1414620 1589.4
1414630 1583.4
1414640 1583.4
1414650 1576.9
1414660 1570.0
1414670 1570.0
1414680 1564.0
1414690 1558.5
1414700 1558.5
1414710 1553.3
1414720 1547.9
1414730 1547.9
1414740 1543.0
1414750 1538.3
1414760 1538.3
1414770 1533.6
1414780 1528.2
1414790 1528.2
1414800 1522.6
1414810 1516.7
1414820 1516.7
1414830 1510.2
1414840 1504.5
1414850 1498.1
1414860 1498.1
1414870 1492.0
1414880 1486.4
1414890 1486.4
1414900 1481.1
1414910 1476.7
1414920 1476.7
1414930 1471.5
1414940 1466.2
1414950 1466.2
1414960 1461.0
1414970 1456.3
1414980 1456.3
1414990 1452.2
1415000 1449.7
1415010 1449.7
1415020 1446.7
1415030 1442.9
1415040 1442.9
1415050 1438.6
1415060 1434.0
1415070 1434.0
1415080 1429.1
1415090 1423.7
1415100 1423.7
1415110 1417.7
1415120 1412.2
1415130 1407.1
1415140 1407.1
1415150 1402.0
1415160 1396.6
1415170 1396.6
1415180 1391.3
1415190 1386.5
1415200 1386.5
1415210 1382.1
1415220 1377.9
1415230 1377.9
1415240 1372.9
1415250 1368.4
1415260 1368.4
1415270 1363.6
1415280 1358.2
1415290 1358.2
1415300 1352.5
1415310 1347.3
1415320 1347.3
1415330 1343.8
1415340 1339.9
1415350 1339.9
1415360 1337.9
1415370 1333.9
1415380 1333.9
1415390 1328.0
1415400 1322.0
1415410 1315.6
1415420 1315.6
1415430 1309.2
1415440 1303.4
1415450 1303.4
1415460 1297.3
1415470 1290.8
1415480 1290.8
1415490 1285.0
1415500 1279.6
1415510 1279.6
1415520 1274.3
1415530 1268.4
1415540 1268.4
1415550 1262.7
1415560 1255.9
1415570 1255.9
1415580 1249.3
1415590 1242.8
1415600 1242.8
1415610 1235.9
1415620 1228.9
1415630 1228.9
1415640 1222.1
1415650 1215.4
1415660 1215.4
1415670 1208.6
1415680 1202.3
1415690 1196.4
1415700 1196.4
1415710 1190.2
1415720 1183.1
1415730 1183.1
1415740 1177.4
1415750 1170.9
1415760 1170.9
1415770 1165.3
1415780 1159.1
1415790 1159.1
1415800 1153.1
1415810 1149.0
1415820 1149.0
1415830 1142.7
1415840 1135.2
1415850 1135.2
1415860 1127.1
1415870 1121.4
1415880 1121.4
1415890 1116.2
1415900 1110.0
1415910 1110.0
1415920 1104.5
1415930 1100.1
1415940 1100.1
1415950 1096.1
1415960 1093.6
1415970 1090.3
1415980 1090.3
1415990 1085.2
1416000 1078.5
1416010 1078.5
1416020 1070.5
1416030 1062.3
1416040 1062.3
1416050 1054.6
1416060 1047.4
1416070 1047.4
1416080 1039.9
1416090 1032.6
1416100 1032.6
1416110 1027.4
1416120 1021.9
1416130 1024.4
1416140 1017.6
1416150 1010.0
1416160 1010.0
1416170 1003.7
1416180 997.8
1416190 997.8
1416200 1000.4
1416210 1004.5
1416220 1004.5
1416230 1004.7
1416240 1007.9
1416250 1012.0
1416260 1012.0
1416270 1013.0
1416280 1016.5
1416290 1016.5
1416300 1023.1
1416310 1027.4
1416320 1027.4
1416330 1032.7
1416340 1039.7
1416350 1039.7
1416360 1047.5
1416370 1055.7
1416380 1055.7
1416390 1062.2
1416400 1067.4
1416410 1067.4
1416420 1072.7
1416430 1077.9
1416440 1077.9
1416450 1082.7
1416460 1085.8
1416470 1085.8
1416480 1087.7
1416490 1088.4
1416500 1088.4
1416510 1087.5
1416520 1085.3
1416530 1085.4
1416540 1085.4
1416550 1090.4
1416560 1096.4
1416570 1096.4
1416580 1100.2
1416590 1103.7
1416600 1103.7
1416610 1107.5
1416620 1112.6
1416630 1112.6
1416640 1118.5
1416650 1123.7
1416660 1123.7
1416670 1130.3
1416680 1136.7
1416690 1136.7
1416700 1140.9
1416710 1144.3
1416720 1144.3
1416730 1148.9
1416740 1154.7
1416750 1154.7
1416760 1160.3
1416770 1164.7
1416780 1164.7
1416790 1168.6
1416800 1173.9
1416810 1180.2
1416820 1180.2
1416830 1187.0
1416840 1192.9
1416850 1192.9
1416860 1196.5
1416870 1200.0
1416880 1200.0
1416890 1204.4
1416900 1208.9
1416910 1208.9
1416920 1213.5
1416930 1217.6
1416940 1217.6
1416950 1220.9
1416960 1224.0
1416970 1224.0
1416980 1229.4
1416990 1236.9
1417000 1236.9
1417010 1243.2
1417020 1248.3
1417030 1248.3
1417040 1253.9
1417050 1260.0
1417060 1260.0
1417070 1264.2
1417080 1267.3
1417090 1271.0
1417100 1271.0
1417110 1275.3
1417120 1280.8
1417130 1280.8
1417140 1286.4
1417150 1291.7
1417160 1291.7
1417170 1296.6
1417180 1301.6
1417190 1301.6
1417200 1306.1
1417210 1309.4
1417220 1309.4
1417230 1313.0
1417240 1317.4
1417250 1317.4
1417260 1319.6
1417270 1322.7
1417280 1322.7
1417290 1325.5
1417300 1328.2
1417310 1328.2
1417320 1330.7
1417330 1332.6
1417340 1332.6
1417350 1334.4
1417360 1336.0
1417370 1338.0
1417380 1338.0
1417390 1340.5
1417400 1343.4
1417410 1343.4
1417420 1346.8
1417430 1350.6
1417440 1350.6
1417450 1355.2
1417460 1360.9
1417470 1360.9
1417480 1364.9
1417490 1368.7
1417500 1368.7
1417510 1372.5
1417520 1376.7
1417530 1376.7
1417540 1380.1
1417550 1383.3
1417560 1383.3
1417570 1386.6
1417580 1390.5
1417590 1390.5
1417600 1395.5
1417610 1401.5
1417620 1401.5
1417630 1406.7
1417640 1411.1
1417650 1417.7
1417660 1417.7
1417670 1423.7
1417680 1429.1
1417690 1429.1
1417700 1435.6
1417710 1443.3
1417720 1443.3
1417730 1450.0
1417740 1455.3
1417750 1455.3
1417760 1460.6
1417770 1466.2
1417780 1466.2
1417790 1472.8
1417800 1479.2
1417810 1479.2
1417820 1485.8
1417830 1491.9
1417840 1491.9
1417850 1497.7
1417860 1502.7
1417870 1502.7
1417880 1508.0
1417890 1513.8
1417900 1513.8
1417910 1518.7
1417920 1521.5
1417930 1521.5
1417940 1525.5
1417950 1527.4
1417960 1527.9
1417970 1527.9
1417980 1527.8
1417990 1524.5
1418000 1524.5
1418010 1517.3
1418020 1512.5
1418030 1512.5
1418040 1505.5
1418050 1497.5
1418060 1497.5
1418070 1489.2
1418080 1481.2
1418090 1481.2
1418100 1473.7
1418110 1466.7
1418120 1466.7
1418130 1460.2
1418140 1453.6
1418150 1453.6
1418160 1446.5
1418170 1439.1
1418180 1439.1
1418190 1433.4
1418200 1426.7
1418210 1426.7
1418220 1418.6
1418230 1411.5
1418240 1404.8
1418250 1404.8
1418260 1398.7
1418270 1392.4
1418280 1392.4
1418290 1385.7
1418300 1379.2
1418310 1379.2
1418320 1373.1
1418330 1365.9
1418340 1365.9
1418350 1356.3
1418360 1354.8
1418370 1354.8
1418380 1360.4
1418390 1362.2
1418400 1362.2
1418410 1361.8
1418420 1360.8
1418430 1360.8
1418440 1359.8
1418450 1358.9
1418460 1358.9
1418470 1358.1
1418480 1357.9
1418490 1357.9
1418500 1357.6
1418510 1356.7
1418520 1355.2
1418530 1355.2
1418540 1352.0
1418550 1347.2
1418560 1347.2
1418570 1341.7
1418580 1335.5
1418590 1335.5
1418600 1332.0
1418610 1329.0
1418620 1329.0
1418630 1325.3
1418640 1320.9
1418650 1320.9
1418660 1316.4
1418670 1311.4
1418680 1311.4
1418690 1306.2
1418700 1301.2
1418710 1301.2
1418720 1294.9
1418730 1290.6
1418740 1290.6
1418750 1284.7
1418760 1275.9
1418770 1275.9
1418780 1267.8
1418790 1260.7
1418800 1253.7
1418810 1253.7
1418820 1240.3
1418830 1231.6
1418840 1231.6
1418850 1225.7
1418860 1229.1
1418870 1229.1
1418880 1241.7
1418890 1253.7
1418900 1253.7
1418910 1263.0
1418920 1271.2
1418930 1271.2
1418940 1277.8
1418950 1282.8
1418960 1282.8
1418970 1287.9
1418980 1292.9
1418990 1292.9
1419000 1298.5
1419010 1305.5
1419020 1305.5
1419030 1312.4
1419040 1318.9
1419050 1318.9
1419060 1325.2
1419070 1331.2
1419080 1337.2
1419090 1337.2
1419100 1343.6
1419110 1350.0
1419120 1350.0
1419130 1356.5
1419140 1363.2
1419150 1363.2
1419160 1369.5
1419170 1376.1
1419180 1376.1
1419190 1382.7
1419200 1389.2
1419210 1389.2
1419220 1395.7
1419230 1402.0
1419240 1402.0
1419250 1407.9
1419260 1413.5
1419270 1413.5
1419280 1418.6
1419290 1423.8
1419300 1423.8
1419310 1428.4
1419320 1432.2
1419330 1432.2
1419340 1436.7
1419350 1442.0
1419360 1447.5
1419370 1447.5
1419380 1452.1
1419390 1457.2
1419400 1457.2
1419410 1461.7
1419420 1466.4
1419430 1466.4
1419440 1469.7
1419450 1474.7
1419460 1474.7
1419470 1479.7
1419480 1484.6
1419490 1484.6
1419500 1489.4
1419510 1494.2
1419520 1494.2
1419530 1497.5
1419540 1501.5
1419550 1501.5
1419560 1507.4
1419570 1513.7
1419580 1513.7
1419590 1520.1
1419600 1526.1
1419610 1526.1
1419620 1532.0
1419630 1538.0
1419640 1544.3
1419650 1544.3
1419660 1550.7
1419670 1557.1
1419680 1557.1
1419690 1563.8
1419700 1570.9
1419710 1570.9
1419720 1577.4
1419730 1584.1
1419740 1584.1
1419750 1590.6
1419760 1596.7
1419770 1596.7
1419780 1603.1
1419790 1609.4
1419800 1609.4
1419810 1615.4
1419820 1621.1
1419830 1621.1
1419840 1626.5
1419850 1632.7
1419860 1632.7
1419870 1640.7
1419880 1646.8
1419890 1646.8
1419900 1652.0
1419910 1655.4
1419920 1658.5
1419930 1658.5
1419940 1660.8
1419950 1661.8
1419960 1661.8
1419970 1661.9
1419980 1657.2
1419990 1657.2
