1400000 1556.8
1400010 1556.8
1400020 1554.6
1400030 1552.6
1400040 1552.6
1400050 1550.5
1400060 1548.0
1400070 1548.0
1400080 1544.7
1400090 1540.7
1400100 1536.5
1400110 1536.5
1400120 1532.8
1400130 1529.5
1400140 1529.5
1400150 1526.6
1400160 1524.3
1400170 1524.3
1400180 1522.5
1400190 1520.8
1400200 1520.8
1400210 1519.7
1400220 1519.3
1400230 1519.3
1400240 1518.8
1400250 1518.1
1400260 1518.1
1400270 1516.7
1400280 1514.0
1400290 1514.0
1400300 1512.7
1400310 1511.7
1400320 1511.7
1400330 1508.7
1400340 1505.4
1400350 1505.4
1400360 1501.9
1400370 1497.3
1400380 1492.6
1400390 1492.6
1400400 1487.9
1400410 1482.8
1400420 1482.8
1400430 1477.2
1400440 1472.3
1400450 1472.3
1400460 1469.5
1400470 1466.2
1400480 1466.2
1400490 1462.5
1400500 1458.6
1400510 1458.6
1400520 1454.7
1400530 1451.1
1400540 1451.1
1400550 1446.9
1400560 1444.3
1400570 1444.3
1400580 1443.3
1400590 1440.8
1400600 1440.8
1400610 1438.3
1400620 1435.3
1400630 1435.3
1400640 1432.3
1400650 1429.8
1400660 1427.6
1400670 1427.6
1400680 1425.3
1400690 1423.0
1400700 1423.0
1400710 1421.2
1400720 1420.4
1400730 1420.4
1400740 1419.9
1400750 1419.4
1400760 1419.4
1400770 1420.0
1400780 1419.3
1400790 1419.3
1400800 1417.3
1400810 1414.7
1400820 1414.7
1400830 1412.2
1400840 1408.7
1400850 1408.7
1400860 1403.9
1400870 1397.6
1400880 1397.6
1400890 1392.6
1400900 1389.9
1400910 1389.9
1400920 1387.7
1400930 1383.7
1400940 1378.9
1400950 1378.7
1400960 1373.6
1400970 1369.0
1400980 1369.0
1400990 1365.0
1401000 1361.6
1401010 1361.6
1401020 1358.5
1401030 1355.6
1401040 1355.6
1401050 1352.9
1401060 1349.8
1401070 1349.8
1401080 1347.2
1401090 1345.9
1401100 1345.9
1401110 1345.0
1401120 1344.4
1401130 1344.4
1401140 1343.8
1401150 1343.5
1401160 1343.5
1401170 1343.3
1401180 1341.8
1401190 1341.8
1401200 1339.5
1401210 1336.8
1401220 1331.8
1401230 1331.8
1401240 1327.7
1401250 1325.3
1401260 1325.3
1401270 1322.9
1401280 1318.2
1401290 1318.2
1401300 1314.3
1401310 1311.7
1401320 1311.7
1401330 1306.3
1401340 1298.3
1401350 1298.3
1401360 1292.5
1401370 1292.8
1401380 1292.8
1401390 1291.8
1401400 1295.3
1401410 1295.3
1401420 1303.5
1401430 1312.4
1401440 1312.4
1401450 1320.8
1401460 1323.0
1401470 1323.0
1401480 1326.0
1401490 1331.9
1401500 1339.8
1401510 1339.8
1401520 1347.8
1401530 1354.7
1401540 1354.7
1401550 1360.2
1401560 1365.5
1401570 1365.5
1401580 1371.3
1401590 1377.4
1401600 1377.4
1401610 1382.4
1401620 1387.1
1401630 1387.1
1401640 1391.2
1401650 1394.8
1401660 1394.8
1401670 1400.0
1401680 1404.3
1401690 1404.3
1401700 1408.2
1401710 1411.6
1401720 1411.6
1401730 1414.6
1401740 1418.7
1401750 1418.7
1401760 1423.2
1401770 1427.7
1401780 1431.3
1401790 1431.3
1401800 1433.3
1401810 1435.3
1401820 1435.3
1401830 1439.3
1401840 1444.3
1401850 1444.3
1401860 1449.4
1401870 1454.4
1401880 1454.4
1401890 1459.4
1401900 1464.5
1401910 1464.5
1401920 1470.0
1401930 1475.4
1401940 1475.4
1401950 1479.8
1401960 1484.5
1401970 1484.5
1401980 1488.7
1401990 1492.5
1402000 1492.5
1402010 1495.9
1402020 1499.4
1402030 1499.4
1402040 1503.2
1402050 1505.7
1402060 1507.5
1402070 1507.5
1402080 1508.8
1402090 1510.0
1402100 1510.0
1402110 1511.8
1402120 1514.1
1402130 1514.1
1402140 1516.8
1402150 1519.5
1402160 1519.5
1402170 1523.7
1402180 1528.4
1402190 1528.4
1402200 1531.9
1402210 1534.8
1402220 1534.8
1402230 1539.0
1402240 1543.6
1402250 1543.6
1402260 1546.9
1402270 1549.1
1402280 1549.1
1402290 1551.1
1402300 1552.2
1402310 1552.2
1402320 1553.0
1402330 1554.6
1402340 1556.1
1402350 1556.1
1402360 1557.7
1402370 1556.2
1402380 1556.2
1402390 1556.6
1402400 1560.0
1402410 1560.0
1402420 1563.7
1402430 1563.9
1402440 1563.9
1402450 1563.9
1402460 1560.1
1402470 1560.1
1402480 1553.6
1402490 1546.2
1402500 1548.3
1402510 1540.8
1402520 1533.2
1402530 1533.2
1402540 1525.8
1402550 1519.1
1402560 1519.1
1402570 1515.1
1402580 1511.2
1402590 1511.2
1402600 1507.2
1402610 1506.2
1402620 1506.2
1402630 1505.5
1402640 1503.0
1402650 1500.4
1402660 1500.4
1402670 1497.9
1402680 1494.8
1402690 1494.8
1402700 1491.3
1402710 1487.4
1402720 1487.4
1402730 1483.0
1402740 1478.1
1402750 1478.1
1402760 1472.4
1402770 1466.1
1402780 1466.1
1402790 1458.3
1402800 1451.7
1402810 1451.7
1402820 1452.1
1402830 1457.1
1402840 1457.1
1402850 1461.0
1402860 1465.1
1402870 1465.1
1402880 1470.5
1402890 1476.6
1402900 1476.6
1402910 1483.2
1402920 1489.8
1402930 1497.2
1402940 1497.2
1402950 1504.2
1402960 1511.7
1402970 1511.7
1402980 1518.9
1402990 1525.7
1403000 1525.7
1403010 1532.7
1403020 1540.1
1403030 1540.1
1403040 1545.9
1403050 1551.9
1403060 1551.9
1403070 1557.7
1403080 1563.3
1403090 1563.3
1403100 1569.3
1403110 1576.2
1403120 1576.2
1403130 1582.9
1403140 1590.4
1403150 1590.4
1403160 1597.4
1403170 1604.9
1403180 1604.9
1403190 1608.6
1403200 1611.0
1403210 1614.7
1403220 1614.7
1403230 1619.3
1403240 1624.3
1403250 1624.3
1403260 1629.1
1403270 1633.2
1403280 1633.2
1403290 1636.5
1403300 1639.1
1403310 1639.1
1403320 1642.1
1403330 1647.1
1403340 1647.1
1403350 1652.4
1403360 1656.6
1403370 1656.6
1403380 1661.4
1403390 1665.4
1403400 1665.4
1403410 1669.9
1403420 1674.7
1403430 1674.7
1403440 1679.8
1403450 1686.0
1403460 1686.0
1403470 1693.1
1403480 1699.6
1403490 1705.3
1403500 1705.3
1403510 1709.2
1403520 1713.6
1403530 1713.6
1403540 1717.3
1403550 1720.5
1403560 1720.5
1403570 1725.4
1403580 1731.1
1403590 1731.1
1403600 1735.7
1403610 1740.3
1403620 1740.3
1403630 1744.9
1403640 1748.9
1403650 1748.9
1403660 1752.6
1403670 1756.1
1403680 1756.1
1403690 1759.3
1403700 1763.2
1403710 1763.2
1403720 1768.9
1403730 1775.0
1403740 1775.0
1403750 1780.4
1403760 1785.3
1403770 1790.3
1403780 1790.3
1403790 1795.3
1403800 1799.4
1403810 1799.4
1403820 1804.2
1403830 1808.6
1403840 1808.6
1403850 1813.9
1403860 1819.5
1403870 1819.5
1403880 1824.3
1403890 1829.5
1403900 1829.5
1403910 1835.1
1403920 1840.5
1403930 1840.5
1403940 1846.3
1403950 1851.9
1403960 1851.9
1403970 1856.4
1403980 1860.8
1403990 1860.8
1404000 1865.0
1404010 1867.8
1404020 1867.8
1404030 1870.9
1404040 1874.4
1404050 1878.2
1404060 1878.1
1404070 1881.5
1404080 1885.3
1404090 1885.3
1404100 1890.1
1404110 1893.8
1404120 1893.8
1404130 1897.7
1404140 1900.9
1404150 1900.9
1404160 1904.0
1404170 1907.1
1404180 1907.1
1404190 1909.4
1404200 1911.6
1404210 1911.6
1404220 1916.0
1404230 1920.6
1404240 1920.6
1404250 1924.8
1404260 1929.0
1404270 1929.0
1404280 1932.1
1404290 1934.0
1404300 1934.0
1404310 1936.0
1404320 1938.0
1404330 1940.1
1404340 1940.1
1404350 1941.8
1404360 1942.5
1404370 1942.5
1404380 1943.0
1404390 1942.9
1404400 1942.9
1404410 1943.1
1404420 1944.8
1404430 1944.8
1404440 1945.0
1404450 1945.0
1404460 1945.0
1404470 1945.5
1404480 1946.7
1404490 1946.7
1404500 1949.9
1404510 1954.3
1404520 1954.3
1404530 1958.9
1404540 1963.7
1404550 1963.7
1404560 1966.3
1404570 1965.3
1404580 1965.3
1404590 1960.1
1404600 1953.5
1404610 1947.5
1404620 1947.5
1404630 1942.6
1404640 1938.5
1404650 1938.5
1404660 1935.2
1404670 1932.2
1404680 1932.2
1404690 1928.9
1404700 1926.2
1404710 1926.2
1404720 1925.2
1404730 1924.0
1404740 1924.0
1404750 1923.6
1404760 1923.0
1404770 1923.0
1404780 1924.0
1404790 1925.4
1404800 1925.4
1404810 1926.8
1404820 1928.2
1404830 1928.2
1404840 1930.1
1404850 1933.1
1404860 1933.1
1404870 1936.6
1404880 1940.2
1404890 1943.9
1404900 1943.9
1404910 1947.5
1404920 1951.1
1404930 1951.1
1404940 1954.7
1404950 1957.2
1404960 1957.2
1404970 1958.9
1404980 1959.1
1404990 1959.1
1405000 1958.3
1405010 1957.3
1405020 1957.3
1405030 1953.9
1405040 1953.0
1405050 1953.0
1405060 1952.1
1405070 1950.4
1405080 1950.4
1405090 1950.5
1405100 1951.5
1405110 1951.5
1405120 1951.2
1405130 1950.8
1405140 1950.8
1405150 1950.1
1405160 1950.2
1405170 1949.8
1405180 1949.8
1405190 1948.8
1405200 1948.6
1405210 1948.6
1405220 1948.3
1405230 1947.6
1405240 1947.6
1405250 1944.8
1405260 1942.0
1405270 1942.0
1405280 1938.9
1405290 1936.2
1405300 1936.2
1405310 1933.7
1405320 1931.1
1405330 1931.1
1405340 1928.7
1405350 1926.7
1405360 1926.7
1405370 1924.5
1405380 1921.5
1405390 1921.5
1405400 1918.8
1405410 1916.8
1405420 1916.8
1405430 1915.3
1405440 1913.6
1405450 1912.0
1405460 1912.0
1405470 1911.7
1405480 1911.5
1405490 1911.5
1405500 1911.4
1405510 1911.8
1405520 1911.8
1405530 1910.5
1405540 1908.6
1405550 1908.6
1405560 1905.3
1405570 1901.8
1405580 1901.8
1405590 1894.9
1405600 1886.9
1405610 1886.9
1405620 1880.5
1405630 1873.1
1405640 1873.1
1405650 1866.0
1405660 1858.2
1405670 1858.2
1405680 1853.0
1405690 1848.0
1405700 1848.0
1405710 1842.1
1405720 1838.0
1405730 1833.4
1405740 1833.4
1405750 1827.6
1405760 1821.1
1405770 1821.1
1405780 1814.0
1405790 1808.8
1405800 1808.8
1405810 1804.3
1405820 1799.9
1405830 1799.9
1405840 1798.3
1405850 1797.2
1405860 1797.2
1405870 1796.0
1405880 1794.0
1405890 1794.0
1405900 1792.7
1405910 1789.7
1405920 1789.7
1405930 1786.0
1405940 1782.3
1405950 1782.3
1405960 1778.7
1405970 1773.6
1405980 1773.6
1405990 1768.5
1406000 1762.9
1406010 1757.3
1406020 1757.3
1406030 1751.4
1406040 1745.8
1406050 1745.8
1406060 1739.3
1406070 1733.4
1406080 1733.4
1406090 1729.9
1406100 1725.7
1406110 1725.7
1406120 1722.0
1406130 1718.8
1406140 1718.8
1406150 1714.4
1406160 1709.8
1406170 1709.8
1406180 1704.5
1406190 1699.7
1406200 1699.7
1406210 1694.7
1406220 1689.3
1406230 1689.3
1406240 1682.6
1406250 1674.9
1406260 1674.9
1406270 1667.4
1406280 1661.4
1406290 1656.1
1406300 1656.1
1406310 1649.5
1406320 1643.4
1406330 1643.4
1406340 1637.8
1406350 1632.5
1406360 1632.5
1406370 1626.7
1406380 1620.6
1406390 1620.6
1406400 1615.7
1406410 1611.8
1406420 1611.8
1406430 1607.3
1406440 1602.9
1406450 1602.9
1406460 1597.7
1406470 1593.9
1406480 1593.9
1406490 1590.9
1406500 1588.5
1406510 1588.5
1406520 1587.2
1406530 1585.5
1406540 1585.5
1406550 1582.5
1406560 1579.2
1406570 1576.3
1406580 1576.3
1406590 1573.2
1406600 1570.6
1406610 1570.6
1406620 1566.8
1406630 1562.6
1406640 1562.6
1406650 1558.3
1406660 1553.7
1406670 1553.7
1406680 1548.9
1406690 1543.3
1406700 1543.3
1406710 1538.6
1406720 1535.3
1406730 1535.3
1406740 1529.5
1406750 1523.6
1406760 1523.6
1406770 1520.4
1406780 1515.7
1406790 1515.7
1406800 1510.2
1406810 1505.6
1406820 1505.6
1406830 1500.1
1406840 1495.5
1406850 1495.5
1406860 1491.4
1406870 1486.8
1406880 1480.7
1406890 1480.7
1406900 1474.6
1406910 1468.8
1406920 1468.8
1406930 1463.7
1406940 1458.8
1406950 1458.8
1406960 1454.1
1406970 1448.9
1406980 1448.9
1406990 1443.6
1407000 1438.4
1407010 1438.4
1407020 1433.9
1407030 1430.0
1407040 1430.0
1407050 1425.7
1407060 1419.9
1407070 1419.9
1407080 1416.7
1407090 1413.9
1407100 1413.9
1407110 1410.0
1407120 1405.0
1407130 1405.0
1407140 1398.7
1407150 1392.6
1407160 1385.3
1407170 1385.3
1407180 1378.7
1407190 1372.8
1407200 1372.8
1407210 1367.8
1407220 1362.4
1407230 1362.4
1407240 1357.5
1407250 1353.0
1407260 1353.0
1407270 1348.0
1407280 1342.9
1407290 1342.9
1407300 1344.8
1407310 1336.3
1407320 1336.3
1407330 1327.0
1407340 1320.1
1407350 1320.1
1407360 1318.1
1407370 1319.6
1407380 1319.6
1407390 1321.7
1407400 1320.4
1407410 1320.4
1407420 1317.6
1407430 1314.9
1407440 1313.4
1407450 1313.4
1407460 1312.1
1407470 1309.6
1407480 1309.6
1407490 1307.7
1407500 1305.6
1407510 1305.6
1407520 1302.9
1407530 1300.0
1407540 1300.0
1407550 1296.3
1407560 1291.7
1407570 1291.7
1407580 1285.3
1407590 1279.5
1407600 1279.5
1407610 1277.4
1407620 1276.0
1407630 1276.0
1407640 1273.0
1407650 1272.2
1407660 1272.2
1407670 1272.3
1407680 1271.7
1407690 1271.7
1407700 1269.6
1407710 1268.6
1407720 1269.7
1407730 1269.7
1407740 1265.4
1407750 1262.1
1407760 1262.1
1407770 1261.0
1407780 1258.8
1407790 1258.8
1407800 1256.0
1407810 1252.3
1407820 1252.3
1407830 1247.9
1407840 1250.6
1407850 1250.6
1407860 1257.6
1407870 1267.2
1407880 1267.2
1407890 1270.8
1407900 1273.1
1407910 1273.1
1407920 1274.3
1407930 1276.9
1407940 1276.9
1407950 1280.6
1407960 1283.5
1407970 1283.5
1407980 1285.8
1407990 1288.6
1408000 1290.0
1408010 1290.0
1408020 1291.3
1408030 1293.4
1408040 1293.4
1408050 1294.7
1408060 1295.7
1408070 1295.7
1408080 1296.9
1408090 1297.7
1408100 1297.7
1408110 1298.2
1408120 1298.4
1408130 1298.4
1408140 1298.3
1408150 1298.5
1408160 1298.5
1408170 1299.8
1408180 1301.2
1408190 1301.2
1408200 1301.8
1408210 1301.6
1408220 1301.6
1408230 1301.0
1408240 1303.2
1408250 1303.2
1408260 1306.0
1408270 1308.1
1408280 1308.9
1408290 1308.9
1408300 1307.7
1408310 1307.1
1408320 1307.1
1408330 1306.0
1408340 1305.5
1408350 1305.5
1408360 1305.4
1408370 1305.1
1408380 1305.1
1408390 1306.6
1408400 1308.3
1408410 1308.3
1408420 1311.2
1408430 1314.6
1408440 1314.6
1408450 1317.7
1408460 1321.4
1408470 1321.4
1408480 1323.8
1408490 1324.1
1408500 1324.1
1408510 1325.2
1408520 1328.4
1408530 1328.4
1408540 1331.6
1408550 1334.2
1408560 1335.7
1408570 1335.7
1408580 1335.1
1408590 1331.6
1408600 1331.6
1408610 1327.1
1408620 1321.9
1408630 1321.9
1408640 1317.1
1408650 1312.9
1408660 1312.9
1408670 1306.7
1408680 1300.3
1408690 1300.3
1408700 1294.6
1408710 1291.2
1408720 1291.2
1408730 1287.7
1408740 1279.1
1408750 1279.1
1408760 1272.3
1408770 1271.8
1408780 1271.8
1408790 1272.7
1408800 1275.3
1408810 1275.3
1408820 1279.1
1408830 1283.7
1408840 1288.5
1408850 1288.5
1408860 1293.0
1408870 1298.1
1408880 1298.1
1408890 1302.9
1408900 1308.0
1408910 1308.0
1408920 1313.4
1408930 1319.1
1408940 1319.1
1408950 1324.8
1408960 1330.3
1408970 1333.6
1408980 1337.8
1408990 1342.2
1409000 1342.2
1409010 1345.9
1409020 1349.1
1409030 1349.1
1409040 1353.3
1409050 1359.2
1409060 1359.2
1409070 1366.1
1409080 1372.3
1409090 1372.3
1409100 1377.3
1409110 1382.6
1409120 1385.7
1409130 1385.7
1409140 1388.0
1409150 1391.2
1409160 1391.2
1409170 1393.6
1409180 1395.3
1409190 1395.3
1409200 1396.5
1409210 1397.2
1409220 1397.2
1409230 1397.7
1409240 1397.8
1409250 1397.8
1409260 1399.8
1409270 1402.5
1409280 1402.5
1409290 1405.6
1409300 1407.5
1409310 1407.5
1409320 1409.9
1409330 1413.5
1409340 1413.5
1409350 1417.6
1409360 1421.8
1409370 1421.8
1409380 1428.5
1409390 1435.2
1409400 1441.8
1409410 1441.8
1409420 1448.9
1409430 1454.9
1409440 1454.9
1409450 1459.0
1409460 1463.7
1409470 1463.7
1409480 1468.4
1409490 1471.3
1409500 1471.3
1409510 1478.4
1409520 1482.7
1409530 1482.7
1409540 1486.3
1409550 1490.2
1409560 1490.2
1409570 1493.1
1409580 1494.7
1409590 1494.7
1409600 1495.9
1409610 1496.7
1409620 1496.7
1409630 1497.1
1409640 1497.0
1409650 1497.0
1409660 1495.6
1409670 1492.3
1409680 1488.8
1409690 1488.8
1409700 1485.5
1409710 1481.7
1409720 1481.7
1409730 1476.9
1409740 1472.2
1409750 1472.2
1409760 1467.0
1409770 1460.7
1409780 1460.7
1409790 1457.3
1409800 1456.5
1409810 1456.5
1409820 1461.3
1409830 1467.0
1409840 1467.0
1409850 1472.4
1409860 1478.5
1409870 1478.5
1409880 1484.5
1409890 1489.2
1409900 1489.2
1409910 1492.4
1409920 1497.9
1409930 1497.9
1409940 1506.0
1409950 1512.6
1409960 1519.4
1409970 1519.4
1409980 1525.6
1409990 1531.2
1410000 1531.2
1410010 1536.6
1410020 1541.9
1410030 1541.9
1410040 1546.3
1410050 1551.8
1410060 1551.8
1410070 1557.9
1410080 1563.5
1410090 1563.5
1410100 1568.4
1410110 1573.3
1410120 1573.3
1410130 1578.4
1410140 1582.6
1410150 1582.6
1410160 1587.5
1410170 1592.2
1410180 1592.2
1410190 1596.5
1410200 1600.8
1410210 1600.8
1410220 1605.2
1410230 1611.0
1410240 1616.4
1410250 1616.4
1410260 1619.5
1410270 1622.8
1410280 1622.8
1410290 1626.7
1410300 1632.5
1410310 1632.5
1410320 1638.2
1410330 1643.1
1410340 1643.1
1410350 1645.5
1410360 1648.4
1410370 1648.4
1410380 1654.3
1410390 1659.4
1410400 1659.4
1410410 1664.0
1410420 1668.0
1410430 1668.0
1410440 1670.6
1410450 1672.2
1410460 1672.2
1410470 1673.9
1410480 1675.1
1410490 1675.1
1410500 1676.3
1410510 1676.2
1410520 1673.7
1410530 1673.7
1410540 1674.3
1410550 1673.8
1410560 1673.8
1410570 1671.1
1410580 1670.2
1410590 1670.2
1410600 1668.1
1410610 1664.3
1410620 1664.3
1410630 1662.2
1410640 1661.8
1410650 1661.8
1410660 1663.0
1410670 1673.0
1410680 1673.0
1410690 1676.4
1410700 1679.1
1410710 1679.1
1410720 1681.9
1410730 1683.9
1410740 1683.9
1410750 1685.8
1410760 1686.1
1410770 1686.1
1410780 1692.3
1410790 1699.0
1410800 1704.4
1410810 1704.4
1410820 1709.4
1410830 1711.1
1410840 1711.1
1410850 1711.7
1410860 1713.2
1410870 1713.2
1410880 1717.7
1410890 1722.5
1410900 1722.5
1410910 1727.8
1410920 1735.0
1410930 1735.0
1410940 1740.4
1410950 1745.8
1410960 1745.8
1410970 1751.8
1410980 1757.9
1410990 1757.9
1411000 1762.5
1411010 1758.7
1411020 1758.7
1411030 1751.5
1411040 1747.9
1411050 1747.9
1411060 1743.5
1411070 1737.9
1411080 1735.1
1411090 1735.1
1411100 1732.3
1411110 1728.1
1411120 1728.1
1411130 1721.3
1411140 1716.3
1411150 1716.3
1411160 1710.6
1411170 1704.1
1411180 1704.1
1411190 1697.8
1411200 1690.6
1411210 1690.6
1411220 1684.5
1411230 1679.2
1411240 1679.2
1411250 1673.3
1411260 1666.4
1411270 1666.4
1411280 1658.8
1411290 1652.4
1411300 1652.4
1411310 1647.1
1411320 1640.5
1411330 1640.5
1411340 1635.6
1411350 1632.7
1411360 1628.5
1411370 1628.5
1411380 1622.4
1411390 1615.2
1411400 1615.2
1411410 1607.8
1411420 1598.4
1411430 1598.4
1411440 1590.9
1411450 1582.5
1411460 1582.5
1411470 1575.8
1411480 1568.3
1411490 1568.3
1411500 1560.7
1411510 1554.0
1411520 1554.0
1411530 1549.4
1411540 1545.0
1411550 1545.0
1411560 1539.0
1411570 1535.1
1411580 1535.1
1411590 1531.8
1411600 1530.8
1411610 1530.8
1411620 1530.0
1411630 1528.2
1411640 1525.3
1411650 1525.3
1411660 1521.9
1411670 1517.7
1411680 1517.7
1411690 1513.6
1411700 1508.5
1411710 1508.5
1411720 1500.8
1411730 1491.0
1411740 1491.0
1411750 1482.6
1411760 1477.8
1411770 1477.8
1411780 1471.9
1411790 1465.2
1411800 1465.2
1411810 1459.2
1411820 1452.7
1411830 1452.7
1411840 1444.9
1411850 1436.0
1411860 1436.0
1411870 1426.8
1411880 1419.3
1411890 1419.3
1411900 1411.5
1411910 1406.6
1411920 1402.9
1411930 1402.9
1411940 1400.0
1411950 1397.8
1411960 1397.8
1411970 1396.0
1411980 1394.5
1411990 1394.5
1412000 1393.3
1412010 1391.4
1412020 1391.4
1412030 1387.8
1412040 1384.5
1412050 1384.5
1412060 1380.7
1412070 1375.0
1412080 1375.0
1412090 1368.3
1412100 1361.6
1412110 1361.6
1412120 1357.5
1412130 1354.6
1412140 1354.6
1412150 1351.3
1412160 1347.8
1412170 1347.8
1412180 1344.8
1412190 1341.2
1412200 1337.0
1412210 1337.0
1412220 1331.6
1412230 1326.5
1412240 1326.5
1412250 1321.4
1412260 1315.6
1412270 1315.6
1412280 1310.4
1412290 1307.7
1412300 1307.7
1412310 1304.3
1412320 1300.9
1412330 1300.9
1412340 1296.5
1412350 1293.6
1412360 1293.6
1412370 1288.9
1412380 1283.7
1412390 1283.7
1412400 1276.1
1412410 1267.2
1412420 1266.9
1412430 1260.1
1412440 1253.8
1412450 1253.8
1412460 1251.4
1412470 1255.0
1412480 1262.5
1412490 1262.5
1412500 1269.8
1412510 1277.3
1412520 1277.3
1412530 1282.9
1412540 1288.0
1412550 1288.0
1412560 1293.0
1412570 1297.8
1412580 1297.8
1412590 1301.9
1412600 1305.1
1412610 1305.1
1412620 1310.7
1412630 1316.0
1412640 1316.0
1412650 1322.4
1412660 1326.2
1412670 1326.2
1412680 1326.3
1412690 1327.6
1412700 1327.6
1412710 1333.6
1412720 1339.1
1412730 1339.1
1412740 1342.6
1412750 1348.1
1412760 1348.1
1412770 1353.8
1412780 1357.9
1412790 1360.1
1412800 1360.1
1412810 1361.1
1412820 1361.9
1412830 1361.9
1412840 1365.0
1412850 1370.0
1412860 1370.0
1412870 1375.4
1412880 1379.6
1412890 1379.6
1412900 1382.9
1412910 1385.8
1412920 1385.8
1412930 1388.6
1412940 1391.0
1412950 1391.0
1412960 1393.6
1412970 1397.6
1412980 1397.6
1412990 1403.2
1413000 1407.1
1413010 1407.1
1413020 1410.2
1413030 1414.8
1413040 1414.8
1413050 1417.4
1413060 1419.8
1413070 1422.3
1413080 1422.3
1413090 1425.5
1413100 1430.0
1413110 1430.0
1413120 1434.4
1413130 1437.6
1413140 1437.6
1413150 1440.3
1413160 1443.1
1413170 1443.1
1413180 1446.1
1413190 1449.3
1413200 1449.3
1413210 1452.8
1413220 1456.2
1413230 1456.2
1413240 1459.6
1413250 1463.1
1413260 1463.1
1413270 1466.7
1413280 1469.8
1413290 1469.8
1413300 1473.6
1413310 1477.3
1413320 1477.3
1413330 1480.7
1413340 1483.9
1413350 1486.1
1413360 1486.1
1413370 1489.3
1413380 1493.4
1413390 1493.4
1413400 1497.1
1413410 1500.5
1413420 1500.5
1413430 1503.4
1413440 1506.8
1413450 1506.8
1413460 1511.0
1413470 1514.6
1413480 1514.6
1413490 1518.3
1413500 1522.2
1413510 1522.2
1413520 1526.4
1413530 1530.7
1413540 1530.7
1413550 1534.9
1413560 1538.8
1413570 1538.8
1413580 1542.6
1413590 1546.5
1413600 1546.5
1413610 1551.1
1413620 1556.1
1413630 1558.4
1413640 1558.4
1413650 1562.7
1413660 1566.5
1413670 1566.5
1413680 1570.7
1413690 1575.5
1413700 1575.5
1413710 1580.7
1413720 1585.6
1413730 1585.6
1413740 1589.2
1413750 1592.7
1413760 1592.7
1413770 1596.1
1413780 1599.0
1413790 1599.0
1413800 1601.4
1413810 1603.7
1413820 1603.7
1413830 1606.4
1413840 1608.8
1413850 1608.8
1413860 1611.3
1413870 1615.4
1413880 1615.4
1413890 1619.1
1413900 1621.3
1413910 1622.2
1413920 1622.2
1413930 1622.6
1413940 1622.0
1413950 1622.0
1413960 1621.8
1413970 1621.3
1413980 1621.3
1413990 1621.3
1414000 1621.7
1414010 1621.7
1414020 1622.6
1414030 1624.2
1414040 1624.2
1414050 1626.8
1414060 1630.3
1414070 1630.3
1414080 1633.5
1414090 1630.4
1414100 1630.4
1414110 1628.8
1414120 1627.0
1414130 1627.0
1414140 1636.4
1414150 1644.3
1414160 1644.3
1414170 1648.6
1414180 1653.2
1414190 1658.3
1414200 1663.7
1414210 1668.5
1414220 1673.3
1414230 1673.3
1414240 1678.0
1414250 1682.6
1414260 1682.6
1414270 1686.9
1414280 1690.9
1414290 1690.9
1414300 1694.8
1414310 1698.5
1414320 1698.5
1414330 1702.0
1414340 1704.9
1414350 1704.9
1414360 1707.1
1414370 1707.0
1414380 1707.0
1414390 1702.4
1414400 1696.2
1414410 1696.2
1414420 1689.2
1414430 1682.1
1414440 1682.1
1414450 1675.3
1414460 1668.4
1414470 1662.1
1414480 1662.1
1414490 1655.7
1414500 1649.3
1414510 1649.3
1414520 1643.4
1414530 1637.4
1414540 1637.4
1414550 1631.9
1414560 1626.5
1414570 1626.5
1414580 1621.5
1414590 1616.2
1414600 1616.2
1414610 1611.3
1414620 1606.8
1414630 1606.8
1414640 1603.0
1414650 1599.4
1414660 1599.4
1414670 1595.4
1414680 1591.4
1414690 1591.4
1414700 1587.0
1414710 1582.4
1414720 1582.4
1414730 1577.1
1414740 1571.6
1414750 1566.5
1414760 1566.5
1414770 1560.8
1414780 1557.2
1414790 1557.2
1414800 1553.0
1414810 1547.8
1414820 1547.8
1414830 1540.9
1414840 1534.0
1414850 1534.0
1414860 1526.4
1414870 1519.5
1414880 1519.5
1414890 1512.1
1414900 1504.8
1414910 1504.8
1414920 1496.9
1414930 1489.3
1414940 1489.3
1414950 1483.3
1414960 1476.4
1414970 1476.4
1414980 1470.4
1414990 1464.1
1415000 1464.1
1415010 1457.3
1415020 1451.7
1415030 1445.6
1415040 1445.6
1415050 1439.4
1415060 1433.2
1415070 1433.2
1415080 1427.0
1415090 1421.7
1415100 1421.7
1415110 1417.6
1415120 1413.2
1415130 1413.2
1415140 1408.5
1415150 1404.0
1415160 1404.0
1415170 1399.2
1415180 1394.2
1415190 1394.2
1415200 1389.7
1415210 1385.1
1415220 1385.1
1415230 1380.1
1415240 1373.9
1415250 1373.9
1415260 1367.5
1415270 1362.3
1415280 1362.3
1415290 1357.5
1415300 1353.3
1415310 1348.1
1415320 1348.1
1415330 1342.1
1415340 1336.2
1415350 1336.2
1415360 1330.0
1415370 1323.3
1415380 1323.3
1415390 1316.0
1415400 1308.8
1415410 1308.8
1415420 1301.5
1415430 1295.0
1415440 1295.0
1415450 1288.5
1415460 1281.3
1415470 1281.3
1415480 1274.3
1415490 1267.0
1415500 1267.0
1415510 1259.4
1415520 1251.7
1415530 1251.7
1415540 1241.8
1415550 1231.4
1415560 1231.4
1415570 1224.4
1415580 1216.8
1415590 1209.8
1415600 1209.8
1415610 1205.5
1415620 1201.4
1415630 1201.4
1415640 1197.8
1415650 1192.6
1415660 1192.6
1415670 1189.3
1415680 1186.7
1415690 1186.7
1415700 1182.6
1415710 1181.5
1415720 1181.5
1415730 1182.8
1415740 1180.9
1415750 1180.9
1415760 1177.0
1415770 1172.7
1415780 1172.7
1415790 1168.8
1415800 1162.6
1415810 1162.6
1415820 1158.1
1415830 1156.6
1415840 1156.6
1415850 1154.8
1415860 1150.7
1415870 1146.4
1415880 1146.4
1415890 1142.6
1415900 1137.9
1415910 1137.9
1415920 1133.4
1415930 1129.3
1415940 1129.3
1415950 1125.6
1415960 1121.9
1415970 1121.9
1415980 1117.2
1415990 1112.1
1416000 1112.1
1416010 1106.4
1416020 1101.2
1416030 1101.1
1416040 1096.1
1416050 1091.0
1416060 1091.0
1416070 1084.9
1416080 1078.4
1416090 1078.4
1416100 1072.4
1416110 1066.9
1416120 1066.9
1416130 1060.7
1416140 1053.3
1416150 1045.1
1416160 1045.1
1416170 1040.9
1416180 1043.0
1416190 1043.0
1416200 1042.2
1416210 1042.0
1416220 1042.0
1416230 1043.5
1416240 1047.2
1416250 1047.2
1416260 1052.9
1416270 1056.4
1416280 1056.4
1416290 1060.4
1416300 1066.5
1416310 1066.5
1416320 1072.2
1416330 1079.2
1416340 1079.2
1416350 1085.6
1416360 1091.6
1416370 1091.6
1416380 1096.3
1416390 1101.6
1416400 1101.6
1416410 1108.4
1416420 1114.8
1416430 1118.6
1416440 1118.6
1416450 1113.7
1416460 1103.5
1416470 1103.5
1416480 1092.5
1416490 1085.5
1416500 1085.5
1416510 1082.7
1416520 1085.0
1416530 1085.0
1416540 1089.2
1416550 1091.0
1416560 1091.0
1416570 1093.1
1416580 1097.1
1416590 1097.1
1416600 1100.5
1416610 1103.8
1416620 1103.8
1416630 1108.6
1416640 1113.3
1416650 1113.3
1416660 1118.5
1416670 1124.2
1416680 1124.2
1416690 1131.1
1416700 1137.8
1416710 1143.9
1416720 1143.9
1416730 1151.1
1416740 1158.7
1416750 1158.7
1416760 1165.4
1416770 1171.5
1416780 1171.5
1416790 1177.9
1416800 1184.6
1416810 1184.6
1416820 1191.0
1416830 1195.9
1416840 1195.9
1416850 1201.6
1416860 1208.9
1416870 1208.9
1416880 1217.0
1416890 1224.5
1416900 1224.5
1416910 1231.6
1416920 1238.9
1416930 1238.9
1416940 1243.4
1416950 1246.7
1416960 1246.7
1416970 1249.6
1416980 1254.0
1416990 1260.0
1417000 1260.0
1417010 1266.6
1417020 1273.9
1417030 1273.9
1417040 1279.7
1417050 1284.4
1417060 1284.4
1417070 1289.3
1417080 1292.0
1417090 1292.0
1417100 1295.5
1417110 1298.2
1417120 1298.2
1417130 1300.3
1417140 1303.1
1417150 1303.1
1417160 1307.4
1417170 1312.6
1417180 1312.6
1417190 1317.8
1417200 1322.8
1417210 1322.8
1417220 1326.7
1417230 1329.6
1417240 1329.6
1417250 1332.8
1417260 1335.9
1417270 1339.0
1417280 1339.0
1417290 1341.6
1417300 1342.5
1417310 1342.5
1417320 1345.2
1417330 1350.8
1417340 1350.8
1417350 1357.1
1417360 1362.3
1417370 1362.3
1417380 1367.7
1417390 1373.2
1417400 1373.2
1417410 1377.7
1417420 1381.8
1417430 1381.8
1417440 1386.1
1417450 1389.5
1417460 1389.5
1417470 1393.0
1417480 1396.9
1417490 1396.9
1417500 1401.2
1417510 1405.4
1417520 1405.4
1417530 1409.1
1417540 1412.0
1417550 1414.6
1417560 1414.6
1417570 1417.2
1417580 1419.9
1417590 1419.9
1417600 1422.9
1417610 1425.7
1417620 1425.7
1417630 1428.0
1417640 1429.6
1417650 1429.6
1417660 1430.6
1417670 1431.8
1417680 1431.8
1417690 1434.5
1417700 1438.5
1417710 1438.5
1417720 1441.7
1417730 1445.7
1417740 1445.7
1417750 1451.5
1417760 1457.0
1417770 1457.0
1417780 1462.7
1417790 1467.7
1417800 1467.7
1417810 1474.7
1417820 1482.6
1417830 1488.5
1417840 1488.5
1417850 1496.5
1417860 1503.7
1417870 1503.7
1417880 1511.0
1417890 1517.5
1417900 1517.5
1417910 1522.5
1417920 1526.2
1417930 1526.2
1417940 1530.2
1417950 1534.4
1417960 1534.4
1417970 1540.9
1417980 1548.7
1417990 1548.7
1418000 1555.8
1418010 1562.3
1418020 1562.3
1418030 1568.8
1418040 1573.5
1418050 1573.5
1418060 1573.4
1418070 1570.2
1418080 1570.2
1418090 1565.5
1418100 1560.2
1418110 1555.3
1418120 1555.3
1418130 1550.8
1418140 1547.8
1418150 1547.8
1418160 1546.1
1418170 1545.2
1418180 1545.2
1418190 1544.4
1418200 1543.8
1418210 1543.8
1418220 1543.7
1418230 1546.5
1418240 1546.5
1418250 1549.9
1418260 1552.4
1418270 1552.4
1418280 1554.3
1418290 1555.1
1418300 1555.1
1418310 1554.3
1418320 1552.0
1418330 1552.0
1418340 1546.5
1418350 1539.1
1418360 1539.1
1418370 1530.3
1418380 1522.4
1418390 1522.4
1418400 1517.8
1418410 1514.1
1418420 1509.7
1418430 1509.7
1418440 1504.9
1418450 1498.8
1418460 1498.8
1418470 1491.6
1418480 1484.8
1418490 1484.8
1418500 1478.3
1418510 1472.0
1418520 1472.0
1418530 1465.6
1418540 1459.1
1418550 1459.1
1418560 1451.9
1418570 1445.2
1418580 1445.2
1418590 1438.5
1418600 1432.1
1418610 1432.1
1418620 1425.7
1418630 1419.0
1418640 1419.0
1418650 1411.9
1418660 1404.3
1418670 1404.3
1418680 1397.9
1418690 1391.9
1418700 1386.0
1418710 1386.0
1418720 1379.9
1418730 1374.2
1418740 1374.2
1418750 1368.7
1418760 1363.4
1418770 1363.4
1418780 1357.8
1418790 1351.3
1418800 1351.3
1418810 1345.2
1418820 1341.2
1418830 1341.2
1418840 1334.4
1418850 1327.0
1418860 1327.0
1418870 1331.6
1418880 1339.7
1418890 1339.7
1418900 1345.1
1418910 1348.8
1418920 1348.8
1418930 1353.6
1418940 1359.6
1418950 1359.6
1418960 1365.0
1418970 1369.0
1418980 1371.2
1418990 1371.2
1419000 1372.9
1419010 1375.9
1419020 1375.9
1419030 1380.3
1419040 1385.2
1419050 1385.2
1419060 1390.0
1419070 1393.7
1419080 1393.7
1419090 1396.0
1419100 1397.0
1419110 1397.0
1419120 1398.2
1419130 1398.8
1419140 1398.8
1419150 1400.9
1419160 1400.2
1419170 1400.2
1419180 1399.4
1419190 1401.0
1419200 1401.0
1419210 1400.5
1419220 1400.0
1419230 1400.0
1419240 1402.2
1419250 1404.3
1419260 1406.5
1419270 1406.5
1419280 1409.6
1419290 1414.7
1419300 1414.7
1419310 1421.5
1419320 1429.5
1419330 1429.5
1419340 1437.0
1419350 1442.9
1419360 1442.9
1419370 1448.3
1419380 1452.9
1419390 1452.9
1419400 1455.7
1419410 1458.7
1419420 1458.7
1419430 1465.7
1419440 1472.5
1419450 1472.5
1419460 1477.5
1419470 1481.3
1419480 1481.3
1419490 1486.5
1419500 1490.6
1419510 1490.6
1419520 1496.5
1419530 1502.8
1419540 1508.7
1419550 1508.7
1419560 1514.4
1419570 1520.6
1419580 1520.6
1419590 1527.3
1419600 1533.4
1419610 1533.4
1419620 1538.9
1419630 1544.3
1419640 1544.3
1419650 1549.7
1419660 1555.9
1419670 1555.9
1419680 1562.0
1419690 1567.3
1419700 1567.3
1419710 1572.6
1419720 1578.5
1419730 1578.5
1419740 1585.0
1419750 1590.5
1419760 1590.5
1419770 1595.7
1419780 1600.7
1419790 1600.7
1419800 1604.6
1419810 1608.7
1419820 1614.3
1419830 1614.3
1419840 1620.5
1419850 1627.0
1419860 1628.4
1419870 1634.8
1419880 1641.5
1419890 1641.5
1419900 1648.5
1419910 1655.4
1419920 1655.4
1419930 1661.9
1419940 1668.3
1419950 1668.3
1419960 1674.6
1419970 1680.7
1419980 1680.7
1419990 1686.9
