1400000 1712.1
1400010 1705.4
1400020 1697.8
1400030 1697.8
1400040 1687.8
1400050 1679.6
1400060 1679.6
1400070 1672.8
1400080 1666.4
1400090 1666.4
1400100 1659.5
1400110 1652.0
1400120 1652.0
1400130 1644.1
1400140 1637.5
1400150 1637.5
1400160 1632.7
1400170 1628.2
1400180 1628.2
1400190 1622.7
1400200 1617.1
1400210 1617.1
1400220 1611.2
1400230 1603.7
1400240 1594.5
1400250 1594.5
1400260 1586.5
1400270 1579.3
1400280 1579.3
1400290 1573.3
1400300 1569.3
1400310 1569.3
1400320 1567.1
1400330 1565.2
1400340 1565.2
1400350 1562.8
1400360 1560.4
1400370 1560.4
1400380 1557.6
1400390 1554.3
1400400 1554.3
1400410 1550.3
1400420 1545.8
1400430 1545.8
1400440 1541.4
1400450 1538.9
1400460 1538.9
1400470 1537.7
1400480 1535.1
1400490 1535.1
1400500 1532.0
1400510 1529.8
1400520 1529.8
1400530 1528.8
1400540 1527.4
1400550 1522.6
1400560 1522.6
1400570 1521.0
1400580 1520.8
1400590 1520.8
1400600 1520.5
1400610 1519.5
1400620 1519.5
1400630 1517.0
1400640 1513.4
1400650 1513.4
1400660 1509.2
1400670 1504.8
1400680 1504.8
1400690 1501.1
1400700 1498.3
1400710 1498.3
1400720 1496.3
1400730 1494.3
1400740 1494.3
1400750 1492.6
1400760 1490.6
1400770 1490.6
1400780 1489.0
1400790 1487.6
1400800 1487.6
1400810 1484.9
1400820 1482.2
1400830 1479.0
1400840 1479.0
1400850 1475.9
1400860 1473.0
1400870 1473.0
1400880 1470.7
1400890 1468.5
1400900 1468.5
1400910 1465.5
1400920 1461.6
1400930 1461.6
1400940 1457.4
1400950 1452.9
1400960 1452.9
1400970 1448.3
1400980 1443.9
1400990 1443.9
1401000 1439.7
1401010 1435.8
1401020 1435.8
1401030 1432.1
1401040 1426.8
1401050 1426.8
1401060 1422.9
1401070 1420.4
1401080 1420.4
1401090 1416.7
1401100 1413.3
1401110 1409.6
1401120 1409.6
1401130 1406.2
1401140 1403.2
1401150 1403.2
1401160 1400.6
1401170 1395.9
1401180 1395.9
1401190 1390.3
1401200 1384.9
1401210 1386.9
1401220 1382.2
1401230 1378.5
1401240 1378.5
1401250 1372.7
1401260 1367.8
1401270 1367.8
1401280 1365.3
1401290 1363.2
1401300 1363.2
1401310 1360.5
1401320 1355.3
1401330 1355.3
1401340 1350.7
1401350 1348.5
1401360 1348.5
1401370 1345.3
1401380 1342.5
1401390 1338.1
1401400 1338.1
1401410 1332.0
1401420 1327.3
1401430 1327.3
1401440 1322.8
1401450 1321.1
1401460 1321.1
1401470 1320.7
1401480 1320.1
1401490 1320.1
1401500 1317.1
1401510 1315.7
1401520 1315.7
1401530 1315.7
1401540 1314.5
1401550 1314.5
1401560 1312.3
1401570 1310.0
1401580 1310.0
1401590 1307.8
1401600 1305.6
1401610 1305.6
1401620 1302.5
1401630 1298.9
1401640 1298.9
1401650 1294.5
1401660 1290.5
1401670 1288.7
1401680 1288.7
1401690 1286.4
1401700 1283.1
1401710 1283.1
1401720 1278.5
1401730 1276.0
1401740 1276.0
1401750 1274.4
1401760 1272.8
1401770 1272.8
1401780 1271.2
1401790 1270.1
1401800 1270.1
1401810 1269.4
1401820 1268.5
1401830 1268.5
1401840 1267.4
1401850 1265.3
1401860 1265.3
1401870 1262.0
1401880 1259.1
1401890 1259.1
1401900 1256.6
1401910 1254.0
1401920 1254.0
1401930 1251.2
1401940 1248.2
1401950 1248.2
1401960 1245.7
1401970 1243.2
1401980 1239.4
1401990 1239.4
1402000 1235.4
1402010 1232.0
1402020 1232.0
1402030 1225.6
1402040 1219.4
1402050 1219.4
1402060 1214.0
1402070 1209.9
1402080 1209.9
1402090 1205.6
1402100 1199.6
1402110 1199.6
1402120 1195.7
1402130 1193.5
1402140 1193.5
1402150 1190.3
1402160 1186.2
1402170 1186.2
1402180 1187.1
1402190 1192.8
1402200 1192.8
1402210 1199.5
1402220 1205.5
1402230 1205.5
1402240 1209.1
1402250 1216.1
1402260 1222.3
1402270 1222.3
1402280 1228.6
1402290 1237.7
1402300 1237.7
1402310 1247.6
1402320 1257.3
1402330 1257.3
1402340 1266.1
1402350 1272.6
1402360 1272.6
1402370 1278.8
1402380 1285.4
1402390 1285.4
1402400 1291.5
1402410 1297.6
1402420 1297.6
1402430 1303.9
1402440 1310.2
1402450 1310.2
1402460 1316.1
1402470 1321.0
1402480 1321.0
1402490 1326.1
1402500 1330.7
1402510 1330.7
1402520 1333.7
1402530 1334.7
1402540 1336.0
1402550 1336.0
1402560 1337.3
1402570 1338.6
1402580 1338.6
1402590 1341.4
1402600 1342.1
1402610 1342.1
1402620 1342.2
1402630 1344.5
1402640 1344.5
1402650 1347.8
1402660 1351.3
1402670 1351.3
1402680 1355.3
1402690 1359.1
1402700 1359.1
1402710 1362.6
1402720 1364.8
1402730 1364.8
1402740 1364.4
1402750 1370.8
1402760 1370.8
1402770 1373.3
1402780 1378.6
1402790 1378.6
1402800 1381.8
1402810 1384.3
1402820 1384.6
1402830 1384.6
1402840 1382.5
1402850 1386.3
1402860 1386.3
1402870 1390.7
1402880 1394.4
1402890 1394.4
1402900 1397.0
1402910 1394.4
1402920 1394.4
1402930 1398.6
1402940 1402.3
1402950 1402.3
1402960 1403.9
1402970 1403.4
1402980 1403.4
1402990 1403.3
1403000 1401.1
1403010 1401.1
1403020 1402.0
1403030 1409.1
1403040 1409.1
1403050 1418.4
1403060 1428.4
1403070 1428.4
1403080 1436.8
1403090 1443.0
1403100 1447.3
1403110 1447.3
1403120 1452.3
1403130 1457.3
1403140 1457.3
1403150 1460.4
1403160 1463.5
1403170 1463.5
1403180 1466.8
1403190 1469.0
1403200 1469.0
1403210 1469.8
1403220 1469.7
1403230 1469.7
1403240 1472.4
1403250 1476.9
1403260 1476.9
1403270 1482.5
1403280 1488.4
1403290 1488.4
1403300 1494.5
1403310 1497.0
1403320 1497.0
1403330 1497.7
1403340 1500.9
1403350 1500.9
1403360 1509.1
1403370 1514.6
1403380 1514.6
1403390 1519.3
1403400 1524.8
1403410 1531.1
1403420 1531.1
1403430 1537.7
1403440 1543.9
1403450 1543.9
1403460 1549.3
1403470 1555.6
1403480 1555.6
1403490 1561.6
1403500 1566.8
1403510 1566.8
1403520 1571.9
1403530 1575.8
1403540 1575.8
1403550 1578.4
1403560 1581.4
1403570 1581.4
1403580 1586.7
1403590 1594.0
1403600 1594.0
1403610 1602.3
1403620 1609.4
1403630 1609.4
1403640 1616.6
1403650 1624.5
1403660 1624.5
1403670 1631.0
1403680 1636.9
1403690 1640.6
1403700 1640.6
1403710 1644.3
1403720 1648.0
1403730 1648.0
1403740 1653.6
1403750 1660.5
1403760 1660.5
1403770 1666.8
1403780 1671.5
1403790 1671.5
1403800 1676.8
1403810 1681.8
1403820 1681.8
1403830 1687.0
1403840 1691.5
1403850 1691.5
1403860 1696.5
1403870 1701.4
1403880 1701.4
1403890 1706.5
1403900 1711.8
1403910 1711.8
1403920 1715.5
1403930 1719.3
1403940 1719.3
1403950 1722.5
1403960 1725.0
1403970 1729.1
1403980 1729.1
1403990 1734.2
1404000 1739.1
1404010 1739.1
1404020 1743.7
1404030 1749.8
1404040 1749.8
1404050 1756.6
1404060 1763.2
1404070 1763.2
1404080 1769.4
1404090 1774.8
1404100 1774.8
1404110 1780.3
1404120 1786.6
1404130 1786.6
1404140 1794.0
1404150 1801.1
1404160 1801.1
1404170 1806.8
1404180 1812.8
1404190 1812.8
1404200 1816.9
1404210 1821.3
1404220 1821.3
1404230 1827.5
1404240 1833.9
1404250 1839.9
1404260 1839.9
1404270 1847.1
1404280 1852.3
1404290 1852.3
1404300 1855.7
1404310 1859.0
1404320 1857.8
1404330 1860.5
1404340 1865.2
1404350 1865.2
1404360 1873.4
1404370 1882.5
1404380 1882.5
1404390 1887.4
1404400 1889.7
1404410 1889.7
1404420 1892.0
1404430 1894.6
1404440 1894.6
1404450 1900.7
1404460 1906.9
1404470 1906.9
1404480 1910.8
1404490 1914.5
1404500 1914.5
1404510 1918.1
1404520 1921.7
1404530 1926.1
1404540 1926.1
1404550 1931.4
1404560 1936.3
1404570 1936.3
1404580 1939.9
1404590 1944.9
1404600 1944.9
1404610 1950.2
1404620 1954.2
1404630 1954.2
1404640 1958.8
1404650 1964.1
1404660 1964.1
1404670 1967.7
1404680 1973.0
1404690 1973.0
1404700 1978.1
1404710 1984.2
1404720 1984.2
1404730 1988.5
1404740 1993.3
1404750 1993.3
1404760 1999.2
1404770 2003.6
1404780 2003.6
1404790 2006.4
1404800 2009.3
1404810 2009.3
1404820 2012.0
1404830 2013.6
1404840 2014.8
1404850 2014.8
1404860 2019.4
1404870 2025.5
1404880 2025.5
1404890 2030.1
1404900 2033.0
1404910 2033.0
1404920 2035.9
1404930 2039.5
1404940 2039.5
1404950 2044.1
1404960 2048.5
1404970 2048.5
1404980 2051.2
1404990 2052.6
1405000 2052.6
1405010 2053.0
1405020 2052.5
1405030 2052.5
1405040 2050.1
1405050 2048.5
1405060 2048.5
1405070 2049.5
1405080 2051.0
1405090 2051.0
1405100 2054.4
1405110 2057.5
1405120 2059.5
1405130 2059.5
1405140 2059.8
1405150 2058.7
1405160 2058.7
1405170 2057.4
1405180 2057.1
1405190 2057.1
1405200 2057.2
1405210 2057.1
1405220 2057.1
1405230 2056.0
1405240 2055.0
1405250 2055.0
1405260 2054.3
1405270 2054.6
1405280 2054.6
1405290 2055.9
1405300 2057.9
1405310 2057.9
1405320 2059.5
1405330 2061.8
1405340 2061.8
1405350 2064.4
1405360 2066.6
1405370 2066.6
1405380 2065.1
1405390 2062.0
1405400 2060.9
1405410 2060.9
1405420 2062.2
1405430 2063.7
1405440 2063.7
1405450 2065.5
1405460 2066.1
1405470 2066.1
1405480 2064.0
1405490 2059.0
1405500 2059.0
1405510 2053.5
1405520 2045.9
1405530 2045.9
1405540 2043.1
1405550 2038.5
1405560 2038.5
1405570 2034.1
1405580 2031.9
1405590 2031.9
1405600 2029.8
1405610 2027.2
1405620 2027.2
1405630 2026.4
1405640 2026.8
1405650 2026.8
1405660 2028.6
1405670 2030.5
1405680 2030.9
1405690 2030.9
1405700 2031.5
1405710 2031.6
1405720 2031.6
1405730 2034.7
1405740 2037.1
1405750 2037.1
1405760 2039.8
1405770 2040.9
1405780 2040.9
1405790 2038.9
1405800 2036.3
1405810 2036.3
1405820 2032.2
1405830 2024.7
1405840 2024.7
1405850 2017.6
1405860 2010.8
1405870 2010.8
1405880 2004.5
1405890 1998.6
1405900 1998.6
1405910 1993.0
1405920 1989.9
1405930 1989.9
1405940 1984.0
1405950 1980.0
1405960 1975.5
1405970 1975.5
1405980 1973.9
1405990 1973.2
1406000 1973.2
1406010 1971.3
1406020 1967.4
1406030 1967.4
1406040 1962.4
1406050 1957.9
1406060 1957.9
1406070 1954.0
1406080 1950.1
1406090 1950.1
1406100 1947.3
1406110 1945.6
1406120 1945.6
1406130 1943.1
1406140 1940.4
1406150 1940.4
1406160 1936.4
1406170 1931.6
1406180 1931.6
1406190 1926.4
1406200 1919.8
1406210 1919.8
1406220 1914.1
1406230 1908.4
1406240 1908.4
1406250 1902.7
1406260 1897.4
1406270 1893.8
1406280 1893.8
1406290 1890.5
1406300 1888.1
1406310 1888.1
1406320 1884.6
1406330 1881.8
1406340 1881.8
1406350 1879.2
1406360 1876.4
1406370 1876.4
1406380 1873.7
1406390 1871.0
1406400 1871.0
1406410 1868.7
1406420 1866.6
1406430 1866.6
1406440 1864.8
1406450 1863.9
1406460 1863.9
1406470 1862.7
1406480 1861.5
1406490 1861.5
1406500 1861.1
1406510 1859.9
1406520 1859.9
1406530 1858.0
1406540 1855.4
1406550 1855.8
1406560 1855.8
1406570 1854.4
1406580 1851.7
1406590 1851.7
1406600 1849.4
1406610 1847.6
1406620 1847.6
1406630 1845.7
1406640 1843.4
1406650 1843.4
1406660 1841.1
1406670 1838.9
1406680 1838.9
1406690 1838.5
1406700 1838.8
1406710 1838.8
1406720 1839.9
1406730 1839.4
1406740 1839.4
1406750 1839.5
1406760 1840.0
1406770 1840.0
1406780 1840.0
1406790 1839.6
1406800 1839.6
1406810 1840.1
1406820 1841.7
1406830 1842.7
1406840 1842.7
1406850 1841.3
1406860 1843.8
1406870 1843.8
1406880 1845.0
1406890 1843.0
1406900 1843.0
1406910 1841.4
1406920 1842.4
1406930 1842.4
1406940 1843.1
1406950 1843.1
1406960 1843.1
1406970 1845.1
1406980 1848.0
1406990 1848.0
1407000 1850.9
1407010 1853.0
1407020 1853.0
1407030 1854.4
1407040 1855.5
1407050 1855.5
1407060 1856.6
1407070 1857.8
1407080 1857.8
1407090 1858.5
1407100 1858.8
1407110 1858.3
1407120 1858.3
1407130 1857.7
1407140 1856.3
1407150 1856.3
1407160 1854.7
1407170 1853.1
1407180 1853.1
1407190 1852.2
1407200 1851.7
1407210 1851.7
1407220 1850.9
1407230 1849.8
1407240 1849.8
1407250 1847.9
1407260 1844.8
1407270 1844.8
1407280 1840.9
1407290 1835.9
1407300 1835.9
1407310 1830.5
1407320 1824.7
1407330 1824.7
1407340 1819.3
1407350 1814.4
1407360 1814.4
1407370 1809.9
1407380 1804.6
1407390 1804.6
1407400 1800.6
1407410 1795.6
1407420 1791.6
1407430 1791.6
1407440 1788.5
1407450 1785.7
1407460 1785.7
1407470 1782.6
1407480 1779.8
1407490 1779.8
1407500 1777.1
1407510 1774.6
1407520 1774.6
1407530 1771.5
1407540 1768.9
1407550 1768.9
1407560 1766.6
1407570 1764.4
1407580 1764.4
1407590 1758.8
1407600 1756.7
1407610 1756.7
1407620 1754.3
1407630 1750.4
1407640 1750.4
1407650 1746.0
1407660 1741.9
1407670 1741.9
1407680 1738.1
1407690 1734.3
1407700 1732.9
1407710 1732.9
1407720 1731.5
1407730 1730.0
1407740 1730.0
1407750 1728.1
1407760 1725.2
1407770 1725.2
1407780 1722.2
1407790 1719.8
1407800 1719.8
1407810 1717.5
1407820 1715.8
1407830 1715.8
1407840 1714.1
1407850 1711.8
1407860 1711.8
1407870 1710.4
1407880 1710.0
1407890 1710.0
1407900 1710.1
1407910 1709.6
1407920 1709.6
1407930 1708.4
1407940 1706.6
1407950 1706.6
1407960 1707.7
1407970 1706.6
1407980 1704.7
1407990 1704.7
1408000 1702.8
1408010 1701.1
1408020 1701.1
1408030 1698.9
1408040 1696.7
1408050 1696.7
1408060 1694.5
1408070 1693.0
1408080 1693.0
1408090 1691.2
1408100 1689.0
1408110 1689.0
1408120 1686.6
1408130 1683.7
1408140 1683.7
1408150 1682.2
1408160 1681.1
1408170 1681.1
1408180 1677.8
1408190 1672.1
1408200 1672.1
1408210 1667.7
1408220 1665.2
1408230 1665.2
1408240 1663.2
1408250 1661.4
1408260 1659.4
1408270 1659.4
1408280 1657.3
1408290 1654.2
1408300 1654.2
1408310 1651.1
1408320 1648.4
1408330 1648.4
1408340 1646.4
1408350 1646.4
1408360 1646.4
1408370 1645.8
1408380 1644.2
1408390 1644.2
1408400 1642.4
1408410 1639.7
1408420 1639.7
1408430 1637.3
1408440 1632.6
1408450 1632.6
1408460 1628.1
1408470 1624.8
1408480 1624.8
1408490 1622.6
1408500 1620.3
1408510 1620.3
1408520 1618.0
1408530 1615.9
1408540 1614.1
1408550 1614.1
1408560 1612.5
1408570 1611.6
1408580 1611.6
1408590 1609.9
1408600 1608.1
1408610 1608.1
1408620 1605.5
1408630 1604.0
1408640 1604.0
1408650 1603.1
1408660 1602.6
1408670 1602.6
1408680 1601.0
1408690 1597.3
1408700 1597.3
1408710 1593.9
1408720 1590.8
1408730 1590.8
1408740 1587.7
1408750 1583.9
1408760 1583.9
1408770 1581.5
1408780 1578.9
1408790 1578.9
1408800 1575.5
1408810 1572.2
1408820 1572.2
1408830 1567.7
1408840 1562.9
1408850 1556.2
1408860 1556.2
1408870 1553.4
1408880 1551.2
1408890 1551.2
1408900 1547.5
1408910 1544.4
1408920 1544.4
1408930 1542.2
1408940 1538.5
1408950 1538.5
1408960 1535.8
1408970 1532.4
1408980 1532.4
1408990 1528.6
1409000 1526.1
1409010 1526.1
1409020 1524.7
1409030 1521.9
1409040 1521.9
1409050 1519.1
1409060 1516.2
1409070 1516.2
1409080 1512.6
1409090 1508.6
1409100 1508.6
1409110 1502.7
1409120 1498.6
1409130 1494.8
1409140 1494.8
1409150 1488.7
1409160 1481.8
1409170 1481.8
1409180 1475.7
1409190 1473.5
1409200 1473.5
1409210 1470.4
1409220 1467.1
1409230 1467.1
1409240 1464.3
1409250 1462.5
1409260 1458.4
1409270 1456.2
1409280 1454.2
1409290 1454.2
1409300 1451.9
1409310 1449.4
1409320 1449.4
1409330 1447.5
1409340 1445.6
1409350 1445.6
1409360 1442.8
1409370 1439.9
1409380 1439.9
1409390 1437.4
1409400 1434.8
1409410 1432.7
1409420 1432.7
1409430 1431.4
1409440 1429.6
1409450 1429.6
1409460 1425.7
1409470 1422.0
1409480 1422.0
1409490 1419.0
1409500 1416.5
1409510 1416.5
1409520 1414.2
1409530 1411.2
1409540 1411.2
1409550 1407.7
1409560 1403.4
1409570 1403.4
1409580 1399.0
1409590 1394.4
1409600 1394.4
1409610 1389.7
1409620 1384.5
1409630 1384.5
1409640 1379.6
1409650 1376.1
1409660 1376.1
1409670 1371.7
1409680 1366.9
1409690 1363.6
1409700 1363.6
1409710 1361.0
1409720 1357.2
1409730 1357.2
1409740 1353.2
1409750 1350.3
1409760 1350.3
1409770 1347.9
1409780 1344.9
1409790 1344.9
1409800 1340.4
1409810 1335.9
1409820 1335.9
1409830 1330.7
1409840 1323.9
1409850 1323.9
1409860 1320.5
1409870 1315.7
1409880 1315.7
1409890 1311.0
1409900 1306.4
1409910 1306.4
1409920 1300.8
1409930 1295.2
1409940 1295.2
1409950 1288.9
1409960 1282.5
1409970 1277.5
1409980 1277.5
1409990 1273.3
1410000 1270.3
1410010 1270.3
1410020 1268.0
1410030 1266.0
1410040 1266.0
1410050 1263.9
1410060 1260.9
1410070 1260.9
1410080 1257.8
1410090 1254.1
1410100 1254.1
1410110 1250.5
1410120 1246.6
1410130 1246.6
1410140 1244.9
1410150 1241.5
1410160 1241.5
1410170 1237.4
1410180 1233.5
1410190 1233.5
1410200 1230.2
1410210 1225.3
1410220 1225.3
1410230 1220.4
1410240 1212.2
1410250 1204.5
1410260 1204.5
1410270 1199.3
1410280 1194.7
1410290 1194.7
1410300 1191.2
1410310 1188.0
1410320 1188.0
1410330 1184.8
1410340 1182.3
1410350 1182.3
1410360 1180.6
1410370 1178.9
1410380 1178.9
1410390 1175.1
1410400 1169.7
1410410 1169.7
1410420 1164.8
1410430 1160.7
1410440 1160.7
1410450 1156.8
1410460 1152.8
1410470 1152.8
1410480 1149.0
1410490 1146.1
1410500 1146.1
1410510 1142.7
1410520 1135.6
1410530 1135.6
1410540 1128.9
1410550 1123.1
1410560 1119.5
1410570 1119.5
1410580 1115.1
1410590 1109.5
1410600 1109.5
1410610 1103.1
1410620 1099.0
1410630 1099.0
1410640 1094.5
1410650 1089.7
1410660 1089.7
1410670 1084.6
1410680 1078.6
1410690 1078.6
1410700 1072.5
1410710 1067.7
1410720 1067.7
1410730 1064.2
1410740 1060.5
1410750 1060.5
1410760 1056.4
1410770 1052.7
1410780 1052.7
1410790 1048.8
1410800 1044.7
1410810 1044.7
1410820 1040.8
1410830 1032.5
1410840 1027.5
1410850 1027.5
1410860 1025.4
1410870 1030.9
1410880 1030.9
1410890 1037.0
1410900 1043.9
1410910 1043.9
1410920 1051.7
1410930 1060.9
1410940 1060.9
1410950 1067.1
1410960 1065.0
1410970 1072.8
1410980 1074.4
1410990 1082.0
1411000 1082.0
1411010 1086.2
1411020 1085.3
1411030 1085.3
1411040 1091.3
1411050 1101.3
1411060 1101.3
1411070 1110.2
1411080 1117.3
1411090 1117.3
1411100 1122.8
1411110 1129.3
1411120 1136.1
1411130 1136.1
1411140 1141.8
1411150 1146.7
1411160 1146.7
1411170 1153.3
1411180 1158.6
1411190 1158.6
1411200 1162.6
1411210 1166.8
1411220 1166.8
1411230 1171.6
1411240 1174.7
1411250 1174.7
1411260 1178.1
1411270 1182.9
1411280 1182.9
1411290 1187.9
1411300 1192.4
1411310 1192.4
1411320 1196.2
1411330 1199.5
1411340 1199.5
1411350 1202.2
1411360 1205.0
1411370 1205.0
1411380 1207.4
1411390 1211.7
1411400 1218.0
1411410 1218.0
1411420 1224.4
1411430 1230.6
1411440 1230.6
1411450 1236.1
1411460 1241.2
1411470 1241.2
1411480 1244.8
1411490 1249.3
1411500 1249.3
1411510 1254.9
1411520 1260.7
1411530 1260.7
1411540 1266.4
1411550 1271.5
1411560 1271.5
1411570 1276.2
1411580 1281.1
1411590 1281.1
1411600 1284.3
1411610 1289.1
1411620 1289.1
1411630 1293.9
1411640 1300.4
1411650 1300.4
1411660 1306.8
1411670 1312.3
1411680 1317.7
1411690 1317.7
1411700 1323.0
1411710 1328.4
1411720 1328.4
1411730 1333.7
1411740 1339.1
1411750 1339.1
1411760 1344.5
1411770 1350.3
1411780 1350.3
1411790 1355.8
1411800 1361.9
1411810 1361.9
1411820 1368.6
1411830 1374.9
1411840 1374.9
1411850 1381.0
1411860 1387.3
1411870 1387.3
1411880 1393.4
1411890 1399.4
1411900 1399.4
1411910 1405.0
1411920 1405.8
1411930 1405.8
1411940 1405.1
1411950 1404.0
1411960 1404.0
1411970 1401.1
1411980 1397.5
1411990 1394.4
1412000 1394.4
1412010 1390.5
1412020 1385.6
1412030 1385.6
1412040 1380.5
1412050 1375.6
1412060 1375.6
1412070 1370.7
1412080 1366.1
1412090 1366.1
1412100 1362.2
1412110 1358.5
1412120 1358.5
1412130 1354.6
1412140 1349.6
1412150 1349.6
1412160 1346.4
1412170 1341.7
1412180 1341.7
1412190 1335.3
1412200 1328.5
1412210 1328.5
1412220 1325.1
1412230 1326.5
1412240 1326.5
1412250 1328.7
1412260 1328.3
1412270 1327.3
1412280 1327.3
1412290 1327.2
1412300 1326.7
1412310 1326.7
1412320 1325.6
1412330 1325.2
1412340 1325.2
1412350 1327.7
1412360 1328.7
1412370 1328.7
1412380 1329.3
1412390 1330.4
1412400 1330.4
1412410 1331.4
1412420 1332.6
1412430 1332.6
1412440 1334.9
1412450 1337.1
1412460 1337.1
1412470 1338.6
1412480 1339.0
1412490 1339.0
1412500 1338.0
1412510 1336.2
1412520 1336.2
1412530 1334.2
1412540 1332.5
1412550 1331.5
1412560 1331.5
1412570 1330.4
1412580 1328.0
1412590 1328.0
1412600 1324.8
1412610 1322.0
1412620 1322.0
1412630 1319.3
1412640 1316.8
1412650 1316.8
1412660 1314.2
1412670 1312.2
1412680 1312.2
1412690 1310.2
1412700 1307.5
1412710 1307.5
1412720 1304.8
1412730 1300.7
1412740 1300.7
1412750 1296.1
1412760 1291.0
1412770 1291.0
1412780 1286.2
1412790 1282.6
1412800 1282.6
1412810 1278.5
1412820 1274.4
1412830 1269.7
1412840 1269.7
1412850 1265.2
1412860 1260.9
1412870 1260.9
1412880 1258.1
1412890 1255.3
1412900 1255.3
1412910 1251.8
1412920 1247.5
1412930 1247.5
1412940 1242.0
1412950 1237.0
1412960 1237.0
1412970 1232.6
1412980 1228.2
1412990 1228.2
1413000 1222.9
1413010 1217.8
1413020 1217.8
1413030 1213.7
1413040 1209.9
1413050 1209.9
1413060 1206.0
1413070 1201.5
1413080 1201.5
1413090 1196.8
1413100 1193.4
1413110 1190.1
1413120 1190.1
1413130 1186.5
1413140 1181.4
1413150 1181.4
1413160 1174.7
1413170 1168.9
1413180 1168.9
1413190 1165.0
1413200 1161.2
1413210 1161.2
1413220 1157.0
1413230 1152.8
1413240 1152.8
1413250 1148.9
1413260 1145.0
1413270 1145.0
1413280 1140.7
1413290 1136.3
1413300 1136.3
1413310 1131.9
1413320 1126.5
1413330 1126.5
1413340 1120.7
1413350 1115.0
1413360 1115.0
1413370 1108.1
1413380 1103.4
1413390 1103.4
1413400 1099.3
1413410 1091.9
1413420 1084.0
1413430 1084.0
1413440 1076.7
1413450 1071.9
1413460 1071.9
1413470 1068.8
1413480 1065.6
1413490 1065.6
1413500 1062.6
1413510 1059.1
1413520 1059.1
1413530 1054.0
1413540 1048.3
1413550 1048.3
1413560 1043.1
1413570 1038.0
1413580 1038.0
1413590 1033.9
1413600 1028.9
1413610 1028.9
1413620 1025.6
1413630 1023.3
1413640 1023.3
1413650 1017.3
1413660 1010.9
1413670 1010.9
1413680 1005.8
1413690 999.5
1413700 994.7
1413710 994.7
1413720 988.1
1413730 980.8
1413740 980.8
1413750 978.5
1413760 974.2
1413770 974.2
1413780 965.8
1413790 963.2
1413800 963.2
1413810 961.1
1413820 958.7
1413830 958.7
1413840 959.5
1413850 962.7
1413860 962.7
1413870 964.2
1413880 966.8
1413890 966.8
1413900 969.4
1413910 972.4
1413920 972.4
1413930 975.5
1413940 979.3
1413950 979.3
1413960 983.3
1413970 988.5
1413980 994.3
1413990 994.3
1414000 1000.9
1414010 1007.9
1414020 1007.9
1414030 1015.1
1414040 1020.9
1414050 1020.9
1414060 1027.4
1414070 1032.6
1414080 1032.6
1414090 1034.0
1414100 1036.0
1414110 1036.0
1414120 1038.5
1414130 1040.5
1414140 1040.5
1414150 1040.8
1414160 1038.4
1414170 1038.4
1414180 1042.4
1414190 1049.3
1414200 1049.3
1414210 1055.5
1414220 1060.8
1414230 1060.8
1414240 1062.1
1414250 1062.4
1414260 1066.0
1414270 1066.0
1414280 1070.4
1414290 1076.5
1414300 1076.5
1414310 1082.3
1414320 1087.1
1414330 1087.1
1414340 1090.9
1414350 1097.9
1414360 1097.9
1414370 1102.6
1414380 1106.5
1414390 1106.5
1414400 1107.3
1414410 1104.9
1414420 1104.9
1414430 1102.2
1414440 1100.1
1414450 1100.1
1414460 1099.2
1414470 1097.6
1414480 1097.6
1414490 1095.4
1414500 1091.8
1414510 1097.6
1414520 1094.1
1414530 1090.4
1414540 1087.4
1414550 1087.4
1414560 1083.4
1414570 1079.5
1414580 1079.5
1414590 1071.8
1414600 1059.5
1414610 1059.5
1414620 1046.4
1414630 1045.8
1414640 1045.8
1414650 1055.2
1414660 1065.8
1414670 1065.8
1414680 1073.0
1414690 1078.4
1414700 1078.4
1414710 1082.3
1414720 1084.8
1414730 1084.8
1414740 1086.7
1414750 1088.6
1414760 1088.6
1414770 1090.5
1414780 1091.6
1414790 1091.6
1414800 1091.8
1414810 1091.4
1414820 1091.4
1414830 1091.0
1414840 1090.4
1414850 1090.1
1414860 1090.1
1414870 1089.9
1414880 1088.0
1414890 1088.0
1414900 1085.4
1414910 1085.6
1414920 1085.6
1414930 1085.5
1414940 1083.9
1414950 1083.9
1414960 1083.6
1414970 1082.8
1414980 1082.8
1414990 1082.0
1415000 1081.9
1415010 1081.9
1415020 1080.4
1415030 1077.6
1415040 1077.6
1415050 1073.1
1415060 1066.7
1415070 1066.7
1415080 1062.6
1415090 1054.7
1415100 1054.7
1415110 1045.5
1415120 1038.7
1415130 1033.2
1415140 1033.2
1415150 1033.6
1415160 1043.3
1415170 1043.3
1415180 1050.0
1415190 1054.2
1415200 1054.2
1415210 1058.8
1415220 1060.6
1415230 1060.6
1415240 1060.4
1415250 1059.9
1415260 1059.9
1415270 1059.1
1415280 1058.3
1415290 1058.3
1415300 1057.0
1415310 1055.2
1415320 1055.2
1415330 1050.5
1415340 1043.9
1415350 1043.9
1415360 1038.3
1415370 1031.2
1415380 1031.2
1415390 1023.5
1415400 1027.4
1415410 1033.0
1415420 1033.0
1415430 1036.6
1415440 1036.0
1415450 1036.0
1415460 1033.8
1415470 1036.2
1415480 1036.2
1415490 1040.1
1415500 1039.9
1415510 1039.9
1415520 1037.8
1415530 1035.0
1415540 1035.0
1415550 1029.4
1415560 1026.8
1415570 1026.8
1415580 1030.0
1415590 1030.1
1415600 1030.1
1415610 1028.8
1415620 1027.4
1415630 1027.4
1415640 1025.3
1415650 1022.9
1415660 1022.9
1415670 1020.8
1415680 1019.1
1415690 1015.2
1415700 1015.2
1415710 1018.0
1415720 1019.0
1415730 1019.0
1415740 1017.8
1415750 1015.8
1415760 1015.8
1415770 1013.5
1415780 1010.6
1415790 1010.6
1415800 1007.3
1415810 1001.5
1415820 1001.5
1415830 993.9
1415840 990.1
1415850 990.1
1415860 986.2
1415870 988.5
1415880 988.5
1415890 991.6
1415900 992.3
1415910 992.3
1415920 991.9
1415930 989.8
1415940 989.8
1415950 986.2
1415960 980.2
1415970 972.8
1415980 972.8
1415990 963.1
1416000 959.1
1416010 959.1
1416020 964.7
1416030 966.6
1416040 966.6
1416050 966.6
1416060 964.8
1416070 964.8
1416080 960.5
1416090 956.1
1416100 956.1
1416110 952.4
1416120 948.5
1416130 948.5
1416140 943.7
1416150 938.7
1416160 938.7
1416170 933.2
1416180 924.9
1416190 924.9
1416200 917.2
1416210 909.2
1416220 909.2
1416230 901.1
1416240 891.8
1416250 891.8
1416260 883.9
1416270 884.3
1416280 885.7
1416290 885.7
1416300 886.5
1416310 886.2
1416320 886.2
1416330 886.2
1416340 887.4
1416350 887.4
1416360 893.1
1416370 897.1
1416380 897.1
1416390 898.6
1416400 902.0
1416410 902.0
1416420 907.0
1416430 910.5
1416440 910.5
1416450 913.9
1416460 917.1
1416470 917.1
1416480 920.3
1416490 924.0
1416500 924.0
1416510 927.9
1416520 931.7
1416530 931.7
1416540 934.7
1416550 937.1
1416560 939.2
1416570 939.2
1416580 940.7
1416590 942.6
1416600 942.6
1416610 945.2
1416620 948.3
1416630 948.3
1416640 950.9
1416650 954.4
1416660 954.4
1416670 959.5
1416680 965.5
1416690 965.5
1416700 971.8
1416710 978.7
1416720 978.7
1416730 985.2
1416740 989.3
1416750 989.3
1416760 995.8
1416770 1000.7
1416780 1000.7
1416790 1005.4
1416800 1010.6
1416810 1010.6
1416820 1014.0
1416830 1017.2
1416840 1019.9
1416850 1019.9
1416860 1022.0
1416870 1023.9
1416880 1023.9
1416890 1025.4
1416900 1027.3
1416910 1027.3
1416920 1030.5
1416930 1033.7
1416940 1033.7
1416950 1036.2
1416960 1037.6
1416970 1037.6
1416980 1038.7
1416990 1040.2
1417000 1040.2
1417010 1041.1
1417020 1041.6
1417030 1041.6
1417040 1041.8
1417050 1041.2
1417060 1041.2
1417070 1039.9
1417080 1037.7
1417090 1037.7
1417100 1036.4
1417110 1037.3
1417120 1037.1
1417130 1037.1
1417140 1036.1
1417150 1034.2
1417160 1034.2
1417170 1031.4
1417180 1028.1
1417190 1028.1
1417200 1024.6
1417210 1020.9
1417220 1020.9
1417230 1017.1
1417240 1012.9
1417250 1012.9
1417260 1008.1
1417270 1004.1
1417280 1004.1
1417290 999.5
1417300 994.2
1417310 994.2
1417320 987.4
1417330 980.2
1417340 980.2
1417350 974.2
1417360 967.1
1417370 967.1
1417380 959.5
1417390 952.4
1417400 948.0
1417410 948.0
1417420 942.1
1417430 934.0
1417440 934.0
1417450 925.3
1417460 916.3
1417470 916.3
1417480 914.3
1417490 918.7
1417500 918.7
1417510 924.4
1417520 933.2
1417530 933.2
1417540 943.2
1417550 951.4
1417560 951.4
1417570 951.7
1417580 950.9
1417590 950.9
1417600 959.6
1417610 966.1
1417620 966.1
1417630 964.8
1417640 962.9
1417650 962.9
1417660 961.4
1417670 957.8
1417680 951.8
1417690 951.8
1417700 942.2
1417710 930.4
1417720 930.4
1417730 920.5
1417740 923.5
1417750 923.5
1417760 930.5
1417770 938.0
1417780 938.0
1417790 945.3
1417800 951.0
1417810 951.0
1417820 956.4
1417830 962.0
1417840 962.0
1417850 966.7
1417860 970.2
1417870 970.2
1417880 971.3
1417890 971.6
1417900 971.6
1417910 971.6
1417920 970.9
1417930 970.9
1417940 969.0
1417950 966.6
1417960 966.6
1417970 962.9
1417980 958.4
1417990 960.2
1418000 960.2
1418010 961.6
1418020 961.9
1418030 961.9
1418040 961.9
1418050 961.6
1418060 961.6
1418070 961.1
1418080 959.7
1418090 959.7
1418100 958.5
1418110 957.7
1418120 957.7
1418130 957.5
1418140 957.0
1418150 957.0
1418160 956.2
1418170 955.0
1418180 955.0
1418190 953.5
1418200 951.2
1418210 951.2
1418220 948.3
1418230 946.2
1418240 946.2
1418250 949.6
1418260 946.9
1418270 943.6
1418280 943.6
1418290 938.1
1418300 932.3
1418310 932.3
1418320 926.7
1418330 920.7
1418340 920.7
1418350 915.1
1418360 910.4
1418370 910.4
1418380 905.7
1418390 901.6
1418400 901.6
1418410 897.4
1418420 892.1
1418430 892.1
1418440 886.7
1418450 882.3
1418460 882.3
1418470 878.1
1418480 878.9
1418490 878.9
1418500 885.2
1418510 892.2
1418520 892.2
1418530 896.5
1418540 902.8
1418550 908.5
1418560 908.5
1418570 910.5
1418580 913.3
1418590 913.3
1418600 919.3
1418610 925.2
1418620 925.2
1418630 931.1
1418640 938.1
1418650 938.1
1418660 943.0
1418670 943.6
1418680 943.6
1418690 942.4
1418700 946.4
1418710 946.4
1418720 951.3
1418730 956.4
1418740 956.4
1418750 960.7
1418760 963.8
1418770 963.8
1418780 966.2
1418790 968.0
1418800 968.0
1418810 969.5
1418820 971.7
1418830 973.9
1418840 973.9
1418850 974.7
1418860 974.2
1418870 974.2
1418880 971.8
1418890 967.7
1418900 967.7
1418910 962.4
1418920 955.8
1418930 955.8
1418940 948.3
1418950 942.6
1418960 942.6
1418970 934.8
1418980 926.2
1418990 926.2
1419000 916.4
1419010 907.3
1419020 907.3
1419030 901.3
1419040 896.0
1419050 896.0
1419060 891.8
1419070 884.8
1419080 884.8
1419090 880.0
1419100 877.6
1419110 874.8
1419120 874.8
1419130 871.6
1419140 867.3
1419150 867.3
1419160 865.6
1419170 862.5
1419180 862.5
1419190 858.3
1419200 854.7
1419210 854.7
1419220 851.3
1419230 847.4
1419240 847.4
1419250 844.1
1419260 841.3
1419270 841.3
1419280 840.7
1419290 841.4
1419300 841.4
1419310 842.5
1419320 843.3
1419330 843.3
1419340 843.9
1419350 841.8
1419360 841.8
1419370 844.1
1419380 844.8
1419390 844.8
1419400 844.9
1419410 844.7
1419420 844.1
1419430 844.1
1419440 842.8
1419450 841.6
1419460 841.6
1419470 840.1
1419480 838.3
1419490 838.3
1419500 836.9
1419510 835.6
1419520 835.6
1419530 834.4
1419540 833.3
1419550 833.3
1419560 832.8
1419570 833.1
1419580 833.1
1419590 834.0
1419600 834.8
1419610 834.8
1419620 835.0
1419630 834.3
1419640 834.3
1419650 833.1
1419660 832.2
1419670 832.2
1419680 831.0
1419690 829.9
1419700 829.4
1419710 829.4
1419720 829.5
1419730 829.5
1419740 829.5
1419750 829.1
1419760 827.7
1419770 827.7
1419780 826.3
1419790 824.5
1419800 824.5
1419810 824.2
1419820 825.7
1419830 825.7
1419840 826.8
1419850 826.9
1419860 826.9
1419870 826.8
1419880 826.5
1419890 826.5
1419900 826.2
1419910 825.9
1419920 825.9
1419930 825.6
1419940 825.3
1419950 825.3
1419960 825.1
1419970 824.9
1419980 824.7
1419990 824.7
