1400000 1327.6
1400010 1328.4
1400020 1329.3
1400030 1329.3
1400040 1330.1
1400050 1330.8
1400060 1330.8
1400070 1331.7
1400080 1332.7
1400090 1332.7
1400100 1333.8
1400110 1335.0
1400120 1335.0
1400130 1336.2
1400140 1337.1
1400150 1337.1
1400160 1337.8
1400170 1338.5
1400180 1338.5
1400190 1339.1
1400200 1339.4
1400210 1339.4
1400220 1339.1
1400230 1338.7
1400240 1339.5
1400250 1339.5
1400260 1340.1
1400270 1340.7
1400280 1340.7
1400290 1341.4
1400300 1342.1
1400310 1342.1
1400320 1341.9
1400330 1340.9
1400340 1340.9
1400350 1337.0
1400360 1334.6
1400370 1334.6
1400380 1334.0
1400390 1334.0
1400400 1334.0
1400410 1334.9
1400420 1335.4
1400430 1335.4
1400440 1335.3
1400450 1334.6
1400460 1334.6
1400470 1334.6
1400480 1334.4
1400490 1334.4
1400500 1333.6
1400510 1332.8
1400520 1332.3
1400530 1332.3
1400540 1331.9
1400550 1328.9
1400560 1328.9
1400570 1328.3
1400580 1326.7
1400590 1326.7
1400600 1324.1
1400610 1321.4
1400620 1321.4
1400630 1320.9
1400640 1320.9
1400650 1320.9
1400660 1320.0
1400670 1318.0
1400680 1318.0
1400690 1315.6
1400700 1313.1
1400710 1313.1
1400720 1310.1
1400730 1307.8
1400740 1307.8
1400750 1306.4
1400760 1306.0
1400770 1306.0
1400780 1305.8
1400790 1305.5
1400800 1305.2
1400810 1305.2
1400820 1305.1
1400830 1304.1
1400840 1304.1
1400850 1303.2
1400860 1303.2
1400870 1303.2
1400880 1303.5
1400890 1304.2
1400900 1304.2
1400910 1303.5
1400920 1302.6
1400930 1302.6
1400940 1301.3
1400950 1299.0
1400960 1299.0
1400970 1296.1
1400980 1293.6
1400990 1293.6
1401000 1291.1
1401010 1288.7
1401020 1288.7
1401030 1285.5
1401040 1282.5
1401050 1282.5
1401060 1281.6
1401070 1280.3
1401080 1280.3
1401090 1278.3
1401100 1276.3
1401110 1274.8
1401120 1274.8
1401130 1274.3
1401140 1274.0
1401150 1274.0
1401160 1272.7
1401170 1269.8
1401180 1269.8
1401190 1267.8
1401200 1265.1
1401210 1265.1
1401220 1263.5
1401230 1264.0
1401240 1264.0
1401250 1263.4
1401260 1262.5
1401270 1262.5
1401280 1260.5
1401290 1257.2
1401300 1257.2
1401310 1253.0
1401320 1249.7
1401330 1249.7
1401340 1246.4
1401350 1242.8
1401360 1242.8
1401370 1239.2
1401380 1236.3
1401390 1233.9
1401400 1233.9
1401410 1231.6
1401420 1230.3
1401430 1230.3
1401440 1229.3
1401450 1228.4
1401460 1228.4
1401470 1227.8
1401480 1227.4
1401490 1227.4
1401500 1227.2
1401510 1227.2
1401520 1227.2
1401530 1226.8
1401540 1225.5
1401550 1225.5
1401560 1223.9
1401570 1222.1
1401580 1222.1
1401590 1219.6
1401600 1216.2
1401610 1216.2
1401620 1211.6
1401630 1208.6
1401640 1208.6
1401650 1207.3
1401660 1205.9
1401670 1205.9
1401680 1202.8
1401690 1198.2
1401700 1196.3
1401710 1196.3
1401720 1195.8
1401730 1194.0
1401740 1194.0
1401750 1193.5
1401760 1192.7
1401770 1192.7
1401780 1192.5
1401790 1193.1
1401800 1193.1
1401810 1193.2
1401820 1192.0
1401830 1192.0
1401840 1189.9
1401850 1188.6
1401860 1188.6
1401870 1188.7
1401880 1188.0
1401890 1188.0
1401900 1186.5
1401910 1184.4
1401920 1184.4
1401930 1182.4
1401940 1181.0
1401950 1181.0
1401960 1179.4
1401970 1178.4
1401980 1176.7
1401990 1176.7
1402000 1172.4
1402010 1160.0
1402020 1160.0
1402030 1157.4
1402040 1157.9
1402050 1157.9
1402060 1156.5
1402070 1152.3
1402080 1143.5
1402090 1143.4
1402100 1145.5
1402110 1145.5
1402120 1145.3
1402130 1142.6
1402140 1142.6
1402150 1138.5
1402160 1132.6
1402170 1132.6
1402180 1126.3
1402190 1122.9
1402200 1122.9
1402210 1122.0
1402220 1121.1
1402230 1121.1
1402240 1120.1
1402250 1119.3
1402260 1118.0
1402270 1118.0
1402280 1116.4
1402290 1115.0
1402300 1115.0
1402310 1112.0
1402320 1109.8
1402330 1109.8
1402340 1109.2
1402350 1108.2
1402360 1108.2
1402370 1107.2
1402380 1108.3
1402390 1108.3
1402400 1107.9
1402410 1109.1
1402420 1109.1
1402430 1112.5
1402440 1112.8
1402450 1112.8
1402460 1112.3
1402470 1111.5
1402480 1111.5
1402490 1110.1
1402500 1108.9
1402510 1108.9
1402520 1107.6
1402530 1106.7
1402540 1106.7
1402550 1104.7
1402560 1103.4
1402570 1101.7
1402580 1101.7
1402590 1100.2
1402600 1099.0
1402610 1099.0
1402620 1097.8
1402630 1096.7
1402640 1096.7
1402650 1095.4
1402660 1094.0
1402670 1094.0
1402680 1093.0
1402690 1092.2
1402700 1092.2
1402710 1090.3
1402720 1087.8
1402730 1087.8
1402740 1085.9
1402750 1083.6
1402760 1083.6
1402770 1081.1
1402780 1078.5
1402790 1078.5
1402800 1073.9
1402810 1069.1
1402820 1069.1
1402830 1063.7
1402840 1057.1
1402850 1052.8
1402860 1052.8
1402870 1047.6
1402880 1042.4
1402890 1042.4
1402900 1039.4
1402910 1036.5
1402920 1036.5
1402930 1033.3
1402940 1031.9
1402950 1031.9
1402960 1030.7
1402970 1029.8
1402980 1029.8
1402990 1029.1
1403000 1028.5
1403010 1028.5
1403020 1028.2
1403030 1027.6
1403040 1027.6
1403050 1026.6
1403060 1025.5
1403070 1025.5
1403080 1025.3
1403090 1026.3
1403100 1026.3
1403110 1027.6
1403120 1028.3
1403130 1028.3
1403140 1028.0
1403150 1027.8
1403160 1027.2
1403170 1027.2
1403180 1026.6
1403190 1026.1
1403200 1026.1
1403210 1026.0
1403220 1026.0
1403230 1026.0
1403240 1025.7
1403250 1025.2
1403260 1025.2
1403270 1025.1
1403280 1025.0
1403290 1025.0
1403300 1025.0
1403310 1025.2
1403320 1025.2
1403330 1025.1
1403340 1024.9
1403350 1024.9
1403360 1024.7
1403370 1024.6
1403380 1024.6
1403390 1024.5
1403400 1024.3
1403410 1024.3
1403420 1024.2
1403430 1024.3
1403440 1024.2
1403450 1024.2
1403460 1024.0
1403470 1023.7
1403480 1023.7
1403490 1023.2
1403500 1023.0
1403510 1023.0
1403520 1023.1
1403530 1023.2
1403540 1023.2
1403550 1023.0
1403560 1023.2
1403570 1023.2
1403580 1024.2
1403590 1025.7
1403600 1025.7
1403610 1027.7
1403620 1029.7
1403630 1029.7
1403640 1033.9
1403650 1035.5
1403660 1035.5
1403670 1036.8
1403680 1037.7
1403690 1037.7
1403700 1039.1
1403710 1040.2
1403720 1040.9
1403730 1040.9
1403740 1041.2
1403750 1042.1
1403760 1042.1
1403770 1043.7
1403780 1045.5
1403790 1045.5
1403800 1047.2
1403810 1049.3
1403820 1049.3
1403830 1051.6
1403840 1054.3
1403850 1054.3
1403860 1056.6
1403870 1058.5
1403880 1058.5
1403890 1060.6
1403900 1062.6
1403910 1062.6
1403920 1064.7
1403930 1066.9
1403940 1066.9
1403950 1069.4
1403960 1072.5
1403970 1072.5
1403980 1073.3
1403990 1071.8
1404000 1071.8
1404010 1072.9
1404020 1076.3
1404030 1081.6
1404040 1081.6
1404050 1084.2
1404060 1086.1
1404070 1086.1
1404080 1087.1
1404090 1090.1
1404100 1090.1
1404110 1093.4
1404120 1098.7
1404130 1098.7
1404140 1104.1
1404150 1108.2
1404160 1108.2
1404170 1111.3
1404180 1114.2
1404190 1114.2
1404200 1116.7
1404210 1118.6
1404220 1118.6
1404230 1119.2
1404240 1119.5
1404250 1119.5
1404260 1120.9
1404270 1122.9
1404280 1122.9
1404290 1124.7
1404300 1125.3
1404310 1125.0
1404320 1125.0
1404330 1126.5
1404340 1130.0
1404350 1130.0
1404360 1133.1
1404370 1135.5
1404380 1135.5
1404390 1138.5
1404400 1142.4
1404410 1142.4
1404420 1145.7
1404430 1148.3
1404440 1148.3
1404450 1150.4
1404460 1152.3
1404470 1152.3
1404480 1153.7
1404490 1154.4
1404500 1154.4
1404510 1154.9
1404520 1155.8
1404530 1155.8
1404540 1156.9
1404550 1158.4
1404560 1158.4
1404570 1159.9
1404580 1159.0
1404590 1159.0
1404600 1157.3
1404610 1157.6
1404620 1159.7
1404630 1159.7
1404640 1160.5
1404650 1161.0
1404660 1161.0
1404670 1161.8
1404680 1164.0
1404690 1164.0
1404700 1167.0
1404710 1169.6
1404720 1169.6
1404730 1171.9
1404740 1174.1
1404750 1174.1
1404760 1176.6
1404770 1179.8
1404780 1179.8
1404790 1184.6
1404800 1188.9
1404810 1188.9
1404820 1192.0
1404830 1194.8
1404840 1194.8
1404850 1197.4
1404860 1199.4
1404870 1199.4
1404880 1201.3
1404890 1203.5
1404900 1205.5
1404910 1205.5
1404920 1207.8
1404930 1210.0
1404940 1210.0
1404950 1212.1
1404960 1214.1
1404970 1214.1
1404980 1215.6
1404990 1218.6
1405000 1218.6
1405010 1221.1
1405020 1222.3
1405030 1222.3
1405040 1222.9
1405050 1224.1
1405060 1224.1
1405070 1225.4
1405080 1227.5
1405090 1227.5
1405100 1229.9
1405110 1231.7
1405120 1231.7
1405130 1233.1
1405140 1234.6
1405150 1234.6
1405160 1236.3
1405170 1237.6
1405180 1238.8
1405190 1238.8
1405200 1240.3
1405210 1241.3
1405220 1241.3
1405230 1242.6
1405240 1246.8
1405250 1246.8
1405260 1247.8
1405270 1249.0
1405280 1249.0
1405290 1249.8
1405300 1250.4
1405310 1250.4
1405320 1250.2
1405330 1248.2
1405340 1248.2
1405350 1246.2
1405360 1245.5
1405370 1245.5
1405380 1245.5
1405390 1245.7
1405400 1245.7
1405410 1245.3
1405420 1244.0
1405430 1244.0
1405440 1241.9
1405450 1240.0
1405460 1240.0
1405470 1239.4
1405480 1237.6
1405490 1235.0
1405500 1235.0
1405510 1233.6
1405520 1230.8
1405530 1230.8
1405540 1227.8
1405550 1222.3
1405560 1222.3
1405570 1215.3
1405580 1208.4
1405590 1208.4
1405600 1200.5
1405610 1201.7
1405620 1201.7
1405630 1209.6
1405640 1219.7
1405650 1219.7
1405660 1230.2
1405670 1239.3
1405680 1239.3
1405690 1247.7
1405700 1255.0
1405710 1255.0
1405720 1261.9
1405730 1269.5
1405740 1269.5
1405750 1276.9
1405760 1284.7
1405770 1292.6
1405780 1292.6
1405790 1299.9
1405800 1306.8
1405810 1306.8
1405820 1314.0
1405830 1321.2
1405840 1321.2
1405850 1328.9
1405860 1335.6
1405870 1335.6
1405880 1342.0
1405890 1347.7
1405900 1347.7
1405910 1354.1
1405920 1359.8
1405930 1359.8
1405940 1361.3
1405950 1362.2
1405960 1362.2
1405970 1364.4
1405980 1367.1
1405990 1367.1
1406000 1369.5
1406010 1371.4
1406020 1371.4
1406030 1373.6
1406040 1375.1
1406050 1375.1
1406060 1376.4
1406070 1377.8
1406080 1380.0
1406090 1380.0
1406100 1381.4
1406110 1381.8
1406120 1381.8
1406130 1381.3
1406140 1379.0
1406150 1379.0
1406160 1376.4
1406170 1373.8
1406180 1373.8
1406190 1371.5
1406200 1369.9
1406210 1369.9
1406220 1367.5
1406230 1366.3
1406240 1366.3
1406250 1366.1
1406260 1366.0
1406270 1366.0
1406280 1366.3
1406290 1367.2
1406300 1367.2
1406310 1367.3
1406320 1365.4
1406330 1365.4
1406340 1363.2
1406350 1361.5
1406360 1360.7
1406370 1360.7
1406380 1359.9
1406390 1358.2
1406400 1358.2
1406410 1356.9
1406420 1355.3
1406430 1355.3
1406440 1353.3
1406450 1350.5
1406460 1350.5
1406470 1347.0
1406480 1343.6
1406490 1343.6
1406500 1340.9
1406510 1339.1
1406520 1339.1
1406530 1336.8
1406540 1333.2
1406550 1333.2
1406560 1329.0
1406570 1324.1
1406580 1324.1
1406590 1319.8
1406600 1315.3
1406610 1315.3
1406620 1311.1
1406630 1306.3
1406640 1306.3
1406650 1301.9
1406660 1297.5
1406670 1291.1
1406680 1291.1
1406690 1283.1
1406700 1274.7
1406710 1274.7
1406720 1270.4
1406730 1264.0
1406740 1264.0
1406750 1254.9
1406760 1254.4
1406770 1254.4
1406780 1264.8
1406790 1273.5
1406800 1273.5
1406810 1279.3
1406820 1285.5
1406830 1285.5
1406840 1291.8
1406850 1297.3
1406860 1301.6
1406870 1307.4
1406880 1311.9
1406890 1311.9
1406900 1316.3
1406910 1320.2
1406920 1320.2
1406930 1323.5
1406940 1326.5
1406950 1328.9
1406960 1328.9
1406970 1331.0
1406980 1335.2
1406990 1335.2
1407000 1337.8
1407010 1339.6
1407020 1339.6
1407030 1340.9
1407040 1341.5
1407050 1341.5
1407060 1341.3
1407070 1340.4
1407080 1340.4
1407090 1339.7
1407100 1338.3
1407110 1338.3
1407120 1336.1
1407130 1334.1
1407140 1334.1
1407150 1332.3
1407160 1329.9
1407170 1329.9
1407180 1326.9
1407190 1322.1
1407200 1322.1
1407210 1319.7
1407220 1317.0
1407230 1311.9
1407240 1311.9
1407250 1306.2
1407260 1302.5
1407270 1302.5
1407280 1298.2
1407290 1292.7
1407300 1292.7
1407310 1294.0
1407320 1292.6
1407330 1292.6
1407340 1286.1
1407350 1285.8
1407360 1285.8
1407370 1293.2
1407380 1299.8
1407390 1299.8
1407400 1306.0
1407410 1310.8
1407420 1310.8
1407430 1314.3
1407440 1317.5
1407450 1317.5
1407460 1319.0
1407470 1318.4
1407480 1318.4
1407490 1315.5
1407500 1312.0
1407510 1312.0
1407520 1308.3
1407530 1305.3
1407540 1303.5
1407550 1303.5
1407560 1300.8
1407570 1296.5
1407580 1296.5
1407590 1292.4
1407600 1288.8
1407610 1288.8
1407620 1285.2
1407630 1281.8
1407640 1281.8
1407650 1279.6
1407660 1278.0
1407670 1278.0
1407680 1273.3
1407690 1267.0
1407700 1267.0
1407710 1263.0
1407720 1259.3
1407730 1259.3
1407740 1259.3
1407750 1256.1
1407760 1256.1
1407770 1252.1
1407780 1247.5
1407790 1247.5
1407800 1241.9
1407810 1243.5
1407820 1242.8
1407830 1242.8
1407840 1242.1
1407850 1241.7
1407860 1241.7
1407870 1241.5
1407880 1236.5
1407890 1236.5
1407900 1223.6
1407910 1226.4
1407920 1226.4
1407930 1233.0
1407940 1238.1
1407950 1238.1
1407960 1242.6
1407970 1245.0
1407980 1245.0
1407990 1245.9
1408000 1245.8
1408010 1245.8
1408020 1249.1
1408030 1254.0
1408040 1254.0
1408050 1252.8
1408060 1250.8
1408070 1250.8
1408080 1248.5
1408090 1245.8
1408100 1243.1
1408110 1243.1
1408120 1240.1
1408130 1236.6
1408140 1236.6
1408150 1232.5
1408160 1228.5
1408170 1228.5
1408180 1224.0
1408190 1219.8
1408200 1219.8
1408210 1215.9
1408220 1212.0
1408230 1212.0
1408240 1208.5
1408250 1206.0
1408260 1206.0
1408270 1203.3
1408280 1201.6
1408290 1201.6
1408300 1199.7
1408310 1196.8
1408320 1196.8
1408330 1193.0
1408340 1191.1
1408350 1191.1
1408360 1189.6
1408370 1187.5
1408380 1187.5
1408390 1184.4
1408400 1181.1
1408410 1176.9
1408420 1176.9
1408430 1172.8
1408440 1170.4
1408450 1170.4
1408460 1168.3
1408470 1165.9
1408480 1165.9
1408490 1163.5
1408500 1161.8
1408510 1161.8
1408520 1159.7
1408530 1159.8
1408540 1159.8
1408550 1157.0
1408560 1155.2
1408570 1155.2
1408580 1152.4
1408590 1147.8
1408600 1147.8
1408610 1143.4
1408620 1137.9
1408630 1137.9
1408640 1130.0
1408650 1121.1
1408660 1121.1
1408670 1112.2
1408680 1105.7
1408690 1098.1
1408700 1098.1
1408710 1088.7
1408720 1078.1
1408730 1078.1
1408740 1067.1
1408750 1060.2
1408760 1060.2
1408770 1055.1
1408780 1053.3
1408790 1053.3
1408800 1052.3
1408810 1053.9
1408820 1053.9
1408830 1058.0
1408840 1061.2
1408850 1061.2
1408860 1063.2
1408870 1066.7
1408880 1066.7
1408890 1069.1
1408900 1073.7
1408910 1073.7
1408920 1079.4
1408930 1085.9
1408940 1085.9
1408950 1093.1
1408960 1097.9
1408970 1097.9
1408980 1096.2
1408990 1094.1
1409000 1092.0
1409010 1092.0
1409020 1089.6
1409030 1087.8
1409040 1087.8
1409050 1086.3
1409060 1084.6
1409070 1084.6
1409080 1082.9
1409090 1081.4
1409100 1081.4
1409110 1079.9
1409120 1078.0
1409130 1078.0
1409140 1076.2
1409150 1074.1
1409160 1074.1
1409170 1070.8
1409180 1066.1
1409190 1066.1
1409200 1060.5
1409210 1056.7
1409220 1056.7
1409230 1053.9
1409240 1049.1
1409250 1049.1
1409260 1043.5
1409270 1038.9
1409280 1034.9
1409290 1034.9
1409300 1037.2
1409310 1034.6
1409320 1034.6
1409330 1031.7
1409340 1029.0
1409350 1029.0
1409360 1025.8
1409370 1022.9
1409380 1022.9
1409390 1020.0
1409400 1017.2
1409410 1017.2
1409420 1014.4
1409430 1010.0
1409440 1010.0
1409450 1006.8
1409460 1002.6
1409470 1002.6
1409480 998.2
1409490 1003.6
1409500 1003.6
1409510 1004.6
1409520 1003.1
1409530 1003.1
1409540 998.8
1409550 996.4
1409560 994.8
1409570 994.8
1409580 1001.2
1409590 1001.6
1409600 1001.6
1409610 1000.8
1409620 997.6
1409630 997.6
1409640 994.6
1409650 995.3
1409660 995.3
1409670 996.7
1409680 997.3
1409690 997.3
1409700 994.6
1409710 989.2
1409720 989.2
1409730 985.9
1409740 984.6
1409750 984.6
1409760 987.5
1409770 991.3
1409780 991.3
1409790 993.1
1409800 991.5
1409810 991.5
1409820 988.8
1409830 985.9
1409840 985.9
1409850 984.1
1409860 980.5
1409870 975.9
1409880 975.9
1409890 970.8
1409900 966.1
1409910 966.1
1409920 964.2
1409930 963.6
1409940 963.6
1409950 961.3
1409960 959.0
1409970 959.0
1409980 959.0
1409990 956.2
1410000 956.2
1410010 954.4
1410020 954.2
1410030 954.2
1410040 954.0
1410050 950.2
1410060 950.2
1410070 946.7
1410080 944.4
1410090 944.4
1410100 946.0
1410110 948.6
1410120 948.6
1410130 949.0
1410140 949.0
1410150 949.0
1410160 949.0
1410170 948.7
1410180 948.0
1410190 948.0
1410200 947.1
1410210 946.9
1410220 946.5
1410230 947.4
1410240 948.0
1410250 948.0
1410260 949.0
1410270 951.6
1410280 951.6
1410290 956.7
1410300 962.1
1410310 962.1
1410320 969.0
1410330 971.9
1410340 971.9
1410350 970.4
1410360 965.8
1410370 965.8
1410380 964.9
1410390 967.2
1410400 967.2
1410410 969.8
1410420 974.2
1410430 974.2
1410440 977.5
1410450 981.5
1410460 983.4
1410470 983.4
1410480 984.6
1410490 985.5
1410500 985.5
1410510 986.3
1410520 987.2
1410530 987.2
1410540 988.0
1410550 989.3
1410560 989.3
1410570 991.9
1410580 994.8
1410590 994.8
1410600 997.1
1410610 998.6
1410620 998.6
1410630 999.7
1410640 1001.1
1410650 1001.1
1410660 1003.2
1410670 1005.6
1410680 1005.6
1410690 1006.9
1410700 1008.0
1410710 1008.0
1410720 1009.5
1410730 1009.9
1410740 1009.7
1410750 1009.7
1410760 1009.5
1410770 1009.3
1410780 1009.3
1410790 1008.0
1410800 1006.8
1410810 1006.8
1410820 1005.4
1410830 1005.7
1410840 1005.7
1410850 1005.6
1410860 1006.1
1410870 1006.1
1410880 1006.8
1410890 1008.2
1410900 1008.2
1410910 1009.7
1410920 1011.0
1410930 1011.0
1410940 1012.2
1410950 1013.1
1410960 1013.1
1410970 1014.0
1410980 1015.5
1410990 1015.5
1411000 1017.1
1411010 1017.9
1411020 1019.7
1411030 1019.7
1411040 1023.9
1411050 1024.5
1411060 1024.5
1411070 1025.4
1411080 1026.6
1411090 1026.6
1411100 1027.7
1411110 1028.7
1411120 1028.7
1411130 1029.4
1411140 1029.9
1411150 1029.9
1411160 1030.4
1411170 1031.2
1411180 1031.2
1411190 1031.9
1411200 1032.8
1411210 1032.8
1411220 1033.9
1411230 1034.7
1411240 1034.7
1411250 1035.5
1411260 1036.5
1411270 1036.5
1411280 1037.1
1411290 1037.5
1411300 1037.5
1411310 1038.1
1411320 1039.0
1411330 1040.2
1411340 1040.2
1411350 1042.2
1411360 1044.4
1411370 1044.4
1411380 1046.5
1411390 1048.1
1411400 1048.1
1411410 1050.1
1411420 1052.1
1411430 1052.1
1411440 1054.1
1411450 1056.3
1411460 1056.3
1411470 1059.0
1411480 1062.7
1411490 1062.7
1411500 1066.6
1411510 1067.6
1411520 1067.6
1411530 1067.1
1411540 1068.8
1411550 1068.8
1411560 1071.0
1411570 1073.0
1411580 1073.0
1411590 1075.2
1411600 1077.5
1411610 1079.3
1411620 1079.3
1411630 1080.6
1411640 1081.3
1411650 1081.3
1411660 1083.3
1411670 1084.6
1411680 1084.6
1411690 1086.0
1411700 1085.4
1411710 1085.4
1411720 1085.4
1411730 1086.1
1411740 1086.1
1411750 1087.0
1411760 1088.1
1411770 1088.1
1411780 1088.8
1411790 1088.8
1411800 1088.8
1411810 1089.1
1411820 1089.6
1411830 1089.6
1411840 1086.4
1411850 1089.9
1411860 1089.9
1411870 1094.1
1411880 1095.5
1411890 1095.5
1411900 1095.6
1411910 1096.5
1411920 1098.8
1411930 1098.8
1411940 1100.9
1411950 1102.2
1411960 1098.7
1411970 1099.4
1411980 1099.7
1411990 1099.7
1412000 1100.3
1412010 1101.4
1412020 1101.4
1412030 1101.7
1412040 1102.4
1412050 1102.4
1412060 1103.5
1412070 1104.8
1412080 1104.8
1412090 1105.7
1412100 1106.9
1412110 1106.9
1412120 1108.4
1412130 1109.9
1412140 1109.9
1412150 1109.9
1412160 1108.6
1412170 1108.6
1412180 1107.1
1412190 1105.5
1412200 1102.4
1412210 1102.4
1412220 1098.2
1412230 1100.4
1412240 1100.4
1412250 1099.8
1412260 1100.0
1412270 1100.0
1412280 1096.4
1412290 1092.8
1412300 1092.8
1412310 1091.0
1412320 1090.2
1412330 1090.2
1412340 1090.0
1412350 1083.7
1412360 1083.7
1412370 1078.2
1412380 1076.1
1412390 1076.1
1412400 1071.4
1412410 1063.7
1412420 1063.7
1412430 1060.7
1412440 1063.7
1412450 1063.7
1412460 1070.6
1412470 1073.0
1412480 1074.6
1412490 1074.6
1412500 1078.1
1412510 1081.5
1412520 1081.5
1412530 1086.0
1412540 1092.1
1412550 1092.1
1412560 1096.2
1412570 1101.5
1412580 1101.5
1412590 1107.0
1412600 1111.4
1412610 1111.4
1412620 1118.1
1412630 1125.0
1412640 1125.0
1412650 1132.0
1412660 1138.7
1412670 1138.7
1412680 1143.8
1412690 1149.1
1412700 1149.1
1412710 1154.2
1412720 1158.7
1412730 1158.7
1412740 1161.4
1412750 1164.8
1412760 1164.8
1412770 1168.0
1412780 1170.8
1412790 1174.0
1412800 1174.0
1412810 1178.2
1412820 1183.6
1412830 1183.6
1412840 1190.6
1412850 1194.6
1412860 1194.6
1412870 1196.7
1412880 1200.9
1412890 1200.9
1412900 1206.1
1412910 1211.1
1412920 1211.1
1412930 1215.7
1412940 1221.3
1412950 1221.3
1412960 1227.3
1412970 1233.1
1412980 1233.1
1412990 1237.9
1413000 1242.5
1413010 1242.5
1413020 1247.5
1413030 1251.8
1413040 1251.8
1413050 1255.4
1413060 1258.4
1413070 1261.7
1413080 1261.7
1413090 1264.4
1413100 1267.8
1413110 1267.8
1413120 1270.7
1413130 1272.3
1413140 1272.3
1413150 1275.0
1413160 1278.0
1413170 1278.0
1413180 1280.1
1413190 1282.1
1413200 1282.1
1413210 1285.6
1413220 1291.1
1413230 1291.1
1413240 1296.9
1413250 1300.7
1413260 1300.7
1413270 1303.8
1413280 1305.9
1413290 1305.9
1413300 1307.7
1413310 1313.0
1413320 1313.0
1413330 1318.6
1413340 1322.1
1413350 1322.1
1413360 1325.1
1413370 1327.9
1413380 1330.4
1413390 1330.4
1413400 1332.6
1413410 1335.0
1413420 1335.0
1413430 1337.7
1413440 1340.6
1413450 1340.6
1413460 1343.7
1413470 1346.2
1413480 1346.2
1413490 1348.3
1413500 1351.7
1413510 1351.7
1413520 1355.4
1413530 1358.5
1413540 1358.5
1413550 1361.6
1413560 1365.1
1413570 1365.1
1413580 1368.2
1413590 1370.8
1413600 1370.8
1413610 1373.3
1413620 1375.7
1413630 1375.7
1413640 1378.3
1413650 1380.8
1413660 1383.2
1413670 1383.2
1413680 1386.2
1413690 1389.6
1413700 1389.6
1413710 1390.8
1413720 1392.9
1413730 1392.9
1413740 1392.1
1413750 1394.1
1413760 1394.1
1413770 1396.1
1413780 1398.2
1413790 1398.2
1413800 1400.2
1413810 1402.0
1413820 1402.0
1413830 1404.1
1413840 1405.0
1413850 1405.0
1413860 1405.5
1413870 1408.4
1413880 1408.4
1413890 1413.7
1413900 1419.3
1413910 1419.3
1413920 1423.4
1413930 1425.9
1413940 1430.1
1413950 1430.1
1413960 1434.3
1413970 1437.5
1413980 1437.5
1413990 1440.0
1414000 1441.8
1414010 1441.8
1414020 1443.7
1414030 1445.7
1414040 1445.7
1414050 1447.3
1414060 1449.2
1414070 1449.2
1414080 1451.3
1414090 1453.0
1414100 1453.0
1414110 1455.0
1414120 1456.5
1414130 1456.5
1414140 1459.1
1414150 1461.8
1414160 1461.8
1414170 1463.1
1414180 1464.3
1414190 1464.3
1414200 1466.0
1414210 1466.6
1414220 1466.6
1414230 1467.2
1414240 1468.4
1414250 1469.7
1414260 1469.7
1414270 1470.3
1414280 1470.7
1414290 1470.7
1414300 1471.1
1414310 1472.1
1414320 1472.1
1414330 1473.1
1414340 1474.0
1414350 1474.0
1414360 1474.6
1414370 1475.9
1414380 1475.9
1414390 1475.6
1414400 1473.6
1414410 1473.6
1414420 1474.1
1414430 1475.5
1414440 1475.5
1414450 1477.3
1414460 1477.7
1414470 1477.7
1414480 1482.0
1414490 1482.7
1414500 1482.7
1414510 1484.6
1414520 1486.3
1414530 1486.5
1414540 1486.5
1414550 1485.2
1414560 1487.5
1414570 1487.5
1414580 1488.7
1414590 1489.6
1414600 1489.6
1414610 1490.1
1414620 1489.7
1414630 1489.7
1414640 1488.5
1414650 1487.8
1414660 1487.8
1414670 1487.9
1414680 1488.0
1414690 1488.0
1414700 1487.8
1414710 1487.7
1414720 1487.7
1414730 1488.2
1414740 1487.3
1414750 1487.3
1414760 1482.4
1414770 1485.7
1414780 1485.7
1414790 1486.3
1414800 1489.6
1414810 1489.6
1414820 1492.8
1414830 1493.8
1414840 1494.7
1414850 1494.7
1414860 1495.4
1414870 1494.8
1414880 1494.8
1414890 1495.2
1414900 1496.1
1414910 1496.1
1414920 1497.2
1414930 1498.2
1414940 1498.2
1414950 1498.7
1414960 1499.0
1414970 1499.0
1414980 1500.0
1414990 1500.9
1415000 1500.9
1415010 1500.8
1415020 1500.7
1415030 1500.7
1415040 1501.8
1415050 1503.0
1415060 1503.0
1415070 1503.0
1415080 1502.5
1415090 1502.5
1415100 1502.0
1415110 1501.2
1415120 1500.8
1415130 1500.8
1415140 1500.6
1415150 1500.1
1415160 1500.1
1415170 1498.2
1415180 1496.9
1415190 1496.9
1415200 1498.3
1415210 1499.9
1415220 1499.9
1415230 1500.1
1415240 1501.6
1415250 1501.6
1415260 1501.9
1415270 1502.0
1415280 1502.0
1415290 1501.0
1415300 1498.4
1415310 1498.4
1415320 1497.0
1415330 1499.1
1415340 1499.1
1415350 1500.1
1415360 1500.8
1415370 1500.8
1415380 1501.6
1415390 1501.1
1415400 1501.2
1415410 1501.2
1415420 1501.2
1415430 1500.5
1415440 1500.5
1415450 1500.5
1415460 1501.1
1415470 1501.1
1415480 1501.8
1415490 1502.0
1415500 1502.0
1415510 1502.2
1415520 1501.3
1415530 1501.3
1415540 1498.6
1415550 1495.6
1415560 1495.6
1415570 1488.5
1415580 1483.6
1415590 1483.6
1415600 1487.1
1415610 1491.9
1415620 1491.9
1415630 1496.7
1415640 1498.7
1415650 1498.7
1415660 1498.8
1415670 1498.3
1415680 1498.3
1415690 1497.5
1415700 1496.7
1415710 1496.2
1415720 1496.2
1415730 1496.3
1415740 1496.6
1415750 1496.6
1415760 1496.6
1415770 1495.8
1415780 1495.8
1415790 1494.8
1415800 1493.7
1415810 1493.7
1415820 1492.5
1415830 1491.5
1415840 1491.5
1415850 1491.2
1415860 1491.2
1415870 1491.2
1415880 1490.6
1415890 1489.9
1415900 1489.9
1415910 1489.0
1415920 1487.8
1415930 1487.8
1415940 1486.6
1415950 1485.4
1415960 1485.4
1415970 1484.4
1415980 1483.0
1415990 1480.3
1416000 1480.3
1416010 1476.6
1416020 1478.0
1416030 1478.0
1416040 1477.9
1416050 1477.6
1416060 1477.6
1416070 1478.5
1416080 1478.2
1416090 1478.2
1416100 1477.6
1416110 1476.9
1416120 1476.9
1416130 1476.2
1416140 1475.4
1416150 1475.4
1416160 1475.5
1416170 1474.3
1416180 1474.3
1416190 1476.2
1416200 1478.0
1416210 1478.0
1416220 1478.8
1416230 1479.7
1416240 1479.7
1416250 1480.7
1416260 1482.7
1416270 1482.7
1416280 1482.7
1416290 1482.8
1416300 1483.1
1416310 1483.1
1416320 1483.7
1416330 1484.1
1416340 1484.1
1416350 1484.3
1416360 1484.1
1416370 1484.1
1416380 1483.6
1416390 1482.8
1416400 1482.8
1416410 1481.0
1416420 1479.3
1416430 1479.3
1416440 1479.1
1416450 1478.8
1416460 1478.8
1416470 1477.3
1416480 1475.5
1416490 1475.5
1416500 1472.6
1416510 1468.6
1416520 1468.6
1416530 1465.0
1416540 1461.0
1416550 1461.0
1416560 1455.7
1416570 1449.8
1416580 1443.8
1416590 1443.8
1416600 1438.4
1416610 1433.3
1416620 1433.3
1416630 1424.5
1416640 1414.0
1416650 1414.0
1416660 1409.6
1416670 1413.7
1416680 1413.7
1416690 1418.6
1416700 1422.3
1416710 1422.3
1416720 1427.0
1416730 1430.1
1416740 1430.1
1416750 1433.4
1416760 1437.3
1416770 1437.3
1416780 1439.6
1416790 1441.8
1416800 1441.8
1416810 1443.0
1416820 1442.9
1416830 1442.9
1416840 1441.7
1416850 1440.4
1416860 1440.2
1416870 1440.2
1416880 1441.0
1416890 1441.2
1416900 1441.2
1416910 1440.5
1416920 1439.1
1416930 1439.1
1416940 1438.6
1416950 1437.6
1416960 1437.6
1416970 1435.6
1416980 1433.0
1416990 1433.0
1417000 1429.0
1417010 1425.6
1417020 1425.6
1417030 1422.4
1417040 1418.0
1417050 1418.0
1417060 1413.6
1417070 1409.7
1417080 1409.7
1417090 1407.0
1417100 1405.8
1417110 1405.8
1417120 1403.4
1417130 1397.0
1417140 1397.0
1417150 1389.7
1417160 1384.2
1417170 1379.8
1417180 1379.8
1417190 1374.9
1417200 1370.1
1417210 1370.1
1417220 1367.9
1417230 1367.1
1417240 1367.1
1417250 1366.0
1417260 1363.3
1417270 1363.3
1417280 1360.9
1417290 1358.6
1417300 1358.6
1417310 1355.3
1417320 1349.8
1417330 1349.8
1417340 1343.2
1417350 1340.2
1417360 1340.2
1417370 1338.8
1417380 1337.4
1417390 1337.4
1417400 1335.1
1417410 1332.7
1417420 1332.7
1417430 1328.4
1417440 1321.1
1417450 1316.6
1417460 1316.6
1417470 1314.0
1417480 1310.9
1417490 1310.9
1417500 1306.1
1417510 1300.5
1417520 1300.5
1417530 1296.5
1417540 1294.3
1417550 1294.3
1417560 1293.3
1417570 1291.6
1417580 1291.6
1417590 1289.5
1417600 1286.9
1417610 1286.9
1417620 1279.6
1417630 1272.4
1417640 1272.4
1417650 1274.6
1417660 1279.2
1417670 1279.2
1417680 1281.7
1417690 1282.5
1417700 1282.5
1417710 1280.8
1417720 1279.4
1417730 1279.4
1417740 1278.2
1417750 1271.9
1417760 1266.7
1417770 1266.7
1417780 1266.0
1417790 1264.3
1417800 1264.3
1417810 1263.0
1417820 1261.2
1417830 1261.2
1417840 1259.7
1417850 1257.8
1417860 1257.8
1417870 1254.3
1417880 1249.5
1417890 1249.5
1417900 1244.7
1417910 1240.2
1417920 1240.2
1417930 1236.6
1417940 1234.3
1417950 1234.3
1417960 1231.1
1417970 1230.3
1417980 1230.3
1417990 1229.1
1418000 1224.6
1418010 1224.6
1418020 1218.3
1418030 1212.6
1418040 1207.4
1418050 1207.4
1418060 1202.1
1418070 1197.8
1418080 1197.8
1418090 1192.3
1418100 1183.5
1418110 1183.5
1418120 1182.1
1418130 1187.3
1418140 1187.3
1418150 1189.0
1418160 1187.2
1418170 1187.2
1418180 1183.6
1418190 1185.6
1418200 1185.6
1418210 1192.0
1418220 1201.5
1418230 1201.5
1418240 1211.2
1418250 1221.1
1418260 1221.1
1418270 1229.4
1418280 1236.3
1418290 1236.3
1418300 1242.4
1418310 1248.4
1418320 1253.8
1418330 1253.8
1418340 1258.5
1418350 1262.7
1418360 1262.7
1418370 1266.8
1418380 1270.3
1418390 1270.3
1418400 1275.0
1418410 1280.9
1418420 1280.9
1418430 1287.1
1418440 1294.1
1418450 1294.1
1418460 1301.0
1418470 1306.6
1418480 1306.6
1418490 1314.1
1418500 1317.0
1418510 1317.0
1418520 1319.4
1418530 1323.1
1418540 1323.1
1418550 1326.7
1418560 1332.4
1418570 1332.4
1418580 1337.8
1418590 1343.0
1418600 1343.0
1418610 1347.2
1418620 1351.1
1418630 1354.8
1418640 1354.8
1418650 1358.9
1418660 1363.0
1418670 1363.0
1418680 1367.9
1418690 1372.6
1418700 1372.6
1418710 1377.0
1418720 1381.2
1418730 1381.2
1418740 1385.5
1418750 1390.1
1418760 1390.1
1418770 1394.0
1418780 1397.0
1418790 1397.0
1418800 1399.9
1418810 1403.2
1418820 1403.2
1418830 1407.6
1418840 1412.2
1418850 1412.2
1418860 1415.9
1418870 1421.0
1418880 1421.0
1418890 1425.4
1418900 1429.4
1418910 1433.3
1418920 1433.3
1418930 1437.1
1418940 1440.6
1418950 1440.6
1418960 1443.5
1418970 1445.9
1418980 1445.9
1418990 1447.2
1419000 1449.3
1419010 1449.3
1419020 1453.2
1419030 1458.4
1419040 1458.4
1419050 1465.8
1419060 1473.9
1419070 1473.9
1419080 1482.1
1419090 1491.3
1419100 1491.3
1419110 1498.9
1419120 1504.9
1419130 1504.9
1419140 1510.5
1419150 1515.4
1419160 1515.4
1419170 1520.7
1419180 1526.1
1419190 1526.1
1419200 1531.3
1419210 1535.1
1419220 1539.1
1419230 1539.1
1419240 1542.8
1419250 1546.2
1419260 1546.2
1419270 1549.9
1419280 1553.1
1419290 1553.1
1419300 1556.4
1419310 1560.2
1419320 1560.2
1419330 1563.5
1419340 1566.4
1419350 1566.4
1419360 1567.9
1419370 1571.6
1419380 1571.6
1419390 1577.8
1419400 1586.0
1419410 1586.0
1419420 1594.2
1419430 1601.2
1419440 1601.2
1419450 1606.9
1419460 1610.8
1419470 1610.8
1419480 1615.4
1419490 1621.6
1419500 1626.8
1419510 1626.8
1419520 1631.6
1419530 1638.0
1419540 1638.0
1419550 1644.4
1419560 1649.7
1419570 1649.7
1419580 1654.6
1419590 1658.0
1419600 1658.0
1419610 1661.4
1419620 1664.7
1419630 1664.7
1419640 1668.0
1419650 1671.4
1419660 1671.4
1419670 1674.6
1419680 1677.4
1419690 1677.4
1419700 1680.1
1419710 1682.5
1419720 1682.5
1419730 1685.5
1419740 1689.1
1419750 1689.1
1419760 1694.3
1419770 1700.5
1419780 1706.6
1419790 1706.6
1419800 1712.2
1419810 1718.3
1419820 1718.3
1419830 1724.5
1419840 1730.3
1419850 1730.3
1419860 1735.6
1419870 1740.6
1419880 1740.6
1419890 1744.8
1419900 1748.7
1419910 1748.7
1419920 1752.6
1419930 1757.5
1419940 1757.5
1419950 1762.9
1419960 1767.4
1419970 1767.4
1419980 1771.3
1419990 1775.3
