1400000 1375.2
1400010 1375.3
1400020 1374.8
1400030 1374.8
1400040 1374.0
1400050 1371.5
1400060 1371.5
1400070 1369.5
1400080 1367.2
1400090 1367.2
1400100 1365.0
1400110 1363.0
1400120 1361.2
1400130 1361.2
1400140 1360.1
1400150 1360.1
1400160 1360.1
1400170 1361.0
1400180 1362.0
1400190 1362.0
1400200 1363.0
1400210 1363.5
1400220 1363.5
1400230 1364.0
1400240 1364.3
1400250 1364.3
1400260 1364.4
1400270 1364.0
1400280 1364.0
1400290 1363.5
1400300 1363.2
1400310 1363.2
1400320 1362.5
1400330 1361.6
1400340 1361.6
1400350 1360.8
1400360 1360.3
1400370 1360.3
1400380 1359.6
1400390 1359.0
1400400 1358.6
1400410 1358.6
1400420 1358.3
1400430 1358.6
1400440 1358.6
1400450 1359.2
1400460 1360.2
1400470 1360.2
1400480 1361.2
1400490 1361.7
1400500 1361.7
1400510 1362.4
1400520 1363.1
1400530 1363.1
1400540 1363.4
1400550 1363.6
1400560 1363.6
1400570 1364.3
1400580 1365.3
1400590 1365.3
1400600 1365.9
1400610 1366.1
1400620 1366.1
1400630 1366.0
1400640 1366.3
1400650 1366.3
1400660 1366.8
1400670 1366.7
1400680 1365.5
1400690 1365.5
1400700 1363.1
1400710 1360.4
1400720 1360.4
1400730 1358.2
1400740 1355.1
1400750 1355.1
1400760 1353.2
1400770 1351.4
1400780 1351.4
1400790 1350.5
1400800 1351.4
1400810 1351.4
1400820 1352.4
1400830 1351.8
1400840 1347.6
1400850 1346.9
1400860 1346.3
1400870 1346.3
1400880 1345.6
1400890 1345.2
1400900 1345.2
1400910 1345.3
1400920 1344.9
1400930 1344.9
1400940 1343.8
1400950 1342.5
1400960 1342.5
1400970 1341.0
1400980 1340.4
1400990 1339.1
1401000 1339.1
1401010 1338.5
1401020 1337.4
1401030 1337.4
1401040 1336.4
1401050 1336.1
1401060 1336.1
1401070 1335.6
1401080 1334.4
1401090 1334.4
1401100 1330.1
1401110 1324.2
1401120 1324.2
1401130 1318.6
1401140 1316.3
1401150 1316.3
1401160 1314.8
1401170 1311.2
1401180 1311.2
1401190 1307.2
1401200 1305.3
1401210 1305.3
1401220 1304.0
1401230 1302.4
1401240 1302.4
1401250 1300.6
1401260 1298.4
1401270 1295.9
1401280 1295.9
1401290 1293.0
1401300 1290.0
1401310 1290.0
1401320 1287.4
1401330 1284.6
1401340 1284.6
1401350 1281.9
1401360 1279.3
1401370 1279.3
1401380 1276.6
1401390 1273.5
1401400 1273.5
1401410 1271.9
1401420 1270.1
1401430 1270.1
1401440 1268.7
1401450 1267.8
1401460 1267.8
1401470 1267.9
1401480 1268.3
1401490 1268.3
1401500 1268.5
1401510 1268.2
1401520 1268.2
1401530 1267.1
1401540 1265.4
1401550 1265.4
1401560 1263.4
1401570 1260.9
1401580 1258.6
1401590 1258.6
1401600 1255.9
1401610 1253.1
1401620 1253.1
1401630 1249.9
1401640 1245.3
1401650 1245.3
1401660 1242.2
1401670 1241.2
1401680 1241.2
1401690 1237.5
1401700 1235.7
1401710 1235.7
1401720 1234.3
1401730 1233.0
1401740 1233.0
1401750 1231.5
1401760 1230.5
1401770 1230.5
1401780 1229.3
1401790 1228.4
1401800 1228.4
1401810 1227.2
1401820 1227.2
1401830 1227.2
1401840 1227.6
1401850 1220.9
1401860 1217.4
1401870 1217.4
1401880 1221.3
1401890 1223.8
1401900 1223.8
1401910 1225.0
1401920 1223.5
1401930 1223.5
1401940 1220.3
1401950 1218.4
1401960 1218.4
1401970 1217.6
1401980 1217.7
1401990 1217.7
1402000 1215.9
1402010 1212.2
1402020 1212.2
1402030 1206.9
1402040 1199.9
1402050 1199.9
1402060 1195.1
1402070 1193.7
1402080 1193.7
1402090 1192.8
1402100 1193.0
1402110 1193.0
1402120 1193.0
1402130 1192.5
1402140 1192.5
1402150 1190.8
1402160 1188.5
1402170 1185.1
1402180 1185.1
1402190 1181.5
1402200 1179.1
1402210 1179.1
1402220 1177.4
1402230 1175.0
1402240 1175.0
1402250 1172.0
1402260 1169.8
1402270 1169.8
1402280 1167.9
1402290 1165.3
1402300 1165.3
1402310 1160.2
1402320 1153.0
1402330 1153.0
1402340 1146.8
1402350 1143.2
1402360 1143.2
1402370 1140.7
1402380 1139.1
1402390 1139.1
1402400 1141.1
1402410 1142.8
1402420 1142.8
1402430 1141.9
1402440 1140.1
1402450 1138.6
1402460 1138.6
1402470 1137.3
1402480 1136.3
1402490 1136.3
1402500 1135.2
1402510 1133.6
1402520 1133.6
1402530 1131.3
1402540 1128.7
1402550 1128.7
1402560 1126.0
1402570 1123.6
1402580 1123.6
1402590 1121.4
1402600 1120.3
1402610 1120.3
1402620 1119.8
1402630 1120.8
1402640 1120.8
1402650 1122.5
1402660 1123.8
1402670 1123.8
1402680 1124.0
1402690 1123.2
1402700 1123.2
1402710 1121.6
1402720 1119.9
1402730 1118.5
1402740 1118.5
1402750 1111.9
1402760 1111.0
1402770 1111.0
1402780 1115.5
1402790 1114.3
1402800 1114.3
1402810 1110.7
1402820 1106.8
1402830 1106.8
1402840 1102.9
1402850 1099.9
1402860 1099.9
1402870 1096.9
1402880 1096.5
1402890 1096.5
1402900 1091.9
1402910 1091.9
1402920 1091.9
1402930 1092.7
1402940 1088.4
1402950 1088.4
1402960 1083.5
1402970 1079.3
1402980 1079.3
1402990 1076.8
1403000 1078.6
1403010 1078.6
1403020 1079.6
1403030 1076.6
1403040 1071.0
1403050 1071.0
1403060 1070.5
1403070 1072.6
1403080 1072.6
1403090 1068.8
1403100 1063.6
1403110 1063.6
1403120 1064.0
1403130 1064.3
1403140 1064.3
1403150 1060.2
1403160 1058.9
1403170 1058.9
1403180 1059.4
1403190 1058.0
1403200 1058.0
1403210 1052.2
1403220 1046.0
1403230 1046.0
1403240 1044.9
1403250 1043.0
1403260 1043.0
1403270 1037.2
1403280 1031.7
1403290 1031.7
1403300 1028.2
1403310 1025.3
1403320 1023.9
1403330 1023.9
1403340 1023.6
1403350 1023.4
1403360 1023.4
1403370 1023.4
1403380 1023.4
1403390 1023.4
1403400 1023.4
1403410 1023.3
1403420 1023.3
1403430 1023.1
1403440 1022.3
1403450 1022.3
1403460 1020.7
1403470 1019.6
1403480 1019.6
1403490 1019.8
1403500 1020.4
1403510 1020.4
1403520 1020.8
1403530 1020.9
1403540 1020.9
1403550 1021.0
1403560 1021.1
1403570 1021.1
1403580 1021.2
1403590 1021.1
1403600 1021.1
1403610 1020.9
1403620 1020.7
1403630 1020.6
1403640 1020.6
1403650 1020.5
1403660 1020.3
1403670 1020.3
1403680 1020.1
1403690 1020.1
1403700 1020.1
1403710 1020.2
1403720 1020.2
1403730 1020.2
1403740 1020.3
1403750 1021.1
1403760 1021.1
1403770 1025.6
1403780 1029.6
1403790 1029.6
1403800 1031.1
1403810 1031.4
1403820 1031.4
1403830 1030.0
1403840 1028.6
1403850 1028.6
1403860 1031.1
1403870 1033.5
1403880 1033.5
1403890 1037.5
1403900 1041.4
1403910 1043.9
1403920 1043.9
1403930 1045.0
1403940 1046.0
1403950 1047.8
1403960 1049.2
1403970 1051.0
1403980 1051.0
1403990 1051.5
1404000 1052.4
1404010 1052.4
1404020 1054.1
1404030 1055.3
1404040 1055.3
1404050 1055.9
1404060 1057.6
1404070 1057.6
1404080 1059.7
1404090 1061.9
1404100 1061.9
1404110 1064.1
1404120 1065.9
1404130 1065.9
1404140 1068.3
1404150 1070.1
1404160 1070.1
1404170 1071.4
1404180 1072.2
1404190 1073.0
1404200 1073.0
1404210 1074.6
1404220 1076.0
1404230 1076.0
1404240 1076.7
1404250 1076.7
1404260 1076.7
1404270 1076.4
1404280 1075.6
1404290 1075.6
1404300 1074.9
1404310 1076.5
1404320 1076.5
1404330 1079.3
1404340 1082.1
1404350 1082.1
1404360 1086.8
1404370 1092.5
1404380 1092.5
1404390 1098.1
1404400 1101.9
1404410 1101.9
1404420 1105.0
1404430 1107.7
1404440 1107.7
1404450 1110.2
1404460 1112.1
1404470 1112.1
1404480 1113.9
1404490 1115.6
1404500 1117.3
1404510 1117.3
1404520 1119.3
1404530 1121.0
1404540 1121.0
1404550 1122.3
1404560 1122.9
1404570 1122.9
1404580 1122.4
1404590 1119.7
1404600 1119.7
1404610 1117.9
1404620 1116.8
1404630 1116.8
1404640 1116.8
1404650 1113.7
1404660 1113.7
1404670 1118.8
1404680 1122.0
1404690 1122.0
1404700 1125.0
1404710 1128.8
1404720 1128.8
1404730 1132.2
1404740 1135.6
1404750 1135.6
1404760 1138.7
1404770 1141.3
1404780 1143.8
1404790 1143.8
1404800 1146.3
1404810 1148.9
1404820 1148.9
1404830 1150.8
1404840 1152.5
1404850 1152.5
1404860 1154.4
1404870 1156.7
1404880 1156.7
1404890 1158.7
1404900 1160.9
1404910 1160.9
1404920 1163.0
1404930 1164.8
1404940 1164.8
1404950 1167.6
1404960 1170.9
1404970 1170.9
1404980 1173.5
1404990 1175.5
1405000 1175.5
1405010 1177.4
1405020 1179.2
1405030 1179.2
1405040 1181.1
1405050 1182.9
1405060 1182.9
1405070 1184.8
1405080 1186.7
1405090 1188.7
1405100 1188.7
1405110 1190.3
1405120 1191.6
1405130 1191.6
1405140 1192.4
1405150 1192.9
1405160 1192.9
1405170 1193.7
1405180 1194.8
1405190 1194.8
1405200 1196.0
1405210 1196.6
1405220 1196.6
1405230 1197.3
1405240 1197.9
1405250 1197.9
1405260 1198.1
1405270 1197.6
1405280 1197.6
1405290 1196.8
1405300 1196.2
1405310 1196.2
1405320 1195.8
1405330 1195.8
1405340 1195.8
1405350 1195.4
1405360 1194.9
1405370 1194.3
1405380 1194.3
1405390 1193.4
1405400 1192.2
1405410 1192.2
1405420 1191.4
1405430 1190.8
1405440 1190.8
1405450 1190.1
1405460 1188.9
1405470 1188.9
1405480 1188.0
1405490 1188.0
1405500 1188.0
1405510 1187.0
1405520 1179.5
1405530 1179.5
1405540 1167.4
1405550 1166.6
1405560 1166.6
1405570 1173.7
1405580 1181.5
1405590 1181.5
1405600 1186.9
1405610 1191.4
1405620 1191.4
1405630 1196.5
1405640 1202.1
1405650 1202.1
1405660 1207.2
1405670 1212.9
1405680 1218.8
1405690 1218.8
1405700 1225.0
1405710 1231.4
1405720 1231.4
1405730 1237.5
1405740 1243.4
1405750 1243.4
1405760 1248.4
1405770 1252.6
1405780 1252.6
1405790 1256.1
1405800 1259.2
1405810 1259.2
1405820 1262.6
1405830 1265.4
1405840 1265.4
1405850 1267.9
1405860 1270.3
1405870 1270.3
1405880 1272.5
1405890 1274.5
1405900 1274.5
1405910 1276.1
1405920 1277.7
1405930 1277.7
1405940 1280.0
1405950 1281.9
1405960 1283.4
1405970 1283.4
1405980 1284.9
1405990 1285.4
1406000 1285.4
1406010 1285.3
1406020 1285.7
1406030 1285.7
1406040 1286.7
1406050 1287.3
1406060 1287.3
1406070 1287.7
1406080 1288.4
1406090 1288.4
1406100 1288.8
1406110 1289.5
1406120 1289.5
1406130 1289.8
1406140 1289.8
1406150 1289.8
1406160 1289.3
1406170 1287.5
1406180 1287.5
1406190 1284.9
1406200 1279.3
1406210 1279.3
1406220 1278.3
1406230 1281.6
1406240 1281.4
1406250 1281.4
1406260 1285.2
1406270 1286.7
1406280 1286.7
1406290 1287.4
1406300 1287.8
1406310 1287.8
1406320 1288.5
1406330 1289.9
1406340 1289.9
1406350 1291.0
1406360 1291.5
1406370 1291.5
1406380 1291.2
1406390 1290.0
1406400 1290.0
1406410 1287.9
1406420 1286.4
1406430 1286.4
1406440 1284.6
1406450 1282.2
1406460 1282.2
1406470 1279.2
1406480 1277.2
1406490 1277.2
1406500 1276.0
1406510 1274.1
1406520 1274.1
1406530 1271.6
1406540 1268.6
1406550 1265.3
1406560 1265.3
1406570 1262.6
1406580 1259.9
1406590 1259.9
1406600 1256.7
1406610 1253.9
1406620 1253.9
1406630 1251.5
1406640 1248.5
1406650 1248.5
1406660 1244.9
1406670 1240.6
1406680 1240.6
1406690 1234.8
1406700 1228.5
1406710 1228.5
1406720 1222.7
1406730 1216.0
1406740 1216.0
1406750 1206.8
1406760 1195.4
1406770 1195.4
1406780 1189.8
1406790 1194.2
1406800 1194.2
1406810 1202.9
1406820 1212.6
1406830 1221.9
1406840 1221.9
1406850 1229.0
1406860 1235.0
1406870 1235.0
1406880 1240.6
1406890 1245.9
1406900 1245.9
1406910 1251.6
1406920 1257.0
1406930 1257.0
1406940 1262.0
1406950 1265.9
1406960 1265.9
1406970 1269.5
1406980 1271.8
1406990 1271.8
1407000 1272.6
1407010 1272.3
1407020 1272.3
1407030 1271.2
1407040 1270.0
1407050 1270.0
1407060 1268.7
1407070 1267.3
1407080 1267.3
1407090 1265.2
1407100 1262.6
1407110 1262.6
1407120 1260.4
1407130 1258.5
1407140 1257.2
1407150 1257.2
1407160 1256.1
1407170 1253.5
1407180 1253.5
1407190 1254.1
1407200 1251.9
1407210 1251.9
1407220 1248.6
1407230 1245.8
1407240 1245.8
1407250 1245.5
1407260 1242.8
1407270 1242.8
1407280 1238.1
1407290 1231.9
1407300 1231.9
1407310 1227.2
1407320 1221.3
1407330 1221.3
1407340 1212.4
1407350 1213.6
1407360 1213.6
1407370 1225.6
1407380 1232.8
1407390 1232.8
1407400 1236.7
1407410 1236.4
1407420 1234.8
1407430 1234.8
1407440 1233.7
1407450 1232.1
1407460 1232.1
1407470 1230.4
1407480 1228.6
1407490 1228.6
1407500 1226.7
1407510 1225.0
1407520 1225.0
1407530 1221.0
1407540 1217.1
1407550 1217.1
1407560 1214.2
1407570 1211.4
1407580 1211.4
1407590 1209.5
1407600 1208.0
1407610 1208.0
1407620 1206.4
1407630 1206.0
1407640 1206.0
1407650 1204.6
1407660 1200.4
1407670 1200.4
1407680 1198.3
1407690 1196.3
1407700 1196.0
1407710 1196.0
1407720 1192.8
1407730 1189.9
1407740 1189.9
1407750 1188.4
1407760 1185.1
1407770 1185.1
1407780 1181.8
1407790 1177.5
1407800 1177.5
1407810 1170.7
1407820 1161.9
1407830 1161.9
1407840 1162.2
1407850 1168.1
1407860 1168.1
1407870 1170.9
1407880 1171.0
1407890 1171.0
1407900 1169.5
1407910 1167.3
1407920 1167.3
1407930 1165.0
1407940 1162.3
1407950 1162.3
1407960 1159.2
1407970 1152.2
1407980 1152.2
1407990 1150.6
1408000 1152.5
1408010 1153.2
1408020 1153.2
1408030 1149.4
1408040 1155.6
1408050 1155.6
1408060 1159.7
1408070 1161.1
1408080 1161.1
1408090 1160.0
1408100 1157.9
1408110 1157.9
1408120 1156.5
1408130 1155.5
1408140 1155.5
1408150 1154.8
1408160 1152.6
1408170 1152.6
1408180 1149.4
1408190 1147.1
1408200 1147.1
1408210 1145.1
1408220 1141.3
1408230 1141.3
1408240 1137.5
1408250 1134.7
1408260 1134.7
1408270 1133.2
1408280 1132.0
1408290 1130.3
1408300 1130.3
1408310 1129.3
1408320 1127.9
1408330 1127.9
1408340 1125.7
1408350 1124.1
1408360 1124.1
1408370 1122.5
1408380 1121.5
1408390 1121.5
1408400 1120.1
1408410 1117.2
1408420 1117.2
1408430 1115.3
1408440 1114.8
1408450 1114.8
1408460 1112.7
1408470 1109.4
1408480 1109.4
1408490 1106.8
1408500 1102.8
1408510 1102.8
1408520 1100.1
1408530 1097.1
1408540 1097.1
1408550 1092.9
1408560 1091.0
1408570 1091.0
1408580 1086.5
1408590 1084.3
1408600 1085.8
1408610 1085.8
1408620 1084.1
1408630 1081.6
1408640 1081.6
1408650 1080.2
1408660 1078.1
1408670 1078.1
1408680 1076.1
1408690 1072.3
1408700 1072.3
1408710 1069.9
1408720 1068.1
1408730 1068.1
1408740 1064.1
1408750 1058.7
1408760 1058.7
1408770 1054.5
1408780 1050.8
1408790 1050.8
1408800 1045.2
1408810 1040.2
1408820 1040.2
1408830 1034.9
1408840 1026.7
1408850 1025.0
1408860 1016.4
1408870 1013.4
1408880 1009.5
1408890 1009.5
1408900 1013.2
1408910 1020.5
1408920 1020.5
1408930 1027.1
1408940 1032.5
1408950 1032.5
1408960 1037.1
1408970 1039.9
1408980 1039.9
1408990 1039.7
1409000 1037.7
1409010 1037.7
1409020 1036.8
1409030 1036.1
1409040 1036.1
1409050 1035.1
1409060 1033.9
1409070 1033.9
1409080 1033.1
1409090 1032.1
1409100 1032.1
1409110 1029.8
1409120 1026.9
1409130 1026.9
1409140 1024.8
1409150 1023.1
1409160 1021.2
1409170 1021.2
1409180 1017.4
1409190 1014.3
1409200 1014.3
1409210 1010.9
1409220 1006.9
1409230 1006.9
1409240 1002.8
1409250 997.8
1409260 997.8
1409270 990.8
1409280 986.0
1409290 986.0
1409300 981.9
1409310 976.4
1409320 976.4
1409330 971.1
1409340 966.9
1409350 966.9
1409360 962.7
1409370 962.6
1409380 962.6
1409390 961.0
1409400 958.8
1409410 958.8
1409420 957.0
1409430 955.1
1409440 955.1
1409450 954.1
1409460 953.8
1409470 954.9
1409480 954.9
1409490 955.6
1409500 955.4
1409510 955.4
1409520 955.1
1409530 954.9
1409540 954.9
1409550 954.6
1409560 954.4
1409570 954.4
1409580 954.2
1409590 954.2
1409600 954.2
1409610 954.2
1409620 954.1
1409630 954.1
1409640 954.1
1409650 954.3
1409660 954.3
1409670 954.2
1409680 953.9
1409690 953.9
1409700 953.1
1409710 952.8
1409720 952.8
1409730 952.8
1409740 952.8
1409750 952.9
1409760 952.9
1409770 952.6
1409780 952.4
1409790 952.4
1409800 952.3
1409810 952.3
1409820 952.3
1409830 952.3
1409840 952.4
1409850 952.4
1409860 952.5
1409870 952.5
1409880 952.5
1409890 952.5
1409900 952.5
1409910 952.5
1409920 952.6
1409930 952.4
1409940 952.4
1409950 952.2
1409960 952.1
1409970 952.1
1409980 952.0
1409990 952.3
1410000 952.3
1410010 953.7
1410020 954.8
1410030 954.8
1410040 956.4
1410050 960.4
1410060 965.6
1410070 965.6
1410080 969.3
1410090 970.5
1410100 970.5
1410110 965.7
1410120 962.3
1410130 962.3
1410140 962.3
1410150 960.3
1410160 960.3
1410170 966.3
1410180 974.2
1410190 974.2
1410200 984.3
1410210 991.9
1410220 991.9
1410230 998.7
1410240 1004.0
1410250 1004.0
1410260 1010.4
1410270 1013.8
1410280 1013.8
1410290 1013.9
1410300 1013.6
1410310 1013.6
1410320 1013.8
1410330 1013.9
1410340 1013.7
1410350 1013.7
1410360 1014.0
1410370 1013.2
1410380 1013.2
1410390 1013.2
1410400 1013.9
1410410 1013.9
1410420 1014.2
1410430 1012.7
1410440 1012.7
1410450 1008.0
1410460 1008.2
1410470 1008.2
1410480 1007.8
1410490 1006.6
1410500 1006.6
1410510 1003.4
1410520 999.2
1410530 999.2
1410540 997.3
1410550 999.5
1410560 998.7
1410570 1001.5
1410580 1003.8
1410590 1003.8
1410600 1008.5
1410610 1014.4
1410620 1017.7
1410630 1017.7
1410640 1019.0
1410650 1020.5
1410660 1020.5
1410670 1023.3
1410680 1025.4
1410690 1025.4
1410700 1026.5
1410710 1027.8
1410720 1027.8
1410730 1028.9
1410740 1029.9
1410750 1029.9
1410760 1030.9
1410770 1031.8
1410780 1031.8
1410790 1032.9
1410800 1034.3
1410810 1034.3
1410820 1036.0
1410830 1038.2
1410840 1038.2
1410850 1039.3
1410860 1040.4
1410870 1040.4
1410880 1041.5
1410890 1042.4
1410900 1042.4
1410910 1043.1
1410920 1043.8
1410930 1044.1
1410940 1044.1
1410950 1044.2
1410960 1044.6
1410970 1044.6
1410980 1045.2
1410990 1046.2
1411000 1046.2
1411010 1047.5
1411020 1049.0
1411030 1049.0
1411040 1050.3
1411050 1051.6
1411060 1051.6
1411070 1052.8
1411080 1054.1
1411090 1054.1
1411100 1056.1
1411110 1058.6
1411120 1058.6
1411130 1060.1
1411140 1062.1
1411150 1062.1
1411160 1065.3
1411170 1068.1
1411180 1068.1
1411190 1071.2
1411200 1071.8
1411210 1072.7
1411220 1072.7
1411230 1075.2
1411240 1082.2
1411250 1082.2
1411260 1087.2
1411270 1090.9
1411280 1090.9
1411290 1094.1
1411300 1096.6
1411310 1096.6
1411320 1098.7
1411330 1100.4
1411340 1100.4
1411350 1098.5
1411360 1100.6
1411370 1100.6
1411380 1105.7
1411390 1108.6
1411400 1108.6
1411410 1111.1
1411420 1112.8
1411430 1112.8
1411440 1115.5
1411450 1118.8
1411460 1118.8
1411470 1121.5
1411480 1122.9
1411490 1122.9
1411500 1124.8
1411510 1126.3
1411520 1127.6
1411530 1127.6
1411540 1127.9
1411550 1131.3
1411560 1131.3
1411570 1133.2
1411580 1134.6
1411590 1134.6
1411600 1136.2
1411610 1138.6
1411620 1138.6
1411630 1141.2
1411640 1143.0
1411650 1143.0
1411660 1144.7
1411670 1146.0
1411680 1146.0
1411690 1147.0
1411700 1148.2
1411710 1148.2
1411720 1149.1
1411730 1149.6
1411740 1149.6
1411750 1149.7
1411760 1151.7
1411770 1151.7
1411780 1152.2
1411790 1153.5
1411800 1156.0
1411810 1156.0
1411820 1157.1
1411830 1158.1
1411840 1158.1
1411850 1159.0
1411860 1159.1
1411870 1159.1
1411880 1155.4
1411890 1158.0
1411900 1158.0
1411910 1160.1
1411920 1160.6
1411930 1160.6
1411940 1161.5
1411950 1161.8
1411960 1161.8
1411970 1162.1
1411980 1163.1
1411990 1163.1
1412000 1163.7
1412010 1163.8
1412020 1163.8
1412030 1164.2
1412040 1164.9
1412050 1164.9
1412060 1165.5
1412070 1166.5
1412080 1167.0
1412090 1167.0
1412100 1167.6
1412110 1168.3
1412120 1168.3
1412130 1169.0
1412140 1169.2
1412150 1169.2
1412160 1169.3
1412170 1169.7
1412180 1169.7
1412190 1170.6
1412200 1170.9
1412210 1170.9
1412220 1169.6
1412230 1168.7
1412240 1168.7
1412250 1169.9
1412260 1166.8
1412270 1166.8
1412280 1165.6
1412290 1166.6
1412300 1166.6
1412310 1163.3
1412320 1163.2
1412330 1163.2
1412340 1165.0
1412350 1166.5
1412360 1166.5
1412370 1167.2
1412380 1167.3
1412390 1166.5
1412400 1166.5
1412410 1164.6
1412420 1161.1
1412430 1161.1
1412440 1158.1
1412450 1156.8
1412460 1156.8
1412470 1155.5
1412480 1154.5
1412490 1154.5
1412500 1154.5
1412510 1153.3
1412520 1153.3
1412530 1152.1
1412540 1151.6
1412550 1151.6
1412560 1149.3
1412570 1148.7
1412580 1148.7
1412590 1148.2
1412600 1143.3
1412610 1143.3
1412620 1140.1
1412630 1134.3
1412640 1134.3
1412650 1131.6
1412660 1129.3
1412670 1126.9
1412680 1126.9
1412690 1125.3
1412700 1126.9
1412710 1126.9
1412720 1129.9
1412730 1134.5
1412740 1134.5
1412750 1139.6
1412760 1148.1
1412770 1148.1
1412780 1156.5
1412790 1161.1
1412800 1161.1
1412810 1167.1
1412820 1174.0
1412830 1174.0
1412840 1178.0
1412850 1180.9
1412860 1180.9
1412870 1187.3
1412880 1192.4
1412890 1192.4
1412900 1197.8
1412910 1201.9
1412920 1201.9
1412930 1205.9
1412940 1208.7
1412950 1208.7
1412960 1211.4
1412970 1214.0
1412980 1218.7
1412990 1218.7
1413000 1224.4
1413010 1231.3
1413020 1231.3
1413030 1236.9
1413040 1239.7
1413050 1239.7
1413060 1242.5
1413070 1247.6
1413080 1247.6
1413090 1251.9
1413100 1255.6
1413110 1255.6
1413120 1259.0
1413130 1262.1
1413140 1262.1
1413150 1267.8
1413160 1274.2
1413170 1274.2
1413180 1281.9
1413190 1288.4
1413200 1288.4
1413210 1294.4
1413220 1297.1
1413230 1297.1
1413240 1303.3
1413250 1310.9
1413260 1315.6
1413270 1315.6
1413280 1318.9
1413290 1322.0
1413300 1322.0
1413310 1324.5
1413320 1327.9
1413330 1327.9
1413340 1331.4
1413350 1334.7
1413360 1334.7
1413370 1337.9
1413380 1341.3
1413390 1341.3
1413400 1344.3
1413410 1346.9
1413420 1346.9
1413430 1349.6
1413440 1352.3
1413450 1352.3
1413460 1355.1
1413470 1357.6
1413480 1357.6
1413490 1359.8
1413500 1361.8
1413510 1361.8
1413520 1363.0
1413530 1365.7
1413540 1365.7
1413550 1369.4
1413560 1373.7
1413570 1378.5
1413580 1378.5
1413590 1383.3
1413600 1387.6
1413610 1387.6
1413620 1391.5
1413630 1396.7
1413640 1396.7
1413650 1401.6
1413660 1406.9
1413670 1406.9
1413680 1413.1
1413690 1418.3
1413700 1418.3
1413710 1423.1
1413720 1426.0
1413730 1426.0
1413740 1428.9
1413750 1432.4
1413760 1432.4
1413770 1435.6
1413780 1438.6
1413790 1438.6
1413800 1441.1
1413810 1443.9
1413820 1443.9
1413830 1448.1
1413840 1451.5
1413850 1454.1
1413860 1454.1
1413870 1456.8
1413880 1459.5
1413890 1459.5
1413900 1462.3
1413910 1465.0
1413920 1465.0
1413930 1465.8
1413940 1469.7
1413950 1469.7
1413960 1473.0
1413970 1474.0
1413980 1474.0
1413990 1476.3
1414000 1479.1
1414010 1479.1
1414020 1481.9
1414030 1484.8
1414040 1484.8
1414050 1487.8
1414060 1491.3
1414070 1491.3
1414080 1495.8
1414090 1500.0
1414100 1495.5
1414110 1498.2
1414120 1500.3
1414130 1502.1
1414140 1502.1
1414150 1503.4
1414160 1503.8
1414170 1503.8
1414180 1504.5
1414190 1505.7
1414200 1505.7
1414210 1506.9
1414220 1507.4
1414230 1507.4
1414240 1507.8
1414250 1508.4
1414260 1508.4
1414270 1508.8
1414280 1511.1
1414290 1511.1
1414300 1513.5
1414310 1514.7
1414320 1514.7
1414330 1516.5
1414340 1518.3
1414350 1518.3
1414360 1520.3
1414370 1521.3
1414380 1521.3
1414390 1522.1
1414400 1522.3
1414410 1522.3
1414420 1522.6
1414430 1522.9
1414440 1524.5
1414450 1524.5
1414460 1523.6
1414470 1523.3
1414480 1523.3
1414490 1522.8
1414500 1522.1
1414510 1522.1
1414520 1522.9
1414530 1525.1
1414540 1525.1
1414550 1528.1
1414560 1530.4
1414570 1530.4
1414580 1531.7
1414590 1533.1
1414600 1533.1
1414610 1534.1
1414620 1535.3
1414630 1535.3
1414640 1536.5
1414650 1537.7
1414660 1537.7
1414670 1537.5
1414680 1537.3
1414690 1537.3
1414700 1537.5
1414710 1537.8
1414720 1537.8
1414730 1537.8
1414740 1538.2
1414750 1538.6
1414760 1538.6
1414770 1537.6
1414780 1539.0
1414790 1539.0
1414800 1544.5
1414810 1545.7
1414820 1545.7
1414830 1546.3
1414840 1547.3
1414850 1547.3
1414860 1548.6
1414870 1550.0
1414880 1550.0
1414890 1551.5
1414900 1551.6
1414910 1551.6
1414920 1550.9
1414930 1551.0
1414940 1551.0
1414950 1550.9
1414960 1548.8
1414970 1548.8
1414980 1546.0
1414990 1544.6
1415000 1544.6
1415010 1544.3
1415020 1544.8
1415030 1544.4
1415040 1544.4
1415050 1543.7
1415060 1543.0
1415070 1543.0
1415080 1542.3
1415090 1541.7
1415100 1541.7
1415110 1544.2
1415120 1544.7
1415130 1544.7
1415140 1545.3
1415150 1546.5
1415160 1546.5
1415170 1547.3
1415180 1547.7
1415190 1547.7
1415200 1547.8
1415210 1547.8
1415220 1547.8
1415230 1548.1
1415240 1548.1
1415250 1548.1
1415260 1547.5
1415270 1546.9
1415280 1546.9
1415290 1546.0
1415300 1544.8
1415310 1544.6
1415320 1544.6
1415330 1543.2
1415340 1543.1
1415350 1543.1
1415360 1543.0
1415370 1542.5
1415380 1542.5
1415390 1542.7
1415400 1543.7
1415410 1543.7
1415420 1544.2
1415430 1544.0
1415440 1544.0
1415450 1545.2
1415460 1545.0
1415470 1545.0
1415480 1544.2
1415490 1542.9
1415500 1542.9
1415510 1541.0
1415520 1538.5
1415530 1538.5
1415540 1534.9
1415550 1533.1
1415560 1533.1
1415570 1533.8
1415580 1537.2
1415590 1537.6
1415600 1537.6
1415610 1537.7
1415620 1538.5
1415630 1538.5
1415640 1539.2
1415650 1539.6
1415660 1539.6
1415670 1538.4
1415680 1538.1
1415690 1538.1
1415700 1538.5
1415710 1538.1
1415720 1538.1
1415730 1538.1
1415740 1537.5
1415750 1537.5
1415760 1536.7
1415770 1535.5
1415780 1535.5
1415790 1534.3
1415800 1535.2
1415810 1535.2
1415820 1535.3
1415830 1535.3
1415840 1535.3
1415850 1535.2
1415860 1534.4
1415870 1534.4
1415880 1533.4
1415890 1531.8
1415900 1529.5
1415910 1529.5
1415920 1526.0
1415930 1522.2
1415940 1522.2
1415950 1521.8
1415960 1520.4
1415970 1520.4
1415980 1519.8
1415990 1520.0
1416000 1520.0
1416010 1520.3
1416020 1520.4
1416030 1520.4
1416040 1520.4
1416050 1520.4
1416060 1520.4
1416070 1520.4
1416080 1520.5
1416090 1520.5
1416100 1520.5
1416110 1520.2
1416120 1520.2
1416130 1519.4
1416140 1518.6
1416150 1518.6
1416160 1517.6
1416170 1517.2
1416180 1517.9
1416190 1517.9
1416200 1518.5
1416210 1519.2
1416220 1519.2
1416230 1519.6
1416240 1519.6
1416250 1519.6
1416260 1518.9
1416270 1517.9
1416280 1517.9
1416290 1517.2
1416300 1516.8
1416310 1516.8
1416320 1516.0
1416330 1515.3
1416340 1515.3
1416350 1514.6
1416360 1513.8
1416370 1513.8
1416380 1512.3
1416390 1508.9
1416400 1508.9
1416410 1503.9
1416420 1499.0
1416430 1499.0
1416440 1495.4
1416450 1493.0
1416460 1493.0
1416470 1489.8
1416480 1483.8
1416490 1477.0
1416500 1477.0
1416510 1468.8
1416520 1460.8
1416530 1460.8
1416540 1463.3
1416550 1467.8
1416560 1467.8
1416570 1471.5
1416580 1473.8
1416590 1473.8
1416600 1476.1
1416610 1478.5
1416620 1478.5
1416630 1480.9
1416640 1483.3
1416650 1483.3
1416660 1485.2
1416670 1486.9
1416680 1486.9
1416690 1488.2
1416700 1488.9
1416710 1488.9
1416720 1489.1
1416730 1489.0
1416740 1489.0
1416750 1488.5
1416760 1487.2
1416770 1486.3
1416780 1486.3
1416790 1487.0
1416800 1487.6
1416810 1487.6
1416820 1488.4
1416830 1488.5
1416840 1488.5
1416850 1487.7
1416860 1485.3
1416870 1485.3
1416880 1481.9
1416890 1481.3
1416900 1481.3
1416910 1480.6
1416920 1478.1
1416930 1478.1
1416940 1475.1
1416950 1472.2
1416960 1472.2
1416970 1469.7
1416980 1465.0
1416990 1465.0
1417000 1458.7
1417010 1454.2
1417020 1454.2
1417030 1450.2
1417040 1444.3
1417050 1444.3
1417060 1439.3
1417070 1434.3
1417080 1430.3
1417090 1430.3
1417100 1425.3
1417110 1420.1
1417120 1420.1
1417130 1418.7
1417140 1419.4
1417150 1419.4
1417160 1419.9
1417170 1420.5
1417180 1420.5
1417190 1420.3
1417200 1418.5
1417210 1418.5
1417220 1415.3
1417230 1412.3
1417240 1412.3
1417250 1410.2
1417260 1407.2
1417270 1407.2
1417280 1405.6
1417290 1401.9
1417300 1401.9
1417310 1398.1
1417320 1395.2
1417330 1395.2
1417340 1392.9
1417350 1388.8
1417360 1383.6
1417370 1383.6
1417380 1379.0
1417390 1376.0
1417400 1376.0
1417410 1372.5
1417420 1369.0
1417430 1369.0
1417440 1366.2
1417450 1362.4
1417460 1362.4
1417470 1359.2
1417480 1357.1
1417490 1357.1
1417500 1348.9
1417510 1340.1
1417520 1340.1
1417530 1342.3
1417540 1347.9
1417550 1347.9
1417560 1351.7
1417570 1354.8
1417580 1354.8
1417590 1356.2
1417600 1356.0
1417610 1356.0
1417620 1354.8
1417630 1352.9
1417640 1352.7
1417650 1352.7
1417660 1348.8
1417670 1342.0
1417680 1342.0
1417690 1335.7
1417700 1331.3
1417710 1331.3
1417720 1327.5
1417730 1324.0
1417740 1324.0
1417750 1320.0
1417760 1316.1
1417770 1316.1
1417780 1313.9
1417790 1313.7
1417800 1313.7
1417810 1309.7
1417820 1309.5
1417830 1309.5
1417840 1310.5
1417850 1311.7
1417860 1311.7
1417870 1309.4
1417880 1304.6
1417890 1304.6
1417900 1299.3
1417910 1293.2
1417920 1293.2
1417930 1285.9
1417940 1279.7
1417950 1274.0
1417960 1274.0
1417970 1269.0
1417980 1264.8
1417990 1264.8
1418000 1261.4
1418010 1255.9
1418020 1255.9
1418030 1248.4
1418040 1239.9
1418050 1239.9
1418060 1232.6
1418070 1237.4
1418080 1237.4
1418090 1247.8
1418100 1254.0
1418110 1254.0
1418120 1256.5
1418130 1260.4
1418140 1260.4
1418150 1265.4
1418160 1268.3
1418170 1268.3
1418180 1270.8
1418190 1271.0
1418200 1271.0
1418210 1268.6
1418220 1265.2
1418230 1262.9
1418240 1262.9
1418250 1261.8
1418260 1260.7
1418270 1260.7
1418280 1260.0
1418290 1259.7
1418300 1259.7
1418310 1257.8
1418320 1255.4
1418330 1255.4
1418340 1253.2
1418350 1250.4
1418360 1250.4
1418370 1246.9
1418380 1244.1
1418390 1244.1
1418400 1242.4
1418410 1246.5
1418420 1246.5
1418430 1255.8
1418440 1265.2
1418450 1265.2
1418460 1273.2
1418470 1281.0
1418480 1281.0
1418490 1289.2
1418500 1296.9
1418510 1296.9
1418520 1302.9
1418530 1306.5
1418540 1310.2
1418550 1310.2
1418560 1316.6
1418570 1324.9
1418580 1324.9
1418590 1330.2
1418600 1338.6
1418610 1338.6
1418620 1345.1
1418630 1351.8
1418640 1351.8
1418650 1357.3
1418660 1362.6
1418670 1362.6
1418680 1368.8
1418690 1373.8
1418700 1373.8
1418710 1379.5
1418720 1386.4
1418730 1386.4
1418740 1392.0
1418750 1397.1
1418760 1397.1
1418770 1402.0
1418780 1408.8
1418790 1408.8
1418800 1415.4
1418810 1421.3
1418820 1426.4
1418830 1426.4
1418840 1430.5
1418850 1435.2
1418860 1435.2
1418870 1437.8
1418880 1441.7
1418890 1441.7
1418900 1447.9
1418910 1454.8
1418920 1454.8
1418930 1461.9
1418940 1467.6
1418950 1467.6
1418960 1473.4
1418970 1478.1
1418980 1478.1
1418990 1481.0
1419000 1486.0
1419010 1486.0
1419020 1490.6
1419030 1493.6
1419040 1493.6
1419050 1496.8
1419060 1498.9
1419070 1498.9
1419080 1500.7
1419090 1502.5
1419100 1504.0
1419110 1504.0
1419120 1506.9
1419130 1510.4
1419140 1510.4
1419150 1517.0
1419160 1524.2
1419170 1524.2
1419180 1530.8
1419190 1536.5
1419200 1536.5
1419210 1541.3
1419220 1545.6
1419230 1545.6
1419240 1549.9
1419250 1554.3
1419260 1554.3
1419270 1558.9
1419280 1562.3
1419290 1562.3
1419300 1566.3
1419310 1569.4
1419320 1569.4
1419330 1572.7
1419340 1575.5
1419350 1575.5
1419360 1578.8
1419370 1584.0
1419380 1584.0
1419390 1591.2
1419400 1598.5
1419410 1606.2
1419420 1606.2
1419430 1612.6
1419440 1618.4
1419450 1618.4
1419460 1623.6
1419470 1627.7
1419480 1627.7
1419490 1630.7
1419500 1637.0
1419510 1637.0
1419520 1641.9
1419530 1647.4
1419540 1647.4
1419550 1652.7
1419560 1656.8
1419570 1656.8
1419580 1660.6
1419590 1663.9
1419600 1663.9
1419610 1667.1
1419620 1670.4
1419630 1670.4
1419640 1673.8
1419650 1677.2
1419660 1677.2
1419670 1680.5
1419680 1684.0
1419690 1687.0
1419700 1687.0
1419710 1690.6
1419720 1694.5
1419730 1694.5
1419740 1698.9
1419750 1705.4
1419760 1705.4
1419770 1712.3
1419780 1718.5
1419790 1718.5
1419800 1723.8
1419810 1727.6
1419820 1727.6
1419830 1731.1
1419840 1734.2
1419850 1734.2
1419860 1739.3
1419870 1746.9
1419880 1746.9
1419890 1752.8
1419900 1757.5
1419910 1757.5
1419920 1762.8
1419930 1767.5
1419940 1767.5
1419950 1771.9
1419960 1775.0
1419970 1775.0
1419980 1777.1
1419990 1779.0
