1400000 1354.8
1400010 1350.4
1400020 1345.4
1400030 1345.4
1400040 1340.2
1400050 1334.3
1400060 1334.3
1400070 1328.6
1400080 1323.0
1400090 1323.0
1400100 1317.2
1400110 1313.2
1400120 1313.2
1400130 1309.5
1400140 1306.3
1400150 1303.1
1400160 1303.1
1400170 1299.2
1400180 1295.9
1400190 1295.9
1400200 1292.1
1400210 1287.8
1400220 1287.8
1400230 1285.5
1400240 1281.5
1400250 1281.5
1400260 1277.7
1400270 1275.1
1400280 1275.1
1400290 1273.2
1400300 1270.7
1400310 1270.7
1400320 1267.1
1400330 1262.3
1400340 1262.3
1400350 1257.9
1400360 1254.4
1400370 1254.4
1400380 1251.4
1400390 1249.0
1400400 1249.0
1400410 1247.1
1400420 1244.4
1400430 1244.4
1400440 1238.6
1400450 1228.7
1400460 1217.7
1400470 1217.7
1400480 1211.6
1400490 1218.4
1400500 1218.4
1400510 1226.7
1400520 1233.5
1400530 1233.5
1400540 1239.5
1400550 1243.4
1400560 1243.4
1400570 1246.0
1400580 1245.8
1400590 1245.8
1400600 1247.5
1400610 1250.6
1400620 1250.6
1400630 1254.9
1400640 1260.5
1400650 1260.5
1400660 1265.2
1400670 1269.2
1400680 1269.2
1400690 1273.1
1400700 1277.0
1400710 1277.0
1400720 1280.7
1400730 1284.4
1400740 1284.4
1400750 1289.8
1400760 1296.4
1400770 1302.4
1400780 1302.4
1400790 1307.3
1400800 1312.6
1400810 1312.6
1400820 1319.5
1400830 1326.7
1400840 1326.7
1400850 1333.7
1400860 1340.9
1400870 1340.9
1400880 1347.6
1400890 1355.1
1400900 1355.1
1400910 1362.7
1400920 1369.8
1400930 1369.8
1400940 1376.6
1400950 1384.1
1400960 1384.1
1400970 1391.8
1400980 1399.9
1400990 1399.9
1401000 1408.0
1401010 1416.2
1401020 1416.2
1401030 1424.0
1401040 1431.0
1401050 1431.0
1401060 1438.0
1401070 1445.1
1401080 1452.1
1401090 1452.1
1401100 1458.9
1401110 1466.1
1401120 1466.1
1401130 1473.2
1401140 1477.1
1401150 1477.1
1401160 1479.9
1401170 1482.7
1401180 1482.7
1401190 1486.4
1401200 1491.2
1401210 1491.2
1401220 1495.3
1401230 1499.9
1401240 1499.9
1401250 1504.4
1401260 1510.1
1401270 1510.1
1401280 1514.3
1401290 1515.0
1401300 1515.0
1401310 1513.9
1401320 1511.6
1401330 1511.6
1401340 1511.6
1401350 1512.9
1401360 1514.4
1401370 1514.4
1401380 1515.7
1401390 1514.3
1401400 1514.3
1401410 1510.6
1401420 1506.9
1401430 1506.9
1401440 1503.3
1401450 1500.0
1401460 1500.0
1401470 1497.1
1401480 1495.3
1401490 1495.3
1401500 1493.8
1401510 1491.5
1401520 1491.5
1401530 1488.3
1401540 1484.1
1401550 1484.1
1401560 1478.6
1401570 1471.6
1401580 1471.6
1401590 1463.7
1401600 1457.7
1401610 1457.7
1401620 1453.7
1401630 1449.9
1401640 1449.9
1401650 1446.0
1401660 1442.3
1401670 1442.5
1401680 1442.5
1401690 1451.2
1401700 1458.7
1401710 1458.7
1401720 1465.2
1401730 1471.6
1401740 1471.6
1401750 1476.2
1401760 1480.0
1401770 1480.0
1401780 1483.2
1401790 1485.6
1401800 1485.6
1401810 1485.9
1401820 1488.1
1401830 1488.1
1401840 1489.3
1401850 1489.1
1401860 1489.1
1401870 1494.5
1401880 1499.9
1401890 1499.9
1401900 1501.7
1401910 1501.5
1401920 1501.5
1401930 1498.9
1401940 1503.6
1401950 1503.6
1401960 1508.5
1401970 1518.0
1401980 1523.0
1401990 1523.0
1402000 1527.4
1402010 1532.2
1402020 1532.2
1402030 1536.5
1402040 1540.1
1402050 1540.1
1402060 1544.0
1402070 1548.4
1402080 1548.4
1402090 1553.8
1402100 1559.3
1402110 1559.3
1402120 1564.5
1402130 1569.6
1402140 1569.6
1402150 1574.3
1402160 1578.8
1402170 1578.8
1402180 1583.3
1402190 1586.9
1402200 1586.9
1402210 1590.0
1402220 1592.9
1402230 1592.9
1402240 1594.2
1402250 1596.1
1402260 1596.1
1402270 1601.8
1402280 1607.5
1402290 1613.2
1402300 1613.2
1402310 1618.5
1402320 1623.6
1402330 1623.6
1402340 1628.1
1402350 1633.2
1402360 1633.2
1402370 1637.3
1402380 1642.0
1402390 1642.0
1402400 1646.9
1402410 1652.2
1402420 1652.2
1402430 1657.1
1402440 1661.7
1402450 1661.7
1402460 1666.9
1402470 1671.2
1402480 1671.2
1402490 1674.9
1402500 1679.3
1402510 1679.3
1402520 1683.6
1402530 1687.5
1402540 1687.5
1402600 1711.3
1402610 1711.3
1402620 1713.6
1402630 1718.2
1402640 1718.2
1402650 1722.3
1402660 1724.4
1402670 1724.4
1402680 1726.0
1402690 1726.9
1402700 1726.9
1402710 1726.7
1402720 1724.7
1402730 1724.7
1402740 1721.0
1402750 1716.5
1402760 1716.5
1402770 1713.1
1402780 1710.5
1402790 1710.5
1402800 1708.2
1402810 1705.5
1402820 1705.5
1402830 1703.4
1402840 1701.8
1402850 1701.8
1402860 1700.0
1402870 1698.2
1402880 1696.3
1402890 1696.3
1402900 1694.9
1402910 1693.9
1402920 1693.9
1402930 1693.5
1402940 1694.4
1402950 1694.4
1402960 1694.9
1402970 1693.9
1402980 1693.9
1402990 1692.4
1403000 1691.1
1403010 1691.1
1403020 1689.3
1403030 1686.6
1403040 1686.6
1403050 1683.0
1403060 1678.7
1403070 1678.7
1403080 1672.0
1403090 1664.9
1403100 1664.9
1403110 1658.3
1403120 1651.7
1403130 1651.7
1403140 1646.6
1403150 1643.7
1403160 1643.7
1403170 1640.8
1403180 1637.7
1403190 1635.4
1403200 1635.4
1403210 1633.4
1403220 1631.0
1403230 1631.0
1403240 1628.2
1403250 1625.8
1403260 1625.8
1403270 1623.1
1403280 1619.8
1403290 1619.8
1403300 1617.4
1403310 1614.1
1403320 1614.1
1403330 1609.3
1403340 1604.9
1403350 1604.9
1403360 1600.4
1403370 1596.4
1403380 1596.4
1403390 1592.8
1403400 1589.9
1403410 1589.9
1403420 1586.9
1403430 1584.1
1403440 1584.1
1403450 1581.5
1403460 1579.1
1403470 1576.9
1403480 1576.9
1403490 1574.1
1403500 1571.2
1403510 1571.2
1403520 1567.0
1403530 1558.5
1403540 1558.5
1403550 1557.6
1403560 1557.1
1403570 1557.1
1403580 1555.5
1403590 1554.9
1403600 1554.9
1403610 1550.3
1403620 1545.0
1403630 1545.0
1403640 1542.0
1403650 1540.8
1403660 1540.8
1403670 1540.0
1403680 1537.8
1403690 1537.8
1403700 1533.2
1403710 1530.6
1403720 1530.6
1403730 1529.6
1403740 1527.6
1403750 1527.6
1403760 1525.3
1403770 1522.2
1403780 1518.5
1403790 1518.5
1403800 1514.7
1403810 1513.6
1403820 1513.6
1403830 1512.2
1403840 1510.2
1403850 1510.2
1403860 1508.1
1403870 1506.3
1403880 1506.3
1403890 1505.6
1403900 1504.2
1403910 1504.2
1403920 1502.6
1403930 1501.2
1403940 1501.2
1403950 1496.6
1403960 1492.1
1403970 1492.1
1403980 1489.0
1403990 1486.1
1404000 1486.1
1404010 1483.5
1404020 1481.2
1404030 1481.2
1404040 1479.6
1404050 1478.0
1404060 1478.0
1404070 1475.7
1404080 1472.1
1404090 1468.7
1404100 1468.7
1404110 1464.8
1404120 1461.9
1404130 1461.9
1404140 1458.8
1404150 1455.9
1404160 1455.9
1404170 1453.0
1404180 1446.3
1404190 1446.3
1404200 1432.6
1404210 1420.8
1404220 1420.8
1404230 1415.9
1404240 1414.7
1404250 1414.7
1404260 1416.6
1404270 1419.7
1404280 1419.7
1404290 1420.6
1404300 1420.0
1404310 1420.0
1404320 1417.3
1404330 1412.3
1404340 1412.3
1404350 1405.5
1404360 1400.8
1404370 1400.8
1404380 1397.8
1404390 1395.5
1404400 1393.1
1404410 1393.1
1404420 1388.5
1404430 1388.2
1404440 1388.2
1404450 1390.3
1404460 1390.9
1404470 1390.9
1404480 1391.5
1404490 1392.0
1404500 1392.0
1404510 1391.6
1404520 1391.1
1404530 1391.1
1404540 1392.4
1404550 1391.2
1404560 1391.2
1404570 1389.6
1404580 1386.2
1404590 1386.2
1404600 1381.5
1404610 1376.5
1404620 1376.5
1404630 1371.8
1404640 1367.1
1404650 1367.1
1404660 1362.3
1404670 1358.2
1404680 1355.1
1404690 1355.1
1404700 1350.8
1404710 1346.2
1404720 1346.2
1404730 1341.3
1404740 1336.3
1404750 1336.3
1404760 1332.4
1404770 1328.2
1404780 1328.2
1404790 1324.3
1404800 1320.6
1404810 1320.6
1404820 1317.5
1404830 1313.7
1404840 1313.7
1404850 1309.2
1404860 1304.2
1404870 1304.2
1404880 1298.7
1404890 1293.9
1404900 1293.9
1404910 1288.5
1404920 1284.0
1404930 1284.0
1404940 1279.9
1404950 1275.9
1404960 1275.9
1404970 1272.1
1404980 1267.8
1404990 1263.1
1405000 1263.1
1405010 1259.4
1405020 1256.2
1405030 1256.2
1405040 1252.7
1405050 1249.4
1405060 1249.4
1405070 1246.3
1405080 1241.2
1405090 1241.2
1405100 1237.1
1405110 1235.0
1405120 1234.5
1405130 1235.6
1405140 1239.3
1405150 1239.3
1405160 1243.1
1405170 1246.4
1405180 1246.4
1405190 1249.1
1405200 1251.5
1405210 1251.5
1405220 1253.5
1405230 1255.3
1405240 1255.3
1405250 1256.8
1405260 1258.5
1405270 1258.5
1405280 1259.2
1405290 1260.0
1405300 1262.0
1405310 1262.0
1405320 1265.9
1405330 1271.4
1405340 1271.4
1405350 1276.2
1405360 1281.7
1405370 1281.7
1405380 1284.2
1405390 1285.3
1405400 1285.3
1405410 1288.8
1405420 1293.4
1405430 1293.4
1405440 1298.1
1405450 1302.4
1405460 1302.4
1405470 1306.0
1405480 1309.6
1405490 1309.6
1405500 1313.1
1405510 1316.1
1405520 1316.1
1405530 1318.4
1405540 1319.7
1405550 1319.7
1405560 1321.0
1405570 1323.7
1405580 1323.7
1405590 1327.1
1405600 1329.8
1405610 1331.7
1405620 1331.7
1405630 1334.0
1405640 1336.5
1405650 1336.5
1405660 1338.2
1405670 1340.0
1405680 1340.0
1405690 1341.6
1405700 1343.4
1405710 1343.4
1405720 1346.7
1405730 1352.6
1405740 1352.6
1405750 1357.6
1405760 1361.2
1405770 1361.2
1405780 1365.5
1405790 1370.0
1405800 1370.0
1405810 1374.0
1405820 1376.0
1405830 1376.0
1405840 1377.0
1405850 1377.4
1405860 1377.4
1405870 1378.1
1405880 1379.5
1405890 1382.5
1405900 1382.5
1405910 1387.0
1405920 1391.1
1405930 1391.1
1405940 1394.0
1405950 1395.0
1405960 1395.0
1405970 1396.0
1405980 1396.5
1405990 1396.5
1406000 1398.8
1406010 1401.9
1406020 1401.9
1406030 1404.3
1406040 1407.8
1406050 1407.8
1406060 1411.3
1406070 1414.4
1406080 1414.4
1406090 1417.1
1406100 1418.9
1406110 1418.9
1406120 1421.4
1406130 1424.2
1406140 1424.2
1406150 1427.4
1406160 1430.0
1406170 1430.0
1406180 1432.5
1406190 1435.2
1406200 1437.4
1406210 1437.4
1406220 1439.9
1406230 1442.9
1406240 1442.9
1406250 1446.0
1406260 1448.5
1406270 1448.5
1406280 1451.0
1406290 1453.7
1406300 1453.7
1406310 1456.5
1406320 1459.1
1406330 1459.1
1406340 1461.4
1406350 1464.2
1406360 1464.2
1406370 1467.1
1406380 1469.9
1406390 1469.9
1406400 1472.2
1406410 1474.0
1406420 1474.0
1406430 1476.0
1406440 1479.1
1406450 1479.1
1406460 1481.7
1406470 1483.9
1406480 1483.9
1406490 1485.4
1406500 1485.4
1406510 1485.4
1406520 1485.4
1406530 1487.3
1406540 1489.2
1406550 1489.2
1406560 1491.6
1406570 1494.9
1406580 1494.9
1406590 1498.9
1406600 1502.6
1406610 1502.6
1406620 1506.3
1406630 1509.2
1406640 1509.2
1406650 1511.1
1406660 1512.9
1406670 1512.9
1406680 1515.6
1406690 1518.6
1406700 1518.6
1406710 1521.6
1406720 1524.7
1406730 1524.7
1406740 1527.6
1406750 1527.6
1406760 1527.6
1406770 1530.6
1406780 1534.5
1406790 1535.6
1406800 1535.6
1406810 1536.6
1406820 1538.3
1406830 1538.3
1406840 1541.1
1406850 1543.6
1406860 1543.6
1406870 1547.1
1406880 1550.1
1406890 1550.1
1406900 1554.0
1406910 1557.6
1406920 1557.6
1406930 1561.5
1406940 1566.0
1406950 1566.0
1406960 1570.6
1406970 1574.3
1406980 1574.3
1406990 1577.7
1407000 1580.3
1407010 1580.3
1407020 1581.9
1407030 1582.7
1407040 1582.7
1407050 1584.0
1407060 1585.9
1407070 1585.9
1407080 1589.2
1407090 1594.4
1407100 1600.7
1407110 1600.7
1407120 1606.8
1407130 1612.2
1407140 1612.2
1407150 1617.4
1407160 1622.9
1407170 1622.9
1407180 1626.6
1407190 1628.4
1407200 1628.4
1407210 1630.1
1407220 1633.2
1407230 1633.2
1407240 1638.5
1407250 1644.2
1407260 1644.2
1407270 1649.6
1407280 1652.8
1407290 1652.8
1407300 1655.3
1407310 1658.1
1407320 1658.1
1407330 1661.3
1407340 1664.2
1407350 1664.2
1407360 1667.2
1407370 1669.1
1407380 1669.1
1407390 1670.0
1407400 1671.3
1407410 1672.6
1407420 1672.6
1407430 1674.0
1407440 1675.8
1407450 1675.8
1407460 1678.1
1407470 1680.1
1407480 1680.1
1407490 1681.3
1407500 1682.3
1407510 1682.3
1407520 1683.3
1407530 1684.2
1407540 1684.2
1407550 1685.5
1407560 1686.8
1407570 1686.8
1407580 1687.7
1407590 1688.2
1407600 1688.2
1407610 1689.0
1407620 1689.6
1407630 1689.6
1407640 1690.4
1407650 1691.0
1407660 1691.0
1407670 1691.4
1407680 1692.1
1407690 1692.1
1407700 1693.4
1407710 1694.9
1407720 1696.1
1407730 1696.1
1407740 1697.4
1407750 1698.4
1407760 1698.4
1407770 1698.9
1407780 1699.5
1407790 1699.5
1407800 1700.6
1407810 1702.2
1407820 1702.2
1407830 1704.0
1407840 1705.3
1407850 1705.3
1407860 1706.6
1407870 1706.7
1407880 1706.7
1407890 1706.7
1407900 1707.9
1407910 1707.9
1407920 1709.6
1407930 1712.3
1407940 1712.3
1407950 1716.2
1407960 1718.6
1407970 1718.6
1407980 1720.1
1407990 1720.4
1408000 1721.9
1408010 1721.9
1408020 1724.8
1408030 1726.2
1408040 1726.2
1408050 1728.3
1408060 1732.4
1408070 1732.4
1408080 1737.2
1408090 1742.2
1408100 1742.2
1408110 1745.0
1408120 1746.8
1408130 1746.8
1408140 1747.0
1408150 1747.2
1408160 1747.2
1408170 1748.0
1408180 1748.9
1408190 1748.9
1408200 1749.0
1408210 1748.1
1408220 1748.1
1408230 1748.8
1408240 1749.2
1408250 1749.2
1408260 1748.9
1408270 1749.7
1408280 1749.7
1408290 1750.8
1408300 1752.6
1408310 1753.5
1408320 1753.5
1408330 1754.1
1408340 1754.2
1408350 1754.2
1408360 1754.2
1408370 1754.3
1408380 1754.3
1408390 1754.3
1408400 1755.3
1408410 1762.4
1408420 1763.2
1408430 1763.6
1408440 1763.6
1408450 1763.9
1408460 1763.7
1408470 1763.7
1408480 1763.6
1408490 1763.9
1408500 1763.9
1408510 1764.8
1408520 1766.3
1408530 1766.3
1408540 1769.1
1408550 1772.0
1408560 1772.0
1408570 1774.9
1408580 1777.5
1408590 1777.5
1408600 1776.8
1408610 1773.7
1408620 1769.9
1408630 1769.9
1408640 1764.5
1408650 1759.0
1408660 1759.0
1408670 1753.7
1408680 1748.0
1408690 1748.0
1408700 1741.9
1408710 1735.3
1408720 1735.3
1408730 1729.7
1408740 1725.0
1408750 1725.0
1408760 1719.3
1408770 1713.5
1408780 1713.5
1408790 1708.4
1408800 1703.7
1408810 1703.7
1408820 1698.8
1408830 1693.2
1408840 1693.2
1408850 1687.1
1408860 1681.9
1408870 1681.9
1408880 1678.0
1408890 1674.5
1408900 1672.1
1408910 1672.1
1408920 1669.5
1408930 1666.5
1408940 1666.5
1408950 1663.8
1408960 1661.6
1408970 1661.6
1408980 1660.0
1408990 1658.8
1409000 1658.8
1409010 1658.5
1409020 1659.2
1409030 1659.2
1409040 1660.2
1409050 1660.6
1409060 1660.6
1409070 1662.0
1409080 1666.2
1409090 1666.2
1409100 1668.0
1409110 1668.1
1409120 1668.1
1409130 1667.4
1409140 1664.7
1409150 1664.7
1409160 1662.0
1409170 1662.3
1409180 1662.3
1409190 1669.2
1409200 1672.9
1409210 1674.6
1409220 1674.6
1409230 1675.4
1409240 1674.4
1409250 1674.4
1409260 1678.4
1409270 1687.6
1409280 1687.6
1409290 1695.5
1409300 1702.1
1409310 1702.1
1409320 1707.8
1409330 1712.9
1409340 1712.9
1409350 1717.2
1409360 1721.0
1409370 1721.0
1409380 1724.5
1409390 1728.0
1409400 1728.0
1409410 1731.2
1409420 1734.1
1409430 1734.1
1409440 1732.7
1409450 1726.6
1409460 1726.6
1409470 1720.5
1409480 1714.9
1409490 1714.9
1409500 1708.6
1409510 1701.0
1409520 1694.8
1409530 1694.8
1409540 1689.1
1409550 1686.9
1409560 1686.9
1409570 1685.4
1409580 1680.4
1409590 1680.4
1409600 1677.9
1409610 1678.9
1409620 1678.9
1409630 1679.1
1409640 1684.7
1409650 1684.7
1409660 1687.5
1409670 1690.0
1409680 1690.0
1409690 1693.0
1409700 1695.7
1409710 1695.7
1409720 1698.4
1409730 1700.6
1409740 1700.6
1409750 1702.0
1409760 1702.9
1409770 1702.9
1409780 1703.1
1409790 1703.1
1409800 1703.1
1409810 1703.1
1409820 1703.6
1409830 1704.5
1409840 1704.5
1409850 1705.5
1409860 1707.0
1409870 1707.0
1409880 1709.3
1409890 1710.9
1409900 1710.9
1409910 1712.1
1409920 1712.0
1409930 1712.0
1409940 1710.2
1409950 1706.9
1409960 1706.9
1409970 1701.6
1409980 1694.4
1409990 1694.4
1410000 1686.3
1410010 1678.0
1410020 1678.0
1410030 1670.4
1410040 1663.3
1410050 1663.3
1410060 1656.9
1410070 1651.5
1410080 1651.5
1410090 1646.2
1410100 1646.2
1410110 1643.0
1410120 1643.0
1410130 1638.7
1410140 1631.8
1410150 1631.8
1410160 1624.8
1410170 1617.7
1410180 1617.7
1410190 1610.7
1410200 1604.5
1410210 1604.5
1410220 1605.8
1410230 1605.6
1410240 1605.6
1410250 1606.1
1410260 1603.9
1410270 1603.9
1410280 1601.6
1410290 1600.5
1410300 1600.5
1410310 1601.5
1410320 1602.9
1410330 1602.9
1410340 1603.3
1410350 1603.9
1410360 1603.9
1410370 1604.3
1410380 1604.3
1410390 1604.3
1410400 1603.3
1410410 1602.6
1410420 1601.6
1410430 1601.6
1410440 1600.0
1410450 1598.7
1410460 1598.7
1410470 1597.6
1410480 1598.4
1410490 1598.4
1410500 1601.6
1410510 1605.7
1410520 1605.7
1410530 1608.7
1410540 1611.4
1410550 1611.4
1410560 1614.8
1410570 1619.2
1410580 1619.2
1410590 1623.5
1410600 1628.0
1410610 1628.0
1410620 1632.8
1410630 1638.0
1410640 1638.0
1410650 1644.3
1410660 1650.4
1410670 1650.4
1410680 1655.8
1410690 1660.7
1410700 1660.7
1410710 1665.1
1410720 1664.2
1410730 1657.1
1410740 1657.1
1410750 1651.7
1410760 1646.0
1410770 1646.0
1410780 1640.8
1410790 1634.8
1410800 1634.8
1410810 1628.8
1410820 1623.1
1410830 1623.1
1410840 1618.0
1410850 1614.3
1410860 1614.3
1410870 1611.1
1410880 1606.9
1410890 1606.9
1410900 1600.9
1410910 1595.5
1410920 1595.5
1410930 1589.5
1410940 1584.1
1410950 1584.1
1410960 1580.5
1410970 1574.1
1410980 1574.1
1410990 1567.9
1411000 1562.7
1411010 1558.9
1411020 1558.9
1411030 1556.1
1411040 1553.1
1411050 1553.1
1411060 1550.9
1411070 1548.5
1411080 1548.5
1411090 1546.1
1411100 1542.6
1411110 1542.6
1411120 1545.4
1411130 1552.3
1411140 1552.3
1411150 1554.4
1411160 1556.7
1411170 1556.7
1411180 1561.0
1411190 1565.0
1411200 1565.0
1411210 1568.6
1411220 1571.3
1411230 1571.3
1411240 1573.5
1411250 1574.7
1411260 1574.7
1411270 1575.4
1411280 1575.5
1411290 1575.5
1411300 1575.2
1411310 1576.2
1411320 1577.0
1411330 1577.0
1411340 1576.0
1411350 1576.3
1411360 1576.3
1411370 1581.1
1411380 1587.1
1411390 1587.1
1411400 1592.1
1411410 1597.8
1411420 1597.8
1411430 1605.3
1411440 1612.6
1411450 1612.6
1411460 1620.7
1411470 1629.8
1411480 1629.8
1411490 1631.7
1411500 1626.7
1411510 1626.7
1411520 1622.8
1411530 1620.5
1411540 1620.5
1411550 1618.5
1411560 1615.8
1411570 1615.8
1411580 1609.0
1411590 1602.7
1411600 1602.7
1411610 1600.3
1411620 1598.6
1411630 1596.3
1411640 1596.3
1411650 1593.0
1411660 1589.9
1411670 1589.9
1411680 1585.6
1411690 1579.9
1411700 1579.9
1411710 1574.9
1411720 1566.6
1411730 1566.6
1411740 1554.2
1411750 1545.1
1411760 1545.1
1411770 1539.0
1411780 1532.9
1411790 1532.9
1411800 1527.5
1411810 1522.6
1411820 1522.6
1411830 1516.2
1411840 1517.7
1411850 1517.7
1411860 1512.0
1411870 1499.2
1411880 1499.2
1411890 1490.9
1411900 1484.3
1411910 1484.3
1411920 1479.5
1411930 1475.9
1411940 1472.3
1411950 1472.3
1411960 1468.9
1411970 1466.0
1411980 1466.0
1411990 1462.1
1412000 1456.9
1412010 1456.9
1412020 1451.2
1412030 1444.4
1412040 1444.4
1412050 1438.4
1412060 1432.0
1412070 1432.0
1412080 1425.7
1412090 1419.7
1412100 1419.7
1412110 1413.3
1412120 1406.2
1412130 1406.2
1412140 1403.6
1412150 1396.4
1412160 1396.4
1412170 1390.4
1412180 1385.9
1412190 1385.9
1412200 1382.8
1412210 1386.1
1412220 1391.9
1412230 1391.9
1412240 1395.7
1412250 1396.1
1412260 1396.1
1412270 1397.0
1412280 1401.8
1412290 1401.8
1412300 1406.7
1412310 1409.2
1412320 1409.2
1412330 1411.0
1412340 1415.7
1412350 1415.7
1412360 1422.6
1412370 1430.4
1412380 1430.4
1412390 1435.7
1412400 1436.9
1412410 1436.9
1412420 1436.2
1412430 1434.8
1412440 1434.8
1412450 1433.2
1412460 1434.4
1412470 1434.4
1412480 1434.2
1412490 1437.5
1412500 1437.5
1412510 1442.8
1412520 1447.3
1412530 1452.0
1412540 1452.0
1412550 1455.7
1412560 1454.7
1412570 1454.7
1412580 1451.9
1412590 1447.5
1412600 1447.5
1412610 1445.5
1412620 1448.2
1412630 1448.2
1412640 1444.3
1412650 1439.8
1412660 1439.8
1412670 1441.8
1412680 1453.1
1412690 1453.1
1412700 1460.5
1412710 1464.3
1412720 1464.3
1412730 1467.0
1412740 1468.8
1412750 1468.8
1412760 1470.9
1412770 1473.8
1412780 1473.8
1412790 1477.7
1412800 1481.1
1412810 1481.1
1412820 1483.8
1412830 1484.4
1412840 1483.5
1412850 1483.5
1412860 1482.0
1412870 1480.2
1412880 1480.2
1412890 1477.7
1412900 1479.7
1412910 1479.7
1412920 1486.9
1412930 1495.1
1412940 1495.1
1412950 1502.1
1412960 1508.2
1412970 1508.2
1412980 1513.5
1412990 1518.0
1413000 1518.0
1413010 1522.7
1413020 1527.7
1413030 1527.7
1413040 1533.5
1413050 1539.8
1413060 1539.8
1413070 1546.2
1413080 1552.4
1413090 1552.4
1413100 1558.7
1413110 1564.4
1413120 1569.3
1413130 1569.3
1413140 1573.5
1413150 1577.3
1413160 1577.3
1413170 1581.0
1413180 1585.0
1413190 1585.0
1413200 1588.8
1413210 1592.7
1413220 1592.7
1413230 1597.3
1413240 1601.6
1413250 1601.6
1413260 1605.6
1413270 1610.8
1413280 1610.8
1413290 1615.8
1413300 1619.7
1413310 1619.7
1413320 1621.8
1413330 1622.8
1413340 1622.8
1413350 1622.1
1413360 1620.5
1413370 1620.5
1413380 1618.5
1413390 1616.2
1413400 1616.2
1413410 1614.9
1413420 1615.3
1413430 1614.7
1413440 1614.7
1413450 1612.2
1413460 1608.6
1413470 1608.6
1413480 1603.1
1413490 1597.7
1413500 1597.7
1413510 1591.5
1413520 1584.7
1413530 1584.7
1413540 1578.4
1413550 1571.5
1413560 1571.5
1413570 1564.6
1413580 1557.7
1413590 1557.7
1413600 1552.1
1413610 1546.5
1413620 1544.7
1413630 1540.0
1413640 1533.7
1413650 1533.7
1413660 1528.1
1413670 1523.8
1413680 1523.8
1413690 1519.2
1413700 1514.3
1413710 1514.3
1413720 1510.7
1413730 1506.5
1413740 1500.8
1413750 1500.8
1413760 1495.7
1413770 1486.9
1413780 1486.9
1413790 1480.1
1413800 1475.2
1413810 1475.2
1413820 1469.2
1413830 1462.2
1413840 1462.2
1413850 1458.6
1413860 1464.7
1413870 1464.7
1413880 1472.5
1413890 1471.8
1413900 1471.8
1413910 1465.7
1413920 1465.7
1413930 1465.7
1413940 1472.3
1413950 1475.2
1413960 1475.2
1413970 1475.7
1413980 1475.7
1413990 1475.7
1414000 1475.6
1414010 1476.9
1414020 1476.9
1414030 1479.5
1414040 1482.9
1414050 1486.2
1414060 1486.2
1414070 1483.4
1414080 1477.9
1414090 1477.9
1414100 1477.8
1414110 1480.6
1414120 1480.6
1414130 1480.3
1414140 1480.3
1414150 1480.3
1414160 1488.3
1414170 1497.8
1414180 1497.8
1414190 1504.9
1414200 1510.2
1414210 1510.2
1414220 1513.9
1414230 1518.0
1414240 1518.0
1414250 1521.9
1414260 1526.3
1414270 1526.3
1414280 1531.7
1414290 1538.7
1414300 1538.7
1414310 1546.8
1414320 1555.2
1414330 1563.4
1414340 1563.4
1414350 1572.5
1414360 1579.2
1414370 1579.2
1414380 1582.9
1414390 1587.8
1414400 1587.8
1414410 1593.1
1414420 1597.5
1414430 1597.5
1414440 1601.9
1414450 1607.9
1414460 1607.9
1414470 1613.6
1414480 1618.9
1414490 1618.9
1414500 1622.0
1414510 1623.9
1414520 1623.9
1414530 1625.0
1414540 1624.6
1414550 1624.6
1414560 1622.4
1414570 1620.9
1414580 1620.9
1414590 1620.4
1414600 1620.4
1414610 1620.4
1414620 1621.1
1414630 1622.9
1414640 1626.9
1414650 1626.9
1414660 1630.0
1414670 1634.5
1414680 1634.5
1414690 1639.6
1414700 1645.4
1414710 1645.4
1414720 1651.2
1414730 1655.1
1414740 1655.1
1414750 1659.3
1414760 1664.0
1414770 1664.0
1414780 1667.9
1414790 1672.1
1414800 1672.1
1414810 1675.3
1414820 1676.6
1414830 1676.6
1414840 1680.1
1414850 1682.1
1414860 1682.1
1414870 1684.6
1414880 1688.0
1414890 1688.0
1414900 1692.3
1414910 1695.7
1414920 1695.7
1414930 1698.4
1414940 1700.5
1414950 1701.8
1414960 1701.8
1414970 1703.9
1414980 1706.4
1414990 1706.4
1415000 1710.5
1415010 1716.0
1415020 1716.0
1415030 1720.9
1415040 1723.7
1415050 1723.7
1415060 1726.9
1415070 1729.4
1415080 1729.4
1415090 1732.5
1415100 1735.1
1415110 1735.1
1415120 1736.6
1415130 1738.3
1415140 1738.3
1415150 1740.9
1415160 1744.5
1415170 1744.5
1415180 1748.7
1415190 1752.6
1415200 1752.6
1415210 1755.9
1415220 1758.7
1415230 1758.4
1415240 1758.4
1415250 1756.8
1415260 1757.5
1415270 1757.5
1415280 1758.3
1415290 1758.1
1415300 1758.1
1415310 1758.1
1415320 1758.0
1415330 1758.0
1415340 1757.6
1415350 1758.3
1415360 1758.3
1415370 1758.9
1415380 1759.1
1415390 1759.1
1415400 1758.5
1415410 1758.2
1415420 1758.2
1415430 1757.7
1415440 1751.5
1415450 1751.5
1415460 1748.2
1415470 1744.6
1415480 1744.6
1415490 1740.5
1415500 1734.7
1415510 1734.7
1415520 1728.6
1415530 1722.4
1415540 1716.4
1415550 1716.4
1415560 1713.0
1415570 1711.5
1415580 1711.5
1415590 1710.0
1415600 1708.6
1415610 1708.6
1415620 1706.5
1415630 1704.2
1415640 1704.2
1415650 1702.5
1415660 1698.4
1415670 1698.4
1415680 1693.7
1415690 1688.3
1415700 1688.3
1415710 1682.9
1415720 1677.8
1415730 1677.8
1415740 1672.3
1415750 1666.5
1415760 1666.5
1415770 1660.8
1415780 1655.9
1415790 1655.9
1415800 1652.4
1415810 1649.7
1415820 1649.7
1415830 1648.6
1415840 1646.8
1415850 1644.3
1415860 1644.3
1415870 1640.7
1415880 1636.8
1415890 1636.8
1415900 1633.9
1415910 1630.3
1415920 1630.3
1415930 1626.7
1415940 1624.3
1415950 1624.3
1415960 1621.9
1415970 1618.9
1415980 1618.9
1415990 1615.7
1416000 1612.3
1416010 1612.3
1416020 1608.6
1416030 1605.3
1416040 1605.3
1416050 1602.1
1416060 1598.5
1416070 1598.5
1416080 1594.0
1416090 1589.2
1416100 1589.2
1416110 1584.8
1416120 1580.6
1416130 1580.6
1416140 1576.2
1416150 1573.3
1416160 1570.3
1416170 1570.3
1416180 1567.0
1416190 1562.7
1416200 1562.7
1416210 1556.1
1416220 1549.6
1416230 1549.6
1416240 1543.2
1416250 1537.0
1416260 1537.0
1416270 1531.3
1416280 1525.7
1416290 1525.7
1416300 1519.9
1416310 1513.5
1416320 1513.5
1416330 1507.4
1416340 1502.9
1416350 1502.9
1416360 1499.1
1416370 1495.3
1416380 1495.3
1416390 1490.9
1416400 1486.2
1416410 1486.2
1416420 1482.2
1416430 1479.3
1416440 1476.4
1416450 1476.4
1416460 1473.8
1416470 1471.0
1416480 1471.0
1416490 1468.6
1416500 1466.9
1416510 1466.9
1416520 1465.3
1416530 1463.4
1416540 1463.4
1416550 1460.2
1416560 1455.7
1416570 1455.7
1416580 1450.5
1416590 1442.2
1416600 1442.2
1416610 1434.2
1416620 1433.0
1416630 1433.0
1416640 1430.7
1416650 1425.8
1416660 1425.8
1416670 1420.0
1416680 1413.7
1416690 1413.7
1416700 1407.1
1416710 1400.1
1416720 1400.1
1416730 1394.2
1416740 1389.3
1416750 1386.1
1416760 1386.1
1416770 1383.4
1416780 1377.9
1416790 1377.9
1416800 1372.1
1416810 1368.2
1416820 1368.2
1416830 1364.1
1416840 1358.9
1416850 1358.9
1416860 1355.0
1416870 1350.7
1416880 1350.7
1416890 1346.5
1416900 1343.4
1416910 1343.4
1416920 1340.4
1416930 1336.4
1416940 1336.4
1416950 1331.7
1416960 1326.3
1416970 1326.3
1416980 1322.1
1416990 1319.2
1417000 1319.2
1417010 1316.3
1417020 1312.4
1417030 1312.4
1417040 1307.0
1417050 1301.0
1417060 1294.8
1417070 1294.8
1417080 1289.3
1417090 1285.5
1417100 1285.5
1417110 1281.7
1417120 1276.7
1417130 1276.7
1417140 1271.5
1417150 1266.7
1417160 1266.7
1417170 1263.0
1417180 1260.4
1417190 1260.4
1417200 1257.7
1417210 1253.9
1417220 1253.9
1417230 1248.4
1417240 1243.1
1417250 1243.1
1417260 1237.0
1417270 1231.9
1417280 1231.9
1417290 1228.3
1417300 1223.8
1417310 1223.8
1417320 1219.9
1417330 1216.4
1417340 1212.5
1417350 1212.5
1417360 1208.4
1417370 1203.9
1417380 1203.9
1417390 1199.7
1417400 1195.8
1417410 1195.8
1417420 1192.4
1417430 1188.4
1417440 1188.4
1417450 1184.0
1417460 1178.7
1417470 1178.7
1417480 1172.1
1417490 1165.3
1417500 1165.3
1417510 1159.7
1417520 1155.0
1417530 1155.0
1417540 1149.4
1417550 1143.1
1417560 1143.1
1417570 1136.7
1417580 1130.1
1417590 1130.1
1417600 1122.3
1417610 1113.2
1417620 1113.2
1417630 1104.5
1417640 1098.9
1417650 1095.7
1417660 1095.7
1417670 1092.4
1417680 1089.2
1417690 1089.2
1417700 1085.5
1417710 1081.8
1417720 1081.8
1417730 1078.8
1417740 1075.2
1417750 1075.2
1417760 1072.1
1417770 1068.9
1417780 1068.9
1417790 1065.8
1417800 1063.4
1417810 1063.4
1417820 1061.4
1417830 1058.5
1417840 1058.5
1417850 1056.0
1417860 1052.6
1417870 1052.6
1417880 1053.4
1417890 1058.4
1417900 1058.4
1417910 1065.0
1417920 1072.1
1417930 1072.1
1417940 1076.4
1417950 1080.0
1417960 1083.7
1417970 1083.7
1417980 1087.7
1417990 1090.6
1418000 1090.6
1418010 1092.3
1418020 1093.5
1418030 1093.5
1418040 1094.0
1418050 1095.3
1418060 1095.3
1418070 1098.7
1418080 1100.0
1418090 1100.0
1418100 1100.8
1418110 1101.6
1418120 1101.6
1418130 1102.1
1418140 1103.1
1418150 1103.1
1418160 1106.2
1418170 1110.2
1418180 1110.2
1418190 1112.0
1418200 1112.6
1418210 1112.6
1418220 1115.4
1418230 1117.8
1418240 1117.8
1418250 1119.9
1418260 1121.7
1418270 1123.6
1418280 1123.6
1418290 1126.6
1418300 1130.2
1418310 1130.2
1418320 1133.8
1418330 1137.4
1418340 1137.4
1418350 1141.0
1418360 1144.5
1418370 1144.5
1418380 1148.4
1418390 1151.1
1418400 1151.1
1418410 1153.3
1418420 1156.5
1418430 1156.5
1418440 1159.8
1418450 1162.4
1418460 1162.4
1418470 1163.0
1418480 1165.2
1418490 1165.2
1418500 1170.0
1418510 1175.2
1418520 1175.2
1418530 1181.1
1418540 1183.8
1418550 1180.5
1418560 1180.5
1418570 1175.0
1418580 1168.0
1418590 1168.0
1418600 1164.6
1418610 1170.1
1418620 1170.1
1418630 1174.8
1418640 1179.9
1418650 1179.9
1418660 1185.8
1418670 1193.1
1418680 1193.1
1418690 1200.6
1418700 1205.6
1418710 1205.6
1418720 1209.2
1418730 1213.8
1418740 1213.8
1418750 1217.9
1418760 1219.0
1418770 1219.0
1418780 1219.3
1418790 1217.6
1418800 1217.6
1418810 1215.4
1418820 1215.0
1418830 1215.0
1418840 1214.2
1418850 1212.6
1418860 1211.5
1418870 1211.5
1418880 1208.0
1418890 1204.0
1418900 1204.0
1418910 1199.9
1418920 1195.8
1418930 1195.8
1418940 1192.1
1418950 1191.0
1418960 1191.0
1418970 1192.0
1418980 1190.3
1418990 1190.3
1419000 1186.4
1419010 1181.4
1419020 1181.4
1419030 1178.3
1419040 1176.3
1419050 1176.3
1419060 1174.3
1419070 1170.9
1419080 1170.9
1419090 1170.6
1419100 1169.3
1419110 1169.3
1419120 1164.1
1419130 1157.4
1419140 1157.4
1419150 1153.3
1419160 1154.1
1419170 1150.6
1419180 1150.6
1419190 1147.0
1419200 1141.3
1419210 1141.3
1419220 1141.6
1419230 1135.2
1419240 1135.2
1419250 1129.3
1419260 1124.2
1419270 1124.2
1419280 1120.0
1419290 1116.6
1419300 1116.6
1419310 1112.2
1419320 1106.4
1419330 1106.4
1419340 1100.3
1419350 1096.0
1419360 1096.0
1419370 1097.7
1419380 1099.8
1419390 1099.8
1419400 1103.1
1419410 1109.0
1419420 1109.0
1419430 1116.6
1419440 1123.3
1419450 1123.3
1419460 1130.4
1419470 1136.2
1419480 1140.9
1419490 1140.9
1419500 1144.4
1419510 1146.4
1419520 1146.4
1419530 1148.0
1419540 1153.6
1419550 1153.6
1419560 1161.6
1419570 1170.0
1419580 1170.0
1419590 1178.3
1419600 1186.0
1419610 1186.0
1419620 1193.9
1419630 1201.1
1419640 1201.1
1419650 1208.7
1419660 1216.7
1419670 1216.7
1419680 1224.2
1419690 1231.3
1419700 1231.3
1419710 1238.9
1419720 1246.1
1419730 1246.1
1419740 1251.0
1419750 1255.2
1419760 1259.1
1419770 1259.1
1419780 1262.5
1419790 1266.6
1419800 1266.6
1419810 1270.5
1419820 1274.6
1419830 1274.6
1419840 1279.2
1419850 1283.0
1419860 1283.0
1419870 1287.1
1419880 1290.5
1419890 1290.5
1419900 1294.5
1419910 1299.6
1419920 1299.6
1419930 1304.6
1419940 1308.8
1419950 1308.8
1419960 1312.9
1419970 1319.5
1419980 1319.5
1419990 1325.7
