1400000 1078.4
1400010 1077.0
1400020 1077.0
1400030 1075.6
1400040 1073.8
1400050 1073.8
1400060 1072.8
1400070 1071.1
1400080 1071.1
1400090 1072.1
1400100 1073.8
1400110 1073.8
1400120 1073.4
1400130 1074.1
1400140 1075.4
1400150 1075.4
1400160 1076.2
1400170 1076.6
1400180 1076.6
1400190 1077.2
1400200 1077.7
1400210 1077.7
1400220 1079.9
1400230 1083.8
1400240 1083.8
1400250 1086.5
1400260 1088.5
1400270 1088.5
1400280 1090.4
1400290 1092.7
1400300 1092.7
1400310 1092.4
1400320 1093.6
1400330 1093.6
1400340 1098.4
1400350 1102.5
1400360 1102.5
1400370 1108.2
1400380 1113.7
1400390 1113.7
1400400 1119.2
1400410 1125.3
1400420 1125.3
1400430 1129.1
1400440 1131.3
1400450 1133.1
1400460 1133.1
1400470 1135.6
1400480 1138.3
1400490 1138.3
1400500 1141.3
1400510 1146.1
1400520 1146.1
1400530 1150.7
1400540 1155.3
1400550 1155.3
1400560 1159.6
1400570 1162.6
1400580 1162.6
1400590 1163.5
1400600 1162.0
1400610 1162.0
1400620 1162.0
1400630 1164.9
1400640 1164.9
1400650 1169.4
1400660 1173.9
1400670 1173.9
1400680 1178.7
1400690 1183.9
1400700 1183.9
1400710 1189.4
1400720 1194.9
1400730 1194.9
1400740 1199.9
1400750 1203.7
1400760 1206.4
1400770 1206.4
1400780 1207.9
1400790 1210.4
1400800 1210.4
1400810 1214.2
1400820 1217.1
1400830 1217.1
1400840 1218.7
1400850 1219.5
1400860 1219.5
1400870 1219.3
1400880 1217.7
1400890 1217.7
1400900 1216.9
1400910 1217.7
1400920 1217.7
1400930 1215.3
1400940 1206.2
1400950 1206.2
1400960 1194.2
1400970 1184.0
1400980 1184.0
1400990 1177.1
1401000 1177.1
1401010 1177.1
1401020 1185.8
1401030 1194.5
1401040 1201.9
1401050 1201.9
1401060 1210.2
1401070 1218.2
1401080 1218.2
1401090 1224.4
1401100 1233.2
1401110 1233.2
1401120 1242.0
1401130 1250.0
1401140 1250.0
1401150 1255.6
1401160 1260.0
1401170 1260.0
1401180 1259.0
1401190 1255.8
1401200 1255.8
1401210 1256.3
1401220 1259.2
1401230 1259.2
1401240 1262.3
1401250 1265.0
1401260 1265.0
1401270 1268.7
1401280 1273.6
1401290 1273.6
1401300 1276.6
1401310 1279.2
1401320 1279.2
1401330 1282.6
1401340 1284.4
1401350 1285.7
1401360 1285.7
1401370 1286.6
1401380 1289.5
1401390 1289.5
1401400 1293.5
1401410 1299.1
1401420 1299.1
1401430 1305.3
1401440 1309.5
1401450 1309.5
1401460 1313.8
1401470 1318.2
1401480 1318.2
1401490 1324.2
1401500 1326.9
1401510 1326.9
1401520 1328.2
1401530 1332.1
1401540 1332.1
1401550 1336.9
1401560 1339.4
1401570 1339.4
1401580 1342.2
1401590 1344.9
1401600 1344.9
1401610 1349.3
1401620 1354.3
1401630 1354.3
1401640 1359.7
1401650 1364.7
1401660 1365.9
1401670 1365.9
1401680 1368.4
1401690 1371.3
1401700 1371.3
1401710 1375.1
1401720 1380.1
1401730 1380.1
1401740 1383.4
1401750 1384.4
1401760 1384.4
1401770 1388.9
1401780 1396.8
1401790 1396.8
1401800 1404.9
1401810 1412.5
1401820 1412.5
1401830 1418.9
1401840 1424.6
1401850 1424.6
1401860 1430.8
1401870 1431.0
1401880 1431.0
1401890 1436.0
1401900 1440.4
1401910 1440.4
1401920 1442.6
1401930 1444.0
1401940 1444.0
1401950 1447.7
1401960 1453.3
1401970 1458.5
1401980 1458.5
1401990 1464.0
1402000 1469.8
1402010 1469.8
1402020 1477.0
1402030 1484.8
1402040 1484.8
1402050 1491.5
1402060 1497.1
1402070 1497.1
1402080 1503.6
1402090 1510.2
1402100 1510.2
1402110 1515.7
1402120 1521.2
1402130 1521.2
1402140 1525.8
1402150 1529.3
1402160 1529.3
1402170 1532.0
1402180 1535.0
1402190 1535.0
1402200 1537.5
1402210 1540.6
1402220 1540.6
1402230 1544.5
1402240 1548.6
1402250 1548.6
1402260 1553.6
1402270 1558.1
1402280 1561.0
1402290 1561.0
1402300 1563.5
1402310 1566.5
1402320 1566.5
1402330 1570.5
1402340 1575.0
1402350 1575.0
1402360 1578.6
1402370 1582.8
1402380 1582.8
1402390 1588.2
1402400 1592.7
1402410 1592.7
1402420 1596.2
1402430 1599.7
1402440 1599.7
1402450 1604.1
1402460 1608.3
1402470 1608.3
1402480 1611.5
1402490 1614.6
1402500 1614.6
1402510 1618.3
1402520 1622.1
1402530 1622.1
1402540 1625.4
1402550 1628.3
1402560 1631.4
1402570 1631.4
1402580 1633.8
1402590 1634.8
1402600 1634.8
1402610 1633.6
1402620 1635.6
1402630 1635.6
1402640 1641.4
1402650 1647.5
1402660 1647.5
1402670 1655.1
1402680 1662.0
1402690 1662.0
1402700 1668.2
1402710 1673.2
1402720 1673.2
1402730 1677.6
1402740 1681.4
1402750 1681.4
1402760 1685.4
1402770 1690.0
1402780 1690.0
1402790 1693.1
1402800 1695.5
1402810 1695.5
1402820 1696.5
1402830 1696.3
1402840 1696.3
1402850 1695.4
1402860 1691.9
1402870 1687.4
1402880 1687.4
1402890 1681.8
1402900 1675.0
1402910 1675.0
1402920 1668.1
1402930 1660.8
1402940 1660.8
1402950 1653.9
1402960 1647.5
1402970 1647.5
1402980 1642.0
1402990 1637.4
1403000 1637.4
1403010 1633.2
1403020 1629.0
1403030 1629.0
1403040 1625.5
1403050 1622.8
1403060 1622.8
1403070 1620.3
1403080 1616.4
1403090 1616.4
1403100 1611.1
1403110 1607.3
1403120 1607.3
1403130 1605.8
1403140 1603.9
1403150 1603.9
1403160 1599.1
1403170 1594.4
1403180 1591.8
1403190 1591.8
1403200 1590.1
1403210 1587.7
1403220 1587.7
1403230 1584.7
1403240 1581.7
1403250 1581.7
1403260 1578.6
1403270 1574.9
1403280 1574.9
1403290 1569.5
1403300 1562.3
1403310 1562.3
1403320 1554.6
1403330 1548.0
1403340 1548.0
1403350 1549.4
1403360 1553.5
1403370 1553.5
1403380 1555.0
1403390 1554.6
1403400 1554.6
1403410 1553.0
1403420 1551.1
1403430 1553.7
1403440 1552.0
1403450 1550.6
1403460 1550.6
1403470 1548.7
1403480 1545.7
1403490 1543.3
1403500 1543.3
1403510 1542.0
1403520 1540.1
1403530 1540.1
1403540 1537.3
1403550 1536.6
1403560 1536.6
1403570 1534.4
1403580 1530.3
1403590 1530.3
1403600 1527.8
1403610 1525.0
1403620 1525.0
1403630 1519.3
1403640 1512.3
1403650 1512.3
1403660 1508.0
1403670 1508.1
1403680 1508.1
1403690 1505.3
1403700 1500.6
1403710 1500.6
1403720 1495.4
1403730 1490.2
1403740 1490.2
1403750 1482.7
1403760 1474.0
1403770 1474.0
1403780 1474.7
1403790 1476.3
1403800 1475.8
1403810 1475.8
1403820 1474.2
1403830 1472.4
1403840 1472.4
1403850 1469.5
1403860 1465.7
1403870 1465.7
1403880 1460.8
1403890 1455.2
1403900 1455.2
1403910 1449.7
1403920 1444.2
1403930 1444.2
1403940 1439.0
1403950 1435.8
1403960 1435.8
1403970 1432.5
1403980 1429.1
1403990 1429.1
1404000 1425.2
1404160 1397.5
1404170 1394.8
1404180 1394.8
1404190 1391.2
1404200 1387.8
1404210 1387.8
1404220 1384.4
1404230 1381.4
1404240 1381.4
1404250 1378.1
1404260 1374.8
1404270 1374.8
1404280 1370.6
1404290 1365.3
1404300 1365.3
1404310 1360.8
1404320 1358.8
1404330 1358.8
1404340 1354.5
1404350 1349.9
1404360 1349.9
1404370 1345.7
1404380 1342.1
1404390 1338.6
1404400 1338.6
1404410 1338.3
1404420 1337.8
1404430 1337.8
1404820 1318.5
1404830 1318.5
1404840 1321.4
1404870 1331.2
1404880 1333.1
1404890 1333.1
1404900 1336.5
1404910 1340.3
1404920 1340.3
1404930 1343.4
1404940 1346.9
1404950 1346.9
1404960 1349.8
1404970 1352.0
1404980 1352.0
1404990 1355.2
1405000 1358.4
1405010 1360.3
1405020 1356.8
1405030 1357.5
1405040 1357.5
1405050 1357.5
1405060 1352.0
1405070 1353.9
1405080 1353.9
1405090 1361.3
1405100 1369.6
1405110 1369.6
1405120 1375.9
1405130 1380.0
1405140 1380.0
1405150 1383.4
1405160 1388.5
1405170 1388.5
1405180 1392.4
1405190 1395.7
1405200 1395.7
1405210 1398.0
1405220 1399.8
1405230 1399.8
1405240 1401.7
1405250 1403.2
1405260 1403.2
1405270 1403.8
1405280 1404.9
1405290 1404.9
1405300 1406.1
1405310 1407.3
1405320 1409.2
1405330 1409.2
1405340 1412.7
1405350 1416.5
1405360 1416.5
1405370 1420.5
1405380 1424.4
1405390 1424.4
1405400 1431.3
1405410 1437.5
1405420 1437.5
1405430 1444.3
1405440 1449.4
1405450 1449.4
1405460 1454.9
1405470 1460.0
1405480 1460.0
1405490 1464.8
1405500 1469.5
1405510 1469.5
1405520 1474.5
1405530 1478.9
1405540 1478.9
1405550 1481.1
1405560 1484.3
1405570 1484.3
1405580 1487.1
1405590 1489.5
1405600 1494.2
1405610 1494.2
1405620 1498.8
1405630 1503.7
1405640 1503.7
1405650 1507.5
1405660 1511.7
1405670 1511.7
1405680 1516.1
1405690 1518.9
1405700 1518.9
1405710 1520.4
1405720 1522.2
1405730 1522.2
1405740 1524.1
1405750 1526.9
1405760 1526.9
1405770 1530.0
1405780 1533.8
1405790 1533.8
1405800 1538.3
1405810 1542.6
1405820 1542.6
1405830 1546.3
1405840 1551.5
1405850 1551.5
1405860 1556.6
1405870 1559.7
1405880 1559.7
1405890 1561.1
1405900 1562.4
1405910 1562.8
1405920 1562.8
1405930 1562.5
1405940 1561.5
1405950 1561.5
1405960 1561.7
1405970 1562.9
1405980 1562.9
1405990 1566.1
1406000 1569.6
1406010 1569.6
1406020 1575.6
1406030 1582.4
1406040 1582.4
1406050 1588.8
1406060 1593.5
1406070 1593.5
1406080 1598.2
1406090 1603.9
1406100 1603.9
1406110 1610.6
1406120 1619.3
1406130 1619.3
1406140 1625.4
1406150 1629.5
1406160 1629.5
1406170 1632.9
1406180 1635.3
1406190 1635.3
1406200 1637.7
1406210 1640.5
1406220 1642.8
1406230 1642.8
1406240 1641.8
1406250 1638.9
1406260 1638.9
1406270 1633.8
1406280 1626.8
1406290 1626.8
1406300 1625.0
1406310 1621.9
1406320 1621.9
1406330 1616.5
1406340 1609.9
1406350 1609.9
1406360 1602.8
1406370 1594.3
1406380 1594.3
1406390 1589.0
1406400 1585.3
1406410 1585.3
1406420 1583.6
1406430 1581.8
1406440 1581.8
1406450 1578.2
1406460 1572.1
1406470 1572.1
1406480 1564.8
1406490 1557.7
1406500 1557.7
1406510 1552.0
1406520 1546.9
1406530 1541.7
1406540 1541.7
1406550 1537.1
1406560 1532.4
1406570 1532.4
1406580 1527.6
1406590 1522.8
1406600 1522.8
1406610 1517.9
1406620 1514.4
1406630 1514.4
1406640 1513.8
1406650 1511.0
1406660 1511.0
1406670 1508.8
1406680 1507.1
1406690 1507.1
1406700 1504.0
1406710 1500.9
1406720 1500.9
1406730 1497.5
1406740 1493.8
1406750 1493.8
1406760 1488.8
1406770 1486.3
1406780 1486.3
1406790 1483.1
1406800 1481.1
1406810 1481.1
1406820 1477.0
1406830 1470.4
1406840 1467.3
1406850 1467.3
1406860 1463.6
1406870 1460.3
1406880 1460.3
1406890 1459.1
1406900 1456.9
1406910 1456.9
1406920 1454.6
1406930 1453.5
1406940 1453.5
1406950 1452.3
1406960 1449.3
1406970 1449.3
1406980 1443.3
1406990 1436.9
1407000 1436.9
1407010 1431.0
1407020 1424.9
1407030 1424.9
1407040 1421.7
1407050 1420.0
1407060 1420.0
1407070 1416.6
1407080 1412.3
1407090 1412.3
1407100 1410.8
1407110 1410.3
1407120 1408.4
1407130 1408.4
1407140 1406.8
1407150 1406.1
1407160 1406.1
1407170 1404.7
1407180 1403.1
1407190 1403.1
1407200 1401.9
1407210 1400.6
1407220 1400.6
1407230 1398.8
1407240 1395.4
1407250 1395.4
1407260 1392.5
1407270 1391.4
1407280 1391.4
1407290 1389.9
1407300 1386.9
1407310 1386.9
1407320 1383.8
1407330 1381.9
1407340 1381.9
1407350 1380.7
1407360 1379.7
1407370 1379.7
1407380 1377.9
1407390 1375.4
1407400 1375.4
1407410 1372.6
1407420 1368.8
1407430 1364.8
1407440 1364.8
1407450 1360.6
1407460 1355.4
1407470 1355.4
1407480 1350.0
1407490 1346.6
1407500 1346.6
1407510 1344.8
1407520 1339.2
1407530 1339.2
1407540 1330.7
1407550 1326.2
1407560 1326.2
1407570 1336.9
1407580 1343.7
1407590 1343.7
1407600 1344.7
1407610 1343.4
1407620 1343.4
1407630 1343.0
1407640 1344.6
1407650 1344.6
1407660 1344.2
1407670 1344.2
1407680 1344.2
1407690 1343.3
1407700 1343.0
1407710 1343.0
1407720 1341.3
1407730 1339.1
1407740 1337.7
1407750 1337.7
1407760 1337.7
1407770 1337.5
1407780 1337.5
1407790 1336.3
1407800 1332.0
1407810 1332.0
1407820 1324.7
1407830 1316.6
1407840 1316.6
1407850 1312.0
1407860 1317.6
1407870 1317.6
1407880 1322.9
1407890 1327.8
1407900 1327.8
1407910 1333.4
1407920 1335.7
1407930 1335.7
1407940 1335.0
1407950 1334.9
1407960 1334.9
1407970 1334.8
1407980 1335.1
1407990 1335.1
1408000 1336.1
1408010 1335.2
1408020 1335.2
1408030 1333.0
1408040 1331.9
1408050 1331.2
1408060 1331.2
1408070 1330.7
1408080 1329.2
1408090 1329.2
1408100 1329.2
1408110 1331.1
1408120 1331.1
1408130 1328.9
1408140 1327.4
1408150 1327.4
1408160 1326.4
1408170 1328.1
1408180 1328.1
1408190 1329.0
1408200 1328.9
1408210 1328.9
1408220 1328.6
1408230 1329.3
1408240 1329.3
1408250 1330.4
1408260 1331.2
1408270 1331.2
1408280 1331.6
1408290 1331.1
1408300 1339.9
1408310 1340.1
1408320 1341.8
1408330 1341.8
1408340 1341.1
1408350 1338.4
1408360 1337.3
1408370 1337.3
1408380 1333.9
1408390 1323.3
1408400 1323.3
1408410 1308.8
1408420 1298.9
1408430 1298.9
1408440 1301.5
1408450 1310.9
1408460 1310.9
1408470 1318.7
1408480 1325.2
1408490 1325.2
1408500 1329.4
1408510 1332.0
1408520 1332.0
1408530 1332.3
1408540 1332.2
1408550 1332.2
1408560 1331.3
1408570 1330.6
1408580 1330.6
1408590 1329.5
1408600 1328.2
1408610 1328.2
1408620 1327.4
1408630 1326.4
1408640 1323.4
1408650 1323.4
1408660 1324.9
1408670 1324.8
1408680 1324.8
1408690 1323.7
1408700 1321.7
1408710 1321.7
1408720 1319.4
1408730 1313.7
1408740 1313.7
1408750 1303.3
1408760 1294.3
1408770 1294.3
1408780 1296.3
1408790 1305.6
1408800 1305.6
1408810 1313.4
1408820 1317.0
1408830 1317.0
1408840 1319.5
1408850 1321.1
1408860 1321.1
1408870 1322.1
1408880 1322.2
1408890 1322.2
1408900 1321.5
1408910 1320.4
1408920 1320.4
1408930 1318.9
1408940 1318.7
1408950 1319.6
1408960 1319.6
1408970 1319.3
1408980 1316.5
1408990 1316.5
1409000 1310.9
1409010 1308.4
1409020 1308.4
1409030 1308.1
1409040 1305.9
1409050 1305.9
1409060 1304.1
1409070 1304.4
1409080 1304.4
1409090 1303.5
1409100 1300.0
1409110 1300.0
1409120 1289.9
1409130 1282.0
1409140 1282.0
1409150 1277.2
1409160 1272.0
1409170 1272.0
1409180 1280.2
1409190 1291.6
1409200 1291.6
1409210 1297.0
1409220 1297.2
1409230 1297.2
1409240 1298.7
1409250 1303.9
1409260 1309.1
1409270 1309.1
1409280 1313.5
1409290 1317.6
1409300 1317.6
1409310 1321.8
1409320 1325.4
1409330 1325.4
1409340 1329.4
1409350 1334.0
1409360 1334.0
1409370 1338.1
1409380 1342.3
1409390 1342.3
1409400 1346.5
1409410 1350.5
1409420 1350.5
1409430 1353.7
1409440 1356.1
1409450 1356.1
1409460 1358.0
1409470 1359.6
1409480 1359.6
1409490 1361.4
1409500 1363.0
1409510 1363.0
1409520 1364.2
1409530 1365.3
1409540 1365.3
1409550 1365.9
1409560 1366.4
1409570 1366.6
1409580 1366.6
1409590 1366.2
1409600 1366.3
1409610 1366.3
1409620 1365.7
1409630 1364.9
1409640 1364.9
1409650 1363.1
1409660 1362.0
1409670 1362.0
1409680 1360.6
1409690 1357.7
1409700 1357.7
1409710 1353.3
1409720 1349.5
1409730 1349.5
1409740 1346.5
1409750 1341.6
1409760 1341.6
1409770 1335.1
1409780 1330.0
1409790 1330.0
1409800 1325.2
1409810 1321.2
1409820 1321.2
1409830 1316.6
1409840 1312.2
1409850 1312.2
1409860 1307.7
1409870 1303.6
1409880 1297.4
1409890 1297.4
1409900 1290.8
1409910 1284.7
1409920 1284.7
1409930 1278.8
1409940 1279.3
1409950 1279.3
1409960 1287.4
1409970 1292.5
1409980 1292.5
1409990 1294.4
1410000 1301.9
1410010 1301.9
1410020 1305.4
1410030 1307.8
1410040 1307.8
1410050 1310.9
1410060 1313.6
1410070 1313.6
1410080 1316.5
1410090 1319.7
1410100 1319.7
1410110 1322.1
1410120 1323.9
1410130 1323.9
1410140 1327.2
1410150 1329.6
1410160 1329.7
1410170 1329.7
1410180 1329.4
1410190 1330.6
1410200 1330.6
1410210 1333.7
1410220 1335.1
1410230 1335.1
1410240 1337.1
1410250 1338.1
1410260 1338.1
1410270 1338.5
1410280 1341.1
1410290 1341.1
1410300 1342.9
1410310 1344.4
1410320 1344.4
1410330 1346.9
1410340 1349.0
1410350 1349.0
1410360 1352.9
1410370 1355.9
1410380 1355.9
1410390 1358.8
1410400 1362.2
1410410 1362.2
1410420 1364.9
1410430 1366.8
1410440 1366.8
1410450 1368.0
1410460 1369.4
1410470 1370.1
1410480 1370.1
1410490 1369.9
1410500 1367.9
1410510 1367.9
1410520 1364.7
1410530 1361.2
1410540 1361.2
1410550 1357.7
1410560 1354.6
1410570 1354.6
1410580 1350.8
1410590 1346.3
1410600 1346.3
1410610 1341.2
1410620 1336.1
1410630 1336.1
1410640 1331.2
1410650 1326.2
1410660 1326.2
1410670 1317.8
1410680 1312.0
1410690 1312.0
1410700 1307.6
1410710 1303.1
1410720 1303.1
1410730 1296.6
1410740 1288.8
1410750 1288.8
1410760 1280.7
1410770 1273.1
1410780 1275.8
1410790 1275.8
1410800 1282.2
1410810 1289.6
1410820 1289.6
1410830 1293.4
1410840 1288.6
1410850 1288.6
1410860 1285.3
1410870 1285.7
1410880 1285.7
1410890 1290.8
1410900 1291.1
1410910 1291.1
1410920 1290.9
1410930 1294.5
1410940 1294.5
1410950 1300.4
1410960 1305.6
1410970 1305.6
1410980 1310.6
1410990 1313.9
1411000 1313.9
1411010 1315.7
1411020 1316.7
1411030 1316.7
1411040 1317.1
1411050 1316.8
1411060 1316.8
1411070 1315.4
1411080 1309.4
1411090 1304.5
1411100 1304.5
1411110 1301.0
1411120 1297.3
1411130 1297.3
1411140 1292.6
1411150 1287.8
1411160 1287.8
1411170 1284.8
1411180 1282.0
1411190 1282.0
1411200 1279.7
1411210 1277.5
1411220 1277.5
1411230 1275.5
1411240 1272.0
1411250 1272.0
1411260 1266.2
1411270 1260.9
1411280 1260.9
1411290 1256.7
1411300 1257.2
1411310 1257.2
1411320 1258.3
1411330 1261.4
1411340 1261.4
1411350 1264.7
1411360 1266.1
1411370 1268.9
1411380 1268.9
1411390 1271.4
1411400 1273.4
1411410 1273.4
1411420 1275.3
1411430 1278.6
1411440 1278.6
1411450 1283.3
1411460 1288.7
1411470 1288.7
1411480 1294.4
1411490 1299.5
1411500 1299.5
1411510 1304.3
1411520 1308.7
1411530 1308.7
1411540 1313.3
1411550 1318.8
1411560 1318.8
1411570 1323.8
1411580 1328.3
1411590 1328.3
1411600 1332.9
1411610 1337.7
1411620 1337.7
1411630 1344.1
1411640 1349.3
1411650 1349.3
1411660 1354.3
1411670 1359.0
1411680 1364.0
1411690 1364.0
1411700 1368.4
1411710 1372.1
1411720 1372.1
1411730 1373.2
1411740 1367.9
1411750 1367.9
1411760 1359.9
1411770 1352.2
1411780 1352.2
1411790 1344.2
1411800 1337.2
1411810 1337.2
1411820 1332.9
1411830 1328.0
1411840 1328.0
1411850 1325.0
1411860 1322.1
1411870 1322.1
1411880 1318.6
1411890 1312.9
1411900 1312.9
1411910 1306.3
1411920 1302.6
1411930 1302.6
1411940 1300.0
1411950 1298.5
1411960 1298.5
1411970 1299.6
1411980 1300.4
1411990 1299.9
1412000 1299.9
1412010 1298.3
1412020 1297.2
1412030 1297.2
1412040 1295.6
1412050 1293.6
1412060 1293.6
1412070 1290.1
1412080 1285.9
1412090 1285.9
1412100 1280.7
1412110 1277.3
1412120 1277.3
1412130 1274.3
1412140 1268.1
1412150 1268.1
1412160 1260.7
1412170 1254.9
1412180 1254.9
1412190 1250.2
1412200 1248.3
1412210 1248.3
1412220 1247.4
1412230 1246.6
1412240 1246.6
1412250 1242.5
1412260 1239.7
1412270 1239.7
1412280 1236.3
1412290 1231.8
1412300 1226.6
1412310 1226.6
1412320 1222.4
1412330 1219.0
1412340 1219.0
1412350 1215.1
1412360 1210.4
1412370 1210.4
1412380 1205.1
1412390 1201.0
1412400 1201.0
1412410 1198.9
1412420 1195.7
1412430 1195.7
1412440 1190.6
1412450 1186.5
1412460 1186.5
1412470 1188.1
1412480 1194.1
1412490 1194.1
1412500 1200.8
1412510 1205.2
1412520 1205.2
1412530 1208.1
1412540 1210.3
1412550 1210.3
1412560 1211.1
1412570 1216.4
1412580 1216.4
1412590 1220.6
1412600 1225.6
1412610 1231.5
1412620 1231.5
1412630 1237.9
1412640 1244.0
1412650 1244.0
1412660 1248.5
1412670 1252.4
1412680 1252.4
1412690 1255.3
1412700 1260.8
1412710 1260.8
1412720 1269.3
1412730 1277.3
1412740 1277.3
1412750 1284.5
1412760 1290.1
1412770 1290.1
1412780 1295.4
1412790 1300.5
1412800 1300.5
1412810 1305.4
1412820 1309.7
1412830 1309.7
1412840 1315.7
1412850 1321.8
1412860 1321.8
1412870 1326.8
1412880 1332.3
1412890 1338.1
1412900 1338.1
1412910 1343.1
1412920 1348.2
1412930 1348.2
1412940 1354.0
1412950 1359.1
1412960 1359.1
1412970 1361.9
1412980 1366.1
1412990 1366.1
1413000 1370.7
1413010 1374.8
1413020 1374.8
1413030 1378.8
1413040 1383.7
1413050 1383.7
1413060 1387.9
1413070 1393.8
1413080 1393.8
1413090 1400.0
1413100 1405.2
1413110 1405.2
1413120 1410.1
1413130 1414.7
1413140 1414.7
1413150 1418.7
1413160 1422.3
1413170 1422.3
1413180 1427.3
1413190 1431.5
1413200 1435.6
1413210 1435.6
1413220 1438.2
1413230 1440.4
1413240 1440.4
1413250 1442.7
1413260 1441.9
1413270 1441.9
1413280 1438.0
1413290 1432.4
1413300 1432.4
1413310 1426.5
1413320 1421.5
1413330 1421.5
1413340 1418.8
1413350 1416.2
1413360 1416.2
1413370 1414.6
1413380 1410.8
1413390 1410.8
1413400 1409.0
1413410 1406.4
1413420 1406.4
1413430 1403.1
1413440 1400.4
1413450 1400.4
1413460 1399.6
1413470 1399.1
1413480 1399.1
1413490 1398.1
1413500 1396.3
1413510 1399.9
1413520 1399.9
1413530 1398.1
1413540 1395.7
1413550 1395.7
1413560 1392.4
1413570 1389.2
1413580 1389.2
1413590 1387.3
1413600 1383.6
1413610 1383.6
1413620 1379.1
1413630 1375.7
1413640 1375.7
1413650 1373.2
1413660 1370.8
1413670 1370.8
1413680 1368.0
1413690 1362.9
1413700 1362.9
1413710 1354.0
1413720 1347.6
1413730 1347.6
1413740 1344.1
1413750 1341.2
1413760 1341.2
1413770 1336.8
1413780 1330.7
1413790 1330.7
1413800 1325.4
1413810 1320.2
1413820 1315.4
1413830 1315.4
1413840 1311.5
1413850 1306.8
1413860 1306.8
1413870 1301.3
1413880 1297.2
1413890 1297.2
1413900 1293.4
1413910 1288.8
1413920 1288.8
1413930 1285.6
1413940 1281.6
1413950 1281.6
1413960 1277.0
1413970 1271.9
1413980 1271.9
1413990 1267.5
1414000 1266.4
1414010 1266.4
1414020 1265.0
1414030 1263.1
1414040 1263.1
1414050 1261.4
1414060 1258.5
1414070 1258.5
1414080 1251.4
1414090 1242.4
1414100 1242.4
1414110 1235.6
1414120 1234.8
1414130 1239.7
1414140 1239.7
1414150 1247.6
1414160 1255.3
1414170 1255.3
1414180 1264.0
1414190 1270.4
1414200 1270.4
1414210 1275.5
1414220 1280.1
1414230 1280.1
1414240 1283.9
1414250 1287.4
1414260 1287.4
1414270 1290.2
1414280 1293.7
1414290 1293.7
1414300 1296.8
1414310 1299.6
1414320 1299.6
1414330 1301.6
1414340 1303.9
1414350 1303.9
1414360 1307.7
1414370 1313.3
1414380 1313.3
1414390 1318.7
1414400 1324.0
1414410 1328.0
1414420 1328.0
1414430 1330.9
1414440 1332.6
1414450 1332.6
1414460 1335.2
1414470 1338.6
1414480 1338.6
1414490 1343.7
1414500 1347.8
1414510 1347.8
1414520 1351.5
1414530 1355.2
1414540 1355.2
1414550 1359.1
1414560 1363.4
1414570 1363.4
1414580 1368.3
1414590 1371.8
1414600 1371.8
1414610 1373.9
1414620 1379.2
1414630 1379.2
1414640 1386.1
1414650 1391.6
1414660 1391.6
1414670 1393.4
1414680 1395.1
1414690 1395.1
1414700 1401.0
1414710 1408.4
1414720 1416.6
1414730 1416.6
1414740 1424.5
1414750 1430.2
1414760 1430.2
1414770 1435.1
1414780 1439.1
1414790 1439.1
1414800 1443.4
1414810 1447.5
1414820 1447.5
1414830 1451.3
1414840 1454.2
1414850 1454.2
1414860 1456.3
1414870 1458.4
1414880 1458.4
1414890 1460.3
1414900 1462.4
1414910 1462.4
1414920 1464.5
1414930 1466.9
1414940 1466.9
1414950 1470.1
1414960 1473.9
1414970 1473.9
1414980 1477.6
1414990 1479.3
1415000 1479.3
1415010 1481.6
1415020 1486.5
1415030 1491.9
1415040 1491.9
1415050 1497.5
1415060 1502.4
1415070 1502.4
1415080 1506.9
1415090 1511.7
1415100 1511.7
1415110 1516.8
1415120 1521.5
1415130 1521.5
1415140 1527.1
1415150 1533.8
1415160 1533.8
1415170 1540.7
1415180 1547.1
1415190 1547.1
1415200 1553.3
1415210 1558.7
1415220 1558.7
1415230 1563.6
1415240 1569.6
1415250 1569.6
1415260 1575.8
1415270 1580.7
1415280 1580.7
1415290 1584.8
1415300 1589.7
1415310 1589.7
1415320 1597.4
1415330 1599.0
1415340 1600.0
1415350 1600.0
1415360 1600.8
1415370 1601.2
1415380 1601.2
1415390 1601.6
1415400 1601.7
1415410 1601.7
1415420 1600.8
1415430 1598.8
1415440 1598.8
1415450 1593.6
1415460 1587.8
1415470 1587.8
1415480 1582.2
1415490 1577.9
1415500 1577.9
1415510 1573.4
1415520 1568.7
1415530 1568.7
1415540 1564.7
1415550 1560.4
1415560 1560.4
1415570 1556.4
1415580 1552.6
1415590 1552.6
1415600 1548.9
1415610 1545.9
1415620 1544.1
1415630 1544.1
1415640 1541.6
1415650 1537.3
1415660 1537.3
1415670 1533.0
1415680 1530.0
1415690 1530.0
1415700 1527.2
1415710 1523.9
1415720 1523.9
1415730 1519.1
1415740 1515.0
1415750 1515.0
1415760 1511.8
1415770 1511.0
1415780 1511.0
1415790 1510.0
1415800 1505.3
1415810 1505.3
1415820 1500.0
1415830 1498.7
1415840 1498.7
1415850 1497.0
1415860 1495.5
1415870 1495.5
1415880 1497.7
1415890 1499.8
1415900 1499.8
1415910 1498.8
1415920 1496.3
1415930 1499.6
1415940 1499.6
1415950 1499.9
1415960 1500.2
1415970 1500.2
1415980 1503.7
1415990 1510.5
1416000 1510.5
1416010 1513.2
1416020 1513.5
1416030 1513.5
1416040 1513.2
1416050 1512.9
1416060 1512.9
1416070 1511.6
1416080 1512.8
1416090 1512.8
1416100 1515.6
1416110 1516.2
1416120 1516.2
1416130 1516.4
1416140 1517.2
1416150 1517.2
1416160 1518.6
1416170 1521.5
1416180 1521.5
1416190 1524.7
1416200 1527.5
1416210 1527.5
1416220 1532.2
1416230 1536.6
1416240 1539.7
1416250 1539.7
1416260 1541.3
1416270 1543.2
1416280 1543.2
1416290 1545.8
1416300 1549.3
1416310 1549.3
1416320 1553.5
1416330 1557.4
1416340 1557.4
1416350 1561.0
1416360 1563.4
1416370 1563.4
1416380 1566.5
1416390 1568.2
1416400 1568.2
1416410 1568.7
1416420 1568.8
1416430 1568.8
1416440 1568.5
1416450 1567.7
1416460 1567.7
1416470 1566.9
1416480 1566.1
1416490 1566.1
1416500 1565.4
1416510 1564.8
1416520 1564.8
1416530 1564.0
1416540 1562.5
1416550 1561.0
1416560 1561.0
1416570 1558.0
1416580 1550.8
1416590 1550.8
1416600 1543.5
1416610 1537.8
1416620 1537.8
1416630 1532.4
1416640 1527.4
1416650 1527.4
1416660 1523.2
1416670 1519.2
1416680 1519.2
1416690 1515.1
1416700 1511.7
1416710 1511.7
1416720 1506.0
1416730 1499.7
1416740 1499.7
1416750 1494.4
1416760 1489.3
1416770 1489.3
1416780 1485.5
1416790 1482.0
1416800 1482.0
1416810 1479.0
1416820 1474.8
1416830 1474.8
1416840 1470.7
1416850 1467.1
1416860 1459.1
1416870 1459.1
1416880 1452.7
1416890 1450.8
1416900 1450.8
1416910 1444.7
1416920 1439.0
1416930 1439.0
1416940 1435.1
1416950 1432.2
1416960 1432.2
1416970 1430.0
1416980 1429.7
1416990 1429.7
1417000 1428.8
1417010 1426.0
1417020 1426.0
1417030 1423.5
1417040 1421.2
1417050 1421.2
1417060 1418.7
1417070 1415.6
1417080 1415.6
1417090 1411.8
1417100 1407.5
1417110 1407.5
1417120 1403.2
1417130 1398.7
1417140 1393.8
1417150 1393.8
1417160 1388.5
1417170 1382.9
1417180 1382.9
1417190 1375.7
1417200 1372.6
1417210 1372.6
1417220 1369.6
1417230 1366.4
1417240 1366.4
1417250 1363.0
1417260 1360.1
1417270 1360.1
1417280 1357.8
1417290 1354.9
1417300 1354.9
1417310 1351.8
1417320 1348.1
1417330 1348.1
1417340 1344.8
1417350 1341.9
1417360 1341.9
1417370 1339.1
1417380 1336.1
1417390 1336.1
1417400 1332.3
1417410 1328.4
1417420 1328.4
1417430 1325.2
1417440 1320.9
1417450 1317.3
1417460 1317.3
1417470 1312.7
1417480 1307.3
1417490 1307.3
1417500 1301.9
1417510 1297.2
1417520 1297.2
1417530 1292.6
1417540 1288.9
1417550 1288.9
1417560 1284.9
1417570 1281.8
1417580 1281.8
1417590 1279.5
1417600 1277.2
1417610 1277.2
1417620 1273.5
1417630 1267.9
1417640 1267.9
1417650 1262.3
1417660 1256.9
1417670 1256.9
1417680 1253.1
1417690 1250.9
1417700 1250.9
1417710 1249.4
1417720 1248.1
1417730 1248.1
1417740 1245.5
1417750 1242.3
1417760 1239.2
1417770 1239.2
1417780 1235.3
1417790 1231.0
1417800 1231.0
1417810 1225.9
1417820 1218.3
1417830 1218.3
1417840 1210.9
1417850 1205.9
1417860 1205.9
1417870 1203.1
1417880 1198.5
1417890 1198.5
1417900 1191.7
1417910 1184.9
1417920 1184.9
1417930 1181.0
1417940 1178.4
1417950 1178.4
1417960 1176.0
1417970 1173.2
1417980 1173.2
1417990 1169.4
1418000 1165.0
1418010 1165.0
1418020 1161.4
1418030 1157.3
1418040 1157.3
1418050 1152.7
1418060 1147.6
1418070 1142.4
1418080 1142.4
1418090 1137.7
1418100 1133.5
1418110 1133.5
1418120 1129.4
1418130 1124.5
1418140 1124.5
1418150 1119.7
1418160 1114.9
1418170 1114.9
1418180 1108.7
1418190 1101.7
1418200 1101.7
1418210 1094.6
1418220 1087.4
1418230 1087.4
1418240 1081.7
1418250 1076.8
1418260 1076.8
1418270 1071.7
1418280 1066.6
1418290 1066.6
1418300 1062.6
1418310 1059.3
1418320 1059.3
1418330 1056.4
1418340 1053.7
1418350 1053.7
1418360 1051.0
1418370 1048.9
1418380 1047.3
1418390 1047.3
1418400 1045.7
1418410 1044.2
1418420 1044.2
1418430 1042.4
1418440 1040.0
1418450 1040.0
1418460 1037.5
1418470 1034.6
1418480 1034.6
1418490 1030.9
1418500 1025.8
1418510 1025.8
1418520 1020.8
1418530 1016.5
1418540 1016.5
1418550 1010.8
1418560 1004.2
1418570 1004.2
1418580 997.2
1418590 993.0
1418600 993.0
1418610 987.4
1418620 981.1
1418630 981.1
1418640 975.0
1418650 969.1
1418660 962.5
1418670 962.5
1418680 956.8
1418690 951.0
1418700 951.0
1418710 944.7
1418720 942.8
1418730 942.8
1418740 941.4
1418750 942.4
1418760 942.4
1418770 945.3
1418780 949.8
1418790 949.8
1418800 955.4
1418810 960.6
1418820 960.6
1418830 969.2
1418840 974.2
1418850 974.2
1418860 974.8
1418870 975.5
1418880 975.5
1418890 975.9
1418900 971.7
1418910 971.7
1418920 963.9
1418930 958.5
1418940 958.5
1418950 956.5
1418960 958.3
1418970 959.4
1418980 959.4
1418990 961.4
1419000 965.2
1419010 965.2
1419020 969.6
1419030 972.5
1419040 972.5
1419050 974.3
1419060 976.7
1419070 976.7
1419080 980.0
1419090 985.0
1419100 985.0
1419110 992.3
1419120 999.0
1419130 999.0
1419140 1004.8
1419150 1009.7
1419160 1009.7
1419170 1014.1
1419180 1018.1
1419190 1018.1
1419200 1022.5
1419210 1027.2
1419220 1027.2
1419230 1032.2
1419240 1037.3
1419250 1037.3
1419260 1042.3
1419270 1047.3
1419280 1051.9
1419290 1051.9
1419300 1056.3
1419310 1059.4
1419320 1059.4
1419330 1063.3
1419340 1067.6
1419350 1067.6
1419360 1072.5
1419370 1077.0
1419380 1077.0
1419390 1081.4
1419400 1085.3
1419410 1085.3
1419420 1088.7
1419430 1091.5
1419440 1091.5
1419450 1093.0
1419460 1094.0
1419470 1094.0
1419480 1092.6
1419490 1088.8
1419500 1088.8
1419510 1086.5
1419520 1085.0
1419530 1085.0
1419540 1083.3
1419550 1081.3
1419560 1081.3
1419570 1079.7
1419580 1077.9
1419590 1076.9
1419600 1076.9
1419610 1079.6
1419620 1083.3
1419630 1083.3
1419640 1086.1
1419650 1089.3
1419660 1089.3
1419670 1091.8
1419680 1093.6
1419690 1093.6
1419700 1094.4
1419710 1095.6
1419720 1095.6
1419730 1095.7
1419740 1096.6
1419750 1096.6
1419760 1100.3
1419770 1106.5
1419780 1106.5
1419790 1112.2
1419800 1117.7
1419810 1117.7
1419820 1121.2
1419830 1123.0
1419840 1123.0
1419850 1126.5
1419860 1132.8
1419870 1132.8
1419880 1140.1
1419890 1146.9
1419900 1154.9
1419910 1154.9
1419920 1162.5
1419930 1169.1
1419940 1169.1
1419950 1175.3
1419960 1181.2
1419970 1181.2
1419980 1186.7
1419990 1191.0
