1400000 1248.9
1400010 1242.0
1400020 1234.4
1400030 1234.4
1400040 1224.3
1400050 1213.5
1400060 1213.5
1400070 1203.8
1400080 1193.2
1400090 1193.2
1400100 1182.8
1400110 1172.2
1400120 1172.2
1400130 1149.2
1400140 1128.3
1400150 1118.9
1400160 1118.9
1400170 1110.2
1400180 1101.8
1400190 1101.8
1400200 1093.9
1400210 1086.5
1400220 1086.5
1400230 1079.5
1400240 1072.8
1400250 1072.8
1400260 1066.6
1400270 1060.7
1400280 1060.7
1400290 1055.0
1400300 1049.1
1400310 1049.1
1400320 1041.2
1400330 1033.0
1400340 1033.0
1400350 1024.9
1400360 1016.5
1400370 1016.5
1400380 1007.8
1400390 999.2
1400400 999.2
1400410 991.3
1400420 986.9
1400430 986.9
1400440 985.6
1400450 986.2
1400460 988.3
1400470 988.3
1400480 988.6
1400490 991.9
1400500 991.9
1400510 997.0
1400520 1000.8
1400530 1000.8
1400540 1007.4
1400550 1015.6
1400560 1015.6
1400570 1023.2
1400580 1030.9
1400590 1030.9
1400600 1038.8
1400610 1046.5
1400620 1046.5
1400630 1053.8
1400640 1060.6
1400650 1060.6
1400660 1067.4
1400670 1075.9
1400680 1075.9
1400690 1088.1
1400700 1102.5
1400710 1102.5
1400720 1114.1
1400730 1123.7
1400740 1123.7
1400750 1130.2
1400760 1140.2
1400770 1147.1
1400780 1147.1
1400790 1151.3
1400800 1156.7
1400810 1156.7
1400820 1165.9
1400830 1176.6
1400840 1176.6
1400850 1186.6
1400860 1198.5
1400870 1198.5
1400880 1208.0
1400890 1215.4
1400900 1215.4
1400910 1228.1
1400920 1242.3
1400930 1242.3
1400940 1257.1
1400950 1273.1
1400960 1273.1
1400970 1299.7
1400980 1316.4
1400990 1316.4
1401000 1320.3
1401010 1322.0
1401020 1322.0
1401030 1326.1
1401040 1337.1
1401050 1337.1
1401060 1346.1
1401070 1349.2
1401080 1353.6
1401090 1353.6
1401100 1359.2
1401110 1369.1
1401120 1369.1
1401130 1391.8
1401140 1402.8
1401150 1402.8
1401160 1404.9
1401170 1408.3
1401180 1408.3
1401190 1414.0
1401200 1420.1
1401210 1420.1
1401220 1427.8
1401230 1436.7
1401240 1436.7
1401250 1449.1
1401260 1465.3
1401270 1465.3
1401280 1474.9
1401290 1480.5
1401300 1480.5
1401310 1484.2
1401320 1484.9
1401330 1484.9
1401340 1487.2
1401350 1491.2
1401360 1491.2
1401370 1495.8
1401380 1501.0
1401390 1512.6
1401400 1512.6
1401410 1525.7
1401420 1530.8
1401430 1530.8
1401440 1533.1
1401450 1532.2
1401460 1532.2
1401470 1532.6
1401480 1536.7
1401490 1536.7
1401500 1543.5
1401510 1550.8
1401520 1550.8
1401530 1560.3
1401540 1568.8
1401550 1568.8
1401560 1575.0
1401570 1577.5
1401580 1577.5
1401590 1575.8
1401600 1575.3
1401610 1575.3
1401620 1577.5
1401630 1579.7
1401640 1579.7
1401650 1581.6
1401660 1582.2
1401670 1582.2
1401680 1582.7
1401690 1583.5
1401700 1584.8
1401710 1584.8
1401720 1586.9
1401730 1589.0
1401740 1589.0
1401750 1591.0
1401760 1593.1
1401770 1593.1
1401780 1594.1
1401790 1596.2
1401800 1596.2
1401810 1599.2
1401820 1603.8
1401830 1603.8
1401840 1609.6
1401850 1614.7
1401860 1614.7
1401870 1617.9
1401880 1617.0
1401890 1617.0
1401900 1612.5
1401910 1607.1
1401920 1607.1
1401930 1602.6
1401940 1599.6
1401950 1599.6
1401960 1598.1
1401970 1597.2
1401980 1597.2
1401990 1595.0
1402000 1590.6
1402010 1586.5
1402020 1585.0
1402030 1580.5
1402040 1578.5
1402050 1578.5
1402060 1578.4
1402070 1578.6
1402080 1578.6
1402090 1578.1
1402100 1577.6
1402110 1577.6
1402120 1577.3
1402130 1575.7
1402140 1575.7
1402150 1571.3
1402160 1563.8
1402170 1563.8
1402180 1555.8
1402190 1550.0
1402200 1550.0
1402210 1543.4
1402220 1535.3
1402230 1535.3
1402240 1528.1
1402250 1521.7
1402260 1521.7
1402270 1515.5
1402280 1509.3
1402290 1509.3
1402300 1502.1
1402310 1495.1
1402320 1490.1
1402330 1490.1
1402340 1485.6
1402350 1482.0
1402360 1482.0
1402370 1479.2
1402380 1478.9
1402390 1478.9
1402400 1478.5
1402410 1475.5
1402420 1475.5
1402430 1471.3
1402440 1467.7
1402450 1467.7
1402460 1464.7
1402470 1459.2
1402480 1459.2
1402490 1455.9
1402500 1453.6
1402510 1453.6
1402520 1450.1
1402530 1446.2
1402540 1446.2
1402550 1442.9
1402560 1439.3
1402570 1439.3
1402580 1436.3
1402590 1433.8
1402600 1433.8
1402610 1432.5
1402620 1431.5
1402630 1430.3
1402640 1430.3
1402650 1428.6
1402660 1427.0
1402670 1427.0
1402680 1424.6
1402690 1421.2
1402700 1421.2
1402710 1417.2
1402720 1415.2
1402730 1415.2
1402740 1411.7
1402750 1402.9
1402760 1402.9
1402770 1396.7
1402780 1389.6
1402790 1389.6
1402800 1383.3
1402810 1375.9
1402820 1375.9
1402830 1370.1
1402840 1364.8
1402850 1364.8
1402860 1359.5
1402870 1354.2
1402880 1354.2
1402890 1349.0
1402900 1343.3
1402910 1343.3
1402920 1337.4
1402930 1332.1
1402940 1327.1
1402950 1327.1
1402960 1321.9
1402970 1316.3
1402980 1316.3
1402990 1310.0
1403000 1303.6
1403010 1303.6
1403020 1297.6
1403030 1292.5
1403040 1292.5
1403050 1286.6
1403060 1279.7
1403070 1279.7
1403080 1272.7
1403090 1266.9
1403100 1266.9
1403110 1260.3
1403120 1252.8
1403130 1252.8
1403140 1244.4
1403150 1236.0
1403160 1236.0
1403170 1228.1
1403180 1220.9
1403190 1220.9
1403200 1214.1
1403210 1207.5
1403220 1207.5
1403230 1199.4
1403240 1195.8
1403250 1196.8
1403260 1196.8
1403270 1194.1
1403280 1198.8
1403290 1198.8
1403300 1206.0
1403310 1214.5
1403320 1214.5
1403330 1221.9
1403340 1227.7
1403350 1227.7
1403360 1233.5
1403370 1236.1
1403380 1236.1
1403390 1235.9
1403400 1236.2
1403410 1236.2
1403420 1239.1
1403430 1242.6
1403440 1242.6
1403450 1244.2
1403460 1245.2
1403470 1245.2
1403480 1246.8
1403490 1250.0
1403500 1250.0
1403510 1254.1
1403520 1258.2
1403530 1258.2
1403540 1262.7
1403550 1267.8
1403560 1272.7
1403570 1272.7
1403580 1277.5
1403590 1278.2
1403600 1278.2
1403610 1283.7
1403620 1289.7
1403630 1289.7
1403640 1295.4
1403650 1300.7
1403660 1300.7
1403670 1305.4
1403680 1309.0
1403690 1309.0
1403700 1313.4
1403710 1319.2
1403720 1319.2
1403730 1326.9
1403740 1333.8
1403750 1333.8
1403760 1337.6
1403770 1338.2
1403780 1338.2
1403790 1339.2
1403800 1343.5
1403810 1343.5
1403820 1351.4
1403830 1359.1
1403840 1364.5
1403850 1364.5
1403860 1368.0
1403870 1370.5
1403880 1370.5
1403890 1371.7
1403900 1373.0
1403910 1373.0
1403920 1375.6
1403930 1379.2
1403940 1379.2
1403950 1382.4
1403960 1384.1
1403970 1384.1
1403980 1386.1
1403990 1386.8
1404000 1386.8
1404010 1386.7
1404020 1388.0
1404030 1388.0
1404040 1391.3
1404050 1395.5
1404060 1395.5
1404070 1400.1
1404080 1404.1
1404090 1404.1
1404100 1407.9
1404110 1411.4
1404120 1411.4
1404130 1413.5
1404140 1414.5
1404150 1416.1
1404160 1416.1
1404170 1419.7
1404180 1423.8
1404190 1423.8
1404200 1428.6
1404210 1432.4
1404220 1432.4
1404230 1436.7
1404240 1442.7
1404250 1442.7
1404260 1447.8
1404270 1452.4
1404280 1452.4
1404290 1456.4
1404300 1458.7
1404310 1458.7
1404320 1460.3
1404330 1463.1
1404340 1463.1
1404350 1464.9
1404360 1464.6
1404370 1464.6
1404380 1463.3
1404390 1461.2
1404400 1461.2
1404410 1460.4
1404420 1460.4
1404430 1460.4
1404440 1462.6
1404450 1463.8
1404460 1466.2
1404470 1466.2
1404480 1469.3
1404490 1475.3
1404500 1475.3
1404510 1483.9
1404520 1493.8
1404530 1493.8
1404540 1501.7
1404550 1508.2
1404560 1508.2
1404570 1511.9
1404580 1514.9
1404590 1514.9
1404600 1517.8
1404610 1520.3
1404620 1520.3
1404630 1522.9
1404640 1525.9
1404650 1525.9
1404660 1529.3
1404670 1532.9
1404680 1532.9
1404690 1536.4
1404700 1539.3
1404710 1539.3
1404720 1542.6
1404730 1545.7
1404740 1545.7
1404750 1549.2
1404760 1552.6
1404770 1555.6
1404780 1555.6
1404790 1558.6
1404800 1561.6
1404810 1561.6
1404820 1565.1
1404830 1568.9
1404840 1568.9
1404850 1572.7
1404860 1576.8
1404870 1576.8
1404880 1580.9
1404890 1585.4
1404900 1585.4
1404910 1590.1
1404920 1595.2
1404930 1595.2
1404940 1600.0
1404950 1603.6
1404960 1603.6
1404970 1607.0
1404980 1610.5
1404990 1610.5
1405000 1614.1
1405010 1617.4
1405020 1617.4
1405030 1621.0
1405040 1625.0
1405050 1625.0
1405060 1630.1
1405070 1635.0
1405080 1639.6
1405090 1639.6
1405100 1643.3
1405110 1647.7
1405120 1647.7
1405130 1653.1
1405140 1659.2
1405150 1659.2
1405160 1666.2
1405170 1673.4
1405180 1675.4
1405190 1686.5
1405200 1694.8
1405210 1694.8
1405220 1715.3
1405230 1750.4
1405240 1750.4
1405250 1766.4
1405260 1774.4
1405270 1774.4
1405280 1781.1
1405290 1789.4
1405300 1789.4
1405310 1798.1
1405320 1807.3
1405330 1807.3
1405340 1818.9
1405350 1827.4
1405360 1827.4
1405370 1835.3
1405380 1844.8
1405390 1852.3
1405400 1852.3
1405410 1855.9
1405420 1856.9
1405430 1856.9
1405440 1856.9
1405450 1857.2
1405460 1857.2
1405470 1860.3
1405480 1862.7
1405490 1862.7
1405500 1864.4
1405510 1866.0
1405520 1866.0
1405530 1868.5
1405540 1872.5
1405550 1872.5
1405560 1876.9
1405570 1879.6
1405580 1879.6
1405590 1880.6
1405600 1880.8
1405610 1880.8
1405620 1880.9
1405630 1879.7
1405640 1879.7
1405650 1879.4
1405660 1882.1
1405670 1882.1
1405680 1881.5
1405690 1879.2
1405700 1878.3
1405710 1878.3
1405720 1877.0
1405730 1875.1
1405740 1875.1
1405750 1873.9
1405760 1867.3
1405770 1867.3
1405780 1853.5
1405790 1840.7
1405800 1840.7
1405810 1836.5
1405820 1835.4
1405830 1835.4
1405840 1837.2
1405850 1835.9
1405860 1835.9
1405870 1833.2
1405880 1831.4
1405890 1831.4
1405900 1826.0
1405910 1828.7
1405920 1828.7
1405930 1833.9
1405940 1836.2
1405950 1836.2
1405960 1838.0
1405970 1840.4
1405980 1840.4
1405990 1841.5
1406000 1843.1
1406010 1848.3
1406020 1848.3
1406030 1852.8
1406040 1855.4
1406050 1855.4
1406060 1852.6
1406070 1832.9
1406080 1832.9
1406090 1809.8
1406100 1795.3
1406110 1795.3
1406120 1783.3
1406130 1775.4
1406140 1775.4
1406150 1775.2
1406160 1775.8
1406170 1775.8
1406180 1762.5
1406190 1749.5
1406200 1749.5
1406210 1742.8
1406220 1739.9
1406230 1739.9
1406240 1736.9
1406250 1729.9
1406260 1729.9
1406270 1723.8
1406280 1716.5
1406290 1716.5
1406300 1712.3
1406310 1711.1
1406320 1711.9
1406330 1711.9
1406340 1715.1
1406350 1716.4
1406360 1716.4
1406370 1718.4
1406380 1726.0
1406390 1726.0
1406400 1728.3
1406410 1724.9
1406420 1724.9
1406430 1720.8
1406440 1718.5
1406450 1718.5
1406460 1715.0
1406470 1710.1
1406480 1710.1
1406490 1701.4
1406500 1690.8
1406510 1690.8
1406520 1675.4
1406530 1670.0
1406540 1670.0
1406550 1668.6
1406560 1669.8
1406570 1669.8
1406580 1671.7
1406590 1671.9
1406600 1671.9
1406610 1671.3
1406620 1670.1
1406630 1667.8
1406640 1667.8
1406650 1666.9
1406660 1669.4
1406670 1669.4
1406680 1668.8
1406690 1667.4
1406700 1667.4
1406710 1668.6
1406720 1669.3
1406730 1669.3
1406740 1669.5
1406750 1670.7
1406760 1670.7
1406770 1672.3
1406780 1673.3
1406790 1673.3
1406800 1668.0
1406810 1669.0
1406820 1669.0
1406830 1670.7
1406840 1672.0
1406850 1672.0
1406860 1673.2
1406870 1674.7
1406880 1674.7
1406890 1676.9
1406900 1679.3
1406910 1679.3
1406920 1681.5
1406930 1683.6
1406940 1686.5
1406950 1686.5
1406960 1689.6
1406970 1692.7
1406980 1692.7
1406990 1695.5
1407000 1697.7
1407010 1697.7
1407020 1697.9
1407030 1698.8
1407040 1698.8
1407050 1700.5
1407060 1701.6
1407070 1701.6
1407080 1703.7
1407090 1706.9
1407100 1706.9
1407110 1711.0
1407120 1714.5
1407130 1714.5
1407140 1717.0
1407150 1719.0
1407160 1719.0
1407170 1721.1
1407180 1724.1
1407190 1724.1
1407200 1729.0
1407210 1737.7
1407220 1737.7
1407230 1742.4
1407240 1742.6
1407250 1742.1
1407260 1742.1
1407270 1742.8
1407280 1744.9
1407290 1744.9
1407300 1746.7
1407310 1751.4
1407320 1751.4
1407330 1755.6
1407340 1752.8
1407350 1752.8
1407360 1751.8
1407370 1755.5
1407380 1755.5
1407390 1758.4
1407400 1756.4
1407410 1756.4
1407420 1752.1
1407430 1750.6
1407440 1750.6
1407450 1748.3
1407460 1745.0
1407470 1745.0
1407480 1742.0
1407490 1741.9
1407500 1741.9
1407510 1740.9
1407520 1739.1
1407530 1739.1
1407540 1739.0
1407550 1739.0
1407560 1734.4
1407570 1734.4
1407580 1727.0
1407590 1717.1
1407600 1717.1
1407610 1705.0
1407620 1695.9
1407630 1695.9
1407640 1689.0
1407650 1682.0
1407660 1682.0
1407670 1675.0
1407680 1668.4
1407690 1668.4
1407700 1661.1
1407710 1654.6
1407720 1654.6
1407730 1648.2
1407740 1642.5
1407750 1642.5
1407760 1639.0
1407770 1638.5
1407780 1638.5
1407790 1639.3
1407800 1639.2
1407810 1639.2
1407820 1638.4
1407830 1638.4
1407840 1638.4
1407850 1635.4
1407860 1631.3
1407870 1627.5
1407880 1627.5
1407890 1623.7
1407900 1620.6
1407910 1620.6
1407920 1620.0
1407930 1619.7
1407940 1619.7
1407950 1615.4
1407960 1614.6
1407970 1614.6
1407980 1614.4
1407990 1607.1
1408000 1607.1
1408010 1604.7
1408020 1602.6
1408030 1602.6
1408040 1598.8
1408050 1596.4
1408060 1596.4
1408070 1594.5
1408080 1591.9
1408090 1591.9
1408100 1590.3
1408110 1588.6
1408120 1588.6
1408130 1584.9
1408140 1579.7
1408150 1579.7
1408160 1573.3
1408170 1568.6
1408180 1565.9
1408190 1565.9
1408200 1564.2
1408210 1562.9
1408220 1562.9
1408230 1562.9
1408240 1563.6
1408250 1563.6
1408260 1563.6
1408270 1563.1
1408280 1563.1
1408290 1562.5
1408300 1561.4
1408310 1561.4
1408320 1560.6
1408330 1560.4
1408340 1560.4
1408350 1559.9
1408360 1559.7
1408370 1559.7
1408380 1559.9
1408390 1560.2
1408400 1560.2
1408410 1560.7
1408420 1561.6
1408430 1561.6
1408440 1563.3
1408450 1567.0
1408460 1557.4
1408470 1559.1
1408480 1560.5
1408490 1561.9
1408500 1561.9
1408510 1562.8
1408520 1565.3
1408530 1565.3
1408540 1568.5
1408550 1570.5
1408560 1570.5
1408570 1572.0
1408580 1573.3
1408590 1573.3
1408600 1573.7
1408610 1572.5
1408620 1572.5
1408630 1569.6
1408640 1565.0
1408650 1565.0
1408660 1560.8
1408670 1557.8
1408680 1557.8
1408690 1555.0
1408700 1552.1
1408710 1552.1
1408720 1549.8
1408730 1547.7
1408740 1547.7
1408750 1545.7
1408760 1543.3
1408770 1543.3
1408780 1541.8
1408790 1540.6
1408800 1539.4
1408810 1539.4
1408820 1537.9
1408830 1536.0
1408840 1536.0
1408850 1535.7
1408860 1534.9
1408870 1534.9
1408880 1533.3
1408890 1531.7
1408900 1531.7
1408910 1530.5
1408920 1528.7
1408930 1528.7
1408940 1526.7
1408950 1526.1
1408960 1526.1
1408970 1526.3
1408980 1526.0
1408990 1526.0
1409000 1525.7
1409010 1524.2
1409020 1524.2
1409030 1521.8
1409040 1519.4
1409050 1519.4
1409060 1516.9
1409070 1515.4
1409080 1512.0
1409090 1512.0
1409100 1506.6
1409110 1503.1
1409120 1503.1
1409130 1500.3
1409140 1497.1
1409150 1497.1
1409160 1493.1
1409170 1489.1
1409180 1489.1
1409190 1485.8
1409200 1482.9
1409210 1482.9
1409220 1482.1
1409230 1480.7
1409240 1480.7
1409250 1479.0
1409260 1476.9
1409270 1476.9
1409280 1474.8
1409290 1472.9
1409300 1472.9
1409310 1470.8
1409320 1467.8
1409330 1467.8
1409340 1463.4
1409350 1460.2
1409360 1460.2
1409370 1456.2
1409380 1450.6
1409390 1444.5
1409400 1444.5
1409410 1443.5
1409420 1447.0
1409430 1447.0
1409440 1448.0
1409450 1447.6
1409460 1447.6
1409470 1445.9
1409480 1444.3
1409490 1444.3
1409500 1443.1
1409510 1442.3
1409520 1442.3
1409530 1441.2
1409540 1439.2
1409550 1439.2
1409560 1438.6
1409570 1435.4
1409580 1435.4
1409590 1432.0
1409600 1433.8
1409610 1433.8
1409620 1432.2
1409630 1431.1
1409640 1431.1
1409650 1429.8
1409660 1429.6
1409670 1429.6
1409680 1429.2
1409690 1429.9
1409700 1431.6
1409710 1431.6
1409720 1433.4
1409730 1434.8
1409740 1434.8
1409750 1436.0
1409760 1437.9
1409770 1437.9
1409780 1439.8
1409790 1441.3
1409800 1441.3
1409810 1442.4
1409820 1443.1
1409830 1443.1
1409840 1444.0
1409850 1444.7
1409860 1444.7
1409870 1445.4
1409880 1445.9
1409890 1445.9
1409900 1446.3
1409910 1446.2
1409920 1446.2
1409930 1445.8
1409940 1445.1
1409950 1445.1
1409960 1443.5
1409970 1441.2
1409980 1441.2
1409990 1438.5
1410000 1435.2
1410010 1431.3
1410020 1431.3
1410030 1427.8
1410040 1424.1
1410050 1424.1
1410060 1419.7
1410070 1416.3
1410080 1416.3
1410090 1412.0
1410100 1407.4
1410110 1407.4
1410120 1402.4
1410130 1397.2
1410140 1397.2
1410150 1391.6
1410160 1387.1
1410170 1387.1
1410180 1381.6
1410190 1376.1
1410200 1376.1
1410210 1369.6
1410220 1362.3
1410230 1362.3
1410240 1355.6
1410250 1349.2
1410260 1349.2
1410270 1342.3
1410280 1333.8
1410290 1333.8
1410300 1324.1
1410310 1315.0
1410320 1308.0
1410330 1308.0
1410340 1302.2
1410350 1295.3
1410360 1295.3
1410370 1286.9
1410380 1278.4
1410390 1278.4
1410400 1273.7
1410410 1266.6
1410420 1266.6
1410430 1259.0
1410440 1251.6
1410450 1251.6
1410460 1244.7
1410470 1238.7
1410480 1238.7
1410490 1233.9
1410500 1229.6
1410510 1229.6
1410520 1226.5
1410530 1222.7
1410540 1222.7
1410550 1216.6
1410560 1209.5
1410570 1209.5
1410580 1203.5
1410590 1198.2
1410600 1198.2
1410610 1192.6
1410620 1187.2
1410630 1180.9
1410640 1180.9
1410650 1172.6
1410660 1168.2
1410670 1168.2
1410680 1168.3
1410690 1161.9
1410700 1161.9
1410710 1155.1
1410720 1149.3
1410730 1149.3
1410740 1145.3
1410750 1144.2
1410760 1144.2
1410770 1146.6
1410780 1149.4
1410790 1149.4
1410800 1144.3
1410810 1152.3
1410820 1152.3
1410830 1158.5
1410840 1159.7
1410850 1159.7
1410860 1161.6
1410870 1162.2
1410880 1162.2
1410890 1164.7
1410900 1168.8
1410910 1168.8
1410920 1170.1
1410930 1171.5
1410940 1175.7
1410950 1175.7
1410960 1178.8
1410970 1182.0
1410980 1182.0
1410990 1184.4
1411000 1184.4
1411010 1184.4
1411020 1185.6
1411030 1188.9
1411040 1188.9
1411050 1192.6
1411060 1195.2
1411070 1195.2
1411080 1197.8
1411090 1200.4
1411100 1200.4
1411110 1203.0
1411120 1205.7
1411130 1205.7
1411140 1207.9
1411150 1209.1
1411160 1209.1
1411170 1210.2
1411180 1210.0
1411190 1210.0
1411200 1210.3
1411210 1211.1
1411220 1211.1
1411230 1211.9
1411240 1212.6
1411250 1213.3
1411260 1213.3
1411270 1212.8
1411280 1212.8
1411290 1212.8
1411300 1213.1
1411310 1214.5
1411320 1214.5
1411330 1216.8
1411340 1221.7
1411350 1221.7
1411360 1229.8
1411370 1234.7
1411380 1234.7
1411390 1243.0
1411400 1247.1
1411410 1247.1
1411420 1237.1
1411430 1232.5
1411440 1232.5
1411450 1234.3
1411460 1236.0
1411470 1236.0
1411480 1238.3
1411490 1228.3
1411500 1228.3
1411510 1234.6
1411520 1230.8
1411530 1230.8
1411540 1222.5
1411550 1217.7
1411560 1219.5
1411570 1219.5
1411580 1222.5
1411590 1225.9
1411600 1225.9
1411610 1226.3
1411620 1227.4
1411630 1227.4
1411640 1228.7
1411650 1228.0
1411660 1228.0
1411670 1228.5
1411680 1226.2
1411690 1226.2
1411700 1222.2
1411710 1220.5
1411720 1220.5
1411730 1219.4
1411740 1219.8
1411750 1219.8
1411760 1220.3
1411770 1211.7
1411780 1211.7
1411790 1202.8
1411800 1203.1
1411810 1203.1
1411820 1200.6
1411830 1196.7
1411840 1196.7
1411850 1192.3
1411860 1189.8
1411870 1183.7
1411880 1183.7
1411890 1177.2
1411900 1169.8
1411910 1169.8
1411920 1167.2
1411930 1164.9
1411940 1164.9
1411950 1162.2
1411960 1158.3
1411970 1158.3
1411980 1156.0
1411990 1155.5
1412000 1155.5
1412010 1153.4
1412020 1151.2
1412030 1151.2
1412040 1148.9
1412050 1146.3
1412060 1146.3
1412070 1143.2
1412080 1138.5
1412090 1138.5
1412100 1131.4
1412110 1129.7
1412120 1129.7
1412130 1128.7
1412140 1125.2
1412150 1125.2
1412160 1123.6
1412170 1120.8
1412180 1116.9
1412190 1116.9
1412200 1109.5
1412210 1105.2
1412220 1105.2
1412230 1099.3
1412240 1094.9
1412250 1094.9
1412260 1091.7
1412270 1088.0
1412280 1088.0
1412290 1084.8
1412300 1082.3
1412310 1082.3
1412320 1080.8
1412330 1078.9
1412340 1078.9
1412350 1075.8
1412360 1069.9
1412370 1069.9
1412380 1064.3
1412390 1057.3
1412400 1057.3
1412410 1052.4
1412420 1052.6
1412430 1052.6
1412440 1053.7
1412450 1053.0
1412460 1053.0
1412470 1052.4
1412480 1049.8
1412490 1046.9
1412500 1046.9
1412510 1044.1
1412520 1041.0
1412530 1041.0
1412540 1038.3
1412550 1034.5
1412560 1034.5
1412570 1031.2
1412580 1026.8
1412590 1026.8
1412600 1021.5
1412610 1017.5
1412620 1017.5
1412630 1014.1
1412640 1009.6
1412650 1009.6
1412660 1005.0
1412670 1000.6
1412680 1000.6
1412690 998.2
1412700 995.6
1412710 995.6
1412720 991.8
1412730 986.9
1412740 986.9
1412750 983.4
1412760 979.3
1412770 979.3
1412780 975.4
1412790 971.4
1412800 967.9
1412810 967.9
1412820 965.5
1412830 964.6
1412840 964.6
1412850 963.8
1412860 962.8
1412870 962.8
1412880 963.8
1412890 963.8
1412900 963.8
1412910 964.1
1412920 964.7
1412930 964.7
1412940 964.7
1412950 964.8
1412960 964.8
1412970 965.3
1412980 965.8
1412990 965.8
1413000 966.9
1413010 968.3
1413020 968.3
1413030 972.0
1413040 979.3
1413050 979.3
1413060 983.9
1413070 988.1
1413080 988.1
1413090 993.4
1413100 997.9
1413110 1001.5
1413120 1001.5
1413130 1004.6
1413140 1007.3
1413150 1007.3
1413160 1010.7
1413170 1012.7
1413180 1012.7
1413190 1013.1
1413200 1013.2
1413210 1013.2
1413220 1013.0
1413230 1013.4
1413240 1013.4
1413250 1013.9
1413260 1014.3
1413270 1014.3
1413280 1014.6
1413290 1014.7
1413300 1014.7
1413310 1014.6
1413320 1014.6
1413330 1014.6
1413340 1014.1
1413350 1013.2
1413360 1013.2
1413370 1012.0
1413380 1011.1
1413390 1011.1
1413400 1010.2
1413410 1008.7
1413420 1006.5
1413430 1006.5
1413440 1004.0
1413450 1003.3
1413460 1003.3
1413470 1002.7
1413480 1000.6
1413490 1000.6
1413500 997.7
1413510 995.7
1413520 995.7
1413530 992.1
1413540 986.5
1413550 986.5
1413560 982.0
1413570 978.1
1413580 978.1
1413590 977.4
1413600 977.6
1413610 977.6
1413620 975.5
1413630 976.6
1413640 976.6
1413650 984.1
1413660 992.7
1413670 992.7
1413680 998.2
1413690 1005.1
1413700 1010.7
1413710 1010.7
1413720 1015.9
1413730 1021.5
1413740 1021.5
1413750 1026.4
1413760 1031.6
1413770 1031.6
1413780 1037.0
1413790 1041.8
1413800 1041.8
1413810 1046.4
1413820 1051.2
1413830 1051.2
1413840 1055.3
1413850 1059.7
1413860 1059.7
1413870 1064.3
1413880 1068.7
1413890 1068.7
1413900 1073.5
1413910 1078.2
1413920 1078.2
1413930 1082.8
1413940 1087.5
1413950 1087.5
1413960 1091.5
1413970 1095.2
1413980 1095.2
1413990 1097.4
1414000 1097.2
1414010 1095.4
1414020 1095.4
1414030 1092.4
1414040 1090.6
1414050 1090.6
1414060 1090.3
1414070 1087.9
1414080 1087.9
1414090 1082.0
1414100 1080.2
1414110 1080.2
1414120 1083.3
1414130 1080.8
1414140 1080.8
1414150 1076.7
1414160 1072.1
1414170 1072.1
1414180 1068.1
1414190 1067.4
1414200 1067.4
1414210 1068.0
1414220 1066.0
1414230 1066.0
1414240 1066.4
1414250 1068.5
1414260 1068.5
1414270 1072.5
1414280 1079.1
1414290 1079.1
1414300 1085.8
1414310 1092.5
1414320 1097.9
1414330 1097.9
1414340 1098.9
1414350 1096.4
1414360 1096.4
1414370 1093.0
1414380 1090.9
1414390 1090.9
1414400 1089.4
1414410 1087.5
1414420 1087.5
1414430 1093.7
1414440 1102.0
1414450 1102.0
1414460 1108.9
1414470 1114.7
1414480 1114.7
1414490 1120.3
1414500 1124.8
1414510 1124.8
1414520 1121.2
1414530 1116.5
1414540 1116.5
1414550 1117.0
1414560 1122.7
1414570 1122.7
1414580 1129.8
1414590 1137.6
1414600 1137.6
1414610 1145.2
1414620 1151.3
1414630 1157.5
1414640 1157.5
1414650 1162.3
1414660 1166.7
1414670 1166.7
1414680 1171.5
1414690 1176.1
1414700 1176.1
1414710 1178.9
1414720 1180.2
1414730 1180.2
1414740 1182.3
1414750 1184.6
1414760 1184.6
1414770 1186.9
1414780 1190.8
1414790 1190.8
1414800 1195.4
1414810 1199.6
1414820 1199.6
1414830 1204.0
1414840 1209.0
1414850 1209.0
1414860 1213.8
1414870 1219.2
1414880 1219.2
1414890 1223.6
1414900 1228.0
1414910 1228.0
1414920 1232.1
1414930 1236.5
1414940 1240.7
1414950 1240.7
1414960 1244.9
1414970 1249.0
1414980 1249.0
1414990 1251.5
1415000 1254.0
1415010 1254.0
1415020 1256.4
1415030 1258.5
1415040 1258.5
1415050 1260.1
1415060 1260.8
1415070 1260.8
1415080 1261.6
1415090 1262.3
1415100 1262.3
1415110 1262.6
1415120 1263.8
1415130 1263.8
1415140 1265.1
1415150 1265.8
1415160 1265.8
1415170 1266.3
1415180 1266.9
1415190 1266.9
1415200 1268.1
1415210 1268.9
1415220 1268.9
1415230 1269.7
1415240 1270.0
1415250 1270.0
1415260 1270.0
1415270 1268.9
1415280 1266.0
1415290 1266.0
1415300 1263.1
1415310 1259.6
1415320 1259.6
1415330 1256.1
1415340 1252.1
1415350 1252.1
1415360 1247.9
1415370 1244.3
1415380 1244.3
1415390 1243.4
1415400 1243.3
1415410 1243.3
1415420 1242.9
1415430 1241.3
1415440 1241.3
1415450 1238.3
1415460 1236.7
1415470 1236.7
1415480 1235.7
1415490 1233.0
1415500 1231.9
1415510 1229.1
1415520 1225.7
1415530 1225.7
1415540 1222.5
1415550 1220.3
1415560 1218.4
1415570 1218.4
1415580 1216.7
1415590 1214.9
1415600 1214.9
1415610 1212.4
1415620 1209.1
1415630 1209.1
1415640 1205.6
1415650 1201.9
1415660 1201.9
1415670 1197.4
1415680 1191.0
1415690 1191.0
1415700 1185.0
1415710 1179.1
1415720 1179.1
1415730 1174.9
1415740 1172.5
1415750 1172.5
1415760 1169.4
1415770 1166.6
1415780 1166.6
1415790 1163.6
1415800 1160.3
1415810 1160.3
1415820 1157.4
1415830 1153.8
1415840 1153.8
1415850 1150.1
1415860 1146.3
1415870 1142.4
1415880 1142.4
1415890 1141.3
1415900 1137.1
1415910 1137.1
1415920 1132.3
1415930 1127.5
1415940 1127.5
1415950 1121.1
1415960 1118.5
1415970 1118.5
1415980 1114.9
1415990 1110.1
1416000 1110.1
1416010 1106.0
1416020 1100.6
1416030 1100.6
1416040 1095.3
1416050 1088.9
1416060 1088.9
1416070 1079.1
1416080 1071.0
1416090 1071.0
1416100 1063.6
1416110 1056.5
1416120 1056.5
1416130 1050.9
1416140 1053.0
1416150 1053.0
1416160 1059.9
1416170 1065.4
1416180 1069.8
1416190 1069.8
1416200 1074.6
1416210 1078.1
1416220 1078.1
1416230 1083.2
1416240 1087.2
1416250 1087.2
1416260 1092.8
1416270 1098.0
1416280 1098.0
1416290 1100.0
1416300 1101.2
1416310 1101.2
1416320 1101.6
1416330 1101.9
1416340 1101.9
1416350 1103.0
1416360 1104.1
1416370 1104.1
1416380 1104.8
1416390 1105.0
1416400 1105.0
1416410 1104.9
1416420 1105.6
1416430 1105.6
1416440 1106.2
1416450 1106.4
1416460 1106.4
1416470 1106.6
1416480 1107.6
1416490 1109.4
1416500 1109.4
1416510 1111.9
1416520 1113.3
1416530 1113.3
1416540 1113.2
1416550 1112.9
1416560 1112.9
1416570 1112.5
1416580 1111.5
1416590 1111.5
1416600 1110.2
1416610 1108.7
1416620 1108.7
1416630 1107.0
1416640 1105.5
1416650 1105.5
1416660 1104.0
1416670 1102.8
1416680 1102.8
1416690 1100.9
1416700 1098.9
1416710 1098.9
1416720 1097.3
1416730 1095.4
1416740 1095.4
1416750 1093.2
1416760 1091.1
1416770 1091.1
1416780 1089.0
1416790 1086.9
1416800 1084.1
1416810 1084.1
1416820 1082.1
1416830 1080.1
1416840 1080.1
1416850 1077.7
1416860 1075.4
1416870 1075.4
1416880 1072.3
1416890 1070.2
1416900 1070.2
1416910 1069.2
1416920 1066.0
1416930 1066.0
1416940 1062.3
1416950 1058.6
1416960 1058.6
1416970 1054.0
1416980 1048.5
1416990 1048.5
1417000 1045.0
1417010 1043.6
1417020 1043.6
1417030 1041.0
1417040 1037.4
1417050 1037.4
1417060 1033.2
1417070 1030.8
1417080 1030.8
1417090 1028.5
1417100 1025.7
1417110 1022.4
1417120 1022.4
1417130 1019.5
1417140 1016.8
1417150 1016.8
1417160 1013.2
1417170 1011.4
1417180 1011.4
1417190 1010.6
1417200 1009.6
1417210 1009.6
1417220 1006.5
1417230 1003.2
1417240 1003.2
1417250 1004.8
1417260 1007.4
1417270 1007.4
1417280 1009.0
1417290 1012.4
1417300 1012.4
1417310 1015.0
1417320 1018.0
1417330 1018.0
1417340 1020.8
1417350 1023.8
1417360 1023.8
1417370 1028.2
1417380 1029.7
1417390 1029.7
1417400 1031.1
1417410 1032.5
1417420 1033.3
1417430 1033.3
1417440 1034.1
1417450 1035.0
1417460 1035.0
1417470 1035.4
1417480 1035.5
1417490 1035.5
1417500 1036.0
1417510 1036.6
1417520 1036.6
1417530 1037.2
1417540 1037.5
1417550 1037.5
1417560 1036.0
1417570 1034.4
1417580 1034.4
1417590 1032.5
1417600 1031.5
1417610 1031.5
1417620 1031.1
1417630 1029.2
1417640 1029.2
1417650 1028.2
1417660 1026.2
1417670 1026.2
1417680 1024.0
1417690 1019.9
1417700 1019.9
1417710 1018.1
1417720 1015.2
1417730 1013.0
1417740 1013.0
1417750 1011.6
1417760 1010.5
1417770 1010.5
1417780 1008.2
1417790 1006.5
1417800 1006.5
1417810 1005.4
1417820 1006.2
1417830 1006.2
1417840 1007.4
1417850 1007.8
1417860 1007.8
1417870 1008.1
1417880 1008.3
1417890 1008.3
1417900 1008.6
1417910 1007.9
1417920 1007.9
1417930 1006.9
1417940 1005.7
1417950 1005.7
1417960 1004.2
1417970 1003.3
1417980 1003.3
1417990 1002.5
1418000 1000.7
1418010 1000.7
1418020 999.2
1418030 998.6
1418040 998.5
1418050 998.5
1418060 998.9
1418070 998.1
1418080 998.1
1418090 996.2
1418100 994.6
1418110 994.6
1418120 992.7
1418130 990.9
1418140 990.9
1418150 989.4
1418160 988.1
1418170 988.1
1418180 987.0
1418190 985.7
1418200 985.7
1418210 984.7
1418220 983.6
1418230 983.6
1418240 982.5
1418250 981.2
1418260 981.2
1418270 979.1
1418280 976.7
1418290 976.7
1418300 974.8
1418310 972.7
1418320 972.7
1418330 970.8
1418340 968.7
1418350 967.2
1418360 967.2
1418370 966.1
1418380 964.9
1418390 964.9
1418400 963.4
1418410 962.1
1418420 962.1
1418430 961.0
1418440 960.0
1418450 960.0
1418460 958.0
1418470 954.1
1418480 954.1
1418490 951.9
1418500 950.5
1418510 950.5
1418520 948.8
1418530 946.6
1418540 946.6
1418550 944.3
1418560 942.3
1418570 942.3
1418580 940.6
1418590 939.6
1418600 939.6
1418610 938.4
1418620 937.1
1418630 937.1
1418640 935.8
1418650 934.9
1418660 934.1
1418670 934.1
1418680 933.5
1418690 932.1
1418700 932.1
1418710 928.7
1418720 923.2
1418730 923.2
1418740 919.5
1418750 914.9
1418760 914.9
1418770 911.3
1418780 907.7
1418790 907.7
1418800 904.1
1418810 900.1
1418820 900.1
1418830 895.5
1418840 891.5
1418850 891.5
1418860 887.8
1418870 883.6
1418880 883.6
1418890 879.2
1418900 875.1
1418910 875.1
1418920 871.7
1418930 869.2
1418940 865.8
1418950 865.8
1418960 863.5
1418970 861.7
1418980 861.7
1418990 860.2
1419000 859.1
1419010 859.1
1419020 857.8
1419030 855.7
1419040 855.7
1419050 853.4
1419060 852.6
1419070 852.6
1419080 852.0
1419090 851.6
1419100 851.6
1419110 850.7
1419120 848.4
1419130 848.4
1419140 847.2
1419150 846.7
1419160 846.7
1419170 845.9
1419180 844.6
1419190 844.6
1419200 843.8
1419210 848.5
1419220 848.5
1419230 857.1
1419240 867.7
1419250 878.8
1419260 878.8
1419270 885.8
1419280 889.2
1419290 889.2
1419300 896.4
1419310 896.7
1419320 896.7
1419330 896.6
1419340 898.8
1419350 898.8
1419360 903.3
1419370 908.5
1419380 908.5
1419390 914.0
1419400 917.8
1419410 917.8
1419420 916.8
1419430 915.5
1419440 915.5
1419450 915.9
1419460 918.0
1419470 918.0
1419480 919.1
1419490 921.3
1419500 921.3
1419510 920.8
1419520 920.2
1419530 920.2
1419540 924.1
1419550 927.0
1419560 932.7
1419570 932.7
1419580 939.0
1419590 943.6
1419600 943.6
1419610 943.5
1419620 938.7
1419630 938.7
1419640 934.4
1419650 935.4
1419660 935.4
1419670 938.2
1419680 935.4
1419690 935.4
1419700 930.2
1419710 930.7
1419720 930.7
1419730 934.2
1419740 931.1
1419750 931.1
1419760 930.0
1419770 932.7
1419780 932.7
1419790 939.0
1419800 944.1
1419810 944.1
1419820 945.8
1419830 944.4
1419840 944.4
1419850 945.7
1419860 949.4
1419870 952.3
1419880 952.3
1419890 953.9
1419900 953.8
1419910 953.8
1419920 954.0
1419930 954.9
1419940 954.9
1419950 955.4
1419960 955.9
1419970 955.9
1419980 955.9
1419990 956.7
