1400000 1106.6
1400010 1100.5
1400020 1100.5
1400030 1094.5
1400040 1088.5
1400050 1088.5
1400060 1082.8
1400070 1078.0
1400080 1078.0
1400090 1072.9
1400100 1066.8
1400110 1066.8
1400120 1060.1
1400130 1053.3
1400140 1053.3
1400150 1047.0
1400160 1041.1
1400170 1041.1
1400180 1035.6
1400190 1031.0
1400200 1031.0
1400210 1028.4
1400220 1025.8
1400230 1025.8
1400240 1022.0
1400250 1017.7
1400260 1017.7
1400270 1013.4
1400280 1009.8
1400290 1009.8
1400300 1006.9
1400310 1002.5
1400320 996.1
1400330 996.1
1400340 991.5
1400350 988.0
1400360 988.0
1400370 983.2
1400380 977.1
1400390 977.1
1400400 971.2
1400410 965.7
1400420 965.7
1400430 960.9
1400440 958.2
1400450 958.2
1400460 959.7
1400470 961.9
1400480 961.9
1400490 972.4
1400500 984.6
1400510 984.6
1400520 996.0
1400530 1007.2
1400540 1007.2
1400550 1018.2
1400560 1028.4
1400570 1028.4
1400580 1036.7
1400590 1044.2
1400600 1044.2
1400610 1051.8
1400620 1059.2
1400630 1067.8
1400640 1067.8
1400650 1076.1
1400660 1083.8
1400670 1083.8
1400680 1090.8
1400690 1098.1
1400700 1098.1
1400710 1105.7
1400720 1113.4
1400730 1113.4
1400740 1121.1
1400750 1129.0
1400760 1129.0
1400770 1137.4
1400780 1147.7
1400790 1147.7
1400800 1157.4
1400810 1164.6
1400820 1164.6
1400830 1170.4
1400840 1177.3
1400850 1177.3
1400860 1183.9
1400870 1188.9
1400880 1188.9
1400890 1194.2
1400900 1202.2
1400910 1202.2
1400920 1206.3
1400930 1206.3
1400940 1204.5
1400950 1204.5
1400960 1205.1
1400970 1207.8
1400980 1207.8
1400990 1210.5
1401000 1214.0
1401010 1214.0
1401020 1218.3
1401030 1224.1
1401040 1224.1
1401050 1233.8
1401060 1246.7
1401070 1246.7
1401080 1255.8
1401090 1266.1
1401100 1266.1
1401110 1277.2
1401120 1287.5
1401130 1287.5
1401140 1295.8
1401150 1303.4
1401160 1303.4
1401170 1309.9
1401180 1316.6
1401190 1316.6
1401200 1323.0
1401210 1326.7
1401220 1326.7
1401230 1332.3
1401240 1337.0
1401250 1341.4
1401260 1341.4
1401270 1345.7
1401280 1350.3
1401290 1350.3
1401300 1355.4
1401310 1360.8
1401320 1360.8
1401330 1369.4
1401340 1379.4
1401350 1379.4
1401360 1381.8
1401370 1377.7
1401380 1377.7
1401390 1375.1
1401400 1378.5
1401410 1378.5
1401420 1383.6
1401430 1387.5
1401440 1387.5
1401450 1384.9
1401460 1390.8
1401470 1390.8
1401480 1402.6
1401490 1411.6
1401500 1411.6
1401510 1421.0
1401520 1431.1
1401530 1431.1
1401540 1442.2
1401550 1453.3
1401560 1458.1
1401570 1458.1
1401580 1457.3
1401590 1454.6
1401600 1454.6
1401610 1453.0
1401620 1451.9
1401630 1451.9
1401640 1457.6
1401650 1465.9
1401660 1465.9
1401670 1483.3
1401680 1502.1
1401690 1502.1
1401700 1512.3
1401710 1524.9
1401720 1524.9
1401730 1529.8
1401740 1512.5
1401750 1512.5
1401760 1508.3
1401770 1510.4
1401780 1510.4
1401790 1511.5
1401800 1513.3
1401810 1513.3
1401820 1511.5
1401830 1509.6
1401840 1509.6
1401850 1509.5
1401860 1515.4
1401870 1517.3
1401880 1517.3
1401890 1518.7
1401900 1520.4
1401910 1520.4
1401920 1523.0
1401930 1527.4
1401940 1527.4
1401950 1532.8
1401960 1540.0
1401970 1540.0
1401980 1548.5
1401990 1557.2
1402000 1557.2
1402010 1560.0
1402020 1556.7
1402030 1556.7
1402040 1555.1
1402050 1557.3
1402060 1557.3
1402070 1565.0
1402080 1579.3
1402090 1579.3
1402100 1587.8
1402110 1591.0
1402120 1591.0
1402130 1588.7
1402140 1587.8
1402150 1587.8
1402160 1584.2
1402170 1576.4
1402180 1567.4
1402190 1567.4
1402200 1558.5
1402210 1549.7
1402220 1549.7
1402230 1541.2
1402240 1533.1
1402250 1533.1
1402260 1525.0
1402270 1518.5
1402280 1518.5
1402290 1511.5
1402300 1504.5
1402310 1504.5
1402320 1498.5
1402330 1494.4
1402340 1494.4
1402350 1491.5
1402360 1487.1
1402370 1487.1
1402380 1483.0
1402390 1481.8
1402400 1481.8
1402410 1479.7
1402420 1476.8
1402430 1476.8
1402440 1471.5
1402450 1461.9
1402460 1461.9
1402470 1457.7
1402480 1456.9
1402490 1459.0
1402500 1459.0
1402510 1462.4
1402520 1465.7
1402530 1465.7
1402540 1463.7
1402550 1458.9
1402560 1458.9
1402570 1452.6
1402580 1439.5
1402590 1439.5
1402600 1411.8
1402610 1388.1
1402620 1388.1
1402630 1372.8
1402640 1363.6
1402650 1363.6
1402660 1356.6
1402670 1347.4
1402680 1347.4
1402690 1337.7
1402700 1330.0
1402710 1330.0
1402720 1323.5
1402730 1317.0
1402740 1317.0
1402750 1309.9
1402760 1302.6
1402770 1302.6
1402780 1295.6
1402790 1287.6
1402800 1277.9
1402810 1277.9
1402820 1267.2
1402830 1257.3
1402840 1257.3
1402850 1248.5
1402860 1240.6
1402870 1240.6
1402880 1232.7
1402890 1224.8
1402900 1224.8
1402910 1216.8
1402920 1209.0
1402930 1209.0
1402940 1201.3
1402950 1193.6
1402960 1193.6
1402970 1186.3
1402980 1179.0
1402990 1179.0
1403000 1171.7
1403010 1165.0
1403020 1165.0
1403030 1158.8
1403040 1157.0
1403050 1157.0
1403060 1150.7
1403070 1144.9
1403080 1144.9
1403090 1139.6
1403100 1133.9
1403110 1128.4
1403120 1128.4
1403130 1122.7
1403140 1117.0
1403150 1117.0
1403160 1110.5
1403170 1102.9
1403180 1102.9
1403190 1092.4
1403200 1080.8
1403210 1080.8
1403220 1071.2
1403230 1070.0
1403240 1070.0
1403250 1077.9
1403260 1085.2
1403270 1085.2
1403280 1093.3
1403290 1104.5
1403300 1104.5
1403310 1118.9
1403320 1135.6
1403330 1135.6
1403340 1147.0
1403350 1154.0
1403360 1154.0
1403370 1160.0
1403380 1165.3
1403390 1165.3
1403400 1171.7
1403410 1178.1
1403420 1184.5
1403430 1184.5
1403440 1191.4
1403450 1197.8
1403460 1197.8
1403470 1205.2
1403480 1213.0
1403490 1213.0
1403500 1221.5
1403510 1229.7
1403520 1229.7
1403530 1238.2
1403540 1244.2
1403550 1244.2
1403560 1248.3
1403570 1252.2
1403580 1252.2
1403590 1255.8
1403600 1259.7
1403610 1259.7
1403620 1263.9
1403630 1268.2
1403640 1268.2
1403650 1272.6
1403660 1276.6
1403670 1276.6
1403680 1280.2
1403690 1284.2
1403700 1284.2
1403710 1287.9
1403720 1291.3
1403730 1293.6
1403740 1293.6
1403750 1295.8
1403760 1298.4
1403770 1298.4
1403780 1304.1
1403790 1311.6
1403800 1311.6
1403810 1318.7
1403820 1324.9
1403830 1324.9
1403840 1330.6
1403850 1335.8
1403860 1335.8
1403870 1342.8
1403880 1353.7
1403890 1353.7
1403900 1364.2
1403910 1377.9
1403920 1377.9
1403930 1387.3
1403940 1398.5
1403950 1398.5
1403960 1406.0
1403970 1408.7
1403980 1408.7
1403990 1409.0
1404000 1415.6
1404010 1415.6
1404020 1426.5
1404030 1434.1
1404040 1442.2
1404050 1442.2
1404060 1452.0
1404070 1462.3
1404080 1462.3
1404090 1470.5
1404100 1477.1
1404110 1477.1
1404120 1484.9
1404130 1494.4
1404140 1494.4
1404150 1505.9
1404160 1519.2
1404170 1519.2
1404180 1531.2
1404190 1548.4
1404200 1548.4
1404210 1572.6
1404220 1587.4
1404230 1587.4
1404240 1594.4
1404250 1600.2
1404260 1600.2
1404270 1607.3
1404280 1611.2
1404290 1611.2
1404300 1616.4
1404310 1619.8
1404320 1619.8
1404330 1620.8
1404340 1621.4
1404350 1624.1
1404360 1624.1
1404370 1628.3
1404380 1633.9
1404390 1633.9
1404400 1639.7
1404410 1644.8
1404420 1644.8
1404430 1648.4
1404440 1650.8
1404450 1650.8
1404460 1652.2
1404470 1654.3
1404480 1654.3
1404490 1654.7
1404500 1652.8
1404510 1652.8
1404520 1651.5
1404530 1650.4
1404540 1650.4
1404550 1646.3
1404560 1642.8
1404570 1642.8
1404580 1648.3
1404590 1662.0
1404600 1662.0
1404610 1667.8
1404620 1676.5
1404630 1676.5
1404640 1675.5
1404650 1665.2
1404660 1655.7
1404670 1655.7
1404680 1650.1
1404690 1654.4
1404700 1654.4
1404710 1655.8
1404720 1660.5
1404730 1660.5
1404740 1659.7
1404750 1652.1
1404760 1652.1
1404770 1642.0
1404780 1637.5
1404790 1637.5
1404800 1635.9
1404810 1631.8
1404820 1631.8
1404830 1631.4
1404840 1628.7
1404850 1628.7
1404860 1624.9
1404870 1621.3
1404880 1621.3
1404890 1616.3
1404900 1609.9
1404910 1609.9
1404920 1607.0
1404930 1604.3
1404940 1604.3
1404950 1600.8
1404960 1597.2
1404970 1589.8
1404980 1589.8
1404990 1580.3
1405000 1574.6
1405010 1574.6
1405020 1564.2
1405030 1553.7
1405040 1553.7
1405050 1544.2
1405060 1536.1
1405070 1536.1
1405080 1534.4
1405090 1533.5
1405100 1533.5
1405110 1532.9
1405120 1531.9
1405130 1531.9
1405140 1528.3
1405150 1526.1
1405160 1526.1
1405170 1531.8
1405180 1539.9
1405190 1539.9
1405200 1544.8
1405210 1548.3
1405220 1548.3
1405230 1552.1
1405240 1556.0
1405250 1556.0
1405260 1561.7
1405270 1564.9
1405280 1567.6
1405290 1567.6
1405300 1570.5
1405310 1573.6
1405320 1573.6
1405330 1577.0
1405340 1581.2
1405350 1581.2
1405360 1583.6
1405370 1586.0
1405380 1586.0
1405390 1589.2
1405400 1592.6
1405410 1592.6
1405420 1594.7
1405430 1595.4
1405440 1595.4
1405450 1597.0
1405460 1600.0
1405470 1600.0
1405480 1603.6
1405490 1607.2
1405500 1607.2
1405510 1611.7
1405520 1616.7
1405530 1616.7
1405540 1621.6
1405550 1626.2
1405560 1626.2
1405570 1630.9
1405580 1636.5
1405590 1642.0
1405600 1642.0
1405610 1646.5
1405620 1653.8
1405630 1653.8
1405640 1662.2
1405650 1664.2
1405660 1664.2
1405670 1669.3
1405680 1675.6
1405690 1675.6
1405700 1680.8
1405710 1687.0
1405720 1687.0
1405730 1692.1
1405740 1696.4
1405750 1696.4
1405760 1702.0
1405770 1707.6
1405780 1707.6
1405790 1714.1
1405800 1721.4
1405810 1721.4
1405820 1728.4
1405830 1735.0
1405840 1735.0
1405850 1742.8
1405860 1757.2
1405870 1757.2
1405880 1768.3
1405890 1775.2
1405900 1782.9
1405910 1782.9
1405920 1794.0
1405930 1803.5
1405940 1803.5
1405950 1812.2
1405960 1821.4
1405970 1821.4
1405980 1831.3
1405990 1845.8
1406000 1845.8
1406010 1854.1
1406020 1862.3
1406030 1862.3
1406040 1873.5
1406050 1882.6
1406060 1882.6
1406070 1888.2
1406080 1894.5
1406090 1894.5
1406100 1901.6
1406110 1909.6
1406120 1909.6
1406130 1919.4
1406140 1923.3
1406150 1923.3
1406160 1913.8
1406170 1902.6
1406180 1902.6
1406190 1894.2
1406200 1887.8
1406210 1878.0
1406220 1878.0
1406230 1880.5
1406240 1868.1
1406250 1868.1
1406260 1848.8
1406270 1830.0
1406280 1830.0
1406290 1822.5
1406300 1822.4
1406310 1822.4
1406320 1823.2
1406330 1813.9
1406340 1813.9
1406350 1803.1
1406360 1797.8
1406370 1797.8
1406380 1799.7
1406390 1801.3
1406400 1801.3
1406410 1798.1
1406420 1795.6
1406430 1795.6
1406440 1801.5
1406450 1808.9
1406460 1808.9
1406470 1809.9
1406480 1809.7
1406490 1809.7
1406500 1813.3
1406510 1817.6
1406520 1822.8
1406530 1822.8
1406540 1829.0
1406550 1837.1
1406560 1837.1
1406570 1847.9
1406580 1858.1
1406590 1858.1
1406600 1864.1
1406610 1871.5
1406620 1871.5
1406630 1877.3
1406640 1882.6
1406650 1882.6
1406660 1888.6
1406670 1893.6
1406680 1893.6
1406690 1899.3
1406700 1906.2
1406710 1906.2
1406720 1914.1
1406730 1923.8
1406740 1923.8
1406750 1931.7
1406760 1942.1
1406770 1942.1
1406780 1951.0
1406790 1955.2
1406800 1955.2
1406810 1958.2
1406820 1959.5
1406830 1959.6
1406840 1959.6
1406850 1952.5
1406860 1942.0
1406870 1942.0
1406880 1929.4
1406890 1916.7
1406900 1916.7
1406910 1906.0
1406920 1895.1
1406930 1895.1
1406940 1884.6
1406950 1875.2
1406960 1875.2
1406970 1867.4
1406980 1861.1
1406990 1861.1
1407000 1856.2
1407010 1851.3
1407020 1851.3
1407030 1844.5
1407040 1838.1
1407050 1838.1
1407060 1825.9
1407070 1820.4
1407080 1820.4
1407090 1815.6
1407100 1809.8
1407110 1809.8
1407120 1806.0
1407130 1804.2
1407140 1801.7
1407150 1801.7
1407160 1799.7
1407170 1799.9
1407180 1799.9
1407190 1801.2
1407200 1800.2
1407210 1800.2
1407220 1802.3
1407230 1807.8
1407240 1807.8
1407250 1814.6
1407260 1819.1
1407270 1819.1
1407280 1827.3
1407290 1832.9
1407300 1832.9
1407310 1840.6
1407320 1847.1
1407330 1847.1
1407340 1857.6
1407350 1869.0
1407360 1869.0
1407370 1876.0
1407380 1882.8
1407390 1882.8
1407400 1890.3
1407410 1897.9
1407420 1897.9
1407430 1902.4
1407440 1905.6
1407450 1906.1
1407460 1906.1
1407470 1903.2
1407480 1900.9
1407490 1900.9
1407500 1897.5
1407510 1893.9
1407520 1893.9
1407530 1892.5
1407540 1889.7
1407550 1889.7
1407560 1889.2
1407570 1895.5
1407580 1895.5
1407590 1904.0
1407600 1914.4
1407610 1914.4
1407620 1916.7
1407630 1918.1
1407640 1918.1
1407650 1922.2
1407660 1919.1
1407670 1919.1
1407680 1916.3
1407690 1915.2
1407700 1915.2
1407710 1913.5
1407720 1912.1
1407730 1912.1
1407740 1906.2
1407750 1899.5
1407760 1888.0
1407770 1888.0
1407780 1879.4
1407790 1874.6
1407800 1874.6
1407810 1872.8
1407820 1866.3
1407830 1866.3
1407840 1863.0
1407850 1857.4
1407860 1857.4
1407870 1847.5
1407880 1841.9
1407890 1841.9
1407900 1835.5
1407910 1832.3
1407920 1832.3
1407930 1827.5
1407940 1821.5
1407950 1821.5
1407960 1812.8
1407970 1805.5
1407980 1805.5
1407990 1803.0
1408000 1803.5
1408010 1803.5
1408020 1804.1
1408030 1800.0
1408040 1800.0
1408050 1795.4
1408060 1789.6
1408070 1783.4
1408080 1783.4
1408090 1780.1
1408100 1776.6
1408110 1776.6
1408120 1773.4
1408130 1771.8
1408140 1771.8
1408150 1771.1
1408160 1768.7
1408170 1768.7
1408180 1766.7
1408190 1764.7
1408200 1764.7
1408210 1762.3
1408220 1759.8
1408230 1759.8
1408240 1756.4
1408250 1755.3
1408260 1755.3
1408270 1755.7
1408280 1755.0
1408290 1755.0
1408300 1754.8
1408310 1754.9
1408320 1754.9
1408330 1753.0
1408340 1750.4
1408350 1750.4
1408360 1746.9
1408370 1744.8
1408380 1742.9
1408390 1742.9
1408400 1741.5
1408410 1742.6
1408420 1742.6
1408430 1746.4
1408440 1751.2
1408450 1751.2
1408460 1758.8
1408470 1760.5
1408480 1760.5
1408490 1759.1
1408500 1755.6
1408510 1755.6
1408520 1753.8
1408530 1754.7
1408540 1754.7
1408550 1751.3
1408560 1749.7
1408570 1749.7
1408580 1750.2
1408590 1746.6
1408600 1746.6
1408610 1744.0
1408620 1742.6
1408630 1742.6
1408640 1744.3
1408650 1742.6
1408660 1742.6
1408670 1740.6
1408680 1741.8
1408690 1742.8
1408700 1742.8
1408710 1744.6
1408720 1747.4
1408730 1747.4
1408740 1749.7
1408750 1751.4
1408760 1751.4
1408770 1752.4
1408780 1751.6
1408790 1751.6
1408800 1750.5
1408810 1747.0
1408820 1747.0
1408830 1742.4
1408840 1733.7
1408850 1733.7
1408860 1727.4
1408870 1722.0
1408880 1722.0
1408890 1712.0
1408900 1706.5
1408910 1706.5
1408920 1704.9
1408930 1699.8
1408940 1699.8
1408950 1687.0
1408960 1675.3
1408970 1675.3
1408980 1665.7
1408990 1661.2
1409000 1659.3
1409010 1659.3
1409020 1657.4
1409030 1653.8
1409040 1653.8
1409050 1650.0
1409060 1647.6
1409070 1647.6
1409080 1640.8
1409090 1638.4
1409100 1638.4
1409110 1641.7
1409120 1638.5
1409130 1638.5
1409140 1631.0
1409150 1625.9
1409160 1625.9
1409170 1623.5
1409180 1621.8
1409190 1621.8
1409200 1619.9
1409210 1619.8
1409220 1619.8
1409230 1619.4
1409240 1618.9
1409250 1618.9
1409260 1616.9
1409270 1615.2
1409280 1615.2
1409290 1615.9
1409300 1615.9
1409310 1614.1
1409320 1614.1
1409330 1613.2
1409340 1613.5
1409350 1613.5
1409360 1613.1
1409370 1614.2
1409380 1614.2
1409390 1613.0
1409400 1610.7
1409410 1610.7
1409420 1608.3
1409430 1605.3
1409440 1605.3
1409450 1601.3
1409460 1596.0
1409470 1596.0
1409480 1591.7
1409490 1589.0
1409500 1589.0
1409510 1587.7
1409520 1586.8
1409530 1586.8
1409540 1583.9
1409550 1582.4
1409560 1582.4
1409570 1573.2
1409580 1569.8
1409590 1569.8
1409600 1566.1
1409610 1559.2
1409620 1551.4
1409630 1551.4
1409640 1544.0
1409650 1538.3
1409660 1538.3
1409670 1528.6
1409680 1519.2
1409690 1519.2
1409700 1513.0
1409710 1507.9
1409720 1507.9
1409730 1503.8
1409740 1501.2
1409750 1501.2
1409760 1500.0
1409770 1497.9
1409780 1497.9
1409790 1496.6
1409800 1496.5
1409810 1496.5
1409820 1495.1
1409830 1491.3
1409840 1491.3
1409850 1486.9
1409860 1480.1
1409870 1480.1
1409880 1473.6
1409890 1466.0
1409900 1466.0
1409910 1457.8
1409920 1452.2
1409930 1447.2
1409940 1447.2
1409950 1445.6
1409960 1448.5
1409970 1448.5
1409980 1449.7
1409990 1448.7
1410000 1448.7
1410010 1448.3
1410020 1445.0
1410030 1445.0
1410040 1444.6
1410050 1445.8
1410060 1445.8
1410070 1446.8
1410080 1448.3
1410090 1448.3
1410100 1450.0
1410110 1451.9
1410120 1451.9
1410130 1452.3
1410140 1448.6
1410150 1448.6
1410160 1446.4
1410170 1449.0
1410180 1449.0
1410190 1450.0
1410200 1450.9
1410210 1450.9
1410220 1450.9
1410230 1450.6
1410240 1449.5
1410250 1449.5
1410260 1449.4
1410270 1449.7
1410280 1449.7
1410290 1449.3
1410300 1447.8
1410310 1447.8
1410320 1446.4
1410330 1446.3
1410340 1446.3
1410350 1445.8
1410360 1444.2
1410370 1444.2
1410380 1444.5
1410390 1443.3
1410400 1443.3
1410410 1441.4
1410420 1439.3
1410430 1439.3
1410440 1437.8
1410450 1438.2
1410460 1438.2
1410470 1439.9
1410480 1439.8
1410490 1439.8
1410500 1438.7
1410510 1439.3
1410520 1439.3
1410530 1439.4
1410540 1439.2
1410550 1438.3
1410560 1438.3
1410570 1436.7
1410580 1434.5
1410590 1434.5
1410600 1432.1
1410610 1429.5
1410620 1429.5
1410630 1427.2
1410640 1424.6
1410650 1424.6
1410660 1420.8
1410670 1419.9
1410680 1419.9
1410690 1418.6
1410700 1417.5
1410710 1417.5
1410720 1416.3
1410730 1414.7
1410740 1414.7
1410750 1412.2
1410760 1411.9
1410770 1411.9
1410780 1412.5
1410790 1411.6
1410800 1411.6
1410810 1407.7
1410820 1404.8
1410830 1404.8
1410840 1408.4
1410850 1412.2
1410860 1413.3
1410870 1413.3
1410880 1414.8
1410890 1415.7
1410900 1415.7
1410910 1416.0
1410920 1416.1
1410930 1416.1
1410940 1417.1
1410950 1417.3
1410960 1417.3
1410970 1418.1
1410980 1419.3
1410990 1419.3
1411000 1420.6
1411010 1421.4
1411020 1421.4
1411030 1421.2
1411040 1421.3
1411050 1421.3
1411060 1421.1
1411070 1420.2
1411080 1420.2
1411090 1419.1
1411100 1417.5
1411110 1417.5
1411120 1415.0
1411130 1412.0
1411140 1412.0
1411150 1409.2
1411160 1406.0
1411170 1402.5
1411180 1402.5
1411190 1398.6
1411200 1395.7
1411210 1395.7
1411220 1392.8
1411230 1389.5
1411240 1389.5
1411250 1385.2
1411260 1380.6
1411270 1380.6
1411280 1375.0
1411290 1370.8
1411300 1370.2
1411310 1366.9
1411320 1364.0
1411330 1364.0
1411340 1360.6
1411350 1357.5
1411360 1357.5
1411370 1354.8
1411380 1351.5
1411390 1351.5
1411400 1347.4
1411410 1343.2
1411420 1343.2
1411430 1340.2
1411440 1338.3
1411450 1338.3
1411460 1336.6
1411470 1335.4
1411480 1334.1
1411490 1334.1
1411500 1332.3
1411510 1329.8
1411520 1329.8
1411530 1325.4
1411540 1324.0
1411550 1324.0
1411560 1323.7
1411570 1322.6
1411580 1322.6
1411590 1320.8
1411600 1318.6
1411610 1318.6
1411620 1315.8
1411630 1312.7
1411640 1312.7
1411650 1308.2
1411660 1302.5
1411670 1302.5
1411680 1297.3
1411690 1294.5
1411700 1294.5
1411710 1292.3
1411720 1289.9
1411730 1289.9
1411740 1287.7
1411750 1285.9
1411760 1285.9
1411770 1284.0
1411780 1281.9
1411790 1280.3
1411800 1280.3
1411810 1278.5
1411820 1276.5
1411830 1276.5
1411840 1274.8
1411850 1272.7
1411860 1272.7
1411870 1269.8
1411880 1266.5
1411890 1266.5
1411900 1261.6
1411910 1254.7
1411920 1254.7
1411930 1247.7
1411940 1241.1
1411950 1241.1
1411960 1236.7
1411970 1232.6
1411980 1232.6
1411990 1229.2
1412000 1225.3
1412010 1225.3
1412020 1220.5
1412030 1214.9
1412040 1214.9
1412050 1211.2
1412060 1204.9
1412070 1204.9
1412080 1199.7
1412090 1195.4
1412100 1190.5
1412110 1190.5
1412120 1184.8
1412130 1180.3
1412140 1180.3
1412150 1176.6
1412160 1174.7
1412170 1174.7
1412180 1172.6
1412190 1169.7
1412200 1169.7
1412210 1169.4
1412220 1169.2
1412230 1169.2
1412240 1166.9
1412250 1164.1
1412260 1164.1
1412270 1161.8
1412280 1160.0
1412290 1160.0
1412300 1157.8
1412310 1154.0
1412320 1154.0
1412330 1151.1
1412340 1150.4
1412350 1150.4
1412360 1150.8
1412370 1149.5
1412380 1149.5
1412390 1147.8
1412400 1146.2
1412410 1144.6
1412420 1144.6
1412430 1143.6
1412440 1141.0
1412450 1141.0
1412460 1136.7
1412470 1133.2
1412480 1133.2
1412490 1129.9
1412500 1127.2
1412510 1127.2
1412520 1125.2
1412530 1122.8
1412540 1122.8
1412550 1120.3
1412560 1118.2
1412570 1118.2
1412580 1116.4
1412590 1113.3
1412600 1113.3
1412610 1107.6
1412620 1102.0
1412630 1102.0
1412640 1098.7
1412650 1096.2
1412660 1096.2
1412670 1093.1
1412680 1090.2
1412690 1090.2
1412700 1088.0
1412710 1085.9
1412720 1084.2
1412730 1084.2
1412740 1082.5
1412750 1080.4
1412760 1080.4
1412770 1078.4
1412780 1075.7
1412790 1075.7
1412800 1074.9
1412810 1074.4
1412820 1074.4
1412830 1074.1
1412840 1073.1
1412850 1073.1
1412860 1071.3
1412870 1069.2
1412880 1069.2
1412890 1067.5
1412900 1065.9
1412910 1065.9
1412920 1064.8
1412930 1063.1
1412940 1063.1
1412950 1061.0
1412960 1062.3
1412970 1062.3
1412980 1062.2
1412990 1061.8
1413000 1061.8
1413010 1061.1
1413020 1060.1
1413030 1058.6
1413040 1058.6
1413050 1056.5
1413060 1050.9
1413070 1050.9
1413080 1047.9
1413090 1045.3
1413100 1045.3
1413110 1038.2
1413120 1028.5
1413130 1028.5
1413140 1021.0
1413150 1012.6
1413160 1012.6
1413170 1005.1
1413180 995.0
1413190 995.0
1413200 987.0
1413210 979.0
1413220 979.0
1413230 974.0
1413240 974.8
1413250 974.8
1413260 972.9
1413270 969.7
1413280 969.7
1413290 965.5
1413300 960.4
1413310 960.4
1413320 957.0
1413330 956.7
1413340 955.6
1413350 955.6
1413360 952.3
1413370 948.3
1413380 948.3
1413390 941.4
1413400 934.1
1413410 934.1
1413420 929.7
1413430 926.9
1413440 926.9
1413450 925.1
1413460 923.2
1413470 923.2
1413480 921.9
1413490 919.8
1413500 919.8
1413510 917.5
1413520 916.6
1413530 916.6
1413540 915.5
1413550 913.8
1413560 913.8
1413570 914.1
1413580 914.2
1413590 914.2
1413600 913.8
1413610 913.4
1413620 913.4
1413630 912.6
1413640 911.1
1413650 910.2
1413660 910.2
1413670 910.0
1413680 910.1
1413690 910.1
1413700 910.4
1413710 910.4
1413720 910.4
1413730 909.8
1413740 909.2
1413750 909.2
1413760 908.2
1413770 907.0
1413780 907.0
1413790 905.6
1413800 906.8
1413810 906.8
1413820 906.7
1413830 906.4
1413840 906.4
1413850 906.3
1413860 907.0
1413870 907.0
1413880 909.2
1413890 910.2
1413900 910.2
1413910 911.7
1413920 914.7
1413930 914.7
1413940 917.1
1413950 919.0
1413960 920.6
1413970 920.6
1413980 921.0
1413990 919.4
1414000 919.4
1414010 923.9
1414020 930.6
1414030 930.6
1414040 937.7
1414050 942.3
1414060 942.3
1414070 944.8
1414080 950.9
1414090 950.9
1414100 956.3
1414110 956.9
1414120 956.9
1414130 955.0
1414140 957.0
1414150 957.0
1414160 954.9
1414170 954.2
1414180 954.2
1414190 955.1
1414200 952.7
1414210 952.7
1414220 950.6
1414230 950.6
1414240 950.6
1414250 950.3
1414260 949.3
1414270 949.7
1414280 949.7
1414290 953.7
1414300 957.4
1414310 957.4
1414320 962.0
1414330 968.8
1414340 968.8
1414350 974.8
1414360 979.3
1414370 979.3
1414380 986.9
1414390 992.6
1414400 992.6
1414410 997.4
1414420 1004.0
1414430 1004.0
1414440 1006.2
1414450 1007.9
1414460 1007.9
1414470 1012.9
1414480 1017.6
1414490 1017.6
1414500 1022.3
1414510 1028.3
1414520 1028.3
1414530 1032.9
1414540 1038.4
1414550 1038.4
1414560 1042.6
1414570 1046.6
1414580 1051.2
1414590 1051.2
1414600 1055.3
1414610 1059.0
1414620 1059.0
1414630 1062.2
1414640 1065.1
1414650 1065.1
1414660 1067.4
1414670 1069.6
1414680 1069.6
1414690 1072.1
1414700 1074.5
1414710 1074.5
1414720 1076.4
1414730 1078.5
1414740 1078.5
1414750 1081.1
1414760 1083.6
1414770 1083.6
1414780 1085.1
1414790 1086.2
1414800 1086.2
1414810 1086.7
1414820 1087.2
1414830 1087.2
1414840 1086.9
1414850 1086.6
1414860 1089.1
1414870 1088.7
1414880 1088.3
1414890 1087.8
1414900 1087.8
1414910 1087.6
1414920 1087.5
1414930 1087.5
1414940 1087.4
1414950 1086.9
1414960 1086.9
1414970 1086.9
1414980 1086.9
1414990 1086.9
1415000 1087.1
1415010 1087.5
1415020 1087.5
1415030 1088.2
1415040 1088.7
1415050 1088.7
1415060 1089.1
1415070 1089.2
1415080 1089.2
1415090 1088.5
1415100 1087.6
1415110 1087.6
1415120 1087.2
1415130 1086.7
1415140 1086.7
1415150 1086.1
1415160 1085.3
1415170 1085.3
1415180 1085.6
1415190 1085.8
1415200 1086.0
1415210 1086.0
1415220 1085.5
1415230 1084.3
1415240 1084.3
1415250 1083.5
1415260 1083.0
1415270 1083.0
1415280 1082.5
1415290 1081.6
1415300 1081.6
1415310 1080.3
1415320 1078.8
1415330 1078.8
1415340 1077.3
1415350 1076.2
1415360 1076.2
1415370 1075.1
1415380 1073.7
1415390 1073.7
1415400 1072.3
1415410 1070.7
1415420 1070.7
1415430 1069.6
1415440 1068.4
1415450 1068.4
1415460 1067.0
1415470 1065.2
1415480 1065.2
1415490 1062.7
1415500 1060.6
1415510 1057.9
1415520 1057.9
1415530 1054.0
1415540 1049.8
1415550 1049.8
1415560 1047.2
1415570 1046.5
1415580 1046.5
1415590 1044.4
1415600 1043.1
1415610 1043.1
1415620 1040.4
1415630 1036.6
1415640 1036.6
1415650 1033.8
1415660 1031.4
1415670 1031.4
1415680 1030.2
1415690 1029.2
1415700 1029.2
1415710 1028.4
1415720 1027.9
1415730 1027.9
1415740 1027.4
1415750 1026.8
1415760 1026.8
1415770 1026.0
1415780 1025.3
1415790 1025.3
1415800 1025.0
1415810 1024.5
1415820 1024.1
1415830 1024.1
1415840 1023.6
1415850 1023.2
1415860 1023.2
1415870 1022.0
1415880 1020.5
1415890 1020.5
1415900 1018.8
1415910 1018.2
1415920 1018.2
1415930 1015.0
1415940 1011.8
1415950 1011.8
1415960 1009.6
1415970 1007.8
1415980 1007.8
1415990 1006.3
1416000 1004.7
1416010 1004.7
1416020 1002.5
1416030 999.6
1416040 999.6
1416050 996.4
1416060 993.2
1416070 993.2
1416080 988.0
1416090 981.2
1416100 981.2
1416110 976.9
1416120 970.7
1416130 964.4
1416140 964.4
1416150 957.0
1416160 949.4
1416170 949.4
1416180 944.4
1416190 940.2
1416200 940.2
1416210 936.7
1416220 929.4
1416230 929.4
1416240 926.2
1416250 923.6
1416260 923.6
1416270 922.7
1416280 925.1
1416290 925.1
1416300 930.3
1416310 936.0
1416320 936.0
1416330 941.9
1416340 946.8
1416350 946.8
1416360 945.6
1416370 941.4
1416380 941.4
1416390 935.1
1416400 927.3
1416410 927.3
1416420 928.7
1416430 931.7
1416440 927.4
1416450 927.4
1416460 921.0
1416470 915.5
1416480 915.5
1416490 918.3
1416500 924.9
1416510 924.9
1416520 931.5
1416530 934.6
1416540 934.6
1416550 936.0
1416560 937.7
1416570 937.7
1416580 939.7
1416590 940.3
1416600 940.3
1416610 938.4
1416620 934.7
1416630 934.7
1416640 931.1
1416650 931.5
1416660 931.5
1416670 936.0
1416680 940.0
1416690 940.0
1416700 943.3
1416710 945.7
1416720 948.8
1416730 948.7
1416740 949.2
1416750 950.1
1416760 950.1
1416770 950.4
1416780 949.5
1416790 949.5
1416800 950.4
1416810 949.3
1416820 949.3
1416830 948.5
1416840 948.1
1416850 948.1
1416860 948.7
1416870 949.0
1416880 949.0
1416890 949.1
1416900 949.1
1416910 949.1
1416920 949.5
1416930 949.9
1416940 949.9
1416950 948.6
1416960 946.5
1416970 946.5
1416980 943.9
1416990 941.6
1417000 941.6
1417010 939.3
1417020 938.5
1417030 938.5
1417040 939.3
1417050 939.4
1417060 939.0
1417070 939.0
1417080 938.0
1417090 935.9
1417100 935.9
1417110 933.7
1417120 931.0
1417130 931.0
1417140 931.6
1417150 932.6
1417160 932.6
1417170 932.3
1417180 931.3
1417190 931.3
1417200 929.2
1417210 927.6
1417220 927.6
1417230 922.4
1417240 916.2
1417250 916.2
1417260 910.5
1417270 905.0
1417280 905.0
1417290 901.6
1417300 900.2
1417310 900.2
1417320 902.1
1417330 903.2
1417340 903.2
1417350 905.8
1417360 908.6
1417370 909.1
1417380 909.1
1417390 909.4
1417400 909.7
1417410 909.7
1417420 910.0
1417430 910.4
1417440 910.4
1417450 910.4
1417460 909.6
1417470 909.6
1417480 909.0
1417490 909.0
1417500 909.0
1417510 909.9
1417520 910.7
1417530 910.7
1417540 910.6
1417550 909.2
1417560 909.2
1417570 907.9
1417580 907.5
1417590 907.5
1417600 907.0
1417610 906.4
1417620 906.4
1417630 905.5
1417640 904.6
1417650 904.6
1417660 904.1
1417670 902.6
1417680 901.2
1417690 901.2
1417700 900.5
1417710 900.0
1417720 900.0
1417730 899.2
1417740 898.2
1417750 898.2
1417760 897.0
1417770 895.4
1417780 895.4
1417790 893.2
1417800 891.4
1417810 891.4
1417820 889.8
1417830 889.0
1417840 889.0
1417850 884.6
1417860 882.5
1417870 882.5
1417880 880.4
1417890 878.0
1417900 878.0
1417910 875.6
1417920 872.7
1417930 872.7
1417940 870.3
1417950 868.7
1417960 868.7
1417970 867.2
1417980 865.7
1417990 863.9
1418000 863.9
1418010 862.0
1418020 860.2
1418030 860.2
1418040 858.9
1418050 857.9
1418060 857.9
1418070 856.9
1418080 854.3
1418090 854.3
1418100 854.6
1418110 857.2
1418120 857.2
1418130 857.9
1418140 858.1
1418150 858.1
1418160 857.9
1418170 857.6
1418180 857.6
1418190 856.9
1418200 855.5
1418210 855.5
1418220 853.6
1418230 852.1
1418240 852.1
1418250 851.2
1418260 851.3
1418270 851.3
1418280 852.1
1418290 852.8
1418300 852.9
1418310 852.9
1418320 852.2
1418330 850.8
1418340 850.8
1418350 849.7
1418360 849.3
1418370 849.3
1418380 848.8
1418390 848.4
1418400 848.4
1418410 848.8
1418420 850.2
1418430 850.2
1418440 851.1
1418450 851.0
1418460 851.0
1418470 850.3
1418480 849.3
1418490 849.3
1418500 848.8
1418510 849.5
1418520 849.5
1418530 849.3
1418540 845.9
1418550 845.9
1418560 842.0
1418570 840.8
1418580 840.8
1418590 843.6
1418600 844.8
1418610 846.2
1418620 846.4
1418630 848.2
1418640 850.6
1418650 850.6
1418660 854.1
1418670 857.7
1418680 857.7
1418690 860.6
1418700 862.9
1418710 862.9
1418720 864.8
1418730 866.5
1418740 866.5
1418750 868.5
1418760 870.7
1418770 870.7
1418780 872.8
1418790 874.8
1418800 874.8
1418810 876.7
1418820 879.0
1418830 879.0
1418840 881.4
1418850 883.5
1418860 883.5
1418870 885.4
1418880 887.0
1418890 887.0
1418900 888.8
1418910 890.4
1418920 892.0
1418930 892.0
1418940 893.6
1418950 895.1
1418960 895.1
1418970 896.7
1418980 897.9
1418990 897.9
1419000 898.8
1419010 899.7
1419020 899.7
1419030 900.7
1419040 901.8
1419050 901.8
1419060 902.6
1419070 903.3
1419080 903.3
1419090 903.9
1419100 904.4
1419110 904.4
1419120 904.9
1419130 905.2
1419140 905.2
1419150 905.3
1419160 905.1
1419170 905.1
1419180 904.8
1419190 904.5
1419200 904.5
1419210 904.0
1419220 903.7
1419230 903.1
1419240 903.1
1419250 902.3
1419260 901.4
1419270 901.4
1419280 900.4
1419290 899.5
1419300 899.5
1419310 898.4
1419320 897.0
1419330 897.0
1419340 895.5
1419350 893.8
1419360 893.8
1419370 892.2
1419380 890.6
1419390 890.6
1419400 889.2
1419410 888.0
1419420 888.0
1419430 886.7
1419440 885.4
1419450 885.4
1419460 884.4
1419470 883.5
1419480 883.5
1419490 882.5
1419500 881.2
1419510 881.2
1419520 879.3
1419530 875.9
1419540 871.3
1419550 871.3
1419560 866.9
1419570 863.3
1419580 863.3
1419590 859.8
1419600 857.5
1419610 857.5
1419620 855.4
1419630 853.0
1419640 853.0
1419650 850.1
1419660 847.2
1419670 847.2
1419680 844.5
1419690 842.0
1419700 842.0
1419710 840.2
1419720 838.9
1419730 838.9
1419740 837.6
1419750 835.8
1419760 835.8
1419770 832.5
1419780 826.7
1419790 826.7
1419800 819.0
1419810 813.5
1419820 811.7
1419830 811.7
1419840 811.4
1419850 811.1
1419860 811.1
1419870 810.7
1419880 810.3
1419890 810.3
1419900 809.7
1419910 809.3
1419920 809.3
1419930 809.1
1419940 809.0
1419950 809.0
1419960 808.7
1419970 808.4
1419980 808.4
1419990 807.8
