1400000 1038.6
1400010 1038.6
1400020 1037.7
1400030 1037.5
1400040 1037.5
1400050 1036.9
1400060 1035.2
1400070 1035.2
1400080 1034.7
1400090 1037.3
1400100 1037.3
1400110 1039.2
1400120 1038.6
1400130 1038.6
1400140 1033.5
1400150 1028.5
1400160 1028.5
1400170 1024.1
1400180 1021.1
1400190 1021.1
1400200 1017.7
1400210 1014.5
1400220 1014.5
1400230 1012.0
1400240 1009.0
1400250 1005.2
1400260 1005.2
1400270 1001.4
1400280 997.5
1400290 997.5
1400300 995.0
1400310 992.4
1400320 992.4
1400330 989.8
1400340 986.7
1400350 986.7
1400360 983.1
1400370 980.0
1400380 980.0
1400390 975.6
1400400 973.2
1400410 973.2
1400420 970.2
1400430 966.7
1400440 966.7
1400450 963.5
1400460 960.6
1400470 960.6
1400480 957.3
1400490 953.3
1400500 953.3
1400510 949.0
1400520 945.0
1400530 945.0
1400540 941.1
1400550 937.8
1400560 936.6
1400570 936.6
1400580 933.5
1400590 929.6
1400600 929.6
1400610 928.3
1400620 927.6
1400630 927.6
1400640 926.2
1400650 924.6
1400660 924.6
1400670 923.3
1400680 922.9
1400690 922.9
1400700 922.3
1400710 921.9
1400720 921.9
1400730 921.8
1400740 922.3
1400750 922.3
1400760 927.2
1400770 933.5
1400780 933.5
1400790 939.4
1400800 945.6
1400810 945.6
1400820 948.5
1400830 949.1
1400840 949.1
1400850 951.3
1400860 953.9
1400870 953.9
1400880 957.0
1400890 959.8
1400900 962.3
1400910 962.3
1400920 965.3
1400930 968.2
1400940 968.2
1400950 972.2
1400960 977.0
1400970 977.0
1400980 980.5
1400990 980.9
1401000 980.9
1401010 981.8
1401020 980.9
1401030 980.9
1401040 979.9
1401050 979.6
1401060 979.6
1401070 979.7
1401080 979.9
1401090 979.9
1401100 980.1
1401110 980.2
1401120 980.2
1401130 980.4
1401140 980.7
1401150 980.7
1401160 981.7
1401170 982.9
1401180 982.9
1401190 983.5
1401200 984.3
1401210 985.7
1401220 985.7
1401230 986.6
1401240 987.5
1401250 987.5
1401260 988.4
1401270 989.5
1401280 989.5
1401290 990.3
1401300 991.1
1401310 991.1
1401320 992.3
1401330 993.2
1401340 993.2
1401350 993.8
1401360 995.1
1401370 995.1
1401380 996.2
1401390 997.5
1401400 997.5
1401410 998.9
1401420 1000.1
1401430 1000.1
1401440 1001.1
1401450 1001.5
1401460 1001.5
1401470 1002.3
1401480 1003.5
1401490 1003.5
1401500 1005.1
1401510 1006.6
1401520 1008.0
1401530 1008.0
1401540 1009.9
1401550 1014.5
1401560 1014.5
1401570 1021.4
1401580 1028.9
1401590 1028.9
1401600 1035.5
1401610 1041.8
1401620 1041.8
1401630 1047.7
1401640 1053.1
1401650 1053.1
1401660 1057.8
1401670 1061.7
1401680 1061.7
1401690 1066.1
1401700 1070.6
1401710 1070.6
1401720 1075.0
1401730 1079.1
1401740 1079.1
1401750 1083.6
1401760 1089.2
1401770 1089.2
1401780 1095.7
1401790 1102.2
1401800 1102.2
1401810 1109.4
1401820 1116.9
1401830 1125.0
1401840 1125.0
1401850 1133.2
1401860 1140.8
1401870 1140.8
1401880 1147.9
1401890 1154.0
1401900 1154.0
1401910 1160.1
1401920 1166.9
1401930 1166.9
1401940 1174.1
1401950 1180.1
1401960 1180.1
1401970 1188.2
1401980 1195.5
1401990 1195.5
1402000 1202.4
1402010 1208.9
1402020 1208.9
1402030 1214.1
1402040 1218.4
1402050 1218.4
1402060 1222.1
1402070 1225.5
1402080 1225.5
1402090 1229.1
1402100 1232.5
1402110 1232.5
1402120 1235.3
1402130 1236.6
1402140 1236.2
1402150 1236.2
1402160 1234.7
1402170 1232.4
1402180 1232.4
1402190 1230.4
1402200 1227.9
1402210 1227.9
1402220 1225.0
1402230 1222.6
1402240 1222.6
1402250 1221.7
1402260 1222.4
1402270 1222.4
1402280 1223.3
1402290 1222.9
1402300 1222.9
1402310 1220.4
1402320 1218.1
1402330 1218.1
1402340 1214.4
1402350 1208.9
1402360 1208.9
1402370 1203.6
1402380 1198.7
1402390 1198.7
1402400 1194.0
1402410 1188.9
1402420 1188.9
1402430 1183.3
1402440 1176.8
1402450 1171.2
1402460 1171.2
1402470 1166.1
1402480 1161.1
1402490 1161.1
1402500 1156.0
1402510 1150.4
1402520 1150.4
1402530 1145.6
1402540 1141.2
1402550 1141.2
1402560 1135.7
1402570 1130.2
1402580 1130.2
1402590 1123.9
1402600 1117.6
1402610 1117.6
1402620 1111.2
1402630 1105.2
1402640 1105.2
1402650 1100.2
1402660 1095.1
1402670 1095.1
1402680 1089.4
1402690 1083.0
1402700 1083.0
1402710 1077.0
1402720 1072.3
1402730 1072.3
1402740 1067.1
1402750 1062.3
1402760 1057.8
1402770 1057.8
1402780 1053.5
1402790 1049.3
1402800 1049.3
1402810 1045.3
1402820 1041.6
1402830 1041.6
1402840 1036.9
1402850 1031.0
1402860 1031.0
1402870 1024.9
1402880 1019.0
1402890 1019.0
1402900 1013.1
1402910 1006.9
1402920 1006.9
1402930 1001.3
1402940 996.7
1402950 996.7
1402960 991.5
1402970 985.3
1402980 985.3
1402990 978.3
1403000 971.3
1403010 971.3
1403020 963.5
1403030 958.9
1403040 958.9
1403050 955.6
1403060 957.0
1403070 963.7
1403080 963.7
1403090 971.8
1403100 978.2
1403110 978.2
1403120 983.1
1403130 985.7
1403140 985.7
1403150 987.9
1403160 990.1
1403170 990.1
1403180 993.4
1403190 998.2
1403200 998.2
1403210 1003.8
1403220 1009.8
1403230 1009.8
1403240 1016.6
1403250 1023.4
1403260 1023.4
1403270 1029.3
1403280 1034.4
1403290 1034.4
1403300 1036.2
1403310 1037.1
1403320 1037.1
1403330 1038.0
1403340 1039.1
1403350 1039.1
1403360 1040.4
1403370 1042.3
1403380 1046.5
1403390 1046.5
1403400 1050.0
1403410 1052.7
1403420 1052.7
1403430 1056.2
1403440 1059.3
1403450 1059.3
1403460 1062.8
1403470 1066.2
1403480 1066.2
1403490 1069.9
1403500 1074.4
1403510 1074.4
1403520 1078.8
1403530 1082.5
1403540 1082.5
1403550 1087.4
1403560 1093.4
1403570 1093.4
1403580 1098.7
1403590 1103.4
1403600 1103.4
1403610 1107.7
1403620 1111.5
1403630 1111.5
1403640 1115.1
1403650 1120.0
1403660 1120.0
1403670 1124.7
1403680 1128.5
1403690 1131.8
1403700 1131.8
1403710 1135.2
1403720 1138.7
1403730 1138.7
1403740 1141.3
1403750 1142.8
1403760 1142.8
1403770 1144.0
1403780 1146.6
1403790 1146.6
1403800 1150.0
1403810 1154.3
1403820 1154.3
1403830 1158.4
1403840 1162.6
1403850 1162.6
1403860 1166.3
1403870 1169.8
1403880 1169.8
1403890 1173.8
1403900 1177.9
1403910 1177.9
1403920 1181.2
1403930 1183.6
1403940 1183.6
1403950 1185.6
1403960 1187.6
1403970 1187.6
1403980 1188.5
1403990 1189.3
1404000 1191.9
1404010 1191.9
1404020 1194.2
1404030 1195.5
1404040 1195.5
1404050 1196.1
1404060 1194.7
1404070 1194.7
1404080 1192.5
1404090 1190.5
1404100 1190.5
1404110 1188.2
1404120 1186.1
1404130 1186.1
1404140 1184.5
1404150 1181.6
1404160 1181.6
1404170 1179.7
1404180 1177.9
1404190 1177.9
1404200 1176.7
1404210 1174.7
1404220 1174.7
1404230 1172.6
1404240 1173.6
1404250 1173.6
1404260 1173.7
1404270 1171.3
1404280 1171.3
1404290 1168.0
1404300 1167.0
1404310 1163.1
1404320 1163.1
1404330 1160.2
1404340 1161.3
1404350 1161.3
1404360 1158.3
1404370 1159.2
1404380 1159.2
1404390 1158.9
1404400 1156.2
1404410 1156.2
1404420 1150.4
1404430 1149.5
1404440 1149.5
1404450 1147.0
1404460 1144.0
1404470 1144.0
1404480 1143.1
1404490 1142.9
1404500 1142.9
1404510 1143.2
1404520 1143.2
1404530 1143.2
1404540 1144.7
1404550 1147.9
1404560 1147.9
1404570 1149.5
1404580 1151.0
1404590 1151.0
1404600 1152.5
1404610 1153.7
1404620 1153.7
1404630 1153.1
1404640 1152.1
1404650 1151.3
1404660 1151.3
1404670 1150.4
1404680 1150.8
1404690 1150.8
1404700 1154.6
1404710 1163.5
1404720 1163.5
1404730 1172.9
1404740 1179.8
1404750 1179.8
1404760 1186.0
1404770 1191.3
1404780 1191.3
1404790 1196.8
1404800 1201.8
1404810 1201.8
1404820 1206.7
1404830 1211.7
1404840 1211.7
1404850 1215.9
1404860 1220.3
1404870 1220.3
1404880 1226.4
1404890 1232.4
1404900 1232.4
1404910 1237.6
1404920 1242.5
1404930 1242.5
1404940 1247.4
1404950 1253.1
1404960 1258.3
1404970 1258.3
1404980 1263.1
1404990 1268.0
1405000 1268.0
1405010 1273.0
1405020 1277.0
1405030 1277.0
1405040 1281.3
1405050 1286.5
1405060 1286.5
1405070 1292.5
1405080 1297.1
1405090 1297.1
1405100 1301.5
1405110 1306.4
1405120 1306.4
1405130 1311.6
1405140 1317.4
1405150 1317.4
1405160 1322.9
1405170 1328.6
1405180 1328.6
1405190 1333.9
1405200 1339.2
1405210 1339.2
1405220 1344.7
1405230 1350.2
1405240 1350.2
1405250 1356.0
1405260 1362.0
1405270 1367.9
1405280 1367.9
1405290 1374.2
1405300 1380.7
1405310 1380.7
1405320 1388.3
1405330 1399.3
1405340 1399.3
1405350 1413.1
1405360 1422.8
1405370 1422.8
1405380 1430.8
1405390 1437.6
1405400 1437.6
1405410 1444.4
1405420 1451.9
1405430 1451.9
1405440 1459.6
1405450 1467.9
1405460 1467.9
1405470 1477.8
1405480 1487.6
1405490 1487.6
1405500 1496.3
1405510 1504.2
1405520 1504.2
1405530 1512.7
1405540 1520.7
1405550 1520.7
1405560 1523.9
1405570 1526.4
1405580 1529.8
1405590 1529.8
1405600 1533.2
1405610 1535.2
1405620 1535.2
1405630 1537.5
1405640 1538.8
1405650 1538.8
1405660 1540.5
1405670 1541.7
1405680 1541.7
1405690 1539.6
1405700 1537.9
1405710 1537.9
1405720 1536.3
1405730 1535.1
1405740 1535.1
1405750 1535.0
1405760 1534.8
1405770 1534.8
1405780 1534.7
1405790 1534.3
1405800 1534.3
1405810 1533.8
1405820 1534.8
1405830 1534.8
1405840 1535.5
1405850 1534.0
1405860 1534.0
1405870 1533.4
1405880 1532.6
1405890 1530.7
1405900 1530.7
1405910 1527.2
1405920 1521.8
1405930 1521.8
1405940 1515.5
1405950 1508.5
1405960 1508.5
1405970 1508.0
1405980 1507.5
1405990 1507.5
1406000 1505.1
1406010 1503.5
1406020 1503.5
1406030 1501.6
1406040 1500.5
1406050 1500.5
1406060 1499.2
1406070 1497.4
1406080 1497.4
1406090 1495.9
1406100 1495.1
1406110 1495.1
1406120 1493.2
1406130 1489.8
1406140 1489.8
1406150 1487.5
1406160 1487.8
1406170 1487.8
1406180 1485.1
1406190 1478.4
1406200 1478.6
1406210 1478.6
1406220 1477.2
1406230 1475.9
1406240 1475.9
1406250 1475.9
1406260 1478.2
1406270 1478.2
1406280 1473.9
1406290 1467.4
1406300 1467.4
1406310 1464.8
1406320 1463.6
1406330 1463.6
1406340 1463.6
1406350 1463.2
1406360 1463.2
1406370 1460.8
1406380 1457.0
1406390 1457.0
1406400 1453.5
1406410 1448.0
1406420 1448.0
1406430 1439.6
1406440 1427.4
1406450 1427.4
1406460 1417.8
1406470 1408.2
1406480 1408.2
1406490 1407.8
1406500 1406.1
1406510 1400.4
1406520 1400.4
1406530 1392.9
1406540 1387.2
1406550 1387.2
1406560 1380.8
1406570 1378.3
1406580 1378.3
1406590 1382.3
1406600 1378.9
1406610 1378.9
1406620 1374.3
1406630 1370.2
1406640 1370.2
1406650 1367.7
1406660 1364.9
1406670 1364.9
1406680 1362.1
1406690 1358.5
1406700 1366.1
1406710 1364.0
1406720 1363.2
1406730 1363.2
1406740 1361.1
1406750 1358.9
1406760 1358.9
1406770 1359.1
1406780 1362.1
1406790 1362.1
1406800 1362.7
1406810 1362.4
1406820 1363.9
1406830 1363.9
1406840 1366.2
1406850 1367.4
1406860 1367.4
1406880 1371.6
1406890 1371.6
1406900 1373.3
1406910 1376.1
1406920 1376.1
1406930 1378.1
1406940 1380.1
1406950 1380.1
1406960 1380.3
1406970 1377.4
1406980 1377.4
1406990 1377.0
1407000 1376.0
1407010 1376.0
1407020 1376.6
1407030 1378.4
1407040 1378.4
1407050 1379.7
1407060 1379.8
1407070 1379.8
1407080 1377.6
1407090 1372.7
1407100 1372.7
1407110 1369.1
1407120 1363.1
1407130 1362.4
1407140 1362.4
1407150 1365.2
1407160 1368.0
1407170 1368.0
1407180 1369.1
1407190 1369.3
1407200 1369.3
1407210 1371.0
1407220 1373.8
1407230 1373.8
1407240 1375.7
1407250 1377.4
1407260 1377.4
1407270 1377.7
1407280 1376.8
1407290 1376.8
1407300 1374.2
1407310 1371.3
1407320 1371.3
1407330 1369.5
1407340 1368.5
1407350 1368.5
1407360 1367.0
1407370 1364.4
1407380 1364.4
1407390 1360.0
1407400 1358.0
1407410 1358.0
1407420 1356.8
1407430 1352.7
1407440 1355.2
1407450 1355.2
1407460 1357.1
1407470 1356.7
1407480 1356.7
1407490 1355.2
1407500 1355.2
1407510 1355.2
1407520 1355.9
1407530 1356.8
1407540 1356.8
1407550 1359.5
1407560 1364.7
1407570 1364.7
1407580 1372.1
1407590 1378.3
1407600 1378.3
1407610 1379.0
1407620 1378.7
1407630 1378.7
1407640 1379.8
1407650 1380.9
1407660 1380.9
1407670 1383.6
1407680 1387.2
1407690 1387.2
1407700 1389.7
1407710 1390.2
1407720 1390.2
1407730 1388.5
1407740 1387.2
1407750 1385.6
1407760 1385.6
1407770 1384.4
1407780 1383.5
1407790 1383.5
1407800 1381.3
1407810 1378.4
1407820 1378.4
1407830 1375.1
1407840 1371.8
1407850 1371.8
1407860 1368.4
1407870 1365.5
1407880 1365.5
1407890 1363.2
1407900 1361.5
1407910 1361.5
1407920 1360.1
1407930 1358.9
1407940 1358.9
1407950 1358.3
1407960 1357.8
1407970 1357.8
1407980 1357.3
1407990 1356.7
1408000 1356.7
1408010 1356.0
1408020 1355.3
1408030 1355.3
1408040 1354.3
1408050 1353.1
1408060 1351.7
1408070 1351.7
1408080 1349.8
1408090 1347.3
1408100 1347.3
1408110 1344.6
1408120 1340.9
1408130 1340.9
1408140 1336.5
1408150 1332.0
1408160 1332.0
1408170 1328.4
1408180 1325.7
1408190 1325.7
1408200 1323.0
1408210 1320.2
1408220 1320.2
1408230 1317.2
1408240 1314.7
1408250 1314.7
1408260 1316.7
1408270 1318.6
1408280 1318.6
1408290 1315.3
1408300 1312.3
1408310 1312.3
1408320 1313.0
1408330 1318.3
1408340 1318.3
1408350 1319.5
1408360 1318.5
1408370 1314.5
1408380 1314.5
1408390 1310.3
1408400 1303.4
1408410 1303.4
1408420 1301.2
1408430 1297.0
1408440 1297.0
1408450 1295.7
1408460 1305.2
1408470 1305.2
1408480 1310.5
1408490 1310.8
1408500 1310.8
1408510 1312.6
1408520 1312.1
1408530 1312.1
1408540 1310.7
1408550 1308.1
1408560 1308.1
1408570 1305.5
1408580 1305.8
1408590 1305.8
1408600 1305.6
1408610 1307.8
1408620 1307.8
1408630 1309.7
1408640 1310.3
1408650 1310.3
1408660 1311.3
1408670 1312.5
1408680 1312.5
1408690 1312.7
1408700 1311.5
1408710 1311.7
1408720 1311.7
1408730 1312.4
1408740 1311.2
1408750 1311.2
1408760 1312.0
1408770 1317.9
1408780 1317.9
1408790 1323.9
1408800 1329.0
1408810 1329.0
1408820 1329.6
1408830 1328.4
1408840 1328.4
1408850 1330.0
1408860 1329.5
1408870 1329.5
1408880 1333.6
1408890 1334.5
1408900 1334.5
1408910 1337.0
1408920 1339.6
1408930 1339.6
1408940 1342.2
1408950 1344.6
1408960 1344.6
1408970 1347.6
1408980 1350.7
1408990 1350.7
1409000 1353.7
1409010 1356.8
1409020 1359.6
1409030 1359.6
1409040 1362.1
1409050 1364.0
1409060 1364.0
1409070 1364.7
1409080 1365.5
1409090 1365.5
1409100 1366.2
1409110 1366.8
1409120 1366.8
1409130 1367.2
1409140 1367.2
1409150 1367.2
1409160 1366.9
1409170 1366.7
1409180 1366.7
1409190 1366.3
1409200 1365.9
1409210 1365.9
1409220 1365.5
1409230 1365.1
1409240 1365.1
1409250 1364.9
1409260 1364.5
1409270 1364.5
1409280 1364.2
1409290 1363.4
1409300 1363.4
1409310 1362.9
1409320 1361.1
1409330 1356.8
1409340 1356.8
1409350 1354.5
1409360 1353.5
1409370 1353.5
1409380 1358.9
1409390 1360.5
1409400 1360.5
1409410 1358.8
1409420 1357.7
1409430 1357.7
1409440 1359.9
1409450 1362.7
1409460 1362.7
1409470 1364.4
1409480 1365.5
1409490 1365.5
1409500 1366.3
1409510 1367.0
1409520 1367.0
1409530 1367.7
1409540 1368.4
1409550 1368.4
1409560 1368.7
1409570 1367.5
1409580 1367.5
1409590 1364.6
1409600 1360.6
1409610 1360.6
1409620 1356.0
1409630 1354.4
1409640 1360.6
1409650 1360.6
1409660 1362.1
1409670 1362.5
1409680 1362.5
1409690 1363.2
1409700 1363.6
1409710 1363.6
1409720 1364.0
1409730 1364.1
1409740 1364.1
1409750 1363.8
1409760 1363.1
1409770 1363.1
1409780 1362.8
1409790 1362.0
1409800 1362.0
1409810 1361.6
1409820 1361.3
1409830 1361.3
1409840 1360.6
1409850 1360.8
1409860 1360.8
1409870 1360.3
1409880 1357.5
1409890 1357.5
1409900 1353.5
1409910 1354.6
1409920 1354.6
1409930 1356.2
1409940 1356.4
1409950 1356.6
1409960 1356.6
1409970 1355.6
1409980 1356.3
1409990 1356.3
1410000 1357.7
1410010 1357.1
1410020 1357.1
1410030 1355.9
1410040 1354.4
1410050 1359.7
1410060 1358.3
1410070 1356.8
1410080 1356.8
1410090 1355.6
1410100 1354.4
1410110 1354.4
1410120 1352.5
1410130 1350.5
1410140 1350.5
1410150 1347.7
1410160 1345.5
1410170 1345.5
1410180 1343.9
1410190 1342.6
1410200 1342.6
1410210 1341.0
1410220 1338.5
1410230 1338.5
1410240 1335.9
1410250 1331.1
1410260 1325.8
1410270 1325.8
1410280 1322.3
1410290 1315.0
1410300 1315.0
1410310 1308.0
1410320 1301.7
1410330 1301.7
1410340 1296.4
1410350 1290.2
1410360 1290.2
1410370 1284.4
1410380 1282.2
1410390 1282.2
1410400 1281.3
1410410 1278.4
1410420 1278.4
1410430 1275.3
1410440 1263.7
1410450 1263.7
1410460 1257.0
1410470 1259.0
1410480 1259.0
1410490 1258.9
1410500 1261.9
1410510 1261.9
1410520 1265.2
1410530 1266.6
1410540 1266.6
1410550 1270.5
1410560 1276.9
1410570 1279.0
1410580 1279.0
1410590 1279.5
1410600 1285.6
1410610 1285.6
1410620 1287.5
1410630 1286.9
1410640 1286.9
1410650 1292.8
1410660 1296.0
1410670 1296.0
1410680 1301.6
1410690 1303.2
1410700 1303.2
1410710 1300.6
1410720 1299.3
1410730 1299.3
1410740 1299.4
1410750 1297.0
1410760 1297.0
1410770 1288.8
1410780 1285.0
1410790 1285.0
1410800 1291.2
1410810 1290.0
1410820 1290.0
1410830 1282.2
1410840 1273.9
1410850 1273.9
1410860 1273.8
1410870 1277.8
1410880 1280.0
1410890 1280.0
1410900 1280.2
1410910 1280.4
1410920 1280.4
1410930 1279.8
1410940 1278.3
1410950 1278.3
1410960 1276.7
1410970 1275.3
1410980 1275.3
1410990 1273.9
1411000 1272.4
1411010 1272.4
1411020 1272.2
1411030 1270.7
1411040 1270.7
1411050 1269.1
1411060 1267.9
1411070 1267.9
1411080 1267.5
1411090 1267.1
1411100 1267.1
1411110 1266.2
1411120 1266.6
1411130 1266.6
1411140 1265.6
1411150 1264.8
1411160 1264.8
1411170 1264.0
1411180 1262.0
1411190 1258.2
1411200 1258.2
1411210 1258.5
1411220 1257.8
1411230 1257.8
1411240 1255.7
1411250 1254.2
1411260 1254.2
1411270 1252.3
1411280 1252.5
1411290 1252.5
1411300 1252.4
1411310 1250.5
1411320 1250.5
1411330 1249.4
1411340 1248.7
1411350 1248.7
1411360 1246.7
1411370 1244.3
1411380 1244.3
1411390 1243.1
1411400 1243.2
1411410 1243.2
1411420 1242.1
1411430 1240.2
1411440 1240.2
1411450 1237.3
1411460 1234.9
1411470 1234.9
1411480 1232.8
1411490 1227.8
1411500 1224.2
1411510 1224.2
1411520 1222.4
1411530 1219.0
1411540 1219.0
1411550 1214.5
1411560 1208.8
1411570 1208.8
1411580 1205.6
1411590 1203.0
1411600 1203.0
1411610 1199.2
1411620 1196.9
1411630 1196.9
1411640 1195.0
1411650 1192.8
1411660 1192.8
1411670 1190.2
1411680 1187.2
1411690 1187.2
1411700 1183.9
1411710 1181.3
1411720 1181.3
1411730 1177.5
1411740 1174.4
1411750 1174.4
1411760 1174.6
1411770 1171.8
1411780 1171.8
1411790 1173.5
1411800 1169.7
1411810 1164.9
1411820 1164.9
1411830 1160.7
1411840 1156.3
1411850 1156.3
1411860 1153.1
1411870 1151.0
1411880 1151.0
1411890 1149.7
1411900 1148.0
1411910 1148.0
1411920 1145.2
1411930 1140.7
1411940 1140.7
1411950 1135.4
1411960 1129.8
1411970 1129.8
1411980 1123.8
1411990 1116.9
1412000 1116.9
1412010 1108.6
1412020 1100.8
1412030 1100.8
1412040 1093.8
1412050 1095.8
1412060 1095.8
1412070 1101.3
1412080 1106.3
1412090 1106.3
1412100 1104.8
1412110 1097.7
1412120 1089.2
1412130 1089.2
1412140 1081.5
1412150 1072.0
1412160 1072.0
1412170 1065.5
1412180 1070.6
1412190 1070.6
1412200 1077.8
1412210 1086.4
1412220 1086.4
1412230 1095.6
1412240 1104.2
1412250 1104.2
1412260 1103.9
1412270 1101.6
1412280 1101.6
1412290 1099.2
1412300 1097.6
1412310 1097.6
1412320 1096.0
1412330 1094.5
1412340 1094.5
1412350 1093.7
1412360 1093.0
1412370 1093.0
1412380 1092.4
1412390 1092.0
1412400 1092.0
1412410 1090.6
1412420 1090.0
1412430 1087.9
1412440 1087.9
1412450 1082.6
1412460 1080.5
1412470 1080.5
1412480 1083.9
1412490 1083.6
1412500 1083.6
1412510 1080.2
1412520 1081.2
1412530 1081.2
1412540 1082.3
1412550 1081.7
1412560 1081.7
1412570 1080.4
1412580 1078.9
1412590 1078.9
1412600 1076.9
1412610 1074.8
1412620 1074.8
1412630 1072.1
1412640 1069.7
1412650 1069.7
1412660 1067.6
1412670 1066.0
1412680 1066.0
1412690 1064.7
1412700 1061.3
1412710 1061.3
1412720 1060.3
1412730 1058.9
1412740 1056.5
1412750 1056.5
1412760 1053.6
1412770 1050.4
1412780 1050.4
1412790 1047.9
1412800 1045.5
1412810 1045.5
1412820 1042.6
1412830 1040.2
1412840 1040.2
1412850 1038.2
1412860 1035.8
1412870 1035.8
1412880 1034.4
1412890 1033.5
1412900 1033.5
1412910 1032.0
1412920 1029.7
1412930 1029.7
1412940 1027.5
1412950 1026.3
1412960 1026.3
1412970 1023.7
1412980 1020.8
1412990 1020.8
1413000 1017.7
1413010 1014.8
1413020 1014.8
1413030 1011.8
1413040 1008.0
1413050 1008.0
1413060 1005.5
1413070 1001.5
1413080 997.2
1413090 997.2
1413100 995.2
1413110 994.4
1413120 994.4
1413130 992.3
1413140 989.7
1413150 989.7
1413160 987.2
1413170 983.2
1413180 983.2
1413190 980.1
1413200 979.6
1413210 979.6
1413220 978.9
1413230 977.3
1413240 977.3
1413250 972.3
1413260 965.3
1413270 965.3
1413280 955.4
1413290 952.8
1413300 952.8
1413310 961.5
1413320 963.6
1413330 963.6
1413340 963.1
1413350 961.2
1413360 961.2
1413370 961.4
1413380 960.5
1413390 959.1
1413400 959.1
1413410 957.9
1413420 956.5
1413430 956.5
1413440 954.0
1413450 950.8
1413460 950.8
1413470 947.4
1413480 943.4
1413490 943.4
1413500 938.4
1413510 934.2
1413520 934.2
1413530 929.1
1413540 924.5
1413550 924.5
1413560 923.5
1413570 919.9
1413580 919.9
1413590 917.6
1413600 917.0
1413610 917.0
1413620 915.1
1413630 912.1
1413640 912.1
1413650 910.9
1413660 910.7
1413670 910.7
1413680 909.6
1413690 908.4
1413700 907.1
1413710 907.1
1413720 905.9
1413730 905.0
1413740 905.0
1413750 902.2
1413760 894.2
1413770 894.2
1413780 888.7
1413790 884.9
1413800 884.9
1413810 880.9
1413820 877.1
1413830 877.1
1413840 874.1
1413850 871.2
1413860 871.2
1413870 869.5
1413880 868.0
1413890 868.0
1413900 866.3
1413910 864.8
1413920 864.8
1413930 864.3
1413940 863.9
1413950 863.9
1413960 862.2
1413970 861.2
1413980 861.2
1413990 858.5
1414000 860.8
1414010 864.5
1414020 864.5
1414030 868.7
1414040 872.7
1414050 872.7
1414060 874.0
1414070 874.9
1414080 874.9
1414090 875.3
1414100 875.0
1414110 875.0
1414120 875.1
1414130 875.1
1414140 875.1
1414150 875.0
1414160 874.7
1414170 874.7
1414180 874.4
1414190 874.1
1414200 874.1
1414210 873.9
1414220 873.7
1414230 873.7
1414240 873.9
1414250 874.1
1414260 874.1
1414270 874.4
1414280 874.7
1414290 874.7
1414300 874.6
1414310 873.7
1414320 873.3
1414330 873.3
1414340 873.4
1414350 873.2
1414360 873.2
1414370 871.1
1414380 869.6
1414390 869.6
1414400 869.5
1414410 867.5
1414420 867.5
1414430 865.5
1414440 863.9
1414450 863.9
1414460 862.7
1414470 861.9
1414480 861.9
1414490 860.7
1414500 859.4
1414510 859.4
1414520 859.4
1414530 859.6
1414540 859.6
1414550 860.5
1414560 861.8
1414570 861.8
1414580 863.9
1414590 867.3
1414600 867.3
1414610 868.8
1414620 869.6
1414630 870.7
1414640 870.7
1414650 871.1
1414660 871.1
1414670 871.1
1414680 871.4
1414690 871.5
1414700 871.5
1414710 871.5
1414720 872.6
1414730 872.6
1414740 872.7
1414750 872.4
1414760 872.4
1414770 872.4
1414780 872.7
1414790 872.7
1414800 873.3
1414810 873.7
1414820 873.7
1414830 873.8
1414840 874.0
1414850 874.0
1414860 874.6
1414870 874.3
1414880 874.3
1414890 872.8
1414900 868.1
1414910 868.1
1414920 864.1
1414930 860.0
1414940 856.9
1414950 856.9
1414960 854.3
1414970 851.2
1414980 851.2
1414990 849.0
1415000 846.4
1415010 846.4
1415020 845.2
1415030 844.5
1415040 844.5
1415050 844.1
1415060 843.8
1415070 843.8
1415080 843.5
1415090 843.3
1415100 843.3
1415110 843.1
1415120 842.8
1415130 842.8
1415140 842.7
1415150 842.5
1415160 842.5
1415170 842.1
1415180 841.7
1415190 841.7
1415200 841.5
1415210 841.2
1415220 841.2
1415230 841.0
1415240 840.8
1415250 840.7
1415260 840.7
1415270 840.5
1415280 840.5
1415290 840.5
1415300 840.3
1415310 840.0
1415320 840.0
1415330 839.9
1415340 839.7
1415350 839.7
1415360 839.6
1415370 839.6
1415380 839.6
1415390 839.6
1415400 839.6
1415410 839.6
1415420 839.0
1415430 839.4
1415440 839.4
1415450 839.4
1415460 839.1
1415470 839.1
1415480 838.7
1415490 838.3
1415500 838.3
1415510 838.2
1415520 838.0
1415530 838.0
1415540 837.8
1415550 837.5
1415560 837.3
1415570 837.3
1415580 837.2
1415590 837.0
1415600 837.0
1415610 836.7
1415620 836.6
1415630 836.6
1415640 836.7
1415650 836.8
1415660 836.8
1415670 836.5
1415680 836.0
1415690 836.0
1415700 835.0
1415710 833.4
1415720 833.4
1415730 833.2
1415740 835.1
1415750 835.1
1415760 835.5
1415770 835.3
1415780 835.3
1415790 835.2
1415800 835.0
1415810 835.0
1415820 834.8
1415830 834.7
1415840 834.7
1415850 834.7
1415860 834.5
1415870 834.3
1415880 834.3
1415890 834.1
1415900 834.0
1415910 834.0
1415920 834.0
1415930 833.9
1415940 833.9
1415950 833.8
1415960 834.0
1415970 834.0
1415980 834.3
1415990 834.3
1416000 834.3
1416010 834.6
1416020 835.5
1416030 835.5
1416040 836.6
1416050 838.3
1416060 838.3
1416070 839.9
1416080 841.2
1416090 841.2
1416100 841.8
1416110 842.3
1416120 842.3
1416130 842.9
1416140 843.5
1416150 843.5
1416160 843.9
1416170 844.2
1416180 844.2
1416190 844.2
1416200 844.4
1416210 844.4
1416220 844.4
1416230 844.1
1416240 843.9
1416250 843.9
1416260 843.5
1416270 843.2
1416280 843.2
1416290 843.3
1416300 843.3
1416310 843.3
1416320 843.2
1416330 843.2
1416340 843.2
1416350 843.3
1416360 842.8
1416370 842.8
1416380 842.4
1416390 843.1
1416400 843.1
1416410 842.9
1416420 842.8
1416430 842.8
1416440 842.4
1416450 841.8
1416460 841.8
1416470 841.2
1416480 840.1
1416490 839.5
1416500 839.5
1416510 837.7
1416520 837.0
1416530 837.0
1416540 837.2
1416550 838.1
1416560 838.1
1416570 837.9
1416580 837.1
1416590 837.1
1416600 836.0
1416610 832.1
1416620 832.1
1416630 826.8
1416640 827.6
1416650 827.6
1416660 827.1
1416670 826.5
1416680 826.5
1416690 826.9
1416700 826.6
1416710 826.6
1416720 825.6
1416730 823.3
1416740 823.3
1416750 821.6
1416760 821.0
1416770 821.0
1416780 820.6
1416790 819.9
1416800 819.9
1416810 818.7
1416820 818.0
1416830 818.0
1416840 818.0
1416850 816.9
1416860 815.8
1416870 815.8
1416880 816.9
1416890 816.7
1416900 816.7
1416910 816.5
1416920 816.2
1416930 816.2
1416940 816.3
1416950 816.4
1416960 816.4
1416970 816.4
1416980 816.4
1416990 816.4
1417000 816.3
1417010 816.3
1417020 816.3
1417030 816.0
1417040 815.6
1417050 815.6
1417060 815.3
1417070 815.0
1417080 815.0
1417090 814.9
1417100 815.1
1417110 815.1
1417120 815.1
1417130 814.6
1417140 814.0
1417150 814.0
1417160 813.9
1417170 813.7
1417180 813.7
1417190 813.5
1417200 813.3
1417210 813.3
1417220 812.8
1417230 811.7
1417240 811.7
1417250 812.6
1417260 811.2
1417270 811.2
1417280 811.1
1417290 811.7
1417300 811.7
1417310 811.8
1417320 812.0
1417330 812.0
1417340 812.0
1417350 812.0
1417360 812.0
1417370 811.8
1417380 811.4
1417390 811.4
1417400 810.7
1417410 810.0
1417420 810.0
1417430 809.2
1417440 808.7
1417450 808.6
1417460 808.6
1417470 808.6
1417480 809.0
1417490 809.0
1417500 808.6
1417510 808.0
1417520 808.0
1417530 807.8
1417540 808.3
1417550 808.3
1417560 808.9
1417570 809.0
1417580 809.0
1417590 808.9
1417600 808.8
1417610 808.8
1417620 808.5
1417630 808.4
1417640 808.4
1417650 808.1
1417660 807.9
1417670 807.9
1417680 807.5
1417690 807.1
1417700 807.1
1417710 806.9
1417720 806.4
1417730 806.4
1417740 806.1
1417750 805.4
1417760 805.3
1417770 805.3
1417780 805.4
1417790 805.5
1417800 805.5
1417810 805.5
1417820 805.4
1417830 805.4
1417840 804.1
1417850 803.0
1417860 803.0
1417870 803.8
1417880 803.5
1417890 803.5
1417900 802.9
1417910 802.4
1417920 802.4
1417930 801.9
1417940 801.3
1417950 801.3
1417960 800.9
1417970 800.4
1417980 800.4
1417990 800.2
1418000 800.2
1418010 800.2
1418020 800.2
1418030 800.6
1418040 800.6
1418050 800.7
1418060 800.9
1418070 800.5
1418080 800.5
1418090 800.5
1418100 800.5
1418110 800.5
1418120 800.8
1418130 801.0
1418140 801.0
1418150 800.4
1418160 800.3
1418170 800.3
1418180 800.3
1418190 800.3
1418200 800.3
1418210 800.3
1418220 800.4
1418230 800.4
1418240 800.4
1418250 800.5
1418260 800.5
1418270 800.5
1418280 800.5
1418290 800.5
1418300 800.3
1418310 800.0
1418320 800.0
1418330 799.8
1418340 799.6
1418350 799.6
1418360 799.3
1418370 799.2
1418380 799.1
1418390 799.1
1418400 799.0
1418410 798.7
1418420 798.7
1418430 798.2
1418440 797.1
1418450 797.1
1418460 796.0
1418470 795.5
1418480 795.5
1418490 796.3
1418500 797.8
1418510 797.8
1418520 798.6
1418530 798.6
1418540 798.6
1418550 798.6
1418560 798.5
1418570 798.5
1418580 798.4
1418590 798.2
1418600 798.2
1418610 797.9
1418620 797.2
1418630 797.2
1418640 796.9
1418650 796.7
1418660 796.7
1418670 796.6
1418680 796.5
1418690 796.2
1418700 796.2
1418710 796.2
1418720 796.0
1418730 796.0
1418740 795.6
1418750 795.6
1418760 795.6
1418770 795.6
1418780 795.2
1418790 795.2
1418800 795.1
1418810 796.0
1418820 796.0
1418830 797.1
1418840 797.7
1418850 797.7
1418860 798.2
1418870 802.0
1418880 802.0
1418890 808.3
1418900 811.3
1418910 811.3
1418920 811.9
1418930 811.6
1418940 811.6
1418950 810.9
1418960 807.0
1418970 807.0
1418980 801.3
1418990 796.6
1419000 794.7
1419010 794.7
1419020 793.5
1419030 793.2
1419040 793.2
1419050 793.1
1419060 792.6
1419070 792.6
1419080 792.3
1419090 792.6
1419100 792.6
1419110 793.0
1419120 793.1
1419130 793.1
1419140 793.2
1419150 792.8
1419160 792.8
1419170 792.1
1419180 791.2
1419190 791.2
1419200 791.1
1419210 791.0
1419220 791.0
1419230 791.0
1419240 790.9
1419250 790.9
1419260 790.7
1419270 790.7
1419280 790.7
1419290 791.2
1419300 792.2
1419310 798.8
1419320 798.8
1419330 810.3
1419340 817.7
1419350 817.7
1419360 818.8
1419370 820.0
1419380 820.0
1419390 818.6
1419400 816.2
1419410 816.2
1419420 811.8
1419430 805.7
1419440 805.7
1419450 801.5
1419460 797.8
1419470 797.8
1419480 794.7
1419490 792.6
1419500 792.6
1419510 791.0
1419520 790.0
1419530 790.0
1419540 789.8
1419550 789.5
1419560 789.5
1419570 789.1
1419580 788.9
1419590 788.9
1419600 788.9
1419610 788.6
1419620 787.7
1419630 787.7
1419640 787.2
1419650 786.9
1419660 786.9
1419670 786.7
1419680 786.6
1419690 786.6
1419700 786.3
1419710 785.6
1419720 785.6
1419730 785.3
1419740 784.6
1419750 784.6
1419760 784.1
1419770 784.1
1419780 784.1
1419790 783.9
1419800 783.7
1419810 783.7
1419820 783.6
1419830 783.8
1419840 783.8
1419850 783.6
1419860 783.6
1419870 783.6
1419880 783.5
1419890 782.8
1419900 782.8
1419910 782.6
1419920 782.4
1419930 782.3
1419940 782.3
1419950 782.2
1419960 782.1
1419970 782.1
1419980 782.0
1419990 782.0
