1400000 1034.8
1400010 1034.8
1400020 1032.5
1400030 1030.0
1400040 1030.0
1400050 1026.9
1400060 1023.7
1400070 1023.7
1400080 1022.1
1400090 1021.2
1400100 1021.2
1400110 1019.0
1400120 1016.1
1400130 1016.1
1400140 1013.5
1400150 1010.9
1400160 1010.9
1400170 1007.9
1400180 1004.4
1400190 1004.4
1400200 1000.2
1400210 995.7
1400220 995.7
1400230 991.4
1400240 987.7
1400250 987.7
1400260 984.1
1400270 981.5
1400280 981.5
1400290 979.9
1400300 979.1
1400310 979.1
1400320 977.1
1400330 973.7
1400340 969.9
1400350 969.9
1400360 966.2
1400370 965.1
1400380 965.1
1400390 963.4
1400400 960.1
1400410 960.1
1400420 958.2
1400430 957.6
1400440 957.6
1400450 959.0
1400460 960.7
1400470 960.7
1400480 961.5
1400490 961.7
1400500 961.7
1400510 960.6
1400520 958.8
1400530 958.8
1400540 956.8
1400550 956.7
1400560 956.7
1400570 956.8
1400580 955.1
1400590 955.1
1400600 952.4
1400610 951.4
1400620 951.4
1400630 949.9
1400640 948.4
1400650 946.4
1400660 946.4
1400670 944.6
1400680 942.4
1400690 942.4
1400700 944.6
1400710 940.7
1400720 940.7
1400730 937.2
1400740 935.7
1400750 935.7
1400760 935.5
1400770 934.2
1400780 934.2
1400790 931.6
1400800 929.5
1400810 929.5
1400820 927.4
1400830 925.7
1400840 925.7
1400850 924.0
1400860 922.7
1400870 922.7
1400880 924.3
1400890 924.4
1400900 924.4
1400910 922.1
1400920 919.2
1400930 919.2
1400940 916.3
1400950 909.2
1400960 902.8
1400970 902.8
1400980 900.0
1400990 898.4
1401000 898.4
1401010 896.0
1401020 894.3
1401030 894.3
1401040 890.8
1401050 888.2
1401060 888.2
1401070 884.3
1401080 880.0
1401090 880.0
1401100 878.1
1401110 876.7
1401120 876.7
1401130 875.5
1401140 875.1
1401150 875.1
1401160 875.8
1401170 875.4
1401180 875.4
1401190 876.0
1401200 877.9
1401210 877.9
1401220 882.4
1401230 886.7
1401240 886.7
1401250 893.0
1401260 898.5
1401270 900.7
1401280 900.7
1401290 902.4
1401300 903.7
1401310 903.7
1401320 904.3
1401330 906.1
1401340 906.1
1401350 908.1
1401360 908.2
1401370 908.2
1401380 908.8
1401390 908.8
1401400 908.8
1401410 908.5
1401420 908.3
1401430 908.3
1401440 907.8
1401450 907.5
1401460 907.5
1401470 907.2
1401480 907.1
1401490 907.1
1401500 907.0
1401510 906.9
1401520 906.9
1401530 907.1
1401540 907.3
1401550 907.3
1401560 907.4
1401570 907.7
1401580 908.6
1401590 908.6
1401600 909.1
1401610 909.8
1401620 909.8
1401630 910.8
1401640 911.7
1401650 911.7
1401660 912.8
1401670 914.5
1401680 914.5
1401690 916.3
1401700 918.6
1401710 918.6
1401720 920.9
1401730 922.8
1401740 922.8
1401750 924.4
1401760 926.0
1401770 926.0
1401780 927.7
1401790 929.7
1401800 929.7
1401810 931.5
1401820 933.6
1401830 933.6
1401840 935.1
1401850 936.6
1401860 936.6
1401870 938.2
1401880 940.0
1401890 940.0
1401900 941.6
1401910 943.0
1401920 944.1
1401930 944.1
1401940 944.8
1401950 945.2
1401960 945.2
1401970 945.1
1401980 944.8
1401990 944.8
1402000 944.2
1402010 943.5
1402020 943.5
1402030 943.0
1402040 942.3
1402050 942.3
1402060 941.8
1402070 941.8
1402080 941.8
1402090 941.8
1402100 940.4
1402110 940.4
1402120 936.3
1402130 933.6
1402140 933.6
1402150 935.1
1402160 938.1
1402170 938.1
1402180 937.5
1402190 937.4
1402200 937.4
1402210 937.9
1402220 936.9
1402230 932.3
1402240 928.3
1402250 918.7
1402260 910.6
1402270 910.6
1402280 903.0
1402290 894.8
1402300 894.8
1402310 891.5
1402320 892.7
1402330 892.7
1402340 893.4
1402350 893.4
1402360 893.4
1402370 893.7
1402380 900.4
1402390 900.4
1402400 909.3
1402410 917.8
1402420 917.8
1402430 924.1
1402440 928.2
1402450 928.2
1402460 933.1
1402470 938.6
1402480 938.6
1402490 941.3
1402500 942.1
1402510 942.1
1402520 942.0
1402530 940.8
1402540 940.7
1402550 940.7
1402560 941.9
1402570 942.8
1402580 942.8
1402590 943.2
1402600 943.1
1402610 943.1
1402620 941.2
1402630 941.2
1402640 941.2
1402650 942.6
1402660 944.0
1402670 944.0
1402680 945.5
1402690 947.7
1402700 947.7
1402710 948.5
1402720 948.9
1402730 948.9
1402740 949.3
1402750 950.2
1402760 950.2
1402770 951.7
1402780 952.4
1402790 952.4
1402800 953.0
1402810 953.4
1402820 953.4
1402830 949.8
1402840 941.8
1402850 932.9
1402860 932.9
1402870 923.6
1402880 914.4
1402890 914.4
1402900 909.4
1402910 910.1
1402920 910.1
1402930 910.2
1402940 915.7
1402950 915.7
1402960 925.1
1402970 935.7
1402980 935.7
1402990 947.5
1403000 952.7
1403010 952.7
1403020 945.3
1403030 936.8
1403040 936.8
1403050 928.0
1403060 921.4
1403070 921.4
1403080 923.6
1403090 931.4
1403100 931.4
1403110 940.7
1403120 948.4
1403130 948.4
1403140 953.9
1403150 959.4
1403160 966.6
1403170 966.6
1403180 972.9
1403190 978.0
1403200 978.0
1403210 983.2
1403220 988.3
1403230 988.3
1403240 993.0
1403250 996.7
1403260 996.7
1403270 1000.2
1403280 1003.6
1403290 1003.6
1403300 1006.9
1403310 1010.5
1403320 1010.5
1403330 1013.9
1403340 1017.5
1403350 1017.5
1403360 1021.5
1403370 1026.1
1403380 1026.1
1403390 1030.4
1403400 1033.8
1403410 1033.8
1403420 1038.8
1403430 1044.1
1403440 1044.1
1403450 1049.1
1403460 1053.2
1403470 1053.2
1403480 1053.8
1403490 1056.6
1403500 1063.2
1403510 1063.2
1403520 1067.7
1403530 1068.5
1403540 1068.5
1403550 1069.0
1403560 1067.7
1403570 1067.7
1403580 1067.4
1403590 1070.5
1403600 1070.5
1403610 1072.7
1403620 1073.4
1403630 1073.4
1403640 1072.4
1403650 1072.0
1403660 1072.0
1403670 1071.4
1403680 1071.3
1403690 1071.3
1403700 1072.9
1403710 1073.5
1403720 1073.5
1403730 1072.1
1403740 1069.2
1403750 1069.2
1403760 1067.5
1403770 1068.6
1403780 1068.6
1403790 1072.1
1403800 1078.3
1403810 1073.1
1403820 1073.1
1403830 1076.8
1403840 1078.5
1403850 1078.5
1403860 1082.3
1403870 1088.5
1403880 1088.5
1403890 1095.8
1403900 1098.5
1403910 1098.5
1403920 1096.2
1403930 1095.7
1403940 1095.7
1403950 1096.5
1403960 1096.6
1403970 1096.6
1403980 1093.2
1403990 1089.7
1404000 1089.7
1404010 1085.0
1404020 1084.4
1404030 1084.4
1404040 1086.3
1404050 1085.7
1404060 1085.7
1404070 1082.6
1404080 1083.4
1404090 1083.4
1404100 1083.1
1404110 1083.8
1404120 1084.9
1404130 1084.9
1404140 1083.2
1404150 1078.1
1404160 1078.1
1404170 1070.7
1404180 1070.6
1404190 1070.6
1404200 1079.0
1404210 1081.6
1404220 1081.6
1404230 1083.7
1404240 1084.9
1404250 1084.9
1404260 1085.7
1404270 1083.5
1404280 1083.5
1404290 1084.1
1404300 1086.4
1404310 1086.4
1404320 1086.2
1404330 1085.6
1404340 1085.6
1404350 1085.6
1404360 1081.5
1404370 1081.5
1404380 1075.8
1404390 1071.7
1404400 1071.7
1404410 1074.9
1404420 1081.7
1404430 1085.4
1404440 1085.4
1404450 1088.2
1404460 1085.8
1404470 1085.8
1404480 1082.4
1404490 1082.2
1404500 1082.2
1404510 1084.7
1404520 1079.9
1404530 1079.9
1404540 1078.3
1404550 1082.1
1404560 1082.1
1404570 1085.7
1404580 1085.0
1404590 1085.0
1404600 1083.6
1404610 1079.7
1404620 1079.7
1404630 1074.7
1404640 1069.9
1404650 1069.9
1404660 1072.3
1404670 1078.5
1404680 1078.5
1404690 1077.9
1404700 1070.9
1404710 1070.9
1404720 1064.7
1404730 1069.0
1404740 1073.1
1404750 1073.1
1404760 1072.9
1404770 1069.6
1404780 1069.6
1404790 1066.6
1404800 1063.9
1404810 1063.9
1404820 1065.0
1404830 1065.3
1404840 1065.3
1404850 1063.1
1404860 1060.8
1404870 1060.8
1404880 1062.2
1404890 1065.3
1404900 1065.3
1404910 1065.8
1404920 1065.2
1404930 1065.2
1404940 1066.0
1404950 1066.9
1404960 1066.9
1404970 1064.8
1404980 1059.3
1404990 1059.3
1405000 1054.4
1405010 1054.6
1405020 1054.6
1405030 1059.7
1405040 1064.4
1405050 1064.4
1405060 1067.8
1405070 1066.7
1405080 1066.6
1405090 1066.6
1405100 1065.3
1405110 1057.6
1405120 1057.6
1405130 1048.9
1405140 1041.1
1405150 1041.1
1405160 1045.7
1405170 1050.4
1405180 1050.4
1405190 1054.9
1405200 1061.2
1405210 1061.2
1405220 1058.1
1405230 1051.6
1405240 1051.6
1405250 1045.3
1405260 1043.9
1405270 1043.9
1405280 1045.6
1405290 1049.0
1405300 1049.0
1405310 1050.8
1405320 1048.0
1405330 1048.0
1405340 1053.0
1405350 1054.4
1405360 1054.4
1405370 1051.7
1405380 1046.0
1405390 1044.0
1405400 1047.3
1405410 1047.7
1405420 1050.9
1405430 1050.9
1405440 1056.8
1405450 1061.9
1405460 1061.9
1405470 1067.8
1405480 1075.8
1405490 1075.8
1405500 1083.8
1405510 1090.8
1405520 1090.8
1405530 1095.7
1405540 1100.2
1405550 1100.2
1405560 1101.6
1405570 1098.8
1405580 1098.8
1405590 1099.9
1405600 1098.9
1405610 1098.9
1405620 1095.6
1405630 1094.1
1405640 1094.1
1405650 1096.1
1405660 1102.0
1405670 1102.0
1405680 1106.1
1405690 1106.1
1405700 1111.2
1405710 1111.2
1405720 1115.3
1405730 1111.3
1405740 1111.3
1405750 1106.4
1405760 1102.8
1405770 1102.8
1405780 1100.2
1405790 1096.5
1405800 1096.5
1405810 1094.0
1405820 1090.4
1405830 1090.4
1405840 1089.1
1405850 1085.5
1405860 1085.5
1405870 1083.7
1405880 1083.4
1405890 1083.4
1405900 1081.6
1405910 1079.9
1405920 1079.9
1405930 1078.2
1405940 1077.0
1405950 1077.0
1405960 1077.2
1405970 1080.2
1405980 1080.2
1405990 1083.4
1406000 1087.1
1406010 1091.4
1406020 1091.4
1406030 1096.2
1406040 1101.9
1406050 1101.9
1406060 1108.2
1406070 1114.4
1406080 1114.4
1406090 1121.0
1406100 1125.7
1406110 1125.7
1406120 1129.5
1406130 1135.9
1406140 1135.9
1406150 1142.2
1406160 1147.0
1406170 1147.0
1406180 1152.2
1406190 1153.7
1406200 1153.7
1406210 1150.0
1406220 1144.7
1406230 1144.7
1406240 1141.3
1406250 1144.7
1406260 1144.7
1406270 1151.0
1406280 1158.1
1406290 1158.1
1406300 1162.6
1406310 1164.3
1406320 1166.9
1406330 1166.9
1406340 1168.9
1406350 1167.9
1406360 1167.9
1406370 1166.9
1406380 1166.7
1406390 1166.7
1406400 1169.6
1406410 1172.5
1406420 1172.5
1406430 1174.2
1406440 1176.1
1406450 1176.1
1406460 1177.4
1406470 1178.8
1406480 1178.8
1406490 1179.5
1406500 1181.5
1406510 1181.5
1406520 1183.9
1406530 1184.4
1406540 1184.4
1406550 1187.5
1406560 1192.0
1406570 1192.0
1406580 1195.8
1406590 1199.4
1406600 1199.4
1406610 1202.7
1406620 1206.5
1406630 1209.7
1406640 1209.7
1406650 1210.0
1406660 1209.8
1406670 1209.8
1406680 1209.8
1406690 1211.0
1406700 1211.0
1406710 1212.7
1406720 1214.8
1406730 1214.8
1406740 1216.2
1406750 1215.9
1406760 1215.9
1406770 1215.5
1406780 1217.8
1406790 1217.8
1406800 1221.5
1406810 1226.4
1406820 1226.4
1406830 1231.6
1406840 1235.4
1406850 1235.4
1406860 1238.5
1406870 1240.4
1406880 1240.4
1406890 1241.9
1406900 1242.6
1406910 1242.6
1406920 1244.5
1406930 1243.6
1406940 1243.6
1406950 1241.6
1406960 1243.4
1406970 1247.6
1406980 1247.6
1406990 1250.4
1407000 1249.0
1407010 1249.0
1407020 1252.0
1407030 1256.8
1407040 1256.8
1407050 1257.5
1407060 1258.1
1407070 1258.1
1407080 1259.2
1407090 1260.1
1407100 1260.1
1407110 1260.3
1407120 1260.9
1407130 1260.9
1407140 1262.7
1407150 1264.5
1407160 1264.5
1407170 1266.8
1407180 1270.3
1407190 1270.3
1407200 1272.6
1407210 1274.2
1407220 1274.2
1407230 1276.0
1407240 1278.8
1407250 1278.8
1407260 1281.6
1407270 1283.9
1407280 1285.5
1407290 1285.5
1407300 1286.8
1407310 1287.6
1407320 1287.6
1407330 1287.6
1407340 1287.5
1407350 1287.5
1407360 1287.0
1407370 1286.3
1407380 1286.3
1407390 1285.6
1407400 1284.7
1407410 1284.7
1407420 1283.8
1407430 1282.8
1407440 1282.8
1407450 1281.5
1407460 1279.7
1407470 1279.7
1407480 1277.6
1407490 1275.5
1407500 1275.5
1407510 1273.4
1407520 1271.4
1407530 1271.4
1407540 1269.4
1407550 1267.0
1407560 1267.0
1407570 1264.3
1407580 1261.1
1407590 1258.3
1407600 1258.3
1407610 1256.2
1407620 1254.1
1407630 1254.1
1407640 1252.0
1407650 1249.5
1407660 1249.5
1407670 1247.1
1407680 1244.9
1407690 1244.9
1407700 1242.1
1407710 1240.6
1407720 1240.6
1407730 1238.7
1407740 1236.2
1407750 1236.2
1407760 1234.4
1407770 1233.0
1407780 1233.0
1407790 1230.9
1407800 1229.0
1407810 1229.0
1407820 1226.8
1407830 1224.4
1407840 1224.4
1407850 1222.6
1407860 1220.6
1407870 1220.6
1407880 1219.1
1407890 1217.5
1407900 1215.9
1407910 1215.9
1407920 1213.9
1407930 1208.9
1407940 1208.9
1407950 1204.7
1407960 1204.5
1407970 1204.5
1407980 1204.7
1407990 1204.2
1408000 1204.2
1408010 1203.6
1408020 1201.6
1408030 1201.6
1408040 1197.3
1408050 1192.8
1408060 1192.8
1408070 1190.3
1408080 1190.5
1408090 1190.5
1408100 1187.2
1408110 1180.8
1408120 1180.8
1408130 1177.0
1408140 1176.3
1408150 1176.3
1408160 1174.5
1408170 1172.7
1408180 1172.7
1408190 1170.2
1408200 1166.9
1408210 1162.3
1408220 1162.3
1408230 1157.5
1408240 1153.7
1408250 1153.7
1408260 1149.9
1408270 1145.6
1408280 1145.6
1408290 1141.4
1408300 1138.2
1408310 1138.2
1408320 1135.3
1408330 1132.5
1408340 1132.5
1408350 1127.2
1408360 1119.4
1408370 1119.4
1408380 1111.0
1408390 1099.3
1408400 1099.3
1408410 1083.2
1408420 1073.7
1408430 1073.7
1408440 1067.1
1408450 1062.6
1408460 1062.6
1408470 1055.7
1408480 1051.6
1408490 1051.6
1408500 1052.3
1408510 1055.4
1408520 1055.4
1408530 1059.1
1408540 1062.7
1408550 1066.4
1408560 1066.4
1408570 1070.1
1408580 1073.4
1408590 1073.4
1408600 1077.3
1408610 1081.7
1408620 1081.7
1408630 1086.2
1408640 1091.6
1408650 1091.6
1408660 1097.6
1408670 1103.5
1408680 1103.5
1408690 1109.4
1408700 1110.4
1408710 1110.4
1408720 1115.4
1408730 1120.3
1408740 1120.3
1408750 1125.5
1408760 1130.4
1408770 1130.4
1408780 1133.6
1408790 1136.7
1408800 1136.7
1408810 1140.2
1408820 1142.3
1408830 1142.3
1408840 1144.0
1408850 1145.2
1408860 1146.7
1408870 1146.7
1408880 1148.1
1408890 1149.3
1408900 1149.3
1408910 1150.2
1408920 1151.0
1408930 1151.0
1408940 1152.2
1408950 1152.9
1408960 1152.9
1408970 1153.2
1408980 1153.1
1408990 1153.1
1409000 1153.3
1409010 1153.1
1409020 1153.1
1409030 1152.6
1409040 1152.1
1409050 1152.1
1409060 1151.6
1409070 1150.3
1409080 1150.3
1409090 1147.3
1409100 1146.7
1409110 1146.7
1409120 1145.5
1409130 1142.6
1409140 1142.6
1409150 1143.8
1409160 1144.3
1409170 1143.2
1409180 1143.2
1409190 1141.8
1409200 1139.8
1409210 1139.8
1409220 1137.0
1409230 1132.8
1409240 1132.8
1409250 1130.3
1409260 1130.2
1409270 1130.2
1409280 1127.5
1409290 1124.4
1409300 1124.4
1409310 1126.2
1409320 1124.2
1409330 1124.2
1409340 1125.3
1409350 1126.0
1409360 1126.0
1409370 1123.5
1409380 1120.3
1409390 1120.3
1409400 1120.3
1409410 1120.0
1409420 1120.0
1409430 1118.9
1409440 1118.2
1409450 1118.2
1409460 1118.6
1409470 1118.1
1409480 1117.8
1409490 1117.8
1409500 1118.0
1409510 1117.5
1409520 1117.5
1409530 1116.6
1409540 1115.6
1409550 1115.6
1409560 1115.8
1409570 1114.3
1409580 1114.3
1409590 1112.7
1409600 1110.7
1409610 1110.7
1409620 1108.4
1409630 1106.1
1409640 1106.1
1409650 1103.0
1409660 1098.9
1409670 1098.9
1409680 1095.8
1409690 1094.4
1409700 1094.4
1409710 1095.0
1409720 1093.3
1409730 1093.3
1409740 1091.5
1409750 1088.3
1409760 1088.3
1409770 1082.3
1409780 1073.3
1409790 1066.8
1409800 1066.8
1409810 1068.3
1409820 1071.8
1409830 1071.8
1409840 1070.8
1409850 1066.0
1409860 1066.0
1409870 1057.9
1409880 1049.7
1409890 1049.7
1409900 1042.0
1409910 1039.1
1409920 1039.1
1409930 1042.2
1409940 1044.7
1409950 1044.7
1409960 1045.1
1409970 1044.8
1409980 1044.8
1409990 1042.9
1410000 1038.8
1410010 1038.8
1410020 1029.0
1410030 1019.5
1410040 1019.5
1410050 1012.1
1410060 1011.2
1410070 1011.2
1410080 1013.7
1410090 1022.7
1410100 1022.7
1410110 1031.5
1410120 1035.3
1410130 1033.8
1410140 1033.8
1410150 1030.8
1410160 1025.5
1410170 1025.5
1410180 1019.2
1410190 1014.4
1410200 1014.4
1410210 1014.5
1410220 1014.4
1410230 1014.4
1410240 1014.4
1410250 1016.7
1410260 1016.7
1410270 1024.8
1410280 1021.6
1410290 1021.6
1410300 1014.7
1410310 1006.6
1410320 1006.6
1410330 1004.7
1410340 1004.0
1410350 1004.0
1410360 1003.6
1410370 1008.0
1410380 1008.0
1410390 1013.6
1410400 1012.0
1410410 1012.0
1410420 1007.3
1410430 1005.9
1410440 1008.6
1410450 1008.6
1410460 1008.0
1410470 1006.7
1410480 1006.7
1410490 1005.0
1410500 1002.0
1410510 1002.0
1410520 1004.3
1410530 1007.2
1410540 1007.2
1410550 1009.1
1410560 1012.4
1410570 1012.4
1410580 1018.1
1410590 1019.8
1410600 1019.8
1410610 1018.8
1410620 1016.3
1410630 1016.3
1410640 1013.9
1410650 1012.3
1410660 1012.3
1410670 1011.0
1410680 1010.1
1410690 1010.1
1410700 1008.9
1410710 1009.3
1410720 1009.3
1410730 1009.4
1410740 1007.4
1410750 1006.7
1410760 1006.7
1410770 1005.2
1410780 994.6
1410790 994.6
1410800 982.7
1410810 982.6
1410820 982.6
1410830 994.9
1410840 1006.1
1410850 1006.1
1410860 1006.3
1410870 1005.4
1410880 1005.4
1410890 1003.6
1410900 1004.0
1410910 1004.0
1410920 1002.6
1410930 1003.3
1410940 1003.3
1410950 1003.6
1410960 1001.5
1410970 1001.5
1410980 1000.7
1410990 999.0
1411000 999.0
1411010 996.7
1411020 993.3
1411030 993.3
1411040 989.3
1411050 986.6
1411060 983.6
1411070 983.6
1411080 982.0
1411090 980.6
1411100 980.6
1411110 978.1
1411120 975.6
1411130 975.6
1411140 972.6
1411150 970.2
1411160 970.2
1411170 969.4
1411180 966.7
1411190 966.7
1411200 961.3
1411210 954.4
1411220 954.4
1411230 957.6
1411240 956.8
1411250 956.8
1411260 955.0
1411270 952.8
1411280 952.8
1411290 949.1
1411300 944.3
1411310 944.3
1411320 943.1
1411330 942.1
1411340 942.1
1411350 937.1
1411360 933.9
1411370 931.4
1411380 931.4
1411390 929.9
1411400 928.5
1411410 928.5
1411420 928.0
1411430 927.4
1411440 927.4
1411450 926.7
1411460 927.5
1411470 927.5
1411480 927.5
1411490 927.1
1411500 927.1
1411510 926.7
1411520 925.9
1411530 925.9
1411540 925.1
1411550 925.3
1411560 925.3
1411570 925.9
1411580 926.1
1411590 926.1
1411600 926.3
1411610 926.1
1411620 926.1
1411630 925.9
1411640 925.7
1411650 925.7
1411660 925.6
1411670 926.1
1411680 926.4
1411690 926.4
1411700 927.0
1411710 927.3
1411720 927.3
1411730 927.2
1411740 927.0
1411750 927.0
1411760 926.9
1411770 926.9
1411780 926.9
1411790 926.4
1411800 926.3
1411810 926.3
1411820 926.0
1411830 925.8
1411840 925.8
1411850 925.7
1411860 925.5
1411870 925.5
1411880 925.2
1411890 925.0
1411900 925.0
1411910 924.9
1411920 924.8
1411930 924.8
1411940 924.4
1411950 924.4
1411960 924.4
1411970 923.7
1411980 922.2
1411990 922.2
1412000 920.7
1412010 921.7
1412020 923.1
1412030 923.1
1412040 922.9
1412050 922.7
1412060 922.7
1412070 922.5
1412080 922.4
1412090 922.4
1412100 922.3
1412110 922.3
1412120 922.3
1412130 922.2
1412140 921.9
1412150 921.7
1412160 921.4
1412170 921.3
1412180 921.3
1412190 921.2
1412200 921.1
1412210 921.1
1412220 920.4
1412230 917.5
1412240 917.5
1412250 916.8
1412260 917.4
1412270 917.4
1412280 921.1
1412290 921.7
1412300 921.7
1412310 921.8
1412320 922.0
1412330 922.7
1412340 922.7
1412350 923.7
1412360 924.7
1412370 924.7
1412380 925.8
1412390 926.8
1412400 926.8
1412410 928.1
1412420 929.2
1412430 929.2
1412440 930.2
1412450 931.3
1412460 931.3
1412470 932.2
1412480 933.1
1412490 933.1
1412500 934.0
1412510 934.8
1412520 934.8
1412530 935.1
1412540 934.9
1412550 934.9
1412560 934.6
1412570 934.4
1412580 934.4
1412590 934.5
1412600 934.9
1412610 934.9
1412620 934.9
1412630 934.6
1412640 934.3
1412650 934.3
1412660 933.8
1412670 933.0
1412680 933.0
1412690 932.9
1412700 933.0
1412710 933.0
1412720 933.7
1412730 934.1
1412740 934.1
1412750 934.6
1412760 934.5
1412770 934.5
1412780 934.8
1412790 935.1
1412800 935.1
1412810 935.1
1412820 935.3
1412830 935.3
1412840 935.5
1412850 935.7
1412860 935.7
1412870 935.7
1412880 933.1
1412890 933.1
1412900 930.6
1412910 929.8
1412920 929.8
1412930 928.8
1412940 929.7
1412950 931.8
1412960 931.8
1412970 938.3
1412980 940.9
1412990 940.9
1413000 941.4
1413010 941.5
1413020 941.5
1413030 941.1
1413040 940.5
1413050 940.5
1413060 939.8
1413070 939.1
1413080 939.1
1413090 938.7
1413100 938.5
1413110 938.5
1413120 938.2
1413130 937.6
1413140 937.6
1413150 936.7
1413160 936.2
1413170 936.2
1413180 936.1
1413190 936.9
1413200 936.9
1413210 938.1
1413220 939.1
1413230 939.1
1413240 939.9
1413250 940.5
1413260 941.1
1413270 941.1
1413280 941.7
1413290 942.1
1413300 942.1
1413310 942.6
1413320 943.0
1413330 943.0
1413340 943.5
1413350 944.2
1413360 944.2
1413370 945.5
1413380 946.8
1413390 946.8
1413400 948.2
1413410 949.3
1413420 949.3
1413430 949.7
1413440 949.8
1413450 949.8
1413460 950.3
1413470 949.2
1413480 949.2
1413490 948.6
1413500 950.9
1413510 950.9
1413520 956.4
1413530 959.5
1413540 959.5
1413550 961.3
1413560 962.8
1413570 964.5
1413580 964.5
1413590 966.2
1413600 967.9
1413610 967.9
1413620 969.4
1413630 971.0
1413640 971.0
1413650 972.8
1413660 974.6
1413670 974.6
1413680 976.4
1413690 978.3
1413700 978.3
1413710 980.1
1413720 981.8
1413730 981.8
1413740 983.7
1413750 985.5
1413760 985.5
1413770 987.0
1413780 988.7
1413790 988.7
1413800 990.8
1413810 993.1
1413820 993.1
1413830 995.0
1413840 997.0
1413850 997.0
1413860 998.8
1413870 1000.8
1413880 1000.8
1413890 1003.0
1413900 1004.1
1413910 1005.1
1413920 1005.1
1413930 1002.6
1413940 1004.9
1413950 1004.9
1413960 1006.8
1413970 1007.8
1413980 1007.8
1413990 1009.7
1414000 1010.4
1414010 1010.4
1414020 1009.1
1414030 1009.6
1414040 1009.6
1414050 1009.5
1414060 1010.3
1414070 1010.3
1414080 1013.6
1414090 1018.9
1414100 1018.9
1414110 1023.6
1414120 1027.6
1414130 1027.6
1414140 1029.1
1414150 1031.9
1414160 1031.9
1414170 1038.8
1414180 1047.8
1414190 1047.8
1414200 1054.6
1414210 1056.6
1414220 1057.2
1414230 1057.2
1414240 1057.3
1414250 1057.2
1414260 1057.2
1414270 1057.4
1414280 1058.0
1414290 1058.0
1414300 1058.7
1414310 1059.2
1414320 1059.2
1414330 1059.7
1414340 1060.0
1414350 1060.0
1414360 1060.4
1414370 1060.5
1414380 1060.5
1414390 1060.5
1414400 1060.4
1414410 1060.4
1414420 1060.3
1414430 1059.7
1414440 1059.7
1414450 1059.5
1414460 1059.5
1414470 1059.5
1414480 1058.9
1414490 1058.5
1414500 1058.5
1414510 1058.3
1414520 1058.2
1414530 1057.7
1414540 1057.7
1414550 1057.0
1414560 1056.2
1414570 1056.2
1414580 1055.3
1414590 1054.4
1414600 1054.4
1414610 1053.4
1414620 1052.3
1414630 1052.3
1414640 1051.2
1414650 1050.5
1414660 1050.5
1414670 1046.2
1414680 1035.7
1414690 1035.7
1414700 1028.4
1414710 1020.5
1414720 1020.5
1414730 1011.0
1414740 1011.7
1414750 1011.7
1414760 1018.0
1414770 1017.9
1414780 1017.9
1414790 1013.3
1414800 1008.3
1414810 1008.3
1414820 1002.0
1414830 995.0
1414840 993.2
1414850 993.2
1414860 999.1
1414870 1004.7
1414880 1004.7
1414890 1014.8
1414900 1021.0
1414910 1021.0
1414920 1025.3
1414930 1034.5
1414940 1034.5
1414950 1038.5
1414960 1042.3
1414970 1042.3
1414980 1044.8
1414990 1043.8
1415000 1043.8
1415010 1039.8
1415020 1038.2
1415030 1038.2
1415040 1040.2
1415050 1042.3
1415060 1042.3
1415070 1046.4
1415080 1049.8
1415090 1049.8
1415100 1049.2
1415110 1052.3
1415120 1052.3
1415130 1058.1
1415140 1064.7
1415150 1068.6
1415160 1068.6
1415170 1071.4
1415180 1075.4
1415190 1075.4
1415200 1078.7
1415210 1081.4
1415220 1081.4
1415230 1083.0
1415240 1084.1
1415250 1084.1
1415260 1084.4
1415270 1083.8
1415280 1083.8
1415290 1084.9
1415300 1086.0
1415310 1086.0
1415320 1087.0
1415330 1088.0
1415340 1088.0
1415350 1086.7
1415360 1087.6
1415370 1087.6
1415380 1089.2
1415390 1089.7
1415400 1089.7
1415410 1090.2
1415420 1091.3
1415430 1091.3
1415440 1093.4
1415450 1094.4
1415460 1094.4
1415470 1093.5
1415480 1090.1
1415490 1086.7
1415500 1086.7
1415510 1089.8
1415520 1088.8
1415530 1088.8
1415540 1086.5
1415550 1087.6
1415560 1087.6
1415570 1091.5
1415580 1095.2
1415590 1095.2
1415600 1098.8
1415610 1099.9
1415620 1099.9
1415630 1098.4
1415640 1096.5
1415650 1096.5
1415660 1095.1
1415670 1094.1
1415680 1094.1
1415690 1092.9
1415700 1091.5
1415710 1091.5
1415720 1090.0
1415730 1088.5
1415740 1088.5
1415750 1086.8
1415760 1081.9
1415770 1081.9
1415780 1080.5
1415790 1078.4
1415800 1076.4
1415810 1076.4
1415820 1073.6
1415830 1070.3
1415840 1070.3
1415850 1066.9
1415860 1063.5
1415870 1063.5
1415880 1059.5
1415890 1052.0
1415900 1052.0
1415910 1043.8
1415920 1033.8
1415930 1033.8
1415940 1030.9
1415950 1039.4
1415960 1039.4
1415970 1044.5
1415980 1040.8
1415990 1040.8
1416000 1034.6
1416010 1029.8
1416020 1029.8
1416030 1027.3
1416040 1023.9
1416050 1023.9
1416060 1020.3
1416070 1015.7
1416080 1015.7
1416090 1010.0
1416100 1003.2
1416110 997.3
1416120 997.3
1416130 992.9
1416140 988.5
1416150 988.5
1416160 985.2
1416170 983.5
1416180 983.5
1416190 981.9
1416200 981.1
1416210 981.1
1416220 981.8
1416230 983.5
1416240 983.5
1416250 993.0
1416260 1005.9
1416270 1005.9
1416280 1013.4
1416290 1021.8
1416300 1021.8
1416310 1032.0
1416320 1042.4
1416330 1042.4
1416340 1049.1
1416350 1051.3
1416360 1051.3
1416370 1051.7
1416380 1049.3
1416390 1049.3
1416400 1045.9
1416410 1042.2
1416420 1039.0
1416430 1039.0
1416440 1033.9
1416450 1024.8
1416460 1024.8
1416470 1017.9
1416480 1012.6
1416490 1012.6
1416500 1012.5
1416510 1019.5
1416520 1019.5
1416530 1024.8
1416540 1026.3
1416550 1026.3
1416560 1028.0
1416570 1031.0
1416580 1031.0
1416590 1034.2
1416600 1036.9
1416610 1036.9
1416620 1038.6
1416630 1040.9
1416640 1040.9
1416650 1042.8
1416660 1043.9
1416670 1043.9
1416680 1044.5
1416690 1044.3
1416700 1044.3
1416710 1043.1
1416720 1042.3
1416730 1042.7
1416740 1042.7
1416750 1043.7
1416760 1043.4
1416770 1043.4
1416780 1042.9
1416790 1042.7
1416800 1042.7
1416810 1042.9
1416820 1043.0
1416830 1043.0
1416840 1042.3
1416850 1040.7
1416860 1040.7
1416870 1041.1
1416880 1042.4
1416890 1042.4
1416900 1042.4
1416910 1041.0
1416920 1041.0
1416930 1038.6
1416940 1037.2
1416950 1037.2
1416960 1035.5
1416970 1033.3
1416980 1033.3
1416990 1031.5
1417000 1028.0
1417010 1028.0
1417020 1023.7
1417030 1018.7
1417040 1018.7
1417050 1014.4
1417060 1012.5
1417070 1010.6
1417080 1010.6
1417090 1008.8
1417100 1005.6
1417110 1005.6
1417120 1002.3
1417130 999.9
1417140 999.9
1417150 997.2
1417160 994.0
1417170 994.0
1417180 991.2
1417190 989.0
1417200 989.0
1417210 985.4
1417220 979.4
1417230 979.4
1417240 973.9
1417250 969.1
1417260 969.1
1417270 968.0
1417280 971.2
1417290 971.2
1417300 970.6
1417310 969.0
1417320 969.0
1417330 967.1
1417340 964.7
1417350 964.7
1417360 962.1
1417370 959.1
1417380 956.1
1417390 956.1
1417400 953.3
1417410 949.3
1417420 949.3
1417430 946.6
1417440 944.9
1417450 944.9
1417460 942.2
1417470 942.2
1417480 942.2
1417490 941.3
1417500 940.3
1417510 940.3
1417520 939.3
1417530 939.1
1417540 939.1
1417550 938.9
1417560 937.9
1417570 937.9
1417580 936.8
1417590 935.4
1417600 935.4
1417610 933.8
1417620 931.9
1417630 931.9
1417640 926.2
1417650 921.2
1417660 921.2
1417670 917.9
1417680 915.7
1417690 911.7
1417700 911.7
1417710 911.4
1417720 911.4
1417730 911.4
1417740 910.5
1417750 911.2
1417760 911.2
1417770 911.8
1417780 912.5
1417790 912.5
1417800 911.2
1417810 909.4
1417820 909.4
1417830 906.4
1417840 904.7
1417850 904.7
1417860 908.7
1417870 909.9
1417880 909.9
1417890 911.9
1417900 917.0
1417910 917.0
1417920 924.6
1417930 933.3
1417940 933.3
1417950 941.9
1417960 948.3
1417970 948.3
1417980 953.2
1417990 959.4
1418000 964.8
1418010 964.8
1418020 969.3
1418030 973.5
1418040 973.5
1418050 976.5
1418060 978.5
1418070 978.5
1418080 980.2
1418090 983.2
1418100 983.2
1418110 986.9
1418120 990.8
1418130 990.8
1418140 995.0
1418150 997.9
1418160 997.9
1418170 1001.8
1418180 1006.1
1418190 1006.1
1418200 1009.2
1418210 1011.5
1418220 1011.5
1418230 1014.3
1418240 1015.7
1418250 1015.7
1418260 1016.6
1418270 1019.2
1418280 1019.2
1418290 1022.6
1418300 1023.4
1418310 1023.0
1418320 1023.0
1418330 1023.3
1418340 1024.2
1418350 1024.2
1418360 1023.7
1418370 1022.4
1418380 1022.4
1418390 1020.0
1418400 1018.0
1418410 1018.0
1418420 1015.1
1418430 1012.2
1418440 1012.2
1418450 1009.0
1418460 1004.5
1418470 1004.5
1418480 1002.3
1418490 1000.7
1418500 1000.7
1418510 1000.3
1418520 1002.0
1418530 1002.0
1418540 1001.8
1418550 999.9
1418560 999.9
1418570 999.0
1418580 999.7
1418590 999.7
1418600 1002.2
1418610 998.8
1418620 996.5
1418630 996.5
1418640 993.1
1418650 986.3
1418660 986.3
1418670 979.7
1418680 978.3
1418690 978.3
1418700 975.4
1418710 972.1
1418720 972.1
1418730 970.1
1418740 977.5
1418750 977.5
1418760 984.9
1418770 992.6
1418780 992.6
1418790 998.6
1418800 1001.4
1418810 1001.4
1418820 1006.0
1418830 1009.5
1418840 1009.5
1418850 1007.0
1418860 1000.5
1418870 1000.5
1418880 994.7
1418890 992.4
1418900 992.4
1418910 991.5
1418920 990.5
1418930 990.5
1418940 990.3
1418950 989.6
1418960 990.5
1418970 990.5
1418980 989.5
1418990 989.5
1419000 989.5
1419010 990.6
1419020 989.6
1419030 989.6
1419040 988.9
1419050 988.0
1419060 988.0
1419070 987.2
1419080 986.4
1419090 986.4
1419100 985.1
1419110 982.9
1419120 982.9
1419130 980.4
1419140 977.7
1419150 977.7
1419160 974.9
1419170 972.9
1419180 972.9
1419190 971.7
1419200 969.7
1419210 969.7
1419220 966.9
1419230 964.0
1419240 964.0
1419250 961.2
1419260 959.8
1419270 958.1
1419280 958.1
1419290 956.5
1419300 954.7
1419310 954.7
1419320 952.6
1419330 950.2
1419340 950.2
1419350 950.1
1419360 950.7
1419370 950.7
1419380 950.6
1419390 948.3
1419400 948.3
1419410 944.0
1419420 941.2
1419430 941.2
1419440 939.6
1419450 937.6
1419460 937.6
1419470 937.0
1419480 937.2
1419490 937.2
1419500 937.7
1419510 938.1
1419520 938.1
1419530 937.8
1419540 936.6
1419550 936.6
1419560 938.3
1419570 940.2
1419580 942.4
1419590 942.4
1419600 943.6
1419610 944.6
1419620 944.6
1419630 943.6
1419640 942.2
1419650 942.2
1419660 941.7
1419670 942.2
1419680 942.2
1419690 942.6
1419700 942.0
1419710 942.0
1419720 940.8
1419730 938.8
1419740 938.8
1419750 937.2
1419760 936.1
1419770 936.1
1419780 934.7
1419790 933.6
1419800 933.6
1419810 933.0
1419820 931.3
1419830 931.3
1419840 928.6
1419850 926.2
1419860 926.2
1419870 923.8
1419880 924.8
1419890 924.3
1419900 924.3
1419910 923.4
1419920 922.5
1419930 922.5
1419940 921.1
1419950 919.1
1419960 919.1
1419970 917.0
1419980 914.7
1419990 914.7
