1400000 1016.0
1400010 1015.5
1400020 1015.1
1400030 1015.1
1400040 1014.5
1400050 1014.2
1400060 1014.2
1400070 1014.4
1400080 1014.7
1400090 1014.7
1400100 1014.5
1400110 1014.1
1400120 1014.1
1400130 1013.0
1400140 1011.0
1400150 1009.4
1400160 1009.4
1400170 1008.3
1400180 1007.0
1400190 1007.0
1400200 1005.7
1400210 1004.5
1400220 1004.5
1400230 1003.4
1400240 1002.3
1400250 1002.3
1400260 1001.2
1400270 1000.0
1400280 1000.0
1400290 998.5
1400300 996.9
1400310 996.9
1400320 995.6
1400330 994.7
1400340 994.7
1400350 994.0
1400360 993.5
1400370 993.5
1400380 992.8
1400390 991.8
1400400 991.8
1400410 990.4
1400420 988.6
1400430 988.6
1400440 987.1
1400450 985.4
1400460 985.4
1400470 982.9
1400480 979.7
1400490 976.3
1400500 976.3
1400510 972.3
1400520 968.5
1400530 968.5
1400540 965.7
1400550 964.0
1400560 964.0
1400570 962.0
1400580 958.3
1400590 958.3
1400600 953.7
1400610 949.9
1400620 949.9
1400630 946.9
1400640 947.7
1400650 947.7
1400660 949.9
1400670 950.6
1400680 950.6
1400690 950.1
1400700 948.0
1400710 948.0
1400720 945.5
1400730 942.8
1400740 942.8
1400750 940.2
1400760 937.6
1400770 937.6
1400780 934.5
1400790 931.6
1400800 928.7
1400810 928.7
1400820 926.1
1400830 923.5
1400840 923.5
1400850 920.1
1400860 916.1
1400870 916.1
1400880 912.5
1400890 909.5
1400900 909.5
1400910 907.4
1400920 905.9
1400930 905.9
1400940 904.0
1400950 900.3
1400960 900.3
1400970 896.3
1400980 892.7
1400990 892.7
1401000 891.3
1401010 891.6
1401020 891.6
1401030 890.6
1401040 890.3
1401050 890.3
1401060 890.9
1401070 891.7
1401080 891.7
1401090 892.4
1401100 892.3
1401110 890.9
1401120 890.9
1401130 889.6
1401140 888.6
1401150 888.6
1401160 887.6
1401170 885.9
1401180 885.9
1401190 883.7
1401200 881.9
1401210 881.9
1401220 880.6
1401230 881.2
1401240 881.2
1401250 882.0
1401260 882.6
1401270 882.6
1401280 882.4
1401290 878.7
1401300 878.7
1401310 874.3
1401320 871.2
1401330 877.4
1401340 872.2
1401350 868.8
1401360 868.8
1401370 867.3
1401380 857.9
1401390 857.9
1401400 850.5
1401410 849.2
1401420 849.2
1401430 849.1
1401440 848.6
1401450 849.7
1401460 849.7
1401470 851.3
1401480 855.1
1401490 855.1
1401500 860.8
1401510 864.8
1401520 864.8
1401530 867.9
1401540 870.1
1401550 870.1
1401560 871.4
1401570 873.9
1401580 873.9
1401590 876.0
1401600 877.4
1401610 877.4
1401620 879.0
1401630 880.9
1401640 880.9
1401650 883.1
1401660 885.6
1401670 885.6
1401680 887.7
1401690 889.4
1401700 889.4
1401710 890.8
1401720 892.4
1401730 892.4
1401740 894.1
1401750 895.7
1401760 897.6
1401770 897.6
1401780 899.9
1401790 902.2
1401800 902.2
1401810 905.2
1401820 908.6
1401830 908.6
1401840 910.9
1401850 912.8
1401860 912.8
1401870 915.9
1401880 919.9
1401890 919.9
1401900 923.9
1401910 928.0
1401920 928.0
1401930 931.9
1401940 937.0
1401950 937.0
1401960 943.1
1401970 949.8
1401980 949.8
1401990 956.5
1402000 961.6
1402010 961.6
1402020 964.1
1402030 966.6
1402040 966.6
1402050 967.1
1402060 967.3
1402070 967.4
1402080 967.4
1402090 968.0
1402100 968.4
1402110 968.4
1402120 969.4
1402130 969.5
1402140 969.5
1402150 968.9
1402160 968.9
1402170 968.9
1402180 969.8
1402190 971.7
1402200 971.7
1402210 973.6
1402220 975.1
1402230 975.1
1402240 976.4
1402250 977.5
1402260 977.5
1402270 978.4
1402280 979.2
1402290 979.2
1402300 980.0
1402310 980.7
1402320 980.7
1402330 981.7
1402340 983.1
1402350 983.1
1402360 984.7
1402370 986.4
1402380 987.9
1402390 987.9
1402400 989.3
1402410 990.7
1402420 990.7
1402430 991.8
1402440 993.2
1402450 993.2
1402460 994.9
1402470 996.8
1402480 996.8
1402490 998.7
1402500 1000.8
1402510 1000.8
1402520 1002.5
1402530 1003.9
1402540 1003.9
1402550 1005.6
1402560 1007.2
1402570 1007.2
1402580 1008.0
1402590 1008.3
1402600 1008.3
1402610 1010.8
1402620 1012.1
1402630 1012.1
1402640 1013.8
1402650 1016.2
1402660 1016.2
1402670 1019.4
1402680 1021.8
1402690 1021.8
1402700 1024.3
1402710 1026.8
1402720 1028.6
1402730 1028.6
1402740 1031.4
1402750 1032.5
1402760 1032.5
1402770 1033.5
1402780 1036.4
1402790 1036.4
1402800 1038.9
1402810 1039.9
1402820 1039.9
1402830 1042.8
1402840 1043.5
1402850 1043.5
1402860 1044.6
1402870 1046.7
1402880 1049.2
1402890 1051.1
1402900 1052.2
1402910 1052.2
1402920 1051.9
1402930 1052.9
1402940 1052.9
1402950 1055.3
1402960 1058.6
1402970 1058.6
1402980 1060.7
1402990 1060.6
1403000 1060.6
1403010 1060.8
1403020 1064.7
1403030 1066.6
1403040 1066.6
1403050 1068.0
1403060 1070.6
1403070 1070.6
1403080 1070.4
1403090 1069.8
1403100 1069.8
1403110 1073.6
1403120 1077.5
1403130 1077.5
1403140 1079.4
1403150 1081.4
1403160 1081.4
1403170 1082.8
1403180 1082.9
1403190 1082.9
1403200 1081.5
1403210 1081.3
1403220 1081.3
1403230 1083.1
1403240 1086.7
1403250 1086.7
1403260 1090.0
1403270 1092.0
1403280 1092.0
1403290 1093.8
1403300 1094.8
1403310 1094.8
1403320 1095.1
1403330 1095.6
1403340 1096.7
1403350 1096.7
1403360 1097.7
1403370 1098.4
1403380 1098.4
1403390 1099.6
1403400 1101.7
1403410 1101.7
1403420 1104.2
1403430 1105.2
1403440 1105.2
1403450 1106.3
1403460 1108.2
1403470 1108.2
1403480 1108.9
1403490 1110.1
1403500 1110.1
1403510 1112.0
1403520 1112.8
1403530 1112.8
1403540 1113.1
1403550 1113.2
1403560 1113.2
1403570 1114.7
1403580 1114.9
1403590 1114.9
1403600 1115.5
1403610 1116.0
1403620 1116.0
1403630 1115.4
1403640 1117.1
1403650 1117.1
1403660 1118.5
1403670 1118.7
1403680 1119.6
1403690 1119.6
1403700 1119.8
1403710 1119.3
1403720 1119.3
1403730 1120.7
1403740 1123.9
1403750 1123.9
1403760 1125.1
1403770 1125.4
1403780 1125.4
1403790 1124.0
1403800 1122.5
1403810 1122.5
1403820 1123.6
1403830 1127.1
1403840 1127.1
1403850 1129.4
1403860 1130.4
1403870 1130.4
1403880 1130.5
1403890 1130.6
1403900 1130.6
1403910 1133.5
1403920 1135.0
1403930 1135.0
1403940 1136.3
1403950 1138.2
1403960 1138.2
1403970 1140.7
1403980 1143.2
1403990 1144.9
1404000 1144.9
1404010 1144.4
1404020 1142.2
1404030 1142.2
1404040 1145.4
1404050 1151.6
1404060 1151.6
1404070 1156.5
1404080 1160.3
1404090 1160.3
1404100 1162.9
1404110 1166.5
1404120 1166.5
1404130 1169.8
1404140 1173.0
1404150 1173.0
1404160 1175.3
1404170 1177.1
1404180 1177.1
1404190 1178.0
1404200 1179.1
1404210 1179.1
1404220 1180.7
1404230 1182.4
1404240 1182.4
1404250 1184.8
1404260 1187.0
1404270 1187.0
1404280 1188.8
1404290 1190.5
1404300 1192.1
1404310 1192.1
1404320 1193.2
1404330 1193.6
1404340 1193.6
1404350 1193.8
1404360 1193.7
1404370 1193.7
1404380 1193.8
1404390 1194.5
1404400 1194.5
1404410 1195.4
1404420 1196.0
1404430 1196.0
1404440 1196.3
1404450 1196.2
1404460 1199.5
1404470 1200.2
1404480 1200.8
1404490 1200.8
1404500 1201.2
1404510 1201.2
1404520 1201.2
1404530 1201.2
1404540 1201.0
1404550 1201.0
1404560 1200.6
1404570 1200.0
1404580 1200.0
1404590 1199.7
1404600 1199.4
1404610 1199.4
1404620 1199.1
1404630 1199.0
1404640 1199.6
1404650 1199.6
1404660 1200.3
1404670 1201.0
1404680 1201.0
1404690 1201.6
1404700 1201.9
1404710 1201.9
1404720 1202.0
1404730 1201.6
1404740 1201.6
1404750 1201.0
1404760 1200.5
1404770 1200.5
1404780 1199.7
1404790 1198.8
1404800 1198.8
1404810 1197.9
1404820 1197.0
1404830 1197.0
1404840 1196.0
1404850 1194.9
1404860 1194.9
1404870 1193.7
1404880 1192.5
1404890 1192.5
1404900 1191.5
1404910 1190.7
1404920 1190.7
1404930 1190.1
1404940 1189.6
1404950 1188.8
1404960 1188.8
1404970 1187.6
1404980 1185.8
1404990 1185.8
1405000 1183.9
1405010 1182.0
1405020 1182.0
1405030 1179.6
1405040 1177.8
1405050 1177.8
1405060 1176.8
1405070 1175.7
1405080 1175.7
1405090 1175.1
1405100 1174.2
1405110 1174.2
1405120 1173.3
1405130 1172.5
1405140 1172.5
1405150 1171.4
1405160 1170.6
1405170 1170.6
1405180 1169.4
1405190 1168.1
1405200 1168.1
1405210 1166.9
1405220 1165.6
1405230 1165.6
1405240 1164.1
1405250 1162.5
1405260 1161.1
1405270 1161.1
1405280 1160.0
1405290 1158.8
1405300 1158.8
1405310 1156.6
1405320 1154.7
1405330 1154.7
1405340 1153.8
1405350 1152.8
1405360 1152.8
1405370 1151.3
1405380 1149.5
1405390 1149.5
1405400 1146.8
1405410 1142.8
1405420 1142.8
1405430 1138.2
1405440 1138.0
1405450 1138.0
1405460 1138.1
1405470 1135.7
1405480 1135.7
1405490 1132.4
1405500 1129.3
1405510 1129.3
1405520 1127.0
1405530 1125.8
1405540 1125.8
1405550 1123.4
1405560 1122.1
1405570 1121.9
1405580 1121.9
1405590 1119.2
1405600 1114.5
1405610 1114.5
1405620 1110.0
1405630 1105.2
1405640 1105.2
1405650 1101.3
1405660 1097.8
1405670 1097.8
1405680 1092.6
1405690 1084.7
1405700 1084.7
1405710 1076.7
1405720 1072.5
1405730 1072.5
1405740 1077.0
1405750 1081.9
1405760 1081.9
1405770 1080.6
1405780 1073.4
1405790 1073.4
1405800 1066.1
1405810 1057.9
1405820 1057.9
1405830 1050.8
1405840 1051.1
1405850 1051.1
1405860 1059.2
1405870 1068.4
1405880 1068.4
1405890 1071.9
1405900 1073.3
1405910 1075.2
1405920 1075.2
1405930 1075.3
1405940 1071.6
1405950 1071.6
1405960 1069.0
1405970 1069.4
1405980 1069.4
1405990 1070.1
1406000 1069.5
1406010 1069.5
1406020 1068.5
1406030 1066.3
1406040 1066.3
1406050 1063.3
1406060 1057.8
1406070 1066.0
1406080 1059.6
1406090 1051.7
1406100 1051.7
1406110 1055.7
1406120 1063.4
1406130 1063.4
1406140 1069.4
1406150 1076.0
1406160 1076.0
1406170 1082.4
1406180 1083.6
1406190 1083.6
1406200 1081.4
1406210 1077.7
1406220 1073.9
1406230 1073.9
1406240 1072.4
1406250 1071.1
1406260 1071.1
1406270 1069.9
1406280 1071.5
1406290 1071.5
1406300 1070.6
1406310 1072.3
1406320 1072.3
1406330 1073.1
1406340 1068.6
1406350 1068.6
1406360 1065.3
1406370 1063.3
1406380 1063.3
1406390 1061.4
1406400 1058.9
1406410 1058.9
1406420 1056.2
1406430 1053.2
1406440 1053.2
1406450 1053.2
1406460 1054.0
1406470 1054.0
1406480 1054.0
1406490 1054.6
1406500 1054.6
1406510 1053.3
1406520 1048.7
1406530 1043.2
1406540 1043.2
1406550 1037.2
1406560 1030.8
1406570 1030.8
1406580 1026.4
1406590 1026.9
1406600 1026.9
1406610 1030.8
1406620 1034.9
1406630 1034.9
1406640 1034.6
1406650 1034.2
1406660 1034.2
1406670 1034.5
1406680 1031.7
1406690 1031.7
1406700 1027.5
1406710 1024.1
1406720 1024.1
1406730 1022.9
1406740 1022.7
1406750 1022.7
1406760 1019.6
1406770 1016.9
1406780 1016.9
1406790 1015.1
1406800 1013.6
1406810 1013.6
1406820 1012.9
1406830 1011.3
1406840 1011.3
1406850 1009.1
1406860 1006.4
1406870 1004.0
1406880 1004.0
1406890 1000.6
1406900 995.6
1406910 995.6
1406920 993.2
1406930 992.3
1406940 992.3
1406950 993.1
1406960 991.3
1406970 991.3
1406980 989.7
1406990 989.8
1407000 989.8
1407010 989.4
1407020 988.9
1407030 988.9
1407040 988.2
1407050 987.8
1407060 987.8
1407070 987.1
1407080 986.6
1407090 986.6
1407100 986.2
1407110 985.7
1407120 985.7
1407130 985.4
1407140 985.2
1407150 985.2
1407160 985.3
1407170 985.3
1407180 985.0
1407190 985.0
1407200 984.6
1407210 984.0
1407220 984.0
1407230 983.4
1407240 982.7
1407250 982.7
1407260 981.9
1407270 981.0
1407280 981.0
1407290 980.4
1407300 979.8
1407310 979.8
1407320 979.2
1407330 978.6
1407340 978.6
1407350 978.1
1407360 977.5
1407370 977.5
1407380 977.2
1407390 976.7
1407400 976.7
1407410 976.6
1407420 975.2
1407430 975.2
1407440 974.3
1407450 973.6
1407460 973.6
1407470 972.7
1407480 971.9
1407490 971.1
1407500 971.1
1407510 970.5
1407520 970.0
1407530 970.0
1407540 969.2
1407550 968.5
1407560 968.5
1407570 967.9
1407580 967.3
1407590 967.3
1407600 966.7
1407610 966.8
1407620 966.8
1407630 967.3
1407640 967.2
1407650 967.2
1407660 966.7
1407670 966.2
1407680 966.2
1407690 965.4
1407700 964.7
1407710 964.7
1407720 966.1
1407730 965.7
1407740 965.7
1407750 965.4
1407760 965.3
1407770 965.3
1407780 965.5
1407790 965.3
1407800 965.6
1407810 965.6
1407820 965.0
1407830 964.7
1407840 964.7
1407850 964.9
1407860 965.0
1407870 965.0
1407880 965.3
1407890 965.4
1407900 965.4
1407910 965.5
1407920 965.5
1407930 965.5
1407940 965.6
1407950 965.6
1407960 965.6
1407970 965.6
1407980 965.6
1407990 965.6
1408000 965.7
1408010 965.7
1408020 965.7
1408030 965.8
1408040 965.5
1408050 965.5
1408060 965.3
1408070 965.3
1408080 965.3
1408090 964.5
1408100 963.6
1408110 963.6
1408120 963.2
1408130 962.6
1408140 962.2
1408150 962.2
1408160 962.0
1408170 962.2
1408180 962.2
1408190 962.3
1408200 962.3
1408210 962.3
1408220 962.3
1408230 962.4
1408240 962.4
1408250 962.9
1408260 962.2
1408270 962.2
1408280 961.8
1408290 961.6
1408300 961.6
1408310 961.5
1408320 961.3
1408330 961.3
1408340 961.3
1408350 961.4
1408360 961.4
1408370 961.5
1408380 961.4
1408390 961.4
1408400 961.2
1408410 961.3
1408420 961.3
1408430 961.4
1408440 961.7
1408450 961.9
1408460 961.9
1408470 961.9
1408480 961.8
1408490 961.8
1408500 961.8
1408510 961.9
1408520 961.9
1408530 962.1
1408540 962.4
1408550 962.4
1408560 962.8
1408570 963.7
1408580 963.7
1408590 965.6
1408600 965.2
1408610 965.2
1408620 963.0
1408630 961.8
1408640 961.8
1408650 961.2
1408660 960.9
1408670 960.9
1408680 960.6
1408690 960.4
1408700 960.4
1408710 960.0
1408720 959.7
1408730 959.7
1408740 959.4
1408750 959.2
1408760 958.9
1408770 958.9
1408780 958.6
1408790 958.4
1408800 958.4
1408810 958.1
1408820 957.9
1408830 957.9
1408840 957.7
1408850 957.4
1408860 957.4
1408870 957.1
1408880 956.8
1408890 956.8
1408900 956.7
1408910 956.7
1408920 956.7
1408930 956.8
1408940 956.9
1408950 956.9
1408960 957.0
1408970 956.9
1408980 956.9
1408990 956.9
1409000 956.8
1409010 956.8
1409020 956.5
1409030 956.8
1409040 956.8
1409050 957.0
1409060 956.9
1409070 956.9
1409080 956.6
1409090 956.4
1409100 955.9
1409110 955.9
1409120 955.5
1409130 956.6
1409140 956.6
1409150 956.6
1409160 956.0
1409170 956.0
1409180 955.5
1409190 955.3
1409200 955.3
1409210 955.2
1409220 954.8
1409230 954.8
1409240 955.3
1409250 956.6
1409260 956.6
1409270 957.0
1409280 957.2
1409290 957.2
1409300 958.2
1409310 959.2
1409320 959.2
1409330 959.6
1409340 959.8
1409350 959.8
1409360 960.4
1409370 960.9
1409380 960.9
1409390 960.9
1409400 959.7
1409410 959.6
1409420 959.6
1409430 959.2
1409440 958.9
1409450 958.9
1409460 958.4
1409470 958.2
1409480 958.2
1409490 957.4
1409500 957.4
1409510 957.4
1409520 958.1
1409530 958.5
1409540 958.5
1409550 959.0
1409560 960.2
1409570 960.2
1409580 961.6
1409590 962.4
1409600 962.4
1409610 963.6
1409620 964.7
1409630 964.7
1409640 966.3
1409650 966.2
1409660 966.2
1409670 966.4
1409680 966.7
1409690 966.7
1409700 966.9
1409710 966.8
1409720 966.8
1409730 966.8
1409740 966.9
1409750 967.1
1409760 967.1
1409770 967.3
1409780 967.9
1409790 967.9
1409800 968.7
1409810 969.0
1409820 969.0
1409830 968.7
1409840 968.7
1409850 968.7
1409860 969.2
1409870 968.7
1409880 968.7
1409890 968.8
1409900 968.2
1409910 968.2
1409920 967.8
1409930 967.8
1409940 967.8
1409950 968.3
1409960 968.7
1409970 968.7
1409980 968.6
1409990 969.4
1410000 969.4
1410010 970.7
1410020 971.4
1410030 972.0
1410040 972.0
1410050 972.7
1410060 973.1
1410070 973.1
1410080 973.5
1410090 973.5
1410100 973.5
1410110 972.5
1410120 972.4
1410130 972.4
1410140 971.5
1410150 972.1
1410160 972.1
1410170 972.0
1410180 972.3
1410190 972.3
1410200 973.9
1410210 974.2
1410220 974.2
1410230 974.3
1410240 974.8
1410250 974.8
1410260 975.1
1410270 975.8
1410280 975.8
1410290 976.9
1410300 978.0
1410310 978.0
1410320 979.0
1410330 980.0
1410340 980.0
1410350 980.7
1410360 981.0
1410370 980.7
1410380 980.7
1410390 980.2
1410400 980.1
1410410 980.1
1410420 979.9
1410430 979.6
1410440 979.6
1410450 979.6
1410460 979.8
1410470 979.8
1410480 980.6
1410490 981.7
1410500 981.7
1410510 983.0
1410520 984.1
1410530 984.1
1410540 984.8
1410550 984.9
1410560 984.9
1410570 985.3
1410580 985.5
1410590 985.5
1410600 985.0
1410610 986.3
1410620 986.3
1410630 988.9
1410640 990.5
1410650 990.5
1410660 989.6
1410670 991.1
1410680 990.8
1410690 990.8
1410700 990.9
1410710 991.7
1410720 991.7
1410730 992.3
1410740 993.5
1410750 993.5
1410760 994.8
1410770 996.1
1410780 996.1
1410790 997.4
1410800 997.7
1410810 997.7
1410820 997.0
1410830 999.0
1410840 999.0
1410850 997.8
1410860 999.5
1410870 999.5
1410880 1000.1
1410890 999.4
1410900 999.4
1410910 996.6
1410920 1000.1
1410930 1000.1
1410940 999.3
1410950 999.1
1410960 999.1
1410970 1000.7
1410980 1001.3
1410990 998.9
1411000 998.9
1411010 997.2
1411020 995.6
1411030 995.6
1411040 1001.1
1411050 1003.2
1411060 1003.2
1411070 1004.6
1411080 1006.6
1411090 1006.6
1411100 1005.4
1411110 1003.5
1411120 1000.1
1411130 999.6
1411140 1000.4
1411150 1000.4
1411160 1001.2
1411170 1002.2
1411180 1002.2
1411190 1003.6
1411200 1005.8
1411210 1005.8
1411220 1009.0
1411230 1013.2
1411240 1013.2
1411250 1018.4
1411260 1023.4
1411270 1023.4
1411280 1024.5
1411290 1021.1
1411300 1021.1
1411310 1017.6
1411320 1014.7
1411330 1013.9
1411340 1013.9
1411350 1015.0
1411360 1016.3
1411370 1016.3
1411380 1016.8
1411390 1018.3
1411400 1018.3
1411410 1021.8
1411420 1026.2
1411430 1026.2
1411440 1029.7
1411450 1032.2
1411460 1032.2
1411470 1033.7
1411480 1034.3
1411490 1034.3
1411500 1034.0
1411510 1035.1
1411520 1035.1
1411530 1037.0
1411540 1035.7
1411550 1035.7
1411560 1032.0
1411570 1030.9
1411580 1030.9
1411590 1032.0
1411600 1033.9
1411610 1033.9
1411620 1035.6
1411630 1036.8
1411640 1037.7
1411650 1037.7
1411660 1038.1
1411670 1038.0
1411680 1038.0
1411690 1037.9
1411700 1038.0
1411710 1038.0
1411720 1038.0
1411730 1038.1
1411740 1038.1
1411750 1040.9
1411760 1041.8
1411770 1041.8
1411780 1039.8
1411790 1038.6
1411800 1038.6
1411810 1038.7
1411820 1039.2
1411830 1039.2
1411840 1041.3
1411850 1042.9
1411860 1042.9
1411870 1044.7
1411880 1048.6
1411890 1048.6
1411900 1054.6
1411910 1059.5
1411920 1059.5
1411930 1061.4
1411940 1065.5
1411950 1069.1
1411960 1069.1
1411970 1075.0
1411980 1079.7
1411990 1079.7
1412000 1084.1
1412010 1087.6
1412020 1087.6
1412030 1093.6
1412040 1100.8
1412050 1100.8
1412060 1106.2
1412070 1112.1
1412080 1112.1
1412090 1118.6
1412100 1125.1
1412110 1125.1
1412120 1132.3
1412130 1140.5
1412140 1140.5
1412150 1148.1
1412160 1154.8
1412170 1154.8
1412180 1161.2
1412190 1163.4
1412200 1163.4
1412210 1161.6
1412220 1160.9
1412230 1160.9
1412240 1160.3
1412250 1160.6
1412260 1160.2
1412270 1160.2
1412280 1157.1
1412290 1152.6
1412300 1152.6
1412310 1147.9
1412320 1143.5
1412330 1143.5
1412340 1145.9
1412350 1151.5
1412360 1151.5
1412370 1156.4
1412380 1157.7
1412390 1157.7
1412400 1157.2
1412410 1158.4
1412420 1158.4
1412430 1158.0
1412440 1155.9
1412450 1155.9
1412460 1153.3
1412470 1154.0
1412480 1154.0
1412490 1154.7
1412500 1155.8
1412510 1155.8
1412520 1156.0
1412530 1156.8
1412540 1156.8
1412550 1161.5
1412560 1163.2
1412570 1163.2
1412580 1151.7
1412590 1140.3
1412600 1129.7
1412610 1129.7
1412620 1121.5
1412630 1116.3
1412640 1116.3
1412650 1111.2
1412660 1105.1
1412670 1105.1
1412680 1098.7
1412690 1103.1
1412700 1103.1
1412710 1111.3
1412720 1119.4
1412730 1119.4
1412740 1127.8
1412750 1135.5
1412760 1135.5
1412770 1144.2
1412780 1155.1
1412790 1155.1
1412800 1166.2
1412810 1177.2
1412820 1177.2
1412830 1186.0
1412840 1192.7
1412850 1192.7
1412860 1196.5
1412870 1202.9
1412880 1196.8
1412890 1204.1
1412900 1209.1
1412910 1204.3
1412920 1204.3
1412930 1199.9
1412940 1195.5
1412950 1195.5
1412960 1193.1
1412970 1194.5
1412980 1194.5
1412990 1198.9
1413000 1204.1
1413010 1204.1
1413020 1209.1
1413030 1213.9
1413040 1213.9
1413050 1218.4
1413060 1220.4
1413070 1220.4
1413080 1222.1
1413090 1222.8
1413100 1222.8
1413110 1222.4
1413120 1222.5
1413130 1222.5
1413140 1223.6
1413150 1222.9
1413160 1222.9
1413170 1223.0
1413180 1223.5
1413190 1223.5
1413200 1224.6
1413210 1226.3
1413220 1225.4
1413230 1225.4
1413240 1219.8
1413250 1211.2
1413260 1211.2
1413270 1202.3
1413280 1194.0
1413290 1194.0
1413300 1189.6
1413310 1185.2
1413320 1185.2
1413330 1178.8
1413340 1170.4
1413350 1170.4
1413360 1162.3
1413370 1155.6
1413380 1155.6
1413390 1151.1
1413400 1147.4
1413410 1147.4
1413420 1140.1
1413430 1140.6
1413440 1140.6
1413450 1145.3
1413460 1147.8
1413470 1147.8
1413480 1149.5
1413490 1151.4
1413500 1151.4
1413510 1154.6
1413520 1161.3
1413530 1166.1
1413540 1166.1
1413550 1173.3
1413560 1181.1
1413570 1181.1
1413580 1182.4
1413590 1173.8
1413600 1173.8
1413610 1165.9
1413620 1160.0
1413630 1160.0
1413640 1158.1
1413650 1156.0
1413660 1156.0
1413670 1155.5
1413680 1160.0
1413690 1160.0
1413700 1164.8
1413710 1160.6
1413720 1160.6
1413730 1153.8
1413740 1149.1
1413750 1149.1
1413760 1145.0
1413770 1140.4
1413780 1140.4
1413790 1133.6
1413800 1131.0
1413810 1131.0
1413820 1132.6
1413830 1134.9
1413840 1134.9
1413850 1134.8
1413860 1134.3
1413870 1133.4
1413880 1133.4
1413890 1133.4
1413900 1132.5
1413910 1132.5
1413920 1131.3
1413930 1128.6
1413940 1128.6
1413950 1125.6
1413960 1125.6
1413970 1125.6
1413980 1127.3
1413990 1129.1
1414000 1129.1
1414010 1130.2
1414020 1130.9
1414030 1130.9
1414040 1128.4
1414050 1124.4
1414060 1124.4
1414070 1128.3
1414080 1136.7
1414090 1136.7
1414100 1145.1
1414110 1154.5
1414120 1154.5
1414130 1162.9
1414140 1169.6
1414150 1169.6
1414160 1175.8
1414170 1181.9
1414180 1188.2
1414190 1188.2
1414200 1195.1
1414210 1201.8
1414220 1201.8
1414230 1207.7
1414240 1214.6
1414250 1214.6
1414260 1223.3
1414270 1233.9
1414280 1233.9
1414290 1243.5
1414300 1252.1
1414310 1252.1
1414320 1261.8
1414330 1269.0
1414340 1269.0
1414350 1274.6
1414360 1280.8
1414370 1280.8
1414380 1287.8
1414390 1295.7
1414400 1295.7
1414410 1302.8
1414420 1309.5
1414430 1309.5
1414440 1314.4
1414450 1318.5
1414460 1318.5
1414470 1322.6
1414480 1326.0
1414490 1330.0
1414500 1330.0
1414510 1334.3
1414520 1334.8
1414530 1334.8
1414540 1336.5
1414550 1341.7
1414560 1341.7
1414570 1345.1
1414580 1347.0
1414590 1347.0
1414600 1350.1
1414610 1353.9
1414620 1353.9
1414630 1359.5
1414640 1366.3
1414650 1366.3
1414660 1370.3
1414670 1371.1
1414680 1362.1
1414690 1362.6
1414700 1363.8
1414710 1363.8
1414720 1364.8
1414730 1366.2
1414740 1366.2
1414750 1367.7
1414760 1370.7
1414770 1370.7
1414780 1375.4
1414790 1379.7
1414800 1379.7
1414810 1382.2
1414820 1381.9
1414830 1380.5
1414840 1380.5
1414850 1377.6
1414860 1373.3
1414870 1373.3
1414880 1368.6
1414890 1364.2
1414900 1364.2
1414910 1361.9
1414920 1368.7
1414930 1368.7
1414940 1372.2
1414950 1374.0
1414960 1374.0
1414970 1374.1
1414980 1373.7
1414990 1373.7
1415000 1372.7
1415010 1371.0
1415020 1371.0
1415030 1369.7
1415040 1365.6
1415050 1365.6
1415060 1356.6
1415070 1352.2
1415080 1352.2
1415090 1351.7
1415100 1357.0
1415110 1357.0
1415120 1355.5
1415130 1355.2
1415140 1354.1
1415150 1354.1
1415160 1356.5
1415170 1364.6
1415180 1364.6
1415190 1372.1
1415200 1374.5
1415210 1374.5
1415220 1375.5
1415230 1376.7
1415240 1376.7
1415250 1377.9
1415260 1379.4
1415270 1379.4
1415280 1380.2
1415290 1380.5
1415300 1380.5
1415310 1381.5
1415320 1382.7
1415330 1382.7
1415340 1383.6
1415350 1384.5
1415360 1384.5
1415370 1385.1
1415380 1385.1
1415390 1385.1
1415400 1379.1
1415410 1370.6
1415420 1370.6
1415430 1365.1
1415440 1359.7
1415450 1354.2
1415460 1354.2
1415470 1354.2
1415480 1360.3
1415490 1360.3
1415500 1364.9
1415510 1374.6
1415520 1374.6
1415530 1381.0
1415540 1383.0
1415550 1383.0
1415560 1385.8
1415570 1391.0
1415580 1391.0
1415590 1391.4
1415600 1390.9
1415610 1390.9
1415620 1389.1
1415630 1386.9
1415640 1386.9
1415650 1384.2
1415660 1381.3
1415670 1381.3
1415680 1378.4
1415690 1377.0
1415700 1377.0
1415710 1374.3
1415720 1371.6
1415730 1371.6
1415740 1368.9
1415750 1367.2
1415760 1365.0
1415770 1365.0
1415780 1360.8
1415790 1358.6
1415800 1358.6
1415810 1358.7
1415820 1356.6
1415830 1356.6
1415840 1354.8
1415850 1353.4
1415860 1353.4
1415870 1352.1
1415880 1349.7
1415890 1349.7
1415900 1348.8
1415910 1346.1
1415920 1346.1
1415930 1343.0
1415940 1343.2
1415950 1343.2
1415960 1342.1
1415970 1342.3
1415980 1342.3
1415990 1344.3
1416000 1345.7
1416010 1345.7
1416020 1347.2
1416030 1349.4
1416040 1349.4
1416050 1349.9
1416060 1349.6
1416070 1349.6
1416080 1347.8
1416090 1341.1
1416100 1333.5
1416110 1333.5
1416120 1326.0
1416130 1320.8
1416140 1320.8
1416150 1317.1
1416160 1311.3
1416170 1311.3
1416180 1301.3
1416190 1294.3
1416200 1294.3
1416210 1288.6
1416220 1281.0
1416230 1281.0
1416240 1274.1
1416250 1268.8
1416260 1268.8
1416270 1266.2
1416280 1254.3
1416290 1254.3
1416300 1236.8
1416310 1230.8
1416320 1230.8
1416330 1223.1
1416340 1210.6
1416350 1210.6
1416360 1206.8
1416370 1213.6
1416380 1213.6
1416390 1222.8
1416400 1230.3
1416410 1241.1
1416420 1241.1
1416430 1252.3
1416440 1262.6
1416450 1262.6
1416460 1270.7
1416470 1287.1
1416480 1287.1
1416490 1301.7
1416500 1321.4
1416510 1321.4
1416520 1339.0
1416530 1323.5
1416540 1323.5
1416550 1332.7
1416560 1343.2
1416570 1343.2
1416580 1356.7
1416590 1362.8
1416600 1362.8
1416610 1367.2
1416620 1370.4
1416630 1370.4
1416640 1373.9
1416650 1375.9
1416660 1375.9
1416670 1376.1
1416680 1374.8
1416690 1374.8
1416700 1374.3
1416710 1373.3
1416720 1370.3
1416730 1370.3
1416740 1367.8
1416750 1366.2
1416760 1366.2
1416770 1365.1
1416780 1362.6
1416790 1362.6
1416800 1359.7
1416810 1356.8
1416820 1356.8
1416830 1354.8
1416840 1352.9
1416850 1352.9
1416860 1351.7
1416870 1350.3
1416880 1350.3
1416890 1348.9
1416900 1346.8
1416910 1346.8
1416920 1346.3
1416930 1344.7
1416940 1344.7
1416950 1341.3
1416960 1336.3
1416970 1336.3
1416980 1329.5
1416990 1314.5
1417000 1314.5
1417010 1297.6
1417020 1287.0
1417030 1287.0
1417040 1278.1
1417050 1268.2
1417060 1261.2
1417070 1261.2
1417080 1257.5
1417090 1252.7
1417100 1252.7
1417110 1242.1
1417120 1234.7
1417130 1234.7
1417140 1227.1
1417150 1218.4
1417160 1218.4
1417170 1210.7
1417180 1203.7
1417190 1203.7
1417200 1196.7
1417210 1188.7
1417220 1188.7
1417230 1180.6
1417240 1173.4
1417250 1173.4
1417260 1168.9
1417270 1171.0
1417280 1171.0
1417290 1175.4
1417300 1176.3
1417310 1176.3
1417320 1174.0
1417330 1167.2
1417340 1167.2
1417350 1164.7
1417360 1165.2
1417370 1165.0
1417380 1165.0
1417390 1165.1
1417400 1164.9
1417410 1164.9
1417420 1166.0
1417430 1173.5
1417440 1173.5
1417450 1181.8
1417460 1187.7
1417470 1187.7
1417480 1191.7
1417490 1196.0
1417500 1196.0
1417510 1196.0
1417520 1198.1
1417530 1198.1
1417540 1202.6
1417550 1201.0
1417560 1201.0
1417570 1202.0
1417580 1205.3
1417590 1205.3
1417600 1208.6
1417610 1211.8
1417620 1211.8
1417630 1213.5
1417640 1212.4
1417650 1212.4
1417660 1209.5
1417670 1205.6
1417680 1200.7
1417690 1200.7
1417700 1195.1
1417710 1189.7
1417720 1189.7
1417730 1183.5
1417740 1176.6
1417750 1176.6
1417760 1169.6
1417770 1163.0
1417780 1163.0
1417790 1153.9
1417800 1141.0
1417810 1141.0
1417820 1128.8
1417830 1118.5
1417840 1118.5
1417850 1112.4
1417860 1114.1
1417870 1114.1
1417880 1116.9
1417890 1120.5
1417900 1120.5
1417910 1119.7
1417920 1116.8
1417930 1116.8
1417940 1114.1
1417950 1114.0
1417960 1114.0
1417970 1118.1
1417980 1122.7
1417990 1119.1
1418000 1119.1
1418010 1113.5
1418020 1106.0
1418030 1106.0
1418040 1100.3
1418050 1099.7
1418060 1099.7
1418070 1100.4
1418080 1099.9
1418090 1099.9
1418100 1100.1
1418110 1107.6
1418120 1107.6
1418130 1116.7
1418140 1125.3
1418150 1125.3
1418160 1133.7
1418170 1142.4
1418180 1142.4
1418190 1151.6
1418200 1164.9
1418210 1164.9
1418220 1179.1
1418230 1187.8
1418240 1187.8
1418250 1194.5
1418260 1199.9
1418270 1199.9
1418280 1205.3
1418290 1211.8
1418300 1211.8
1418310 1217.9
1418320 1222.8
1418330 1227.5
1418340 1227.5
1418350 1233.4
1418360 1240.5
1418370 1240.5
1418380 1247.7
1418390 1254.5
1418400 1254.5
1418410 1258.6
1418420 1260.1
1418430 1250.3
1418440 1251.0
1418450 1252.6
1418460 1252.6
1418470 1257.2
1418480 1263.1
1418490 1263.1
1418500 1259.7
1418510 1250.0
1418520 1250.0
1418530 1239.7
1418540 1232.9
1418550 1232.9
1418560 1230.3
1418570 1232.1
1418580 1232.1
1418590 1232.2
1418600 1230.9
1418610 1230.9
1418620 1227.6
1418630 1220.2
1418640 1211.0
1418650 1211.0
1418660 1203.0
1418670 1196.4
1418680 1196.4
1418690 1191.5
1418700 1183.9
1418710 1183.9
1418720 1176.3
1418730 1169.4
1418740 1169.4
1418750 1162.0
1418760 1154.3
1418770 1154.3
1418780 1146.1
1418790 1138.6
1418800 1138.6
1418810 1132.0
1418820 1126.1
1418830 1126.1
1418840 1121.9
1418850 1118.2
1418860 1118.2
1418870 1113.3
1418880 1109.7
1418890 1109.7
1418900 1105.7
1418910 1100.6
1418920 1100.6
1418930 1096.9
1418940 1093.8
1418950 1089.7
1418960 1089.7
1418970 1082.4
1418980 1075.4
1418990 1075.4
1419000 1069.0
1419010 1063.8
1419020 1063.8
1419030 1059.0
1419040 1053.4
1419050 1053.4
1419060 1045.3
1419070 1037.2
1419080 1037.2
1419090 1030.8
1419100 1022.3
1419110 1022.3
1419120 1013.8
1419130 1004.6
1419140 1004.6
1419150 993.4
1419160 985.8
1419170 985.8
1419180 981.3
1419190 978.7
1419200 978.7
1419210 975.9
1419220 972.5
1419230 972.5
1419240 968.4
1419250 964.9
1419260 964.9
1419270 961.1
1419280 958.4
1419290 956.0
1419300 956.0
1419310 953.1
1419320 948.7
1419330 948.7
1419340 944.0
1419350 939.9
1419360 939.9
1419370 937.5
1419380 935.3
1419390 935.3
1419400 929.8
1419410 926.8
1419420 926.8
1419430 928.2
1419440 929.1
1419450 929.1
1419460 933.5
1419470 940.4
1419480 940.4
1419490 944.9
1419500 950.4
1419510 950.4
1419520 955.5
1419530 960.2
1419540 960.2
1419550 965.6
1419560 969.6
1419570 969.6
1419580 972.0
1419590 972.0
1419600 970.9
1419610 970.9
1419620 970.3
1419630 970.0
1419640 970.0
1419650 969.4
1419660 970.4
1419670 970.4
1419680 969.8
1419690 970.7
1419700 970.7
1419710 974.3
1419720 977.8
1419730 977.8
1419740 979.7
1419750 979.2
1419760 979.2
1419770 978.7
1419780 982.8
1419790 982.8
1419800 985.3
1419810 979.5
1419820 979.5
1419830 971.8
1419840 964.3
1419850 964.3
1419860 957.4
1419870 948.9
1419880 948.9
1419890 949.1
1419900 951.7
1419910 951.7
1419920 951.7
1419930 958.2
1419940 965.6
1419950 965.6
1419960 972.0
1419970 975.8
1419980 975.8
1419990 976.8
