1400000 1008.5
1400010 1007.4
1400020 1006.3
1400030 1006.3
1400040 1006.5
1400050 1007.4
1400060 1007.4
1400070 1007.6
1400080 1007.1
1400090 1006.2
1400100 1006.2
1400110 1004.7
1400120 1003.1
1400130 1003.1
1400140 1001.7
1400150 1001.6
1400160 1001.6
1400170 1002.6
1400180 1003.2
1400190 1003.2
1400200 1002.5
1400210 1003.0
1400220 1003.0
1400230 1003.6
1400240 1003.5
1400250 1003.5
1400260 1003.1
1400270 1002.5
1400280 1002.5
1400290 1001.5
1400300 999.8
1400310 999.8
1400320 997.6
1400330 995.2
1400340 995.2
1400350 992.4
1400360 990.2
1400370 990.2
1400380 988.1
1400390 985.9
1400400 983.5
1400410 983.5
1400420 981.0
1400430 977.9
1400440 977.9
1400450 974.2
1400460 970.6
1400470 970.6
1400480 966.2
1400490 962.9
1400500 962.9
1400510 962.5
1400520 962.0
1400530 962.0
1400540 960.4
1400550 958.0
1400560 958.0
1400570 955.8
1400580 952.9
1400590 952.9
1400600 950.2
1400610 947.9
1400620 947.9
1400630 945.2
1400640 942.2
1400650 942.2
1400660 939.2
1400670 936.1
1400680 936.1
1400690 932.1
1400700 928.1
1400710 925.3
1400720 925.3
1400730 924.3
1400740 921.5
1400750 921.5
1400760 917.2
1400770 914.5
1400780 914.5
1400790 913.3
1400800 913.4
1400810 913.4
1400820 910.5
1400830 904.6
1400840 904.6
1400850 902.0
1400860 901.5
1400870 901.5
1400880 902.2
1400890 901.5
1400900 901.5
1400910 900.5
1400920 899.7
1400930 899.7
1400940 898.7
1400950 897.5
1400960 897.5
1400970 896.0
1400980 894.5
1400990 896.4
1401000 894.8
1401010 892.9
1401020 892.9
1401030 890.7
1401040 888.9
1401050 887.3
1401060 887.3
1401070 884.9
1401080 881.7
1401090 881.7
1401100 878.4
1401110 874.9
1401120 874.9
1401130 870.9
1401140 866.7
1401150 866.7
1401160 870.2
1401170 871.7
1401180 871.7
1401190 867.6
1401200 863.1
1401210 863.1
1401220 859.6
1401230 854.8
1401240 854.8
1401250 848.8
1401260 847.1
1401270 847.1
1401280 847.2
1401290 847.3
1401300 847.3
1401310 847.2
1401320 846.8
1401330 846.8
1401340 847.3
1401350 847.1
1401360 846.7
1401370 846.7
1401380 847.5
1401390 848.4
1401400 848.4
1401410 848.8
1401420 850.3
1401430 850.3
1401440 855.4
1401450 860.8
1401460 860.8
1401470 864.2
1401480 865.7
1401490 865.7
1401500 866.7
1401510 868.6
1401520 868.6
1401530 871.2
1401540 873.5
1401550 873.5
1401560 875.8
1401570 877.8
1401580 877.8
1401590 879.3
1401600 881.5
1401610 881.5
1401620 883.3
1401630 884.8
1401640 884.8
1401650 886.2
1401660 887.5
1401670 888.7
1401680 888.7
1401690 889.4
1401700 890.0
1401710 890.0
1401720 891.1
1401730 892.4
1401740 892.4
1401750 893.6
1401760 894.8
1401770 894.8
1401780 895.9
1401790 897.2
1401800 897.2
1401810 898.7
1401820 900.3
1401830 900.3
1401840 903.5
1401850 907.3
1401860 907.3
1401870 911.3
1401880 916.4
1401890 916.4
1401900 922.2
1401910 928.1
1401920 928.1
1401930 934.1
1401940 939.8
1401950 939.8
1401960 942.5
1401970 943.9
1401980 945.2
1401990 945.2
1402000 946.7
1402010 948.2
1402020 948.2
1402030 949.6
1402040 950.9
1402050 950.9
1402060 952.1
1402070 951.9
1402080 951.9
1402090 952.5
1402100 953.2
1402110 953.2
1402120 954.4
1402130 958.4
1402140 958.4
1402150 960.0
1402160 961.6
1402170 961.6
1402180 963.6
1402190 965.2
1402200 965.2
1402210 966.8
1402220 968.1
1402230 968.1
1402240 969.7
1402250 971.1
1402260 971.1
1402270 972.4
1402280 973.7
1402290 973.7
1402300 974.9
1402310 976.0
1402320 977.0
1402330 977.0
1402340 978.0
1402350 979.1
1402360 979.1
1402370 979.9
1402380 980.5
1402390 980.5
1402400 980.6
1402410 980.4
1402420 980.4
1402430 980.4
1402440 980.3
1402450 980.3
1402460 980.1
1402470 979.9
1402480 979.9
1402490 977.6
1402500 970.7
1402510 970.7
1402520 968.8
1402530 974.2
1402540 974.2
1402550 981.2
1402560 988.3
1402570 988.3
1402580 990.7
1402590 991.9
1402600 991.9
1402610 991.5
1402620 990.7
1402630 992.7
1402640 992.7
1402650 995.4
1402660 998.6
1402670 998.6
1402680 1000.0
1402690 1002.7
1402700 1002.7
1402710 1005.8
1402720 1005.6
1402730 1005.6
1402740 1002.9
1402750 1004.4
1402760 1004.4
1402770 1008.2
1402780 1010.0
1402790 1010.0
1402800 1012.0
1402810 1013.2
1402820 1013.2
1402830 1012.3
1402840 1012.9
1402850 1012.9
1402860 1016.2
1402870 1020.7
1402880 1020.7
1402890 1023.1
1402900 1023.7
1402910 1023.7
1402920 1023.0
1402930 1023.9
1402940 1027.7
1402950 1027.7
1402960 1031.9
1402970 1033.1
1402980 1033.1
1402990 1032.4
1403000 1032.7
1403010 1032.7
1403020 1034.7
1403030 1035.2
1403040 1035.2
1403050 1038.5
1403060 1038.0
1403070 1038.0
1403080 1040.8
1403090 1046.5
1403100 1046.5
1403110 1046.5
1403120 1047.1
1403130 1047.1
1403140 1050.1
1403150 1051.7
1403160 1051.7
1403170 1049.7
1403180 1045.8
1403190 1045.8
1403200 1048.7
1403210 1053.9
1403220 1053.9
1403230 1056.8
1403240 1058.4
1403250 1058.4
1403260 1059.7
1403270 1060.1
1403280 1061.8
1403290 1061.8
1403300 1063.2
1403310 1064.5
1403320 1064.5
1403330 1065.6
1403340 1066.4
1403350 1066.4
1403360 1067.1
1403370 1067.7
1403380 1067.7
1403390 1068.6
1403400 1069.3
1403410 1069.3
1403420 1069.9
1403430 1070.9
1403440 1070.9
1403450 1071.7
1403460 1072.6
1403470 1072.6
1403480 1074.1
1403490 1075.3
1403500 1075.3
1403510 1075.9
1403520 1076.5
1403530 1076.5
1403540 1078.8
1403550 1080.5
1403560 1080.5
1403570 1081.0
1403580 1082.2
1403590 1083.5
1403600 1083.5
1403610 1085.9
1403620 1087.0
1403630 1087.0
1403640 1087.8
1403650 1088.6
1403660 1088.6
1403670 1089.5
1403680 1089.5
1403690 1089.5
1403700 1090.1
1403710 1091.6
1403720 1091.6
1403730 1093.9
1403740 1095.8
1403750 1095.8
1403760 1096.3
1403770 1096.1
1403780 1096.1
1403790 1092.6
1403800 1087.9
1403810 1087.9
1403820 1087.6
1403830 1093.9
1403840 1093.9
1403850 1096.2
1403860 1096.2
1403870 1096.2
1403880 1100.9
1403890 1104.3
1403900 1105.7
1403910 1105.7
1403920 1106.7
1403930 1107.2
1403940 1107.2
1403950 1108.3
1403960 1107.6
1403970 1107.6
1403980 1107.8
1403990 1114.0
1404000 1114.0
1404010 1120.4
1404020 1124.5
1404030 1124.5
1404040 1128.2
1404050 1132.7
1404060 1132.7
1404070 1137.3
1404080 1142.4
1404090 1142.4
1404100 1149.7
1404110 1151.2
1404120 1151.2
1404130 1153.5
1404140 1155.4
1404150 1155.4
1404160 1157.4
1404170 1158.9
1404180 1158.9
1404190 1159.7
1404200 1161.2
1404210 1161.2
1404220 1163.0
1404230 1164.4
1404240 1165.3
1404250 1165.3
1404260 1166.0
1404270 1167.2
1404280 1167.2
1404290 1168.4
1404300 1169.4
1404310 1169.4
1404320 1170.8
1404330 1171.4
1404340 1171.4
1404350 1170.6
1404360 1172.0
1404370 1172.0
1404380 1173.6
1404390 1174.6
1404400 1174.6
1404410 1176.0
1404420 1176.7
1404430 1176.7
1404440 1177.1
1404450 1177.7
1404460 1177.7
1404470 1178.4
1404480 1179.4
1404490 1179.4
1404500 1180.1
1404510 1180.7
1404520 1180.7
1404530 1180.9
1404540 1181.0
1404550 1181.0
1404560 1181.0
1404570 1181.2
1404580 1181.3
1404590 1181.3
1404600 1181.5
1404610 1181.8
1404620 1181.8
1404630 1181.9
1404640 1181.9
1404650 1181.9
1404660 1181.8
1404670 1181.5
1404680 1181.5
1404690 1181.6
1404700 1181.5
1404710 1181.5
1404720 1181.1
1404730 1180.8
1404740 1180.8
1404750 1180.6
1404760 1180.1
1404770 1180.1
1404780 1179.4
1404790 1178.5
1404800 1178.5
1404810 1178.1
1404820 1177.3
1404830 1177.3
1404840 1176.9
1404850 1175.9
1404860 1175.4
1404870 1175.4
1404880 1174.7
1404890 1173.4
1404900 1173.4
1404910 1172.9
1404920 1172.2
1404930 1172.2
1404940 1171.2
1404950 1170.0
1404960 1170.0
1404970 1168.9
1404980 1166.8
1404990 1166.8
1405000 1165.5
1405010 1165.1
1405020 1165.1
1405030 1163.9
1405040 1162.2
1405050 1162.2
1405060 1160.7
1405070 1159.1
1405080 1159.1
1405090 1157.2
1405100 1154.1
1405110 1154.1
1405120 1150.2
1405130 1147.4
1405140 1147.4
1405150 1149.1
1405160 1147.7
1405170 1147.7
1405180 1143.9
1405190 1145.3
1405200 1146.2
1405210 1146.2
1405220 1143.0
1405230 1142.1
1405240 1142.1
1405250 1141.8
1405260 1139.0
1405270 1139.0
1405280 1138.0
1405290 1136.3
1405300 1136.3
1405310 1134.5
1405320 1133.5
1405330 1133.5
1405340 1131.8
1405350 1130.0
1405360 1130.0
1405370 1128.1
1405380 1127.3
1405390 1127.3
1405400 1126.6
1405410 1123.8
1405420 1123.8
1405430 1120.8
1405440 1118.0
1405450 1118.0
1405460 1116.3
1405470 1113.0
1405480 1113.0
1405490 1105.9
1405500 1101.4
1405510 1104.2
1405520 1104.2
1405530 1104.1
1405540 1102.3
1405550 1102.3
1405560 1100.0
1405570 1097.9
1405580 1097.9
1405590 1093.3
1405600 1088.5
1405610 1088.5
1405620 1089.5
1405630 1089.6
1405640 1089.6
1405650 1088.3
1405660 1084.3
1405670 1084.3
1405680 1082.2
1405690 1081.0
1405700 1081.0
1405710 1078.1
1405720 1072.3
1405730 1072.3
1405740 1072.1
1405750 1070.2
1405760 1070.2
1405770 1063.9
1405780 1055.1
1405790 1055.1
1405800 1047.3
1405810 1040.2
1405820 1037.6
1405830 1037.6
1405840 1035.1
1405850 1032.9
1405860 1032.9
1405870 1042.3
1405880 1046.9
1405890 1046.9
1405900 1045.6
1405910 1043.4
1405920 1043.4
1405930 1039.5
1405940 1032.7
1405950 1032.7
1405960 1030.0
1405970 1032.4
1405980 1032.4
1405990 1037.4
1406000 1042.8
1406010 1042.8
1406020 1045.1
1406030 1048.8
1406040 1048.8
1406050 1053.7
1406060 1058.0
1406070 1058.0
1406080 1060.7
1406090 1063.3
1406100 1063.3
1406110 1065.7
1406120 1067.8
1406130 1069.1
1406140 1069.1
1406150 1068.3
1406160 1066.5
1406170 1066.5
1406180 1063.7
1406190 1059.2
1406200 1059.2
1406210 1055.4
1406220 1052.7
1406230 1052.7
1406240 1050.5
1406250 1048.4
1406260 1048.4
1406270 1044.6
1406280 1039.6
1406290 1039.6
1406300 1038.3
1406310 1040.1
1406320 1040.1
1406330 1040.6
1406340 1040.7
1406350 1040.7
1406360 1041.2
1406370 1041.4
1406380 1041.4
1406390 1040.5
1406400 1039.2
1406410 1039.2
1406420 1038.0
1406430 1036.3
1406440 1036.3
1406450 1034.9
1406460 1034.0
1406470 1031.7
1406480 1031.7
1406490 1028.4
1406500 1026.6
1406510 1026.6
1406520 1025.6
1406530 1024.4
1406540 1024.4
1406550 1022.9
1406560 1021.3
1406570 1021.3
1406580 1020.4
1406590 1020.2
1406600 1020.2
1406610 1018.5
1406620 1016.0
1406630 1016.0
1406640 1013.9
1406650 1010.6
1406660 1010.6
1406670 1006.1
1406680 1003.3
1406690 1003.3
1406700 1001.9
1406710 1004.2
1406720 1004.2
1406730 1004.6
1406740 1002.9
1406750 1002.9
1406760 1000.9
1406770 999.4
1406780 997.8
1406790 997.8
1406800 996.1
1406810 994.7
1406820 994.7
1406830 992.1
1406840 990.0
1406850 990.0
1406860 989.7
1406870 990.0
1406880 990.0
1406890 988.0
1406900 985.2
1406910 985.2
1406920 983.7
1406930 981.9
1406940 981.9
1406950 980.2
1406960 978.4
1406970 978.4
1406980 976.9
1406990 976.7
1407000 976.7
1407010 976.6
1407020 976.4
1407030 976.4
1407040 976.1
1407050 975.8
1407060 975.8
1407070 975.6
1407080 975.5
1407090 975.4
1407100 975.4
1407110 975.4
1407120 975.5
1407130 975.5
1407140 975.5
1407150 975.5
1407160 975.5
1407170 975.5
1407180 975.5
1407190 975.5
1407200 975.5
1407210 975.2
1407220 975.2
1407230 974.8
1407240 974.3
1407250 974.3
1407260 973.9
1407270 973.8
1407280 973.8
1407290 974.0
1407300 972.9
1407310 972.9
1407320 971.7
1407330 971.2
1407340 972.2
1407350 971.7
1407360 971.2
1407370 971.2
1407380 970.8
1407390 970.7
1407400 970.7
1407410 970.4
1407420 970.0
1407430 968.4
1407440 968.4
1407450 967.3
1407460 967.2
1407470 967.2
1407480 967.4
1407490 967.3
1407500 967.3
1407510 966.6
1407520 965.9
1407530 965.9
1407540 965.3
1407550 964.9
1407560 964.9
1407570 964.5
1407580 964.1
1407590 964.1
1407600 963.7
1407610 963.1
1407620 963.1
1407630 962.8
1407640 962.9
1407650 962.9
1407660 963.0
1407670 963.3
1407680 963.3
1407690 963.5
1407700 963.8
1407710 963.8
1407720 964.1
1407730 964.2
1407740 963.9
1407750 963.9
1407760 963.7
1407770 963.7
1407780 963.7
1407790 963.5
1407800 963.3
1407810 963.3
1407820 963.1
1407830 962.9
1407840 962.9
1407850 962.8
1407860 962.7
1407870 962.7
1407880 962.6
1407890 962.5
1407900 962.5
1407910 962.4
1407920 962.3
1407930 962.3
1407940 962.2
1407950 962.1
1407960 962.1
1407970 962.1
1407980 962.0
1407990 962.0
1408000 962.0
1408010 962.0
1408020 962.0
1408030 962.0
1408040 962.0
1408050 962.1
1408060 962.1
1408070 962.0
1408080 962.1
1408090 962.1
1408100 962.1
1408110 961.7
1408120 961.7
1408130 961.4
1408140 961.2
1408150 961.2
1408160 961.0
1408170 960.8
1408180 960.8
1408190 960.7
1408200 960.6
1408210 960.6
1408220 960.5
1408230 960.5
1408240 960.5
1408250 960.6
1408260 960.6
1408270 960.6
1408280 960.6
1408290 960.7
1408300 960.7
1408310 960.8
1408320 960.9
1408330 960.9
1408340 960.6
1408350 960.5
1408360 960.5
1408370 960.4
1408380 960.4
1408390 960.3
1408400 960.3
1408410 960.3
1408420 960.6
1408430 960.6
1408440 960.7
1408450 961.0
1408460 961.0
1408470 961.4
1408480 961.7
1408490 961.7
1408500 962.0
1408510 962.4
1408520 962.4
1408530 962.7
1408540 963.0
1408550 963.0
1408560 963.2
1408570 963.1
1408580 963.1
1408590 963.2
1408600 963.3
1408610 963.3
1408620 961.3
1408630 960.5
1408640 960.5
1408650 960.1
1408660 960.1
1408670 960.1
1408680 959.9
1408690 959.8
1408700 959.6
1408710 959.6
1408720 959.3
1408730 958.9
1408740 958.9
1408750 958.8
1408760 958.8
1408770 958.8
1408780 959.3
1408790 959.7
1408800 959.7
1408810 959.9
1408820 959.9
1408830 959.9
1408840 959.2
1408850 959.0
1408860 959.0
1408870 958.8
1408880 958.6
1408890 958.6
1408900 958.6
1408910 960.0
1408920 960.0
1408930 962.4
1408940 964.5
1408950 964.5
1408960 965.9
1408970 966.7
1408980 966.7
1408990 967.4
1409000 968.3
1409010 969.1
1409020 967.3
1409030 967.2
1409040 967.7
1409050 967.7
1409060 968.2
1409070 968.6
1409080 968.6
1409090 968.1
1409100 967.1
1409110 967.1
1409120 967.3
1409130 967.2
1409140 967.2
1409150 966.7
1409160 966.1
1409170 966.1
1409180 965.4
1409190 964.5
1409200 964.5
1409210 963.8
1409220 964.0
1409230 964.0
1409240 965.0
1409250 966.3
1409260 966.3
1409270 967.8
1409280 968.4
1409290 968.4
1409300 969.2
1409310 969.4
1409320 969.8
1409330 969.8
1409340 970.6
1409350 971.3
1409360 971.3
1409370 971.7
1409380 971.9
1409390 971.9
1409400 971.9
1409410 971.7
1409420 971.7
1409430 971.7
1409440 971.4
1409450 971.4
1409460 971.7
1409470 973.3
1409480 973.3
1409490 975.6
1409500 976.9
1409510 976.9
1409520 977.1
1409530 977.8
1409540 977.8
1409550 978.8
1409560 979.7
1409570 979.7
1409580 980.2
1409590 980.4
1409600 980.4
1409610 980.7
1409620 981.1
1409630 981.1
1409640 981.0
1409650 980.7
1409660 980.5
1409670 980.5
1409680 980.8
1409690 981.1
1409700 981.1
1409710 981.5
1409720 981.9
1409730 981.9
1409740 982.1
1409750 982.0
1409760 982.0
1409770 982.5
1409780 983.2
1409790 983.2
1409800 984.1
1409810 984.2
1409820 984.2
1409830 984.9
1409840 985.4
1409850 985.4
1409860 985.2
1409870 984.9
1409880 984.9
1409890 984.8
1409900 984.3
1409910 984.3
1409920 983.7
1409930 983.7
1409940 983.7
1409950 983.4
1409960 983.2
1409970 983.7
1409980 983.7
1409990 984.4
1410000 985.3
1410010 985.3
1410020 986.6
1410030 988.0
1410040 988.0
1410050 989.4
1410060 990.6
1410070 990.6
1410080 991.7
1410090 992.6
1410100 992.6
1410110 993.0
1410120 991.1
1410130 991.1
1410140 990.1
1410150 988.3
1410160 988.3
1410170 989.8
1410180 996.2
1410190 996.2
1410200 998.0
1410210 997.8
1410220 997.8
1410230 997.0
1410240 996.9
1410250 996.9
1410260 996.3
1410270 995.2
1410280 995.4
1410290 995.4
1410300 996.6
1410310 997.6
1410320 997.6
1410330 998.8
1410340 1000.7
1410350 1000.7
1410360 1002.0
1410370 1002.9
1410380 1002.9
1410390 1003.3
1410400 1003.4
1410410 1003.4
1410420 1002.6
1410430 1003.2
1410440 1003.2
1410450 1003.2
1410460 1004.0
1410470 1004.0
1410480 1003.8
1410490 1005.0
1410500 1005.0
1410510 1005.8
1410520 1006.0
1410530 1006.0
1410540 1006.2
1410550 1003.8
1410560 1003.8
1410570 1005.2
1410580 1004.1
1410590 1004.1
1410600 1007.9
1410610 1009.5
1410620 1010.3
1410630 1010.3
1410640 1011.1
1410650 1012.7
1410660 1012.7
1410670 1014.4
1410680 1011.7
1410690 1011.7
1410700 1012.5
1410710 1017.5
1410720 1017.5
1410730 1016.0
1410740 1014.2
1410750 1014.2
1410760 1015.3
1410770 1018.5
1410780 1018.5
1410790 1020.8
1410800 1021.4
1410810 1021.4
1410820 1019.0
1410830 1020.0
1410840 1020.0
1410850 1021.0
1410860 1024.8
1410870 1024.8
1410880 1028.6
1410890 1027.4
1410900 1027.4
1410910 1018.8
1410920 1020.8
1410930 1028.0
1410940 1028.0
1410950 1033.2
1410960 1039.1
1410970 1039.1
1410980 1042.0
1410990 1038.8
1411000 1038.8
1411010 1033.6
1411020 1027.6
1411030 1027.6
1411040 1025.0
1411050 1021.2
1411060 1021.2
1411070 1019.0
1411080 1023.2
1411090 1023.2
1411100 1031.0
1411110 1036.9
1411120 1036.9
1411130 1041.2
1411140 1042.5
1411150 1042.5
1411160 1042.0
1411170 1040.5
1411180 1040.5
1411190 1037.6
1411200 1037.7
1411210 1037.7
1411220 1039.9
1411230 1043.3
1411240 1047.9
1411250 1047.9
1411260 1053.5
1411270 1058.5
1411280 1058.5
1411290 1063.0
1411300 1067.0
1411310 1067.0
1411320 1071.0
1411330 1070.0
1411340 1070.0
1411350 1065.4
1411360 1061.6
1411370 1061.6
1411380 1058.2
1411390 1054.0
1411400 1054.0
1411410 1050.7
1411420 1046.1
1411430 1046.1
1411440 1043.1
1411450 1046.9
1411460 1046.9
1411470 1053.6
1411480 1061.3
1411490 1061.3
1411500 1069.6
1411510 1078.8
1411520 1078.8
1411530 1087.8
1411540 1093.2
1411550 1091.6
1411560 1091.6
1411570 1089.7
1411580 1088.4
1411590 1088.4
1411600 1085.1
1411610 1078.3
1411620 1078.3
1411630 1070.2
1411640 1062.1
1411650 1062.1
1411660 1058.0
1411670 1063.8
1411680 1063.8
1411690 1069.4
1411700 1069.7
1411710 1069.7
1411720 1066.8
1411730 1069.5
1411740 1069.5
1411750 1065.9
1411760 1057.5
1411770 1057.5
1411780 1054.9
1411790 1053.9
1411800 1053.9
1411810 1049.8
1411820 1048.8
1411830 1048.8
1411840 1049.8
1411850 1050.8
1411860 1050.8
1411870 1051.5
1411880 1053.6
1411890 1055.6
1411900 1055.6
1411910 1060.4
1411920 1061.7
1411930 1061.7
1411940 1068.7
1411950 1076.4
1411960 1076.4
1411970 1084.3
1411980 1092.1
1411990 1092.1
1412000 1097.1
1412010 1099.8
1412020 1099.8
1412030 1104.4
1412040 1107.7
1412050 1107.7
1412060 1108.3
1412070 1110.1
1412080 1110.1
1412090 1112.9
1412100 1116.6
1412110 1116.6
1412120 1121.2
1412130 1127.9
1412140 1127.9
1412150 1135.1
1412160 1141.8
1412170 1141.8
1412180 1150.5
1412190 1158.8
1412200 1165.5
1412210 1165.5
1412220 1169.3
1412230 1172.6
1412240 1172.6
1412250 1177.6
1412260 1182.2
1412270 1182.2
1412280 1186.0
1412290 1187.7
1412300 1187.7
1412310 1188.8
1412320 1186.5
1412330 1186.5
1412340 1182.8
1412350 1178.0
1412360 1178.0
1412370 1175.1
1412380 1177.1
1412390 1177.1
1412400 1182.0
1412410 1184.8
1412420 1184.8
1412430 1183.6
1412440 1183.1
1412450 1183.1
1412460 1183.8
1412470 1185.6
1412480 1187.0
1412490 1189.9
1412500 1187.5
1412510 1185.1
1412520 1185.1
1412530 1185.7
1412540 1189.5
1412550 1189.5
1412560 1191.9
1412570 1190.7
1412580 1190.7
1412590 1184.5
1412600 1177.2
1412610 1177.2
1412620 1168.9
1412630 1160.0
1412640 1160.0
1412650 1152.5
1412660 1154.5
1412670 1154.5
1412680 1158.1
1412690 1153.6
1412700 1153.6
1412710 1152.8
1412720 1145.5
1412730 1145.5
1412740 1141.6
1412750 1137.0
1412760 1137.0
1412770 1133.5
1412780 1130.1
1412790 1130.1
1412800 1136.3
1412810 1147.9
1412820 1147.9
1412830 1158.1
1412840 1165.0
1412850 1167.2
1412860 1167.2
1412870 1171.8
1412880 1178.0
1412890 1178.0
1412900 1186.8
1412910 1196.3
1412920 1196.3
1412930 1206.5
1412940 1215.0
1412950 1215.0
1412960 1222.9
1412970 1230.3
1412980 1230.3
1412990 1235.7
1413000 1238.2
1413010 1238.2
1413020 1238.1
1413030 1236.5
1413040 1236.5
1413050 1236.7
1413060 1238.3
1413070 1238.3
1413080 1243.7
1413090 1248.1
1413100 1248.1
1413110 1252.7
1413120 1256.3
1413130 1256.3
1413140 1259.3
1413150 1262.2
1413160 1265.4
1413170 1265.4
1413180 1267.5
1413190 1268.6
1413200 1268.6
1413210 1265.3
1413220 1253.6
1413230 1253.6
1413240 1247.2
1413250 1240.8
1413260 1240.8
1413270 1235.0
1413280 1230.1
1413290 1230.1
1413300 1225.2
1413310 1220.4
1413320 1220.4
1413330 1218.3
1413340 1215.5
1413350 1215.5
1413360 1210.3
1413370 1205.7
1413380 1205.7
1413390 1202.1
1413400 1198.3
1413410 1198.3
1413420 1190.1
1413430 1189.6
1413440 1189.6
1413450 1196.4
1413460 1205.1
1413470 1210.8
1413480 1210.8
1413490 1216.7
1413500 1216.8
1413510 1216.8
1413520 1217.8
1413530 1219.8
1413540 1219.8
1413550 1227.2
1413560 1233.0
1413570 1233.0
1413580 1234.1
1413590 1234.1
1413600 1234.1
1413610 1230.9
1413620 1225.8
1413630 1225.8
1413640 1222.5
1413650 1221.2
1413660 1221.2
1413670 1223.5
1413680 1217.2
1413690 1217.2
1413700 1209.6
1413710 1199.4
1413720 1199.4
1413730 1189.1
1413740 1180.9
1413750 1180.9
1413760 1172.3
1413770 1165.2
1413780 1171.6
1413790 1171.6
1413800 1176.6
1413810 1180.5
1413820 1180.5
1413830 1188.3
1413840 1195.6
1413850 1195.6
1413860 1201.5
1413870 1195.5
1413880 1195.5
1413890 1193.2
1413900 1196.1
1413910 1196.1
1413920 1197.2
1413930 1192.4
1413940 1192.4
1413950 1187.3
1413960 1182.1
1413970 1182.1
1413980 1175.9
1413990 1170.5
1414000 1170.5
1414010 1165.5
1414020 1162.9
1414030 1162.9
1414040 1160.5
1414050 1157.6
1414060 1157.6
1414070 1155.6
1414080 1153.4
1414090 1153.4
1414100 1149.5
1414110 1146.5
1414120 1149.2
1414130 1149.2
1414140 1156.4
1414150 1161.2
1414160 1161.2
1414170 1167.6
1414180 1175.7
1414190 1175.7
1414200 1182.6
1414210 1189.7
1414220 1189.7
1414230 1197.2
1414240 1205.9
1414250 1205.9
1414260 1219.9
1414270 1223.6
1414280 1223.6
1414290 1236.8
1414300 1247.2
1414310 1247.2
1414320 1258.8
1414330 1274.0
1414340 1274.0
1414350 1283.3
1414360 1291.3
1414370 1291.3
1414380 1297.9
1414390 1304.6
1414400 1304.6
1414410 1310.9
1414420 1318.5
1414430 1327.8
1414440 1327.8
1414450 1336.3
1414460 1345.8
1414470 1345.8
1414480 1353.7
1414490 1359.6
1414500 1359.6
1414510 1364.0
1414520 1368.8
1414530 1368.8
1414540 1373.0
1414550 1376.7
1414560 1376.7
1414570 1380.5
1414580 1384.5
1414590 1384.5
1414600 1385.2
1414610 1387.0
1414620 1387.0
1414630 1393.5
1414640 1401.7
1414650 1401.7
1414660 1408.7
1414670 1415.5
1414680 1415.5
1414690 1421.4
1414700 1424.1
1414710 1424.1
1414720 1429.4
1414730 1432.9
1414740 1435.1
1414750 1435.1
1414760 1436.9
1414770 1438.9
1414780 1438.9
1414790 1441.7
1414800 1442.8
1414810 1442.8
1414820 1443.1
1414830 1443.5
1414840 1443.5
1414850 1443.2
1414860 1443.0
1414870 1443.0
1414880 1441.3
1414890 1438.8
1414900 1438.8
1414910 1434.3
1414920 1430.2
1414930 1430.2
1414940 1431.6
1414950 1431.8
1414960 1431.8
1414970 1434.2
1414980 1434.8
1414990 1434.8
1415000 1434.8
1415010 1434.1
1415020 1434.1
1415030 1432.8
1415040 1432.1
1415050 1432.1
1415060 1431.7
1415070 1431.0
1415080 1430.4
1415090 1430.4
1415100 1429.8
1415110 1428.9
1415120 1428.9
1415130 1424.7
1415140 1417.1
1415150 1417.1
1415160 1408.8
1415170 1408.6
1415180 1408.6
1415190 1416.9
1415200 1420.1
1415210 1420.1
1415220 1423.8
1415230 1426.7
1415240 1426.7
1415250 1431.6
1415260 1434.7
1415270 1434.7
1415280 1436.1
1415290 1436.7
1415300 1436.7
1415310 1436.1
1415320 1434.5
1415330 1434.5
1415340 1432.5
1415350 1431.6
1415360 1431.6
1415370 1430.6
1415380 1429.8
1415390 1428.1
1415400 1428.1
1415410 1425.0
1415420 1423.7
1415430 1423.7
1415440 1420.1
1415450 1416.6
1415460 1416.6
1415470 1412.1
1415480 1405.9
1415490 1405.9
1415500 1398.2
1415510 1402.6
1415520 1402.6
1415530 1413.4
1415540 1421.4
1415550 1421.4
1415560 1427.4
1415570 1431.8
1415580 1431.8
1415590 1433.9
1415600 1432.9
1415610 1432.9
1415620 1430.4
1415630 1427.3
1415640 1427.3
1415650 1424.4
1415660 1420.7
1415670 1420.7
1415680 1416.4
1415690 1411.8
1415700 1407.2
1415710 1407.2
1415720 1403.5
1415730 1401.6
1415740 1401.6
1415750 1399.5
1415760 1396.0
1415770 1396.0
1415780 1396.1
1415790 1398.8
1415800 1398.8
1415810 1399.4
1415820 1397.0
1415830 1397.0
1415840 1393.3
1415850 1390.0
1415860 1390.0
1415870 1390.3
1415880 1390.4
1415890 1390.4
1415900 1388.5
1415910 1386.4
1415920 1386.4
1415930 1385.4
1415940 1384.4
1415950 1384.4
1415960 1384.1
1415970 1383.9
1415980 1383.9
1415990 1382.0
1416000 1375.5
1416010 1367.1
1416020 1367.1
1416030 1359.4
1416040 1351.7
1416050 1351.7
1416060 1344.0
1416070 1338.6
1416080 1338.6
1416090 1336.2
1416100 1335.4
1416110 1329.2
1416120 1326.8
1416130 1324.0
1416140 1324.0
1416150 1321.7
1416160 1315.9
1416170 1315.9
1416180 1311.4
1416190 1310.3
1416200 1310.3
1416210 1311.6
1416220 1311.8
1416230 1311.8
1416240 1314.7
1416250 1315.1
1416260 1315.1
1416270 1314.9
1416280 1318.5
1416290 1318.5
1416300 1321.2
1416310 1324.6
1416320 1324.6
1416330 1322.8
1416340 1308.9
1416350 1292.6
1416360 1292.6
1416370 1289.0
1416380 1299.4
1416390 1299.4
1416400 1302.9
1416410 1296.0
1416420 1296.0
1416430 1289.6
1416440 1282.8
1416450 1282.8
1416460 1276.5
1416470 1266.8
1416480 1266.8
1416490 1269.1
1416500 1281.4
1416510 1281.4
1416520 1292.3
1416530 1305.5
1416540 1305.5
1416550 1311.6
1416560 1318.2
1416570 1318.2
1416580 1342.2
1416590 1371.9
1416600 1371.9
1416610 1402.2
1416620 1411.9
1416630 1411.9
1416640 1416.1
1416650 1415.9
1416660 1415.1
1416670 1415.1
1416680 1414.7
1416690 1414.5
1416700 1414.5
1416710 1414.6
1416720 1414.1
1416730 1414.1
1416740 1413.0
1416750 1411.3
1416760 1411.3
1416770 1408.9
1416780 1406.3
1416790 1406.3
1416800 1404.3
1416810 1402.4
1416820 1402.4
1416830 1398.3
1416840 1392.6
1416850 1392.6
1416860 1386.3
1416870 1373.9
1416880 1373.9
1416890 1365.6
1416900 1357.0
1416910 1357.0
1416920 1348.2
1416930 1335.4
1416940 1335.4
1416950 1326.6
1416960 1318.0
1416970 1311.1
1416980 1311.1
1416990 1308.4
1417000 1305.2
1417010 1305.2
1417020 1300.1
1417030 1304.9
1417040 1304.9
1417050 1303.6
1417060 1301.4
1417070 1301.4
1417080 1297.1
1417090 1292.9
1417100 1292.9
1417110 1285.5
1417120 1278.7
1417130 1278.7
1417140 1268.5
1417150 1258.2
1417160 1258.2
1417170 1255.2
1417180 1256.3
1417190 1256.3
1417200 1252.7
1417210 1253.6
1417220 1253.6
1417230 1257.3
1417240 1253.6
1417250 1253.6
1417260 1251.4
1417270 1246.0
1417280 1246.0
1417290 1240.4
1417300 1234.0
1417310 1227.3
1417320 1227.3
1417330 1216.4
1417340 1206.7
1417350 1206.7
1417360 1205.2
1417370 1204.4
1417380 1204.4
1417390 1203.5
1417400 1202.4
1417410 1202.4
1417420 1208.6
1417430 1216.5
1417440 1216.5
1417450 1222.5
1417460 1229.4
1417470 1229.4
1417480 1238.2
1417490 1246.0
1417500 1246.0
1417510 1248.5
1417520 1247.8
1417530 1247.8
1417540 1247.6
1417550 1247.2
1417560 1247.2
1417570 1247.3
1417580 1246.5
1417590 1246.5
1417600 1242.8
1417610 1234.9
1417620 1227.3
1417630 1227.3
1417640 1219.5
1417650 1211.3
1417660 1211.3
1417670 1201.6
1417680 1190.2
1417690 1190.2
1417700 1178.8
1417710 1166.1
1417720 1166.1
1417730 1155.6
1417740 1154.8
1417750 1154.8
1417760 1157.2
1417770 1158.6
1417780 1158.6
1417790 1158.2
1417800 1160.1
1417810 1160.1
1417820 1159.0
1417830 1157.2
1417840 1157.2
1417850 1156.5
1417860 1155.8
1417870 1155.8
1417880 1155.7
1417890 1156.8
1417900 1156.8
1417910 1159.0
1417920 1161.9
1417930 1163.7
1417940 1163.7
1417950 1156.1
1417960 1147.1
1417970 1147.1
1417980 1138.3
1417990 1131.6
1418000 1129.1
1418010 1126.9
1418020 1131.6
1418030 1131.6
1418040 1137.3
1418050 1133.7
1418060 1133.7
1418070 1123.7
1418080 1121.9
1418090 1121.9
1418100 1128.8
1418110 1134.9
1418120 1134.9
1418130 1140.8
1418140 1148.7
1418150 1148.7
1418160 1159.2
1418170 1170.6
1418180 1170.6
1418190 1177.4
1418200 1183.8
1418210 1183.8
1418220 1190.8
1418230 1197.2
1418240 1197.2
1418250 1204.7
1418260 1212.8
1418270 1220.3
1418280 1220.3
1418290 1227.5
1418300 1234.3
1418310 1234.3
1418320 1241.7
1418330 1249.1
1418340 1249.1
1418350 1256.2
1418360 1263.7
1418370 1263.7
1418380 1271.1
1418390 1278.3
1418400 1278.3
1418410 1285.8
1418420 1293.1
1418430 1293.1
1418440 1299.9
1418450 1303.4
1418460 1303.4
1418470 1305.6
1418480 1308.3
1418490 1308.3
1418500 1306.9
1418510 1300.8
1418520 1300.8
1418530 1293.9
1418540 1286.3
1418550 1286.3
1418560 1276.1
1418570 1266.9
1418580 1258.0
1418590 1258.0
1418600 1249.1
1418610 1239.5
1418620 1239.5
1418630 1230.9
1418640 1222.5
1418650 1222.5
1418660 1213.9
1418670 1206.2
1418680 1206.2
1418690 1199.0
1418700 1192.3
1418710 1192.3
1418720 1185.6
1418730 1179.5
1418740 1179.5
1418750 1174.0
1418760 1169.0
1418770 1169.0
1418780 1167.4
1418790 1168.2
1418800 1168.2
1418810 1159.1
1418820 1146.9
1418830 1146.9
1418840 1137.3
1418850 1128.0
1418860 1128.0
1418870 1119.7
1418880 1110.6
1418890 1102.7
1418900 1102.7
1418910 1098.4
1418920 1094.8
1418930 1094.8
1418940 1089.8
1418950 1084.8
1418960 1084.8
1418970 1080.4
1418980 1076.5
1418990 1076.5
1419000 1072.0
1419010 1067.6
1419020 1067.6
1419030 1063.2
1419040 1058.8
1419050 1058.8
1419060 1055.4
1419070 1054.0
1419080 1054.0
1419090 1053.1
1419100 1051.5
1419110 1051.5
1419120 1048.7
1419130 1044.7
1419140 1044.7
1419150 1040.6
1419160 1036.9
1419170 1036.9
1419180 1032.8
1419190 1028.7
1419200 1023.8
1419210 1023.8
1419220 1016.5
1419230 1008.1
1419240 1008.1
1419250 1000.0
1419260 991.9
1419270 991.9
1419280 985.3
1419290 979.8
1419300 979.8
1419310 972.8
1419320 964.3
1419330 964.3
1419340 956.2
1419350 947.8
1419360 947.8
1419370 940.7
1419380 939.5
1419390 939.5
1419400 941.7
1419410 946.3
1419420 946.3
1419430 955.0
1419440 962.2
1419450 962.2
1419460 967.8
1419470 973.9
1419480 973.9
1419490 981.1
1419500 987.8
1419510 987.8
1419520 993.5
1419530 997.8
1419540 1003.0
1419550 1003.0
1419560 1008.4
1419570 1013.2
1419580 1013.2
1419590 1018.4
1419600 1023.3
1419610 1023.3
1419620 1025.8
1419630 1026.5
1419640 1026.5
1419650 1026.3
1419660 1026.3
1419670 1026.3
1419680 1026.2
1419690 1025.6
1419700 1025.6
1419710 1025.7
1419720 1025.7
1419730 1025.7
1419740 1024.9
1419750 1022.7
1419760 1022.7
1419770 1018.2
1419780 1010.1
1419790 1010.1
1419800 1001.8
1419810 992.0
1419820 992.0
1419830 982.2
1419840 972.1
1419850 966.0
1419860 966.0
1419870 965.9
1419880 967.5
1419890 967.5
1419900 970.4
1419910 975.9
1419920 975.9
1419930 982.4
1419940 989.4
1419950 985.6
1419960 992.0
1419970 999.0
1419980 999.0
1419990 1006.6
