1400000 902.7
1400010 902.7
1400020 903.1
1400030 903.3
1400040 903.4
1400050 903.4
1400060 903.6
1400070 903.9
1400080 903.9
1400090 904.5
1400100 905.3
1400110 905.3
1400120 905.7
1400130 905.9
1400140 905.9
1400150 906.4
1400160 907.1
1400170 907.1
1400180 907.9
1400190 908.6
1400200 908.6
1400210 909.3
1400220 909.7
1400230 909.7
1400240 910.0
1400250 910.1
1400260 910.1
1400270 910.2
1400280 910.3
1400290 910.3
1400300 910.5
1400310 910.5
1400320 910.5
1400330 910.3
1400340 910.3
1400350 910.3
1400360 910.6
1400370 910.9
1400380 910.9
1400390 910.9
1400400 910.9
1400410 911.1
1400420 911.1
1400430 911.1
1400440 910.9
1400450 910.9
1400460 910.9
1400470 910.9
1400480 910.9
1400490 910.8
1400500 910.6
1400510 910.6
1400520 910.4
1400530 910.0
1400540 910.0
1400550 908.9
1400560 907.2
1400570 907.2
1400580 907.7
1400590 907.4
1400600 907.4
1400610 907.0
1400620 906.8
1400630 906.8
1400640 906.5
1400650 906.2
1400660 906.2
1400670 905.9
1400680 905.5
1400690 905.1
1400700 905.1
1400710 904.6
1400720 904.0
1400730 904.0
1400740 903.7
1400750 903.8
1400760 903.8
1400770 904.4
1400780 905.3
1400790 905.3
1400800 906.3
1400810 907.3
1400820 907.3
1400830 908.1
1400840 908.6
1400850 908.6
1400860 909.1
1400870 909.8
1400880 909.8
1400890 910.6
1400900 910.8
1400910 910.8
1400920 910.2
1400930 910.3
1400940 910.3
1400950 910.7
1400960 910.3
1400970 910.3
1400980 909.5
1400990 908.8
1401000 908.8
1401010 908.3
1401020 907.7
1401030 907.1
1401040 907.1
1401050 906.6
1401060 906.6
1401070 906.6
1401080 907.1
1401090 907.8
1401100 907.8
1401110 909.1
1401120 911.1
1401130 911.1
1401140 913.7
1401150 916.1
1401160 916.1
1401170 918.6
1401180 921.9
1401190 921.9
1401200 923.0
1401210 926.8
1401220 926.8
1401230 929.1
1401240 930.6
1401250 930.6
1401260 933.1
1401270 935.4
1401280 935.4
1401290 937.5
1401300 938.1
1401310 938.1
1401320 935.1
1401330 939.1
1401340 942.8
1401350 942.8
1401360 944.0
1401370 945.0
1401380 945.0
1401390 946.0
1401400 945.1
1401410 945.1
1401420 941.5
1401430 936.6
1401440 936.6
1401450 929.5
1401460 930.5
1401470 930.5
1401480 938.9
1401490 949.1
1401500 949.1
1401510 955.5
1401520 954.8
1401530 954.8
1401540 952.9
1401550 952.4
1401560 952.4
1401570 952.1
1401580 954.6
1401590 954.6
1401600 958.1
1401610 959.6
1401620 959.6
1401630 960.8
1401640 964.8
1401650 964.8
1401660 970.0
1401670 973.9
1401680 978.8
1401690 978.8
1401700 984.7
1401710 988.4
1401720 988.4
1401730 991.2
1401740 993.2
1401750 993.2
1401760 994.4
1401770 996.8
1401780 996.8
1401790 998.6
1401800 1000.1
1401810 1000.1
1401820 1001.5
1401830 1002.1
1401840 1002.1
1401850 1004.2
1401860 1005.5
1401870 1005.5
1401880 1006.8
1401890 1008.1
1401900 1008.1
1401910 1009.8
1401920 1011.4
1401930 1011.4
1401940 1013.0
1401950 1014.4
1401960 1014.4
1401970 1015.6
1401980 1016.7
1401990 1018.1
1402000 1018.1
1402010 1020.0
1402020 1021.1
1402030 1021.1
1402040 1023.1
1402050 1024.7
1402060 1024.7
1402070 1025.8
1402080 1026.8
1402090 1024.5
1402100 1025.0
1402110 1025.6
1402120 1025.6
1402130 1026.5
1402140 1027.6
1402150 1027.6
1402160 1028.4
1402170 1029.3
1402180 1029.3
1402190 1030.3
1402200 1031.2
1402210 1031.2
1402220 1032.2
1402230 1033.1
1402240 1033.1
1402250 1033.8
1402260 1034.6
1402270 1034.6
1402280 1035.2
1402290 1035.5
1402300 1035.5
1402310 1035.3
1402320 1034.5
1402330 1033.6
1402340 1033.6
1402350 1032.6
1402360 1031.2
1402370 1031.2
1402380 1030.4
1402390 1028.9
1402400 1028.9
1402410 1027.7
1402420 1026.8
1402430 1026.8
1402440 1026.1
1402450 1025.1
1402460 1025.1
1402470 1024.2
1402480 1023.3
1402490 1023.3
1402500 1022.5
1402510 1021.8
1402520 1021.8
1402530 1021.2
1402540 1020.4
1402550 1020.4
1402560 1019.5
1402570 1018.5
1402580 1018.5
1402590 1017.4
1402600 1016.1
1402610 1016.1
1402620 1014.8
1402630 1013.9
1402640 1013.0
1402650 1013.0
1402660 1012.4
1402670 1011.9
1402680 1011.9
1402690 1011.2
1402700 1010.6
1402710 1010.6
1402720 1010.2
1402730 1009.5
1402740 1009.5
1402750 1008.7
1402760 1008.0
1402770 1008.0
1402780 1007.4
1402790 1006.5
1402800 1006.5
1402810 1005.2
1402820 1003.8
1402830 1003.8
1402840 1002.8
1402850 1001.2
1402860 1001.2
1402870 999.4
1402880 997.7
1402890 997.7
1402900 994.6
1402910 994.2
1402920 994.2
1402930 993.9
1402940 992.9
1402950 992.9
1402960 991.7
1402970 990.3
1402980 989.2
1402990 989.2
1403000 988.0
1403010 986.8
1403020 986.8
1403030 985.0
1403040 982.6
1403050 982.6
1403060 980.4
1403070 978.9
1403080 978.9
1403090 977.9
1403100 977.2
1403110 977.2
1403120 976.6
1403130 976.2
1403140 976.2
1403150 974.8
1403160 972.9
1403170 972.9
1403180 970.7
1403190 969.6
1403200 969.6
1403210 968.9
1403220 967.5
1403230 967.5
1403240 965.8
1403250 964.7
1403260 964.7
1403270 963.0
1403280 960.3
1403290 956.0
1403300 956.0
1403310 950.7
1403320 946.0
1403330 946.0
1403340 945.2
1403350 946.1
1403360 946.1
1403370 944.8
1403380 943.3
1403390 943.3
1403400 942.3
1403410 941.8
1403420 941.8
1403430 941.0
1403440 939.8
1403450 939.8
1403460 939.5
1403470 939.3
1403480 939.3
1403490 938.0
1403500 935.8
1403510 935.8
1403520 934.6
1403530 933.4
1403540 933.4
1403550 932.0
1403560 930.4
1403570 930.4
1403580 928.0
1403590 926.2
1403600 926.2
1403610 925.8
1403620 925.6
1403630 925.0
1403640 925.0
1403650 923.7
1403660 922.4
1403670 922.4
1403680 924.6
1403690 929.0
1403700 929.0
1403710 933.8
1403720 935.7
1403730 935.7
1403740 936.8
1403750 937.8
1403760 937.8
1403770 938.6
1403780 939.1
1403790 939.1
1403800 939.6
1403810 940.1
1403820 940.1
1403830 940.5
1403840 941.0
1403850 941.0
1403860 941.6
1403870 942.2
1403880 942.2
1403890 942.8
1403900 943.4
1403910 943.4
1403920 944.1
1403930 945.0
1403940 946.1
1403950 946.1
1403960 947.3
1403970 948.4
1403980 948.4
1403990 949.4
1404000 950.1
1404010 950.1
1404020 950.8
1404030 951.4
1404040 951.4
1404050 951.5
1404060 951.0
1404070 951.0
1404080 950.7
1404090 951.0
1404100 951.0
1404110 951.8
1404120 952.6
1404130 952.6
1404140 953.3
1404150 953.9
1404160 953.9
1404170 954.5
1404180 955.0
1404190 955.0
1404200 955.6
1404210 956.1
1404220 956.1
1404230 956.3
1404240 956.1
1404250 955.5
1404260 955.5
1404270 955.0
1404280 954.8
1404290 954.8
1404300 954.8
1404310 954.8
1404320 954.8
1404330 955.0
1404340 955.6
1404350 955.6
1404360 955.5
1404370 955.5
1404380 955.5
1404390 955.7
1404400 956.1
1404410 956.1
1404420 956.5
1404430 956.8
1404440 956.8
1404450 957.1
1404460 957.4
1404470 957.4
1404480 957.7
1404490 958.3
1404500 958.3
1404510 958.7
1404520 958.9
1404530 958.9
1404540 959.2
1404550 959.2
1404560 959.2
1404570 959.2
1404580 959.5
1404590 959.6
1404600 959.6
1404610 959.7
1404620 959.6
1404630 959.6
1404640 959.6
1404650 959.8
1404660 959.8
1404670 960.2
1404680 960.4
1404690 960.4
1404700 960.6
1404710 960.6
1404720 960.6
1404730 960.4
1404740 960.4
1404750 960.4
1404760 960.6
1404770 961.1
1404780 961.1
1404790 960.2
1404800 959.2
1404810 959.2
1404820 958.7
1404830 958.8
1404840 958.8
1404850 959.1
1404860 959.4
1404870 959.4
1404880 959.5
1404890 959.7
1404900 960.1
1404910 960.1
1404920 960.4
1404930 960.7
1404940 960.7
1404950 961.1
1404960 961.5
1404970 961.5
1404980 961.3
1404990 961.3
1405000 961.3
1405010 961.8
1405020 962.0
1405030 962.0
1405040 962.7
1405050 963.4
1405060 963.4
1405070 964.1
1405080 964.9
1405090 964.9
1405100 965.2
1405110 965.3
1405120 965.3
1405130 965.3
1405140 964.4
1405150 964.4
1405160 962.5
1405170 965.9
1405180 965.9
1405190 966.8
1405200 967.3
1405210 967.3
1405220 967.5
1405230 967.6
1405240 967.5
1405250 967.6
1405260 967.6
1405270 967.6
1405280 967.6
1405290 967.7
1405300 967.2
1405310 967.2
1405320 968.0
1405330 968.6
1405340 968.6
1405350 969.9
1405360 970.3
1405370 970.3
1405380 970.6
1405390 970.8
1405400 970.8
1405410 971.1
1405420 970.7
1405430 970.7
1405440 970.7
1405450 971.0
1405460 971.0
1405470 971.5
1405480 971.9
1405490 971.9
1405500 972.1
1405510 971.8
1405520 971.8
1405530 969.2
1405540 968.9
1405550 969.2
1405560 969.2
1405570 969.9
1405580 971.2
1405590 971.2
1405600 972.6
1405610 973.9
1405620 973.9
1405630 975.2
1405640 976.2
1405650 976.2
1405660 979.2
1405670 980.4
1405680 980.4
1405690 980.7
1405700 981.5
1405710 981.5
1405720 982.0
1405730 981.8
1405740 981.8
1405750 982.5
1405760 982.8
1405770 982.8
1405780 982.9
1405790 983.0
1405800 983.0
1405810 982.8
1405820 982.9
1405830 982.9
1405840 982.9
1405850 982.9
1405860 982.9
1405870 982.9
1405880 983.0
1405890 983.4
1405900 983.4
1405910 983.6
1405920 983.4
1405930 983.4
1405940 983.6
1405950 983.8
1405960 983.8
1405970 983.9
1405980 984.2
1405990 984.2
1406000 984.2
1406010 984.5
1406020 984.5
1406030 984.4
1406040 984.1
1406050 984.1
1406060 983.9
1406070 983.7
1406080 983.7
1406090 983.7
1406100 983.7
1406110 983.7
1406120 983.3
1406130 983.3
1406140 983.3
1406150 983.1
1406160 982.4
1406170 982.4
1406180 981.1
1406190 980.1
1406200 981.9
1406210 981.9
1406220 983.5
1406230 985.3
1406240 985.3
1406250 987.2
1406260 989.2
1406270 989.2
1406280 991.7
1406290 994.2
1406300 994.2
1406310 996.5
1406320 998.4
1406330 998.4
1406340 999.1
1406350 999.1
1406360 999.1
1406370 1000.6
1406380 1005.5
1406390 1005.5
1406400 1009.6
1406410 1012.2
1406420 1012.2
1406430 1016.3
1406440 1019.4
1406450 1019.4
1406460 1020.4
1406470 1023.3
1406480 1023.3
1406490 1027.3
1406500 1032.6
1406510 1032.6
1406520 1038.5
1406530 1044.6
1406540 1050.2
1406550 1050.2
1406560 1055.1
1406570 1059.3
1406580 1059.3
1406590 1063.3
1406600 1067.2
1406610 1067.2
1406620 1070.5
1406630 1074.4
1406640 1074.4
1406650 1076.6
1406660 1079.7
1406670 1079.7
1406680 1083.5
1406690 1083.8
1406700 1083.8
1406710 1085.8
1406720 1090.0
1406730 1090.0
1406740 1091.7
1406750 1090.7
1406760 1090.7
1406770 1092.2
1406780 1094.0
1406790 1094.0
1406800 1096.1
1406810 1097.2
1406820 1097.2
1406830 1097.9
1406840 1096.3
1406850 1096.4
1406860 1096.4
1406870 1098.7
1406880 1106.3
1406890 1106.3
1406900 1107.1
1406910 1106.8
1406920 1106.8
1406930 1111.3
1406940 1114.5
1406950 1114.5
1406960 1117.5
1406970 1121.3
1406980 1121.3
1406990 1123.9
1407000 1126.8
1407010 1126.8
1407020 1130.2
1407030 1131.6
1407040 1131.6
1407050 1133.8
1407060 1136.8
1407070 1136.8
1407080 1138.4
1407090 1136.4
1407100 1136.4
1407110 1137.4
1407120 1136.8
1407130 1136.8
1407140 1135.2
1407150 1134.3
1407160 1134.3
1407170 1132.7
1407180 1131.0
1407190 1129.2
1407200 1129.2
1407210 1127.2
1407220 1125.7
1407230 1125.7
1407240 1125.2
1407250 1125.2
1407260 1125.2
1407270 1123.4
1407280 1121.7
1407290 1121.7
1407300 1123.5
1407310 1130.8
1407320 1130.8
1407330 1138.2
1407340 1144.8
1407350 1144.8
1407360 1151.5
1407370 1158.4
1407380 1158.4
1407390 1165.3
1407400 1172.1
1407410 1172.1
1407420 1178.9
1407430 1185.5
1407440 1185.5
1407450 1191.8
1407460 1197.7
1407470 1197.7
1407480 1203.1
1407490 1208.0
1407500 1212.4
1407510 1212.4
1407520 1216.5
1407530 1219.3
1407540 1219.3
1407550 1221.1
1407560 1222.8
1407570 1222.8
1407580 1222.4
1407590 1221.1
1407600 1221.1
1407610 1221.2
1407620 1221.3
1407630 1221.3
1407640 1217.4
1407650 1210.8
1407660 1210.8
1407670 1203.3
1407680 1196.0
1407690 1196.0
1407700 1192.0
1407710 1192.7
1407720 1192.7
1407730 1192.8
1407740 1197.8
1407750 1197.8
1407760 1201.0
1407770 1202.7
1407780 1202.7
1407790 1205.2
1407800 1208.7
1407810 1208.7
1407820 1208.3
1407830 1206.6
1407840 1203.9
1407850 1203.9
1407860 1205.4
1407870 1208.8
1407880 1208.8
1407890 1211.1
1407900 1211.5
1407910 1211.5
1407920 1212.8
1407930 1210.9
1407940 1210.9
1407950 1205.9
1407960 1206.0
1407970 1206.0
1407980 1211.6
1407990 1218.7
1408000 1218.7
1408010 1224.8
1408020 1232.1
1408030 1232.1
1408040 1239.5
1408050 1246.3
1408060 1246.3
1408070 1249.9
1408080 1252.5
1408090 1252.5
1408100 1255.4
1408110 1262.0
1408120 1262.0
1408130 1270.3
1408140 1276.9
1408150 1282.3
1408160 1282.3
1408170 1287.0
1408180 1292.1
1408190 1292.1
1408200 1297.8
1408210 1304.0
1408220 1304.0
1408230 1310.5
1408240 1316.6
1408250 1316.6
1408260 1322.3
1408270 1328.0
1408280 1328.0
1408290 1333.0
1408300 1338.1
1408310 1338.1
1408320 1343.0
1408330 1347.4
1408340 1347.4
1408350 1351.5
1408360 1354.5
1408370 1354.5
1408380 1356.1
1408390 1354.2
1408400 1354.2
1408410 1353.4
1408420 1352.5
1408430 1352.5
1408440 1350.5
1408450 1348.2
1408460 1345.9
1408470 1345.9
1408480 1343.1
1408490 1339.4
1408500 1339.4
1408510 1334.7
1408520 1329.2
1408530 1329.2
1408540 1326.9
1408550 1320.8
1408560 1320.8
1408570 1314.3
1408580 1307.7
1408590 1307.7
1408600 1301.9
1408610 1296.6
1408620 1296.6
1408630 1292.7
1408640 1294.7
1408650 1294.7
1408660 1294.1
1408670 1288.5
1408680 1288.5
1408690 1284.6
1408700 1286.9
1408710 1286.9
1408720 1291.4
1408730 1297.0
1408740 1297.0
1408750 1303.4
1408760 1310.0
1408770 1310.0
1408780 1315.6
1408790 1321.6
1408800 1326.7
1408810 1326.7
1408820 1330.0
1408830 1333.4
1408840 1333.4
1408850 1336.7
1408860 1339.8
1408870 1339.8
1408880 1342.0
1408890 1343.6
1408900 1343.6
1408910 1343.3
1408920 1339.2
1408930 1339.2
1408940 1334.3
1408950 1330.4
1408960 1330.4
1408970 1325.0
1408980 1318.9
1408990 1318.9
1409000 1312.8
1409010 1305.6
1409020 1305.6
1409030 1298.7
1409040 1295.4
1409050 1295.4
1409060 1291.9
1409070 1288.3
1409080 1288.3
1409090 1288.7
1409100 1286.6
1409110 1284.7
1409120 1284.7
1409130 1282.3
1409140 1282.1
1409150 1282.1
1409160 1283.6
1409170 1281.4
1409180 1281.4
1409190 1274.7
1409200 1268.3
1409210 1268.3
1409220 1270.5
1409230 1275.7
1409240 1275.7
1409250 1281.7
1409260 1288.3
1409270 1288.3
1409280 1295.1
1409290 1302.4
1409300 1302.4
1409310 1310.9
1409320 1318.4
1409330 1318.4
1409340 1325.0
1409350 1330.2
1409360 1330.2
1409370 1332.3
1409380 1331.9
1409390 1331.9
1409400 1325.9
1409410 1318.6
1409420 1318.6
1409430 1311.5
1409440 1304.3
1409450 1297.9
1409460 1297.9
1409470 1292.0
1409480 1288.3
1409490 1288.3
1409500 1289.6
1409510 1292.9
1409520 1292.9
1409530 1299.2
1409540 1307.2
1409550 1307.2
1409560 1313.6
1409570 1316.7
1409580 1316.7
1409590 1318.9
1409600 1322.3
1409610 1322.3
1409620 1325.9
1409630 1328.9
1409640 1328.9
1409650 1328.3
1409660 1329.7
1409670 1329.7
1409680 1333.3
1409690 1338.4
1409700 1338.4
1409710 1347.2
1409720 1355.8
1409730 1355.8
1409740 1362.9
1409750 1369.6
1409760 1377.0
1409770 1377.0
1409780 1382.7
1409790 1389.0
1409800 1389.0
1409810 1394.3
1409820 1398.4
1409830 1398.4
1409840 1403.3
1409850 1405.7
1409860 1405.7
1409870 1404.7
1409880 1403.5
1409890 1403.5
1409900 1403.8
1409910 1404.8
1409920 1404.8
1409930 1404.8
1409940 1404.4
1409950 1404.4
1409960 1404.0
1409970 1404.4
1409980 1404.4
1409990 1407.7
1410000 1413.1
1410010 1413.1
1410020 1417.3
1410030 1419.5
1410040 1419.5
1410050 1420.8
1410060 1421.3
1410070 1421.3
1410080 1422.3
1410090 1422.5
1410100 1420.8
1410110 1420.8
1410120 1419.4
1410130 1418.3
1410140 1418.3
1410150 1417.2
1410160 1417.1
1410170 1417.1
1410180 1415.1
1410190 1410.6
1410200 1410.6
1410210 1407.9
1410220 1411.9
1410230 1411.9
1410240 1421.1
1410250 1427.9
1410260 1427.9
1410270 1434.9
1410280 1441.3
1410290 1441.3
1410300 1447.3
1410310 1453.1
1410320 1453.1
1410330 1457.8
1410340 1461.3
1410350 1461.3
1410360 1464.7
1410370 1469.0
1410380 1469.0
1410390 1473.1
1410400 1476.9
1410410 1481.1
1410420 1481.1
1410430 1485.9
1410440 1493.3
1410450 1493.3
1410460 1500.0
1410470 1503.6
1410480 1503.6
1410490 1507.3
1410500 1511.4
1410510 1511.4
1410520 1516.1
1410530 1520.4
1410540 1520.4
1410550 1523.1
1410560 1526.4
1410570 1526.4
1410580 1530.5
1410590 1536.0
1410600 1536.0
1410610 1541.2
1410620 1546.1
1410630 1546.1
1410640 1550.4
1410650 1553.2
1410660 1553.2
1410670 1555.1
1410680 1556.1
1410690 1556.1
1410700 1558.2
1410710 1562.5
1410720 1562.5
1410730 1565.5
1410740 1564.8
1410750 1568.4
1410760 1568.4
1410770 1575.7
1410780 1580.1
1410790 1580.1
1410800 1581.1
1410810 1583.3
1410820 1583.3
1410830 1587.4
1410840 1592.5
1410850 1592.5
1410860 1595.7
1410870 1597.6
1410880 1597.6
1410890 1602.3
1410900 1609.0
1410910 1609.0
1410920 1614.2
1410930 1617.3
1410940 1617.3
1410950 1619.6
1410960 1622.4
1410970 1622.4
1410980 1624.0
1410990 1624.4
1411000 1624.4
1411010 1626.0
1411020 1628.2
1411030 1628.2
1411040 1631.7
1411050 1636.5
1411060 1639.9
1411070 1639.9
1411080 1643.4
1411090 1647.1
1411100 1647.1
1411110 1648.6
1411120 1649.0
1411130 1649.0
1411140 1649.9
1411150 1651.0
1411160 1651.0
1411170 1653.0
1411180 1655.0
1411190 1655.0
1411200 1659.1
1411210 1664.0
1411220 1664.0
1411230 1667.5
1411240 1670.0
1411250 1670.0
1411260 1673.1
1411270 1676.5
1411280 1676.5
1411290 1681.8
1411300 1688.4
1411310 1688.4
1411320 1694.4
1411330 1699.0
1411340 1699.0
1411350 1703.2
1411360 1704.2
1411370 1704.2
1411380 1705.7
1411390 1707.4
1411400 1707.7
1411410 1707.7
1411420 1707.0
1411430 1707.5
1411440 1707.5
1411450 1707.3
1411460 1707.8
1411470 1707.8
1411480 1708.4
1411490 1708.2
1411500 1708.2
1411510 1706.2
1411520 1705.6
1411530 1705.6
1411540 1704.8
1411550 1702.9
1411560 1702.9
1411570 1700.2
1411580 1698.2
1411590 1698.2
1411600 1696.5
1411610 1692.0
1411620 1692.0
1411630 1685.3
1411640 1680.1
1411650 1680.1
1411660 1674.4
1411670 1668.6
1411680 1668.6
1411690 1657.2
1411700 1649.1
1411710 1641.6
1411720 1641.6
1411730 1635.3
1411740 1629.1
1411750 1629.1
1411760 1624.9
1411770 1620.5
1411780 1620.5
1411790 1616.4
1411800 1613.7
1411810 1613.7
1411820 1610.7
1411830 1608.5
1411840 1608.5
1411850 1606.1
1411860 1602.8
1411870 1602.8
1411880 1600.1
1411890 1598.6
1411900 1598.6
1411910 1599.2
1411920 1598.4
1411930 1598.4
1411940 1597.8
1411950 1597.8
1411960 1597.8
1411970 1598.8
1411980 1595.9
1411990 1595.9
1412000 1594.1
1412010 1593.3
1412020 1593.3
1412030 1592.9
1412040 1591.7
1412050 1577.1
1412060 1577.1
1412070 1559.1
1412080 1544.6
1412090 1544.6
1412100 1543.1
1412110 1552.7
1412120 1552.7
1412130 1560.5
1412140 1568.1
1412150 1568.1
1412160 1578.8
1412170 1593.3
1412180 1593.3
1412190 1603.0
1412200 1610.0
1412210 1610.0
1412220 1615.9
1412230 1622.3
1412240 1622.3
1412250 1628.9
1412260 1635.2
1412270 1635.2
1412280 1640.9
1412290 1646.5
1412300 1646.5
1412310 1651.7
1412320 1656.8
1412330 1656.8
1412340 1661.6
1412350 1667.0
1412360 1672.3
1412370 1672.3
1412380 1677.8
1412390 1683.6
1412400 1683.6
1412410 1689.2
1412420 1695.3
1412430 1695.3
1412440 1701.7
1412450 1708.8
1412460 1708.8
1412470 1715.5
1412480 1718.8
1412490 1718.8
1412500 1715.7
1412510 1720.2
1412520 1720.2
1412530 1717.5
1412540 1728.8
1412550 1728.8
1412560 1732.5
1412570 1736.6
1412580 1736.6
1412590 1741.9
1412600 1747.6
1412610 1747.6
1412620 1751.7
1412630 1756.3
1412640 1756.3
1412650 1759.6
1412660 1761.8
1412670 1762.1
1412680 1762.1
1412690 1754.1
1412700 1743.8
1412710 1743.8
1412720 1734.7
1412730 1726.6
1412740 1726.6
1412750 1719.6
1412760 1713.0
1412770 1713.0
1412780 1707.1
1412790 1705.5
1412800 1705.5
1412810 1699.4
1412820 1693.1
1412830 1693.1
1412840 1691.6
1412850 1698.5
1412860 1698.5
1412870 1706.2
1412880 1712.5
1412890 1712.5
1412900 1714.1
1412910 1707.3
1412920 1707.3
1412930 1702.4
1412940 1704.4
1412950 1704.4
1412960 1711.8
1412970 1718.7
1412980 1718.7
1412990 1721.1
1413000 1721.9
1413010 1724.0
1413020 1724.0
1413030 1726.6
1413040 1728.5
1413050 1728.5
1413060 1729.2
1413070 1729.0
1413080 1729.0
1413090 1728.9
1413100 1724.4
1413110 1724.4
1413120 1724.0
1413130 1716.9
1413140 1716.9
1413150 1710.7
1413160 1714.9
1413170 1714.9
1413180 1720.8
1413190 1728.3
1413200 1728.3
1413210 1742.1
1413220 1768.4
1413230 1768.4
1413240 1776.4
1413250 1779.1
1413260 1779.1
1413270 1786.6
1413280 1797.8
1413290 1797.8
1413300 1807.0
1413310 1809.9
1413320 1816.2
1413330 1816.2
1413340 1821.8
1413350 1826.7
1413360 1826.7
1413370 1831.6
1413380 1842.7
1413390 1842.7
1413400 1856.9
1413410 1872.1
1413420 1872.1
1413430 1885.6
1413440 1887.6
1413450 1887.6
1413460 1900.5
1413470 1915.1
1413480 1915.1
1413490 1932.6
1413500 1970.0
1413510 1970.0
1413520 1977.9
1413530 1975.0
1413540 1975.0
1413550 1961.5
1413560 1946.0
1413570 1946.0
1413580 1939.5
1413590 1945.4
1413600 1945.4
1413610 1952.9
1413620 1952.0
1413630 1952.0
1413640 1949.9
1413650 1962.4
1413660 1979.1
1413670 1979.1
1413680 1991.9
1413690 2002.7
1413700 2002.7
1413710 2026.4
1413720 2050.2
1413730 2050.2
1413740 2057.0
1413750 2058.2
1413760 2047.4
1413770 2048.0
1413780 2048.9
1413790 2048.9
1413800 2052.6
1413810 2056.1
1413820 2056.1
1413830 2059.9
1413840 2065.2
1413850 2065.2
1413860 2073.5
1413870 2082.2
1413880 2082.2
1413890 2099.2
1413900 2099.3
1413910 2099.3
1413920 2094.9
1413930 2093.4
1413940 2093.4
1413950 2088.2
1413960 2081.4
1413970 2077.2
1413980 2077.2
1413990 2076.5
1414000 2075.1
1414010 2075.1
1414020 2074.6
1414030 2075.1
1414040 2075.1
1414050 2075.4
1414060 2074.4
1414070 2074.4
1414080 2076.5
1414090 2084.0
1414100 2084.0
1414110 2090.5
1414120 2094.8
1414130 2094.8
1414140 2097.8
1414150 2101.3
1414160 2101.3
1414170 2106.4
1414180 2112.2
1414190 2112.2
1414200 2118.5
1414210 2124.4
1414220 2124.4
1414230 2129.8
1414240 2135.8
1414250 2135.8
1414260 2144.1
1414270 2151.3
1414280 2151.3
1414290 2137.4
1414300 2124.0
1414310 2115.3
1414320 2115.3
1414330 2108.1
1414340 2103.2
1414350 2103.2
1414360 2095.8
1414370 2089.4
1414380 2089.4
1414390 2084.1
1414400 2080.3
1414410 2080.3
1414420 2091.4
1414430 2095.1
1414440 2095.1
1414450 2084.3
1414460 2087.5
1414470 2087.5
1414480 2092.0
1414490 2079.9
1414500 2079.9
1414510 2067.4
1414520 2062.1
1414530 2062.1
1414540 2056.9
1414550 2043.9
1414560 2043.9
1414570 2023.1
1414580 2014.9
1414590 2014.9
1414600 2004.7
1414610 1986.6
1414620 1981.2
1414630 1981.2
1414640 1977.6
1414650 1972.1
1414660 1972.1
1414670 1965.5
1414680 1955.9
1414690 1955.9
1414700 1954.0
1414710 1947.0
1414720 1947.0
1414730 1934.7
1414740 1926.2
1414750 1926.2
1414760 1916.0
1414770 1903.4
1414780 1903.4
1414790 1894.4
1414800 1884.5
1414810 1884.5
1414820 1878.4
1414830 1874.2
1414840 1874.2
1414850 1868.4
1414860 1866.8
1414870 1866.8
1414880 1867.9
1414890 1867.9
1414900 1867.9
1414910 1867.3
1414920 1867.1
1414930 1867.1
1414940 1869.6
1414950 1865.5
1414960 1859.9
1414970 1859.9
1414980 1850.6
1414990 1844.6
1415000 1844.6
1415010 1845.4
1415020 1840.2
1415030 1840.2
1415040 1833.2
1415050 1834.3
1415060 1834.3
1415070 1844.2
1415080 1849.8
1415090 1849.8
1415100 1852.9
1415110 1850.3
1415120 1850.3
1415130 1848.0
1415140 1847.9
1415150 1847.9
1415160 1856.5
1415170 1875.4
1415180 1875.4
1415190 1894.7
1415200 1907.9
1415210 1907.9
1415220 1912.2
1415230 1918.1
1415240 1918.1
1415250 1923.7
1415260 1919.5
1415270 1914.4
1415280 1914.4
1415290 1912.6
1415300 1913.5
1415310 1913.5
1415320 1914.8
1415330 1915.1
1415340 1915.1
1415350 1917.4
1415360 1922.8
1415370 1922.8
1415380 1928.5
1415390 1934.3
1415400 1934.3
1415410 1936.2
1415420 1937.7
1415430 1937.7
1415440 1950.1
1415450 1968.5
1415460 1968.5
1415470 1995.3
1415480 2009.6
1415490 2009.6
1415500 2016.6
1415510 2009.2
1415520 2009.2
1415530 1979.0
1415540 1993.1
1415550 1993.1
1415560 2027.8
1415570 2057.5
1415580 2057.5
1415590 2082.5
1415600 2103.8
1415610 2124.0
1415620 2124.0
1415630 2127.8
1415640 2125.4
1415650 2125.4
1415660 2120.2
1415670 2116.3
1415680 2116.3
1415690 2130.4
1415700 2161.0
1415710 2161.0
1415720 2173.9
1415730 2172.4
1415740 2172.4
1415750 2181.4
1415760 2211.9
1415770 2211.9
1415780 2224.0
1415790 2281.8
1415800 2281.8
1415810 2289.9
1415820 2289.9
1415830 2289.9
1415840 2265.0
1415850 2237.9
1415860 2237.9
1415870 2233.9
1415880 2248.1
1415890 2248.1
1415900 2241.1
1415910 2242.1
1415920 2256.6
1415930 2256.6
1415940 2278.1
1415950 2276.6
1415960 2276.6
1415970 2262.1
1415980 2251.5
1415990 2251.5
1416000 2241.6
1416010 2229.3
1416020 2229.3
1416030 2217.1
1416040 2196.4
1416050 2196.4
1416060 2188.8
1416070 2196.8
1416080 2196.8
1416090 2198.3
1416100 2198.8
1416110 2198.8
1416120 2200.0
1416130 2199.8
1416140 2199.8
1416150 2200.7
1416160 2199.5
1416170 2199.5
1416180 2196.8
1416190 2191.9
1416200 2191.9
1416210 2195.6
1416220 2204.3
1416230 2212.1
1416240 2212.1
1416250 2217.5
1416260 2223.0
1416270 2223.0
1416280 2223.7
1416290 2215.1
1416300 2215.1
1416310 2207.8
1416320 2200.1
1416330 2200.1
1416340 2196.0
1416350 2189.3
1416360 2189.3
1416370 2181.7
1416380 2174.1
1416390 2174.1
1416400 2165.9
1416410 2159.4
1416420 2159.4
1416430 2155.2
1416440 2150.9
1416450 2150.9
1416460 2146.9
1416470 2144.6
1416480 2144.6
1416490 2143.7
1416500 2144.2
1416510 2144.2
1416520 2143.1
1416530 2145.1
1416540 2145.1
1416550 2148.8
1416560 2152.1
1416570 2162.7
1416580 2162.7
1416590 2176.1
1416600 2187.1
1416610 2187.1
1416620 2203.1
1416630 2226.1
1416640 2226.1
1416650 2262.4
1416660 2286.8
1416670 2286.8
1416680 2293.0
1416690 2304.4
1416700 2304.4
1416710 2313.0
1416720 2320.7
1416730 2320.7
1416740 2330.6
1416750 2339.7
1416760 2339.7
1416770 2348.7
1416780 2411.4
1416790 2411.4
1416800 2457.7
1416810 2452.1
1416820 2452.1
1416830 2444.1
1416840 2434.7
1416850 2434.7
1416860 2424.0
1416870 2415.6
1416880 2411.3
1416890 2411.3
1416900 2419.3
1416910 2420.1
1416920 2420.1
1416930 2425.9
1416940 2435.3
1416950 2435.3
1416960 2429.9
1416970 2422.0
1416980 2422.0
1416990 2416.2
1417000 2411.2
1417010 2411.2
1417020 2400.2
1417030 2387.0
1417040 2387.0
1417050 2373.7
1417060 2365.5
1417070 2365.5
1417080 2354.2
1417090 2352.0
1417100 2352.0
1417110 2345.0
1417120 2329.4
1417130 2329.4
1417140 2317.8
1417150 2314.4
1417160 2314.4
1417170 2317.5
1417180 2309.5
1417190 2309.5
1417200 2303.5
1417210 2299.2
1417220 2298.2
1417230 2298.2
1417240 2297.1
1417250 2291.2
1417260 2291.2
1417270 2285.1
1417280 2290.3
1417290 2290.3
1417300 2293.1
1417310 2297.7
1417320 2297.7
1417330 2295.1
1417340 2296.3
1417350 2296.3
1417360 2294.0
1417370 2284.9
1417380 2284.9
1417390 2269.4
1417400 2249.9
1417410 2249.9
1417420 2236.8
1417430 2230.4
1417440 2230.4
1417450 2226.4
1417460 2213.2
1417470 2213.2
1417480 2212.2
1417490 2206.1
1417500 2206.1
1417510 2198.1
1417520 2192.2
1417530 2190.8
1417540 2190.8
1417550 2188.9
1417560 2184.1
1417570 2184.1
1417580 2180.6
1417590 2177.7
1417600 2177.7
1417610 2173.7
1417620 2158.5
1417630 2158.5
1417640 2145.8
1417650 2133.5
1417660 2133.5
1417670 2125.7
1417680 2111.7
1417690 2111.7
1417700 2093.8
1417710 2084.6
1417720 2084.6
1417730 2075.5
1417740 2059.8
1417750 2059.8
1417760 2046.5
1417770 2031.7
1417780 2031.7
1417790 2015.1
1417800 2005.0
1417810 2005.0
1417820 1997.4
1417830 1990.1
1417840 1990.1
1417850 1982.3
1417860 1972.7
1417870 1962.8
1417880 1962.8
1417890 1955.0
1417900 1944.7
1417910 1944.7
1417920 1935.0
1417930 1923.8
1417940 1923.8
1417950 1911.7
1417960 1904.1
1417970 1904.1
1417980 1896.3
1417990 1882.5
1418000 1882.5
1418010 1869.5
1418020 1858.4
1418030 1858.4
1418040 1846.5
1418050 1834.9
1418060 1834.9
1418070 1823.4
1418080 1815.0
1418090 1815.0
1418100 1810.9
1418110 1805.9
1418120 1805.9
1418130 1801.9
1418140 1819.1
1418150 1819.1
1418160 1823.1
1418170 1823.5
1418180 1813.0
1418190 1813.0
1418200 1788.7
1418210 1761.9
1418220 1761.9
1418230 1748.5
1418240 1740.7
1418250 1740.7
1418260 1724.2
1418270 1703.7
1418280 1703.7
1418290 1710.9
1418300 1719.7
1418310 1719.7
1418320 1756.9
1418330 1793.5
1418340 1793.5
1418350 1811.1
1418360 1814.7
1418370 1814.7
1418380 1807.1
1418390 1802.5
1418400 1802.5
1418410 1792.5
1418420 1782.3
1418430 1782.3
1418440 1766.7
1418450 1754.7
1418460 1754.7
1418470 1753.8
1418480 1771.4
1418490 1771.4
1418500 1781.2
1418510 1805.9
1418520 1870.0
1418530 1870.0
1418540 1874.4
1418550 1856.2
1418560 1856.2
1418570 1835.7
1418580 1813.4
1418590 1813.4
1418600 1800.8
1418610 1791.0
1418620 1791.0
1418630 1795.0
1418640 1810.3
1418650 1810.3
1418660 1815.6
1418670 1828.7
1418680 1828.7
1418690 1862.8
1418700 1868.5
1418710 1868.5
1418720 1859.4
1418730 1834.9
1418740 1834.9
1418750 1814.2
1418760 1801.0
1418770 1801.0
1418780 1794.4
1418790 1790.5
1418800 1790.5
1418810 1784.9
1418820 1782.9
1418830 1789.9
1418840 1789.9
1418850 1798.0
1418860 1795.8
1418870 1795.8
1418880 1786.8
1418890 1781.5
1418900 1781.5
1418910 1780.5
1418920 1780.3
1418930 1780.3
1418940 1776.8
1418950 1767.7
1418960 1767.7
1418970 1745.3
1418980 1728.6
1418990 1728.6
1419000 1718.2
1419010 1714.5
1419020 1714.5
1419030 1710.8
1419040 1703.1
1419050 1703.1
1419060 1695.3
1419070 1687.1
1419080 1687.1
1419090 1681.1
1419100 1720.7
1419110 1720.7
1419120 1742.9
1419130 1742.8
1419140 1742.8
1419150 1730.7
1419160 1714.0
1419170 1698.1
1419180 1698.1
1419190 1686.2
1419200 1695.8
1419210 1695.8
1419220 1711.8
1419230 1717.5
1419240 1717.5
1419250 1711.1
1419260 1717.5
1419270 1717.5
1419280 1722.1
1419290 1711.9
1419300 1711.9
1419310 1705.6
1419320 1703.6
1419330 1703.6
1419340 1699.2
1419350 1697.7
1419360 1697.7
1419370 1693.0
1419380 1677.6
1419390 1677.6
1419400 1636.0
1419410 1610.4
1419420 1610.4
1419430 1597.5
1419440 1592.7
1419450 1592.7
1419460 1597.8
1419470 1604.7
1419480 1613.8
1419490 1613.8
1419500 1621.2
1419510 1628.9
1419520 1628.9
1419530 1631.8
1419540 1630.4
1419550 1630.4
1419560 1631.3
1419570 1628.0
1419580 1628.0
1419590 1624.3
1419600 1617.0
1419610 1617.0
1419620 1615.4
1419630 1618.8
1419640 1618.8
1419650 1627.7
1419660 1635.8
1419670 1635.8
1419680 1637.0
1419690 1637.4
1419700 1637.4
1419710 1640.8
1419720 1643.3
1419730 1643.3
1419740 1644.4
1419750 1644.6
1419760 1644.6
1419770 1642.2
1419780 1641.8
1419790 1641.8
1419800 1644.1
1419810 1648.2
1419820 1654.2
1419830 1654.2
1419840 1661.1
1419850 1666.6
1419860 1666.6
1419870 1667.3
1419880 1663.5
1419890 1663.5
1419900 1658.5
1419910 1653.3
1419920 1653.3
1419930 1648.9
1419940 1650.1
1419950 1650.1
1419960 1655.4
1419970 1664.1
1419980 1664.1
1419990 1667.4
