1400000 1275.3
1400010 1275.3
1400020 1281.3
1400030 1287.8
1400040 1287.8
1400050 1295.5
1400060 1302.4
1400070 1302.4
1400080 1309.7
1400090 1318.7
1400100 1318.7
1400110 1326.7
1400120 1332.4
1400130 1332.4
1400140 1337.1
1400150 1341.5
1400160 1341.5
1400170 1346.3
1400180 1351.6
1400190 1351.6
1400200 1355.2
1400210 1356.4
1400220 1356.4
1400230 1356.7
1400240 1355.8
1400250 1355.8
1400260 1356.5
1400270 1360.0
1400280 1360.0
1400290 1361.7
1400300 1362.9
1400310 1363.9
1400320 1363.9
1400330 1364.4
1400340 1364.9
1400350 1364.9
1400360 1365.3
1400370 1365.3
1400380 1365.3
1400390 1364.0
1400400 1361.8
1400410 1361.8
1400420 1359.1
1400430 1357.2
1400440 1357.2
1400450 1355.8
1400460 1356.5
1400470 1356.5
1400480 1357.6
1400490 1358.1
1400500 1358.1
1400510 1359.0
1400520 1359.0
1400530 1359.0
1400540 1359.1
1400550 1359.2
1400560 1359.2
1400570 1358.8
1400580 1359.9
1400590 1359.9
1400600 1361.6
1400610 1362.2
1400620 1362.2
1400630 1361.6
1400640 1360.1
1400650 1359.4
1400660 1359.4
1400670 1358.6
1400680 1357.2
1400690 1357.2
1400700 1355.6
1400710 1353.8
1400720 1353.8
1400730 1353.2
1400740 1351.8
1400750 1351.8
1400760 1349.5
1400770 1347.4
1400780 1347.4
1400790 1346.5
1400800 1345.3
1400810 1345.3
1400820 1343.4
1400830 1341.6
1400840 1341.6
1400850 1339.5
1400860 1337.5
1400870 1337.5
1400880 1336.3
1400890 1335.8
1400900 1335.8
1400910 1336.6
1400920 1337.8
1400930 1337.8
1400940 1338.3
1400950 1339.9
1400960 1339.9
1400970 1340.9
1400980 1341.7
1400990 1343.2
1401000 1343.2
1401010 1344.9
1401020 1346.4
1401030 1346.4
1401040 1347.1
1401050 1347.3
1401060 1347.3
1401070 1347.5
1401080 1347.9
1401090 1347.9
1401100 1347.8
1401110 1345.9
1401120 1345.9
1401130 1343.3
1401140 1340.5
1401150 1340.5
1401160 1337.3
1401170 1334.2
1401180 1334.2
1401190 1331.6
1401200 1329.8
1401210 1329.8
1401220 1328.8
1401230 1327.7
1401240 1327.7
1401250 1327.0
1401260 1325.5
1401270 1330.6
1401280 1328.6
1401290 1326.0
1401300 1324.1
1401310 1324.1
1401320 1323.5
1401330 1324.1
1401340 1324.1
1401350 1324.9
1401360 1326.1
1401370 1326.1
1401380 1327.8
1401390 1329.0
1401400 1329.0
1401410 1329.6
1401420 1329.7
1401430 1329.7
1401440 1329.3
1401450 1328.6
1401460 1328.6
1401470 1327.7
1401480 1327.5
1401490 1327.5
1401500 1327.9
1401510 1328.7
1401520 1328.7
1401530 1329.4
1401540 1329.8
1401550 1329.8
1401560 1330.6
1401570 1332.3
1401580 1332.3
1401590 1334.5
1401600 1337.0
1401610 1337.0
1401620 1340.3
1401630 1342.9
1401640 1345.3
1401650 1345.3
1401660 1347.6
1401670 1350.7
1401680 1350.7
1401690 1353.7
1401700 1356.2
1401710 1356.2
1401720 1360.2
1401730 1365.6
1401740 1365.6
1401750 1369.6
1401760 1370.4
1401770 1370.4
1401780 1369.0
1401790 1367.1
1401800 1367.1
1401810 1365.4
1401820 1364.6
1401830 1364.6
1401840 1363.0
1401850 1361.7
1401860 1361.7
1401870 1361.0
1401880 1360.3
1401890 1360.3
1401900 1359.2
1401910 1358.5
1401920 1358.5
1401930 1357.7
1401940 1355.6
1401950 1355.6
1401960 1354.8
1401970 1355.6
1401980 1356.1
1401990 1356.1
1402000 1357.1
1402010 1357.7
1402020 1357.7
1402030 1358.3
1402040 1358.7
1402050 1358.7
1402060 1359.3
1402070 1360.3
1402080 1360.3
1402090 1360.6
1402100 1360.0
1402110 1360.0
1402120 1359.1
1402130 1358.0
1402140 1358.0
1402150 1356.7
1402160 1355.0
1402170 1355.0
1402180 1353.2
1402190 1352.4
1402200 1352.4
1402210 1351.4
1402220 1350.2
1402230 1350.2
1402240 1349.1
1402250 1346.7
1402260 1346.7
1402270 1344.2
1402280 1342.3
1402290 1340.4
1402300 1340.4
1402310 1338.6
1402320 1336.2
1402330 1336.2
1402340 1334.0
1402350 1331.3
1402360 1331.3
1402370 1328.2
1402380 1323.6
1402390 1323.6
1402400 1317.9
1402410 1311.5
1402420 1311.5
1402430 1305.5
1402440 1300.0
1402450 1300.0
1402460 1295.2
1402470 1290.0
1402480 1290.0
1402490 1284.5
1402500 1279.0
1402510 1279.0
1402520 1273.0
1402530 1267.8
1402540 1267.8
1402550 1261.8
1402560 1255.9
1402570 1255.9
1402580 1249.0
1402590 1243.3
1402600 1243.3
1402610 1238.8
1402620 1232.8
1402630 1227.3
1402640 1227.3
1402650 1220.5
1402660 1214.1
1402670 1214.1
1402680 1206.7
1402690 1201.2
1402700 1201.2
1402710 1196.3
1402720 1191.7
1402730 1191.7
1402740 1187.4
1402750 1183.4
1402760 1183.4
1402770 1179.3
1402780 1175.5
1402790 1175.5
1402800 1171.7
1402810 1167.3
1402820 1167.3
1402830 1161.9
1402840 1156.4
1402850 1156.4
1402860 1151.6
1402870 1146.8
1402880 1146.8
1402890 1141.7
1402900 1136.9
1402910 1136.9
1402920 1131.9
1402930 1127.4
1402940 1127.4
1402950 1122.9
1402960 1117.9
1402970 1112.9
1402980 1112.9
1402990 1107.7
1403000 1103.1
1403010 1103.1
1403020 1098.5
1403030 1092.4
1403040 1092.4
1403050 1085.9
1403060 1079.2
1403070 1079.2
1403080 1072.7
1403090 1065.5
1403100 1065.5
1403110 1059.0
1403120 1054.4
1403130 1054.4
1403140 1049.4
1403150 1044.1
1403160 1044.1
1403170 1038.4
1403180 1032.8
1403190 1032.8
1403200 1027.5
1403210 1023.6
1403220 1023.6
1403230 1020.6
1403240 1017.5
1403250 1017.5
1403260 1015.7
1403270 1013.6
1403280 1010.5
1403290 1010.5
1403300 1007.6
1403310 1006.0
1403320 1006.0
1403330 1005.5
1403340 1004.4
1403350 1004.4
1403360 1002.3
1403370 1000.0
1403380 1000.0
1403390 997.5
1403400 994.8
1403410 994.8
1403420 991.1
1403430 986.5
1403440 986.5
1403450 981.8
1403460 977.8
1403470 977.8
1403480 974.4
1403490 971.8
1403500 971.8
1403510 970.0
1403520 968.6
1403530 968.6
1403540 966.3
1403550 964.0
1403560 964.0
1403570 961.6
1403580 958.9
1403590 958.9
1403600 956.4
1403610 954.9
1403620 953.5
1403630 953.5
1403640 951.9
1403650 950.0
1403660 950.0
1403670 948.3
1403680 947.2
1403690 947.2
1403700 945.7
1403710 944.0
1403720 944.0
1403730 942.5
1403740 941.6
1403750 941.6
1403760 941.7
1403770 942.1
1403780 942.1
1403790 942.8
1403800 943.1
1403810 943.1
1403820 942.8
1403830 941.7
1403840 941.7
1403850 941.1
1403860 940.9
1403870 940.9
1403880 940.9
1403890 941.0
1403900 941.0
1403910 941.2
1403920 941.4
1403930 941.4
1403940 941.7
1403950 941.9
1403960 942.3
1403970 942.3
1403980 942.7
1403990 943.0
1404000 943.0
1404010 943.3
1404020 944.3
1404030 944.3
1404040 945.9
1404050 947.7
1404060 947.7
1404070 949.5
1404080 951.0
1404090 951.0
1404100 952.5
1404110 954.1
1404120 954.1
1404130 956.0
1404140 957.5
1404150 957.5
1404160 958.8
1404170 960.0
1404180 960.0
1404190 961.2
1404200 962.7
1404210 962.7
1404220 964.7
1404230 966.1
1404240 966.1
1404250 968.1
1404260 970.2
1404270 972.2
1404280 972.2
1404290 973.9
1404300 975.6
1404310 975.6
1404320 977.1
1404330 978.6
1404340 978.6
1404350 980.3
1404360 982.1
1404370 982.1
1404380 983.7
1404390 983.4
1404400 983.4
1404410 984.8
1404420 986.4
1404430 986.4
1404440 988.2
1404450 989.8
1404460 989.8
1404470 991.3
1404480 993.8
1404490 993.8
1404500 995.8
1404510 997.5
1404520 997.5
1404530 999.4
1404540 1000.8
1404550 1000.8
1404560 1002.8
1404570 1004.7
1404580 1004.7
1404590 1008.2
1404600 1014.0
1404610 1019.0
1404620 1019.0
1404630 1022.4
1404640 1025.9
1404650 1025.9
1404660 1026.9
1404670 1030.5
1404680 1030.5
1404690 1033.5
1404700 1036.7
1404710 1036.7
1404720 1042.1
1404730 1045.1
1404740 1045.1
1404750 1042.4
1404760 1039.6
1404770 1039.6
1404780 1041.9
1404790 1047.1
1404800 1047.1
1404810 1054.8
1404820 1058.5
1404830 1058.5
1404840 1063.3
1404850 1071.2
1404860 1071.2
1404870 1080.1
1404880 1086.3
1404890 1086.3
1404900 1089.9
1404910 1094.4
1404920 1094.4
1404930 1100.5
1404940 1107.6
1404950 1114.9
1404960 1114.9
1404970 1122.5
1404980 1130.5
1404990 1130.5
1405000 1138.3
1405010 1146.1
1405020 1146.1
1405030 1154.0
1405040 1163.4
1405050 1163.4
1405060 1172.8
1405070 1178.4
1405080 1178.4
1405090 1181.5
1405100 1183.6
1405110 1183.6
1405120 1186.3
1405130 1189.0
1405140 1189.0
1405150 1191.5
1405160 1193.0
1405170 1193.0
1405180 1194.0
1405190 1193.3
1405200 1193.3
1405210 1191.9
1405220 1194.2
1405230 1194.2
1405240 1198.4
1405250 1200.4
1405260 1200.8
1405270 1200.8
1405280 1199.8
1405290 1198.1
1405300 1198.1
1405310 1197.3
1405320 1197.3
1405330 1197.3
1405340 1198.8
1405350 1201.3
1405360 1201.3
1405370 1201.9
1405380 1201.6
1405390 1201.6
1405400 1202.7
1405410 1204.8
1405420 1204.8
1405430 1205.6
1405440 1205.0
1405450 1205.0
1405460 1204.0
1405470 1201.7
1405480 1201.7
1405490 1198.8
1405500 1197.0
1405510 1197.0
1405520 1194.6
1405530 1192.3
1405540 1192.3
1405550 1189.0
1405560 1183.8
1405570 1183.8
1405580 1177.7
1405590 1171.4
1405600 1164.2
1405610 1164.2
1405620 1156.4
1405630 1153.1
1405640 1153.1
1405650 1155.3
1405660 1157.8
1405670 1157.8
1405680 1161.0
1405690 1164.6
1405700 1164.6
1405710 1167.6
1405720 1169.4
1405730 1169.4
1405740 1170.7
1405750 1172.1
1405760 1172.1
1405770 1172.4
1405780 1170.9
1405790 1170.9
1405800 1168.6
1405810 1162.6
1405820 1162.6
1405830 1151.8
1405840 1141.0
1405850 1141.0
1405860 1132.3
1405870 1121.9
1405880 1121.9
1405890 1111.8
1405900 1103.5
1405910 1103.5
1405920 1094.0
1405930 1081.7
1405940 1078.5
1405950 1078.5
1405960 1084.3
1405970 1094.8
1405980 1094.8
1405990 1099.3
1406000 1100.5
1406010 1094.1
1406020 1097.4
1406030 1100.7
1406040 1100.7
1406050 1103.7
1406060 1108.0
1406070 1108.0
1406080 1112.7
1406090 1115.9
1406100 1115.9
1406110 1116.1
1406120 1113.4
1406130 1113.4
1406140 1111.0
1406150 1109.7
1406160 1109.7
1406170 1109.2
1406180 1110.5
1406190 1110.5
1406200 1112.2
1406210 1114.1
1406220 1114.1
1406230 1113.4
1406240 1111.2
1406250 1107.0
1406260 1107.0
1406270 1102.9
1406280 1104.8
1406290 1104.8
1406300 1103.1
1406310 1096.7
1406320 1096.7
1406330 1090.7
1406340 1091.3
1406350 1091.3
1406360 1099.3
1406370 1106.0
1406380 1106.0
1406390 1108.7
1406400 1110.6
1406410 1110.6
1406420 1112.5
1406430 1115.0
1406440 1115.0
1406450 1115.4
1406460 1111.5
1406470 1111.5
1406480 1107.0
1406490 1104.0
1406500 1104.0
1406510 1102.6
1406520 1102.5
1406530 1102.5
1406540 1103.8
1406550 1107.6
1406560 1107.6
1406570 1108.5
1406580 1106.0
1406590 1104.4
1406600 1104.4
1406610 1107.3
1406620 1113.5
1406630 1113.5
1406640 1119.3
1406650 1119.8
1406660 1119.8
1406670 1120.1
1406680 1121.0
1406690 1121.0
1406700 1119.5
1406710 1119.4
1406720 1119.4
1406730 1118.1
1406740 1118.1
1406750 1118.1
1406760 1118.8
1406770 1120.1
1406780 1120.1
1406790 1120.2
1406800 1118.2
1406810 1118.2
1406820 1116.8
1406830 1117.3
1406840 1117.3
1406850 1119.2
1406860 1123.2
1406870 1123.2
1406880 1127.2
1406890 1127.1
1406900 1127.1
1406910 1127.6
1406920 1126.9
1406930 1125.5
1406940 1125.5
1406950 1126.0
1406960 1125.5
1406970 1125.5
1406980 1124.1
1406990 1127.9
1407000 1127.9
1407010 1136.5
1407020 1146.0
1407030 1146.0
1407040 1152.0
1407050 1158.9
1407060 1158.9
1407070 1164.2
1407080 1164.2
1407090 1164.2
1407100 1163.7
1407110 1164.3
1407120 1164.3
1407130 1167.4
1407140 1169.3
1407150 1169.3
1407160 1171.8
1407170 1174.7
1407180 1174.7
1407190 1177.6
1407200 1181.4
1407210 1181.4
1407220 1185.7
1407230 1189.7
1407240 1189.7
1407250 1193.8
1407260 1198.7
1407270 1204.0
1407280 1204.0
1407290 1209.1
1407300 1213.2
1407310 1213.2
1407320 1216.7
1407330 1221.8
1407340 1221.8
1407350 1228.2
1407360 1234.9
1407370 1234.9
1407380 1241.9
1407390 1248.4
1407400 1248.4
1407410 1254.9
1407420 1261.0
1407430 1261.0
1407440 1265.3
1407450 1266.1
1407460 1266.1
1407470 1263.3
1407480 1260.5
1407490 1260.5
1407500 1255.4
1407510 1249.3
1407520 1249.3
1407530 1244.8
1407540 1239.1
1407550 1239.1
1407560 1232.4
1407570 1227.0
1407580 1223.6
1407590 1223.6
1407600 1220.7
1407610 1217.7
1407620 1217.7
1407630 1213.6
1407640 1208.8
1407650 1205.2
1407660 1202.0
1407670 1198.3
1407680 1198.3
1407690 1194.2
1407700 1190.3
1407710 1190.3
1407720 1185.9
1407730 1180.0
1407740 1180.0
1407750 1173.5
1407760 1166.7
1407770 1166.7
1407780 1158.9
1407790 1150.7
1407800 1150.7
1407810 1143.4
1407820 1136.5
1407830 1136.5
1407840 1130.0
1407850 1124.5
1407860 1124.5
1407870 1120.5
1407880 1116.8
1407890 1116.8
1407900 1111.8
1407910 1104.8
1407920 1097.0
1407930 1097.0
1407940 1093.4
1407950 1091.4
1407960 1091.4
1407970 1087.7
1407980 1083.5
1407990 1083.5
1408000 1079.1
1408010 1078.1
1408020 1078.1
1408030 1078.2
1408040 1078.2
1408050 1078.2
1408060 1079.2
1408070 1080.6
1408080 1080.6
1408090 1081.8
1408100 1082.8
1408110 1082.8
1408120 1084.1
1408130 1084.7
1408140 1084.7
1408150 1085.2
1408160 1085.7
1408170 1085.7
1408180 1086.4
1408190 1086.9
1408200 1086.9
1408210 1087.4
1408220 1087.5
1408230 1087.5
1408240 1087.4
1408250 1085.8
1408260 1084.3
1408270 1084.3
1408280 1085.4
1408290 1091.6
1408300 1091.6
1408310 1098.6
1408320 1104.7
1408330 1104.7
1408340 1110.4
1408350 1115.1
1408360 1115.1
1408370 1119.0
1408380 1122.7
1408390 1122.7
1408400 1124.5
1408410 1124.5
1408420 1124.5
1408430 1122.6
1408440 1119.9
1408450 1119.9
1408460 1116.9
1408470 1113.8
1408480 1113.8
1408490 1110.5
1408500 1107.3
1408510 1107.3
1408520 1104.4
1408530 1101.8
1408540 1101.8
1408550 1098.4
1408560 1097.3
1408570 1096.4
1408580 1096.4
1408590 1095.9
1408600 1095.9
1408610 1095.9
1408620 1095.9
1408630 1096.3
1408640 1096.3
1408650 1097.2
1408660 1097.7
1408670 1097.7
1408680 1097.2
1408690 1096.9
1408700 1096.9
1408710 1097.2
1408720 1097.4
1408730 1097.4
1408740 1097.7
1408750 1097.7
1408760 1097.7
1408770 1098.1
1408780 1099.3
1408790 1099.3
1408800 1099.4
1408810 1099.8
1408820 1099.8
1408830 1100.9
1408840 1101.9
1408850 1101.9
1408860 1102.9
1408870 1103.8
1408880 1103.8
1408890 1104.6
1408900 1105.2
1408910 1105.6
1408920 1105.6
1408930 1105.8
1408940 1107.5
1408950 1107.5
1408960 1109.7
1408970 1109.7
1408980 1109.7
1408990 1110.1
1409000 1110.7
1409010 1110.7
1409020 1111.1
1409030 1111.4
1409040 1111.4
1409050 1111.7
1409060 1111.9
1409070 1111.9
1409080 1112.2
1409090 1112.9
1409100 1112.9
1409110 1114.2
1409120 1115.1
1409130 1115.1
1409140 1113.9
1409150 1113.7
1409160 1113.7
1409170 1114.2
1409180 1114.7
1409190 1114.7
1409200 1115.3
1409210 1116.1
1409220 1116.1
1409230 1117.1
1409240 1118.2
1409250 1118.6
1409260 1118.6
1409270 1118.7
1409280 1119.0
1409290 1119.0
1409300 1120.7
1409310 1121.7
1409320 1121.7
1409330 1121.1
1409340 1121.6
1409350 1121.6
1409360 1122.6
1409370 1122.0
1409380 1122.0
1409390 1121.1
1409400 1121.4
1409410 1121.4
1409420 1122.4
1409430 1123.7
1409440 1123.7
1409450 1124.7
1409460 1125.0
1409470 1125.0
1409480 1124.8
1409490 1124.2
1409500 1124.2
1409510 1122.2
1409520 1123.9
1409530 1123.9
1409540 1126.3
1409550 1127.1
1409560 1127.8
1409570 1127.8
1409580 1128.2
1409590 1129.1
1409600 1129.1
1409610 1131.6
1409620 1134.4
1409630 1134.4
1409640 1137.2
1409650 1139.1
1409660 1139.1
1409670 1140.8
1409680 1142.7
1409690 1142.7
1409700 1143.7
1409710 1144.7
1409720 1144.7
1409730 1146.1
1409740 1147.4
1409750 1147.4
1409760 1148.6
1409770 1149.0
1409780 1149.0
1409790 1150.2
1409800 1150.3
1409810 1150.3
1409820 1149.9
1409830 1149.8
1409840 1149.8
1409850 1149.6
1409860 1149.5
1409870 1149.5
1409880 1149.5
1409890 1149.1
1409900 1149.7
1409910 1149.7
1409920 1150.2
1409930 1150.9
1409940 1150.9
1409950 1151.7
1409960 1153.1
1409970 1153.1
1409980 1154.5
1409990 1155.4
1410000 1155.4
1410010 1156.3
1410020 1157.4
1410030 1157.4
1410040 1158.5
1410050 1159.1
1410060 1159.1
1410070 1159.7
1410080 1160.4
1410090 1160.4
1410100 1161.1
1410110 1162.1
1410120 1162.1
1410130 1163.8
1410140 1166.1
1410150 1166.1
1410160 1166.7
1410170 1166.9
1410180 1166.9
1410190 1168.6
1410200 1171.8
1410210 1171.8
1410220 1175.1
1410230 1177.6
1410240 1178.0
1410250 1178.0
1410260 1178.8
1410270 1179.5
1410280 1179.5
1410290 1177.7
1410300 1175.7
1410310 1175.7
1410320 1175.8
1410330 1176.8
1410340 1176.8
1410350 1177.9
1410360 1179.1
1410370 1179.1
1410380 1180.4
1410390 1181.4
1410400 1181.4
1410410 1182.5
1410420 1182.8
1410430 1182.8
1410440 1182.9
1410450 1183.9
1410460 1183.9
1410470 1186.1
1410480 1190.0
1410490 1190.0
1410500 1194.2
1410510 1196.8
1410520 1196.8
1410530 1199.7
1410540 1204.4
1410550 1209.0
1410560 1209.0
1410570 1213.7
1410580 1218.2
1410590 1218.2
1410600 1222.4
1410610 1226.4
1410620 1226.4
1410630 1229.6
1410640 1231.8
1410650 1231.8
1410660 1234.9
1410670 1239.2
1410680 1239.2
1410690 1242.3
1410700 1246.6
1410710 1246.6
1410720 1250.2
1410730 1254.3
1410740 1254.3
1410750 1257.7
1410760 1261.3
1410770 1261.3
1410780 1265.5
1410790 1274.1
1410800 1274.1
1410810 1280.2
1410820 1280.8
1410830 1280.8
1410840 1282.0
1410850 1286.3
1410860 1286.3
1410870 1291.1
1410880 1298.3
1410890 1299.4
1410900 1299.4
1410910 1302.5
1410920 1301.4
1410930 1301.4
1410940 1303.0
1410950 1306.7
1410960 1306.7
1410970 1310.8
1410980 1316.0
1410990 1316.0
1411000 1320.2
1411010 1322.1
1411020 1322.1
1411030 1328.3
1411040 1335.1
1411050 1344.4
1411060 1348.4
1411070 1352.2
1411080 1352.2
1411090 1351.6
1411100 1352.8
1411110 1352.8
1411120 1357.7
1411130 1362.8
1411140 1362.8
1411150 1365.8
1411160 1365.8
1411170 1365.8
1411180 1366.6
1411190 1367.0
1411200 1367.0
1411210 1367.1
1411220 1365.3
1411230 1363.9
1411240 1363.9
1411250 1361.7
1411260 1357.7
1411270 1357.7
1411280 1355.3
1411290 1348.4
1411300 1348.4
1411310 1347.8
1411320 1352.0
1411330 1352.0
1411340 1367.4
1411350 1384.6
1411360 1384.6
1411370 1396.5
1411380 1411.1
1411390 1411.1
1411400 1422.1
1411410 1430.0
1411420 1430.0
1411430 1439.4
1411440 1448.7
1411450 1448.7
1411460 1462.4
1411470 1475.6
1411480 1475.6
1411490 1485.6
1411500 1490.5
1411510 1490.5
1411520 1489.0
1411530 1494.2
1411540 1511.3
1411550 1511.3
1411560 1521.1
1411570 1526.0
1411580 1526.0
1411590 1532.1
1411600 1538.9
1411610 1538.9
1411620 1546.6
1411630 1553.5
1411640 1553.5
1411650 1547.9
1411660 1539.7
1411670 1539.7
1411680 1544.0
1411690 1543.4
1411700 1543.4
1411710 1542.0
1411720 1544.1
1411730 1544.1
1411740 1556.7
1411750 1554.9
1411760 1554.9
1411770 1555.1
1411780 1559.9
1411790 1559.9
1411800 1569.6
1411810 1575.6
1411820 1575.6
1411830 1552.5
1411840 1540.7
1411850 1540.7
1411860 1553.9
1411870 1565.9
1411880 1571.2
1411890 1571.2
1411900 1557.4
1411910 1550.3
1411920 1550.3
1411930 1535.1
1411940 1522.5
1411950 1522.5
1411960 1523.5
1411970 1529.8
1411980 1529.8
1411990 1524.7
1412000 1522.5
1412010 1522.5
1412020 1531.1
1412030 1537.4
1412040 1537.4
1412050 1541.9
1412060 1544.7
1412070 1544.7
1412080 1549.6
1412090 1554.1
1412100 1554.1
1412110 1560.2
1412120 1562.9
1412130 1562.9
1412140 1570.5
1412150 1582.0
1412160 1582.0
1412170 1595.0
1412180 1605.2
1412190 1605.2
1412200 1612.9
1412210 1621.0
1412220 1625.5
1412230 1625.5
1412240 1625.4
1412250 1624.1
1412260 1624.1
1412270 1624.7
1412280 1621.1
1412290 1621.1
1412300 1621.6
1412310 1623.5
1412320 1623.5
1412330 1629.6
1412340 1633.0
1412350 1633.0
1412360 1635.1
1412370 1636.4
1412380 1636.4
1412390 1638.6
1412400 1641.2
1412410 1641.2
1412420 1642.8
1412430 1644.7
1412440 1644.7
1412450 1647.3
1412460 1649.8
1412470 1649.8
1412480 1651.7
1412490 1653.8
1412500 1653.8
1412510 1656.4
1412520 1659.7
1412530 1662.9
1412540 1662.9
1412550 1665.4
1412560 1669.4
1412570 1669.4
1412580 1674.5
1412590 1679.5
1412600 1679.5
1412610 1682.5
1412620 1689.2
1412630 1689.2
1412640 1696.7
1412650 1704.2
1412660 1704.2
1412670 1712.0
1412680 1720.9
1412690 1720.9
1412700 1733.0
1412710 1744.5
1412720 1744.5
1412730 1754.5
1412740 1764.1
1412750 1764.1
1412760 1771.6
1412770 1775.3
1412780 1775.3
1412790 1777.9
1412800 1779.2
1412810 1787.8
1412820 1789.3
1412830 1790.6
1412840 1790.6
1412850 1789.5
1412860 1788.4
1412870 1790.5
1412880 1790.5
1412890 1796.1
1412900 1802.4
1412910 1802.4
1412920 1807.3
1412930 1808.3
1412940 1808.3
1412950 1811.7
1412960 1816.2
1412970 1816.2
1412980 1819.4
1412990 1823.1
1413000 1823.1
1413010 1826.5
1413020 1832.5
1413030 1832.5
1413040 1839.1
1413050 1844.1
1413060 1844.1
1413070 1847.7
1413080 1851.5
1413090 1851.5
1413100 1856.1
1413110 1860.3
1413120 1860.3
1413130 1864.9
1413140 1869.6
1413150 1869.6
1413160 1874.4
1413170 1879.0
1413180 1879.0
1413190 1883.5
1413200 1888.3
1413210 1893.2
1413220 1893.2
1413230 1898.0
1413240 1902.9
1413250 1902.9
1413260 1908.1
1413270 1913.4
1413280 1913.4
1413290 1918.9
1413300 1924.6
1413310 1924.6
1413320 1930.6
1413330 1936.2
1413340 1936.2
1413350 1942.0
1413360 1947.5
1413370 1947.5
1413380 1952.5
1413390 1956.7
1413400 1956.7
1413410 1962.0
1413420 1971.0
1413430 1971.0
1413440 1993.2
1413450 2028.3
1413460 2028.3
1413470 2044.9
1413480 2049.9
1413490 2049.9
1413500 2058.0
1413510 2071.5
1413520 2087.6
1413530 2087.6
1413540 2107.6
1413550 2116.9
1413560 2116.9
1413570 2100.7
1413580 2091.1
1413590 2091.1
1413600 2085.0
1413610 2078.6
1413620 2078.6
1413630 2073.5
1413640 2069.7
1413650 2069.7
1413660 2067.9
1413670 2067.0
1413680 2067.0
1413690 2067.2
1413700 2063.8
1413710 2063.8
1413720 2055.4
1413730 2046.1
1413740 2046.1
1413750 2031.7
1413760 2019.0
1413770 2019.0
1413780 2013.7
1413790 2009.3
1413800 2009.3
1413810 2004.4
1413820 2001.2
1413830 2001.2
1413840 2001.1
1413850 2001.8
1413860 2004.3
1413870 2004.3
1413880 2009.1
1413890 2011.1
1413900 2011.1
1413910 2014.9
1413920 2019.0
1413930 2019.0
1413940 2022.1
1413950 2026.5
1413960 2026.5
1413970 2032.2
1413980 2038.3
1413990 2038.3
1414000 2044.4
1414010 2050.3
1414020 2050.3
1414030 2056.6
1414040 2066.5
1414050 2066.5
1414060 2091.0
1414070 2101.1
1414080 2101.1
1414090 2115.0
1414100 2136.1
1414110 2136.1
1414120 2148.4
1414130 2154.5
1414140 2154.5
1414150 2161.3
1414160 2171.0
1414170 2171.0
1414180 2181.6
1414190 2190.0
1414200 2198.8
1414210 2198.8
1414220 2207.9
1414230 2215.2
1414240 2215.2
1414250 2226.7
1414260 2235.1
1414270 2235.1
1414280 2245.1
1414290 2253.2
1414300 2253.2
1414310 2260.2
1414320 2275.3
1414330 2275.3
1414340 2281.4
1414350 2287.5
1414360 2287.5
1414370 2296.3
1414380 2306.1
1414390 2306.1
1414400 2300.5
1414410 2296.2
1414420 2296.2
1414430 2276.5
1414440 2269.1
1414450 2269.1
1414460 2250.6
1414470 2213.9
1414480 2213.9
1414490 2192.0
1414500 2183.1
1414510 2169.6
1414520 2169.6
1414530 2162.0
1414540 2153.4
1414550 2153.4
1414560 2146.5
1414570 2141.1
1414580 2141.1
1414590 2136.9
1414600 2133.0
1414610 2135.3
1414620 2130.5
1414630 2125.4
1414640 2125.4
1414650 2121.2
1414660 2118.9
1414670 2118.9
1414680 2118.3
1414690 2119.6
1414700 2119.6
1414710 2124.4
1414720 2129.1
1414730 2129.1
1414740 2132.7
1414750 2130.1
1414760 2130.1
1414770 2128.5
1414780 2128.0
1414790 2128.0
1414800 2126.6
1414810 2122.3
1414820 2122.3
1414830 2118.0
1414840 2115.2
1414850 2114.4
1414860 2114.4
1414870 2114.8
1414880 2117.1
1414890 2117.1
1414900 2120.1
1414910 2116.1
1414920 2116.1
1414930 2116.1
1414940 2116.4
1414950 2116.4
1414960 2115.4
1414970 2120.2
1414980 2120.2
1414990 2125.8
1415000 2130.8
1415010 2130.8
1415020 2135.8
1415030 2137.0
1415040 2137.0
1415050 2137.2
1415060 2136.2
1415070 2136.2
1415080 2136.9
1415090 2140.0
1415100 2140.0
1415110 2143.9
1415120 2146.2
1415130 2146.2
1415140 2149.0
1415150 2149.5
1415160 2149.5
1415170 2150.2
1415180 2153.2
1415190 2157.0
1415200 2157.0
1415210 2163.4
1415220 2170.8
1415230 2170.8
1415240 2178.9
1415250 2185.4
1415260 2185.4
1415270 2200.0
1415280 2221.9
1415290 2221.9
1415300 2245.7
1415310 2254.5
1415320 2254.5
1415330 2263.2
1415340 2270.6
1415350 2270.6
1415360 2277.9
1415370 2285.2
1415380 2285.2
1415390 2291.6
1415400 2298.6
1415410 2298.6
1415420 2305.3
1415430 2311.4
1415440 2311.4
1415450 2317.4
1415460 2325.5
1415470 2325.5
1415480 2333.8
1415490 2340.6
1415500 2340.6
1415510 2348.4
1415520 2356.1
1415530 2364.7
1415540 2364.7
1415550 2373.7
1415560 2384.9
1415570 2384.9
1415580 2383.4
1415590 2374.0
1415600 2374.0
1415610 2361.6
1415620 2342.8
1415630 2342.8
1415640 2324.0
1415650 2310.0
1415660 2310.0
1415670 2301.4
1415680 2293.2
1415690 2293.2
1415700 2286.6
1415710 2277.7
1415720 2277.7
1415730 2261.8
1415740 2256.3
1415750 2256.3
1415760 2256.1
1415770 2251.8
1415780 2251.8
1415790 2243.7
1415800 2224.5
1415810 2224.5
1415820 2214.0
1415830 2206.2
1415840 2194.3
1415850 2194.3
1415860 2186.7
1415870 2183.4
1415880 2183.4
1415890 2179.7
1415900 2175.7
1415910 2175.7
1415920 2171.0
1415930 2164.4
1415940 2164.4
1415950 2161.6
1415960 2160.3
1415970 2160.3
1415980 2159.1
1415990 2154.9
1416000 2154.9
1416010 2149.2
1416020 2145.0
1416030 2145.0
1416040 2138.4
1416050 2137.6
1416060 2137.6
1416070 2138.4
1416080 2139.2
1416090 2139.2
1416100 2135.8
1416110 2135.1
1416120 2135.1
1416130 2138.2
1416140 2142.4
1416150 2142.4
1416160 2149.2
1416170 2153.6
1416180 2159.4
1416190 2159.4
1416200 2162.2
1416210 2163.9
1416220 2163.9
1416230 2164.1
1416240 2164.0
1416250 2164.0
1416260 2164.4
1416270 2164.6
1416280 2164.6
1416290 2164.3
1416300 2164.9
1416310 2164.9
1416320 2162.3
1416330 2161.7
1416340 2161.7
1416350 2158.6
1416360 2158.3
1416370 2158.3
1416380 2159.8
1416390 2162.8
1416400 2162.8
1416410 2165.4
1416420 2169.9
1416430 2169.9
1416440 2172.5
1416450 2173.6
1416460 2177.1
1416470 2178.9
1416480 2181.1
1416490 2181.1
1416500 2182.2
1416510 2183.9
1416520 2190.3
1416530 2190.3
1416540 2189.9
1416550 2190.6
1416560 2190.6
1416570 2193.1
1416580 2194.2
1416590 2194.2
1416600 2189.1
1416610 2182.5
1416620 2182.5
1416630 2176.1
1416640 2170.6
1416650 2170.6
1416660 2165.2
1416670 2161.7
1416680 2161.7
1416690 2159.1
1416700 2152.1
1416710 2152.1
1416720 2147.3
1416730 2143.4
1416740 2143.4
1416750 2138.9
1416760 2134.8
1416770 2134.8
1416780 2131.7
1416790 2128.3
1416800 2128.3
1416810 2123.7
1416820 2121.0
1416830 2117.8
1416840 2117.8
1416850 2113.8
1416860 2107.6
1416870 2107.6
1416880 2104.7
1416890 2103.7
1416900 2103.7
1416910 2102.6
1416920 2100.5
1416930 2100.5
1416940 2097.6
1416950 2096.3
1416960 2096.3
1416970 2093.2
1416980 2091.4
1416990 2091.4
1417000 2088.9
1417010 2088.2
1417020 2088.2
1417030 2088.6
1417040 2089.6
1417050 2089.6
1417060 2089.8
1417070 2089.6
1417080 2089.6
1417090 2089.1
1417100 2089.4
1417110 2089.4
1417120 2089.3
1417130 2087.9
1417140 2087.9
1417150 2085.4
1417160 2082.3
1417170 2079.0
1417180 2079.0
1417190 2076.7
1417200 2077.4
1417210 2077.4
1417220 2080.3
1417230 2081.1
1417240 2081.1
1417250 2079.1
1417260 2076.0
1417270 2076.0
1417280 2072.5
1417290 2071.5
1417300 2071.5
1417310 2072.3
1417320 2073.3
1417330 2073.3
1417340 2076.8
1417350 2078.6
1417360 2078.6
1417370 2080.1
1417380 2082.9
1417390 2082.9
1417400 2083.8
1417410 2085.9
1417420 2085.9
1417430 2089.8
1417440 2091.9
1417450 2091.9
1417460 2094.3
1417470 2098.3
1417480 2098.3
1417490 2101.6
1417500 2103.8
1417510 2106.0
1417520 2106.0
1417530 2107.6
1417540 2109.7
1417550 2109.7
1417560 2112.2
1417570 2114.2
1417580 2114.2
1417590 2116.5
1417600 2119.4
1417610 2119.4
1417620 2122.8
1417630 2125.5
1417640 2125.5
1417650 2126.7
1417660 2124.7
1417670 2124.7
1417680 2125.1
1417690 2131.2
1417700 2131.2
1417710 2142.7
1417720 2154.8
1417730 2154.8
1417740 2158.8
1417750 2166.1
1417760 2166.1
1417770 2192.7
1417780 2210.0
1417790 2210.0
1417800 2219.2
1417810 2224.3
1417820 2230.3
1417830 2230.3
1417840 2240.5
1417850 2245.5
1417860 2245.5
1417870 2251.6
1417880 2249.6
1417890 2249.6
1417900 2250.2
1417910 2253.7
1417920 2253.7
1417930 2267.0
1417940 2257.8
1417950 2257.8
1417960 2247.0
1417970 2235.8
1417980 2235.8
1417990 2221.9
1418000 2211.0
1418010 2211.0
1418020 2203.1
1418030 2198.0
1418040 2198.0
1418050 2189.7
1418060 2182.9
1418070 2182.9
1418080 2177.9
1418090 2169.4
1418100 2169.4
1418110 2161.0
1418120 2159.3
1418130 2159.3
1418140 2156.3
1418150 2155.8
1418160 2154.8
1418170 2154.8
1418180 2150.8
1418190 2146.9
1418200 2146.9
1418210 2144.7
1418220 2146.5
1418230 2146.5
1418240 2142.8
1418250 2137.2
1418260 2137.2
1418270 2132.8
1418280 2130.7
1418290 2130.7
1418300 2128.6
1418310 2123.1
1418320 2123.1
1418330 2117.0
1418340 2112.6
1418350 2112.6
1418360 2112.0
1418370 2122.6
1418380 2122.6
1418390 2124.2
1418400 2121.7
1418410 2121.7
1418420 2118.1
1418430 2115.8
1418440 2115.8
1418450 2113.6
1418460 2113.7
1418470 2113.7
1418480 2112.5
1418490 2111.8
1418500 2109.4
1418510 2109.4
1418520 2107.8
1418530 2104.1
1418540 2104.1
1418550 2100.0
1418560 2095.9
1418570 2095.9
1418580 2092.7
1418590 2090.2
1418600 2090.2
1418610 2085.8
1418620 2081.2
1418630 2081.2
1418640 2076.1
1418650 2072.1
1418660 2072.1
1418670 2067.1
1418680 2060.5
1418690 2060.5
1418700 2055.2
1418710 2047.7
1418720 2047.7
1418730 2041.8
1418740 2036.3
1418750 2036.3
1418760 2029.6
1418770 2023.0
1418780 2023.0
1418790 2015.4
1418800 2011.8
1418810 2005.5
1418820 2005.5
1418830 2002.6
1418840 1996.6
1418850 1996.6
1418860 1992.9
1418870 1990.0
1418880 1990.0
1418890 1990.3
1418900 1985.9
1418910 1985.9
1418920 1982.5
1418930 1980.2
1418940 1980.2
1418950 1979.5
1418960 1978.5
1418970 1978.5
1418980 1978.1
1418990 1972.7
1419000 1972.7
1419010 1967.0
1419020 1963.2
1419030 1963.2
1419040 1958.3
1419050 1952.7
1419060 1952.7
1419070 1946.2
1419080 1946.5
1419090 1946.5
1419100 1947.0
1419110 1944.1
1419120 1944.1
1419130 1942.5
1419140 1942.1
1419150 1939.2
1419160 1939.2
1419170 1931.1
1419180 1923.2
1419190 1923.2
1419200 1919.3
1419210 1916.9
1419220 1916.9
1419230 1915.6
1419240 1913.0
1419250 1913.0
1419260 1909.8
1419270 1908.8
1419280 1908.8
1419290 1906.6
1419300 1902.7
1419310 1902.7
1419320 1897.0
1419330 1893.1
1419340 1893.1
1419350 1888.0
1419360 1882.9
1419370 1882.9
1419380 1879.2
1419390 1874.6
1419400 1874.6
1419410 1870.1
1419420 1868.5
1419430 1868.5
1419440 1868.2
1419450 1866.5
1419460 1866.5
1419470 1865.1
1419480 1862.8
1419490 1859.0
1419500 1859.0
1419510 1855.6
1419520 1852.6
1419530 1852.6
1419540 1849.6
1419550 1846.9
1419560 1846.9
1419570 1845.0
1419580 1841.4
1419590 1841.4
1419600 1835.0
1419610 1830.4
1419620 1830.4
1419630 1827.8
1419640 1824.9
1419650 1824.9
1419660 1821.1
1419670 1816.8
1419680 1816.8
1419690 1812.8
1419700 1808.3
1419710 1808.3
1419720 1804.1
1419730 1799.2
1419740 1799.2
1419750 1793.9
1419760 1789.6
1419770 1789.6
1419780 1785.8
1419790 1781.4
1419800 1776.8
1419810 1776.8
1419820 1772.8
1419830 1769.3
1419840 1769.3
1419850 1765.6
1419860 1761.4
1419870 1761.4
1419880 1757.0
1419890 1751.1
1419900 1751.1
1419910 1746.3
1419920 1741.6
1419930 1741.6
1419940 1737.2
1419950 1732.5
1419960 1732.5
1419970 1727.0
1419980 1721.9
1419990 1721.9
