1400000 1276.6
1400010 1280.0
1400020 1280.0
1400030 1281.8
1400040 1281.7
1400050 1281.7
1400060 1281.7
1400070 1284.4
1400080 1287.6
1400090 1287.6
1400100 1289.5
1400110 1290.3
1400120 1290.3
1400130 1290.3
1400140 1289.4
1400150 1289.4
1400160 1289.0
1400170 1289.9
1400180 1289.9
1400190 1291.0
1400200 1292.8
1400210 1292.8
1400220 1295.1
1400230 1296.5
1400240 1296.5
1400250 1296.0
1400260 1296.7
1400270 1296.7
1400280 1300.1
1400290 1300.8
1400300 1300.8
1400310 1300.9
1400320 1300.8
1400330 1300.8
1400340 1300.2
1400350 1298.7
1400360 1298.7
1400370 1297.3
1400380 1296.8
1400390 1296.4
1400400 1296.4
1400410 1296.1
1400420 1294.5
1400430 1294.5
1400440 1293.4
1400450 1293.6
1400460 1293.6
1400470 1293.4
1400480 1292.9
1400490 1292.9
1400500 1291.9
1400510 1289.6
1400520 1289.6
1400530 1287.1
1400540 1284.7
1400550 1284.7
1400560 1282.3
1400570 1279.2
1400580 1279.2
1400590 1276.8
1400600 1274.6
1400610 1274.6
1400620 1272.7
1400630 1271.0
1400640 1271.0
1400650 1268.9
1400660 1266.7
1400670 1266.7
1400680 1266.7
1400690 1266.1
1400700 1266.1
1400710 1265.3
1400720 1264.1
1400730 1262.6
1400740 1262.6
1400750 1261.7
1400760 1260.6
1400770 1260.6
1400780 1260.0
1400790 1258.9
1400800 1258.9
1400810 1258.8
1400820 1258.1
1400830 1258.1
1400840 1258.1
1400850 1260.1
1400860 1260.1
1400870 1262.7
1400880 1264.7
1400890 1264.7
1400900 1266.9
1400910 1269.0
1400920 1269.0
1400930 1270.4
1400940 1272.5
1400950 1272.5
1400960 1275.2
1400970 1279.5
1400980 1279.5
1400990 1283.3
1401000 1286.9
1401010 1286.9
1401020 1289.0
1401030 1290.8
1401040 1292.7
1401050 1292.7
1401060 1294.5
1401070 1297.0
1401080 1297.0
1401090 1300.1
1401100 1302.5
1401110 1302.5
1401120 1304.1
1401130 1305.9
1401140 1305.9
1401150 1307.7
1401160 1309.8
1401170 1309.8
1401180 1311.3
1401190 1313.4
1401200 1313.4
1401210 1316.8
1401220 1320.4
1401230 1320.4
1401240 1324.0
1401250 1327.2
1401260 1327.2
1401270 1331.0
1401280 1336.1
1401290 1336.1
1401300 1340.9
1401310 1345.8
1401320 1345.8
1401330 1351.5
1401340 1358.1
1401350 1358.1
1401360 1362.7
1401370 1368.3
1401380 1372.9
1401390 1372.9
1401400 1375.7
1401410 1379.6
1401420 1379.6
1401430 1382.7
1401440 1382.8
1401450 1382.8
1401460 1386.9
1401470 1391.4
1401480 1391.4
1401490 1395.8
1401500 1399.0
1401510 1399.0
1401520 1402.5
1401530 1400.2
1401540 1400.2
1401550 1400.0
1401560 1397.3
1401570 1397.3
1401580 1395.6
1401590 1393.6
1401600 1393.6
1401610 1390.4
1401620 1386.5
1401630 1386.5
1401640 1383.7
1401650 1379.9
1401660 1379.9
1401670 1376.3
1401680 1373.1
1401690 1369.8
1401700 1369.8
1401710 1366.2
1401720 1362.0
1401730 1362.0
1401740 1357.0
1401750 1352.2
1401760 1352.2
1401770 1348.5
1401780 1346.2
1401790 1346.2
1401800 1345.1
1401810 1344.3
1401820 1344.3
1401830 1340.2
1401840 1335.5
1401850 1335.5
1401860 1331.6
1401870 1328.2
1401880 1328.2
1401890 1327.0
1401900 1326.4
1401910 1326.4
1401920 1322.8
1401930 1318.8
1401940 1318.8
1401950 1315.1
1401960 1312.0
1401970 1312.0
1401980 1307.3
1401990 1301.9
1402000 1301.9
1402010 1295.6
1402020 1290.5
1402030 1286.9
1402040 1286.9
1402050 1286.2
1402060 1284.0
1402070 1284.0
1402080 1282.0
1402090 1281.1
1402100 1281.1
1402110 1277.1
1402120 1272.7
1402130 1272.7
1402140 1267.8
1402150 1262.7
1402160 1262.7
1402170 1257.5
1402180 1252.7
1402190 1252.7
1402200 1247.9
1402210 1243.0
1402220 1243.0
1402230 1238.2
1402240 1233.7
1402250 1233.7
1402260 1230.3
1402270 1227.5
1402280 1227.5
1402290 1223.4
1402300 1219.0
1402310 1219.0
1402320 1216.7
1402330 1217.8
1402340 1217.8
1402350 1220.1
1402360 1217.2
1402370 1213.7
1402380 1213.7
1402390 1214.9
1402400 1218.2
1402410 1218.2
1402420 1220.1
1402430 1218.1
1402440 1218.1
1402450 1215.9
1402460 1213.3
1402470 1213.3
1402480 1210.4
1402490 1207.7
1402500 1207.7
1402510 1205.0
1402520 1201.4
1402530 1201.4
1402540 1197.2
1402550 1191.3
1402560 1191.3
1402570 1185.1
1402580 1180.4
1402590 1180.4
1402600 1177.8
1402610 1175.0
1402620 1175.0
1402630 1171.3
1402640 1165.7
1402650 1165.7
1402660 1163.1
1402670 1163.0
1402680 1161.5
1402690 1161.5
1402700 1159.2
1402710 1158.5
1402720 1158.5
1402730 1158.6
1402740 1159.2
1402750 1159.2
1402760 1160.3
1402770 1160.5
1402780 1160.5
1402790 1159.1
1402800 1155.9
1402810 1155.9
1402820 1152.1
1402830 1150.4
1402840 1150.4
1402850 1147.3
1402860 1143.7
1402870 1143.7
1402880 1139.7
1402890 1135.8
1402900 1135.8
1402910 1131.5
1402920 1126.9
1402930 1126.9
1402940 1122.4
1402950 1118.4
1402960 1118.4
1402970 1114.5
1402980 1110.1
1402990 1110.1
1403000 1105.6
1403010 1102.4
1403020 1098.1
1403030 1098.1
1403040 1093.2
1403050 1088.4
1403060 1088.4
1403070 1083.9
1403080 1080.0
1403090 1080.0
1403100 1075.2
1403110 1069.7
1403120 1069.7
1403130 1063.2
1403140 1056.2
1403150 1056.2
1403160 1049.7
1403170 1045.5
1403180 1045.5
1403190 1044.0
1403200 1040.7
1403210 1040.7
1403220 1036.0
1403230 1033.8
1403240 1033.8
1403250 1033.1
1403260 1030.9
1403270 1030.9
1403280 1024.2
1403290 1015.7
1403300 1015.7
1403310 1011.3
1403320 1009.6
1403330 1009.6
1403340 1009.3
1403350 1009.8
1403360 1011.4
1403370 1011.4
1403380 1011.7
1403390 1012.2
1403400 1012.2
1403410 1011.5
1403420 1009.5
1403430 1009.5
1403440 1006.2
1403450 1003.3
1403460 1003.3
1403470 1001.1
1403480 997.4
1403490 997.4
1403500 997.2
1403510 998.1
1403520 998.1
1403530 996.6
1403540 995.4
1403550 995.4
1403560 993.6
1403570 992.3
1403580 992.3
1403590 993.1
1403600 993.0
1403610 993.0
1403620 994.6
1403630 996.1
1403640 996.1
1403650 995.4
1403660 994.0
1403670 991.5
1403680 991.5
1403690 987.9
1403700 984.6
1403710 984.6
1403720 982.4
1403730 980.9
1403740 980.9
1403750 979.4
1403760 977.2
1403770 977.2
1403780 974.5
1403790 971.5
1403800 971.5
1403810 969.6
1403820 968.4
1403830 968.4
1403840 967.4
1403850 966.4
1403860 966.4
1403870 965.4
1403880 963.7
1403890 963.7
1403900 961.1
1403910 960.8
1403920 960.8
1403930 961.8
1403940 962.1
1403950 962.1
1403960 962.5
1403970 962.2
1403980 962.2
1403990 961.7
1404000 961.2
1404010 960.8
1404020 960.8
1404030 960.3
1404040 959.7
1404050 959.7
1404060 959.2
1404070 958.5
1404080 958.5
1404090 958.0
1404100 957.4
1404110 957.4
1404120 956.8
1404130 956.3
1404140 956.3
1404150 956.0
1404160 955.9
1404170 955.9
1404180 955.9
1404190 955.8
1404200 955.8
1404210 955.8
1404220 955.8
1404230 955.8
1404240 955.9
1404250 956.1
1404260 956.1
1404270 956.2
1404280 956.3
1404290 956.3
1404300 956.5
1404310 956.7
1404320 956.7
1404330 957.2
1404340 958.4
1404350 962.8
1404360 962.8
1404370 967.2
1404380 971.9
1404390 971.9
1404400 976.3
1404410 980.2
1404420 980.2
1404430 982.1
1404440 984.9
1404450 984.9
1404460 990.2
1404470 996.2
1404480 996.2
1404490 1002.7
1404500 1008.1
1404510 1008.1
1404520 1012.3
1404530 1016.6
1404540 1016.6
1404550 1020.1
1404560 1020.0
1404570 1020.0
1404580 1019.2
1404590 1022.0
1404600 1022.0
1404610 1026.6
1404620 1031.2
1404630 1031.2
1404640 1035.5
1404650 1040.0
1404660 1041.3
1404670 1041.3
1404680 1044.9
1404690 1048.2
1404700 1048.2
1404710 1051.0
1404720 1053.2
1404730 1053.2
1404740 1055.2
1404750 1057.1
1404760 1057.1
1404770 1058.6
1404780 1058.8
1404790 1058.8
1404800 1057.4
1404810 1055.6
1404820 1055.6
1404830 1054.1
1404840 1053.0
1404850 1053.0
1404860 1050.5
1404870 1047.9
1404880 1047.9
1404890 1047.9
1404900 1047.7
1404910 1047.7
1404920 1048.1
1404930 1047.2
1404940 1047.2
1404950 1047.6
1404960 1048.1
1404970 1048.1
1404980 1046.7
1404990 1042.5
1405000 1038.7
1405010 1038.7
1405020 1038.0
1405030 1036.5
1405040 1036.5
1405050 1040.7
1405060 1045.1
1405070 1045.1
1405080 1046.9
1405090 1047.4
1405100 1047.4
1405110 1046.9
1405120 1044.3
1405130 1044.3
1405140 1040.1
1405150 1035.3
1405160 1035.3
1405170 1030.4
1405180 1026.0
1405190 1026.0
1405200 1027.6
1405210 1030.6
1405220 1030.6
1405230 1032.0
1405240 1033.1
1405250 1033.1
1405260 1034.1
1405270 1033.8
1405280 1033.8
1405290 1032.9
1405300 1032.4
1405310 1032.0
1405320 1032.0
1405330 1031.9
1405340 1031.8
1405350 1031.8
1405360 1031.4
1405370 1030.5
1405380 1030.5
1405390 1028.5
1405400 1024.2
1405410 1024.2
1405420 1019.2
1405430 1014.5
1405440 1014.5
1405450 1010.2
1405460 1006.8
1405470 1006.8
1405480 1005.7
1405490 1004.5
1405500 1004.5
1405510 1002.3
1405520 1000.8
1405530 1000.8
1405540 1000.7
1405550 1002.3
1405560 1002.3
1405570 1005.6
1405580 1010.3
1405590 1010.3
1405600 1015.1
1405610 1017.1
1405620 1017.1
1405630 1013.3
1405640 1013.0
1405650 1013.6
1405660 1013.6
1405670 1014.5
1405680 1015.7
1405690 1015.7
1405700 1021.4
1405710 1028.8
1405720 1028.8
1405730 1035.3
1405740 1041.6
1405750 1041.6
1405760 1046.1
1405770 1049.3
1405780 1049.3
1405790 1052.8
1405800 1054.9
1405810 1054.9
1405820 1057.7
1405830 1061.1
1405840 1061.1
1405850 1064.5
1405860 1064.7
1405870 1064.7
1405880 1066.2
1405890 1069.7
1405900 1069.7
1405910 1074.2
1405920 1076.4
1405930 1076.4
1405940 1079.2
1405950 1084.2
1405960 1084.2
1405970 1090.2
1405980 1096.1
1405990 1102.9
1406000 1102.9
1406010 1111.0
1406020 1119.4
1406030 1119.4
1406040 1126.5
1406050 1133.1
1406060 1133.1
1406070 1139.4
1406080 1146.1
1406090 1146.1
1406100 1153.0
1406110 1159.1
1406120 1159.1
1406130 1164.7
1406140 1169.1
1406150 1169.1
1406160 1174.3
1406170 1178.2
1406180 1178.2
1406190 1183.1
1406200 1188.5
1406210 1188.5
1406220 1193.7
1406230 1198.8
1406240 1198.8
1406250 1204.2
1406260 1208.5
1406270 1208.5
1406280 1212.4
1406290 1220.0
1406300 1227.0
1406310 1227.0
1406320 1233.4
1406330 1239.6
1406340 1239.6
1406350 1245.6
1406360 1251.8
1406370 1251.8
1406380 1257.7
1406390 1263.1
1406400 1263.1
1406410 1267.5
1406420 1271.7
1406430 1271.7
1406440 1275.0
1406450 1278.7
1406460 1278.7
1406470 1281.9
1406480 1283.3
1406490 1283.3
1406500 1283.9
1406510 1284.2
1406520 1284.2
1406530 1284.2
1406540 1284.1
1406550 1284.1
1406560 1283.3
1406570 1282.2
1406580 1282.2
1406590 1280.8
1406600 1279.5
1406610 1279.5
1406620 1278.5
1406630 1277.7
1406640 1276.9
1406650 1276.9
1406660 1275.9
1406670 1274.5
1406680 1274.5
1406690 1271.9
1406700 1267.6
1406710 1267.6
1406720 1261.3
1406730 1254.3
1406740 1254.3
1406750 1247.7
1406760 1241.1
1406770 1241.1
1406780 1233.9
1406790 1226.7
1406800 1226.7
1406810 1219.5
1406820 1215.5
1406830 1215.5
1406840 1214.2
1406850 1215.8
1406860 1215.8
1406870 1215.8
1406880 1213.8
1406890 1213.8
1406900 1211.7
1406910 1213.5
1406920 1213.5
1406930 1213.2
1406940 1210.6
1406950 1210.6
1406960 1207.4
1406970 1206.5
1406980 1206.5
1406990 1206.5
1407000 1203.0
1407010 1197.2
1407020 1197.2
1407030 1192.9
1407040 1195.8
1407050 1195.8
1407060 1201.4
1407070 1207.7
1407080 1207.7
1407090 1215.9
1407100 1222.0
1407110 1222.0
1407120 1223.5
1407130 1220.7
1407140 1220.7
1407150 1213.8
1407160 1205.0
1407170 1205.0
1407180 1197.4
1407190 1193.8
1407200 1193.8
1407210 1193.5
1407220 1195.0
1407230 1195.0
1407240 1197.9
1407250 1202.4
1407260 1202.4
1407270 1203.1
1407280 1198.1
1407290 1190.2
1407300 1190.2
1407310 1181.9
1407320 1173.0
1407330 1173.0
1407340 1163.5
1407350 1154.0
1407360 1154.0
1407370 1146.1
1407380 1141.5
1407390 1141.5
1407400 1141.7
1407410 1144.1
1407420 1144.1
1407430 1143.5
1407440 1143.7
1407450 1143.7
1407460 1144.7
1407470 1142.1
1407480 1142.1
1407490 1137.4
1407500 1130.5
1407510 1130.5
1407520 1122.3
1407530 1113.2
1407540 1113.2
1407550 1104.3
1407560 1097.2
1407570 1097.2
1407580 1092.4
1407590 1089.6
1407600 1089.6
1407610 1086.1
1407620 1081.9
1407630 1078.7
1407640 1078.7
1407650 1076.6
1407660 1074.0
1407670 1074.0
1407680 1070.8
1407690 1067.9
1407700 1067.9
1407710 1064.7
1407720 1061.6
1407730 1061.6
1407740 1058.2
1407750 1057.4
1407760 1057.4
1407770 1057.6
1407780 1057.9
1407790 1057.9
1407800 1058.2
1407810 1058.5
1407820 1058.5
1407830 1058.7
1407840 1058.9
1407850 1058.9
1407860 1059.5
1407870 1059.9
1407880 1059.9
1407890 1060.4
1407900 1060.7
1407910 1060.7
1407920 1060.9
1407930 1060.6
1407940 1061.2
1407950 1061.2
1407960 1061.7
1407970 1062.2
1407980 1062.2
1407990 1062.7
1408000 1063.3
1408010 1063.3
1408020 1064.0
1408030 1064.6
1408040 1064.6
1408050 1065.1
1408060 1065.8
1408070 1065.8
1408080 1066.6
1408090 1067.4
1408100 1067.4
1408110 1068.1
1408120 1067.8
1408130 1067.8
1408140 1066.5
1408150 1068.3
1408160 1068.3
1408170 1069.3
1408180 1069.2
1408190 1069.2
1408200 1069.3
1408210 1069.6
1408220 1069.6
1408230 1070.0
1408240 1071.8
1408250 1071.8
1408260 1072.9
1408270 1071.6
1408280 1070.9
1408290 1070.9
1408300 1070.3
1408310 1070.1
1408320 1070.1
1408330 1070.5
1408340 1071.2
1408350 1071.2
1408360 1071.6
1408370 1070.7
1408380 1070.7
1408390 1070.7
1408400 1070.8
1408410 1070.8
1408420 1070.6
1408430 1071.2
1408440 1071.2
1408450 1071.4
1408460 1071.5
1408470 1071.5
1408480 1071.0
1408490 1071.2
1408500 1071.2
1408510 1071.4
1408520 1071.8
1408530 1071.8
1408540 1072.5
1408550 1073.2
1408560 1073.2
1408570 1073.6
1408580 1074.0
1408590 1074.0
1408600 1074.2
1408610 1074.5
1408620 1075.0
1408630 1075.0
1408640 1075.2
1408650 1075.6
1408660 1075.6
1408670 1076.1
1408680 1076.5
1408690 1076.5
1408700 1076.8
1408710 1077.0
1408720 1077.0
1408730 1077.4
1408740 1077.6
1408750 1077.6
1408760 1077.8
1408770 1077.6
1408780 1077.6
1408790 1077.4
1408800 1077.4
1408810 1077.4
1408820 1077.5
1408830 1077.6
1408840 1077.6
1408850 1078.2
1408860 1079.4
1408870 1079.4
1408880 1080.3
1408890 1082.0
1408900 1082.0
1408910 1085.2
1408920 1089.0
1408930 1093.3
1408940 1093.3
1408950 1097.7
1408960 1100.8
1408970 1100.8
1408980 1104.4
1408990 1107.5
1409000 1107.5
1409010 1110.6
1409020 1113.5
1409030 1113.5
1409040 1117.1
1409050 1120.8
1409060 1120.8
1409070 1124.4
1409080 1129.0
1409090 1129.0
1409100 1132.5
1409110 1134.0
1409120 1134.0
1409130 1138.3
1409140 1143.1
1409150 1143.1
1409160 1147.6
1409170 1151.1
1409180 1151.1
1409190 1155.1
1409200 1158.4
1409210 1158.4
1409220 1159.4
1409230 1159.3
1409240 1159.3
1409250 1159.3
1409260 1158.8
1409270 1157.0
1409280 1157.0
1409290 1154.1
1409300 1152.4
1409310 1152.4
1409320 1153.9
1409330 1154.6
1409340 1154.6
1409350 1155.2
1409360 1157.8
1409370 1157.8
1409380 1161.3
1409390 1165.4
1409400 1165.4
1409410 1170.0
1409420 1175.4
1409430 1175.4
1409440 1181.4
1409450 1187.6
1409460 1187.6
1409470 1193.8
1409480 1199.8
1409490 1199.8
1409500 1205.0
1409510 1210.4
1409520 1210.4
1409530 1214.5
1409540 1216.9
1409550 1216.9
1409560 1220.6
1409570 1226.1
1409580 1226.1
1409590 1232.1
1409600 1238.5
1409610 1249.8
1409620 1249.8
1409630 1256.6
1409640 1260.9
1409650 1260.9
1409660 1262.3
1409670 1258.7
1409680 1258.7
1409690 1254.0
1409700 1253.4
1409710 1253.4
1409720 1257.1
1409730 1261.6
1409740 1261.6
1409750 1266.3
1409760 1269.8
1409770 1269.8
1409780 1271.0
1409790 1271.1
1409800 1271.1
1409810 1271.4
1409820 1271.2
1409830 1271.2
1409840 1269.2
1409850 1264.1
1409860 1264.1
1409870 1258.6
1409880 1255.1
1409890 1255.1
1409900 1255.2
1409910 1253.9
1409920 1252.2
1409930 1252.2
1409940 1249.7
1409950 1246.7
1409960 1246.7
1409970 1242.9
1409980 1240.7
1409990 1240.7
1410000 1239.2
1410010 1235.6
1410020 1235.6
1410030 1236.9
1410040 1240.4
1410050 1240.4
1410060 1243.4
1410070 1240.6
1410080 1240.6
1410090 1237.7
1410100 1237.8
1410110 1237.8
1410120 1235.4
1410130 1238.7
1410140 1238.7
1410150 1243.2
1410160 1245.1
1410170 1245.1
1410180 1244.1
1410190 1244.0
1410200 1244.0
1410210 1239.4
1410220 1237.3
1410230 1237.3
1410240 1237.4
1410250 1235.1
1410260 1231.9
1410270 1231.9
1410280 1228.6
1410290 1226.9
1410300 1226.9
1410310 1222.6
1410320 1219.9
1410330 1219.9
1410340 1217.0
1410350 1212.2
1410360 1212.2
1410370 1207.8
1410380 1204.4
1410390 1204.4
1410400 1200.8
1410410 1198.3
1410420 1198.3
1410430 1198.6
1410440 1199.3
1410450 1199.3
1410460 1201.8
1410470 1205.5
1410480 1205.5
1410490 1208.5
1410500 1210.5
1410510 1210.5
1410520 1211.6
1410530 1213.4
1410540 1213.4
1410550 1216.0
1410560 1218.6
1410570 1222.4
1410580 1222.4
1410590 1228.4
1410600 1234.8
1410610 1234.8
1410620 1239.4
1410630 1244.0
1410640 1244.0
1410650 1248.1
1410660 1252.0
1410670 1252.0
1410680 1255.6
1410690 1258.6
1410700 1258.6
1410710 1260.6
1410720 1264.6
1410730 1264.6
1410740 1269.1
1410750 1272.7
1410760 1272.7
1410770 1276.5
1410780 1280.3
1410790 1280.3
1410800 1283.0
1410810 1285.6
1410820 1285.6
1410830 1283.9
1410840 1289.4
1410850 1289.4
1410860 1297.4
1410870 1304.2
1410880 1304.2
1410890 1309.8
1410900 1314.8
1410910 1318.8
1410920 1318.8
1410930 1322.0
1410940 1326.6
1410950 1326.6
1410960 1331.0
1410970 1336.8
1410980 1336.8
1410990 1341.7
1411000 1342.9
1411010 1342.9
1411020 1342.7
1411030 1348.5
1411040 1348.5
1411050 1355.3
1411060 1361.4
1411070 1361.4
1411080 1367.6
1411090 1375.1
1411100 1375.1
1411110 1382.6
1411120 1389.6
1411130 1389.6
1411140 1398.1
1411150 1405.5
1411160 1405.5
1411170 1399.4
1411180 1399.5
1411190 1399.5
1411200 1407.9
1411210 1419.5
1411220 1419.5
1411230 1426.2
1411240 1430.7
1411250 1430.2
1411260 1430.2
1411270 1443.5
1411280 1469.8
1411290 1469.8
1411300 1487.6
1411310 1497.0
1411320 1497.0
1411330 1491.5
1411340 1475.6
1411350 1475.6
1411360 1481.9
1411370 1497.9
1411380 1497.9
1411390 1511.1
1411400 1520.7
1411410 1520.7
1411420 1529.5
1411430 1527.9
1411440 1527.9
1411450 1523.6
1411460 1525.7
1411470 1525.7
1411480 1531.5
1411490 1535.9
1411500 1535.9
1411510 1539.7
1411520 1544.7
1411530 1544.7
1411540 1552.4
1411550 1567.5
1411560 1578.8
1411570 1578.8
1411580 1589.1
1411590 1600.6
1411600 1600.6
1411610 1608.8
1411620 1614.3
1411630 1614.3
1411640 1619.0
1411650 1621.5
1411660 1621.5
1411670 1628.2
1411680 1641.7
1411690 1641.7
1411700 1647.3
1411710 1649.1
1411720 1649.1
1411730 1651.4
1411740 1654.1
1411750 1654.1
1411760 1654.8
1411770 1655.5
1411780 1655.5
1411790 1658.0
1411800 1660.3
1411810 1660.3
1411820 1661.6
1411830 1662.4
1411840 1662.4
1411850 1662.0
1411860 1661.8
1411870 1661.8
1411880 1664.1
1411890 1667.4
1411900 1670.1
1411910 1670.1
1411920 1672.8
1411930 1675.3
1411940 1675.3
1411950 1678.3
1411960 1680.9
1411970 1680.9
1411980 1683.9
1411990 1688.5
1412000 1688.5
1412010 1693.2
1412020 1697.2
1412030 1697.2
1412040 1701.5
1412050 1706.8
1412060 1706.8
1412070 1712.3
1412080 1717.3
1412090 1717.3
1412100 1723.6
1412110 1728.2
1412120 1728.2
1412130 1731.3
1412140 1735.5
1412150 1735.5
1412160 1740.5
1412170 1746.0
1412180 1746.0
1412190 1750.5
1412200 1754.0
1412210 1754.0
1412220 1756.0
1412230 1757.3
1412240 1759.2
1412250 1759.2
1412260 1761.0
1412270 1761.4
1412280 1761.4
1412290 1764.0
1412300 1765.9
1412310 1765.9
1412320 1769.1
1412330 1771.7
1412340 1771.7
1412350 1773.5
1412360 1775.9
1412370 1775.9
1412380 1778.4
1412390 1781.4
1412400 1781.4
1412410 1783.9
1412420 1785.3
1412430 1785.3
1412440 1787.2
1412450 1789.9
1412460 1789.9
1412470 1791.9
1412480 1794.4
1412490 1794.4
1412500 1796.6
1412510 1799.1
1412520 1799.1
1412530 1800.7
1412540 1802.7
1412550 1805.6
1412560 1805.6
1412570 1810.4
1412580 1816.4
1412590 1816.4
1412600 1821.1
1412610 1825.2
1412620 1825.2
1412630 1829.2
1412640 1833.7
1412650 1833.7
1412660 1839.1
1412670 1844.8
1412680 1844.8
1412690 1850.8
1412700 1854.3
1412710 1854.3
1412720 1858.0
1412730 1865.3
1412740 1865.3
1412750 1874.1
1412760 1881.0
1412770 1881.0
1412780 1888.6
1412790 1895.9
1412800 1895.9
1412810 1901.4
1412820 1906.4
1412830 1906.4
1412840 1910.5
1412850 1914.4
1412860 1914.4
1412870 1919.9
1412880 1926.0
1412890 1932.1
1412900 1932.1
1412910 1938.3
1412920 1945.1
1412930 1945.1
1412940 1952.1
1412950 1959.2
1412960 1959.2
1412970 1966.0
1412980 1972.2
1412990 1972.2
1413000 1978.2
1413010 1984.7
1413020 1984.7
1413030 1992.6
1413040 2000.0
1413050 2000.0
1413060 2007.7
1413070 2015.4
1413080 2015.4
1413090 2025.1
1413100 2044.4
1413110 2052.7
1413120 2064.5
1413130 2089.3
1413140 2089.3
1413150 2139.2
1413160 2189.3
1413170 2189.3
1413180 2206.3
1413190 2218.8
1413200 2228.5
1413210 2228.5
1413220 2238.0
1413230 2254.3
1413240 2254.3
1413250 2267.8
1413260 2273.9
1413270 2273.9
1413280 2272.9
1413290 2274.9
1413300 2274.9
1413310 2278.7
1413320 2277.9
1413330 2277.9
1413340 2286.5
1413350 2296.8
1413360 2296.8
1413370 2303.0
1413380 2305.3
1413390 2305.3
1413400 2303.4
1413410 2300.0
1413420 2300.0
1413430 2296.6
1413440 2289.4
1413450 2289.4
1413460 2288.9
1413470 2273.9
1413480 2273.9
1413490 2252.6
1413500 2238.4
1413510 2238.4
1413520 2222.4
1413530 2199.4
1413540 2190.4
1413550 2190.4
1413560 2170.0
1413570 2154.2
1413580 2154.2
1413590 2141.4
1413600 2130.1
1413610 2130.1
1413620 2120.9
1413630 2114.5
1413640 2114.5
1413650 2107.9
1413660 2101.2
1413670 2101.2
1413680 2094.9
1413690 2089.4
1413700 2089.4
1413710 2084.7
1413720 2078.3
1413730 2078.3
1413740 2072.9
1413750 2069.4
1413760 2069.4
1413770 2065.7
1413780 2062.6
1413790 2062.6
1413800 2060.1
1413810 2057.9
1413820 2057.9
1413830 2056.0
1413840 2054.1
1413850 2054.1
1413860 2052.6
1413870 2050.9
1413880 2049.2
1413890 2049.2
1413900 2048.3
1413910 2052.8
1413920 2052.8
1413930 2059.1
1413940 2065.7
1413950 2065.7
1413960 2071.4
1413970 2077.0
1413980 2077.0
1413990 2082.8
1414000 2089.1
1414010 2089.1
1414020 2097.4
1414030 2107.4
1414040 2107.4
1414050 2117.9
1414060 2129.6
1414070 2129.6
1414080 2142.4
1414090 2150.2
1414100 2150.2
1414110 2158.5
1414120 2169.7
1414130 2169.7
1414140 2174.8
1414150 2181.0
1414160 2181.0
1414170 2187.4
1414180 2194.1
1414190 2201.0
1414200 2201.0
1414210 2208.4
1414220 2215.4
1414230 2215.4
1414240 2222.8
1414250 2229.6
1414260 2229.6
1414270 2236.3
1414280 2245.2
1414290 2245.2
1414300 2260.6
1414310 2282.1
1414320 2282.1
1414330 2291.0
1414340 2298.0
1414350 2298.0
1414360 2303.9
1414370 2308.3
1414380 2308.3
1414390 2312.7
1414400 2313.3
1414410 2313.3
1414420 2311.1
1414430 2306.1
1414440 2306.1
1414450 2300.5
1414460 2296.4
1414470 2296.4
1414480 2291.1
1414490 2286.5
1414500 2286.5
1414510 2280.7
1414520 2272.4
1414530 2264.5
1414540 2264.5
1414550 2258.2
1414560 2252.2
1414570 2252.2
1414580 2245.8
1414590 2239.1
1414600 2239.1
1414610 2233.6
1414620 2229.5
1414630 2229.5
1414640 2225.7
1414650 2223.1
1414660 2223.1
1414670 2219.9
1414680 2217.1
1414690 2217.1
1414700 2215.7
1414710 2214.7
1414720 2214.7
1414730 2211.9
1414740 2208.6
1414750 2208.6
1414760 2204.8
1414770 2201.7
1414780 2201.7
1414790 2200.6
1414800 2201.3
1414810 2201.3
1414820 2201.0
1414830 2199.6
1414840 2199.6
1414850 2199.8
1414860 2200.7
1414870 2200.5
1414880 2200.5
1414890 2200.9
1414900 2200.2
1414910 2200.2
1414920 2201.1
1414930 2201.7
1414940 2201.7
1414950 2201.9
1414960 2202.5
1414970 2202.5
1414980 2201.9
1414990 2201.6
1415000 2201.6
1415010 2202.2
1415020 2203.1
1415030 2203.1
1415040 2205.1
1415050 2210.8
1415060 2210.8
1415070 2216.1
1415080 2221.4
1415090 2221.4
1415100 2228.0
1415110 2235.0
1415120 2235.0
1415130 2242.3
1415140 2249.5
1415150 2249.5
1415160 2256.9
1415170 2263.9
1415180 2271.7
1415190 2271.7
1415200 2278.9
1415210 2285.7
1415220 2285.7
1415230 2297.9
1415240 2306.7
1415250 2306.7
1415260 2316.2
1415270 2339.0
1415280 2339.0
1415290 2377.1
1415300 2388.8
1415310 2388.8
1415320 2396.1
1415330 2404.3
1415340 2404.3
1415350 2419.5
1415360 2423.7
1415370 2423.7
1415380 2437.9
1415390 2446.0
1415400 2446.0
1415410 2449.2
1415420 2444.9
1415430 2444.9
1415440 2426.2
1415450 2410.0
1415460 2410.0
1415470 2406.7
1415480 2399.5
1415490 2399.5
1415500 2382.8
1415510 2370.2
1415520 2359.6
1415530 2359.6
1415540 2348.9
1415550 2340.4
1415560 2340.4
1415570 2333.8
1415580 2326.7
1415590 2326.7
1415600 2319.3
1415610 2304.6
1415620 2304.6
1415630 2290.1
1415640 2279.1
1415650 2279.1
1415660 2268.1
1415670 2252.9
1415680 2252.9
1415690 2245.7
1415700 2238.1
1415710 2238.1
1415720 2227.1
1415730 2219.3
1415740 2219.3
1415750 2214.9
1415760 2213.0
1415770 2213.0
1415780 2210.4
1415790 2203.7
1415800 2203.7
1415810 2199.8
1415820 2197.0
1415830 2197.0
1415840 2188.8
1415850 2181.0
1415860 2176.3
1415870 2176.3
1415880 2169.0
1415890 2165.3
1415900 2165.3
1415910 2162.4
1415920 2159.4
1415930 2159.4
1415940 2158.4
1415950 2158.2
1415960 2158.2
1415970 2157.1
1415980 2157.0
1415990 2157.0
1416000 2158.5
1416010 2161.9
1416020 2161.9
1416030 2164.5
1416040 2168.7
1416050 2168.7
1416060 2177.6
1416070 2183.4
1416080 2183.4
1416090 2186.5
1416100 2188.1
1416110 2188.1
1416120 2193.2
1416130 2197.4
1416140 2197.4
1416150 2202.7
1416160 2203.5
1416170 2200.6
1416180 2200.6
1416190 2197.6
1416200 2195.3
1416210 2195.3
1416220 2193.6
1416230 2194.0
1416240 2194.0
1416250 2192.9
1416260 2189.6
1416270 2189.6
1416280 2188.5
1416290 2188.9
1416300 2188.9
1416310 2189.6
1416320 2187.6
1416330 2187.6
1416340 2188.0
1416350 2188.4
1416360 2188.4
1416370 2187.4
1416380 2187.2
1416390 2187.2
1416400 2184.5
1416410 2182.4
1416420 2182.4
1416430 2182.2
1416440 2183.6
1416450 2183.6
1416460 2185.2
1416470 2186.7
1416480 2186.7
1416490 2186.0
1416500 2186.4
1416510 2185.6
1416520 2185.6
1416530 2184.9
1416540 2186.6
1416550 2186.6
1416560 2189.0
1416570 2188.5
1416580 2188.5
1416590 2188.7
1416600 2187.2
1416610 2187.2
1416620 2184.6
1416630 2188.3
1416640 2188.3
1416650 2191.8
1416660 2193.7
1416670 2193.7
1416680 2194.6
1416690 2196.5
1416700 2196.5
1416710 2198.0
1416720 2198.3
1416730 2198.3
1416740 2201.5
1416750 2208.6
1416760 2208.6
1416770 2211.4
1416780 2218.6
1416790 2218.6
1416800 2222.0
1416810 2226.2
1416820 2227.1
1416830 2227.1
1416840 2225.5
1416850 2227.9
1416860 2227.9
1416870 2229.2
1416880 2228.9
1416890 2228.9
1416900 2230.8
1416910 2231.7
1416920 2231.7
1416930 2232.8
1416940 2233.2
1416950 2233.2
1416960 2232.2
1416970 2233.6
1416980 2233.6
1416990 2233.0
1417000 2232.3
1417010 2232.3
1417020 2234.4
1417030 2235.0
1417040 2235.0
1417050 2234.4
1417060 2234.9
1417070 2234.9
1417080 2237.5
1417090 2238.9
1417100 2238.9
1417110 2238.7
1417120 2238.0
1417130 2238.0
1417140 2236.8
1417150 2233.4
1417160 2235.0
1417170 2235.0
1417180 2239.4
1417190 2250.8
1417200 2250.8
1417210 2290.6
1417220 2302.6
1417230 2302.6
1417240 2312.2
1417250 2318.6
1417260 2318.6
1417270 2324.1
1417280 2329.1
1417290 2329.1
1417300 2333.9
1417310 2339.1
1417320 2339.1
1417330 2345.7
1417340 2351.9
1417350 2351.9
1417360 2359.9
1417370 2371.9
1417380 2371.9
1417390 2380.5
1417400 2386.3
1417410 2386.3
1417420 2393.1
1417430 2404.3
1417440 2404.3
1417450 2411.5
1417460 2420.1
1417470 2420.1
1417480 2425.8
1417490 2424.7
1417500 2427.6
1417510 2427.6
1417520 2442.6
1417530 2456.4
1417540 2456.4
1417550 2461.8
1417560 2448.8
1417570 2448.8
1417580 2428.6
1417590 2416.1
1417600 2416.1
1417610 2406.2
1417620 2398.6
1417630 2398.6
1417640 2392.1
1417650 2386.9
1417660 2386.9
1417670 2381.7
1417680 2376.4
1417690 2376.4
1417700 2371.4
1417710 2366.2
1417720 2366.2
1417730 2361.9
1417740 2357.5
1417750 2357.5
1417760 2352.4
1417770 2347.9
1417780 2347.9
1417790 2346.7
1417800 2344.4
1417810 2340.9
1417820 2340.9
1417830 2336.3
1417840 2333.1
1417850 2333.1
1417860 2329.7
1417870 2325.0
1417880 2325.0
1417890 2322.3
1417900 2319.8
1417910 2319.8
1417920 2315.7
1417930 2310.3
1417940 2310.3
1417950 2305.2
1417960 2299.7
1417970 2299.7
1417980 2292.1
1417990 2286.2
1418000 2286.2
1418010 2282.7
1418020 2276.2
1418030 2276.2
1418040 2269.1
1418050 2265.8
1418060 2265.8
1418070 2263.3
1418080 2262.3
1418090 2262.3
1418100 2259.2
1418110 2256.8
1418120 2256.8
1418130 2257.2
1418140 2256.4
1418150 2255.0
1418160 2255.0
1418170 2253.8
1418180 2252.0
1418190 2252.0
1418200 2250.3
1418210 2247.5
1418220 2247.5
1418230 2247.6
1418240 2248.3
1418250 2248.3
1418260 2248.8
1418270 2252.5
1418280 2252.5
1418290 2253.2
1418300 2251.3
1418310 2251.3
1418320 2249.1
1418330 2247.1
1418340 2247.1
1418350 2244.5
1418360 2236.6
1418370 2236.6
1418380 2228.9
1418390 2222.7
1418400 2222.7
1418410 2214.4
1418420 2206.5
1418430 2206.5
1418440 2199.7
1418450 2182.2
1418460 2182.2
1418470 2168.5
1418480 2159.1
1418490 2150.5
1418500 2150.5
1418510 2139.5
1418520 2134.0
1418530 2134.0
1418540 2126.0
1418550 2119.7
1418560 2119.7
1418570 2115.4
1418580 2109.9
1418590 2109.9
1418600 2104.6
1418610 2100.0
1418620 2100.0
1418630 2095.5
1418640 2091.3
1418650 2091.3
1418660 2088.5
1418670 2085.7
1418680 2085.7
1418690 2078.0
1418700 2074.4
1418710 2074.4
1418720 2070.1
1418730 2065.5
1418740 2065.5
1418750 2060.8
1418760 2056.0
1418770 2056.0
1418780 2053.1
1418790 2050.9
1418800 2047.9
1418810 2047.9
1418820 2044.0
1418830 2039.8
1418840 2039.8
1418850 2035.9
1418860 2032.3
1418870 2032.3
1418880 2028.5
1418890 2025.0
1418900 2025.0
1418910 2022.1
1418920 2019.0
1418930 2019.0
1418940 2015.5
1418950 2011.2
1418960 2011.2
1418970 2006.7
1418980 2001.8
1418990 2001.8
1419000 1997.7
1419010 1993.3
1419020 1993.3
1419030 1988.6
1419040 1983.2
1419050 1983.2
1419060 1977.1
1419070 1970.4
1419080 1970.4
1419090 1963.8
1419100 1957.8
1419110 1957.8
1419120 1953.0
1419130 1949.1
1419140 1946.0
1419150 1946.0
1419160 1942.6
1419170 1938.3
1419180 1938.3
1419190 1933.5
1419200 1928.3
1419210 1928.3
1419220 1923.0
1419230 1917.6
1419240 1917.6
1419250 1913.1
1419260 1908.2
1419270 1908.2
1419280 1903.6
1419290 1898.8
1419300 1898.8
1419310 1894.1
1419320 1890.6
1419330 1890.6
1419340 1887.4
1419350 1883.9
1419360 1883.9
1419370 1880.7
1419380 1876.8
1419390 1876.8
1419400 1873.3
1419410 1869.8
1419420 1869.8
1419430 1866.3
1419440 1862.9
1419450 1858.3
1419460 1858.3
1419470 1852.6
1419480 1847.7
1419490 1847.7
1419500 1843.8
1419510 1840.1
1419520 1840.1
1419530 1836.5
1419540 1833.3
1419550 1833.3
1419560 1830.3
1419570 1827.8
1419580 1827.8
1419590 1824.9
1419600 1822.1
1419610 1822.1
1419620 1818.9
1419630 1816.1
1419640 1816.1
1419650 1813.5
1419660 1812.1
1419670 1812.1
1419680 1810.6
1419690 1807.8
1419700 1807.8
1419710 1805.6
1419720 1803.2
1419730 1803.2
1419740 1799.6
1419750 1796.6
1419760 1796.6
1419770 1794.2
1419780 1791.9
1419790 1788.7
1419800 1788.7
1419810 1783.4
1419820 1779.5
1419830 1779.5
1419840 1777.6
1419850 1775.8
1419860 1775.8
1419870 1773.3
1419880 1769.4
1419890 1769.4
1419900 1766.9
1419910 1765.1
1419920 1765.1
1419930 1764.3
1419940 1762.3
1419950 1762.3
1419960 1760.6
1419970 1757.7
1419980 1757.7
1419990 1754.7
