1400000 1176.7
1400010 1182.0
1400020 1182.0
1400030 1186.6
1400040 1192.2
1400050 1192.2
1400060 1196.1
1400070 1196.6
1400080 1196.6
1400090 1195.7
1400100 1194.9
1400110 1194.9
1400120 1194.6
1400130 1193.8
1400140 1193.8
1400150 1193.8
1400160 1193.7
1400170 1193.7
1400180 1192.8
1400190 1192.0
1400200 1192.0
1400210 1192.0
1400220 1192.2
1400230 1192.2
1400240 1192.2
1400250 1192.2
1400260 1192.0
1400270 1192.0
1400280 1191.2
1400290 1187.4
1400300 1187.4
1400310 1184.7
1400320 1185.2
1400330 1185.2
1400340 1182.0
1400350 1175.9
1400360 1175.9
1400370 1167.3
1400380 1156.8
1400390 1156.8
1400400 1147.2
1400410 1146.4
1400420 1146.4
1400430 1153.6
1400440 1164.4
1400450 1164.4
1400460 1171.6
1400470 1179.0
1400480 1179.0
1400490 1185.0
1400500 1185.1
1400510 1185.1
1400520 1181.7
1400530 1177.5
1400540 1177.5
1400550 1171.8
1400560 1167.6
1400570 1167.6
1400580 1171.9
1400590 1176.7
1400600 1180.8
1400610 1180.8
1400620 1182.4
1400630 1181.6
1400640 1181.6
1400650 1177.0
1400660 1171.3
1400670 1171.3
1400680 1168.2
1400690 1171.9
1400700 1171.9
1400710 1175.0
1400720 1175.8
1400730 1175.8
1400740 1175.7
1400750 1172.9
1400760 1172.9
1400770 1171.2
1400780 1172.4
1400790 1172.4
1400800 1172.0
1400810 1171.3
1400820 1171.3
1400830 1170.8
1400840 1166.5
1400850 1166.5
1400860 1160.5
1400870 1155.6
1400880 1155.6
1400890 1158.5
1400900 1163.8
1400910 1163.8
1400920 1169.5
1400930 1171.5
1400940 1173.2
1400950 1173.2
1400960 1173.6
1400970 1170.3
1400980 1170.3
1400990 1166.3
1401000 1163.2
1401010 1163.2
1401020 1162.6
1401030 1163.7
1401040 1163.7
1401050 1162.1
1401060 1159.0
1401070 1159.0
1401080 1155.2
1401090 1157.1
1401100 1157.1
1401110 1159.1
1401120 1155.4
1401130 1155.4
1401140 1150.0
1401150 1143.7
1401160 1143.7
1401170 1140.4
1401180 1142.0
1401190 1142.0
1401200 1146.0
1401210 1150.9
1401220 1150.9
1401230 1155.9
1401240 1158.2
1401250 1158.2
1401260 1156.5
1401270 1153.2
1401280 1149.9
1401290 1149.9
1401300 1147.2
1401310 1144.5
1401320 1144.5
1401330 1141.2
1401340 1137.4
1401350 1137.4
1401360 1138.9
1401370 1144.8
1401380 1144.8
1401390 1150.6
1401400 1152.0
1401410 1152.0
1401420 1149.7
1401430 1146.4
1401440 1146.4
1401450 1144.0
1401460 1142.2
1401470 1142.2
1401480 1139.8
1401490 1136.4
1401500 1136.4
1401510 1131.6
1401520 1130.5
1401530 1130.5
1401540 1136.0
1401550 1142.9
1401560 1142.9
1401570 1148.9
1401580 1150.8
1401590 1150.5
1401600 1150.5
1401610 1152.7
1401620 1154.1
1401630 1154.1
1401640 1151.2
1401650 1148.3
1401660 1148.3
1401670 1150.2
1401680 1155.1
1401690 1155.1
1401700 1158.1
1401710 1156.5
1401720 1156.5
1401730 1151.0
1401740 1145.7
1401750 1145.7
1401760 1144.3
1401770 1142.8
1401780 1142.8
1401790 1145.0
1401800 1146.8
1401810 1146.8
1401820 1148.8
1401830 1151.0
1401840 1151.0
1401850 1152.7
1401860 1153.9
1401870 1153.9
1401880 1154.8
1401890 1155.3
1401900 1155.3
1401910 1156.7
1401920 1159.6
1401930 1162.7
1401940 1162.7
1401950 1165.5
1401960 1170.2
1401970 1175.1
1401980 1181.2
1401990 1187.2
1402000 1187.2
1402010 1188.9
1402020 1189.7
1402030 1189.7
1402040 1193.8
1402050 1198.4
1402060 1198.4
1402070 1202.6
1402080 1207.1
1402090 1207.1
1402100 1207.1
1402110 1208.0
1402120 1208.0
1402130 1209.0
1402140 1210.6
1402150 1210.6
1402160 1213.7
1402170 1217.4
1402180 1217.4
1402190 1221.1
1402200 1225.3
1402210 1225.3
1402220 1227.0
1402230 1230.3
1402240 1230.3
1402250 1236.7
1402260 1239.8
1402270 1237.7
1402280 1237.7
1402290 1235.5
1402300 1232.9
1402310 1232.9
1402320 1229.9
1402330 1226.3
1402340 1226.3
1402350 1222.1
1402360 1217.8
1402370 1217.8
1402380 1214.3
1402390 1210.9
1402400 1210.9
1402410 1207.0
1402420 1203.2
1402430 1203.2
1402440 1200.4
1402450 1196.9
1402460 1196.9
1402470 1193.2
1402480 1190.0
1402490 1190.0
1402500 1187.0
1402510 1183.6
1402520 1183.6
1402530 1179.7
1402540 1175.9
1402550 1175.9
1402560 1171.7
1402570 1167.7
1402580 1167.7
1402590 1164.4
1402600 1161.1
1402610 1157.6
1402620 1157.6
1402630 1154.6
1402640 1151.8
1402650 1151.8
1402660 1148.8
1402670 1145.8
1402680 1145.8
1402690 1143.1
1402700 1140.3
1402710 1140.3
1402720 1137.3
1402730 1134.3
1402740 1134.3
1402750 1131.1
1402760 1127.3
1402770 1127.3
1402780 1124.3
1402790 1121.3
1402800 1121.3
1402810 1118.0
1402820 1114.6
1402830 1114.6
1402840 1111.3
1402850 1108.1
1402860 1108.1
1402870 1105.2
1402880 1102.4
1402890 1102.4
1402900 1099.6
1402910 1097.1
1402920 1094.5
1402930 1094.5
1402940 1091.8
1402950 1089.1
1402960 1089.1
1402970 1086.7
1402980 1084.6
1402990 1084.6
1403000 1081.9
1403010 1078.9
1403020 1078.9
1403030 1076.4
1403040 1073.9
1403050 1073.9
1403060 1072.0
1403070 1070.3
1403080 1070.3
1403090 1068.5
1403100 1066.6
1403110 1066.6
1403120 1065.2
1403130 1063.2
1403140 1063.2
1403150 1060.7
1403160 1058.5
1403170 1058.5
1403180 1056.4
1403190 1054.8
1403200 1054.8
1403210 1052.6
1403220 1050.3
1403230 1050.3
1403240 1048.3
1403250 1045.7
1403260 1043.0
1403270 1043.0
1403280 1040.2
1403290 1037.7
1403300 1037.7
1403310 1035.0
1403320 1032.1
1403330 1032.1
1403340 1029.0
1403350 1025.7
1403360 1025.7
1403370 1022.2
1403380 1018.9
1403390 1018.9
1403400 1016.0
1403410 1012.6
1403420 1012.6
1403430 1011.7
1403440 1009.0
1403450 1009.0
1403460 1005.4
1403470 1002.6
1403480 1002.6
1403490 998.2
1403500 994.0
1403510 994.0
1403520 990.3
1403530 986.3
1403540 986.3
1403550 983.3
1403560 979.7
1403570 979.7
1403580 976.7
1403590 973.8
1403600 971.1
1403610 971.1
1403620 967.8
1403630 963.7
1403640 963.7
1403650 958.4
1403660 952.4
1403670 952.4
1403680 946.5
1403690 940.1
1403700 940.1
1403710 934.0
1403720 932.5
1403730 932.5
1403740 931.9
1403750 931.9
1403760 931.9
1403770 932.1
1403780 932.1
1403790 932.1
1403800 932.1
1403810 932.3
1403820 932.3
1403830 932.5
1403840 933.0
1403850 933.0
1403860 933.0
1403870 932.6
1403880 932.6
1403890 932.6
1403900 932.6
1403910 932.6
1403920 932.5
1403930 932.2
1403940 933.8
1403950 933.8
1403960 936.1
1403970 938.9
1403980 938.9
1403990 943.2
1404000 948.4
1404010 948.4
1404020 954.7
1404030 961.6
1404040 961.6
1404050 968.8
1404060 976.7
1404070 976.7
1404080 984.2
1404090 991.0
1404100 991.0
1404110 997.1
1404120 1001.2
1404130 1001.2
1404140 1004.9
1404150 1009.4
1404160 1009.4
1404170 1014.3
1404180 1020.0
1404190 1020.0
1404200 1023.4
1404210 1028.4
1404220 1028.4
1404230 1034.8
1404240 1040.8
1404250 1046.4
1404260 1046.4
1404270 1052.2
1404280 1057.9
1404290 1057.9
1404300 1063.4
1404310 1069.1
1404320 1069.1
1404330 1074.7
1404340 1080.3
1404350 1080.3
1404360 1085.3
1404370 1089.2
1404380 1089.2
1404390 1092.3
1404400 1094.9
1404410 1094.9
1404420 1097.2
1404430 1098.4
1404440 1098.4
1404450 1098.5
1404460 1098.4
1404470 1098.4
1404480 1098.8
1404490 1099.6
1404500 1099.6
1404510 1098.6
1404520 1095.5
1404530 1095.5
1404540 1093.5
1404550 1095.0
1404560 1095.0
1404570 1097.4
1404580 1100.2
1404590 1103.4
1404600 1103.4
1404610 1106.2
1404620 1108.5
1404630 1108.5
1404640 1110.8
1404650 1113.2
1404660 1113.2
1404670 1115.1
1404680 1117.4
1404690 1117.4
1404700 1119.8
1404710 1121.9
1404720 1121.9
1404730 1123.5
1404740 1126.7
1404750 1126.7
1404760 1132.1
1404770 1138.6
1404780 1138.6
1404790 1146.5
1404800 1155.8
1404810 1155.8
1404820 1164.1
1404830 1171.5
1404840 1171.5
1404850 1178.6
1404860 1185.7
1404870 1185.7
1404880 1192.8
1404890 1199.4
1404900 1199.4
1404910 1206.1
1404920 1213.3
1404930 1220.4
1404940 1220.4
1404950 1225.9
1404960 1232.4
1404970 1232.4
1404980 1238.1
1404990 1243.6
1405000 1243.6
1405010 1249.1
1405020 1254.2
1405030 1254.2
1405040 1259.0
1405050 1263.6
1405060 1263.6
1405070 1268.1
1405080 1272.5
1405090 1272.5
1405100 1276.6
1405110 1280.1
1405120 1275.1
1405130 1277.8
1405140 1280.5
1405150 1280.5
1405160 1282.6
1405170 1284.2
1405180 1284.2
1405190 1285.5
1405200 1287.3
1405210 1287.3
1405220 1290.3
1405230 1293.8
1405240 1297.0
1405250 1297.0
1405260 1299.9
1405270 1302.3
1405280 1302.3
1405290 1303.6
1405300 1303.5
1405310 1303.5
1405320 1300.9
1405330 1299.1
1405340 1299.1
1405350 1301.8
1405360 1308.2
1405370 1308.2
1405380 1314.3
1405390 1317.9
1405400 1317.9
1405410 1321.9
1405420 1325.9
1405430 1325.9
1405440 1329.8
1405450 1333.5
1405460 1333.5
1405470 1336.1
1405480 1338.3
1405490 1338.3
1405500 1339.2
1405510 1338.3
1405520 1338.3
1405530 1336.2
1405540 1333.2
1405550 1333.2
1405560 1328.7
1405570 1322.3
1405580 1315.7
1405590 1315.7
1405600 1309.1
1405610 1302.9
1405620 1302.9
1405630 1297.6
1405640 1291.2
1405650 1291.2
1405660 1285.8
1405670 1284.6
1405680 1284.6
1405690 1281.4
1405700 1277.1
1405710 1277.1
1405720 1273.0
1405730 1269.4
1405740 1269.4
1405750 1266.1
1405760 1261.8
1405770 1261.8
1405780 1258.2
1405790 1260.2
1405800 1260.2
1405810 1264.4
1405820 1267.3
1405830 1267.3
1405840 1267.6
1405850 1266.1
1405860 1266.1
1405870 1265.3
1405880 1264.4
1405890 1264.4
1405900 1263.8
1405910 1263.5
1405920 1262.5
1405930 1262.5
1405940 1259.6
1405950 1256.0
1405960 1256.0
1405970 1251.1
1405980 1245.3
1405990 1245.3
1406000 1239.2
1406010 1233.8
1406020 1233.8
1406030 1228.9
1406040 1223.6
1406050 1223.6
1406060 1219.1
1406070 1213.3
1406080 1213.3
1406090 1209.7
1406100 1211.8
1406110 1211.8
1406120 1220.0
1406130 1227.0
1406140 1227.0
1406150 1233.1
1406160 1237.9
1406170 1237.9
1406180 1243.3
1406190 1249.4
1406200 1249.4
1406210 1255.9
1406220 1262.5
1406230 1262.5
1406240 1269.5
1406250 1276.9
1406260 1284.7
1406270 1284.7
1406280 1292.0
1406290 1298.9
1406300 1298.9
1406310 1305.9
1406320 1312.5
1406330 1312.5
1406340 1318.9
1406350 1324.8
1406360 1324.8
1406370 1330.5
1406380 1336.3
1406390 1336.3
1406400 1343.0
1406410 1349.1
1406420 1349.1
1406430 1353.4
1406440 1357.0
1406450 1357.0
1406460 1357.9
1406470 1353.7
1406480 1353.7
1406490 1353.3
1406500 1360.0
1406510 1360.0
1406520 1362.5
1406530 1365.3
1406540 1365.3
1406550 1368.1
1406560 1369.2
1406570 1372.4
1406580 1372.4
1406590 1375.7
1406600 1376.8
1406610 1376.8
1406620 1375.7
1406630 1370.4
1406640 1370.4
1406650 1363.3
1406660 1358.4
1406670 1358.4
1406680 1356.7
1406690 1354.7
1406700 1354.7
1406710 1352.6
1406720 1350.4
1406730 1350.4
1406740 1346.0
1406750 1337.3
1406760 1337.3
1406770 1329.5
1406780 1322.3
1406790 1322.3
1406800 1315.7
1406810 1309.5
1406820 1309.5
1406830 1303.3
1406840 1296.3
1406850 1296.3
1406860 1287.1
1406870 1277.3
1406880 1277.3
1406890 1269.7
1406900 1272.7
1406910 1276.8
1406920 1276.8
1406930 1277.6
1406940 1277.8
1406950 1277.8
1406960 1275.0
1406970 1271.0
1406980 1271.0
1406990 1271.8
1407000 1275.3
1407010 1275.3
1407020 1278.2
1407030 1281.8
1407040 1281.8
1407050 1283.7
1407060 1280.8
1407070 1280.8
1407080 1274.5
1407090 1268.6
1407100 1268.6
1407110 1262.8
1407120 1256.1
1407130 1256.1
1407140 1247.5
1407150 1241.4
1407160 1241.4
1407170 1238.4
1407180 1238.7
1407190 1238.7
1407200 1240.5
1407210 1240.9
1407220 1240.9
1407230 1240.2
1407240 1235.0
1407250 1228.2
1407260 1228.2
1407270 1229.4
1407280 1232.0
1407290 1232.0
1407300 1232.1
1407310 1228.2
1407320 1228.2
1407330 1222.5
1407340 1219.1
1407350 1219.1
1407360 1216.7
1407370 1213.9
1407380 1213.9
1407390 1211.0
1407400 1209.4
1407410 1209.4
1407420 1213.2
1407430 1216.0
1407440 1216.0
1407450 1214.8
1407460 1212.1
1407470 1212.1
1407480 1209.3
1407490 1206.7
1407500 1206.7
1407510 1204.2
1407520 1203.4
1407530 1203.4
1407540 1203.3
1407550 1201.3
1407560 1201.3
1407570 1200.2
1407580 1199.4
1407590 1198.9
1407600 1198.9
1407610 1198.9
1407620 1200.9
1407630 1200.9
1407640 1205.1
1407650 1211.0
1407660 1211.0
1407670 1214.9
1407680 1219.0
1407690 1219.0
1407700 1224.1
1407710 1230.1
1407720 1230.1
1407730 1234.1
1407740 1235.6
1407750 1235.6
1407760 1236.0
1407770 1236.0
1407780 1236.0
1407790 1235.8
1407800 1235.0
1407810 1235.0
1407820 1233.3
1407830 1230.5
1407840 1230.5
1407850 1227.7
1407860 1223.0
1407870 1223.0
1407880 1218.4
1407890 1213.5
1407900 1208.2
1407910 1208.2
1407920 1202.5
1407930 1196.9
1407940 1196.9
1407950 1190.8
1407960 1184.2
1407970 1184.2
1407980 1177.2
1407990 1170.6
1408000 1170.6
1408010 1164.1
1408020 1156.6
1408030 1156.6
1408040 1152.1
1408050 1156.7
1408060 1156.7
1408070 1161.5
1408080 1164.5
1408090 1164.5
1408100 1164.1
1408110 1159.7
1408120 1159.7
1408130 1156.8
1408140 1156.3
1408150 1156.3
1408160 1156.3
1408170 1157.4
1408180 1157.4
1408190 1157.2
1408200 1155.1
1408210 1155.1
1408220 1152.3
1408230 1148.8
1408240 1145.4
1408250 1145.4
1408260 1142.3
1408270 1138.3
1408280 1138.3
1408290 1133.9
1408300 1128.2
1408310 1128.2
1408320 1122.2
1408330 1115.9
1408340 1115.9
1408350 1110.4
1408360 1105.2
1408370 1105.2
1408380 1102.7
1408390 1103.2
1408400 1103.2
1408410 1103.3
1408420 1103.5
1408430 1103.5
1408440 1104.0
1408450 1104.3
1408460 1104.3
1408470 1104.2
1408480 1104.2
1408490 1104.2
1408500 1104.6
1408510 1105.5
1408520 1105.5
1408530 1106.7
1408540 1108.6
1408550 1108.6
1408560 1110.4
1408570 1112.0
1408580 1114.8
1408590 1114.8
1408600 1117.2
1408610 1119.4
1408620 1119.4
1408630 1122.6
1408640 1128.7
1408650 1128.7
1408660 1135.0
1408670 1139.3
1408680 1139.3
1408690 1143.2
1408700 1147.2
1408710 1147.2
1408720 1154.3
1408730 1163.2
1408740 1163.2
1408750 1170.6
1408760 1176.5
1408770 1176.5
1408780 1182.4
1408790 1189.9
1408800 1189.9
1408810 1197.5
1408820 1204.2
1408830 1204.2
1408840 1209.7
1408850 1214.1
1408860 1214.1
1408870 1216.5
1408880 1219.4
1408890 1219.4
1408900 1222.4
1408910 1224.4
1408920 1227.3
1408930 1227.3
1408940 1233.0
1408950 1239.2
1408960 1239.2
1408970 1246.2
1408980 1252.5
1408990 1252.5
1409000 1256.8
1409010 1260.6
1409020 1260.6
1409030 1266.0
1409040 1274.8
1409050 1274.8
1409060 1276.0
1409070 1279.9
1409080 1279.9
1409090 1288.3
1409100 1296.5
1409110 1296.5
1409120 1300.4
1409130 1296.6
1409140 1296.6
1409150 1289.5
1409160 1279.4
1409170 1279.4
1409180 1277.8
1409190 1278.1
1409200 1278.1
1409210 1272.8
1409220 1269.5
1409230 1263.9
1409240 1263.9
1409250 1259.3
1409260 1254.5
1409270 1254.5
1409280 1251.0
1409290 1249.3
1409300 1249.3
1409310 1249.2
1409320 1248.3
1409330 1248.3
1409340 1243.9
1409350 1237.5
1409360 1237.5
1409370 1225.8
1409380 1215.6
1409390 1215.6
1409400 1216.1
1409410 1217.7
1409420 1217.7
1409430 1215.0
1409440 1217.5
1409450 1217.5
1409460 1217.3
1409470 1207.7
1409480 1207.7
1409490 1199.1
1409500 1203.0
1409510 1203.0
1409520 1207.4
1409530 1211.5
1409540 1211.5
1409550 1214.3
1409560 1213.5
1409570 1209.7
1409580 1209.7
1409590 1205.0
1409600 1200.8
1409610 1200.8
1409620 1198.0
1409630 1192.3
1409640 1192.3
1409650 1185.6
1409660 1177.3
1409670 1177.3
1409680 1172.2
1409690 1171.8
1409700 1171.8
1409710 1174.3
1409720 1174.1
1409730 1174.1
1409740 1176.5
1409750 1174.4
1409760 1174.4
1409770 1171.2
1409780 1171.2
1409790 1171.2
1409800 1171.6
1409810 1170.9
1409820 1170.9
1409830 1169.8
1409840 1168.8
1409850 1168.8
1409860 1167.4
1409870 1166.5
1409880 1166.5
1409890 1164.3
1409900 1162.2
1409910 1162.4
1409920 1162.4
1409930 1163.0
1409940 1163.7
1409950 1163.7
1409960 1165.2
1409970 1165.8
1409980 1165.8
1409990 1166.2
1410000 1166.0
1410010 1166.0
1410020 1165.6
1410030 1164.3
1410040 1164.3
1410050 1164.0
1410060 1164.4
1410070 1164.4
1410080 1165.0
1410090 1165.5
1410100 1165.5
1410110 1159.7
1410120 1159.1
1410130 1159.1
1410140 1158.3
1410150 1157.5
1410160 1157.5
1410170 1157.4
1410180 1157.6
1410190 1157.6
1410200 1157.4
1410210 1157.5
1410220 1157.9
1410230 1157.9
1410240 1158.3
1410250 1158.6
1410260 1158.6
1410270 1158.8
1410280 1159.0
1410290 1159.0
1410300 1159.0
1410310 1159.2
1410320 1159.2
1410330 1159.4
1410340 1159.4
1410350 1159.4
1410360 1159.5
1410370 1159.8
1410380 1159.8
1410390 1162.8
1410400 1168.6
1410410 1168.6
1410420 1173.5
1410430 1178.9
1410440 1178.9
1410450 1184.0
1410460 1189.4
1410470 1189.4
1410480 1195.6
1410490 1202.3
1410500 1202.3
1410510 1207.9
1410520 1213.1
1410530 1213.1
1410540 1218.9
1410550 1224.9
1410560 1231.1
1410570 1231.1
1410580 1237.6
1410590 1243.8
1410600 1243.8
1410610 1249.2
1410620 1254.3
1410630 1254.3
1410640 1258.7
1410650 1262.6
1410660 1262.6
1410670 1266.6
1410680 1272.2
1410690 1272.2
1410700 1277.6
1410710 1281.5
1410720 1281.5
1410730 1284.6
1410740 1288.3
1410750 1288.3
1410760 1291.0
1410770 1294.7
1410780 1294.7
1410790 1298.0
1410800 1301.3
1410810 1301.3
1410820 1303.0
1410830 1302.0
1410840 1302.0
1410850 1302.7
1410860 1305.8
1410870 1305.8
1410880 1309.9
1410890 1314.3
1410900 1318.7
1410910 1318.7
1410920 1323.4
1410930 1330.2
1410940 1330.2
1410950 1328.5
1410960 1335.4
1410970 1335.4
1410980 1342.8
1410990 1343.7
1411000 1343.7
1411010 1347.6
1411020 1357.1
1411030 1357.1
1411040 1358.2
1411050 1357.2
1411060 1357.2
1411070 1361.0
1411080 1368.7
1411090 1368.7
1411100 1369.0
1411110 1367.1
1411120 1367.1
1411130 1369.1
1411140 1371.6
1411150 1371.6
1411160 1366.9
1411170 1360.7
1411180 1360.7
1411190 1357.9
1411200 1357.4
1411210 1357.4
1411220 1346.7
1411230 1352.8
1411240 1365.3
1411250 1365.3
1411260 1374.7
1411270 1381.2
1411280 1381.2
1411290 1384.4
1411300 1384.9
1411310 1384.9
1411320 1383.8
1411330 1386.5
1411340 1386.5
1411350 1392.0
1411360 1391.7
1411370 1391.7
1411380 1386.3
1411390 1380.7
1411400 1380.7
1411410 1374.4
1411420 1372.0
1411430 1372.0
1411440 1375.8
1411450 1378.4
1411460 1378.4
1411470 1382.2
1411480 1391.1
1411490 1391.1
1411500 1396.6
1411510 1397.6
1411520 1397.6
1411530 1401.5
1411540 1409.7
1411550 1410.7
1411560 1410.7
1411570 1408.5
1411580 1413.9
1411590 1413.9
1411600 1419.1
1411610 1414.8
1411620 1414.8
1411630 1415.6
1411640 1416.5
1411650 1416.5
1411660 1417.2
1411670 1419.6
1411680 1419.6
1411690 1421.4
1411700 1422.1
1411710 1422.1
1411720 1431.0
1411730 1443.5
1411740 1443.5
1411750 1450.0
1411760 1449.6
1411770 1449.6
1411780 1446.8
1411790 1446.5
1411800 1446.5
1411810 1455.0
1411820 1467.7
1411830 1467.7
1411840 1474.4
1411850 1452.1
1411860 1452.1
1411870 1446.9
1411880 1457.0
1411890 1469.3
1411900 1469.3
1411910 1478.5
1411920 1486.3
1411930 1486.3
1411940 1490.5
1411950 1496.4
1411960 1496.4
1411970 1503.5
1411980 1510.6
1411990 1510.6
1412000 1520.7
1412010 1530.0
1412020 1530.0
1412030 1536.3
1412040 1537.8
1412050 1537.8
1412060 1538.1
1412070 1544.3
1412080 1544.3
1412090 1553.7
1412100 1553.5
1412110 1553.5
1412120 1557.5
1412130 1561.3
1412140 1561.3
1412150 1564.3
1412160 1566.9
1412170 1566.9
1412180 1567.3
1412190 1564.3
1412200 1564.3
1412210 1569.6
1412220 1575.9
1412230 1579.6
1412240 1579.6
1412250 1582.2
1412260 1583.1
1412270 1583.1
1412280 1580.1
1412290 1582.6
1412300 1582.6
1412310 1586.0
1412320 1591.7
1412330 1591.7
1412340 1596.5
1412350 1601.2
1412360 1601.2
1412370 1605.5
1412380 1608.1
1412390 1608.1
1412400 1609.8
1412410 1611.9
1412420 1611.9
1412430 1615.1
1412440 1617.7
1412450 1617.7
1412460 1620.4
1412470 1624.5
1412480 1624.5
1412490 1628.1
1412500 1632.3
1412510 1632.3
1412520 1636.2
1412530 1639.3
1412540 1639.3
1412550 1642.8
1412560 1646.0
1412570 1648.6
1412580 1648.6
1412590 1652.3
1412600 1655.9
1412610 1655.9
1412620 1661.0
1412630 1665.1
1412640 1665.1
1412650 1668.8
1412660 1671.3
1412670 1671.3
1412680 1677.4
1412690 1682.7
1412700 1682.7
1412710 1684.4
1412720 1686.4
1412730 1686.4
1412740 1690.7
1412750 1691.1
1412760 1691.1
1412770 1693.4
1412780 1700.5
1412790 1700.5
1412800 1708.7
1412810 1717.3
1412820 1717.3
1412830 1724.9
1412840 1732.4
1412850 1732.4
1412860 1739.7
1412870 1745.2
1412880 1743.8
1412890 1743.8
1412900 1745.5
1412910 1750.4
1412920 1750.4
1412930 1757.9
1412940 1766.8
1412950 1766.8
1412960 1772.9
1412970 1776.6
1412980 1776.6
1412990 1783.7
1413000 1797.5
1413010 1797.5
1413020 1804.1
1413030 1809.2
1413040 1809.2
1413050 1817.6
1413060 1832.0
1413070 1832.0
1413080 1849.1
1413090 1862.0
1413100 1862.0
1413110 1867.7
1413120 1860.4
1413130 1860.4
1413140 1872.4
1413150 1882.8
1413160 1882.8
1413170 1896.6
1413180 1894.9
1413190 1894.9
1413200 1898.1
1413210 1905.4
1413220 1909.5
1413230 1909.5
1413240 1883.4
1413250 1869.8
1413260 1869.8
1413270 1860.8
1413280 1855.4
1413290 1855.4
1413300 1849.1
1413310 1849.3
1413320 1849.3
1413330 1852.2
1413340 1838.3
1413350 1838.3
1413360 1833.3
1413370 1832.2
1413380 1832.2
1413390 1831.3
1413400 1829.3
1413410 1829.3
1413420 1827.5
1413430 1827.3
1413440 1827.3
1413450 1826.7
1413460 1825.7
1413470 1825.7
1413480 1824.8
1413490 1823.1
1413500 1823.1
1413510 1820.6
1413520 1816.8
1413530 1816.8
1413540 1814.7
1413550 1819.0
1413560 1817.1
1413570 1817.1
1413580 1812.6
1413590 1808.6
1413600 1808.6
1413610 1811.5
1413620 1813.7
1413630 1819.9
1413640 1821.4
1413650 1822.2
1413660 1822.2
1413670 1823.8
1413680 1824.9
1413690 1824.9
1413700 1827.2
1413710 1829.8
1413720 1829.8
1413730 1830.6
1413740 1827.7
1413750 1827.7
1413760 1822.8
1413770 1818.7
1413780 1818.7
1413790 1820.0
1413800 1826.5
1413810 1826.5
1413820 1834.7
1413830 1846.5
1413840 1846.5
1413850 1856.1
1413860 1867.8
1413870 1874.6
1413880 1874.6
1413890 1879.8
1413900 1886.8
1413910 1886.8
1413920 1903.9
1413930 1928.9
1413940 1928.9
1413950 1937.4
1413960 1947.4
1413970 1947.4
1413980 1949.4
1413990 1952.4
1414000 1952.4
1414010 1958.8
1414020 1966.0
1414030 1966.0
1414040 1983.9
1414050 1990.0
1414060 1990.0
1414070 1998.9
1414080 2013.0
1414090 2013.0
1414100 2027.8
1414110 2041.1
1414120 2041.1
1414130 2045.6
1414140 2050.6
1414150 2050.6
1414160 2055.6
1414170 2064.6
1414180 2064.6
1414190 2071.9
1414200 2076.9
1414210 2081.1
1414220 2081.1
1414230 2084.6
1414240 2087.9
1414250 2087.9
1414260 2091.4
1414270 2094.6
1414280 2094.6
1414290 2098.6
1414300 2104.1
1414310 2104.1
1414320 2112.0
1414330 2118.1
1414340 2118.1
1414350 2121.9
1414360 2128.8
1414370 2128.8
1414380 2135.2
1414390 2143.0
1414400 2143.0
1414410 2154.2
1414420 2172.5
1414430 2172.5
1414440 2182.2
1414450 2171.8
1414460 2171.8
1414470 2165.0
1414480 2153.8
1414490 2153.8
1414500 2127.0
1414510 2114.7
1414520 2114.7
1414530 2102.5
1414540 2093.1
1414550 2087.2
1414560 2087.2
1414570 2081.3
1414580 2075.4
1414590 2075.4
1414600 2069.3
1414610 2065.5
1414620 2065.5
1414630 2061.3
1414640 2058.1
1414650 2058.1
1414660 2053.1
1414670 2047.0
1414680 2047.0
1414690 2040.7
1414700 2035.6
1414710 2035.6
1414720 2030.2
1414730 2024.8
1414740 2024.8
1414750 2020.0
1414760 2015.9
1414770 2015.9
1414780 2012.2
1414790 2009.3
1414800 2009.3
1414810 2006.3
1414820 2001.7
1414830 2001.7
1414840 1998.8
1414850 1998.2
1414860 1998.2
1414870 1998.3
1414880 1999.6
1414890 2001.1
1414900 2001.1
1414910 2003.1
1414920 2005.3
1414930 2005.3
1414940 2009.7
1414950 2014.3
1414960 2014.3
1414970 2018.9
1414980 2022.6
1414990 2022.6
1415000 2025.5
1415010 2028.6
1415020 2028.6
1415030 2031.9
1415040 2038.2
1415050 2038.2
1415060 2051.7
1415070 2070.2
1415080 2070.2
1415090 2074.9
1415100 2078.5
1415110 2078.5
1415120 2101.1
1415130 2133.0
1415140 2133.0
1415150 2146.9
1415160 2157.7
1415170 2157.7
1415180 2167.5
1415190 2174.1
1415200 2181.2
1415210 2181.2
1415220 2190.4
1415230 2197.3
1415240 2197.3
1415250 2205.6
1415260 2213.8
1415270 2213.8
1415280 2220.5
1415290 2230.0
1415300 2230.0
1415310 2239.6
1415320 2247.2
1415330 2247.2
1415340 2256.0
1415350 2264.0
1415360 2264.0
1415370 2272.6
1415380 2280.9
1415390 2280.9
1415400 2288.5
1415410 2296.6
1415420 2296.6
1415430 2305.5
1415440 2319.9
1415450 2320.0
1415460 2341.9
1415470 2351.3
1415480 2351.3
1415490 2361.4
1415500 2368.8
1415510 2368.8
1415520 2375.7
1415530 2382.8
1415540 2396.9
1415550 2396.9
1415560 2402.4
1415570 2428.4
1415580 2428.4
1415590 2433.2
1415600 2429.3
1415610 2429.3
1415620 2426.6
1415630 2421.9
1415640 2421.9
1415650 2412.9
1415660 2406.0
1415670 2406.0
1415680 2398.3
1415690 2390.0
1415700 2390.0
1415710 2380.9
1415720 2367.3
1415730 2367.3
1415740 2355.4
1415750 2346.4
1415760 2346.4
1415770 2337.7
1415780 2327.8
1415790 2327.8
1415800 2317.6
1415810 2306.4
1415820 2306.4
1415830 2296.2
1415840 2286.2
1415850 2286.2
1415860 2268.2
1415870 2252.8
1415880 2232.1
1415890 2232.1
1415900 2216.4
1415910 2209.3
1415920 2209.3
1415930 2200.4
1415940 2195.7
1415950 2195.7
1415960 2192.0
1415970 2187.7
1415980 2187.7
1415990 2183.4
1416000 2178.7
1416010 2178.7
1416020 2175.3
1416030 2172.0
1416040 2172.0
1416050 2168.1
1416060 2164.5
1416070 2164.5
1416080 2160.9
1416090 2156.6
1416100 2156.6
1416110 2153.2
1416120 2150.0
1416130 2150.0
1416140 2147.6
1416150 2143.2
1416160 2143.2
1416170 2137.6
1416180 2133.4
1416190 2133.4
1416200 2129.1
1416210 2125.7
1416220 2123.0
1416230 2123.0
1416240 2118.8
1416250 2115.5
1416260 2115.5
1416270 2111.1
1416280 2108.3
1416290 2108.3
1416300 2107.2
1416310 2106.4
1416320 2106.4
1416330 2105.6
1416340 2104.0
1416350 2104.0
1416360 2109.9
1416370 2116.4
1416380 2116.4
1416390 2117.1
1416400 2116.6
1416410 2116.6
1416420 2117.5
1416430 2118.7
1416440 2118.7
1416450 2118.4
1416460 2118.3
1416470 2118.3
1416480 2116.2
1416490 2113.9
1416500 2113.9
1416510 2112.2
1416520 2109.6
1416530 2106.2
1416540 2106.2
1416550 2103.8
1416560 2101.8
1416570 2101.8
1416580 2098.7
1416590 2096.9
1416600 2096.9
1416610 2094.5
1416620 2091.3
1416630 2091.3
1416640 2088.0
1416650 2082.3
1416660 2082.3
1416670 2078.0
1416680 2075.4
1416690 2075.4
1416700 2074.5
1416710 2072.6
1416720 2072.6
1416730 2072.5
1416740 2076.1
1416750 2076.1
1416760 2073.7
1416770 2070.0
1416780 2070.0
1416790 2064.4
1416800 2057.7
1416810 2057.7
1416820 2049.9
1416830 2043.2
1416840 2043.2
1416850 2036.6
1416860 2028.8
1416870 2023.4
1416880 2023.4
1416890 2020.7
1416900 2018.6
1416910 2018.6
1416920 2016.5
1416930 2015.7
1416940 2015.7
1416950 2013.9
1416960 2014.0
1416970 2014.0
1416980 2014.9
1416990 2014.9
1417000 2014.9
1417010 2015.5
1417020 2016.8
1417030 2016.8
1417040 2016.0
1417050 2015.5
1417060 2015.5
1417070 2016.7
1417080 2018.6
1417090 2018.6
1417100 2021.7
1417110 2024.8
1417120 2024.8
1417130 2027.2
1417140 2030.8
1417150 2030.8
1417160 2031.9
1417170 2032.7
1417180 2032.7
1417190 2033.4
1417200 2033.7
1417210 2034.2
1417220 2034.2
1417230 2035.2
1417240 2035.1
1417250 2035.1
1417260 2034.2
1417270 2034.1
1417280 2034.1
1417290 2032.4
1417300 2030.8
1417310 2030.8
1417320 2030.5
1417330 2031.2
1417340 2031.2
1417350 2032.0
1417360 2029.9
1417370 2029.9
1417380 2026.6
1417390 2025.7
1417400 2025.7
1417410 2025.3
1417420 2025.1
1417430 2025.1
1417440 2021.7
1417450 2020.1
1417460 2020.1
1417470 2018.5
1417480 2017.1
1417490 2017.1
1417500 2015.8
1417510 2014.0
1417520 2009.8
1417530 2009.8
1417540 2006.2
1417550 2001.4
1417560 2001.4
1417570 1997.4
1417580 1996.2
1417590 1996.2
1417600 1996.5
1417610 1997.6
1417620 1997.6
1417630 1998.5
1417640 1999.0
1417650 1999.0
1417660 1998.6
1417670 1999.8
1417680 1999.8
1417690 1999.7
1417700 1999.3
1417710 1999.3
1417720 1998.5
1417730 1997.7
1417740 1997.7
1417750 1996.8
1417760 1992.4
1417770 1992.4
1417780 1992.2
1417790 1992.9
1417800 1992.9
1417810 1990.4
1417820 1988.2
1417830 1988.2
1417840 1983.9
1417850 1979.0
1417860 1980.7
1417870 1980.7
1417880 1982.5
1417890 1981.3
1417900 1981.3
1417910 1978.6
1417920 1974.6
1417930 1974.6
1417940 1967.3
1417950 1964.0
1417960 1964.0
1417970 1962.8
1417980 1962.7
1417990 1962.7
1418000 1964.8
1418010 1967.0
1418020 1967.0
1418030 1968.4
1418040 1970.0
1418050 1970.0
1418060 1972.7
1418070 1975.8
1418080 1975.8
1418090 1981.4
1418100 1980.1
1418110 1980.1
1418120 1981.9
1418130 1985.8
1418140 1985.8
1418150 1988.5
1418160 1990.1
1418170 1990.1
1418180 1992.0
1418190 1994.2
1418200 1994.9
1418210 1994.9
1418220 1994.7
1418230 1995.7
1418240 1995.7
1418250 1997.0
1418260 2001.6
1418270 2001.6
1418280 2015.6
1418290 2027.6
1418300 2027.6
1418310 2036.5
1418320 2051.9
1418330 2051.9
1418340 2074.1
1418350 2081.4
1418360 2081.4
1418370 2080.5
1418380 2088.0
1418390 2088.0
1418400 2094.7
1418410 2105.2
1418420 2105.2
1418430 2118.5
1418440 2123.2
1418450 2123.2
1418460 2134.8
1418470 2141.9
1418480 2141.9
1418490 2146.8
1418500 2145.3
1418510 2145.3
1418520 2141.1
1418530 2138.1
1418540 2132.9
1418550 2132.9
1418560 2129.3
1418570 2130.6
1418580 2130.6
1418590 2131.5
1418600 2132.8
1418610 2132.8
1418620 2133.4
1418630 2133.6
1418640 2133.6
1418650 2133.5
1418660 2134.4
1418670 2134.4
1418680 2136.2
1418690 2142.4
1418700 2142.4
1418710 2164.9
1418720 2180.3
1418730 2180.3
1418740 2181.4
1418750 2187.8
1418760 2187.8
1418770 2196.9
1418780 2201.1
1418790 2201.1
1418800 2197.3
1418810 2192.8
1418820 2192.8
1418830 2192.6
1418840 2194.1
1418850 2195.8
1418860 2195.8
1418870 2193.9
1418880 2186.3
1418890 2186.3
1418900 2177.3
1418910 2169.3
1418920 2169.3
1418930 2159.4
1418940 2154.7
1418950 2154.7
1418960 2152.5
1418970 2149.8
1418980 2149.8
1418990 2146.8
1419000 2153.4
1419010 2153.4
1419020 2165.6
1419030 2156.4
1419040 2156.4
1419050 2147.7
1419060 2140.0
1419070 2140.0
1419080 2129.9
1419090 2117.2
1419100 2117.2
1419110 2111.4
1419120 2106.4
1419130 2106.4
1419140 2103.6
1419150 2100.1
1419160 2100.1
1419170 2096.7
1419180 2092.0
1419190 2091.0
1419200 2091.0
1419210 2096.1
1419220 2094.5
1419230 2094.5
1419240 2094.0
1419250 2053.1
1419260 2053.1
1419270 2043.3
1419280 2028.2
1419290 2028.2
1419300 2013.9
1419310 2005.3
1419320 2005.3
1419330 1996.9
1419340 1988.6
1419350 1988.6
1419360 1979.5
1419370 1974.6
1419380 1974.6
1419390 1968.3
1419400 1960.9
1419410 1960.9
1419420 1947.8
1419430 1940.5
1419440 1940.5
1419450 1938.9
1419460 1931.3
1419470 1931.3
1419480 1919.7
1419490 1897.4
1419500 1897.4
1419510 1884.3
1419520 1877.5
1419530 1874.8
1419540 1874.8
1419550 1866.2
1419560 1860.8
1419570 1860.8
1419580 1855.8
1419590 1850.9
1419600 1850.9
1419610 1847.4
1419620 1851.9
1419630 1851.9
1419640 1852.9
1419650 1868.4
1419660 1868.4
1419670 1864.2
1419680 1859.4
1419690 1859.4
1419700 1855.9
1419710 1850.3
1419720 1850.3
1419730 1864.0
1419740 1873.1
1419750 1873.1
1419760 1868.6
1419770 1862.3
1419780 1862.3
1419790 1849.2
1419800 1829.0
1419810 1829.0
1419820 1826.7
1419830 1839.0
1419840 1839.0
1419850 1846.7
1419860 1839.5
1419870 1829.6
1419880 1829.6
1419890 1817.0
1419900 1808.9
1419910 1808.9
1419920 1805.3
1419930 1798.9
1419940 1798.9
1419950 1791.0
1419960 1782.8
1419970 1782.8
1419980 1775.3
1419990 1772.0
