1400000 932.1
1400010 932.1
1400020 931.9
1400030 929.4
1400040 929.4
1400050 928.6
1400060 931.0
1400070 931.0
1400080 935.5
1400090 937.7
1400100 937.7
1400110 938.3
1400120 939.1
1400130 939.4
1400140 939.4
1400150 937.8
1400160 939.3
1400170 939.3
1400180 941.0
1400190 941.3
1400200 941.3
1400210 942.8
1400220 943.4
1400230 943.4
1400240 943.3
1400250 940.8
1400260 940.8
1400270 937.1
1400280 935.7
1400290 935.7
1400300 934.9
1400310 934.6
1400320 934.6
1400330 935.3
1400340 937.4
1400350 937.4
1400360 942.5
1400370 946.4
1400380 946.4
1400390 945.2
1400400 938.4
1400410 938.4
1400420 933.8
1400430 940.9
1400440 947.5
1400450 947.5
1400460 953.0
1400470 956.7
1400480 956.7
1400490 957.6
1400500 958.2
1400510 958.2
1400520 959.3
1400530 960.5
1400540 960.5
1400550 963.1
1400560 965.2
1400570 965.2
1400580 965.5
1400590 964.6
1400600 964.6
1400610 964.1
1400620 964.4
1400630 964.4
1400640 963.5
1400650 961.5
1400660 961.5
1400670 959.4
1400680 953.5
1400690 953.5
1400700 946.1
1400710 939.9
1400720 939.9
1400730 937.2
1400740 940.2
1400750 940.2
1400760 945.9
1400770 952.2
1400780 955.1
1400790 955.1
1400800 956.4
1400810 956.7
1400820 956.7
1400830 955.7
1400840 952.9
1400850 952.9
1400860 950.6
1400870 949.6
1400880 949.6
1400890 950.3
1400900 951.2
1400910 951.2
1400920 952.0
1400930 953.7
1400940 953.7
1400950 954.1
1400960 954.6
1400970 954.6
1400980 955.3
1400990 956.0
1401000 956.0
1401010 959.1
1401020 964.0
1401030 964.0
1401040 970.3
1401050 977.4
1401060 977.4
1401070 983.4
1401080 988.9
1401090 988.9
1401100 994.2
1401110 999.5
1401120 1002.2
1401130 1002.2
1401140 1004.2
1401150 1008.7
1401160 1008.7
1401170 1012.9
1401180 1014.6
1401190 1014.6
1401200 1014.1
1401210 1011.2
1401220 1011.2
1401230 1007.4
1401240 1004.1
1401250 1004.1
1401260 1004.5
1401270 1008.8
1401280 1008.8
1401290 1013.1
1401300 1016.6
1401310 1016.6
1401320 1020.3
1401330 1024.4
1401340 1024.4
1401350 1028.0
1401360 1033.2
1401370 1033.2
1401380 1038.0
1401390 1043.0
1401400 1043.0
1401410 1047.8
1401420 1052.1
1401430 1052.1
1401440 1055.9
1401450 1059.6
1401460 1063.7
1401470 1063.7
1401480 1067.6
1401490 1071.0
1401500 1071.0
1401510 1072.9
1401520 1074.4
1401530 1074.4
1401540 1075.3
1401550 1075.1
1401560 1075.1
1401570 1075.2
1401580 1075.6
1401590 1075.6
1401600 1075.5
1401610 1074.9
1401620 1074.9
1401630 1076.7
1401640 1079.8
1401650 1079.8
1401660 1083.8
1401670 1088.6
1401680 1088.6
1401690 1093.4
1401700 1098.3
1401710 1098.3
1401720 1102.0
1401730 1103.0
1401740 1103.0
1401750 1101.5
1401760 1102.7
1401770 1102.7
1401780 1106.4
1401790 1111.6
1401800 1117.1
1401810 1117.1
1401820 1123.3
1401830 1129.9
1401840 1129.9
1401850 1136.7
1401860 1143.6
1401870 1143.6
1401880 1150.5
1401890 1157.8
1401900 1157.8
1401910 1165.1
1401920 1172.1
1401930 1172.1
1401940 1177.2
1401950 1180.6
1401960 1180.6
1401970 1183.4
1401980 1185.9
1401990 1185.9
1402000 1188.6
1402010 1191.7
1402020 1191.7
1402030 1194.4
1402040 1196.8
1402050 1196.8
1402060 1199.6
1402070 1203.0
1402080 1203.0
1402090 1206.7
1402100 1209.8
1402110 1209.8
1402120 1212.1
1402130 1214.2
1402140 1216.9
1402150 1216.9
1402160 1219.2
1402170 1220.5
1402180 1220.5
1402190 1221.9
1402200 1223.5
1402210 1223.5
1402220 1224.7
1402230 1225.5
1402240 1225.5
1402250 1226.2
1402260 1226.7
1402270 1226.7
1402280 1227.1
1402290 1227.6
1402300 1227.6
1402310 1228.3
1402320 1229.3
1402330 1229.3
1402340 1230.4
1402350 1231.2
1402360 1231.2
1402370 1231.4
1402380 1232.0
1402390 1232.0
1402400 1231.8
1402410 1231.3
1402420 1231.3
1402430 1230.7
1402440 1229.7
1402450 1228.2
1402460 1228.2
1402470 1224.2
1402480 1224.5
1402490 1224.5
1402500 1225.2
1402510 1226.8
1402520 1226.8
1402530 1228.6
1402540 1230.2
1402550 1230.2
1402560 1232.1
1402570 1234.8
1402580 1234.8
1402590 1237.1
1402600 1238.8
1402610 1238.8
1402620 1240.2
1402630 1241.0
1402640 1241.0
1402650 1241.6
1402660 1241.7
1402670 1241.7
1402680 1242.2
1402690 1241.9
1402700 1241.9
1402710 1238.7
1402720 1234.8
1402730 1234.8
1402740 1231.6
1402750 1230.1
1402760 1230.1
1402770 1227.6
1402780 1225.8
1402790 1221.8
1402800 1221.8
1402810 1216.4
1402820 1215.3
1402830 1215.3
1402840 1212.2
1402850 1207.3
1402860 1207.3
1402870 1202.7
1402880 1197.2
1402890 1197.2
1402900 1190.8
1402910 1184.8
1402920 1184.8
1402930 1180.0
1402940 1177.2
1402950 1177.2
1402960 1173.7
1402970 1169.3
1402980 1169.3
1402990 1164.3
1403000 1158.7
1403010 1158.7
1403020 1153.0
1403030 1147.5
1403040 1147.5
1403050 1142.1
1403060 1137.0
1403070 1137.0
1403080 1131.8
1403090 1126.2
1403100 1126.2
1403110 1119.2
1403120 1111.8
1403130 1104.6
1403140 1104.6
1403150 1096.7
1403160 1088.9
1403170 1088.9
1403180 1082.0
1403190 1075.3
1403200 1075.3
1403210 1068.7
1403220 1062.3
1403230 1062.3
1403240 1055.9
1403250 1049.8
1403260 1049.8
1403270 1044.1
1403280 1038.6
1403290 1038.6
1403300 1033.1
1403310 1027.0
1403320 1027.0
1403330 1020.0
1403340 1013.2
1403350 1013.2
1403360 1006.3
1403370 1000.3
1403380 1000.3
1403390 994.2
1403400 989.0
1403410 989.0
1403420 984.3
1403430 979.2
1403440 979.2
1403450 973.7
1403460 967.9
1403470 962.1
1403480 962.1
1403490 956.9
1403500 951.8
1403510 951.8
1403520 946.3
1403530 940.1
1403540 940.1
1403550 934.5
1403560 930.5
1403570 930.5
1403580 928.7
1403590 928.4
1403600 928.4
1403610 928.5
1403620 928.5
1403630 928.5
1403640 928.5
1403650 928.5
1403660 928.5
1403670 928.5
1403680 928.7
1403690 928.7
1403700 930.6
1403710 934.3
1403720 934.3
1403730 938.4
1403740 944.1
1403750 944.1
1403760 950.2
1403770 956.7
1403780 956.7
1403790 963.8
1403800 973.8
1403810 983.5
1403820 983.5
1403830 989.2
1403840 994.3
1403850 994.3
1403860 999.2
1403870 1004.2
1403880 1004.2
1403890 1010.5
1403900 1020.6
1403910 1020.6
1403920 1031.0
1403930 1036.8
1403940 1036.8
1403950 1041.5
1403960 1046.0
1403970 1046.0
1403980 1050.5
1403990 1055.2
1404000 1055.2
1404010 1060.6
1404020 1066.0
1404030 1066.0
1404040 1073.4
1404050 1072.4
1404060 1072.4
1404070 1072.0
1404080 1071.1
1404090 1071.1
1404100 1071.9
1404110 1076.4
1404120 1076.4
1404130 1081.7
1404140 1088.1
1404150 1095.9
1404160 1095.9
1404170 1105.2
1404180 1121.6
1404190 1121.6
1404200 1128.2
1404210 1125.2
1404220 1125.2
1404230 1129.6
1404240 1133.7
1404250 1133.7
1404260 1136.9
1404270 1147.6
1404280 1147.6
1404290 1153.3
1404300 1149.3
1404310 1149.3
1404320 1150.3
1404330 1168.5
1404340 1168.5
1404350 1186.6
1404360 1186.7
1404370 1186.7
1404380 1178.1
1404390 1176.6
1404400 1176.6
1404410 1185.9
1404420 1185.1
1404430 1185.1
1404440 1189.6
1404450 1193.7
1404460 1193.7
1404470 1190.8
1404480 1200.1
1404490 1206.9
1404500 1206.9
1404510 1216.5
1404520 1232.3
1404530 1232.3
1404540 1255.9
1404550 1268.4
1404560 1268.4
1404570 1272.2
1404580 1278.1
1404590 1278.1
1404600 1281.4
1404610 1282.6
1404620 1282.6
1404630 1280.3
1404640 1280.4
1404650 1280.4
1404660 1282.9
1404670 1288.2
1404680 1288.2
1404690 1295.6
1404700 1302.0
1404710 1302.0
1404720 1307.0
1404730 1314.3
1404740 1314.3
1404750 1321.7
1404760 1330.4
1404770 1330.4
1404780 1341.5
1404790 1349.5
1404800 1358.6
1404810 1358.6
1404820 1371.7
1404830 1380.6
1404840 1380.6
1404850 1386.9
1404860 1394.8
1404870 1394.8
1404880 1406.2
1404890 1416.4
1404900 1416.4
1404910 1423.5
1404920 1430.4
1404930 1430.4
1404940 1437.9
1404950 1447.0
1404960 1447.0
1404970 1453.2
1404980 1457.8
1404990 1457.8
1405000 1463.7
1405010 1469.4
1405020 1469.4
1405030 1475.1
1405040 1480.8
1405050 1480.8
1405060 1487.8
1405070 1495.2
1405080 1495.2
1405090 1501.4
1405100 1507.3
1405110 1507.3
1405120 1513.6
1405130 1520.8
1405140 1529.2
1405150 1529.2
1405160 1536.9
1405170 1542.7
1405180 1542.7
1405190 1546.9
1405200 1552.1
1405210 1552.1
1405220 1558.2
1405230 1564.4
1405240 1564.4
1405250 1571.0
1405260 1578.6
1405270 1578.6
1405280 1585.2
1405290 1590.5
1405300 1590.5
1405310 1595.7
1405320 1601.6
1405330 1601.6
1405340 1608.6
1405350 1614.6
1405360 1614.6
1405370 1620.8
1405380 1626.7
1405390 1626.7
1405400 1630.5
1405410 1633.9
1405420 1633.9
1405430 1637.3
1405440 1642.3
1405450 1642.3
1405460 1647.8
1405470 1654.4
1405480 1659.8
1405490 1659.8
1405500 1664.0
1405510 1669.5
1405520 1669.5
1405530 1675.9
1405540 1679.1
1405550 1679.1
1405560 1680.3
1405570 1682.1
1405580 1682.1
1405590 1684.1
1405600 1682.4
1405610 1682.4
1405620 1681.7
1405630 1683.8
1405640 1683.8
1405650 1683.9
1405660 1687.6
1405670 1687.6
1405680 1688.7
1405690 1689.2
1405700 1689.2
1405710 1688.5
1405720 1688.1
1405730 1688.1
1405740 1686.2
1405750 1681.7
1405760 1681.7
1405770 1677.7
1405780 1673.3
1405790 1673.3
1405800 1668.0
1405810 1663.8
1405820 1660.2
1405830 1660.2
1405840 1659.8
1405850 1658.4
1405860 1658.4
1405870 1656.2
1405880 1654.7
1405890 1654.7
1405900 1650.2
1405910 1648.6
1405920 1648.6
1405930 1648.8
1405940 1649.6
1405950 1649.6
1405960 1645.8
1405970 1641.1
1405980 1641.1
1405990 1638.6
1406000 1635.6
1406010 1635.6
1406020 1629.6
1406030 1629.8
1406040 1629.8
1406050 1631.3
1406060 1631.6
1406070 1631.6
1406080 1630.1
1406090 1629.7
1406100 1629.7
1406110 1628.2
1406120 1626.6
1406130 1626.6
1406140 1626.9
1406150 1626.8
1406160 1621.8
1406170 1621.8
1406180 1617.2
1406190 1616.8
1406200 1616.8
1406210 1622.9
1406220 1625.5
1406230 1625.5
1406240 1626.4
1406250 1628.0
1406260 1628.0
1406270 1627.5
1406280 1623.1
1406290 1623.1
1406300 1616.7
1406310 1609.6
1406320 1609.6
1406330 1604.5
1406340 1606.7
1406350 1606.7
1406360 1609.6
1406370 1610.1
1406380 1610.1
1406390 1611.5
1406400 1614.0
1406410 1614.0
1406420 1616.1
1406430 1616.6
1406440 1616.6
1406450 1621.5
1406460 1625.0
1406470 1625.0
1406480 1629.3
1406490 1629.0
1406500 1633.8
1406510 1633.8
1406520 1649.6
1406530 1660.8
1406540 1660.8
1406550 1664.8
1406560 1671.9
1406570 1671.9
1406580 1676.4
1406590 1682.3
1406600 1682.3
1406610 1688.7
1406620 1691.2
1406630 1691.2
1406640 1693.8
1406650 1694.1
1406660 1694.1
1406670 1695.2
1406680 1700.4
1406690 1700.4
1406700 1703.5
1406710 1711.3
1406720 1711.3
1406730 1717.1
1406740 1720.4
1406750 1720.4
1406760 1724.0
1406770 1726.1
1406780 1726.1
1406790 1730.4
1406800 1735.3
1406810 1740.7
1406820 1740.7
1406830 1743.4
1406840 1747.5
1406850 1747.5
1406860 1750.2
1406870 1747.7
1406880 1747.7
1406890 1747.9
1406900 1746.9
1406910 1746.9
1406920 1744.6
1406930 1742.4
1406940 1742.4
1406950 1740.7
1406960 1737.5
1406970 1737.5
1406980 1734.3
1406990 1732.3
1407000 1732.3
1407010 1728.8
1407020 1727.8
1407030 1727.8
1407040 1728.5
1407050 1725.1
1407060 1725.1
1407070 1723.0
1407080 1721.1
1407090 1721.1
1407100 1720.0
1407110 1718.0
1407120 1718.0
1407130 1715.4
1407140 1712.3
1407150 1710.1
1407160 1710.1
1407170 1708.7
1407180 1704.7
1407190 1704.7
1407200 1701.1
1407210 1698.8
1407220 1698.8
1407230 1696.1
1407240 1692.4
1407250 1692.4
1407260 1690.0
1407270 1684.7
1407280 1686.2
1407290 1681.8
1407300 1677.9
1407310 1677.9
1407320 1670.0
1407330 1661.5
1407340 1661.5
1407350 1656.9
1407360 1650.5
1407370 1650.5
1407380 1642.7
1407390 1634.4
1407400 1634.4
1407410 1619.7
1407420 1605.4
1407430 1605.4
1407440 1597.0
1407450 1590.1
1407460 1590.1
1407470 1592.5
1407480 1595.9
1407490 1594.0
1407500 1594.0
1407510 1594.8
1407520 1599.2
1407530 1599.2
1407540 1599.3
1407550 1595.1
1407560 1595.1
1407570 1589.5
1407580 1583.6
1407590 1583.6
1407600 1579.4
1407610 1575.6
1407620 1575.6
1407630 1570.6
1407640 1566.9
1407650 1566.9
1407660 1566.5
1407670 1563.1
1407680 1563.1
1407690 1559.3
1407700 1553.3
1407710 1553.3
1407720 1543.6
1407730 1536.0
1407740 1536.0
1407750 1526.5
1407760 1515.3
1407770 1515.3
1407780 1507.4
1407790 1500.0
1407800 1500.0
1407810 1491.9
1407820 1481.2
1407830 1473.6
1407840 1473.6
1407850 1466.7
1407860 1456.8
1407870 1456.8
1407880 1452.8
1407890 1452.4
1407900 1452.4
1407910 1451.7
1407920 1454.6
1407930 1454.6
1407940 1461.0
1407950 1468.2
1407960 1468.2
1407970 1469.9
1407980 1466.7
1407990 1466.7
1408000 1466.8
1408010 1471.0
1408020 1471.0
1408030 1475.4
1408040 1480.9
1408050 1480.9
1408060 1486.6
1408070 1489.3
1408080 1489.3
1408090 1489.3
1408100 1482.3
1408110 1482.3
1408120 1471.9
1408130 1463.0
1408140 1463.0
1408150 1454.5
1408160 1447.6
1408170 1442.6
1408180 1442.6
1408190 1435.8
1408200 1428.8
1408210 1428.8
1408220 1422.5
1408230 1416.7
1408240 1416.7
1408250 1411.9
1408260 1407.5
1408270 1407.5
1408280 1403.3
1408290 1398.3
1408300 1398.3
1408310 1395.7
1408320 1389.5
1408330 1389.5
1408340 1381.4
1408350 1373.3
1408360 1373.3
1408370 1366.9
1408380 1360.3
1408390 1360.3
1408400 1353.2
1408410 1346.6
1408420 1346.6
1408430 1339.1
1408440 1330.7
1408450 1330.7
1408460 1322.1
1408470 1311.8
1408480 1311.8
1408490 1303.5
1408500 1295.2
1408510 1286.7
1408520 1286.7
1408530 1278.0
1408540 1270.0
1408550 1270.0
1408560 1262.1
1408570 1255.6
1408580 1255.6
1408590 1250.1
1408600 1245.6
1408610 1245.6
1408620 1247.3
1408630 1266.6
1408640 1266.6
1408650 1287.3
1408660 1294.0
1408670 1294.0
1408680 1296.4
1408690 1299.5
1408700 1299.5
1408710 1303.7
1408720 1310.6
1408730 1310.6
1408740 1318.4
1408750 1324.3
1408760 1324.3
1408770 1325.7
1408780 1321.2
1408790 1321.2
1408800 1314.3
1408810 1312.3
1408820 1313.6
1408830 1313.6
1408840 1310.9
1408850 1311.0
1408860 1311.0
1408870 1315.3
1408880 1327.3
1408890 1327.3
1408900 1325.4
1408910 1321.4
1408920 1321.4
1408930 1315.6
1408940 1310.9
1408950 1306.1
1408960 1314.7
1408970 1327.2
1408980 1327.2
1408990 1336.4
1409000 1348.2
1409010 1348.2
1409020 1359.3
1409030 1363.5
1409040 1363.5
1409050 1362.4
1409060 1367.2
1409070 1367.2
1409080 1370.7
1409090 1371.5
1409100 1371.5
1409110 1374.1
1409120 1379.0
1409130 1379.0
1409140 1385.4
1409150 1391.0
1409160 1395.1
1409170 1395.1
1409180 1397.5
1409190 1403.8
1409200 1403.8
1409210 1412.3
1409220 1423.4
1409230 1423.4
1409240 1433.1
1409250 1439.2
1409260 1439.2
1409270 1445.5
1409280 1443.8
1409290 1443.8
1409300 1435.9
1409310 1429.0
1409320 1429.0
1409330 1425.6
1409340 1423.3
1409350 1423.3
1409360 1433.6
1409370 1440.1
1409380 1440.1
1409390 1443.8
1409400 1450.3
1409410 1450.3
1409420 1439.8
1409430 1432.6
1409440 1432.6
1409450 1435.0
1409460 1432.4
1409470 1432.4
1409480 1428.9
1409490 1427.0
1409500 1426.1
1409510 1426.1
1409520 1428.7
1409530 1436.9
1409540 1436.9
1409550 1445.8
1409560 1454.0
1409570 1454.0
1409580 1461.6
1409590 1468.3
1409600 1468.3
1409610 1481.1
1409620 1490.1
1409630 1490.1
1409640 1498.2
1409650 1510.7
1409660 1510.7
1409670 1518.8
1409680 1522.5
1409690 1522.5
1409700 1526.1
1409710 1526.8
1409720 1526.8
1409730 1524.7
1409740 1519.4
1409750 1519.4
1409760 1509.7
1409770 1496.1
1409780 1496.1
1409790 1485.2
1409800 1478.3
1409810 1478.3
1409820 1470.4
1409830 1463.1
1409840 1456.2
1409850 1456.2
1409860 1449.4
1409870 1440.8
1409880 1440.8
1409890 1432.0
1409900 1424.7
1409910 1424.7
1409920 1424.6
1409930 1427.9
1409940 1427.9
1409950 1435.0
1409960 1435.9
1409970 1435.9
1409980 1426.1
1409990 1426.4
1410000 1426.4
1410010 1428.9
1410020 1435.2
1410030 1435.2
1410040 1435.7
1410050 1435.5
1410060 1435.5
1410070 1436.8
1410080 1433.5
1410090 1433.5
1410100 1429.7
1410110 1423.7
1410120 1423.7
1410130 1412.8
1410140 1394.9
1410150 1394.9
1410160 1383.7
1410170 1374.9
1410180 1366.1
1410190 1366.1
1410200 1358.5
1410210 1350.9
1410220 1350.9
1410230 1343.6
1410240 1336.0
1410250 1336.0
1410260 1328.8
1410270 1322.5
1410280 1322.5
1410290 1317.0
1410300 1311.5
1410310 1311.5
1410320 1305.5
1410330 1299.1
1410340 1299.1
1410350 1292.8
1410360 1286.8
1410370 1286.8
1410380 1280.8
1410390 1274.9
1410400 1274.9
1410410 1269.1
1410420 1263.2
1410430 1263.2
1410440 1256.9
1410450 1251.1
1410460 1251.1
1410470 1246.3
1410480 1241.8
1410490 1241.8
1410500 1237.9
1410510 1234.1
1410520 1230.3
1410530 1230.3
1410540 1226.4
1410550 1221.2
1410560 1221.2
1410570 1215.7
1410580 1214.9
1410590 1214.9
1410600 1215.1
1410610 1214.5
1410620 1214.5
1410630 1213.6
1410640 1212.7
1410650 1212.7
1410660 1211.5
1410670 1210.1
1410680 1210.1
1410690 1209.2
1410700 1208.3
1410710 1208.3
1410720 1207.5
1410730 1206.5
1410740 1206.5
1410750 1205.7
1410760 1204.8
1410770 1204.8
1410780 1204.0
1410790 1203.2
1410800 1203.2
1410810 1202.9
1410820 1203.8
1410830 1205.4
1410840 1205.4
1410850 1206.8
1410860 1208.2
1410870 1208.2
1410880 1209.8
1410890 1212.1
1410900 1212.1
1410910 1214.5
1410920 1216.5
1410930 1216.5
1410940 1218.6
1410950 1220.6
1410960 1220.6
1410970 1222.2
1410980 1223.7
1410990 1223.7
1411000 1225.2
1411010 1226.9
1411020 1226.9
1411030 1229.5
1411040 1232.5
1411050 1232.5
1411060 1235.7
1411070 1238.5
1411080 1238.5
1411090 1241.5
1411100 1245.0
1411110 1245.0
1411120 1247.5
1411130 1249.0
1411140 1249.0
1411150 1247.5
1411160 1254.0
1411170 1259.3
1411180 1259.3
1411190 1264.0
1411200 1268.8
1411210 1268.8
1411220 1269.5
1411230 1266.3
1411240 1266.3
1411250 1267.9
1411260 1274.8
1411270 1274.8
1411280 1284.3
1411290 1292.0
1411300 1292.0
1411310 1294.4
1411320 1293.3
1411330 1293.3
1411340 1287.0
1411350 1288.3
1411360 1288.3
1411370 1296.1
1411380 1294.6
1411390 1294.6
1411400 1286.9
1411410 1286.4
1411420 1286.4
1411430 1290.9
1411440 1300.1
1411450 1300.1
1411460 1308.8
1411470 1316.0
1411480 1316.0
1411490 1322.7
1411500 1330.0
1411510 1337.1
1411520 1337.1
1411530 1346.2
1411540 1353.0
1411550 1353.0
1411560 1360.1
1411570 1368.7
1411580 1368.7
1411590 1381.0
1411600 1394.6
1411610 1394.6
1411620 1410.7
1411630 1419.7
1411640 1419.7
1411650 1425.5
1411660 1428.5
1411670 1428.5
1411680 1431.2
1411690 1432.3
1411700 1432.3
1411710 1429.0
1411720 1430.5
1411730 1430.5
1411740 1439.1
1411750 1447.3
1411760 1447.3
1411770 1450.7
1411780 1452.7
1411790 1452.7
1411800 1464.1
1411810 1466.9
1411820 1466.9
1411830 1472.9
1411840 1483.6
1411850 1486.2
1411860 1486.2
1411870 1487.2
1411880 1492.1
1411890 1492.1
1411900 1501.3
1411910 1510.1
1411920 1510.1
1411930 1523.0
1411940 1531.5
1411950 1531.5
1411960 1536.0
1411970 1537.5
1411980 1537.5
1411990 1540.7
1412000 1542.3
1412010 1542.3
1412020 1543.5
1412030 1531.7
1412040 1531.7
1412050 1525.1
1412060 1526.3
1412070 1526.3
1412080 1521.5
1412090 1525.7
1412100 1525.7
1412110 1533.9
1412120 1541.4
1412130 1541.4
1412140 1548.1
1412150 1552.4
1412160 1552.4
1412170 1549.9
1412180 1547.4
1412190 1544.6
1412200 1544.6
1412210 1540.2
1412220 1534.0
1412230 1534.0
1412240 1528.0
1412250 1521.9
1412260 1521.9
1412270 1516.0
1412280 1509.7
1412290 1509.7
1412300 1503.2
1412310 1497.2
1412320 1497.2
1412330 1491.9
1412340 1482.7
1412350 1482.7
1412360 1475.9
1412370 1465.0
1412380 1465.0
1412390 1448.8
1412400 1428.5
1412410 1428.5
1412420 1419.8
1412430 1411.6
1412440 1411.6
1412450 1404.0
1412460 1394.1
1412470 1394.1
1412480 1385.1
1412490 1378.4
1412500 1378.4
1412510 1382.5
1412520 1384.0
1412530 1379.3
1412540 1379.3
1412550 1378.6
1412560 1372.2
1412570 1372.2
1412580 1360.4
1412590 1345.1
1412600 1345.1
1412610 1347.7
1412620 1356.2
1412630 1356.2
1412640 1351.5
1412650 1345.4
1412660 1345.4
1412670 1342.5
1412680 1346.8
1412690 1346.8
1412700 1348.9
1412710 1357.5
1412720 1357.5
1412730 1364.6
1412740 1374.1
1412750 1374.1
1412760 1389.1
1412770 1403.2
1412780 1403.2
1412790 1421.0
1412800 1436.3
1412810 1436.3
1412820 1444.9
1412830 1453.4
1412840 1467.1
1412850 1467.1
1412860 1474.4
1412870 1482.2
1412880 1482.2
1412890 1490.4
1412900 1502.2
1412910 1502.2
1412920 1512.0
1412930 1522.1
1412940 1522.1
1412950 1529.5
1412960 1541.8
1412970 1541.8
1412980 1550.7
1412990 1552.5
1413000 1552.5
1413010 1553.4
1413020 1553.1
1413030 1553.1
1413040 1548.3
1413050 1536.2
1413060 1536.2
1413070 1528.3
1413080 1521.8
1413090 1521.8
1413100 1510.8
1413110 1501.3
1413120 1501.3
1413130 1504.0
1413140 1516.6
1413150 1516.6
1413160 1513.4
1413170 1518.6
1413180 1524.1
1413190 1524.1
1413200 1525.0
1413210 1525.4
1413220 1525.4
1413230 1524.8
1413240 1522.9
1413250 1522.9
1413260 1519.7
1413270 1522.4
1413280 1522.4
1413290 1527.8
1413300 1530.2
1413310 1530.2
1413320 1524.9
1413330 1519.1
1413340 1519.1
1413350 1517.2
1413360 1513.6
1413370 1513.6
1413380 1508.8
1413390 1507.1
1413400 1507.1
1413410 1506.6
1413420 1502.5
1413430 1502.5
1413440 1491.2
1413450 1474.6
1413460 1474.6
1413470 1461.1
1413480 1451.3
1413490 1451.3
1413500 1443.9
1413510 1436.3
1413520 1428.2
1413530 1428.2
1413540 1422.6
1413550 1417.9
1413560 1417.9
1413570 1413.6
1413580 1407.6
1413590 1407.6
1413600 1402.0
1413610 1397.1
1413620 1397.1
1413630 1391.0
1413640 1383.1
1413650 1383.1
1413660 1375.6
1413670 1363.3
1413680 1363.3
1413690 1353.7
1413700 1345.3
1413710 1345.3
1413720 1336.0
1413730 1329.7
1413740 1329.7
1413750 1325.9
1413760 1330.5
1413770 1330.5
1413780 1335.0
1413790 1338.6
1413800 1338.6
1413810 1333.9
1413820 1326.8
1413830 1326.8
1413840 1330.5
1413850 1338.4
1413860 1341.1
1413870 1341.1
1413880 1341.7
1413890 1341.7
1413900 1341.7
1413910 1342.6
1413920 1343.4
1413930 1343.4
1413940 1343.8
1413950 1344.0
1413960 1344.0
1413970 1344.8
1413980 1344.7
1413990 1344.7
1414000 1343.9
1414010 1345.8
1414020 1345.8
1414030 1348.0
1414040 1351.3
1414050 1351.3
1414060 1352.8
1414070 1346.6
1414080 1346.6
1414090 1338.9
1414100 1338.4
1414110 1338.4
1414120 1339.6
1414130 1339.1
1414140 1339.1
1414150 1344.4
1414160 1348.1
1414170 1348.1
1414180 1350.8
1414190 1355.7
1414200 1362.5
1414210 1365.3
1414220 1370.6
1414230 1375.1
1414240 1375.1
1414250 1379.9
1414260 1383.6
1414270 1383.6
1414280 1383.1
1414290 1382.8
1414300 1382.8
1414310 1395.3
1414320 1415.7
1414330 1415.7
1414340 1433.0
1414350 1441.8
1414360 1441.8
1414370 1449.0
1414380 1456.0
1414390 1456.0
1414400 1461.2
1414410 1463.3
1414420 1463.3
1414430 1476.7
1414440 1486.4
1414450 1486.4
1414460 1490.4
1414470 1504.5
1414480 1504.5
1414490 1519.7
1414500 1521.1
1414510 1521.1
1414520 1520.9
1414530 1519.8
1414540 1516.9
1414550 1516.9
1414560 1522.6
1414570 1527.8
1414580 1527.8
1414590 1527.4
1414600 1523.9
1414610 1523.9
1414620 1521.5
1414630 1516.6
1414640 1516.6
1414650 1513.2
1414660 1517.7
1414670 1517.7
1414680 1525.0
1414690 1526.9
1414700 1526.9
1414710 1527.2
1414720 1532.9
1414730 1532.9
1414740 1537.3
1414750 1539.8
1414760 1539.8
1414770 1541.8
1414780 1543.6
1414790 1543.6
1414800 1546.5
1414810 1549.9
1414820 1549.9
1414830 1553.5
1414840 1558.6
1414850 1560.7
1414860 1560.7
1414870 1562.1
1414880 1562.8
1414890 1562.8
1414900 1564.2
1414910 1564.7
1414920 1564.7
1414930 1564.8
1414940 1566.2
1414950 1566.2
1414960 1571.4
1414970 1570.5
1414980 1570.5
1414990 1569.7
1415000 1571.1
1415010 1571.1
1415020 1575.0
1415030 1581.3
1415040 1581.3
1415050 1587.8
1415060 1601.9
1415070 1601.9
1415080 1640.7
1415090 1674.0
1415100 1674.0
1415110 1696.1
1415120 1714.0
1415130 1714.0
1415140 1733.3
1415150 1749.2
1415160 1749.2
1415170 1748.5
1415180 1759.9
1415190 1773.5
1415200 1773.5
1415210 1784.3
1415220 1797.5
1415230 1797.5
1415240 1808.3
1415250 1823.3
1415260 1823.3
1415270 1843.5
1415280 1862.2
1415290 1862.2
1415300 1891.2
1415310 1908.1
1415320 1908.1
1415330 1916.6
1415340 1924.1
1415350 1924.1
1415360 1930.9
1415370 1939.9
1415380 1939.9
1415390 1946.5
1415400 1955.5
1415410 1955.5
1415420 1969.0
1415430 1985.7
1415440 1985.7
1415450 2000.2
1415460 2008.5
1415470 2008.5
1415480 2020.0
1415490 2033.7
1415500 2033.7
1415510 2037.2
1415520 2039.4
1415530 2044.7
1415540 2044.7
1415550 2050.1
1415560 2057.1
1415570 2057.1
1415580 2062.8
1415590 2071.5
1415600 2071.5
1415610 2080.0
1415620 2087.9
1415630 2087.9
1415640 2095.1
1415650 2106.7
1415660 2106.7
1415670 2118.8
1415680 2127.5
1415690 2127.5
1415700 2142.5
1415710 2151.5
1415720 2151.5
1415730 2161.2
1415740 2173.2
1415750 2173.2
1415760 2181.2
1415770 2185.2
1415780 2185.2
1415790 2194.3
1415800 2205.1
1415810 2205.1
1415820 2226.5
1415830 2261.7
1415840 2261.7
1415850 2274.4
1415860 2282.0
1415870 2288.3
1415880 2288.3
1415890 2293.0
1415900 2302.9
1415910 2302.9
1415920 2310.9
1415930 2321.1
1415940 2321.1
1415950 2329.4
1415960 2337.4
1415970 2337.4
1415980 2345.5
1415990 2355.6
1416000 2355.6
1416010 2365.7
1416020 2374.0
1416030 2374.0
1416040 2383.1
1416050 2392.7
1416060 2397.7
1416070 2402.4
1416080 2400.3
1416090 2400.3
1416100 2392.7
1416110 2383.3
1416120 2383.3
1416130 2374.0
1416140 2353.8
1416150 2353.8
1416160 2326.8
1416170 2315.3
1416180 2315.3
1416190 2295.4
1416200 2283.7
1416210 2277.3
1416220 2277.3
1416230 2271.8
1416240 2264.2
1416250 2264.2
1416260 2256.0
1416270 2247.6
1416280 2247.6
1416290 2242.3
1416300 2228.7
1416310 2228.7
1416320 2218.4
1416330 2210.7
1416340 2210.7
1416350 2203.5
1416360 2192.3
1416370 2192.3
1416380 2181.2
1416390 2169.2
1416400 2169.2
1416410 2156.1
1416420 2145.7
1416430 2145.7
1416440 2135.7
1416450 2114.9
1416460 2114.9
1416470 2103.7
1416480 2091.6
1416490 2091.6
1416500 2077.9
1416510 2069.4
1416520 2069.4
1416530 2059.1
1416540 2048.6
1416550 2019.4
1416560 2019.4
1416570 2004.6
1416580 1998.2
1416590 1998.2
1416600 1991.6
1416610 1985.8
1416620 1985.8
1416630 1980.8
1416640 1976.4
1416650 1976.4
1416660 1971.5
1416670 1967.2
1416680 1967.2
1416690 1965.2
1416700 1963.3
1416710 1963.3
1416720 1962.4
1416730 1961.0
1416740 1961.0
1416750 1957.5
1416760 1958.4
1416770 1958.4
1416780 1957.7
1416790 1954.9
1416800 1954.9
1416810 1952.6
1416820 1950.4
1416830 1950.4
1416840 1948.9
1416850 1946.9
1416860 1946.9
1416870 1944.4
1416880 1938.6
1416890 1934.9
1416900 1934.9
1416910 1931.0
1416920 1928.3
1416930 1928.3
1416940 1927.7
1416950 1922.1
1416960 1922.1
1416970 1920.7
1416980 1919.0
1416990 1919.0
1417000 1918.3
1417010 1915.5
1417020 1915.5
1417030 1910.3
1417040 1906.0
1417050 1906.0
1417060 1901.7
1417070 1896.6
1417080 1896.6
1417090 1893.3
1417100 1889.5
1417110 1889.5
1417120 1885.0
1417130 1880.3
1417140 1880.3
1417150 1875.2
1417160 1868.2
1417170 1868.2
1417180 1861.0
1417190 1854.4
1417200 1849.9
1417210 1849.9
1417220 1848.3
1417230 1846.4
1417240 1846.4
1417250 1844.7
1417260 1843.8
1417270 1843.8
1417280 1841.8
1417290 1837.6
1417300 1837.6
1417310 1833.2
1417320 1829.4
1417330 1829.4
1417340 1833.7
1417350 1833.2
1417360 1833.2
1417370 1831.6
1417380 1830.8
1417390 1830.8
1417400 1831.1
1417410 1831.6
1417420 1831.6
1417430 1830.4
1417440 1825.0
1417450 1825.0
1417460 1819.1
1417470 1818.1
1417480 1818.1
1417490 1817.7
1417500 1816.4
1417510 1816.4
1417520 1813.4
1417530 1809.7
1417540 1807.8
1417550 1807.8
1417560 1806.8
1417570 1800.4
1417580 1800.4
1417590 1796.0
1417600 1792.6
1417610 1792.6
1417620 1790.8
1417630 1788.8
1417640 1788.8
1417650 1785.0
1417660 1782.7
1417670 1782.7
1417680 1781.1
1417690 1779.9
1417700 1779.9
1417710 1778.9
1417720 1777.0
1417730 1777.0
1417740 1774.8
1417750 1775.1
1417760 1775.1
1417770 1771.9
1417780 1765.9
1417790 1765.9
1417800 1753.6
1417810 1744.8
1417820 1744.8
1417830 1741.0
1417840 1738.3
1417850 1738.3
1417860 1738.0
1417870 1738.8
1417880 1741.4
1417890 1741.4
1417900 1742.4
1417910 1743.0
1417920 1743.0
1417930 1737.1
1417940 1729.8
1417950 1729.7
1417960 1727.5
1417970 1724.0
1417980 1724.0
1417990 1717.0
1418000 1709.3
1418010 1709.3
1418020 1704.8
1418030 1702.1
1418040 1702.1
1418050 1703.9
1418060 1704.7
1418070 1704.7
1418080 1703.1
1418090 1698.6
1418100 1698.6
1418110 1694.4
1418120 1689.8
1418130 1689.8
1418140 1685.0
1418150 1679.8
1418160 1679.8
1418170 1677.7
1418180 1676.0
1418190 1676.0
1418200 1671.4
1418210 1666.0
1418220 1661.8
1418230 1661.8
1418240 1658.1
1418250 1655.8
1418260 1655.8
1418270 1651.5
1418280 1647.3
1418290 1647.3
1418300 1639.8
1418310 1645.6
1418320 1645.6
1418330 1646.9
1418340 1643.9
1418350 1643.9
1418360 1640.0
1418370 1634.9
1418380 1634.9
1418390 1630.3
1418400 1625.8
1418410 1625.8
1418420 1621.5
1418430 1618.1
1418440 1618.1
1418450 1614.1
1418460 1611.2
1418470 1611.2
1418480 1608.7
1418490 1605.3
1418500 1605.3
1418510 1604.6
1418520 1605.3
1418530 1605.3
1418540 1603.3
1418550 1599.9
1418560 1594.2
1418570 1594.2
1418580 1590.7
1418590 1589.0
1418600 1589.0
1418610 1585.7
1418620 1582.6
1418630 1582.6
1418640 1578.7
1418650 1575.6
1418660 1575.6
1418670 1574.0
1418680 1571.1
1418690 1571.1
1418700 1568.1
1418710 1564.7
1418720 1564.7
1418730 1562.5
1418740 1559.3
1418750 1559.3
1418760 1555.5
1418770 1552.4
1418780 1552.4
1418790 1550.9
1418800 1550.1
1418810 1550.1
1418820 1549.2
1418830 1548.7
1418840 1548.7
1418850 1547.6
1418860 1547.6
1418870 1547.6
1418880 1547.9
1418890 1547.0
1418900 1544.7
1418910 1544.7
1418920 1542.1
1418930 1539.9
1418940 1539.9
1418950 1537.5
1418960 1537.2
1418970 1537.2
1418980 1536.5
1418990 1537.2
1419000 1537.2
1419010 1536.8
1419020 1535.7
1419030 1535.7
1419040 1536.6
1419050 1540.7
1419060 1540.7
1419070 1539.2
1419080 1530.0
1419090 1530.0
1419100 1520.2
1419110 1511.7
1419120 1511.7
1419130 1504.1
1419140 1496.6
1419150 1496.6
1419160 1489.5
1419170 1483.6
1419180 1483.6
1419190 1477.7
1419200 1472.8
1419210 1468.6
1419220 1468.6
1419230 1466.2
1419240 1463.4
1419250 1463.4
1419260 1462.0
1419270 1461.2
1419280 1461.2
1419290 1460.9
1419300 1461.3
1419310 1461.3
1419320 1462.4
1419330 1459.9
1419340 1459.9
1419350 1458.4
1419360 1457.6
1419370 1457.6
1419380 1454.5
1419390 1449.2
1419400 1449.2
1419410 1447.4
1419420 1446.5
1419430 1446.5
1419440 1443.8
1419450 1442.7
1419460 1442.7
1419470 1443.0
1419480 1441.5
1419490 1441.5
1419500 1439.4
1419510 1438.0
1419520 1438.0
1419530 1435.0
1419540 1432.8
1419550 1431.6
1419560 1431.6
1419570 1431.0
1419580 1430.3
1419590 1430.3
1419600 1429.9
1419610 1430.5
1419620 1430.5
1419630 1432.5
1419640 1434.8
1419650 1434.8
1419660 1439.1
1419670 1449.9
1419680 1449.9
1419690 1459.8
1419700 1480.1
1419710 1480.1
1419720 1505.3
1419730 1517.0
1419740 1517.0
1419750 1525.1
1419760 1528.6
1419770 1528.6
1419780 1531.0
1419790 1532.2
1419800 1532.2
1419810 1532.7
1419820 1533.6
1419830 1533.6
1419840 1533.7
1419850 1528.2
1419860 1528.2
1419870 1522.0
1419880 1516.3
1419890 1515.3
1419900 1515.3
1419910 1508.9
1419920 1500.8
1419930 1500.8
1419940 1492.8
1419950 1488.9
1419960 1488.9
1419970 1481.5
1419980 1475.7
1419990 1475.7
