1400000 888.3
1400010 889.1
1400020 889.1
1400030 889.9
1400040 890.6
1400050 890.6
1400060 891.4
1400070 892.0
1400080 892.0
1400090 892.7
1400100 893.5
1400110 893.5
1400120 894.2
1400130 894.7
1400140 894.7
1400150 895.1
1400160 895.6
1400170 895.9
1400180 895.9
1400190 896.3
1400200 896.6
1400210 896.6
1400220 896.4
1400230 896.0
1400240 896.0
1400250 896.1
1400260 896.0
1400270 896.0
1400280 898.1
1400290 899.9
1400300 899.9
1400310 901.2
1400320 902.4
1400330 902.4
1400340 903.5
1400350 904.2
1400360 904.2
1400370 904.3
1400380 904.4
1400390 904.4
1400400 906.0
1400410 906.1
1400420 906.1
1400430 906.5
1400440 906.2
1400450 906.2
1400460 904.0
1400470 903.0
1400480 903.0
1400490 904.9
1400500 908.5
1400510 909.1
1400520 909.1
1400530 909.6
1400540 910.3
1400550 910.3
1400560 911.2
1400570 912.0
1400580 912.0
1400590 912.8
1400600 913.8
1400610 913.8
1400620 914.7
1400630 915.7
1400640 915.7
1400650 916.7
1400660 917.5
1400670 917.5
1400680 918.1
1400690 918.8
1400700 918.8
1400710 919.2
1400720 919.3
1400730 919.3
1400740 919.4
1400750 919.7
1400760 919.7
1400770 919.0
1400780 918.0
1400790 918.0
1400800 920.0
1400810 922.2
1400820 922.2
1400830 921.1
1400840 920.3
1400850 920.5
1400860 920.5
1400870 922.0
1400880 925.9
1400890 925.9
1400900 929.2
1400910 932.5
1400920 932.5
1400930 936.2
1400940 939.4
1400950 939.4
1400960 943.0
1400970 947.2
1400980 947.2
1400990 950.0
1401000 951.2
1401010 951.2
1401020 951.3
1401030 951.0
1401040 951.0
1401050 948.1
1401060 942.3
1401070 942.3
1401080 941.5
1401090 948.2
1401100 948.2
1401110 955.8
1401120 962.0
1401130 962.0
1401140 967.1
1401150 971.6
1401160 971.6
1401170 975.1
1401180 978.7
1401190 982.5
1401200 982.5
1401210 985.4
1401220 989.4
1401230 989.4
1401240 994.4
1401250 999.3
1401260 999.3
1401270 1004.2
1401280 1010.5
1401290 1010.5
1401300 1015.6
1401310 1019.7
1401320 1019.7
1401330 1023.2
1401340 1026.6
1401350 1026.6
1401360 1030.1
1401370 1034.0
1401380 1034.0
1401390 1037.6
1401400 1041.3
1401410 1041.3
1401420 1044.5
1401430 1047.5
1401440 1047.5
1401450 1050.3
1401460 1053.2
1401470 1053.2
1401480 1056.3
1401490 1059.2
1401500 1059.2
1401510 1063.5
1401520 1067.2
1401530 1070.9
1401540 1070.9
1401550 1074.4
1401560 1078.3
1401570 1078.3
1401580 1080.7
1401590 1084.4
1401600 1084.4
1401610 1089.7
1401620 1094.0
1401630 1094.0
1401640 1097.5
1401650 1101.5
1401660 1101.5
1401670 1104.8
1401680 1107.7
1401690 1107.7
1401700 1110.4
1401710 1112.9
1401720 1112.9
1401730 1115.6
1401740 1118.9
1401750 1118.9
1401760 1122.6
1401770 1126.3
1401780 1126.3
1401790 1130.1
1401800 1134.3
1401810 1134.3
1401820 1138.4
1401830 1142.9
1401840 1142.9
1401850 1149.1
1401860 1156.4
1401870 1162.3
1401880 1162.3
1401890 1167.3
1401900 1171.5
1401910 1171.5
1401920 1174.8
1401930 1180.5
1401940 1180.5
1401950 1183.2
1401960 1185.3
1401970 1185.3
1401980 1186.5
1401990 1188.3
1402000 1188.3
1402010 1189.2
1402020 1190.2
1402030 1190.2
1402040 1192.8
1402050 1195.0
1402060 1195.0
1402070 1194.8
1402080 1196.6
1402090 1196.6
1402100 1201.0
1402110 1202.5
1402120 1202.5
1402130 1203.1
1402140 1202.7
1402150 1202.7
1402160 1203.6
1402170 1204.1
1402180 1204.1
1402190 1204.4
1402200 1204.9
1402210 1206.2
1402220 1206.2
1402230 1207.7
1402240 1209.7
1402250 1209.7
1402260 1211.5
1402270 1214.4
1402280 1214.4
1402290 1217.2
1402300 1217.5
1402310 1217.5
1402320 1220.8
1402330 1224.7
1402340 1224.7
1402350 1227.8
1402360 1229.7
1402370 1229.7
1402380 1231.5
1402390 1236.4
1402400 1236.4
1402410 1240.5
1402420 1245.2
1402430 1245.2
1402440 1248.5
1402450 1249.3
1402460 1249.3
1402470 1248.8
1402480 1246.3
1402490 1246.3
1402500 1244.1
1402510 1242.6
1402520 1241.4
1402530 1241.4
1402540 1238.6
1402550 1235.5
1402560 1235.5
1402570 1234.3
1402580 1234.4
1402590 1234.4
1402600 1234.7
1402610 1234.7
1402620 1234.7
1402630 1234.0
1402640 1233.4
1402650 1233.4
1402660 1233.3
1402670 1232.4
1402680 1232.4
1402690 1231.5
1402700 1231.1
1402710 1231.1
1402720 1231.6
1402730 1232.8
1402740 1232.8
1402750 1234.5
1402760 1237.2
1402770 1237.2
1402780 1238.8
1402790 1238.9
1402800 1238.9
1402810 1237.7
1402820 1235.7
1402830 1235.7
1402840 1233.6
1402850 1231.9
1402860 1229.3
1402870 1229.3
1402880 1226.3
1402890 1224.3
1402900 1224.3
1402910 1223.3
1402920 1221.4
1402930 1221.4
1402940 1217.7
1402950 1213.4
1402960 1213.4
1402970 1209.0
1402980 1203.9
1402990 1203.9
1403000 1198.7
1403010 1193.4
1403020 1193.4
1403030 1187.1
1403040 1181.7
1403050 1181.7
1403060 1177.8
1403070 1173.5
1403080 1173.5
1403090 1168.2
1403100 1162.1
1403110 1162.1
1403120 1155.5
1403130 1150.0
1403140 1150.0
1403150 1145.0
1403160 1140.9
1403170 1140.9
1403180 1137.7
1403190 1134.2
1403200 1130.0
1403210 1130.0
1403220 1126.0
1403230 1122.1
1403240 1122.1
1403250 1117.6
1403260 1112.9
1403270 1112.9
1403280 1108.7
1403290 1102.8
1403300 1102.8
1403310 1095.0
1403320 1085.8
1403330 1085.8
1403340 1077.1
1403350 1069.2
1403360 1069.2
1403370 1060.9
1403380 1052.3
1403390 1052.3
1403400 1044.8
1403410 1037.3
1403420 1037.3
1403430 1030.1
1403440 1023.0
1403450 1023.0
1403460 1016.1
1403470 1008.5
1403480 1008.5
1403490 1001.1
1403500 993.7
1403510 993.7
1403520 986.8
1403530 980.1
1403540 973.8
1403550 973.8
1403560 967.2
1403570 960.8
1403580 960.8
1403590 953.3
1403600 944.7
1403610 944.7
1403620 937.3
1403630 931.5
1403640 931.5
1403650 925.7
1403660 921.4
1403670 921.4
1403680 920.4
1403690 920.5
1403700 920.5
1403710 921.2
1403720 922.3
1403730 922.3
1403740 924.1
1403750 924.4
1403760 924.4
1403770 925.8
1403780 929.3
1403790 929.3
1403800 935.0
1403810 942.2
1403820 942.2
1403830 949.9
1403840 956.6
1403850 956.6
1403860 960.6
1403870 964.7
1403880 969.1
1403890 969.1
1403900 973.1
1403910 977.2
1403920 977.2
1403930 981.6
1403940 986.0
1403950 986.0
1403960 990.5
1403970 995.2
1403980 995.2
1403990 1000.5
1404000 1005.9
1404010 1005.9
1404020 1012.0
1404030 1019.2
1404040 1019.2
1404050 1024.9
1404060 1030.0
1404070 1030.0
1404080 1036.0
1404090 1041.8
1404100 1041.8
1404110 1048.1
1404120 1054.3
1404130 1054.3
1404140 1060.7
1404150 1067.2
1404160 1067.2
1404170 1073.4
1404180 1079.8
1404190 1079.8
1404200 1086.2
1404210 1092.8
1404220 1099.4
1404230 1099.4
1404240 1106.1
1404250 1112.9
1404260 1112.9
1404270 1119.7
1404280 1127.4
1404290 1127.4
1404300 1138.2
1404310 1146.4
1404320 1146.4
1404330 1158.9
1404340 1169.1
1404350 1169.1
1404360 1178.5
1404370 1196.4
1404380 1196.4
1404390 1199.9
1404400 1213.5
1404410 1213.5
1404420 1224.5
1404430 1230.9
1404440 1230.9
1404450 1244.0
1404460 1260.8
1404470 1260.8
1404480 1272.7
1404490 1277.5
1404500 1277.5
1404510 1277.3
1404520 1277.0
1404530 1277.0
1404540 1283.2
1404550 1282.3
1404560 1279.3
1404570 1279.3
1404580 1279.7
1404590 1281.5
1404600 1281.5
1404610 1285.6
1404620 1291.7
1404630 1291.7
1404640 1298.2
1404650 1305.7
1404660 1305.7
1404670 1314.2
1404680 1322.5
1404690 1322.5
1404700 1329.5
1404710 1335.9
1404720 1335.9
1404730 1342.6
1404740 1349.3
1404750 1349.3
1404760 1356.4
1404770 1362.6
1404780 1362.6
1404790 1368.9
1404800 1375.6
1404810 1375.6
1404820 1382.5
1404830 1389.1
1404840 1389.1
1404850 1394.8
1404860 1400.2
1404870 1400.2
1404880 1405.0
1404890 1408.9
1404900 1411.3
1404910 1411.3
1404920 1416.7
1404930 1422.4
1404940 1422.4
1404950 1426.7
1404960 1427.3
1404970 1427.3
1404980 1426.5
1404990 1429.0
1405000 1429.0
1405010 1436.8
1405020 1447.7
1405030 1447.7
1405040 1452.5
1405050 1457.0
1405060 1457.0
1405070 1462.4
1405080 1465.6
1405090 1472.1
1405100 1473.5
1405110 1475.2
1405120 1475.2
1405130 1481.5
1405140 1484.7
1405150 1484.7
1405160 1489.0
1405170 1493.4
1405180 1493.4
1405190 1500.9
1405200 1511.9
1405210 1511.9
1405220 1520.0
1405230 1523.4
1405240 1525.9
1405250 1525.9
1405260 1530.5
1405270 1534.0
1405280 1534.0
1405290 1536.6
1405300 1532.9
1405310 1532.9
1405320 1526.8
1405330 1523.7
1405340 1523.7
1405350 1523.2
1405360 1524.1
1405370 1524.1
1405380 1525.0
1405390 1528.3
1405400 1528.3
1405410 1533.2
1405420 1533.3
1405430 1533.3
1405440 1533.4
1405450 1533.2
1405460 1533.2
1405470 1531.5
1405480 1529.0
1405490 1529.0
1405500 1519.3
1405510 1508.2
1405520 1508.2
1405530 1505.9
1405540 1514.1
1405550 1519.9
1405560 1519.9
1405570 1525.5
1405580 1528.4
1405590 1528.4
1405600 1529.3
1405610 1531.0
1405620 1531.0
1405630 1533.8
1405640 1537.6
1405650 1537.6
1405660 1546.1
1405670 1552.8
1405680 1552.8
1405690 1548.8
1405700 1541.3
1405710 1541.3
1405720 1538.8
1405730 1539.9
1405740 1539.9
1405750 1545.9
1405760 1558.2
1405770 1558.2
1405780 1566.8
1405790 1570.3
1405800 1570.3
1405810 1574.0
1405820 1579.9
1405830 1579.9
1405840 1582.7
1405850 1583.7
1405860 1583.7
1405870 1583.6
1405880 1581.8
1405890 1578.2
1405900 1578.2
1405910 1573.3
1405920 1565.2
1405930 1565.2
1405940 1558.8
1405950 1555.2
1405960 1555.2
1405970 1553.6
1405980 1553.4
1405990 1553.4
1406000 1552.5
1406010 1547.6
1406020 1547.6
1406030 1541.0
1406040 1531.2
1406050 1531.2
1406060 1521.6
1406070 1513.3
1406080 1513.3
1406090 1503.9
1406100 1495.4
1406110 1495.4
1406120 1487.2
1406130 1480.5
1406140 1480.5
1406150 1474.4
1406160 1468.5
1406170 1468.5
1406180 1462.8
1406190 1456.2
1406200 1456.2
1406210 1450.7
1406220 1446.5
1406230 1446.5
1406240 1446.5
1406250 1449.4
1406260 1450.2
1406270 1450.2
1406280 1449.4
1406290 1447.6
1406300 1447.6
1406310 1443.8
1406320 1445.0
1406330 1445.0
1406340 1440.6
1406350 1443.8
1406360 1443.8
1406370 1446.5
1406380 1443.0
1406390 1443.0
1406400 1440.7
1406410 1438.0
1406420 1438.0
1406430 1444.2
1406440 1452.1
1406450 1452.1
1406460 1460.3
1406470 1470.5
1406480 1470.5
1406490 1482.8
1406500 1492.6
1406510 1492.6
1406520 1500.8
1406530 1502.2
1406540 1502.2
1406550 1493.8
1406560 1494.2
1406570 1500.2
1406580 1500.2
1406590 1502.1
1406600 1502.7
1406610 1502.7
1406620 1510.1
1406630 1517.0
1406640 1517.0
1406650 1527.3
1406660 1536.2
1406670 1536.2
1406680 1542.7
1406690 1546.4
1406700 1546.4
1406710 1555.3
1406720 1561.1
1406730 1561.1
1406740 1571.0
1406750 1571.3
1406760 1571.3
1406770 1569.4
1406780 1570.6
1406790 1570.6
1406800 1579.4
1406810 1581.0
1406820 1581.0
1406830 1578.5
1406840 1573.1
1406850 1573.1
1406860 1575.8
1406870 1584.5
1406880 1584.5
1406890 1592.2
1406900 1599.9
1406910 1610.0
1406920 1610.0
1406930 1616.9
1406940 1618.8
1406950 1618.8
1406960 1618.3
1406970 1609.6
1406980 1609.6
1406990 1605.6
1407000 1602.3
1407010 1602.3
1407020 1596.0
1407030 1588.9
1407040 1588.9
1407050 1590.4
1407060 1593.0
1407070 1593.0
1407080 1595.4
1407090 1595.1
1407100 1595.1
1407110 1603.7
1407120 1610.3
1407130 1610.3
1407140 1607.3
1407150 1608.4
1407160 1608.4
1407170 1611.1
1407180 1616.4
1407190 1616.4
1407200 1620.5
1407210 1624.9
1407220 1624.9
1407230 1629.8
1407240 1634.2
1407250 1637.1
1407260 1637.1
1407270 1641.0
1407280 1643.8
1407290 1643.8
1407300 1647.5
1407310 1651.5
1407320 1651.5
1407330 1655.3
1407340 1655.3
1407350 1655.3
1407360 1660.5
1407370 1663.6
1407380 1663.6
1407390 1663.9
1407400 1666.7
1407410 1666.7
1407420 1668.8
1407430 1671.6
1407440 1671.6
1407450 1678.8
1407460 1686.2
1407470 1686.2
1407480 1690.2
1407490 1691.1
1407500 1691.1
1407510 1687.4
1407520 1683.0
1407530 1683.0
1407540 1675.8
1407550 1667.4
1407560 1667.4
1407570 1660.0
1407580 1656.9
1407590 1654.7
1407600 1654.7
1407610 1651.5
1407620 1647.1
1407630 1647.1
1407640 1644.8
1407650 1640.9
1407660 1640.9
1407670 1636.5
1407680 1634.8
1407690 1634.8
1407700 1631.4
1407710 1629.6
1407720 1629.6
1407730 1631.0
1407740 1628.8
1407750 1628.8
1407760 1625.4
1407770 1620.6
1407780 1620.6
1407790 1620.4
1407800 1627.7
1407810 1627.7
1407820 1631.2
1407830 1630.3
1407840 1630.3
1407850 1626.6
1407860 1621.4
1407870 1621.4
1407880 1616.4
1407890 1608.4
1407900 1608.4
1407910 1598.5
1407920 1589.4
1407930 1581.6
1407940 1581.6
1407950 1572.5
1407960 1563.5
1407970 1563.5
1407980 1555.6
1407990 1548.7
1408000 1548.7
1408010 1542.8
1408020 1534.2
1408030 1534.2
1408040 1526.1
1408050 1521.5
1408060 1521.5
1408070 1514.0
1408080 1507.0
1408090 1507.0
1408100 1498.7
1408110 1492.5
1408120 1492.5
1408130 1496.6
1408140 1499.8
1408150 1499.8
1408160 1499.0
1408170 1495.0
1408180 1495.0
1408190 1489.4
1408200 1480.6
1408210 1480.6
1408220 1482.6
1408230 1492.9
1408240 1492.0
1408250 1492.0
1408260 1487.9
1408270 1485.0
1408280 1485.0
1408290 1480.5
1408300 1473.4
1408310 1473.4
1408320 1465.3
1408330 1459.5
1408340 1459.5
1408350 1453.5
1408360 1448.4
1408370 1442.7
1408380 1441.8
1408390 1446.4
1408400 1446.4
1408410 1447.5
1408420 1447.1
1408430 1447.1
1408440 1443.2
1408450 1436.0
1408460 1436.0
1408470 1430.1
1408480 1431.4
1408490 1431.4
1408500 1437.4
1408510 1439.8
1408520 1439.8
1408530 1433.5
1408540 1431.0
1408550 1431.0
1408560 1436.4
1408570 1444.5
1408580 1445.5
1408590 1445.5
1408600 1438.7
1408610 1431.0
1408620 1431.0
1408630 1422.2
1408640 1411.9
1408650 1411.9
1408660 1402.1
1408670 1394.1
1408680 1394.1
1408690 1385.6
1408700 1375.5
1408710 1375.5
1408720 1367.4
1408730 1369.3
1408740 1369.3
1408750 1372.7
1408760 1378.9
1408770 1378.9
1408780 1391.9
1408790 1403.3
1408800 1403.3
1408810 1411.7
1408820 1422.4
1408830 1422.4
1408840 1432.2
1408850 1444.0
1408860 1444.0
1408870 1452.5
1408880 1466.9
1408890 1466.9
1408900 1486.5
1408910 1498.8
1408920 1501.2
1408930 1501.2
1408940 1501.1
1408950 1498.7
1408960 1498.7
1408970 1495.3
1408980 1490.9
1408990 1490.9
1409000 1485.0
1409010 1478.5
1409020 1478.5
1409030 1466.8
1409040 1453.1
1409050 1453.1
1409060 1440.9
1409070 1430.8
1409080 1430.8
1409090 1441.7
1409100 1467.5
1409110 1467.5
1409120 1482.3
1409130 1490.2
1409140 1490.2
1409150 1498.6
1409160 1509.1
1409170 1509.1
1409180 1524.3
1409190 1538.4
1409200 1538.4
1409210 1546.8
1409220 1553.0
1409230 1553.0
1409240 1555.6
1409250 1558.7
1409260 1562.9
1409270 1562.9
1409280 1567.2
1409290 1572.6
1409300 1572.6
1409310 1577.8
1409320 1579.4
1409330 1579.4
1409340 1583.4
1409350 1586.6
1409360 1586.6
1409370 1589.7
1409380 1592.4
1409390 1592.4
1409400 1595.6
1409410 1597.9
1409420 1597.9
1409430 1599.2
1409440 1599.0
1409450 1599.0
1409460 1598.0
1409470 1597.5
1409480 1597.5
1409490 1596.7
1409500 1596.4
1409510 1596.4
1409520 1595.9
1409530 1593.4
1409540 1593.4
1409550 1587.9
1409560 1581.8
1409570 1581.8
1409580 1575.9
1409590 1569.7
1409600 1563.5
1409610 1563.5
1409620 1557.3
1409630 1551.3
1409640 1551.3
1409650 1545.8
1409660 1539.9
1409670 1539.9
1409680 1534.5
1409690 1529.8
1409700 1529.8
1409710 1525.6
1409720 1521.5
1409730 1521.5
1409740 1517.2
1409750 1513.1
1409760 1513.1
1409770 1508.7
1409780 1503.7
1409790 1503.7
1409800 1497.4
1409810 1494.4
1409820 1494.4
1409830 1488.7
1409840 1482.2
1409850 1482.2
1409860 1476.8
1409870 1473.0
1409880 1473.0
1409890 1469.7
1409900 1466.2
1409910 1466.2
1409920 1463.4
1409930 1461.4
1409940 1457.6
1409950 1457.6
1409960 1453.1
1409970 1448.7
1409980 1448.7
1409990 1444.7
1410000 1440.0
1410010 1440.0
1410020 1435.7
1410030 1431.6
1410040 1431.6
1410050 1427.9
1410060 1424.5
1410070 1423.0
1410080 1420.8
1410090 1415.8
1410100 1415.8
1410110 1407.0
1410120 1396.4
1410130 1396.4
1410140 1387.4
1410150 1378.5
1410160 1378.5
1410170 1370.8
1410180 1366.1
1410190 1366.1
1410200 1368.0
1410210 1367.9
1410220 1367.9
1410230 1358.4
1410240 1349.4
1410250 1349.4
1410260 1341.3
1410270 1333.8
1410280 1326.0
1410290 1326.0
1410300 1325.4
1410310 1331.2
1410320 1331.2
1410330 1334.8
1410340 1344.6
1410350 1344.6
1410360 1365.7
1410370 1375.3
1410380 1375.3
1410390 1372.0
1410400 1365.7
1410410 1365.7
1410420 1359.9
1410430 1354.2
1410440 1354.2
1410450 1348.2
1410460 1342.2
1410470 1342.2
1410480 1336.6
1410490 1331.6
1410500 1331.6
1410510 1327.5
1410520 1323.5
1410530 1323.5
1410540 1319.1
1410550 1314.4
1410560 1314.4
1410570 1308.9
1410580 1303.4
1410590 1303.4
1410600 1297.9
1410610 1292.2
1410620 1285.0
1410630 1285.0
1410640 1273.5
1410650 1263.5
1410660 1263.5
1410670 1254.2
1410680 1241.6
1410690 1241.6
1410700 1235.6
1410710 1231.0
1410720 1231.0
1410730 1229.4
1410740 1230.6
1410750 1230.6
1410760 1226.9
1410770 1224.4
1410780 1224.4
1410790 1220.1
1410800 1206.8
1410810 1206.8
1410820 1195.8
1410830 1202.8
1410840 1202.8
1410850 1211.8
1410860 1208.0
1410870 1208.0
1410880 1203.4
1410890 1201.1
1410900 1201.1
1410910 1198.5
1410920 1193.3
1410930 1190.0
1410940 1190.0
1410950 1188.9
1410960 1188.4
1410970 1188.4
1410980 1187.3
1410990 1186.1
1411000 1186.1
1411010 1184.3
1411020 1181.7
1411030 1181.7
1411040 1177.3
1411050 1175.9
1411060 1175.9
1411070 1174.4
1411080 1173.1
1411090 1173.1
1411100 1169.2
1411110 1170.8
1411120 1170.8
1411130 1173.6
1411140 1173.8
1411150 1173.8
1411160 1174.3
1411170 1174.1
1411180 1174.1
1411190 1178.4
1411200 1182.9
1411210 1182.9
1411220 1182.0
1411230 1181.5
1411240 1181.5
1411250 1178.3
1411260 1178.4
1411270 1180.6
1411280 1180.6
1411290 1182.3
1411300 1184.1
1411310 1184.1
1411320 1188.1
1411330 1189.9
1411340 1189.9
1411350 1191.6
1411360 1195.2
1411370 1195.2
1411380 1199.1
1411390 1202.6
1411400 1202.6
1411410 1203.8
1411420 1206.5
1411430 1206.5
1411440 1208.3
1411450 1207.6
1411460 1207.6
1411470 1209.1
1411480 1208.9
1411490 1208.9
1411500 1208.1
1411510 1206.5
1411520 1206.5
1411530 1205.8
1411540 1213.1
1411550 1213.1
1411560 1220.1
1411570 1225.9
1411580 1225.9
1411590 1230.1
1411600 1233.5
1411610 1237.3
1411620 1237.3
1411630 1241.2
1411640 1244.0
1411650 1244.0
1411660 1245.7
1411670 1247.9
1411680 1247.9
1411690 1249.2
1411700 1251.3
1411710 1251.3
1411720 1258.3
1411730 1261.5
1411740 1261.5
1411750 1262.7
1411760 1260.5
1411770 1260.5
1411780 1257.4
1411790 1259.4
1411800 1259.4
1411810 1263.2
1411820 1266.8
1411830 1266.8
1411840 1276.6
1411850 1281.1
1411860 1281.1
1411870 1280.3
1411880 1280.7
1411890 1280.7
1411900 1289.4
1411910 1297.7
1411920 1297.7
1411930 1300.1
1411940 1294.1
1411950 1294.8
1411960 1294.8
1411970 1308.5
1411980 1317.9
1411990 1317.9
1412000 1324.3
1412010 1331.5
1412020 1331.5
1412030 1342.7
1412040 1350.0
1412050 1350.0
1412060 1357.5
1412070 1363.4
1412080 1363.4
1412090 1370.2
1412100 1376.2
1412110 1376.2
1412120 1382.7
1412130 1385.7
1412140 1385.7
1412150 1384.3
1412160 1384.6
1412170 1384.6
1412180 1383.6
1412190 1383.9
1412200 1383.9
1412210 1382.6
1412220 1380.1
1412230 1380.1
1412240 1376.9
1412250 1376.9
1412260 1376.9
1412270 1378.3
1412280 1378.4
1412290 1376.6
1412300 1376.6
1412310 1373.2
1412320 1368.2
1412330 1368.2
1412340 1362.2
1412350 1352.8
1412360 1352.8
1412370 1341.9
1412380 1330.3
1412390 1330.3
1412400 1305.3
1412410 1288.7
1412420 1288.7
1412430 1280.2
1412440 1273.4
1412450 1273.4
1412460 1266.2
1412470 1259.2
1412480 1259.2
1412490 1254.9
1412500 1250.8
1412510 1250.8
1412520 1249.3
1412530 1247.6
1412540 1247.6
1412550 1242.9
1412560 1241.3
1412570 1241.3
1412580 1242.3
1412590 1239.0
1412600 1239.0
1412610 1226.5
1412620 1216.0
1412630 1215.9
1412640 1215.9
1412650 1225.1
1412660 1240.7
1412670 1240.7
1412680 1249.0
1412690 1256.7
1412700 1256.7
1412710 1262.1
1412720 1266.2
1412730 1266.2
1412740 1271.8
1412750 1276.3
1412760 1276.3
1412770 1281.7
1412780 1287.7
1412790 1287.7
1412800 1296.1
1412810 1306.6
1412820 1306.6
1412830 1318.4
1412840 1334.2
1412850 1334.2
1412860 1346.1
1412870 1362.4
1412880 1362.4
1412890 1382.8
1412900 1385.3
1412910 1385.3
1412920 1368.3
1412930 1356.4
1412940 1356.4
1412950 1351.4
1412960 1344.3
1412970 1340.1
1412980 1340.1
1412990 1336.4
1413000 1333.9
1413010 1333.9
1413020 1331.3
1413030 1328.3
1413040 1328.3
1413050 1321.9
1413060 1313.3
1413070 1313.3
1413080 1304.9
1413090 1301.5
1413100 1301.5
1413110 1298.6
1413120 1289.1
1413130 1289.1
1413140 1281.6
1413150 1285.8
1413160 1285.8
1413170 1293.6
1413180 1298.1
1413190 1298.1
1413200 1300.5
1413210 1301.7
1413220 1301.7
1413230 1300.5
1413240 1302.6
1413250 1302.6
1413260 1309.1
1413270 1315.5
1413280 1315.5
1413290 1320.7
1413300 1326.8
1413310 1333.4
1413320 1333.4
1413330 1340.0
1413340 1346.4
1413350 1346.4
1413360 1353.6
1413370 1360.3
1413380 1360.3
1413390 1367.0
1413400 1375.1
1413410 1375.1
1413420 1381.4
1413430 1386.9
1413440 1386.9
1413450 1388.8
1413460 1383.6
1413470 1383.6
1413480 1373.5
1413490 1356.5
1413500 1356.5
1413510 1347.7
1413520 1336.1
1413530 1336.1
1413540 1322.8
1413550 1312.4
1413560 1312.4
1413570 1296.8
1413580 1278.2
1413590 1285.0
1413600 1275.5
1413610 1269.0
1413620 1262.8
1413630 1262.8
1413640 1259.1
1413650 1254.4
1413660 1254.4
1413670 1247.1
1413680 1240.7
1413690 1240.7
1413700 1235.2
1413710 1233.1
1413720 1233.1
1413730 1229.6
1413740 1225.5
1413750 1225.5
1413760 1224.8
1413770 1226.7
1413780 1226.7
1413790 1227.4
1413800 1226.1
1413810 1226.1
1413820 1228.9
1413830 1233.4
1413840 1233.4
1413850 1234.1
1413860 1234.3
1413870 1234.3
1413880 1233.9
1413890 1234.3
1413900 1234.3
1413910 1234.9
1413920 1235.9
1413930 1235.9
1413940 1237.4
1413950 1234.3
1413960 1230.6
1413970 1230.6
1413980 1231.3
1413990 1236.8
1414000 1236.8
1414010 1241.9
1414020 1247.2
1414030 1247.2
1414040 1251.9
1414050 1257.4
1414060 1257.4
1414070 1264.3
1414080 1271.1
1414090 1271.1
1414100 1277.4
1414110 1284.1
1414120 1284.1
1414130 1290.7
1414140 1297.6
1414150 1297.6
1414160 1305.4
1414170 1313.6
1414180 1313.6
1414190 1321.0
1414200 1328.8
1414210 1328.8
1414220 1339.3
1414230 1349.8
1414240 1349.8
1414250 1356.6
1414260 1371.7
1414270 1371.7
1414280 1388.6
1414290 1402.7
1414300 1410.9
1414310 1410.9
1414320 1408.2
1414330 1396.2
1414340 1396.2
1414350 1391.0
1414360 1386.8
1414370 1386.8
1414380 1378.7
1414390 1372.5
1414400 1372.5
1414410 1368.2
1414420 1365.9
1414430 1365.9
1414440 1366.3
1414450 1365.5
1414460 1365.5
1414470 1361.9
1414480 1358.8
1414490 1358.8
1414500 1354.5
1414510 1349.2
1414520 1349.2
1414530 1339.2
1414540 1328.1
1414550 1328.1
1414560 1318.5
1414570 1309.8
1414580 1309.8
1414590 1312.5
1414600 1316.4
1414610 1316.4
1414620 1321.3
1414630 1338.1
1414640 1344.9
1414650 1344.9
1414660 1348.5
1414670 1360.0
1414680 1360.0
1414690 1367.6
1414700 1367.0
1414710 1367.0
1414720 1369.4
1414730 1374.3
1414740 1374.3
1414750 1377.7
1414760 1379.5
1414770 1379.5
1414780 1381.0
1414790 1381.9
1414800 1381.9
1414810 1380.3
1414820 1382.7
1414830 1382.7
1414840 1380.7
1414850 1375.2
1414860 1375.2
1414870 1381.4
1414880 1387.1
1414890 1387.1
1414900 1395.3
1414910 1402.4
1414920 1402.4
1414930 1408.3
1414940 1412.5
1414950 1412.5
1414960 1423.7
1414970 1441.0
1414980 1455.3
1414990 1455.3
1415000 1469.2
1415010 1483.5
1415020 1483.5
1415030 1500.0
1415040 1530.8
1415050 1530.8
1415060 1560.6
1415070 1589.2
1415080 1589.2
1415090 1608.3
1415100 1621.5
1415110 1621.5
1415120 1629.5
1415130 1632.7
1415140 1632.7
1415150 1611.2
1415160 1587.5
1415170 1587.5
1415180 1561.6
1415190 1580.5
1415200 1580.5
1415210 1586.3
1415220 1591.0
1415230 1591.0
1415240 1609.4
1415250 1628.2
1415260 1628.2
1415270 1648.3
1415280 1668.7
1415290 1668.7
1415300 1690.6
1415310 1705.3
1415320 1714.2
1415330 1714.2
1415340 1724.7
1415350 1738.9
1415360 1738.9
1415370 1752.3
1415380 1768.2
1415390 1768.2
1415400 1778.8
1415410 1798.1
1415420 1777.1
1415430 1805.6
1415440 1831.6
1415450 1831.6
1415460 1847.8
1415470 1872.9
1415480 1872.9
1415490 1890.6
1415500 1903.3
1415510 1903.3
1415520 1912.2
1415530 1930.5
1415540 1930.5
1415550 1952.0
1415560 1974.1
1415570 1974.1
1415580 1992.4
1415590 2009.2
1415600 2009.2
1415610 2022.6
1415620 2032.1
1415630 2032.1
1415640 2045.2
1415650 2057.3
1415660 2071.7
1415670 2071.7
1415680 2083.3
1415690 2092.3
1415700 2092.3
1415710 2104.9
1415720 2112.1
1415730 2112.1
1415740 2114.4
1415750 2112.2
1415760 2112.2
1415770 2108.1
1415780 2103.7
1415790 2103.7
1415800 2098.2
1415810 2093.9
1415820 2093.9
1415830 2088.1
1415840 2083.4
1415850 2083.4
1415860 2078.3
1415870 2075.5
1415880 2075.5
1415890 2076.8
1415900 2082.5
1415910 2082.5
1415920 2082.6
1415930 2086.3
1415940 2086.3
1415950 2093.5
1415960 2098.0
1415970 2098.0
1415980 2096.1
1415990 2095.6
1416000 2097.6
1416010 2097.6
1416020 2099.7
1416030 2101.4
1416040 2101.4
1416050 2100.2
1416060 2102.8
1416070 2102.8
1416080 2110.4
1416090 2118.4
1416100 2118.4
1416110 2125.7
1416120 2142.8
1416130 2142.8
1416140 2148.9
1416150 2155.0
1416160 2155.0
1416170 2155.2
1416180 2142.1
1416190 2142.1
1416200 2130.8
1416210 2125.7
1416220 2125.7
1416230 2118.4
1416240 2104.3
1416250 2104.3
1416260 2099.3
1416270 2094.8
1416280 2094.8
1416290 2089.5
1416300 2085.9
1416310 2090.8
1416320 2090.8
1416330 2090.6
1416340 2087.0
1416350 2087.0
1416360 2081.0
1416370 2078.5
1416380 2078.5
1416390 2077.1
1416400 2072.6
1416410 2072.6
1416420 2063.7
1416430 2057.9
1416440 2057.9
1416450 2052.6
1416460 2049.4
1416470 2049.4
1416480 2047.8
1416490 2042.9
1416500 2042.9
1416510 2039.7
1416520 2038.7
1416530 2038.7
1416540 2037.2
1416550 2033.7
1416560 2033.7
1416570 2029.9
1416580 2026.4
1416590 2026.4
1416600 2022.9
1416610 2021.7
1416620 2021.7
1416630 2023.2
1416640 2021.9
1416650 2020.8
1416660 2020.8
1416670 2017.9
1416680 2012.5
1416690 2012.5
1416700 2004.3
1416710 1996.5
1416720 1996.5
1416730 1988.2
1416740 1982.1
1416750 1982.1
1416760 1975.6
1416770 1970.0
1416780 1970.0
1416790 1963.9
1416800 1954.9
1416810 1954.9
1416820 1939.8
1416830 1923.6
1416840 1923.6
1416850 1908.6
1416860 1899.2
1416870 1899.2
1416880 1886.7
1416890 1874.2
1416900 1874.2
1416910 1860.5
1416920 1847.3
1416930 1847.3
1416940 1839.7
1416950 1834.3
1416960 1834.3
1416970 1829.1
1416980 1823.9
1416990 1819.5
1417000 1819.5
1417010 1816.0
1417020 1812.8
1417030 1812.8
1417040 1811.8
1417050 1809.5
1417060 1809.5
1417070 1808.0
1417080 1809.8
1417090 1809.8
1417100 1810.4
1417110 1804.3
1417120 1804.3
1417130 1797.7
1417140 1791.1
1417150 1791.1
1417160 1785.7
1417170 1780.1
1417180 1780.1
1417190 1776.7
1417200 1773.1
1417210 1773.1
1417220 1768.5
1417230 1763.1
1417240 1763.1
1417250 1758.9
1417260 1755.7
1417270 1755.7
1417280 1752.9
1417290 1753.3
1417300 1753.3
1417310 1749.5
1417320 1745.1
1417330 1740.4
1417340 1740.4
1417350 1736.9
1417360 1731.8
1417370 1731.8
1417380 1728.2
1417390 1723.7
1417400 1723.7
1417410 1718.8
1417420 1714.5
1417430 1714.5
1417440 1707.2
1417450 1699.8
1417460 1699.8
1417470 1696.5
1417480 1693.3
1417490 1693.3
1417500 1688.8
1417510 1686.0
1417520 1686.0
1417530 1688.2
1417540 1691.5
1417550 1691.5
1417560 1692.2
1417570 1690.5
1417580 1690.5
1417590 1687.8
1417600 1684.3
1417610 1684.3
1417620 1679.4
1417630 1673.8
1417640 1673.8
1417650 1669.0
1417660 1664.7
1417670 1661.1
1417680 1661.1
1417690 1657.1
1417700 1653.1
1417710 1653.1
1417720 1649.9
1417730 1645.4
1417740 1645.4
1417750 1641.5
1417760 1641.6
1417770 1641.6
1417780 1643.5
1417790 1640.1
1417800 1640.1
1417810 1635.3
1417820 1631.0
1417830 1631.0
1417840 1628.6
1417850 1626.8
1417860 1626.8
1417870 1624.0
1417880 1622.3
1417890 1622.3
1417900 1619.6
1417910 1618.9
1417920 1618.9
1417930 1616.9
1417940 1613.2
1417950 1613.2
1417960 1609.7
1417970 1606.6
1417980 1606.6
1417990 1604.6
1418000 1603.1
1418010 1602.5
1418020 1602.5
1418030 1602.3
1418040 1600.7
1418050 1600.7
1418060 1599.1
1418070 1596.5
1418080 1596.5
1418090 1593.7
1418100 1592.1
1418110 1592.1
1418120 1589.8
1418130 1587.5
1418140 1587.5
1418150 1584.3
1418160 1581.5
1418170 1581.5
1418180 1578.7
1418190 1575.0
1418200 1575.0
1418210 1569.5
1418220 1564.3
1418230 1564.3
1418240 1558.5
1418250 1558.2
1418260 1558.2
1418270 1555.6
1418280 1547.7
1418290 1547.7
1418300 1541.6
1418310 1536.5
1418320 1536.5
1418330 1532.0
1418340 1527.2
1418350 1521.8
1418360 1521.8
1418370 1515.2
1418380 1511.4
1418390 1511.4
1418400 1509.8
1418410 1508.5
1418420 1508.5
1418430 1506.9
1418440 1504.2
1418450 1504.2
1418460 1497.6
1418470 1491.5
1418480 1491.5
1418490 1484.7
1418500 1478.3
1418510 1478.3
1418520 1474.3
1418530 1475.0
1418540 1475.0
1418550 1476.7
1418560 1478.7
1418570 1478.7
1418580 1478.8
1418590 1474.0
1418600 1474.0
1418610 1469.4
1418620 1465.7
1418630 1465.7
1418640 1460.3
1418650 1457.3
1418660 1457.3
1418670 1458.4
1418680 1451.4
1418690 1444.6
1418700 1444.6
1418710 1440.7
1418720 1436.7
1418730 1436.7
1418740 1437.5
1418750 1441.8
1418760 1441.8
1418770 1449.1
1418780 1450.6
1418790 1450.6
1418800 1448.3
1418810 1443.9
1418820 1443.9
1418830 1440.6
1418840 1438.6
1418850 1438.6
1418860 1438.3
1418870 1439.9
1418880 1439.9
1418890 1440.5
1418900 1437.1
1418910 1437.1
1418920 1435.1
1418930 1431.0
1418940 1431.0
1418950 1422.7
1418960 1416.9
1418970 1416.9
1418980 1415.6
1418990 1413.2
1419000 1406.9
1419010 1406.9
1419020 1401.2
1419030 1396.5
1419040 1396.5
1419050 1392.0
1419060 1388.7
1419070 1388.7
1419080 1386.1
1419090 1384.0
1419100 1384.0
1419110 1380.1
1419120 1376.9
1419130 1376.9
1419140 1375.1
1419150 1374.9
1419160 1374.9
1419170 1374.1
1419180 1372.7
1419190 1372.7
1419200 1371.5
1419210 1371.5
1419220 1377.7
1419230 1378.6
1419240 1379.0
1419250 1379.0
1419260 1384.9
1419270 1392.1
1419280 1392.1
1419290 1394.3
1419300 1396.6
1419310 1396.6
1419320 1399.5
1419330 1401.6
1419340 1402.7
1419350 1402.7
1419360 1401.9
1419370 1395.9
1419380 1395.9
1419390 1382.5
1419400 1347.7
1419410 1347.7
1419420 1320.9
1419430 1308.3
1419440 1308.3
1419450 1299.8
1419460 1293.3
1419470 1293.3
1419480 1287.9
1419490 1283.1
1419500 1283.1
1419510 1277.6
1419520 1276.6
1419530 1276.6
1419540 1276.8
1419550 1277.1
1419560 1277.1
1419570 1275.1
1419580 1272.2
1419590 1272.2
1419600 1267.5
1419610 1264.9
1419620 1264.9
1419630 1264.0
1419640 1260.3
1419650 1260.3
1419660 1253.6
1419670 1249.3
1419680 1247.9
1419690 1247.9
1419700 1248.5
1419710 1247.6
1419720 1247.6
1419730 1247.3
1419740 1247.2
1419750 1247.2
1419760 1245.1
1419770 1246.8
1419780 1246.8
1419790 1252.8
1419800 1257.0
1419810 1257.0
1419820 1261.6
1419830 1270.0
1419840 1270.0
1419850 1278.6
1419860 1283.2
1419870 1283.2
1419880 1286.8
1419890 1291.1
1419900 1291.1
1419910 1293.8
1419920 1292.5
1419930 1292.5
1419940 1285.9
1419950 1279.6
1419960 1279.6
1419970 1278.9
1419980 1277.3
1419990 1277.3
