1400000 876.6
1400010 877.3
1400020 877.9
1400030 877.9
1400040 878.4
1400050 879.1
1400060 879.1
1400070 879.8
1400080 880.4
1400090 880.4
1400100 880.6
1400110 880.8
1400120 880.8
1400130 882.1
1400140 882.9
1400150 882.9
1400160 883.8
1400170 884.7
1400180 884.7
1400190 885.4
1400200 886.0
1400210 886.0
1400220 886.5
1400230 886.9
1400240 886.9
1400250 887.4
1400260 887.9
1400270 887.9
1400280 888.4
1400290 887.6
1400300 887.6
1400310 885.6
1400320 886.3
1400330 886.3
1400340 888.9
1400350 890.7
1400360 891.6
1400370 891.6
1400380 892.1
1400390 892.5
1400400 892.5
1400410 892.9
1400420 893.4
1400430 893.4
1400440 893.9
1400450 894.5
1400460 894.5
1400470 895.2
1400480 895.9
1400490 895.9
1400500 896.6
1400510 896.9
1400520 896.9
1400530 897.3
1400540 897.9
1400550 897.9
1400560 898.5
1400570 898.9
1400580 898.9
1400590 899.2
1400600 899.3
1400610 899.3
1400620 899.8
1400630 900.6
1400640 900.6
1400650 901.4
1400660 901.9
1400670 901.9
1400680 902.3
1400690 902.8
1400700 901.7
1400710 901.7
1400720 901.2
1400730 900.8
1400740 900.8
1400750 900.6
1400760 900.8
1400770 900.8
1400780 901.2
1400790 899.9
1400800 899.9
1400810 898.2
1400820 901.0
1400830 901.0
1400840 903.1
1400850 903.8
1400860 903.8
1400870 904.8
1400880 906.4
1400890 906.4
1400900 907.8
1400910 908.8
1400920 908.8
1400930 909.9
1400940 910.8
1400950 910.8
1400960 912.2
1400970 914.6
1400980 914.6
1400990 917.3
1401000 919.6
1401010 919.6
1401020 921.4
1401030 925.1
1401040 929.3
1401050 929.3
1401060 930.7
1401070 933.6
1401080 933.6
1401090 936.5
1401100 937.5
1401110 937.5
1401120 938.7
1401130 940.1
1401140 940.1
1401150 942.1
1401160 944.5
1401170 944.5
1401180 947.6
1401190 949.1
1401200 949.1
1401210 948.5
1401220 952.5
1401230 952.5
1401240 958.2
1401250 961.9
1401260 961.9
1401270 964.8
1401280 968.8
1401290 968.8
1401300 971.5
1401310 971.5
1401320 971.5
1401330 971.0
1401340 971.8
1401350 971.8
1401360 973.7
1401370 980.6
1401380 987.8
1401390 987.8
1401400 993.4
1401410 996.2
1401420 996.2
1401430 999.0
1401440 1003.6
1401450 1003.6
1401460 1009.4
1401470 1014.1
1401480 1014.1
1401490 1018.4
1401500 1022.4
1401510 1022.4
1401520 1025.7
1401530 1027.7
1401540 1027.7
1401550 1031.2
1401560 1037.6
1401570 1037.6
1401580 1043.8
1401590 1046.7
1401600 1046.7
1401610 1048.8
1401620 1049.5
1401630 1049.5
1401640 1049.4
1401650 1053.7
1401660 1053.7
1401670 1057.3
1401680 1057.1
1401690 1057.1
1401700 1058.3
1401710 1061.0
1401720 1062.8
1401730 1062.8
1401740 1063.8
1401750 1066.4
1401760 1066.4
1401770 1067.6
1401780 1068.8
1401790 1068.8
1401800 1073.8
1401810 1078.9
1401820 1078.9
1401830 1079.4
1401840 1076.1
1401850 1076.1
1401860 1073.2
1401870 1075.3
1401880 1075.3
1401890 1077.3
1401900 1077.8
1401910 1077.8
1401920 1079.3
1401930 1081.4
1401940 1081.4
1401950 1082.8
1401960 1081.7
1401970 1081.7
1401980 1082.1
1401990 1082.1
1402000 1082.1
1402010 1080.2
1402020 1082.0
1402030 1088.2
1402040 1088.2
1402050 1094.3
1402060 1097.1
1402070 1097.1
1402080 1098.1
1402090 1098.7
1402100 1098.7
1402110 1098.8
1402120 1098.9
1402130 1098.9
1402140 1100.0
1402150 1100.4
1402160 1100.4
1402170 1101.0
1402180 1102.5
1402190 1102.5
1402200 1103.1
1402210 1106.1
1402220 1111.5
1402230 1115.0
1402240 1118.6
1402250 1118.6
1402260 1123.6
1402270 1129.5
1402280 1129.5
1402290 1135.4
1402300 1141.9
1402310 1141.9
1402320 1146.8
1402330 1149.9
1402340 1149.9
1402350 1153.4
1402360 1159.9
1402370 1164.4
1402380 1164.4
1402390 1163.7
1402400 1162.4
1402410 1162.4
1402420 1161.6
1402430 1161.0
1402440 1161.0
1402450 1160.1
1402460 1159.9
1402470 1159.9
1402480 1158.9
1402490 1157.3
1402500 1157.3
1402510 1155.7
1402520 1155.7
1402530 1155.7
1402540 1158.1
1402550 1160.6
1402560 1160.6
1402570 1163.4
1402580 1167.6
1402590 1167.6
1402600 1170.7
1402610 1174.5
1402620 1174.5
1402630 1178.6
1402640 1182.4
1402650 1182.4
1402660 1184.2
1402670 1187.9
1402680 1187.9
1402690 1193.1
1402700 1197.7
1402710 1202.4
1402720 1202.4
1402730 1206.2
1402740 1208.5
1402750 1208.5
1402760 1210.6
1402770 1212.2
1402780 1212.2
1402790 1212.4
1402800 1211.1
1402810 1211.1
1402820 1209.8
1402830 1209.2
1402840 1209.2
1402850 1208.8
1402860 1208.1
1402870 1208.1
1402880 1206.5
1402890 1203.9
1402900 1203.9
1402910 1201.2
1402920 1198.7
1402930 1198.7
1402940 1196.3
1402950 1193.9
1402960 1193.9
1402970 1191.2
1402980 1187.8
1402990 1187.8
1403000 1184.8
1403010 1182.7
1403020 1182.7
1403030 1180.1
1403040 1176.4
1403050 1171.9
1403060 1171.9
1403070 1167.2
1403080 1163.0
1403090 1163.0
1403100 1159.0
1403110 1155.4
1403120 1155.4
1403130 1152.2
1403140 1148.1
1403150 1148.1
1403160 1143.6
1403170 1139.4
1403180 1139.4
1403190 1135.7
1403200 1132.1
1403210 1132.1
1403220 1126.4
1403230 1120.9
1403240 1120.9
1403250 1115.9
1403260 1109.7
1403270 1109.7
1403280 1103.9
1403290 1098.4
1403300 1098.4
1403310 1093.5
1403320 1089.1
1403330 1089.1
1403340 1082.8
1403350 1076.1
1403360 1076.1
1403370 1069.3
1403380 1062.8
1403390 1056.5
1403400 1056.5
1403410 1050.6
1403420 1044.5
1403430 1044.5
1403440 1039.1
1403450 1035.0
1403460 1035.0
1403470 1031.3
1403480 1026.6
1403490 1026.6
1403500 1021.1
1403510 1015.2
1403520 1015.2
1403530 1009.8
1403540 1003.8
1403550 1003.8
1403560 996.9
1403570 989.3
1403580 989.3
1403590 980.6
1403600 967.4
1403610 967.4
1403620 953.8
1403630 944.4
1403640 944.4
1403650 935.3
1403660 926.5
1403670 926.5
1403680 918.5
1403690 916.5
1403700 916.5
1403710 917.9
1403720 920.1
1403730 922.0
1403740 922.0
1403750 923.6
1403760 925.5
1403770 925.5
1403780 928.1
1403790 934.5
1403800 934.5
1403810 936.6
1403820 938.4
1403830 938.4
1403840 939.6
1403850 940.6
1403860 940.6
1403870 942.3
1403880 946.1
1403890 946.1
1403900 951.7
1403910 958.4
1403920 958.4
1403930 965.5
1403940 972.5
1403950 972.5
1403960 979.7
1403970 987.2
1403980 987.2
1403990 994.8
1404000 1002.7
1404010 1002.7
1404020 1011.4
1404030 1020.1
1404040 1020.1
1404050 1029.9
1404060 1042.0
1404070 1053.0
1404080 1053.0
1404090 1066.0
1404100 1078.6
1404110 1078.6
1404120 1079.8
1404130 1081.5
1404140 1081.5
1404150 1089.6
1404160 1099.7
1404170 1099.7
1404180 1110.7
1404190 1119.6
1404200 1119.6
1404210 1126.1
1404220 1130.8
1404230 1130.8
1404240 1136.2
1404250 1143.4
1404260 1143.4
1404270 1148.2
1404280 1147.0
1404290 1147.0
1404300 1148.5
1404310 1154.2
1404320 1154.2
1404330 1160.2
1404340 1166.5
1404350 1166.5
1404360 1170.5
1404370 1172.4
1404380 1172.4
1404390 1175.9
1404400 1180.5
1404410 1185.8
1404420 1185.8
1404430 1191.6
1404440 1196.8
1404450 1196.8
1404460 1202.7
1404470 1209.4
1404480 1209.4
1404490 1216.9
1404500 1222.6
1404510 1222.6
1404520 1226.1
1404530 1228.9
1404540 1228.9
1404550 1231.2
1404560 1232.3
1404570 1232.3
1404580 1232.4
1404590 1232.8
1404600 1232.8
1404610 1236.8
1404620 1241.9
1404630 1241.9
1404640 1246.6
1404650 1251.2
1404660 1251.2
1404670 1256.0
1404680 1260.7
1404690 1260.7
1404700 1264.7
1404710 1266.2
1404720 1266.2
1404730 1269.0
1404740 1271.4
1404750 1273.1
1404760 1273.1
1404770 1276.4
1404780 1280.7
1404790 1280.7
1404800 1286.8
1404810 1293.4
1404820 1293.4
1404830 1300.4
1404840 1307.5
1404850 1307.5
1404860 1314.4
1404870 1321.5
1404880 1321.5
1404890 1331.0
1404900 1342.1
1404910 1342.1
1404920 1349.4
1404930 1355.8
1404940 1355.8
1404950 1362.3
1404960 1369.3
1404970 1369.3
1404980 1376.2
1404990 1381.6
1405000 1381.6
1405010 1388.9
1405020 1396.8
1405030 1396.8
1405040 1404.2
1405050 1410.1
1405060 1410.1
1405070 1416.7
1405080 1424.1
1405090 1431.5
1405100 1431.5
1405110 1438.8
1405120 1446.5
1405130 1446.5
1405140 1453.1
1405150 1456.9
1405160 1456.9
1405170 1458.3
1405180 1456.2
1405190 1456.2
1405200 1453.9
1405210 1454.4
1405220 1454.4
1405230 1456.6
1405240 1459.2
1405250 1459.2
1405260 1462.4
1405270 1465.3
1405280 1465.3
1405290 1468.6
1405300 1472.2
1405310 1472.2
1405320 1473.7
1405330 1474.3
1405340 1474.3
1405350 1473.8
1405360 1472.1
1405370 1472.1
1405380 1464.8
1405390 1457.5
1405400 1449.8
1405410 1449.8
1405420 1440.0
1405430 1430.5
1405440 1430.5
1405450 1422.1
1405460 1414.3
1405470 1414.3
1405480 1407.3
1405490 1401.4
1405500 1401.4
1405510 1393.0
1405520 1389.5
1405530 1389.5
1405540 1393.5
1405550 1395.3
1405560 1395.3
1405570 1394.4
1405580 1398.4
1405590 1398.4
1405600 1401.8
1405610 1410.7
1405620 1410.7
1405630 1419.2
1405640 1421.1
1405650 1421.1
1405660 1429.1
1405670 1430.7
1405680 1430.7
1405690 1441.8
1405700 1453.3
1405710 1453.3
1405720 1459.2
1405730 1465.6
1405740 1473.1
1405750 1473.1
1405760 1480.8
1405770 1489.2
1405780 1489.2
1405790 1495.6
1405800 1498.7
1405810 1498.7
1405820 1499.4
1405830 1499.2
1405840 1499.2
1405850 1498.6
1405860 1498.6
1405870 1498.6
1405880 1500.3
1405890 1502.6
1405900 1502.6
1405910 1505.6
1405920 1507.4
1405930 1507.4
1405940 1510.0
1405950 1511.2
1405960 1511.2
1405970 1509.1
1405980 1506.0
1405990 1506.0
1406000 1501.5
1406010 1494.3
1406020 1494.3
1406030 1486.7
1406040 1479.4
1406050 1479.4
1406060 1472.8
1406070 1466.7
1406080 1459.6
1406090 1459.6
1406100 1451.3
1406110 1443.1
1406120 1443.1
1406130 1434.8
1406140 1427.1
1406150 1427.1
1406160 1420.3
1406170 1413.2
1406180 1413.2
1406190 1407.4
1406200 1403.8
1406210 1403.8
1406220 1403.3
1406230 1399.9
1406240 1399.9
1406250 1395.8
1406260 1392.3
1406270 1392.3
1406280 1388.5
1406290 1383.1
1406300 1383.1
1406310 1375.3
1406320 1369.9
1406330 1369.9
1406340 1357.4
1406350 1356.2
1406360 1356.2
1406370 1368.7
1406380 1379.9
1406390 1379.9
1406400 1385.0
1406410 1385.7
1406420 1385.3
1406430 1385.3
1406440 1385.4
1406450 1384.4
1406460 1384.4
1406470 1380.8
1406480 1377.7
1406490 1377.7
1406500 1376.3
1406510 1373.5
1406520 1373.5
1406530 1379.0
1406540 1389.3
1406550 1389.3
1406560 1400.1
1406570 1411.7
1406580 1411.7
1406590 1424.5
1406600 1431.6
1406610 1431.6
1406620 1439.1
1406630 1453.1
1406640 1453.1
1406650 1463.2
1406660 1466.6
1406670 1466.6
1406680 1469.8
1406690 1471.7
1406700 1471.7
1406710 1475.2
1406720 1478.7
1406730 1478.7
1406740 1481.0
1406750 1480.7
1406760 1479.4
1406770 1479.4
1406780 1477.6
1406790 1477.6
1406800 1477.6
1406810 1478.5
1406820 1479.5
1406830 1479.5
1406840 1479.3
1406850 1481.4
1406860 1481.4
1406870 1488.0
1406880 1493.8
1406890 1493.8
1406900 1496.0
1406910 1500.2
1406920 1500.2
1406930 1501.3
1406940 1498.6
1406950 1498.6
1406960 1494.6
1406970 1491.5
1406980 1491.5
1406990 1488.7
1407000 1486.6
1407010 1486.6
1407020 1491.2
1407030 1494.7
1407040 1494.7
1407050 1497.2
1407060 1497.0
1407070 1497.0
1407080 1496.2
1407090 1498.0
1407100 1503.0
1407110 1503.0
1407120 1507.0
1407130 1510.3
1407140 1510.3
1407150 1512.9
1407160 1515.2
1407170 1515.2
1407180 1519.9
1407190 1521.1
1407200 1521.1
1407210 1519.8
1407220 1520.8
1407230 1520.8
1407240 1522.9
1407250 1529.1
1407260 1529.1
1407270 1536.2
1407280 1543.3
1407290 1543.3
1407300 1551.5
1407310 1559.5
1407320 1559.5
1407330 1569.3
1407340 1577.6
1407350 1577.6
1407360 1585.6
1407370 1593.4
1407380 1593.4
1407390 1598.3
1407400 1603.0
1407410 1603.0
1407420 1610.3
1407430 1617.8
1407440 1624.1
1407450 1624.1
1407460 1631.1
1407470 1637.8
1407480 1637.8
1407490 1644.4
1407500 1650.9
1407510 1650.9
1407520 1656.7
1407530 1662.3
1407540 1662.3
1407550 1667.5
1407560 1667.8
1407570 1667.8
1407580 1666.6
1407590 1665.5
1407600 1665.5
1407610 1662.7
1407620 1659.8
1407630 1659.8
1407640 1654.1
1407650 1649.2
1407660 1649.2
1407670 1647.8
1407680 1646.2
1407690 1646.2
1407700 1644.7
1407710 1640.2
1407720 1640.2
1407730 1636.3
1407740 1633.6
1407750 1633.6
1407760 1629.9
1407770 1626.9
1407780 1624.9
1407790 1624.9
1407800 1625.9
1407810 1626.8
1407820 1626.8
1407830 1632.0
1407840 1637.9
1407850 1637.9
1407860 1640.5
1407870 1641.5
1407880 1641.5
1407890 1638.1
1407900 1632.6
1407910 1632.6
1407920 1627.1
1407930 1622.4
1407940 1622.4
1407950 1617.8
1407960 1614.3
1407970 1614.3
1407980 1611.5
1407990 1607.5
1408000 1607.5
1408010 1602.3
1408020 1601.1
1408030 1601.1
1408040 1599.4
1408050 1595.1
1408060 1595.1
1408070 1587.6
1408080 1580.8
1408090 1580.8
1408100 1575.4
1408110 1577.4
1408120 1581.5
1408130 1581.5
1408140 1585.7
1408150 1590.2
1408160 1590.2
1408170 1593.9
1408180 1598.3
1408190 1598.3
1408200 1598.1
1408210 1595.5
1408220 1595.5
1408230 1591.8
1408240 1588.1
1408250 1588.1
1408260 1585.5
1408270 1583.5
1408280 1583.5
1408290 1580.8
1408300 1576.6
1408310 1576.6
1408320 1577.5
1408330 1575.5
1408340 1575.5
1408350 1570.7
1408360 1567.4
1408370 1567.4
1408380 1564.5
1408390 1558.9
1408400 1558.9
1408410 1548.7
1408420 1536.5
1408430 1536.5
1408440 1528.6
1408450 1521.1
1408460 1514.3
1408470 1514.3
1408480 1507.4
1408490 1500.8
1408500 1500.8
1408510 1494.8
1408520 1489.5
1408530 1489.5
1408540 1485.4
1408550 1482.1
1408560 1482.1
1408570 1478.7
1408580 1474.4
1408590 1474.4
1408600 1472.7
1408610 1467.5
1408620 1467.5
1408630 1459.0
1408640 1450.4
1408650 1450.4
1408660 1443.3
1408670 1438.7
1408680 1438.7
1408690 1449.2
1408700 1464.6
1408710 1464.6
1408720 1463.8
1408730 1460.8
1408740 1460.8
1408750 1462.1
1408760 1468.3
1408770 1475.5
1408780 1475.5
1408790 1480.4
1408800 1486.0
1408810 1486.0
1408820 1493.0
1408830 1501.9
1408840 1501.9
1408850 1514.9
1408860 1519.1
1408870 1519.1
1408880 1535.9
1408890 1549.7
1408900 1549.7
1408910 1562.5
1408920 1571.0
1408930 1571.0
1408940 1576.8
1408950 1579.2
1408960 1579.2
1408970 1577.3
1408980 1573.0
1408990 1573.0
1409000 1570.0
1409010 1566.7
1409020 1566.7
1409030 1560.5
1409040 1545.3
1409050 1545.3
1409060 1533.1
1409070 1525.2
1409080 1525.2
1409090 1519.5
1409100 1522.1
1409110 1535.9
1409120 1535.9
1409130 1526.5
1409140 1516.2
1409150 1516.2
1409160 1522.3
1409170 1548.0
1409180 1548.0
1409190 1574.2
1409200 1583.8
1409210 1583.8
1409220 1594.3
1409230 1601.7
1409240 1601.7
1409250 1604.1
1409260 1607.9
1409270 1607.9
1409280 1614.0
1409290 1622.2
1409300 1622.2
1409310 1629.6
1409320 1634.8
1409330 1634.8
1409340 1637.4
1409350 1638.5
1409360 1638.5
1409370 1639.5
1409380 1641.1
1409390 1641.1
1409400 1640.2
1409410 1639.5
1409420 1639.5
1409430 1640.2
1409440 1641.8
1409450 1642.6
1409460 1642.6
1409470 1638.0
1409480 1633.1
1409490 1633.1
1409500 1627.1
1409510 1620.4
1409520 1620.4
1409530 1614.6
1409540 1608.1
1409550 1608.1
1409560 1601.5
1409570 1595.8
1409580 1595.8
1409590 1595.5
1409600 1594.3
1409610 1594.3
1409620 1590.5
1409630 1583.7
1409640 1583.7
1409650 1575.3
1409660 1568.4
1409670 1568.4
1409680 1562.1
1409690 1555.6
1409700 1555.6
1409710 1550.4
1409720 1545.9
1409730 1545.9
1409740 1540.3
1409750 1534.7
1409760 1534.7
1409770 1529.0
1409780 1522.7
1409790 1516.8
1409800 1516.8
1409810 1511.9
1409820 1507.9
1409830 1507.9
1409840 1505.5
1409850 1501.6
1409860 1501.6
1409870 1492.9
1409880 1484.3
1409890 1484.3
1409900 1487.0
1409910 1483.8
1409920 1483.8
1409930 1481.7
1409940 1482.9
1409950 1482.9
1409960 1495.6
1409970 1499.3
1409980 1499.3
1409990 1499.8
1410000 1500.8
1410010 1500.8
1410020 1504.4
1410030 1502.9
1410040 1502.9
1410050 1505.9
1410060 1509.8
1410070 1509.8
1410080 1506.8
1410090 1502.4
1410100 1502.4
1410110 1497.0
1410120 1489.4
1410130 1470.6
1410140 1470.6
1410150 1450.6
1410160 1450.0
1410170 1450.0
1410180 1469.9
1410190 1476.7
1410200 1476.7
1410210 1471.7
1410220 1464.4
1410230 1464.4
1410240 1457.1
1410250 1450.1
1410260 1450.1
1410270 1443.0
1410280 1436.0
1410290 1436.0
1410300 1429.6
1410310 1423.8
1410320 1423.8
1410330 1417.9
1410340 1410.9
1410350 1410.9
1410360 1399.0
1410370 1386.2
1410380 1386.2
1410390 1373.7
1410400 1359.4
1410410 1359.4
1410420 1353.1
1410430 1350.2
1410440 1350.2
1410450 1345.6
1410460 1342.6
1410470 1338.8
1410480 1338.8
1410490 1326.2
1410500 1315.2
1410510 1315.2
1410520 1307.4
1410530 1301.1
1410540 1301.1
1410550 1293.5
1410560 1282.8
1410570 1282.8
1410580 1270.3
1410590 1259.2
1410600 1259.2
1410610 1243.6
1410620 1244.7
1410630 1244.7
1410640 1266.9
1410650 1285.2
1410660 1285.2
1410670 1302.3
1410680 1318.2
1410690 1318.2
1410700 1313.4
1410710 1305.8
1410720 1305.8
1410730 1297.9
1410740 1294.2
1410750 1294.2
1410760 1284.2
1410770 1277.8
1410780 1277.8
1410790 1262.4
1410800 1257.5
1410810 1257.0
1410820 1257.0
1410830 1250.4
1410840 1242.7
1410850 1242.7
1410860 1237.5
1410870 1232.8
1410880 1232.8
1410890 1230.4
1410900 1228.5
1410910 1228.5
1410920 1229.4
1410930 1228.5
1410940 1228.5
1410950 1226.4
1410960 1227.1
1410970 1227.1
1410980 1224.2
1410990 1222.8
1411000 1222.8
1411010 1224.2
1411020 1224.4
1411030 1224.4
1411040 1220.8
1411050 1216.6
1411060 1216.6
1411070 1211.8
1411080 1207.6
1411090 1207.6
1411100 1203.4
1411110 1198.8
1411120 1198.8
1411130 1194.3
1411140 1191.4
1411150 1187.6
1411160 1187.6
1411170 1183.9
1411180 1180.4
1411190 1180.4
1411200 1176.2
1411210 1173.1
1411220 1173.1
1411230 1170.6
1411240 1168.2
1411250 1168.2
1411260 1166.7
1411270 1164.5
1411280 1164.5
1411290 1160.6
1411300 1150.2
1411310 1150.2
1411320 1140.3
1411330 1140.7
1411340 1140.7
1411350 1136.6
1411360 1134.0
1411370 1134.0
1411380 1132.2
1411390 1135.5
1411400 1135.5
1411410 1139.5
1411420 1137.4
1411430 1137.4
1411440 1127.9
1411450 1131.6
1411460 1131.6
1411470 1129.7
1411480 1128.5
1411490 1138.6
1411500 1138.6
1411510 1143.8
1411520 1152.1
1411530 1152.1
1411540 1148.9
1411550 1152.0
1411560 1152.0
1411570 1158.4
1411580 1160.3
1411590 1160.3
1411600 1160.9
1411610 1161.8
1411620 1161.8
1411630 1166.7
1411640 1173.1
1411650 1173.1
1411660 1175.4
1411670 1176.3
1411680 1176.3
1411690 1172.6
1411700 1165.1
1411710 1165.1
1411720 1159.8
1411730 1166.6
1411740 1166.6
1411750 1172.9
1411760 1176.2
1411770 1176.2
1411780 1182.3
1411790 1190.2
1411800 1198.3
1411810 1198.3
1411820 1206.2
1411830 1213.3
1411840 1213.3
1411850 1219.6
1411860 1225.5
1411870 1225.5
1411880 1231.3
1411890 1236.4
1411900 1236.4
1411910 1239.9
1411920 1241.9
1411930 1241.9
1411940 1242.8
1411950 1242.5
1411960 1242.5
1411970 1240.7
1411980 1240.5
1411990 1240.5
1412000 1243.1
1412010 1244.9
1412020 1244.9
1412030 1245.7
1412040 1249.3
1412050 1249.3
1412060 1252.9
1412070 1254.3
1412080 1254.3
1412090 1254.7
1412100 1257.3
1412110 1257.3
1412120 1263.0
1412130 1266.9
1412140 1274.9
1412150 1274.9
1412160 1278.9
1412170 1280.4
1412180 1280.4
1412190 1281.1
1412200 1281.7
1412210 1281.7
1412220 1280.5
1412230 1276.6
1412240 1276.6
1412250 1268.1
1412260 1260.1
1412270 1260.1
1412280 1254.2
1412290 1247.8
1412300 1247.8
1412310 1243.6
1412320 1235.9
1412330 1235.9
1412340 1231.6
1412350 1230.2
1412360 1230.2
1412370 1224.6
1412380 1217.4
1412390 1217.4
1412400 1210.1
1412410 1205.3
1412420 1205.3
1412430 1206.5
1412440 1206.8
1412450 1206.8
1412460 1203.1
1412470 1203.6
1412480 1202.1
1412490 1202.1
1412500 1198.4
1412510 1198.0
1412520 1198.0
1412530 1203.1
1412540 1201.5
1412550 1201.5
1412560 1193.9
1412570 1187.1
1412580 1187.1
1412590 1179.8
1412600 1172.5
1412610 1172.5
1412620 1163.2
1412630 1155.7
1412640 1155.7
1412650 1157.7
1412660 1161.6
1412670 1161.6
1412680 1161.2
1412690 1168.6
1412700 1168.6
1412710 1175.3
1412720 1177.9
1412730 1177.9
1412740 1181.0
1412750 1183.4
1412760 1183.4
1412770 1184.4
1412780 1190.5
1412790 1190.5
1412800 1199.6
1412810 1208.1
1412820 1216.4
1412830 1216.4
1412840 1224.9
1412850 1233.9
1412860 1233.9
1412870 1245.0
1412880 1245.2
1412890 1245.2
1412900 1241.3
1412910 1238.5
1412920 1238.5
1412930 1236.8
1412940 1235.1
1412950 1235.1
1412960 1232.3
1412970 1223.5
1412980 1223.5
1412990 1217.3
1413000 1212.8
1413010 1212.8
1413020 1205.9
1413030 1203.2
1413040 1203.2
1413050 1205.7
1413060 1205.2
1413070 1205.2
1413080 1201.3
1413090 1199.0
1413100 1199.0
1413110 1202.3
1413120 1204.2
1413130 1204.2
1413140 1210.6
1413150 1216.5
1413160 1223.2
1413170 1223.2
1413180 1230.5
1413190 1237.8
1413200 1237.8
1413210 1244.6
1413220 1252.0
1413230 1252.0
1413240 1260.4
1413250 1264.9
1413260 1264.9
1413270 1271.1
1413280 1280.2
1413290 1280.2
1413300 1288.6
1413310 1296.4
1413320 1296.4
1413330 1302.7
1413340 1313.9
1413350 1313.9
1413360 1318.8
1413370 1318.9
1413380 1318.9
1413390 1317.6
1413400 1314.9
1413410 1314.9
1413420 1306.9
1413430 1296.9
1413440 1296.9
1413450 1286.3
1413460 1275.5
1413470 1275.5
1413480 1264.0
1413490 1257.7
1413500 1254.1
1413510 1254.1
1413520 1246.6
1413530 1240.6
1413540 1240.6
1413550 1235.9
1413560 1231.1
1413570 1231.1
1413580 1225.8
1413590 1220.4
1413600 1220.4
1413610 1214.6
1413620 1208.6
1413630 1208.6
1413640 1202.9
1413650 1197.5
1413660 1197.5
1413670 1192.9
1413680 1188.4
1413690 1188.4
1413700 1183.6
1413710 1179.6
1413720 1179.6
1413730 1177.3
1413740 1175.8
1413750 1175.8
1413760 1174.3
1413770 1172.0
1413780 1172.0
1413790 1176.1
1413800 1176.9
1413810 1176.9
1413820 1177.4
1413830 1177.3
1413840 1175.1
1413850 1175.1
1413860 1171.3
1413870 1167.4
1413880 1167.4
1413890 1166.0
1413900 1166.0
1413910 1166.0
1413920 1175.6
1413930 1182.4
1413940 1182.4
1413950 1187.2
1413960 1191.6
1413970 1191.6
1413980 1194.6
1413990 1200.1
1414000 1200.1
1414010 1203.5
1414020 1206.1
1414030 1206.1
1414040 1209.5
1414050 1213.9
1414060 1213.9
1414070 1217.6
1414080 1221.7
1414090 1221.7
1414100 1225.7
1414110 1231.3
1414120 1231.3
1414130 1240.3
1414140 1248.9
1414150 1248.9
1414160 1256.6
1414170 1262.7
1414180 1269.6
1414190 1269.6
1414200 1275.8
1414210 1281.6
1414220 1281.6
1414230 1289.9
1414240 1314.6
1414250 1314.6
1414260 1327.4
1414270 1341.1
1414280 1341.1
1414290 1329.4
1414300 1331.5
1414310 1331.5
1414320 1333.9
1414330 1323.0
1414340 1323.0
1414350 1314.3
1414360 1306.4
1414370 1306.4
1414380 1294.6
1414390 1288.1
1414400 1288.1
1414410 1281.2
1414420 1275.4
1414430 1275.4
1414440 1270.9
1414450 1267.1
1414460 1267.1
1414470 1263.6
1414480 1260.6
1414490 1260.6
1414500 1257.0
1414510 1253.3
1414520 1250.6
1414530 1250.6
1414540 1247.8
1414550 1243.8
1414560 1243.8
1414570 1240.8
1414580 1235.6
1414590 1235.6
1414600 1233.2
1414610 1240.5
1414620 1240.5
1414630 1241.4
1414640 1245.0
1414650 1245.0
1414660 1247.8
1414670 1250.7
1414680 1250.7
1414690 1253.5
1414700 1254.2
1414710 1254.2
1414720 1251.3
1414730 1252.5
1414740 1252.5
1414750 1248.0
1414760 1256.5
1414770 1256.5
1414780 1271.5
1414790 1280.4
1414800 1280.4
1414810 1291.0
1414820 1298.9
1414830 1308.5
1414840 1308.5
1414850 1311.0
1414860 1316.3
1414870 1316.3
1414880 1320.8
1414890 1325.0
1414900 1325.0
1414910 1327.7
1414920 1330.5
1414930 1330.5
1414940 1336.3
1414950 1346.6
1414960 1346.6
1414970 1347.3
1414980 1352.1
1414990 1352.1
1415000 1367.7
1415010 1381.6
1415020 1381.6
1415030 1407.4
1415040 1425.7
1415050 1425.7
1415060 1435.8
1415070 1444.6
1415080 1444.6
1415090 1455.0
1415100 1473.0
1415110 1473.0
1415120 1490.7
1415130 1502.5
1415140 1502.5
1415150 1517.7
1415160 1531.6
1415170 1532.6
1415180 1532.6
1415190 1542.2
1415200 1552.6
1415210 1552.6
1415220 1568.4
1415230 1590.4
1415240 1590.4
1415250 1613.3
1415260 1624.6
1415270 1624.6
1415280 1638.1
1415290 1654.9
1415300 1654.9
1415310 1659.4
1415320 1664.1
1415330 1664.1
1415340 1677.0
1415350 1694.7
1415360 1694.7
1415370 1713.3
1415380 1744.6
1415390 1744.6
1415400 1752.3
1415410 1759.9
1415420 1759.9
1415430 1763.5
1415440 1764.7
1415450 1764.7
1415460 1770.3
1415470 1779.5
1415480 1779.5
1415490 1788.1
1415500 1801.3
1415510 1834.5
1415520 1834.5
1415530 1854.9
1415540 1854.4
1415550 1854.4
1415560 1862.7
1415570 1880.0
1415580 1880.0
1415590 1899.2
1415600 1909.3
1415610 1909.3
1415620 1922.8
1415630 1934.7
1415640 1934.7
1415650 1945.1
1415660 1961.5
1415670 1961.5
1415680 1973.3
1415690 1985.3
1415700 1985.3
1415710 1981.5
1415720 1964.8
1415730 1964.8
1415740 1947.2
1415750 1931.5
1415760 1931.5
1415770 1924.7
1415780 1921.2
1415790 1921.2
1415800 1914.2
1415810 1905.1
1415820 1905.1
1415830 1894.6
1415840 1889.8
1415850 1902.0
1415860 1902.0
1415870 1917.7
1415880 1924.4
1415890 1924.4
1415900 1917.6
1415910 1910.3
1415920 1910.3
1415930 1902.1
1415940 1903.4
1415950 1903.4
1415960 1912.6
1415970 1915.6
1415980 1915.6
1415990 1920.2
1416000 1934.7
1416010 1934.7
1416020 1946.0
1416030 1956.1
1416040 1956.1
1416050 1965.2
1416060 1976.5
1416070 1976.5
1416080 1987.3
1416090 1991.0
1416100 1991.0
1416110 1999.0
1416120 2018.0
1416130 2018.0
1416140 2018.2
1416150 2004.7
1416160 2004.7
1416170 1994.5
1416180 1986.4
1416190 1983.9
1416200 1983.9
1416210 1979.7
1416220 1973.6
1416230 1973.6
1416240 1960.3
1416250 1949.2
1416260 1949.2
1416270 1940.9
1416280 1948.5
1416290 1948.5
1416300 1948.9
1416310 1940.3
1416320 1940.3
1416330 1930.9
1416340 1921.8
1416350 1921.8
1416360 1921.3
1416370 1921.6
1416380 1921.6
1416390 1919.9
1416400 1918.5
1416410 1918.5
1416420 1909.7
1416430 1902.6
1416440 1902.6
1416450 1895.7
1416460 1887.2
1416470 1887.2
1416480 1883.9
1416490 1879.9
1416500 1879.9
1416510 1875.8
1416520 1871.7
1416530 1866.3
1416540 1866.3
1416550 1868.0
1416560 1866.1
1416570 1866.1
1416580 1862.6
1416590 1860.5
1416600 1860.5
1416610 1857.0
1416620 1855.0
1416630 1855.0
1416640 1857.1
1416650 1858.4
1416660 1858.4
1416670 1860.9
1416680 1861.7
1416690 1861.7
1416700 1861.3
1416710 1862.8
1416720 1862.8
1416730 1861.8
1416740 1862.5
1416750 1862.5
1416760 1866.1
1416770 1870.1
1416780 1870.1
1416790 1875.8
1416800 1882.6
1416810 1882.6
1416820 1888.3
1416830 1892.6
1416840 1892.6
1416850 1892.7
1416860 1880.0
1416870 1862.3
1416880 1862.3
1416890 1841.6
1416900 1829.2
1416910 1829.2
1416920 1821.2
1416930 1813.6
1416940 1813.6
1416950 1806.1
1416960 1800.4
1416970 1800.4
1416980 1794.1
1416990 1786.3
1417000 1786.3
1417010 1779.8
1417020 1773.3
1417030 1773.3
1417040 1766.6
1417050 1760.6
1417060 1760.6
1417070 1755.3
1417080 1749.9
1417090 1749.9
1417100 1744.8
1417110 1739.3
1417120 1739.3
1417130 1734.1
1417140 1728.6
1417150 1728.6
1417160 1722.8
1417170 1718.0
1417180 1718.0
1417190 1714.0
1417200 1710.7
1417210 1707.0
1417220 1707.0
1417230 1703.3
1417240 1700.2
1417250 1700.2
1417260 1696.6
1417270 1693.7
1417280 1693.7
1417290 1691.5
1417300 1689.6
1417310 1689.6
1417320 1688.0
1417330 1687.7
1417340 1687.7
1417350 1687.1
1417360 1685.3
1417370 1685.3
1417380 1684.0
1417390 1679.9
1417400 1679.9
1417410 1675.5
1417420 1671.3
1417430 1671.3
1417440 1667.2
1417450 1663.2
1417460 1663.2
1417470 1660.8
1417480 1657.3
1417490 1657.3
1417500 1652.2
1417510 1646.2
1417520 1646.2
1417530 1642.0
1417540 1638.1
1417550 1633.6
1417560 1633.6
1417570 1627.4
1417580 1619.9
1417590 1619.9
1417600 1613.0
1417610 1607.5
1417620 1607.5
1417630 1603.7
1417640 1601.2
1417650 1601.3
1417660 1597.5
1417670 1594.4
1417680 1594.4
1417690 1593.1
1417700 1591.1
1417710 1591.1
1417720 1593.1
1417730 1595.4
1417740 1595.4
1417750 1598.8
1417760 1599.3
1417770 1599.3
1417780 1598.9
1417790 1597.7
1417800 1597.7
1417810 1594.9
1417820 1592.6
1417830 1592.6
1417840 1588.6
1417850 1584.1
1417860 1584.1
1417870 1577.8
1417880 1570.0
1417890 1566.1
1417900 1566.1
1417910 1563.4
1417920 1558.6
1417930 1558.6
1417940 1553.1
1417950 1550.4
1417960 1550.4
1417970 1548.9
1417980 1547.1
1417990 1547.1
1418000 1545.7
1418010 1545.3
1418020 1545.3
1418030 1544.6
1418040 1543.4
1418050 1543.4
1418060 1541.3
1418070 1537.4
1418080 1537.4
1418090 1536.6
1418100 1535.8
1418110 1535.8
1418120 1532.9
1418130 1529.5
1418140 1529.5
1418150 1522.2
1418160 1516.1
1418170 1516.1
1418180 1511.3
1418190 1509.5
1418200 1507.4
1418210 1507.4
1418220 1503.9
1418230 1499.8
1418240 1499.8
1418250 1494.0
1418260 1487.5
1418270 1487.5
1418280 1477.0
1418290 1469.1
1418300 1469.1
1418310 1464.2
1418320 1459.9
1418330 1459.9
1418340 1456.7
1418350 1453.7
1418360 1453.7
1418370 1450.4
1418380 1451.3
1418390 1451.3
1418400 1451.0
1418410 1446.7
1418420 1446.7
1418430 1441.9
1418440 1436.9
1418450 1436.9
1418460 1434.2
1418470 1433.5
1418480 1433.5
1418490 1432.4
1418500 1431.0
1418510 1431.0
1418520 1429.7
1418530 1430.2
1418540 1434.0
1418550 1434.0
1418560 1434.7
1418570 1431.8
1418580 1431.8
1418590 1425.9
1418600 1419.7
1418610 1419.7
1418620 1414.3
1418630 1410.9
1418640 1410.9
1418650 1410.3
1418660 1408.0
1418670 1408.0
1418680 1402.2
1418690 1395.2
1418700 1395.2
1418710 1389.2
1418720 1384.2
1418730 1384.2
1418740 1380.3
1418750 1378.1
1418760 1378.1
1418770 1375.3
1418780 1369.7
1418790 1369.7
1418800 1368.0
1418810 1366.0
1418820 1366.0
1418830 1365.9
1418840 1367.0
1418850 1367.0
1418860 1366.9
1418870 1364.7
1418880 1363.4
1418890 1363.4
1418900 1361.1
1418910 1356.7
1418920 1356.7
1418930 1351.2
1418940 1347.2
1418950 1347.2
1418960 1345.6
1418970 1344.7
1418980 1344.7
1418990 1343.2
1419000 1338.3
1419010 1338.3
1419020 1331.5
1419030 1326.3
1419040 1326.3
1419050 1322.5
1419060 1320.3
1419070 1320.3
1419080 1318.2
1419090 1315.1
1419100 1315.1
1419110 1312.7
1419120 1310.7
1419130 1310.7
1419140 1308.7
1419150 1303.4
1419160 1303.4
1419170 1300.5
1419180 1298.5
1419190 1298.5
1419200 1294.9
1419210 1285.9
1419220 1281.2
1419230 1281.2
1419240 1281.8
1419250 1282.0
1419260 1282.0
1419270 1280.8
1419280 1279.4
1419290 1279.4
1419300 1278.3
1419310 1278.0
1419320 1278.0
1419330 1279.3
1419340 1281.8
1419350 1281.8
1419360 1285.6
1419370 1289.7
1419380 1289.7
1419390 1294.2
1419400 1293.3
1419410 1293.3
1419420 1290.3
1419430 1287.8
1419440 1287.8
1419450 1283.0
1419460 1274.2
1419470 1274.2
1419480 1263.1
1419490 1249.9
1419500 1249.9
1419510 1236.6
1419520 1227.4
1419530 1227.4
1419540 1220.6
1419550 1214.3
1419560 1207.8
1419570 1207.8
1419580 1201.4
1419590 1196.7
1419600 1196.7
1419610 1190.6
1419620 1184.9
1419630 1184.9
1419640 1180.5
1419650 1177.3
1419660 1177.3
1419670 1172.6
1419680 1168.1
1419690 1168.1
1419700 1164.3
1419710 1159.8
1419720 1159.8
1419730 1157.5
1419740 1154.3
1419750 1154.3
1419760 1151.4
1419770 1149.5
1419780 1149.5
1419790 1148.5
1419800 1147.8
1419810 1147.8
1419820 1145.9
1419830 1144.8
1419840 1144.8
1419850 1143.8
1419860 1144.6
1419870 1144.6
1419880 1146.5
1419890 1151.5
1419900 1161.3
1419910 1161.3
1419920 1165.3
1419930 1168.5
1419940 1168.5
1419950 1169.5
1419960 1168.7
1419970 1168.7
1419980 1166.6
1419990 1162.7
