1400000 850.8
1400010 850.8
1400020 851.1
1400030 851.5
1400040 851.5
1400050 851.8
1400060 851.8
1400070 851.8
1400080 849.9
1400090 850.4
1400100 851.0
1400110 851.0
1400120 851.1
1400130 851.0
1400140 851.0
1400150 851.0
1400160 850.9
1400170 850.9
1400180 851.1
1400190 851.0
1400200 851.0
1400210 850.7
1400220 850.9
1400230 850.9
1400240 851.0
1400250 851.1
1400260 851.1
1400270 851.4
1400280 852.1
1400290 852.1
1400300 852.4
1400310 852.4
1400320 852.4
1400330 852.4
1400340 852.4
1400350 852.4
1400360 852.5
1400370 852.8
1400380 852.8
1400390 853.1
1400400 853.3
1400410 853.3
1400420 853.6
1400430 853.8
1400440 853.9
1400450 853.9
1400460 854.1
1400470 854.4
1400480 854.4
1400490 854.7
1400500 854.9
1400510 854.9
1400520 855.1
1400530 855.3
1400540 855.3
1400550 855.6
1400560 855.9
1400570 855.9
1400580 856.2
1400590 856.6
1400600 856.6
1400610 856.9
1400620 857.2
1400630 857.2
1400640 857.5
1400650 857.6
1400660 857.6
1400670 857.8
1400680 857.9
1400690 857.9
1400700 858.1
1400710 858.2
1400720 858.2
1400730 858.4
1400740 858.7
1400750 858.7
1400760 859.0
1400770 859.3
1400780 859.6
1400790 859.6
1400800 859.8
1400810 860.0
1400820 860.0
1400830 860.4
1400840 860.7
1400850 860.7
1400860 860.9
1400870 861.3
1400880 861.3
1400890 861.6
1400900 861.9
1400910 861.9
1400920 862.3
1400930 862.5
1400940 862.5
1400950 862.8
1400960 863.1
1400970 863.1
1400980 863.5
1400990 863.8
1401000 863.8
1401010 864.0
1401020 864.3
1401030 864.3
1401040 864.9
1401050 865.6
1401060 865.6
1401070 866.0
1401080 865.9
1401090 865.9
1401100 865.9
1401110 866.1
1401120 866.2
1401130 866.2
1401140 866.4
1401150 866.8
1401160 866.8
1401170 867.1
1401180 867.4
1401190 867.4
1401200 867.6
1401210 867.8
1401220 867.8
1401230 868.1
1401240 868.4
1401250 868.4
1401260 868.7
1401270 869.0
1401280 869.0
1401290 869.3
1401300 869.7
1401310 869.7
1401320 870.2
1401330 870.3
1401340 870.3
1401350 870.6
1401360 871.0
1401370 871.0
1401380 871.2
1401390 871.4
1401400 871.4
1401410 871.6
1401420 871.8
1401430 871.8
1401440 872.2
1401450 872.4
1401460 872.5
1401470 872.5
1401480 872.5
1401490 872.5
1401500 872.5
1401510 872.7
1401520 872.9
1401530 872.9
1401540 873.1
1401550 873.3
1401560 873.3
1401570 873.6
1401580 873.9
1401590 873.9
1401600 874.2
1401610 874.4
1401620 874.4
1401630 874.6
1401640 874.9
1401650 874.9
1401660 875.1
1401670 875.3
1401680 875.3
1401690 875.5
1401700 875.8
1401710 875.8
1401720 876.1
1401730 876.3
1401740 876.3
1401750 876.3
1401760 876.6
1401770 876.6
1401780 876.8
1401790 877.0
1401800 877.3
1401810 877.3
1401820 877.7
1401830 878.0
1401840 878.0
1401850 878.3
1401860 878.6
1401870 878.6
1401880 878.2
1401890 877.2
1401900 877.2
1401910 877.3
1401920 877.5
1401930 877.5
1401940 877.5
1401950 877.4
1401960 877.4
1401970 877.6
1401980 877.8
1401990 877.8
1402000 877.7
1402010 877.8
1402020 877.8
1402030 877.9
1402040 877.2
1402050 877.2
1402060 876.4
1402070 877.6
1402080 877.6
1402090 879.0
1402100 879.3
1402110 879.3
1402120 879.5
1402130 879.7
1402140 879.7
1402150 879.9
1402160 880.4
1402170 880.9
1402180 880.9
1402190 885.1
1402200 891.5
1402210 891.5
1402220 895.5
1402230 899.2
1402240 899.2
1402250 902.4
1402260 905.3
1402270 905.3
1402280 908.2
1402290 910.4
1402300 910.4
1402310 912.3
1402320 914.2
1402330 914.2
1402340 916.2
1402350 918.3
1402360 918.3
1402370 920.8
1402380 923.9
1402390 923.9
1402400 927.3
1402410 929.7
1402420 929.7
1402430 929.9
1402440 928.5
1402450 928.5
1402460 930.0
1402470 934.7
1402480 934.7
1402490 940.7
1402500 946.8
1402510 952.0
1402520 952.0
1402530 955.3
1402540 959.6
1402550 959.6
1402560 959.2
1402570 960.1
1402580 960.1
1402590 961.2
1402600 963.5
1402610 963.5
1402620 968.3
1402630 973.6
1402640 973.6
1402650 979.0
1402660 984.3
1402670 984.3
1402680 990.3
1402690 996.7
1402700 996.7
1402710 1003.2
1402720 1009.8
1402730 1009.8
1402740 1016.6
1402750 1022.8
1402760 1022.8
1402770 1027.6
1402780 1031.1
1402790 1031.1
1402800 1034.4
1402810 1037.9
1402820 1037.9
1402830 1041.5
1402840 1044.5
1402850 1046.2
1402860 1046.2
1402870 1046.3
1402880 1045.0
1402890 1045.0
1402900 1044.6
1402910 1044.6
1402920 1044.6
1402930 1046.2
1402940 1048.9
1402950 1048.9
1402960 1049.1
1402970 1048.1
1402980 1048.1
1402990 1046.7
1403000 1045.5
1403010 1045.5
1403020 1045.5
1403030 1044.6
1403040 1044.6
1403050 1042.5
1403060 1039.6
1403070 1039.6
1403080 1036.4
1403090 1033.5
1403100 1033.5
1403110 1030.9
1403120 1027.9
1403130 1027.9
1403140 1025.1
1403150 1021.8
1403160 1021.8
1403170 1018.1
1403180 1013.5
1403190 1008.6
1403200 1008.6
1403210 1004.5
1403220 1001.3
1403230 1001.3
1403240 997.7
1403250 993.5
1403260 993.5
1403270 988.9
1403280 984.3
1403290 984.3
1403300 980.3
1403310 976.7
1403320 976.7
1403330 973.2
1403340 968.8
1403350 968.8
1403360 961.6
1403370 950.8
1403380 950.8
1403390 946.8
1403400 946.6
1403410 946.6
1403420 943.5
1403430 945.5
1403440 945.5
1403450 943.9
1403460 939.9
1403470 939.9
1403480 936.1
1403490 933.7
1403500 933.7
1403510 930.8
1403520 928.0
1403530 923.9
1403540 923.9
1403550 917.6
1403560 911.5
1403570 911.5
1403580 910.9
1403590 910.8
1403600 910.8
1403610 911.5
1403620 912.3
1403630 912.3
1403640 917.9
1403650 923.2
1403660 923.2
1403670 927.2
1403680 931.5
1403690 931.5
1403700 935.9
1403710 940.5
1403720 940.5
1403730 945.3
1403740 950.2
1403750 950.2
1403760 955.0
1403770 959.3
1403780 959.3
1403790 963.5
1403800 967.3
1403810 967.3
1403820 972.9
1403830 979.0
1403840 979.0
1403850 984.1
1403860 989.0
1403870 994.0
1403880 994.0
1403890 998.9
1403900 1003.9
1403910 1003.9
1403920 1009.7
1403930 1016.2
1403940 1016.2
1403950 1023.5
1403960 1031.2
1403970 1031.2
1403980 1039.5
1403990 1049.7
1404000 1049.7
1404010 1058.8
1404020 1066.4
1404030 1066.4
1404040 1074.5
1404050 1082.5
1404060 1082.5
1404070 1089.7
1404080 1096.9
1404090 1096.9
1404100 1104.6
1404110 1105.2
1404120 1105.2
1404130 1110.9
1404140 1117.5
1404150 1117.5
1404160 1124.5
1404170 1131.6
1404180 1131.6
1404190 1139.1
1404200 1146.7
1404210 1154.5
1404220 1154.5
1404230 1162.6
1404240 1170.3
1404250 1170.3
1404260 1177.0
1404270 1184.0
1404280 1184.0
1404290 1191.1
1404300 1198.3
1404310 1198.3
1404320 1205.6
1404330 1212.6
1404340 1212.6
1404350 1219.7
1404360 1226.6
1404370 1226.6
1404380 1234.1
1404390 1242.5
1404400 1242.5
1404410 1249.2
1404420 1253.7
1404430 1253.7
1404440 1257.5
1404450 1260.2
1404460 1260.2
1404470 1259.6
1404480 1259.5
1404490 1259.5
1404500 1260.5
1404510 1261.9
1404520 1261.9
1404530 1262.7
1404540 1262.1
1404550 1259.0
1404560 1259.0
1404570 1254.5
1404580 1249.5
1404590 1249.5
1404600 1244.7
1404610 1240.3
1404620 1240.3
1404630 1236.1
1404640 1232.4
1404650 1232.4
1404660 1228.6
1404670 1224.2
1404680 1224.2
1404690 1219.9
1404700 1216.0
1404710 1216.0
1404720 1211.6
1404730 1206.4
1404740 1206.4
1404750 1201.4
1404760 1196.8
1404770 1196.8
1404780 1192.4
1404790 1187.5
1404800 1187.5
1404810 1182.2
1404820 1175.9
1404830 1175.9
1404840 1169.2
1404850 1163.2
1404860 1163.2
1404870 1157.1
1404880 1151.4
1404890 1151.4
1404900 1146.3
1404910 1141.4
1404920 1135.2
1404930 1135.2
1404940 1127.7
1404950 1120.3
1404960 1120.3
1404970 1113.0
1404980 1105.7
1404990 1105.7
1405000 1099.0
1405010 1092.4
1405020 1092.4
1405030 1085.1
1405040 1080.8
1405050 1080.8
1405060 1080.7
1405070 1085.2
1405080 1085.2
1405090 1090.8
1405100 1097.3
1405110 1097.3
1405120 1103.1
1405130 1107.8
1405140 1107.8
1405150 1113.2
1405160 1119.8
1405170 1119.8
1405180 1127.1
1405190 1131.3
1405200 1131.3
1405210 1134.1
1405220 1137.8
1405230 1137.8
1405240 1140.7
1405250 1143.7
1405260 1147.7
1405270 1147.7
1405280 1151.6
1405290 1155.1
1405300 1155.1
1405310 1158.4
1405320 1161.4
1405330 1161.4
1405340 1163.7
1405350 1165.2
1405360 1165.2
1405370 1166.2
1405380 1166.5
1405390 1166.5
1405400 1165.9
1405410 1165.0
1405420 1165.0
1405430 1165.6
1405440 1167.6
1405450 1167.6
1405460 1170.4
1405470 1171.8
1405480 1171.8
1405490 1169.8
1405500 1165.5
1405510 1165.5
1405520 1161.2
1405530 1156.1
1405540 1156.1
1405550 1150.1
1405560 1144.1
1405570 1144.1
1405580 1137.9
1405590 1131.8
1405600 1125.6
1405610 1125.6
1405620 1119.3
1405630 1112.5
1405640 1112.5
1405650 1104.3
1405660 1095.2
1405670 1095.2
1405680 1086.0
1405690 1076.6
1405700 1076.6
1405710 1071.0
1405720 1064.5
1405730 1064.5
1405740 1057.9
1405750 1051.9
1405760 1051.9
1405770 1049.1
1405780 1052.2
1405790 1052.2
1405800 1056.0
1405810 1061.9
1405820 1061.9
1405830 1068.4
1405840 1073.5
1405850 1073.5
1405860 1074.7
1405870 1081.1
1405880 1081.1
1405890 1089.0
1405900 1096.7
1405910 1096.7
1405920 1102.0
1405930 1102.8
1405940 1100.2
1405950 1100.2
1405960 1097.9
1405970 1095.8
1405980 1095.8
1405990 1096.9
1406000 1096.6
1406010 1096.6
1406020 1093.1
1406030 1088.4
1406040 1088.4
1406050 1088.4
1406060 1094.1
1406070 1094.1
1406080 1092.2
1406090 1088.7
1406100 1088.7
1406110 1084.6
1406120 1082.4
1406130 1082.4
1406140 1076.8
1406150 1073.8
1406160 1073.8
1406170 1076.9
1406180 1078.4
1406190 1078.4
1406200 1079.8
1406210 1080.8
1406220 1080.8
1406230 1082.5
1406240 1084.6
1406250 1084.6
1406260 1087.0
1406270 1088.4
1406280 1089.4
1406290 1089.4
1406300 1094.7
1406310 1097.3
1406320 1097.3
1406330 1101.4
1406340 1107.8
1406350 1107.8
1406360 1114.8
1406370 1119.6
1406380 1119.6
1406390 1126.5
1406400 1131.5
1406410 1131.5
1406420 1136.0
1406430 1142.1
1406440 1142.1
1406450 1143.5
1406460 1138.7
1406470 1138.7
1406480 1139.7
1406490 1144.0
1406500 1144.0
1406510 1145.4
1406520 1150.4
1406530 1150.4
1406540 1156.4
1406550 1163.1
1406560 1163.1
1406570 1170.8
1406580 1179.2
1406590 1179.2
1406600 1187.7
1406610 1194.6
1406620 1200.4
1406630 1200.4
1406640 1204.8
1406650 1206.6
1406660 1206.6
1406670 1207.7
1406680 1214.0
1406690 1214.0
1406700 1221.0
1406710 1228.6
1406720 1228.6
1406730 1244.9
1406740 1253.2
1406750 1253.2
1406760 1257.3
1406770 1260.5
1406780 1260.5
1406790 1264.0
1406800 1271.6
1406810 1271.6
1406820 1273.4
1406830 1274.9
1406840 1274.9
1406850 1277.6
1406860 1278.0
1406870 1278.0
1406880 1277.2
1406890 1279.2
1406900 1279.2
1406910 1282.1
1406920 1284.9
1406930 1284.9
1406940 1287.8
1406950 1290.2
1406960 1294.2
1406970 1294.2
1406980 1300.6
1406990 1305.6
1407000 1305.6
1407010 1306.3
1407020 1305.6
1407030 1305.6
1407040 1301.4
1407050 1306.7
1407060 1306.7
1407070 1307.5
1407080 1310.2
1407090 1310.2
1407100 1316.7
1407110 1319.3
1407120 1319.3
1407130 1321.9
1407140 1322.9
1407150 1322.9
1407160 1319.4
1407170 1313.6
1407180 1313.6
1407190 1308.9
1407200 1309.8
1407210 1309.8
1407220 1318.5
1407230 1329.5
1407240 1329.5
1407250 1333.0
1407260 1333.8
1407270 1333.8
1407280 1334.9
1407290 1336.9
1407300 1339.2
1407310 1339.2
1407320 1342.3
1407330 1345.6
1407340 1345.6
1407350 1355.8
1407360 1357.8
1407370 1357.8
1407380 1359.9
1407390 1362.9
1407400 1362.9
1407410 1365.2
1407420 1368.9
1407430 1368.9
1407440 1374.3
1407450 1380.0
1407460 1380.0
1407470 1385.4
1407480 1390.9
1407490 1390.9
1407500 1396.1
1407510 1401.6
1407520 1401.6
1407530 1407.2
1407540 1413.4
1407550 1413.4
1407560 1420.2
1407570 1427.2
1407580 1427.2
1407590 1433.9
1407600 1439.6
1407610 1439.6
1407620 1445.0
1407630 1450.9
1407640 1458.4
1407650 1458.4
1407660 1466.6
1407670 1474.7
1407680 1474.7
1407690 1482.6
1407700 1489.8
1407710 1489.8
1407720 1496.3
1407730 1500.7
1407740 1500.7
1407750 1506.5
1407760 1513.6
1407770 1513.6
1407780 1516.8
1407790 1516.4
1407800 1516.4
1407810 1514.5
1407820 1510.6
1407830 1510.6
1407840 1506.3
1407850 1502.9
1407860 1502.9
1407870 1499.2
1407880 1495.8
1407890 1495.8
1407900 1493.1
1407910 1491.2
1407920 1491.2
1407930 1489.0
1407940 1486.7
1407950 1486.7
1407960 1483.9
1407970 1480.8
1407980 1480.8
1407990 1478.6
1408000 1476.9
1408010 1475.3
1408020 1475.3
1408030 1473.3
1408040 1471.0
1408050 1471.0
1408060 1469.0
1408070 1466.9
1408080 1466.9
1408090 1464.0
1408100 1462.0
1408110 1462.0
1408120 1459.1
1408130 1456.3
1408140 1456.3
1408150 1452.6
1408160 1448.6
1408170 1448.6
1408180 1444.4
1408190 1439.4
1408200 1439.4
1408210 1435.0
1408220 1435.4
1408230 1435.4
1408240 1435.0
1408250 1431.2
1408260 1431.2
1408270 1426.9
1408280 1422.9
1408290 1422.9
1408300 1418.8
1408310 1414.4
1408320 1414.4
1408330 1412.0
1408340 1410.1
1408350 1405.2
1408360 1405.2
1408370 1398.2
1408380 1391.7
1408390 1391.7
1408400 1385.9
1408410 1382.7
1408420 1382.7
1408430 1381.6
1408440 1379.1
1408450 1379.1
1408460 1385.7
1408470 1394.6
1408480 1394.6
1408490 1402.9
1408500 1410.5
1408510 1410.5
1408520 1416.8
1408530 1422.9
1408540 1422.9
1408550 1429.5
1408560 1436.1
1408570 1436.1
1408580 1442.9
1408590 1450.2
1408600 1450.2
1408610 1458.0
1408620 1465.0
1408630 1465.0
1408640 1472.8
1408650 1483.2
1408660 1483.2
1408670 1490.3
1408680 1494.5
1408690 1499.8
1408700 1499.8
1408710 1506.8
1408720 1513.1
1408730 1513.1
1408740 1520.6
1408750 1530.2
1408760 1530.2
1408770 1537.5
1408780 1544.0
1408790 1544.0
1408800 1547.7
1408810 1549.6
1408820 1549.6
1408830 1548.9
1408840 1547.6
1408850 1547.6
1408860 1545.7
1408870 1546.0
1408880 1546.0
1408890 1549.9
1408900 1552.6
1408910 1552.6
1408920 1549.9
1408930 1546.0
1408940 1546.0
1408950 1541.5
1408960 1535.6
1408970 1535.6
1408980 1533.5
1408990 1534.0
1409000 1534.0
1409010 1536.7
1409020 1539.1
1409030 1539.1
1409040 1539.1
1409050 1544.2
1409060 1549.1
1409070 1549.1
1409080 1554.0
1409090 1556.7
1409100 1556.7
1409110 1558.9
1409120 1561.2
1409130 1561.2
1409140 1563.1
1409150 1563.6
1409160 1563.6
1409170 1563.5
1409180 1563.9
1409190 1563.9
1409200 1562.3
1409210 1558.4
1409220 1558.4
1409230 1553.2
1409240 1547.7
1409250 1547.7
1409260 1543.9
1409270 1540.6
1409280 1540.6
1409290 1535.8
1409300 1533.1
1409310 1533.1
1409320 1529.2
1409330 1525.7
1409340 1525.7
1409350 1521.6
1409360 1519.9
1409370 1517.7
1409380 1517.7
1409390 1514.2
1409400 1509.0
1409410 1509.0
1409420 1503.0
1409430 1496.9
1409440 1496.9
1409450 1490.2
1409460 1484.7
1409470 1484.7
1409480 1481.6
1409490 1479.0
1409500 1479.0
1409510 1472.9
1409520 1466.6
1409530 1466.6
1409540 1460.2
1409550 1454.7
1409560 1454.7
1409570 1448.7
1409580 1442.5
1409590 1442.5
1409600 1436.3
1409610 1430.2
1409620 1430.2
1409630 1424.9
1409640 1419.6
1409650 1419.6
1409660 1414.0
1409670 1408.2
1409680 1408.2
1409690 1402.8
1409700 1394.3
1409710 1386.6
1409720 1386.6
1409730 1380.4
1409740 1389.4
1409750 1389.4
1409760 1397.3
1409770 1401.2
1409780 1401.2
1409790 1407.5
1409800 1406.5
1409810 1406.5
1409820 1407.5
1409830 1408.2
1409840 1408.2
1409850 1407.6
1409860 1404.9
1409870 1404.9
1409880 1409.4
1409890 1415.1
1409900 1415.1
1409910 1418.1
1409920 1420.8
1409930 1420.8
1409940 1423.0
1409950 1424.9
1409960 1424.9
1409970 1427.8
1409980 1430.8
1409990 1430.8
1410000 1436.1
1410010 1442.5
1410020 1442.5
1410030 1448.1
1410040 1454.2
1410050 1462.5
1410060 1462.5
1410070 1473.6
1410080 1495.0
1410090 1495.0
1410100 1508.5
1410110 1511.6
1410120 1511.6
1410130 1509.5
1410140 1513.4
1410150 1513.4
1410160 1516.8
1410170 1517.1
1410180 1517.1
1410190 1522.5
1410200 1531.1
1410210 1531.1
1410220 1536.3
1410230 1539.8
1410240 1539.8
1410250 1546.1
1410260 1548.3
1410270 1548.3
1410280 1549.0
1410290 1546.6
1410300 1546.6
1410310 1546.4
1410320 1546.7
1410330 1546.7
1410340 1551.8
1410350 1551.6
1410360 1551.6
1410370 1552.0
1410380 1561.0
1410390 1564.8
1410400 1564.8
1410410 1565.5
1410420 1567.1
1410430 1567.1
1410440 1569.2
1410450 1568.1
1410460 1568.1
1410470 1564.5
1410480 1561.1
1410490 1561.1
1410500 1558.8
1410510 1553.9
1410520 1553.9
1410530 1546.9
1410540 1538.4
1410550 1538.4
1410560 1532.1
1410570 1527.9
1410580 1527.9
1410590 1524.0
1410600 1522.8
1410610 1522.8
1410620 1520.5
1410630 1515.4
1410640 1515.4
1410650 1512.1
1410660 1514.2
1410670 1514.2
1410680 1512.1
1410690 1499.3
1410700 1499.3
1410710 1492.9
1410720 1502.5
1410730 1508.6
1410740 1508.6
1410750 1518.2
1410760 1513.3
1410770 1513.3
1410780 1508.4
1410790 1499.9
1410800 1499.9
1410810 1491.4
1410820 1483.5
1410830 1483.5
1410840 1469.2
1410850 1461.7
1410860 1461.7
1410870 1455.7
1410880 1452.4
1410890 1452.4
1410900 1449.5
1410910 1441.5
1410920 1441.5
1410930 1435.3
1410940 1430.0
1410950 1430.0
1410960 1425.2
1410970 1421.7
1410980 1421.7
1410990 1418.2
1411000 1415.2
1411010 1415.2
1411020 1410.9
1411030 1407.9
1411040 1407.9
1411050 1406.3
1411060 1405.6
1411070 1405.6
1411080 1404.6
1411090 1402.2
1411100 1399.2
1411110 1399.2
1411120 1395.3
1411130 1390.8
1411140 1390.8
1411150 1389.3
1411160 1388.1
1411170 1388.1
1411180 1386.3
1411190 1384.4
1411200 1384.4
1411210 1383.8
1411220 1383.9
1411230 1383.9
1411240 1382.3
1411250 1383.4
1411260 1383.4
1411270 1378.5
1411280 1380.6
1411290 1380.6
1411300 1382.9
1411310 1385.9
1411320 1385.9
1411330 1384.8
1411340 1383.5
1411350 1383.5
1411360 1382.3
1411370 1380.9
1411380 1380.9
1411390 1379.9
1411400 1378.0
1411410 1378.0
1411420 1376.1
1411430 1371.8
1411440 1367.2
1411450 1367.2
1411460 1359.8
1411470 1352.9
1411480 1352.9
1411490 1345.4
1411500 1341.1
1411510 1341.1
1411520 1341.3
1411530 1342.3
1411540 1342.3
1411550 1342.8
1411560 1341.9
1411570 1341.9
1411580 1340.0
1411590 1337.7
1411600 1337.7
1411610 1333.9
1411620 1327.6
1411630 1327.6
1411640 1320.6
1411650 1314.8
1411660 1314.8
1411670 1309.1
1411680 1304.1
1411690 1304.1
1411700 1298.2
1411710 1293.1
1411720 1293.1
1411730 1288.5
1411740 1284.6
1411750 1284.6
1411760 1280.4
1411770 1276.5
1411780 1274.0
1411790 1274.0
1411800 1272.4
1411810 1268.7
1411820 1268.7
1411830 1267.9
1411840 1264.9
1411850 1264.9
1411860 1258.7
1411870 1257.0
1411880 1257.0
1411890 1259.3
1411900 1263.0
1411910 1263.0
1411920 1265.1
1411930 1267.1
1411940 1267.1
1411950 1267.5
1411960 1266.2
1411970 1266.2
1411980 1265.3
1411990 1263.3
1412000 1263.3
1412010 1257.3
1412020 1250.8
1412030 1250.8
1412040 1249.3
1412050 1239.4
1412060 1239.4
1412070 1226.5
1412080 1224.1
1412090 1224.1
1412100 1226.7
1412110 1221.7
1412120 1212.2
1412130 1212.2
1412140 1198.7
1412150 1177.1
1412160 1177.1
1412170 1157.8
1412180 1149.2
1412190 1149.2
1412200 1140.3
1412210 1131.9
1412220 1131.9
1412230 1124.2
1412240 1116.4
1412250 1116.4
1412260 1109.4
1412270 1103.5
1412280 1103.5
1412290 1098.4
1412300 1094.4
1412310 1094.4
1412320 1093.3
1412330 1090.6
1412340 1090.6
1412350 1087.9
1412360 1084.5
1412370 1084.5
1412380 1079.0
1412390 1075.4
1412400 1075.4
1412410 1071.2
1412420 1066.4
1412430 1066.4
1412440 1061.4
1412450 1056.1
1412460 1049.3
1412470 1049.3
1412480 1042.3
1412490 1029.3
1412500 1029.3
1412510 1013.4
1412520 996.2
1412530 996.2
1412540 988.1
1412550 976.6
1412560 976.6
1412570 965.2
1412580 962.6
1412590 962.6
1412600 976.2
1412610 976.7
1412620 976.7
1412630 968.8
1412640 956.9
1412650 956.9
1412660 941.3
1412670 934.8
1412680 934.8
1412690 929.9
1412700 929.1
1412710 929.1
1412720 920.1
1412730 913.3
1412740 913.3
1412750 902.5
1412760 892.3
1412770 892.3
1412780 884.4
1412790 876.6
1412800 870.2
1412810 870.2
1412820 866.1
1412830 861.4
1412840 861.4
1412850 852.3
1412860 844.4
1412870 844.4
1412880 836.6
1412890 829.4
1412900 829.4
1412910 824.0
1412920 826.2
1412930 826.2
1412940 831.2
1412950 832.8
1412960 832.8
1412970 839.3
1412980 846.4
1412990 846.4
1413000 852.6
1413010 857.7
1413020 857.7
1413030 864.6
1413040 865.1
1413050 865.1
1413060 865.4
1413070 865.9
1413080 865.9
1413090 866.4
1413100 866.3
1413110 866.3
1413120 866.1
1413130 867.6
1413140 873.2
1413150 873.2
1413160 880.6
1413170 888.4
1413180 888.4
1413190 897.1
1413200 907.5
1413210 907.5
1413220 917.6
1413230 923.6
1413240 923.6
1413250 926.1
1413260 922.1
1413270 922.1
1413280 909.0
1413290 896.4
1413300 896.4
1413310 890.7
1413320 885.7
1413330 885.7
1413340 880.5
1413350 874.6
1413360 874.6
1413370 869.2
1413380 863.3
1413390 863.3
1413400 856.1
1413410 849.3
1413420 849.3
1413430 843.0
1413440 836.6
1413450 836.6
1413460 829.9
1413470 823.4
1413480 817.9
1413490 817.9
1413500 812.1
1413510 807.9
1413520 807.9
1413530 804.3
1413540 799.8
1413550 799.8
1413560 795.5
1413570 791.1
1413580 791.1
1413590 785.3
1413600 778.4
1413610 778.4
1413620 777.1
1413630 776.9
1413640 776.9
1413650 779.1
1413660 782.0
1413670 782.0
1413680 784.1
1413690 787.7
1413700 787.7
1413710 791.3
1413720 797.5
1413730 797.5
1413740 804.3
1413750 809.9
1413760 809.9
1413770 814.9
1413780 822.3
1413790 822.3
1413800 830.1
1413810 837.9
1413820 845.7
1413830 845.7
1413840 852.5
1413850 859.7
1413860 859.7
1413870 864.1
1413880 864.5
1413890 864.5
1413900 864.8
1413910 865.2
1413920 865.2
1413930 865.1
1413940 865.2
1413950 865.2
1413960 866.5
1413970 868.4
1413980 868.4
1413990 870.0
1414000 871.3
1414010 871.3
1414020 872.2
1414030 873.6
1414040 873.6
1414050 876.1
1414060 880.5
1414070 880.5
1414080 883.3
1414090 885.3
1414100 885.3
1414110 888.6
1414120 893.0
1414130 893.0
1414140 898.0
1414150 903.0
1414160 903.0
1414170 907.6
1414180 908.6
1414190 911.7
1414200 911.7
1414210 914.4
1414220 916.4
1414230 916.4
1414240 923.5
1414250 930.7
1414260 930.7
1414270 935.7
1414280 941.7
1414290 941.7
1414300 952.2
1414310 957.7
1414320 957.7
1414330 963.5
1414340 969.9
1414350 969.9
1414360 977.5
1414370 983.8
1414380 983.8
1414390 991.8
1414400 1000.9
1414410 1000.9
1414420 1010.5
1414430 1019.0
1414440 1019.0
1414450 1026.0
1414460 1033.7
1414470 1033.7
1414480 1042.0
1414490 1050.4
1414500 1050.4
1414510 1057.7
1414520 1063.8
1414530 1068.5
1414540 1068.5
1414550 1071.2
1414560 1071.2
1414570 1071.2
1414580 1065.6
1414590 1061.5
1414600 1061.5
1414610 1057.9
1414620 1054.2
1414630 1054.2
1414640 1055.0
1414650 1053.8
1414660 1053.8
1414670 1046.4
1414680 1038.4
1414690 1038.4
1414700 1031.6
1414710 1026.0
1414720 1026.0
1414730 1022.6
1414740 1017.8
1414750 1017.8
1414760 1012.2
1414770 1006.6
1414780 1006.6
1414790 1001.4
1414800 999.5
1414810 999.5
1414820 999.4
1414830 996.7
1414840 996.7
1414850 988.6
1414860 981.1
1414870 973.0
1414880 973.0
1414890 965.2
1414900 960.5
1414910 960.5
1414920 958.2
1414930 953.4
1414940 953.4
1414950 958.2
1414960 965.0
1414970 965.0
1414980 972.0
1414990 980.0
1415000 980.0
1415010 988.2
1415020 991.0
1415030 991.0
1415040 997.9
1415050 1005.8
1415060 1005.8
1415070 1011.3
1415080 1016.4
1415090 1016.4
1415100 1020.5
1415110 1024.8
1415120 1024.8
1415130 1029.4
1415140 1034.1
1415150 1034.1
1415160 1039.3
1415170 1043.6
1415180 1043.6
1415190 1049.2
1415200 1055.2
1415210 1061.6
1415220 1061.6
1415230 1068.9
1415240 1075.4
1415250 1075.4
1415260 1080.9
1415270 1086.1
1415280 1086.1
1415290 1090.2
1415300 1094.0
1415310 1094.0
1415320 1097.8
1415330 1098.9
1415340 1098.9
1415350 1099.6
1415360 1103.0
1415370 1103.0
1415380 1106.7
1415390 1109.6
1415400 1109.6
1415410 1112.9
1415420 1117.5
1415430 1117.5
1415440 1123.6
1415450 1129.4
1415460 1129.4
1415470 1135.0
1415480 1136.2
1415490 1136.2
1415500 1132.4
1415510 1126.8
1415520 1126.8
1415530 1122.3
1415540 1118.1
1415550 1117.3
1415560 1117.3
1415570 1121.2
1415580 1124.5
1415590 1124.5
1415600 1129.7
1415610 1134.9
1415620 1134.9
1415630 1139.8
1415640 1143.6
1415650 1143.6
1415660 1143.8
1415670 1145.1
1415680 1145.1
1415690 1144.9
1415700 1145.1
1415710 1145.1
1415720 1152.8
1415730 1159.0
1415740 1159.0
1415750 1165.2
1415760 1172.5
1415770 1172.5
1415780 1178.3
1415790 1183.5
1415800 1183.5
1415810 1189.8
1415820 1195.9
1415830 1195.9
1415840 1201.6
1415850 1205.1
1415860 1205.1
1415870 1208.8
1415880 1218.2
1415890 1225.6
1415900 1225.6
1415910 1232.7
1415920 1241.6
1415930 1241.6
1415940 1251.8
1415950 1259.9
1415960 1259.9
1415970 1269.3
1415980 1282.9
1415990 1282.9
1416000 1289.3
1416010 1296.9
1416020 1296.9
1416030 1306.6
1416040 1312.6
1416050 1312.6
1416060 1302.8
1416070 1300.8
1416080 1300.8
1416090 1300.7
1416100 1305.6
1416110 1305.6
1416120 1315.0
1416130 1325.4
1416140 1325.4
1416150 1335.5
1416160 1346.8
1416170 1346.8
1416180 1362.2
1416190 1371.7
1416200 1371.7
1416210 1388.3
1416220 1408.5
1416230 1425.0
1416240 1425.0
1416250 1434.7
1416260 1451.7
1416270 1451.7
1416280 1462.4
1416290 1452.1
1416300 1452.1
1416310 1467.6
1416320 1486.4
1416330 1486.4
1416340 1522.7
1416350 1553.6
1416360 1553.6
1416370 1568.3
1416380 1582.7
1416390 1582.7
1416400 1606.2
1416410 1614.0
1416420 1614.0
1416430 1622.0
1416440 1637.1
1416450 1637.1
1416460 1654.2
1416470 1683.6
1416480 1683.6
1416490 1694.3
1416500 1695.2
1416510 1695.2
1416520 1697.4
1416530 1696.7
1416540 1696.7
1416550 1692.2
1416560 1691.0
1416570 1696.1
1416580 1696.1
1416590 1702.6
1416600 1708.9
1416610 1708.9
1416620 1716.0
1416630 1724.5
1416640 1724.5
1416650 1749.7
1416660 1765.2
1416670 1765.2
1416680 1770.9
1416690 1775.8
1416700 1775.8
1416710 1784.8
1416720 1794.6
1416730 1794.6
1416740 1820.8
1416750 1839.2
1416760 1839.2
1416770 1847.5
1416780 1842.1
1416790 1842.1
1416800 1827.4
1416810 1814.2
1416820 1814.2
1416830 1803.9
1416840 1801.8
1416850 1801.8
1416860 1803.0
1416870 1797.5
1416880 1797.5
1416890 1795.0
1416900 1802.6
1416910 1813.2
1416920 1813.2
1416930 1820.2
1416940 1826.3
1416950 1826.3
1416960 1818.3
1416970 1810.8
1416980 1810.8
1416990 1803.6
1417000 1794.3
1417010 1794.3
1417020 1781.7
1417030 1772.7
1417040 1772.7
1417050 1766.1
1417060 1760.7
1417070 1760.7
1417080 1751.9
1417090 1739.0
1417100 1739.0
1417110 1726.4
1417120 1719.5
1417130 1719.5
1417140 1712.8
1417150 1703.5
1417160 1703.5
1417170 1696.1
1417180 1689.9
1417190 1689.9
1417200 1683.1
1417210 1674.0
1417220 1674.0
1417230 1666.2
1417240 1655.2
1417250 1655.2
1417260 1648.8
1417270 1644.6
1417280 1638.7
1417290 1638.7
1417300 1628.2
1417310 1617.7
1417320 1617.7
1417330 1609.0
1417340 1600.0
1417350 1600.0
1417360 1589.2
1417370 1586.1
1417380 1586.1
1417390 1582.4
1417400 1576.9
1417410 1576.9
1417420 1567.0
1417430 1555.4
1417440 1555.4
1417450 1546.7
1417460 1536.7
1417470 1536.7
1417480 1524.6
1417490 1515.0
1417500 1515.0
1417510 1507.3
1417520 1500.0
1417530 1500.0
1417540 1493.4
1417550 1487.4
1417560 1487.4
1417570 1485.1
1417580 1480.2
1417590 1480.2
1417600 1474.3
1417610 1465.6
1417620 1455.8
1417630 1455.8
1417640 1451.0
1417650 1447.5
1417660 1447.5
1417670 1443.5
1417680 1439.3
1417690 1439.3
1417700 1434.8
1417710 1431.1
1417720 1431.1
1417730 1427.7
1417740 1423.2
1417750 1423.2
1417760 1418.7
1417770 1415.9
1417780 1415.9
1417790 1412.9
1417800 1409.9
1417810 1409.9
1417820 1407.0
1417830 1402.8
1417840 1402.8
1417850 1399.0
1417860 1394.9
1417870 1394.9
1417880 1390.1
1417890 1385.8
1417900 1385.8
1417910 1380.7
1417920 1375.9
1417930 1375.9
1417940 1372.9
1417950 1370.4
1417960 1367.0
1417970 1367.0
1417980 1364.5
1417990 1362.6
1418000 1362.6
1418010 1360.1
1418020 1357.9
1418030 1357.9
1418040 1357.4
1418050 1364.1
1418060 1364.1
1418070 1364.0
1418080 1363.8
1418090 1363.8
1418100 1363.7
1418110 1363.7
1418120 1363.7
1418130 1364.2
1418140 1365.2
1418150 1365.2
1418160 1366.3
1418170 1363.6
1418180 1363.6
1418190 1360.0
1418200 1356.6
1418210 1356.6
1418220 1349.3
1418230 1341.9
1418240 1341.9
1418250 1338.1
1418260 1334.4
1418270 1334.4
1418280 1322.8
1418290 1306.6
1418300 1274.0
1418310 1274.0
1418320 1252.9
1418330 1247.7
1418340 1247.7
1418350 1243.5
1418360 1238.4
1418370 1238.4
1418380 1234.1
1418390 1231.1
1418400 1231.1
1418410 1229.1
1418420 1227.3
1418430 1227.3
1418440 1224.1
1418450 1217.4
1418460 1217.4
1418470 1214.4
1418480 1210.7
1418490 1210.7
1418500 1206.6
1418510 1201.1
1418520 1201.1
1418530 1194.4
1418540 1189.4
1418550 1189.4
1418560 1185.0
1418570 1180.0
1418580 1180.0
1418590 1174.3
1418600 1170.3
1418610 1170.3
1418620 1163.2
1418630 1145.4
1418640 1133.8
1418650 1133.8
1418660 1125.9
1418670 1118.5
1418680 1118.5
1418690 1114.3
1418700 1110.8
1418710 1110.8
1418720 1109.2
1418730 1109.5
1418740 1109.5
1418750 1112.4
1418760 1115.7
1418770 1115.7
1418780 1117.8
1418790 1116.6
1418800 1116.6
1418810 1113.9
1418820 1110.6
1418830 1110.6
1418840 1108.4
1418850 1109.6
1418860 1109.6
1418870 1108.9
1418880 1105.0
1418890 1105.0
1418900 1100.9
1418910 1098.5
1418920 1098.5
1418930 1097.8
1418940 1094.5
1418950 1094.5
1418960 1090.6
1418970 1087.1
1418980 1083.7
1418990 1083.7
1419000 1084.0
1419010 1086.4
1419020 1086.4
1419030 1088.6
1419040 1088.2
1419050 1088.2
1419060 1083.2
1419070 1077.7
1419080 1077.7
1419090 1071.3
1419100 1066.6
1419110 1066.6
1419120 1062.1
1419130 1054.6
1419140 1054.6
1419150 1045.8
1419160 1040.1
1419170 1040.1
1419180 1035.4
1419190 1030.9
1419200 1030.9
1419210 1028.5
1419220 1026.7
1419230 1026.7
1419240 1024.5
1419250 1022.2
1419260 1022.2
1419270 1020.4
1419280 1018.7
1419290 1018.7
1419300 1016.8
1419310 1010.7
1419320 1004.6
1419330 1004.6
1419340 1000.9
1419350 993.0
1419360 993.0
1419370 979.9
1419380 970.6
1419390 970.6
1419400 965.2
1419410 958.5
1419420 958.5
1419430 950.5
1419440 945.0
1419450 945.0
1419460 939.7
1419470 933.8
1419480 933.8
1419490 926.0
1419500 915.1
1419510 915.1
1419520 899.5
1419530 885.9
1419540 885.9
1419550 880.1
1419560 875.3
1419570 875.3
1419580 868.4
1419590 857.8
1419600 857.8
1419610 844.4
1419620 834.2
1419630 834.2
1419640 818.9
1419650 800.7
1419660 778.6
1419670 778.6
1419680 766.7
1419690 758.1
1419700 758.1
1419710 746.8
1419720 735.0
1419730 735.0
1419740 724.3
1419750 715.3
1419760 715.3
1419770 706.6
1419780 699.0
1419790 699.0
1419800 687.7
1419810 676.4
1419820 676.4
1419830 669.3
1419840 665.1
1419850 665.1
1419860 664.4
1419870 664.7
1419880 664.7
1419890 664.6
1419900 664.1
1419910 664.1
1419920 663.0
1419930 663.0
1419940 663.0
1419950 663.8
1419960 664.6
1419970 664.6
1419980 664.6
1419990 664.2
