1400000 850.3
1400010 849.9
1400020 849.9
1400030 849.9
1400040 850.0
1400050 850.0
1400060 849.9
1400070 849.7
1400080 849.7
1400090 849.5
1400100 848.8
1400110 848.8
1400120 847.7
1400130 849.0
1400140 849.0
1400150 850.1
1400160 850.4
1400170 850.2
1400180 850.2
1400190 850.5
1400200 851.1
1400210 851.1
1400220 851.6
1400230 852.0
1400240 852.0
1400250 852.2
1400260 852.1
1400270 852.1
1400280 852.2
1400290 852.7
1400300 852.7
1400310 853.1
1400320 853.3
1400330 853.3
1400340 853.6
1400350 853.7
1400360 853.7
1400370 853.8
1400380 854.0
1400390 854.0
1400400 854.3
1400410 854.7
1400420 854.7
1400430 855.0
1400440 855.2
1400450 855.2
1400460 855.4
1400470 855.7
1400480 855.7
1400490 855.9
1400500 856.2
1400510 856.5
1400520 856.5
1400530 856.9
1400540 857.2
1400550 857.2
1400560 857.6
1400570 857.9
1400580 857.9
1400590 858.0
1400600 858.1
1400610 858.1
1400620 858.4
1400630 858.7
1400640 858.7
1400650 859.2
1400660 859.6
1400670 859.6
1400680 859.9
1400690 860.3
1400700 860.3
1400710 860.6
1400720 860.9
1400730 860.9
1400740 861.3
1400750 861.7
1400760 861.7
1400770 861.9
1400780 862.5
1400790 862.5
1400800 862.7
1400810 862.8
1400820 862.8
1400830 862.9
1400840 863.4
1400850 863.8
1400860 863.8
1400870 864.2
1400880 864.6
1400890 864.6
1400900 864.9
1400910 865.2
1400920 865.2
1400930 865.4
1400940 865.7
1400950 865.7
1400960 865.9
1400970 866.1
1400980 866.1
1400990 866.4
1401000 866.6
1401010 866.6
1401020 867.0
1401030 867.5
1401040 867.5
1401050 867.8
1401060 868.2
1401070 868.2
1401080 868.6
1401090 868.8
1401100 868.8
1401110 868.8
1401120 869.1
1401130 869.1
1401140 869.3
1401150 869.4
1401160 869.4
1401170 869.8
1401180 870.1
1401190 870.1
1401200 870.3
1401210 870.6
1401220 871.0
1401230 871.0
1401240 871.3
1401250 871.6
1401260 871.6
1401270 871.8
1401280 872.1
1401290 872.1
1401300 872.4
1401310 872.8
1401320 872.8
1401330 872.9
1401340 873.1
1401350 873.1
1401360 873.4
1401370 873.8
1401380 873.8
1401390 874.1
1401400 874.3
1401410 874.3
1401420 874.4
1401430 874.6
1401440 874.6
1401450 874.5
1401460 874.7
1401470 874.7
1401480 874.9
1401490 875.3
1401500 875.3
1401510 875.7
1401520 876.0
1401530 876.0
1401540 876.0
1401550 876.0
1401560 876.0
1401570 876.0
1401580 876.1
1401590 876.3
1401600 876.3
1401610 876.5
1401620 876.8
1401630 876.8
1401640 877.1
1401650 877.4
1401660 877.4
1401670 877.7
1401680 878.0
1401690 878.0
1401700 878.2
1401710 878.5
1401720 878.5
1401730 878.8
1401740 879.1
1401750 879.1
1401760 879.5
1401770 879.8
1401780 879.8
1401790 880.0
1401800 880.4
1401810 880.4
1401820 880.5
1401830 880.3
1401840 880.3
1401850 880.5
1401860 880.6
1401870 880.6
1401880 880.8
1401890 881.0
1401900 881.2
1401910 881.2
1401920 881.5
1401930 881.8
1401940 881.8
1401950 882.0
1401960 882.3
1401970 882.3
1401980 882.5
1401990 882.8
1402000 882.8
1402010 883.0
1402020 883.1
1402030 883.1
1402040 883.2
1402050 883.3
1402060 883.3
1402070 883.5
1402080 883.7
1402090 883.7
1402100 883.9
1402110 884.1
1402120 884.1
1402130 884.3
1402140 884.6
1402150 884.6
1402160 884.8
1402170 885.1
1402180 885.1
1402190 885.3
1402200 885.5
1402210 885.5
1402220 885.7
1402230 885.9
1402240 886.2
1402250 886.2
1402260 886.4
1402270 886.6
1402280 886.6
1402290 886.7
1402300 886.8
1402310 886.8
1402320 887.0
1402330 887.2
1402340 887.2
1402350 887.3
1402360 887.4
1402370 887.4
1402380 887.5
1402390 887.6
1402400 887.6
1402410 887.7
1402420 887.8
1402430 887.8
1402440 887.9
1402450 888.0
1402460 888.0
1402470 888.2
1402480 888.5
1402490 888.5
1402500 888.8
1402510 889.0
1402520 889.0
1402530 889.3
1402540 889.3
1402550 889.3
1402560 889.5
1402570 889.3
1402580 888.3
1402590 888.3
1402600 888.2
1402610 888.4
1402620 888.4
1402630 888.7
1402640 888.2
1402650 888.2
1402660 887.5
1402670 887.2
1402680 887.2
1402690 887.0
1402700 887.0
1402710 887.0
1402720 887.1
1402730 887.0
1402740 887.0
1402750 887.0
1402760 886.9
1402770 886.9
1402780 887.0
1402790 887.2
1402800 887.2
1402810 887.3
1402820 887.4
1402830 887.4
1402840 887.6
1402850 887.9
1402860 887.9
1402870 888.1
1402880 888.2
1402890 888.2
1402900 888.5
1402910 888.8
1402920 889.4
1402930 889.4
1402940 889.6
1402950 889.3
1402960 889.3
1402970 889.8
1402980 890.6
1402990 890.6
1403000 891.1
1403010 892.6
1403020 892.6
1403030 892.9
1403040 893.1
1403050 893.1
1403060 893.3
1403070 893.6
1403080 893.6
1403090 894.0
1403100 894.3
1403110 894.3
1403120 894.6
1403130 894.9
1403140 894.9
1403150 895.9
1403160 897.6
1403170 897.6
1403180 898.4
1403190 898.8
1403200 898.8
1403210 899.2
1403220 899.6
1403230 899.6
1403240 900.3
1403250 901.5
1403260 901.5
1403270 902.7
1403280 903.1
1403290 901.4
1403300 901.4
1403310 901.2
1403320 904.4
1403330 904.4
1403340 905.4
1403350 905.2
1403360 905.2
1403370 906.8
1403380 907.1
1403390 907.1
1403400 908.5
1403410 910.8
1403420 910.8
1403430 912.0
1403440 913.2
1403450 913.2
1403460 912.1
1403470 911.8
1403480 911.8
1403490 910.7
1403500 914.1
1403510 914.1
1403520 917.6
1403530 921.0
1403540 921.0
1403550 924.6
1403560 927.5
1403570 927.5
1403580 929.2
1403590 929.6
1403600 929.6
1403610 930.1
1403620 930.2
1403630 931.8
1403640 931.8
1403650 935.3
1403660 940.2
1403670 940.2
1403680 944.8
1403690 949.2
1403700 949.2
1403710 953.8
1403720 959.4
1403730 959.4
1403740 966.2
1403750 972.8
1403760 972.8
1403770 978.8
1403780 984.4
1403790 984.4
1403800 989.6
1403810 994.3
1403820 994.3
1403830 1000.1
1403840 1007.0
1403850 1007.0
1403860 1013.1
1403870 1019.2
1403880 1019.2
1403890 1025.3
1403900 1031.5
1403910 1031.5
1403920 1038.0
1403930 1044.7
1403940 1044.7
1403950 1051.5
1403960 1058.5
1403970 1065.7
1403980 1065.7
1403990 1072.7
1404000 1079.7
1404010 1079.7
1404020 1086.2
1404030 1092.7
1404040 1092.7
1404050 1099.6
1404060 1106.8
1404070 1106.8
1404080 1114.2
1404090 1121.8
1404100 1121.8
1404110 1129.9
1404120 1137.6
1404130 1137.6
1404140 1145.4
1404150 1154.0
1404160 1154.0
1404170 1162.3
1404180 1167.2
1404190 1167.2
1404200 1173.3
1404210 1180.1
1404220 1180.1
1404230 1186.9
1404240 1193.7
1404250 1193.7
1404260 1200.5
1404270 1207.3
1404280 1207.3
1404290 1212.4
1404300 1216.2
1404310 1219.7
1404320 1219.7
1404330 1222.5
1404340 1225.4
1404350 1225.4
1404360 1229.3
1404370 1234.1
1404380 1234.1
1404390 1238.8
1404400 1241.6
1404410 1241.6
1404420 1242.8
1404430 1243.4
1404440 1243.4
1404450 1244.3
1404460 1246.0
1404470 1246.0
1404480 1247.9
1404490 1249.4
1404500 1249.4
1404510 1250.2
1404520 1250.8
1404530 1250.8
1404540 1252.2
1404550 1255.0
1404560 1255.0
1404570 1259.0
1404580 1265.5
1404590 1265.5
1404600 1270.1
1404610 1272.4
1404620 1272.4
1404630 1272.1
1404640 1271.6
1404650 1271.1
1404660 1271.1
1404670 1270.1
1404680 1268.1
1404690 1268.1
1404700 1265.4
1404710 1261.4
1404720 1261.4
1404730 1256.1
1404740 1250.1
1404750 1250.1
1404760 1244.8
1404770 1238.4
1404780 1238.4
1404790 1232.0
1404800 1225.6
1404810 1225.6
1404820 1219.0
1404830 1212.0
1404840 1212.0
1404850 1204.7
1404860 1196.3
1404870 1196.3
1404880 1188.7
1404890 1182.6
1404900 1182.6
1404910 1175.4
1404920 1167.0
1404930 1167.0
1404940 1158.3
1404950 1150.1
1404960 1150.1
1404970 1142.6
1404980 1138.2
1404990 1138.5
1405000 1138.5
1405010 1144.4
1405020 1152.1
1405030 1152.1
1405040 1160.8
1405050 1170.7
1405060 1170.7
1405070 1177.6
1405080 1184.1
1405090 1184.1
1405100 1190.7
1405110 1197.2
1405120 1197.2
1405130 1203.8
1405140 1210.5
1405150 1210.5
1405160 1217.3
1405170 1224.3
1405180 1224.3
1405190 1230.9
1405200 1236.1
1405210 1236.1
1405220 1240.0
1405230 1243.6
1405240 1243.6
1405250 1247.0
1405260 1251.3
1405270 1251.3
1405280 1256.6
1405290 1263.5
1405300 1263.5
1405310 1268.4
1405320 1272.5
1405330 1272.5
1405340 1275.9
1405350 1277.0
1405360 1276.4
1405370 1276.4
1405380 1270.4
1405390 1262.6
1405400 1262.6
1405410 1255.1
1405420 1247.5
1405430 1247.5
1405440 1240.1
1405450 1233.1
1405460 1233.1
1405470 1226.2
1405480 1219.4
1405490 1219.4
1405500 1212.6
1405510 1206.3
1405520 1206.3
1405530 1200.1
1405540 1194.1
1405550 1194.1
1405560 1188.7
1405570 1182.2
1405580 1182.2
1405590 1174.7
1405600 1169.1
1405610 1169.1
1405620 1169.9
1405630 1173.5
1405640 1173.5
1405650 1176.4
1405660 1176.1
1405670 1176.1
1405680 1174.6
1405690 1172.6
1405700 1170.5
1405710 1170.5
1405720 1168.0
1405730 1163.8
1405740 1163.8
1405750 1161.2
1405760 1160.6
1405770 1160.6
1405780 1158.5
1405790 1154.3
1405800 1154.3
1405810 1147.4
1405820 1139.5
1405830 1139.5
1405840 1132.9
1405850 1127.5
1405860 1127.5
1405870 1121.8
1405880 1116.6
1405890 1116.6
1405900 1111.9
1405910 1108.3
1405920 1108.3
1405930 1108.3
1405940 1109.8
1405950 1109.8
1405960 1106.0
1405970 1102.5
1405980 1102.5
1405990 1097.6
1406000 1089.9
1406010 1089.9
1406020 1093.3
1406030 1105.9
1406040 1117.1
1406050 1117.1
1406060 1134.4
1406070 1155.5
1406080 1155.5
1406090 1169.5
1406100 1183.1
1406110 1183.1
1406120 1190.4
1406130 1196.3
1406140 1196.3
1406150 1202.7
1406160 1211.1
1406170 1211.1
1406180 1216.9
1406190 1219.3
1406200 1214.7
1406210 1215.9
1406220 1218.0
1406230 1218.0
1406240 1218.5
1406250 1218.3
1406260 1218.3
1406270 1218.1
1406280 1217.7
1406290 1217.7
1406300 1216.7
1406310 1215.6
1406320 1215.6
1406330 1214.8
1406340 1213.6
1406350 1213.6
1406360 1211.7
1406370 1206.5
1406380 1199.1
1406390 1199.1
1406400 1195.9
1406410 1191.1
1406420 1191.1
1406430 1184.8
1406440 1179.1
1406450 1179.1
1406460 1171.2
1406470 1159.6
1406480 1159.6
1406490 1147.8
1406500 1141.2
1406510 1141.2
1406520 1148.6
1406530 1157.2
1406540 1157.2
1406550 1165.5
1406560 1173.0
1406570 1173.0
1406580 1180.2
1406590 1186.9
1406600 1186.9
1406610 1193.2
1406620 1198.6
1406630 1198.6
1406640 1203.5
1406650 1207.4
1406660 1207.4
1406670 1210.5
1406680 1214.7
1406690 1214.7
1406700 1219.0
1406710 1223.1
1406720 1227.7
1406730 1227.7
1406740 1232.7
1406750 1234.9
1406760 1234.9
1406770 1236.0
1406780 1242.4
1406790 1242.4
1406800 1255.2
1406810 1257.1
1406820 1257.1
1406830 1258.9
1406840 1257.8
1406850 1257.8
1406860 1254.2
1406870 1252.7
1406880 1252.7
1406890 1249.5
1406900 1250.2
1406910 1250.2
1406920 1256.2
1406930 1263.8
1406940 1263.8
1406950 1268.6
1406960 1276.5
1406970 1276.5
1406980 1285.0
1406990 1289.3
1407000 1289.3
1407010 1289.2
1407020 1292.9
1407030 1292.9
1407040 1294.0
1407050 1297.0
1407060 1301.8
1407070 1301.8
1407080 1305.5
1407090 1310.6
1407100 1310.6
1407110 1314.5
1407120 1314.1
1407130 1314.1
1407140 1312.1
1407150 1311.7
1407160 1311.7
1407170 1311.5
1407180 1313.7
1407190 1313.7
1407200 1322.7
1407210 1335.1
1407220 1335.1
1407230 1343.5
1407240 1343.5
1407250 1343.5
1407260 1341.1
1407270 1338.6
1407280 1338.6
1407290 1337.9
1407300 1338.2
1407310 1338.2
1407320 1339.6
1407330 1339.9
1407340 1339.9
1407350 1338.7
1407360 1339.3
1407370 1339.3
1407380 1340.4
1407390 1340.1
1407400 1339.7
1407410 1339.7
1407420 1339.4
1407430 1340.5
1407440 1340.5
1407450 1343.2
1407460 1345.1
1407470 1345.1
1407480 1349.0
1407490 1350.0
1407500 1350.0
1407510 1353.9
1407520 1361.1
1407530 1361.1
1407540 1368.2
1407550 1374.7
1407560 1374.7
1407570 1383.2
1407580 1391.1
1407590 1391.1
1407600 1392.8
1407610 1389.7
1407620 1389.7
1407630 1388.4
1407640 1387.8
1407650 1387.8
1407660 1389.0
1407670 1397.3
1407680 1397.3
1407690 1403.6
1407700 1409.3
1407710 1409.3
1407720 1417.8
1407730 1425.5
1407740 1425.5
1407750 1428.9
1407760 1429.4
1407770 1429.9
1407780 1429.9
1407790 1433.4
1407800 1436.5
1407810 1436.5
1407820 1440.4
1407830 1445.4
1407840 1445.4
1407850 1454.0
1407860 1454.9
1407870 1454.9
1407880 1458.0
1407890 1464.1
1407900 1464.1
1407910 1469.6
1407920 1475.5
1407930 1475.5
1407940 1481.8
1407950 1488.2
1407960 1488.2
1407970 1494.9
1407980 1503.7
1407990 1503.7
1408000 1513.0
1408010 1515.9
1408020 1515.9
1408030 1516.9
1408040 1518.0
1408050 1518.0
1408060 1517.2
1408070 1514.4
1408080 1514.4
1408090 1511.4
1408100 1507.6
1408110 1499.9
1408120 1499.9
1408130 1491.5
1408140 1485.6
1408150 1485.6
1408160 1482.1
1408170 1479.6
1408180 1479.6
1408190 1475.6
1408200 1472.0
1408210 1472.0
1408220 1468.0
1408230 1464.9
1408240 1464.9
1408250 1464.0
1408260 1462.2
1408270 1462.2
1408280 1457.7
1408290 1451.2
1408300 1451.2
1408310 1443.7
1408320 1435.7
1408330 1435.7
1408340 1428.8
1408350 1426.2
1408360 1426.2
1408370 1429.5
1408380 1436.6
1408390 1436.6
1408400 1443.7
1408410 1450.8
1408420 1450.8
1408430 1458.9
1408440 1469.6
1408450 1476.6
1408460 1476.6
1408470 1481.7
1408480 1483.6
1408490 1483.6
1408500 1486.1
1408510 1487.0
1408520 1487.0
1408530 1485.7
1408540 1483.9
1408550 1483.9
1408560 1483.7
1408570 1484.7
1408580 1484.7
1408590 1486.3
1408600 1486.6
1408610 1486.6
1408620 1485.5
1408630 1486.6
1408640 1486.6
1408650 1487.3
1408660 1491.9
1408670 1491.9
1408680 1498.5
1408690 1502.8
1408700 1502.8
1408710 1505.9
1408720 1508.6
1408730 1508.6
1408740 1510.5
1408750 1512.4
1408760 1512.4
1408770 1514.0
1408780 1514.1
1408790 1513.7
1408800 1513.7
1408810 1513.1
1408820 1510.8
1408830 1510.8
1408840 1514.4
1408850 1521.5
1408860 1521.5
1408870 1528.2
1408880 1533.2
1408890 1533.2
1408900 1537.5
1408910 1540.0
1408920 1540.0
1408930 1541.5
1408940 1544.5
1408950 1544.5
1408960 1547.7
1408970 1550.3
1408980 1550.3
1408990 1551.5
1409000 1553.4
1409010 1553.4
1409020 1557.5
1409030 1562.2
1409040 1562.2
1409050 1566.9
1409060 1572.7
1409070 1572.7
1409080 1578.5
1409090 1579.8
1409100 1579.8
1409110 1580.5
1409120 1582.5
1409130 1585.8
1409140 1585.8
1409150 1588.0
1409160 1588.8
1409170 1588.8
1409180 1589.1
1409190 1588.6
1409200 1588.6
1409210 1584.9
1409220 1580.9
1409230 1580.9
1409240 1575.8
1409250 1572.9
1409260 1572.9
1409270 1571.7
1409280 1570.2
1409290 1570.2
1409300 1569.1
1409310 1567.4
1409320 1567.4
1409330 1564.9
1409340 1560.8
1409350 1560.8
1409360 1555.6
1409370 1552.8
1409380 1552.8
1409390 1552.6
1409400 1550.3
1409410 1550.3
1409420 1548.0
1409430 1544.7
1409440 1544.7
1409450 1538.9
1409460 1541.1
1409470 1539.6
1409480 1539.6
1409490 1531.6
1409500 1530.1
1409510 1530.1
1409520 1526.5
1409530 1515.5
1409540 1507.3
1409550 1502.2
1409560 1495.7
1409570 1495.7
1409580 1488.5
1409590 1482.0
1409600 1482.0
1409610 1475.8
1409620 1469.0
1409630 1469.0
1409640 1462.7
1409650 1456.8
1409660 1456.8
1409670 1451.8
1409680 1446.9
1409690 1446.9
1409700 1442.9
1409710 1439.4
1409720 1439.4
1409730 1435.3
1409740 1430.4
1409750 1430.4
1409760 1425.7
1409770 1421.5
1409780 1421.5
1409790 1417.8
1409800 1414.5
1409810 1410.2
1409820 1410.2
1409830 1405.7
1409840 1400.3
1409850 1400.3
1409860 1395.2
1409870 1391.1
1409880 1391.1
1409890 1385.4
1409900 1376.9
1409910 1376.9
1409920 1369.0
1409930 1361.0
1409940 1361.0
1409950 1353.6
1409960 1347.8
1409970 1347.8
1409980 1339.8
1409990 1332.2
1410000 1332.2
1410010 1335.3
1410020 1344.8
1410030 1344.8
1410040 1350.6
1410050 1354.1
1410060 1354.1
1410070 1355.1
1410080 1360.0
1410090 1360.0
1410100 1365.7
1410110 1369.1
1410120 1369.1
1410130 1370.7
1410140 1374.5
1410150 1374.5
1410160 1379.2
1410170 1383.8
1410180 1390.0
1410190 1390.0
1410200 1397.0
1410210 1403.4
1410220 1403.4
1410230 1409.2
1410240 1415.9
1410250 1415.9
1410260 1420.8
1410270 1423.4
1410280 1423.4
1410290 1429.3
1410300 1441.7
1410310 1441.7
1410320 1444.7
1410330 1442.4
1410340 1442.4
1410350 1444.4
1410360 1445.3
1410370 1445.3
1410380 1446.5
1410390 1446.0
1410400 1446.0
1410410 1447.0
1410420 1448.9
1410430 1448.9
1410440 1449.0
1410450 1449.3
1410460 1449.3
1410470 1452.7
1410480 1453.3
1410490 1453.3
1410500 1450.7
1410510 1443.6
1410520 1438.4
1410530 1438.4
1410540 1435.2
1410550 1431.1
1410560 1431.1
1410570 1426.4
1410580 1423.9
1410590 1423.9
1410600 1421.9
1410610 1419.0
1410620 1419.0
1410630 1414.8
1410640 1411.8
1410650 1411.8
1410660 1408.2
1410670 1404.3
1410680 1404.3
1410690 1400.8
1410700 1394.8
1410710 1394.8
1410720 1377.8
1410730 1362.5
1410740 1362.5
1410750 1354.5
1410760 1347.4
1410770 1347.4
1410780 1341.9
1410790 1334.5
1410800 1334.5
1410810 1326.5
1410820 1319.8
1410830 1319.8
1410840 1313.0
1410850 1306.9
1410860 1297.8
1410870 1297.8
1410880 1294.2
1410890 1295.9
1410900 1295.9
1410910 1294.6
1410920 1294.1
1410930 1294.1
1410940 1294.3
1410950 1294.9
1410960 1294.9
1410970 1293.2
1410980 1290.8
1410990 1290.8
1411000 1284.9
1411010 1278.0
1411020 1278.0
1411030 1273.4
1411040 1272.9
1411050 1272.9
1411060 1277.9
1411070 1277.2
1411080 1277.2
1411090 1274.3
1411100 1274.5
1411110 1274.5
1411120 1276.0
1411130 1273.4
1411140 1273.4
1411150 1268.0
1411160 1268.3
1411170 1268.3
1411180 1272.4
1411190 1275.3
1411200 1273.7
1411210 1273.7
1411220 1271.2
1411230 1267.7
1411240 1267.7
1411250 1263.2
1411260 1266.1
1411270 1273.4
1411280 1280.7
1411290 1282.3
1411300 1282.3
1411310 1281.0
1411320 1284.9
1411330 1284.9
1411340 1293.3
1411350 1300.2
1411360 1300.2
1411370 1300.4
1411380 1300.9
1411390 1300.9
1411400 1296.9
1411410 1288.9
1411420 1288.9
1411430 1281.0
1411440 1272.4
1411450 1272.4
1411460 1261.5
1411470 1250.1
1411480 1250.1
1411490 1246.6
1411500 1250.8
1411510 1250.8
1411520 1246.0
1411530 1246.3
1411540 1253.9
1411550 1253.9
1411560 1260.4
1411570 1254.4
1411580 1254.4
1411590 1247.7
1411600 1241.5
1411610 1241.5
1411620 1236.6
1411630 1227.2
1411640 1227.2
1411650 1216.3
1411660 1208.1
1411670 1208.1
1411680 1207.0
1411690 1214.9
1411700 1214.9
1411710 1218.4
1411720 1221.2
1411730 1221.2
1411740 1217.4
1411750 1214.0
1411760 1214.0
1411770 1209.1
1411780 1203.9
1411790 1203.9
1411800 1200.2
1411810 1198.9
1411820 1198.9
1411830 1195.1
1411840 1185.4
1411850 1185.4
1411860 1178.0
1411870 1172.5
1411880 1157.2
1411890 1157.2
1411900 1129.7
1411910 1126.2
1411920 1126.2
1411930 1113.5
1411940 1100.7
1411950 1100.7
1411960 1091.5
1411970 1082.1
1411980 1082.1
1411990 1078.3
1412000 1077.1
1412010 1077.1
1412020 1074.1
1412030 1066.4
1412040 1066.4
1412050 1062.6
1412060 1056.3
1412070 1056.3
1412080 1048.4
1412090 1043.6
1412100 1043.6
1412110 1040.0
1412120 1035.6
1412130 1035.6
1412140 1039.6
1412150 1040.8
1412160 1040.8
1412170 1037.6
1412180 1042.3
1412190 1042.3
1412200 1041.3
1412210 1037.5
1412220 1034.9
1412230 1034.9
1412240 1031.0
1412250 1027.9
1412260 1027.9
1412270 1026.0
1412280 1019.0
1412290 1019.0
1412300 1009.8
1412310 1001.2
1412320 1001.2
1412330 992.9
1412340 985.5
1412350 985.5
1412360 979.0
1412370 972.7
1412380 972.7
1412390 966.8
1412400 961.7
1412410 961.7
1412420 957.4
1412430 954.3
1412440 954.3
1412450 950.9
1412460 944.4
1412470 944.4
1412480 937.6
1412490 927.8
1412500 927.8
1412510 921.0
1412520 916.0
1412530 916.0
1412540 913.7
1412550 914.5
1412560 914.5
1412570 918.4
1412580 921.0
1412590 926.5
1412600 926.5
1412610 933.7
1412620 934.4
1412630 934.4
1412640 927.8
1412650 917.6
1412660 917.6
1412670 908.9
1412680 905.1
1412690 905.1
1412700 903.7
1412710 898.3
1412720 898.3
1412730 892.4
1412740 887.1
1412750 887.1
1412760 882.3
1412770 877.0
1412780 877.0
1412790 876.5
1412800 879.3
1412810 879.3
1412820 876.9
1412830 868.4
1412840 868.4
1412850 861.0
1412860 854.1
1412870 854.1
1412880 848.5
1412890 843.5
1412900 843.5
1412910 838.5
1412920 833.2
1412930 826.7
1412940 826.7
1412950 818.8
1412960 811.7
1412970 811.7
1412980 804.7
1412990 800.8
1413000 800.8
1413010 801.4
1413020 801.4
1413030 801.4
1413040 804.3
1413050 805.8
1413060 805.8
1413070 810.5
1413080 816.3
1413090 816.3
1413100 819.0
1413110 821.9
1413120 821.9
1413130 827.6
1413140 833.7
1413150 833.7
1413160 840.8
1413170 845.0
1413180 845.0
1413190 849.9
1413200 851.4
1413210 851.4
1413220 848.6
1413230 851.6
1413240 851.6
1413250 850.0
1413260 843.2
1413270 841.8
1413280 841.8
1413290 847.9
1413300 850.7
1413310 850.7
1413320 850.0
1413330 844.4
1413340 844.4
1413350 836.5
1413360 832.4
1413370 832.4
1413380 833.2
1413390 838.2
1413400 838.2
1413410 847.6
1413420 849.4
1413430 849.4
1413440 849.8
1413450 851.5
1413460 851.5
1413470 848.2
1413480 847.1
1413490 847.1
1413500 846.0
1413510 842.1
1413520 842.1
1413530 837.7
1413540 832.9
1413550 832.9
1413560 828.7
1413570 824.6
1413580 824.6
1413590 819.8
1413600 813.1
1413610 808.3
1413620 808.3
1413630 802.4
1413640 794.7
1413650 794.7
1413660 787.1
1413670 779.6
1413680 779.6
1413690 772.5
1413700 769.9
1413710 769.9
1413720 765.3
1413730 760.6
1413740 760.6
1413750 755.6
1413760 753.4
1413770 753.4
1413780 752.1
1413790 751.2
1413800 751.2
1413810 748.7
1413820 748.4
1413830 748.4
1413840 748.9
1413850 748.6
1413860 748.6
1413870 748.0
1413880 747.5
1413890 747.5
1413900 746.5
1413910 746.1
1413920 746.1
1413930 745.7
1413940 746.1
1413950 744.9
1413960 744.9
1413970 745.2
1413980 746.2
1413990 746.2
1414000 747.8
1414010 749.1
1414020 749.1
1414030 751.1
1414040 752.6
1414050 752.6
1414060 756.9
1414070 763.3
1414080 763.3
1414090 763.7
1414100 762.6
1414110 762.6
1414120 764.5
1414130 765.9
1414140 765.9
1414150 768.6
1414160 773.3
1414170 773.3
1414180 779.5
1414190 784.6
1414200 784.6
1414210 787.2
1414220 790.9
1414230 790.9
1414240 793.8
1414250 794.4
1414260 794.4
1414270 797.5
1414280 801.6
1414290 806.0
1414300 806.0
1414310 810.1
1414320 813.9
1414330 813.9
1414340 818.5
1414350 821.8
1414360 821.8
1414370 820.5
1414380 825.1
1414390 825.1
1414400 831.9
1414410 838.4
1414420 838.4
1414430 842.9
1414440 846.4
1414450 846.4
1414460 847.6
1414470 848.9
1414480 848.9
1414490 851.2
1414500 854.2
1414510 854.2
1414520 856.8
1414530 859.4
1414540 859.4
1414550 861.3
1414560 862.6
1414570 862.6
1414580 865.1
1414590 868.6
1414600 868.6
1414610 872.5
1414620 876.4
1414630 880.4
1414640 880.4
1414650 884.4
1414660 887.9
1414670 887.9
1414680 892.2
1414690 897.2
1414700 897.2
1414710 901.6
1414720 906.2
1414730 906.2
1414740 911.2
1414750 915.1
1414760 915.1
1414770 917.3
1414780 915.3
1414790 915.3
1414800 910.6
1414810 906.2
1414820 906.2
1414830 901.3
1414840 899.4
1414850 904.7
1414860 897.6
1414870 884.5
1414880 884.5
1414890 873.7
1414900 875.7
1414910 875.7
1414920 876.3
1414930 882.7
1414940 882.7
1414950 892.6
1414960 897.3
1414970 897.3
1414980 904.6
1414990 910.4
1415000 915.5
1415010 915.5
1415020 920.3
1415030 925.0
1415040 925.0
1415050 931.6
1415060 935.5
1415070 935.5
1415080 933.2
1415090 928.5
1415100 928.5
1415110 926.9
1415120 925.6
1415130 925.6
1415140 916.7
1415150 913.7
1415160 913.7
1415170 918.0
1415180 925.8
1415190 925.8
1415200 932.1
1415210 939.0
1415220 939.0
1415230 945.2
1415240 950.9
1415250 950.9
1415260 956.4
1415270 958.2
1415280 958.2
1415290 958.8
1415300 958.8
1415310 958.8
1415320 959.9
1415330 957.1
1415340 953.8
1415350 953.8
1415360 951.8
1415370 950.9
1415380 950.9
1415390 952.8
1415400 956.9
1415410 956.9
1415420 963.3
1415430 968.1
1415440 968.1
1415450 972.3
1415460 977.3
1415470 977.3
1415480 980.5
1415490 989.6
1415500 989.6
1415510 1000.5
1415520 1009.2
1415530 1009.2
1415540 1013.8
1415550 1016.3
1415560 1016.3
1415570 1018.4
1415580 1023.7
1415590 1023.7
1415600 1029.6
1415610 1035.3
1415620 1035.3
1415630 1042.2
1415640 1051.6
1415650 1051.6
1415660 1058.9
1415670 1064.7
1415680 1071.9
1415690 1071.9
1415700 1081.1
1415710 1087.0
1415720 1087.0
1415730 1092.5
1415740 1098.2
1415750 1098.2
1415760 1096.9
1415770 1102.3
1415780 1102.3
1415790 1111.7
1415800 1121.4
1415810 1121.4
1415820 1128.8
1415830 1134.5
1415840 1134.5
1415850 1139.6
1415860 1148.1
1415870 1148.1
1415880 1158.8
1415890 1160.9
1415900 1160.9
1415910 1162.5
1415920 1167.9
1415930 1167.9
1415940 1174.2
1415950 1181.3
1415960 1181.3
1415970 1188.2
1415980 1195.0
1415990 1195.0
1416000 1201.3
1416010 1209.0
1416020 1224.3
1416030 1224.3
1416040 1235.0
1416050 1239.5
1416060 1239.5
1416070 1244.0
1416080 1249.0
1416090 1249.0
1416100 1254.3
1416110 1260.0
1416120 1260.0
1416130 1267.3
1416140 1274.9
1416150 1274.9
1416160 1283.3
1416170 1288.2
1416180 1288.2
1416190 1295.8
1416200 1310.3
1416210 1310.3
1416220 1322.7
1416230 1332.3
1416240 1332.3
1416250 1341.7
1416260 1350.7
1416270 1350.7
1416280 1359.2
1416290 1367.1
1416300 1367.1
1416310 1376.8
1416320 1389.2
1416330 1389.2
1416340 1399.5
1416350 1409.9
1416360 1420.8
1416370 1420.8
1416380 1427.2
1416390 1434.9
1416400 1434.9
1416410 1452.1
1416420 1459.7
1416430 1459.7
1416440 1487.7
1416450 1498.3
1416460 1498.3
1416470 1507.6
1416480 1517.0
1416490 1517.0
1416500 1520.8
1416510 1523.1
1416520 1523.1
1416530 1512.8
1416540 1511.8
1416550 1511.8
1416560 1517.0
1416570 1515.2
1416580 1515.2
1416590 1507.3
1416600 1516.1
1416610 1516.1
1416620 1531.2
1416630 1543.6
1416640 1543.6
1416650 1550.4
1416660 1550.6
1416670 1550.6
1416680 1546.2
1416690 1533.0
1416700 1525.3
1416710 1535.9
1416720 1526.4
1416730 1515.9
1416740 1515.9
1416750 1519.5
1416760 1530.9
1416770 1530.9
1416780 1541.0
1416790 1549.1
1416800 1549.1
1416810 1553.8
1416820 1566.6
1416830 1566.6
1416840 1596.3
1416850 1599.8
1416860 1599.8
1416870 1602.5
1416880 1603.2
1416890 1603.2
1416900 1602.1
1416910 1601.7
1416920 1601.7
1416930 1600.9
1416940 1600.6
1416950 1600.6
1416960 1603.7
1416970 1615.7
1416980 1615.7
1416990 1626.4
1417000 1629.2
1417010 1629.2
1417020 1629.9
1417030 1629.8
1417040 1629.8
1417050 1629.2
1417060 1623.9
1417070 1619.6
1417080 1619.6
1417090 1613.4
1417100 1600.8
1417110 1600.8
1417120 1590.4
1417130 1581.7
1417140 1581.7
1417150 1565.5
1417160 1548.0
1417170 1548.0
1417180 1537.6
1417190 1531.0
1417200 1531.0
1417210 1525.0
1417220 1517.7
1417230 1517.7
1417240 1510.1
1417250 1499.5
1417260 1499.5
1417270 1484.8
1417280 1467.8
1417290 1467.8
1417300 1459.5
1417310 1452.7
1417320 1452.7
1417330 1446.2
1417340 1439.2
1417350 1439.2
1417360 1433.5
1417370 1428.6
1417380 1428.6
1417390 1420.8
1417400 1417.4
1417410 1416.6
1417420 1416.6
1417430 1418.1
1417440 1413.5
1417450 1413.5
1417460 1405.3
1417470 1394.4
1417480 1394.4
1417490 1388.8
1417500 1384.5
1417510 1384.5
1417520 1378.8
1417530 1381.3
1417540 1381.3
1417550 1386.4
1417560 1386.7
1417570 1386.7
1417580 1384.9
1417590 1382.3
1417600 1382.3
1417610 1379.9
1417620 1378.7
1417630 1378.7
1417640 1378.5
1417650 1378.1
1417660 1378.1
1417670 1377.5
1417680 1377.1
1417690 1377.1
1417700 1377.6
1417710 1375.9
1417720 1375.9
1417730 1374.3
1417740 1373.0
1417750 1371.8
1417760 1371.8
1417770 1367.7
1417780 1362.9
1417790 1362.9
1417800 1359.6
1417810 1359.1
1417820 1359.1
1417830 1357.0
1417840 1352.8
1417850 1352.8
1417860 1348.1
1417870 1339.7
1417880 1339.7
1417890 1335.7
1417900 1329.6
1417910 1329.6
1417920 1322.2
1417930 1319.4
1417940 1319.4
1417950 1315.2
1417960 1309.0
1417970 1309.0
1417980 1297.6
1417990 1264.2
1418000 1264.2
1418010 1242.6
1418020 1219.2
1418030 1219.2
1418040 1205.4
1418050 1202.3
1418060 1202.3
1418070 1200.5
1418080 1196.9
1418090 1189.4
1418100 1189.4
1418110 1178.5
1418120 1170.4
1418130 1170.4
1418140 1166.5
1418150 1165.4
1418160 1165.4
1418170 1159.6
1418180 1154.6
1418190 1154.6
1418200 1142.7
1418210 1132.0
1418220 1132.0
1418230 1125.0
1418240 1119.1
1418250 1119.1
1418260 1105.0
1418270 1095.6
1418280 1095.6
1418290 1089.3
1418300 1083.6
1418310 1083.6
1418320 1080.6
1418330 1080.3
1418340 1080.3
1418350 1078.7
1418360 1076.8
1418370 1076.8
1418380 1075.9
1418390 1075.8
1418400 1075.8
1418410 1076.1
1418420 1076.7
1418430 1077.1
1418440 1077.1
1418450 1076.8
1418460 1076.8
1418470 1076.8
1418480 1075.9
1418490 1075.5
1418500 1075.5
1418510 1073.9
1418520 1071.3
1418530 1071.3
1418540 1070.5
1418550 1069.2
1418560 1069.2
1418570 1065.3
1418580 1062.0
1418590 1062.0
1418600 1060.4
1418610 1060.8
1418620 1060.8
1418630 1061.6
1418640 1060.8
1418650 1060.8
1418660 1057.4
1418670 1050.9
1418680 1050.9
1418690 1048.7
1418700 1048.4
1418710 1048.4
1418720 1048.2
1418730 1049.9
1418740 1049.9
1418750 1049.9
1418760 1049.4
1418770 1048.9
1418780 1048.9
1418790 1046.3
1418800 1044.1
1418810 1044.1
1418820 1043.3
1418830 1041.9
1418840 1041.9
1418850 1038.0
1418860 1033.8
1418870 1033.8
1418880 1030.7
1418890 1027.6
1418900 1027.6
1418910 1022.5
1418920 1019.1
1418930 1019.1
1418940 1015.5
1418950 1009.7
1418960 1009.7
1418970 1006.5
1418980 1001.4
1418990 1001.4
1419000 997.7
1419010 998.8
1419020 998.8
1419030 995.8
1419040 993.9
1419050 993.9
1419060 992.5
1419070 983.5
1419080 983.5
1419090 967.5
1419100 957.9
1419110 957.9
1419120 953.2
1419130 947.4
1419140 940.6
1419150 940.6
1419160 923.2
1419170 912.9
1419180 912.9
1419190 909.2
1419200 903.8
1419210 903.8
1419220 898.4
1419230 895.6
1419240 895.6
1419250 893.8
1419260 888.9
1419270 888.9
1419280 884.6
1419290 881.2
1419300 881.2
1419310 879.3
1419320 875.2
1419330 875.2
1419340 870.6
1419350 864.6
1419360 864.6
1419370 855.3
1419380 841.5
1419390 841.5
1419400 830.5
1419410 826.4
1419420 826.4
1419430 820.7
1419440 814.0
1419450 814.0
1419460 805.4
1419470 796.7
1419480 790.1
1419490 790.1
1419500 783.7
1419510 775.0
1419520 775.0
1419530 760.8
1419540 750.8
1419550 750.8
1419560 742.5
1419570 737.6
1419580 737.6
1419590 731.9
1419600 725.8
1419610 725.8
1419620 719.7
1419630 711.2
1419640 711.2
1419650 697.8
1419660 688.4
1419670 688.4
1419680 682.5
1419690 676.5
1419700 676.5
1419710 670.8
1419720 665.4
1419730 665.4
1419740 662.8
1419750 662.1
1419760 662.1
1419770 662.0
1419780 662.1
1419790 662.1
1419800 662.9
1419810 663.9
1419820 664.0
1419830 664.0
1419840 663.9
1419850 663.9
1419860 663.9
1419870 663.8
1419880 663.6
1419890 663.6
1419900 663.9
1419910 664.3
1419920 664.3
1419930 664.3
1419940 663.8
1419950 663.8
1419960 663.4
1419970 663.5
1419980 663.5
1419990 664.2
