1400000 847.3
1400010 847.5
1400020 847.7
1400030 847.7
1400040 848.0
1400050 848.3
1400060 848.3
1400070 848.6
1400080 848.9
1400090 848.9
1400100 849.2
1400110 849.6
1400120 849.6
1400130 849.9
1400140 850.0
1400150 850.0
1400160 850.5
1400170 851.0
1400180 851.0
1400190 851.1
1400200 851.1
1400210 851.1
1400220 851.3
1400230 851.6
1400240 851.6
1400250 851.9
1400260 852.2
1400270 852.2
1400280 852.4
1400290 852.7
1400300 852.7
1400310 852.9
1400320 853.1
1400330 853.1
1400340 853.5
1400350 853.9
1400360 853.9
1400370 854.2
1400380 854.5
1400390 854.7
1400400 854.7
1400410 855.0
1400420 855.3
1400430 855.3
1400440 855.6
1400450 855.9
1400460 855.9
1400470 856.3
1400480 856.6
1400490 856.6
1400500 856.9
1400510 857.5
1400520 857.5
1400530 857.9
1400540 858.2
1400550 858.2
1400560 858.5
1400570 858.7
1400580 858.7
1400590 859.0
1400600 859.3
1400610 859.3
1400620 859.6
1400630 859.9
1400640 859.9
1400650 860.2
1400660 860.3
1400670 860.3
1400680 860.4
1400690 861.1
1400700 861.1
1400710 861.4
1400720 861.6
1400730 861.8
1400740 861.8
1400750 861.9
1400760 862.1
1400770 862.1
1400780 862.6
1400790 862.9
1400800 862.9
1400810 863.1
1400820 863.4
1400830 863.4
1400840 863.7
1400850 863.9
1400860 863.9
1400870 864.0
1400880 864.3
1400890 864.3
1400900 864.6
1400910 865.0
1400920 865.0
1400930 865.3
1400940 865.7
1400950 865.7
1400960 866.1
1400970 866.4
1400980 866.4
1400990 866.7
1401000 867.1
1401010 867.1
1401020 867.5
1401030 867.8
1401040 867.8
1401050 868.1
1401060 868.5
1401070 868.8
1401080 868.8
1401090 869.2
1401100 869.6
1401110 869.6
1401120 870.0
1401130 870.4
1401140 870.4
1401150 871.2
1401160 871.5
1401170 871.5
1401180 871.5
1401190 871.8
1401200 871.8
1401210 872.3
1401220 872.4
1401230 872.4
1401240 872.6
1401250 872.8
1401260 872.8
1401270 873.2
1401280 873.5
1401290 873.5
1401300 874.0
1401310 874.4
1401320 874.4
1401330 874.8
1401340 875.5
1401350 875.5
1401360 875.9
1401370 876.0
1401380 876.0
1401390 876.1
1401400 876.5
1401410 876.9
1401420 876.9
1401430 877.3
1401440 877.7
1401450 877.7
1401460 877.7
1401470 878.1
1401480 878.1
1401490 878.5
1401500 878.8
1401510 878.8
1401520 879.0
1401530 879.3
1401540 879.3
1401550 879.5
1401560 879.8
1401570 879.8
1401580 880.3
1401590 880.8
1401600 880.8
1401610 881.2
1401620 881.3
1401630 881.3
1401640 881.7
1401650 881.7
1401660 881.7
1401670 882.0
1401680 882.3
1401690 882.3
1401700 882.1
1401710 882.3
1401720 882.3
1401730 882.5
1401740 882.6
1401750 882.6
1401760 882.6
1401770 882.7
1401780 882.9
1401790 882.9
1401800 883.1
1401810 883.5
1401820 883.5
1401830 883.8
1401840 884.2
1401850 884.2
1401860 884.7
1401870 885.4
1401880 885.4
1401890 885.6
1401900 885.6
1401910 885.6
1401920 885.7
1401930 885.9
1401940 885.9
1401950 886.0
1401960 886.0
1401970 886.0
1401980 886.1
1401990 886.3
1402000 886.3
1402010 886.5
1402020 886.9
1402030 886.9
1402040 887.1
1402050 887.3
1402060 887.3
1402070 887.5
1402080 887.7
1402090 887.9
1402100 887.9
1402110 887.8
1402120 887.8
1402130 887.8
1402140 887.9
1402150 888.1
1402160 888.1
1402170 888.0
1402180 887.8
1402190 887.8
1402200 887.9
1402210 887.9
1402220 887.9
1402230 887.8
1402240 888.0
1402250 888.0
1402260 888.0
1402270 887.9
1402280 887.9
1402290 888.0
1402300 888.2
1402310 888.2
1402320 888.2
1402330 888.3
1402340 888.3
1402350 888.6
1402360 889.0
1402370 889.0
1402380 889.5
1402390 889.9
1402400 889.9
1402410 890.3
1402420 890.7
1402430 890.7
1402440 891.1
1402450 891.6
1402460 892.0
1402470 892.0
1402480 892.4
1402490 892.8
1402500 892.8
1402510 893.1
1402520 893.6
1402530 893.6
1402540 894.1
1402550 894.5
1402560 894.5
1402570 895.1
1402580 895.8
1402590 895.8
1402600 896.2
1402610 896.4
1402620 896.4
1402630 896.5
1402640 896.7
1402650 896.7
1402660 896.9
1402670 897.0
1402680 897.0
1402690 897.2
1402700 897.4
1402710 897.4
1402720 897.8
1402730 898.3
1402740 898.3
1402750 898.7
1402760 899.0
1402770 899.0
1402780 899.3
1402790 899.7
1402800 900.0
1402810 900.0
1402820 900.3
1402830 900.8
1402840 900.8
1402850 901.2
1402860 901.7
1402870 901.7
1402880 902.1
1402890 902.5
1402900 902.5
1402910 903.0
1402920 903.5
1402930 903.5
1402940 904.1
1402950 904.5
1402960 904.5
1402970 904.9
1402980 905.4
1402990 905.4
1403000 905.9
1403010 906.4
1403020 906.4
1403030 906.9
1403040 907.5
1403050 907.5
1403060 908.1
1403070 908.7
1403080 908.7
1403090 909.1
1403100 909.5
1403110 909.5
1403120 910.0
1403130 910.5
1403140 910.8
1403150 910.8
1403160 911.0
1403170 908.9
1403180 908.9
1403190 908.3
1403200 910.2
1403210 910.2
1403220 912.5
1403230 913.6
1403240 913.6
1403250 914.4
1403260 915.5
1403270 915.5
1403280 916.7
1403290 917.7
1403300 917.7
1403310 918.6
1403320 919.5
1403330 919.5
1403340 920.7
1403350 922.0
1403360 922.0
1403370 922.7
1403380 923.4
1403390 923.4
1403400 924.5
1403410 925.5
1403420 925.5
1403430 925.0
1403440 927.8
1403450 927.8
1403460 929.1
1403470 929.1
1403480 929.6
1403490 929.6
1403500 931.0
1403510 932.3
1403520 932.3
1403530 934.7
1403540 940.3
1403550 940.3
1403560 946.6
1403570 952.2
1403580 952.2
1403590 957.1
1403600 962.0
1403610 962.0
1403620 967.0
1403630 970.8
1403640 970.8
1403650 972.6
1403660 975.2
1403670 975.2
1403680 977.4
1403690 973.0
1403700 973.0
1403710 969.0
1403720 972.9
1403730 972.9
1403740 976.8
1403750 982.7
1403760 982.7
1403770 990.0
1403780 998.3
1403790 998.3
1403800 1003.7
1403810 1007.8
1403820 1010.0
1403830 1010.0
1403840 1011.6
1403850 1013.2
1403860 1013.2
1403870 1011.6
1403880 1011.7
1403890 1011.7
1403900 1014.7
1403910 1019.3
1403920 1019.3
1403930 1023.2
1403940 1029.3
1403950 1029.3
1403960 1036.7
1403970 1044.7
1403980 1044.7
1403990 1051.7
1404000 1053.6
1404010 1053.6
1404020 1049.9
1404030 1045.5
1404040 1045.5
1404050 1047.7
1404060 1052.2
1404070 1052.2
1404080 1053.8
1404090 1060.3
1404100 1060.3
1404110 1070.8
1404120 1081.0
1404130 1081.0
1404140 1087.5
1404150 1092.6
1404160 1092.6
1404170 1101.2
1404180 1109.4
1404190 1114.3
1404200 1114.3
1404210 1119.6
1404220 1123.9
1404230 1123.9
1404240 1127.9
1404250 1131.0
1404260 1131.0
1404270 1134.4
1404280 1137.1
1404290 1137.1
1404300 1139.1
1404310 1142.7
1404320 1142.7
1404330 1147.1
1404340 1152.1
1404350 1152.1
1404360 1156.4
1404370 1160.9
1404380 1160.9
1404390 1165.3
1404400 1170.8
1404410 1170.8
1404420 1175.6
1404430 1179.8
1404440 1179.8
1404450 1184.9
1404460 1190.2
1404470 1190.2
1404480 1196.6
1404490 1205.9
1404500 1205.9
1404510 1215.2
1404520 1223.5
1404530 1231.2
1404540 1231.2
1404550 1238.1
1404560 1245.0
1404570 1245.0
1404580 1251.4
1404590 1257.9
1404600 1257.9
1404610 1264.6
1404620 1271.7
1404630 1271.7
1404640 1278.8
1404650 1284.5
1404660 1284.5
1404670 1288.3
1404680 1290.1
1404690 1290.1
1404700 1291.4
1404710 1291.2
1404720 1291.2
1404730 1287.9
1404740 1282.6
1404750 1282.6
1404760 1276.6
1404770 1270.4
1404780 1270.4
1404790 1263.8
1404800 1258.5
1404810 1258.5
1404820 1255.1
1404830 1252.1
1404840 1246.4
1404850 1243.3
1404860 1238.5
1404870 1231.3
1404880 1231.3
1404890 1225.0
1404900 1223.5
1404910 1223.5
1404920 1222.8
1404930 1222.7
1404940 1222.7
1404950 1222.5
1404960 1220.8
1404970 1220.8
1404980 1215.2
1404990 1207.8
1405000 1207.8
1405010 1201.2
1405020 1194.1
1405030 1194.1
1405040 1186.6
1405050 1180.5
1405060 1180.5
1405070 1174.3
1405080 1176.1
1405090 1176.1
1405100 1183.5
1405110 1191.6
1405120 1191.6
1405130 1200.0
1405140 1208.1
1405150 1208.1
1405160 1215.4
1405170 1223.0
1405180 1223.0
1405190 1230.4
1405200 1237.8
1405210 1245.1
1405220 1245.1
1405230 1252.2
1405240 1259.3
1405250 1259.3
1405260 1266.1
1405270 1273.2
1405280 1273.2
1405290 1280.8
1405300 1288.5
1405310 1288.5
1405320 1293.4
1405330 1295.4
1405340 1295.4
1405350 1295.2
1405360 1291.7
1405370 1291.7
1405380 1285.4
1405390 1277.6
1405400 1277.6
1405410 1269.7
1405420 1262.4
1405430 1262.4
1405440 1255.2
1405450 1248.2
1405460 1248.2
1405470 1241.9
1405480 1236.6
1405490 1236.6
1405500 1231.8
1405510 1228.1
1405520 1228.1
1405530 1225.7
1405540 1224.7
1405550 1224.6
1405560 1224.6
1405570 1225.7
1405580 1229.1
1405590 1229.1
1405600 1232.9
1405610 1236.9
1405620 1236.9
1405630 1240.7
1405640 1244.3
1405650 1244.3
1405660 1247.0
1405670 1248.9
1405680 1248.9
1405690 1251.1
1405700 1253.6
1405710 1253.6
1405720 1257.0
1405730 1260.1
1405740 1260.1
1405750 1258.5
1405760 1252.8
1405770 1252.8
1405780 1244.2
1405790 1236.1
1405800 1236.1
1405810 1228.3
1405820 1220.4
1405830 1220.4
1405840 1213.0
1405850 1205.8
1405860 1205.8
1405870 1198.3
1405880 1190.5
1405890 1183.7
1405900 1183.7
1405910 1176.4
1405920 1167.9
1405930 1167.9
1405940 1160.3
1405950 1154.0
1405960 1154.0
1405970 1146.6
1405980 1139.6
1405990 1139.6
1406000 1135.5
1406010 1132.2
1406020 1132.2
1406030 1126.6
1406040 1119.5
1406050 1119.5
1406060 1119.6
1406070 1126.5
1406080 1126.5
1406090 1133.4
1406100 1139.8
1406110 1139.8
1406120 1146.3
1406130 1152.8
1406140 1152.8
1406150 1159.5
1406160 1166.4
1406170 1166.4
1406180 1173.1
1406190 1180.2
1406200 1180.2
1406210 1187.4
1406220 1194.3
1406230 1194.3
1406240 1201.2
1406250 1208.7
1406260 1217.1
1406270 1217.1
1406280 1227.8
1406290 1237.9
1406300 1237.9
1406310 1245.8
1406320 1247.8
1406330 1247.8
1406340 1247.9
1406350 1246.5
1406360 1246.5
1406370 1238.4
1406380 1227.7
1406390 1227.7
1406400 1220.2
1406410 1213.9
1406420 1213.9
1406430 1208.5
1406440 1202.7
1406450 1202.7
1406460 1191.9
1406470 1184.1
1406480 1184.1
1406490 1175.7
1406500 1171.5
1406510 1171.5
1406520 1169.5
1406530 1170.7
1406540 1170.7
1406550 1170.1
1406560 1173.7
1406570 1173.7
1406580 1179.8
1406590 1190.3
1406600 1196.6
1406610 1196.6
1406620 1202.7
1406630 1211.1
1406640 1211.1
1406650 1219.3
1406660 1228.6
1406670 1228.6
1406680 1237.4
1406690 1244.4
1406700 1244.4
1406710 1251.1
1406720 1257.8
1406730 1257.8
1406740 1264.6
1406750 1271.5
1406760 1271.5
1406770 1278.3
1406780 1285.4
1406790 1285.4
1406800 1292.9
1406810 1300.4
1406820 1300.4
1406830 1307.8
1406840 1315.1
1406850 1315.1
1406860 1322.5
1406870 1331.5
1406880 1331.5
1406890 1341.6
1406900 1351.1
1406910 1351.1
1406920 1353.7
1406930 1354.0
1406940 1353.0
1406950 1353.0
1406960 1350.8
1406970 1349.1
1406980 1349.1
1406990 1350.4
1407000 1348.9
1407010 1348.9
1407020 1347.7
1407030 1351.1
1407040 1351.1
1407050 1356.4
1407060 1361.5
1407070 1361.5
1407080 1366.1
1407090 1371.0
1407100 1371.0
1407110 1376.4
1407120 1381.9
1407130 1381.9
1407140 1387.5
1407150 1392.9
1407160 1392.9
1407170 1397.9
1407180 1402.4
1407190 1402.4
1407200 1405.7
1407210 1406.2
1407220 1406.2
1407230 1405.0
1407240 1404.6
1407250 1404.6
1407260 1405.9
1407270 1408.6
1407280 1411.7
1407290 1411.7
1407300 1415.0
1407310 1418.8
1407320 1418.8
1407330 1423.4
1407340 1427.6
1407350 1427.6
1407360 1432.4
1407370 1437.5
1407380 1437.5
1407390 1440.8
1407400 1444.1
1407410 1444.1
1407420 1445.1
1407430 1444.9
1407440 1444.9
1407450 1443.4
1407460 1442.3
1407470 1442.3
1407480 1443.5
1407490 1445.0
1407500 1445.0
1407510 1446.5
1407520 1448.3
1407530 1448.3
1407540 1449.6
1407550 1452.2
1407560 1452.2
1407570 1454.8
1407580 1457.4
1407590 1457.4
1407600 1460.1
1407610 1462.4
1407620 1465.1
1407630 1465.1
1407640 1468.2
1407650 1470.7
1407660 1470.7
1407670 1472.2
1407680 1475.9
1407690 1475.9
1407700 1480.2
1407710 1486.4
1407720 1486.4
1407730 1492.5
1407740 1489.4
1407750 1489.4
1407760 1482.5
1407770 1478.9
1407780 1478.9
1407790 1473.7
1407800 1472.7
1407810 1472.7
1407820 1473.1
1407830 1471.6
1407840 1471.6
1407850 1470.7
1407860 1468.8
1407870 1468.8
1407880 1468.7
1407890 1468.7
1407900 1468.7
1407910 1467.9
1407920 1467.8
1407930 1467.8
1407940 1468.0
1407950 1467.4
1407960 1465.1
1407970 1465.1
1407980 1464.1
1407990 1470.8
1408000 1470.8
1408010 1480.3
1408020 1497.2
1408030 1497.2
1408040 1509.5
1408050 1513.2
1408060 1513.2
1408070 1518.2
1408080 1521.8
1408090 1521.8
1408100 1526.1
1408110 1529.4
1408120 1531.3
1408130 1532.0
1408140 1531.1
1408150 1531.1
1408160 1527.0
1408170 1520.1
1408180 1520.1
1408190 1512.5
1408200 1504.5
1408210 1504.5
1408220 1497.9
1408230 1492.4
1408240 1492.4
1408250 1487.0
1408260 1482.1
1408270 1482.1
1408280 1477.6
1408290 1473.8
1408300 1473.8
1408310 1469.9
1408320 1465.4
1408330 1462.3
1408340 1462.3
1408350 1461.4
1408360 1466.4
1408370 1466.4
1408380 1473.4
1408390 1479.0
1408400 1479.0
1408410 1483.5
1408420 1488.0
1408430 1488.0
1408440 1492.6
1408450 1497.3
1408460 1497.3
1408470 1502.7
1408480 1508.8
1408490 1508.8
1408500 1515.4
1408510 1524.1
1408520 1524.1
1408530 1531.2
1408540 1541.8
1408550 1541.8
1408560 1555.6
1408570 1565.9
1408580 1565.9
1408590 1576.6
1408600 1581.9
1408610 1581.9
1408620 1581.8
1408630 1583.6
1408640 1583.6
1408650 1580.3
1408660 1576.7
1408670 1576.7
1408680 1576.7
1408690 1575.1
1408700 1578.3
1408710 1578.3
1408720 1581.8
1408730 1586.1
1408740 1586.1
1408750 1585.2
1408760 1580.6
1408770 1580.6
1408780 1579.7
1408790 1583.4
1408800 1583.4
1408810 1589.1
1408820 1589.6
1408830 1589.6
1408840 1586.5
1408850 1578.7
1408860 1578.7
1408870 1571.8
1408880 1562.9
1408890 1562.9
1408900 1560.5
1408910 1564.6
1408920 1564.6
1408930 1566.1
1408940 1568.7
1408950 1568.7
1408960 1570.0
1408970 1570.5
1408980 1570.5
1408990 1570.4
1409000 1570.2
1409010 1570.3
1409020 1570.3
1409030 1571.5
1409040 1572.5
1409050 1572.5
1409060 1573.4
1409070 1576.7
1409080 1576.7
1409090 1579.1
1409100 1579.7
1409110 1579.7
1409120 1580.7
1409130 1580.8
1409140 1580.8
1409150 1580.6
1409160 1577.8
1409170 1577.8
1409180 1575.8
1409190 1572.8
1409200 1572.8
1409210 1570.8
1409220 1572.5
1409230 1572.5
1409240 1576.6
1409250 1578.1
1409260 1578.1
1409270 1580.4
1409280 1581.1
1409290 1581.1
1409300 1577.4
1409310 1572.2
1409320 1572.2
1409330 1572.1
1409340 1575.0
1409350 1575.2
1409360 1575.2
1409370 1570.0
1409380 1566.4
1409390 1566.4
1409400 1566.6
1409410 1567.5
1409420 1567.5
1409430 1570.3
1409440 1569.9
1409450 1569.9
1409460 1570.3
1409470 1572.5
1409480 1572.5
1409490 1572.9
1409500 1570.5
1409510 1570.5
1409520 1569.0
1409530 1568.3
1409540 1568.3
1409550 1567.8
1409560 1563.7
1409570 1563.7
1409580 1555.0
1409590 1550.0
1409600 1550.0
1409610 1541.6
1409620 1532.7
1409630 1532.7
1409640 1514.8
1409650 1506.1
1409660 1506.1
1409670 1501.1
1409680 1495.7
1409690 1492.2
1409700 1492.2
1409710 1488.7
1409720 1481.6
1409730 1481.6
1409740 1468.1
1409750 1462.9
1409760 1462.9
1409770 1458.7
1409780 1454.8
1409790 1454.8
1409800 1447.9
1409810 1429.7
1409820 1429.7
1409830 1424.5
1409840 1419.7
1409850 1419.7
1409860 1412.3
1409870 1406.5
1409880 1406.5
1409890 1400.1
1409900 1393.8
1409910 1393.8
1409920 1387.9
1409930 1381.5
1409940 1381.5
1409950 1374.6
1409960 1368.8
1409970 1368.8
1409980 1362.8
1409990 1357.2
1410000 1357.2
1410010 1352.2
1410020 1346.7
1410030 1341.4
1410040 1341.4
1410050 1336.0
1410060 1329.9
1410070 1329.9
1410080 1323.5
1410090 1316.1
1410100 1316.1
1410110 1309.2
1410120 1314.1
1410130 1314.1
1410140 1331.0
1410150 1336.5
1410160 1336.5
1410170 1340.1
1410180 1342.0
1410190 1342.0
1410200 1343.7
1410210 1342.3
1410220 1342.3
1410230 1336.5
1410240 1339.8
1410250 1339.8
1410260 1345.5
1410270 1340.5
1410280 1340.5
1410290 1339.0
1410300 1355.5
1410310 1355.5
1410320 1364.3
1410330 1369.3
1410340 1369.3
1410350 1374.4
1410360 1380.4
1410370 1380.4
1410380 1385.5
1410390 1400.1
1410400 1407.6
1410410 1407.6
1410420 1408.9
1410430 1409.1
1410440 1409.1
1410450 1409.8
1410460 1410.7
1410470 1410.7
1410480 1410.7
1410490 1413.0
1410500 1413.0
1410510 1415.4
1410520 1415.6
1410530 1415.6
1410540 1414.5
1410550 1412.5
1410560 1412.5
1410570 1407.8
1410580 1403.3
1410590 1403.3
1410600 1400.1
1410610 1395.8
1410620 1395.8
1410630 1392.0
1410640 1387.9
1410650 1387.9
1410660 1382.9
1410670 1376.8
1410680 1376.8
1410690 1371.5
1410700 1366.9
1410710 1366.9
1410720 1363.0
1410730 1358.7
1410740 1353.8
1410750 1353.8
1410760 1348.4
1410770 1341.2
1410780 1341.2
1410790 1332.6
1410800 1326.8
1410810 1326.8
1410820 1318.2
1410830 1302.1
1410840 1302.1
1410850 1293.4
1410860 1284.3
1410870 1284.3
1410880 1277.8
1410890 1269.9
1410900 1269.9
1410910 1260.3
1410920 1251.3
1410930 1251.3
1410940 1241.7
1410950 1238.2
1410960 1238.2
1410970 1240.4
1410980 1243.2
1410990 1243.2
1411000 1244.3
1411010 1243.7
1411020 1243.7
1411030 1239.9
1411040 1235.0
1411050 1235.0
1411060 1230.8
1411070 1224.5
1411080 1213.9
1411090 1213.9
1411100 1213.8
1411110 1214.9
1411120 1214.9
1411130 1211.9
1411140 1205.9
1411150 1205.9
1411160 1197.5
1411170 1199.8
1411180 1199.8
1411190 1207.8
1411200 1214.4
1411210 1214.4
1411220 1212.4
1411230 1207.8
1411240 1207.8
1411250 1201.2
1411260 1204.0
1411270 1204.0
1411280 1205.9
1411290 1209.6
1411300 1209.6
1411310 1210.2
1411320 1203.5
1411330 1203.5
1411340 1203.3
1411350 1207.5
1411360 1207.5
1411370 1205.7
1411380 1203.8
1411390 1203.8
1411400 1202.0
1411410 1198.0
1411420 1193.8
1411430 1193.8
1411440 1189.3
1411450 1183.9
1411460 1183.9
1411470 1180.4
1411480 1180.3
1411490 1180.3
1411500 1176.2
1411510 1171.8
1411520 1171.8
1411530 1168.5
1411540 1165.8
1411550 1167.0
1411560 1164.6
1411570 1169.4
1411580 1169.4
1411590 1167.8
1411600 1166.7
1411610 1166.7
1411620 1168.8
1411630 1176.0
1411640 1176.0
1411650 1186.8
1411660 1188.9
1411670 1188.9
1411680 1188.4
1411690 1187.3
1411700 1187.3
1411710 1184.5
1411720 1179.3
1411730 1179.3
1411740 1173.9
1411750 1167.9
1411760 1159.6
1411770 1159.6
1411780 1151.8
1411790 1144.6
1411800 1144.6
1411810 1137.4
1411820 1131.0
1411830 1131.0
1411840 1125.5
1411850 1121.7
1411860 1121.7
1411870 1122.8
1411880 1123.8
1411890 1123.8
1411900 1128.6
1411910 1129.0
1411920 1129.0
1411930 1129.0
1411940 1128.0
1411950 1128.0
1411960 1125.9
1411970 1124.4
1411980 1124.4
1411990 1123.0
1412000 1121.4
1412010 1121.4
1412020 1118.9
1412030 1116.5
1412040 1116.5
1412050 1113.7
1412060 1111.3
1412070 1111.3
1412080 1108.7
1412090 1106.0
1412100 1103.3
1412110 1103.3
1412120 1101.1
1412130 1099.1
1412140 1099.1
1412150 1096.9
1412160 1096.7
1412170 1096.7
1412180 1090.3
1412190 1077.3
1412200 1077.3
1412210 1062.8
1412220 1049.9
1412230 1049.9
1412240 1040.6
1412250 1031.5
1412260 1031.5
1412270 1023.0
1412280 1015.1
1412290 1015.1
1412300 1007.2
1412310 1000.3
1412320 1000.3
1412330 993.7
1412340 987.6
1412350 987.6
1412360 981.5
1412370 975.2
1412380 975.2
1412390 969.3
1412400 964.3
1412410 964.3
1412420 959.0
1412430 950.7
1412440 950.7
1412450 914.8
1412460 902.5
1412470 899.1
1412480 899.1
1412490 901.1
1412500 903.3
1412510 903.3
1412520 909.8
1412530 908.3
1412540 908.3
1412550 904.2
1412560 896.5
1412570 896.5
1412580 889.4
1412590 883.0
1412600 883.0
1412610 876.6
1412620 870.5
1412630 870.5
1412640 864.1
1412650 857.8
1412660 857.8
1412670 850.0
1412680 847.1
1412690 847.1
1412700 848.5
1412710 846.9
1412720 846.9
1412730 845.8
1412740 842.6
1412750 842.6
1412760 837.6
1412770 831.7
1412780 831.7
1412790 825.2
1412800 817.1
1412810 822.9
1412820 822.9
1412830 825.4
1412840 825.2
1412850 825.2
1412860 819.9
1412870 812.4
1412880 812.4
1412890 806.3
1412900 804.4
1412910 804.4
1412920 807.8
1412930 810.5
1412940 810.5
1412950 811.7
1412960 812.3
1412970 812.3
1412980 811.9
1412990 809.8
1413000 809.8
1413010 805.8
1413020 802.3
1413030 802.3
1413040 801.7
1413050 799.9
1413060 799.9
1413070 798.2
1413080 797.4
1413090 797.4
1413100 796.6
1413110 792.2
1413120 792.2
1413130 795.1
1413140 796.2
1413150 796.0
1413160 796.0
1413170 795.9
1413180 794.8
1413190 794.8
1413200 794.5
1413210 794.1
1413220 794.1
1413230 793.3
1413240 793.2
1413250 793.2
1413260 794.2
1413270 794.9
1413280 794.9
1413290 797.7
1413300 802.4
1413310 802.4
1413320 814.6
1413330 817.3
1413340 817.3
1413350 818.7
1413360 818.0
1413370 818.0
1413380 818.5
1413390 819.2
1413400 819.2
1413410 819.9
1413420 821.9
1413430 821.9
1413440 824.7
1413450 826.1
1413460 826.1
1413470 824.6
1413480 824.6
1413490 828.2
1413500 828.2
1413510 828.7
1413520 826.7
1413530 826.7
1413540 827.5
1413550 828.0
1413560 828.0
1413570 829.2
1413580 830.5
1413590 830.5
1413600 828.9
1413610 826.2
1413620 826.2
1413630 822.1
1413640 822.9
1413650 822.9
1413660 820.3
1413670 816.0
1413680 816.0
1413690 811.8
1413700 806.2
1413710 806.2
1413720 799.6
1413730 792.2
1413740 792.2
1413750 785.1
1413760 778.7
1413770 778.7
1413780 765.1
1413790 753.4
1413800 753.4
1413810 756.7
1413820 761.3
1413830 760.1
1413840 760.1
1413850 758.9
1413860 759.3
1413870 759.3
1413880 762.2
1413890 767.1
1413900 767.1
1413910 769.5
1413920 769.5
1413930 769.5
1413940 769.3
1413950 769.0
1413960 769.0
1413970 768.9
1413980 768.8
1413990 768.8
1414000 766.7
1414010 759.7
1414020 759.7
1414030 753.9
1414040 747.5
1414050 747.5
1414060 742.4
1414070 741.0
1414080 741.0
1414090 741.0
1414100 740.9
1414110 740.9
1414120 740.6
1414130 739.0
1414140 739.0
1414150 734.9
1414160 732.6
1414170 735.0
1414180 735.0
1414190 738.0
1414200 741.0
1414210 741.0
1414220 742.5
1414230 743.4
1414240 743.4
1414250 744.3
1414260 745.6
1414270 745.6
1414280 747.4
1414290 749.1
1414300 749.1
1414310 750.6
1414320 752.0
1414330 752.0
1414340 753.5
1414350 755.2
1414360 755.2
1414370 757.6
1414380 760.3
1414390 760.3
1414400 763.3
1414410 764.8
1414420 764.8
1414430 768.8
1414440 771.6
1414450 771.6
1414460 773.3
1414470 775.5
1414480 775.5
1414490 778.1
1414500 782.1
1414510 787.6
1414520 787.6
1414530 792.2
1414540 793.5
1414550 793.5
1414560 794.4
1414570 796.4
1414580 796.4
1414590 801.1
1414600 808.2
1414610 808.2
1414620 815.7
1414630 820.9
1414640 820.9
1414650 822.0
1414660 822.8
1414670 822.8
1414680 827.1
1414690 832.5
1414700 832.5
1414710 837.2
1414720 842.1
1414730 842.1
1414740 846.9
1414750 849.9
1414760 849.9
1414770 847.5
1414780 847.7
1414790 847.7
1414800 841.3
1414810 835.3
1414820 835.3
1414830 832.2
1414840 834.5
1414850 834.5
1414860 839.0
1414870 842.8
1414880 840.8
1414890 840.8
1414900 835.8
1414910 833.3
1414920 833.3
1414930 835.9
1414940 833.6
1414950 833.6
1414960 823.1
1414970 815.1
1414980 815.1
1414990 818.0
1415000 829.5
1415010 829.5
1415020 837.6
1415030 842.6
1415040 842.6
1415050 850.9
1415060 852.4
1415070 852.4
1415080 844.9
1415090 853.8
1415100 853.8
1415110 860.2
1415120 866.6
1415130 866.6
1415140 873.7
1415150 883.0
1415160 883.0
1415170 892.3
1415180 900.5
1415190 900.5
1415200 907.6
1415210 914.3
1415220 921.5
1415230 921.5
1415240 928.9
1415250 936.8
1415260 936.8
1415270 943.2
1415280 947.2
1415290 947.2
1415300 952.1
1415310 958.5
1415320 958.5
1415330 964.8
1415340 971.5
1415350 971.5
1415360 978.5
1415370 985.2
1415380 985.2
1415390 992.3
1415400 999.4
1415410 999.4
1415420 1006.5
1415430 1013.7
1415440 1013.7
1415450 1021.4
1415460 1028.7
1415470 1028.7
1415480 1035.6
1415490 1042.5
1415500 1042.5
1415510 1049.3
1415520 1056.2
1415530 1056.2
1415540 1063.2
1415550 1070.1
1415560 1077.1
1415570 1077.1
1415580 1084.7
1415590 1092.1
1415600 1092.1
1415610 1097.9
1415620 1102.8
1415630 1102.8
1415640 1106.7
1415650 1112.1
1415660 1112.1
1415670 1115.8
1415680 1117.4
1415690 1117.4
1415700 1118.1
1415710 1119.2
1415720 1119.2
1415730 1121.1
1415740 1123.3
1415750 1123.3
1415760 1124.7
1415770 1125.8
1415780 1125.8
1415790 1126.5
1415800 1128.0
1415810 1128.0
1415820 1129.1
1415830 1130.3
1415840 1130.3
1415850 1133.5
1415860 1137.4
1415870 1137.4
1415880 1143.6
1415890 1150.2
1415900 1158.1
1415910 1158.1
1415920 1164.2
1415930 1168.7
1415940 1168.7
1415950 1172.3
1415960 1176.7
1415970 1176.7
1415980 1181.7
1415990 1187.0
1416000 1187.0
1416010 1193.5
1416020 1202.0
1416030 1202.0
1416040 1211.6
1416050 1215.6
1416060 1215.6
1416070 1219.1
1416080 1223.6
1416090 1223.6
1416100 1229.3
1416110 1233.8
1416120 1233.8
1416130 1237.0
1416140 1237.4
1416150 1237.4
1416160 1239.5
1416170 1243.0
1416180 1243.0
1416190 1248.7
1416200 1253.9
1416210 1253.9
1416220 1259.5
1416230 1264.2
1416240 1269.4
1416250 1269.4
1416260 1275.6
1416270 1282.8
1416280 1282.8
1416290 1288.6
1416300 1294.9
1416310 1294.9
1416320 1303.1
1416330 1312.3
1416340 1312.3
1416350 1320.2
1416360 1326.9
1416370 1326.9
1416380 1333.6
1416390 1341.3
1416400 1341.3
1416410 1347.2
1416420 1345.7
1416430 1345.7
1416440 1349.2
1416450 1356.1
1416460 1356.1
1416470 1364.7
1416480 1375.8
1416490 1375.8
1416500 1382.5
1416510 1397.7
1416520 1397.7
1416530 1401.1
1416540 1396.2
1416550 1396.2
1416560 1386.7
1416570 1392.8
1416580 1392.8
1416590 1403.6
1416600 1401.2
1416610 1403.9
1416620 1403.9
1416630 1414.0
1416640 1422.0
1416650 1422.0
1416660 1421.9
1416670 1400.2
1416680 1400.2
1416690 1399.0
1416700 1410.8
1416710 1410.8
1416720 1420.9
1416730 1430.9
1416740 1430.9
1416750 1442.0
1416760 1440.5
1416770 1440.5
1416780 1440.0
1416790 1446.7
1416800 1446.7
1416810 1455.6
1416820 1463.3
1416830 1463.3
1416840 1473.1
1416850 1499.4
1416860 1499.4
1416870 1527.7
1416880 1534.5
1416890 1534.5
1416900 1540.3
1416910 1553.3
1416920 1553.3
1416930 1555.9
1416940 1557.8
1416950 1562.5
1416960 1562.5
1416970 1563.3
1416980 1561.6
1416990 1561.6
1417000 1553.6
1417010 1545.4
1417020 1562.2
1417030 1548.0
1417040 1532.3
1417050 1532.3
1417060 1524.2
1417070 1518.8
1417080 1518.8
1417090 1512.0
1417100 1506.4
1417110 1506.4
1417120 1503.0
1417130 1496.2
1417140 1496.2
1417150 1481.5
1417160 1474.0
1417170 1474.0
1417180 1469.1
1417190 1461.9
1417200 1461.9
1417210 1453.2
1417220 1443.6
1417230 1443.6
1417240 1437.5
1417250 1430.1
1417260 1430.1
1417270 1422.6
1417280 1410.9
1417290 1405.8
1417300 1405.8
1417310 1401.6
1417320 1395.0
1417330 1395.0
1417340 1385.4
1417350 1377.8
1417360 1377.8
1417370 1370.0
1417380 1361.0
1417390 1361.0
1417400 1350.4
1417410 1338.0
1417420 1338.0
1417430 1332.2
1417440 1324.3
1417450 1324.3
1417460 1317.0
1417470 1307.6
1417480 1307.6
1417490 1297.9
1417500 1293.8
1417510 1293.8
1417520 1295.5
1417530 1294.6
1417540 1294.6
1417550 1289.1
1417560 1281.6
1417570 1281.6
1417580 1274.9
1417590 1272.5
1417600 1272.5
1417610 1272.9
1417620 1279.2
1417630 1293.3
1417640 1293.3
1417650 1304.9
1417660 1314.3
1417670 1314.3
1417680 1317.7
1417690 1317.9
1417700 1317.9
1417710 1318.4
1417720 1318.2
1417730 1318.2
1417740 1315.3
1417750 1309.4
1417760 1309.4
1417770 1302.6
1417780 1295.5
1417790 1295.5
1417800 1291.0
1417810 1284.8
1417820 1284.8
1417830 1280.6
1417840 1274.9
1417850 1274.9
1417860 1260.4
1417870 1252.7
1417880 1252.7
1417890 1243.3
1417900 1231.2
1417910 1231.2
1417920 1220.4
1417930 1212.5
1417940 1212.5
1417950 1206.0
1417960 1199.0
1417970 1193.7
1417980 1193.7
1417990 1188.6
1418000 1183.6
1418010 1183.6
1418020 1179.0
1418030 1174.1
1418040 1174.1
1418050 1166.8
1418060 1162.1
1418070 1162.1
1418080 1157.1
1418090 1141.1
1418100 1141.1
1418110 1122.4
1418120 1119.6
1418130 1119.6
1418140 1112.1
1418150 1097.6
1418160 1097.6
1418170 1089.6
1418180 1082.0
1418190 1082.0
1418200 1075.0
1418210 1067.5
1418220 1067.5
1418230 1060.4
1418240 1053.8
1418250 1053.8
1418260 1047.4
1418270 1041.6
1418280 1041.6
1418290 1037.0
1418300 1033.1
1418310 1029.3
1418320 1029.3
1418330 1026.0
1418340 1023.8
1418350 1023.8
1418360 1021.7
1418370 1019.1
1418380 1019.1
1418390 1017.4
1418400 1017.2
1418410 1017.2
1418420 1016.6
1418430 1015.2
1418440 1015.2
1418450 1013.0
1418460 1010.1
1418470 1010.1
1418480 1008.4
1418490 1007.8
1418500 1007.8
1418510 1007.0
1418520 1006.0
1418530 1006.0
1418540 1005.3
1418550 1003.7
1418560 1003.7
1418570 1001.4
1418580 997.3
1418590 997.3
1418600 993.3
1418610 990.5
1418620 990.5
1418630 989.3
1418640 987.9
1418650 987.9
1418660 986.3
1418670 984.4
1418680 982.3
1418690 982.3
1418700 982.4
1418710 983.3
1418720 983.3
1418730 982.7
1418740 983.4
1418750 983.4
1418760 982.9
1418770 981.8
1418780 981.8
1418790 980.6
1418800 977.3
1418810 977.3
1418820 974.3
1418830 967.6
1418840 967.6
1418850 958.8
1418860 953.0
1418870 953.0
1418880 949.6
1418890 925.7
1418900 925.7
1418910 905.2
1418920 901.1
1418930 901.1
1418940 903.2
1418950 902.3
1418960 902.3
1418970 902.3
1418980 895.4
1418990 895.4
1419000 885.3
1419010 877.3
1419020 870.3
1419030 870.3
1419040 861.7
1419050 856.2
1419060 856.2
1419070 852.4
1419080 848.1
1419090 848.1
1419100 843.7
1419110 839.2
1419120 839.2
1419130 833.9
1419140 829.3
1419150 829.3
1419160 824.9
1419170 820.8
1419180 820.8
1419190 816.8
1419200 812.4
1419210 812.4
1419220 801.5
1419230 790.7
1419240 790.7
1419250 783.5
1419260 778.0
1419270 778.0
1419280 772.4
1419290 766.0
1419300 766.0
1419310 759.8
1419320 754.4
1419330 754.4
1419340 749.8
1419350 744.2
1419360 737.8
1419370 737.8
1419380 732.4
1419390 726.7
1419400 726.7
1419410 717.0
1419420 710.7
1419430 710.7
1419440 707.1
1419450 701.6
1419460 701.6
1419470 694.6
1419480 688.6
1419490 688.6
1419500 682.6
1419510 677.3
1419520 677.3
1419530 672.5
1419540 667.9
1419550 667.9
1419560 664.5
1419570 663.3
1419580 663.3
1419590 663.1
1419600 663.0
1419610 663.0
1419620 661.9
1419630 661.7
1419640 661.7
1419650 661.7
1419660 661.7
1419670 661.7
1419680 662.1
1419690 663.1
1419700 663.2
1419710 663.2
1419720 663.1
1419730 663.1
1419740 663.1
1419750 663.6
1419760 664.4
1419770 664.4
1419780 664.8
1419790 664.7
1419800 664.7
1419810 664.2
1419820 664.4
1419830 664.4
1419840 664.4
1419850 664.4
1419860 664.4
1419870 664.3
1419880 664.0
1419890 664.0
1419900 663.8
1419910 663.8
1419920 663.8
1419930 664.3
1419940 665.0
1419950 665.0
1419960 665.0
1419970 665.4
1419980 665.4
1419990 665.7
