1400000 855.6
1400010 857.4
1400020 857.4
1400030 857.6
1400040 857.6
1400050 857.6
1400060 858.4
1400070 859.8
1400080 859.8
1400090 864.0
1400100 869.6
1400110 869.6
1400120 875.5
1400130 881.5
1400140 881.5
1400150 887.5
1400160 893.4
1400170 889.9
1400180 895.6
1400190 901.3
1400200 901.3
1400210 906.8
1400220 912.3
1400230 912.3
1400240 918.4
1400250 925.0
1400260 925.0
1400270 932.7
1400280 941.0
1400290 948.9
1400300 948.9
1400310 956.5
1400320 964.3
1400330 964.3
1400340 975.1
1400350 992.2
1400360 992.2
1400370 1005.1
1400380 1014.5
1400390 1014.5
1400400 1023.8
1400410 1033.9
1400420 1033.9
1400430 1042.8
1400440 1052.1
1400450 1052.1
1400460 1051.2
1400470 1053.5
1400480 1053.5
1400490 1059.3
1400500 1063.1
1400510 1063.1
1400520 1062.4
1400530 1062.1
1400540 1062.1
1400550 1066.7
1400560 1073.3
1400570 1073.3
1400580 1078.0
1400590 1081.2
1400600 1081.2
1400610 1083.8
1400620 1089.6
1400630 1095.0
1400640 1095.0
1400650 1098.2
1400660 1096.6
1400670 1096.6
1400680 1093.8
1400690 1096.2
1400700 1096.2
1400710 1102.2
1400720 1108.5
1400730 1108.5
1400740 1116.4
1400750 1124.5
1400760 1124.5
1400770 1132.5
1400780 1139.3
1400790 1139.3
1400800 1144.6
1400810 1145.6
1400820 1145.6
1400830 1152.2
1400840 1158.5
1400850 1158.5
1400860 1162.1
1400870 1165.8
1400880 1165.8
1400890 1167.9
1400900 1167.8
1400910 1167.8
1400920 1171.0
1400930 1177.7
1400940 1177.7
1400950 1183.8
1400960 1189.0
1400970 1189.0
1400980 1193.9
1400990 1199.8
1401000 1206.8
1401010 1206.8
1401020 1212.9
1401030 1218.4
1401040 1218.4
1401050 1223.8
1401060 1229.0
1401070 1229.0
1401080 1234.0
1401090 1239.0
1401100 1239.0
1401110 1243.7
1401120 1248.7
1401130 1248.7
1401140 1255.0
1401150 1261.0
1401160 1261.0
1401170 1266.4
1401180 1271.6
1401190 1271.6
1401200 1276.5
1401210 1280.8
1401220 1280.8
1401230 1285.1
1401240 1289.8
1401250 1289.8
1401260 1294.1
1401270 1297.0
1401280 1297.0
1401290 1300.1
1401300 1303.6
1401310 1303.6
1401320 1307.4
1401330 1308.9
1401340 1308.4
1401350 1308.4
1401360 1307.7
1401370 1307.7
1401380 1307.7
1401390 1308.5
1401400 1308.6
1401410 1308.6
1401420 1308.0
1401430 1306.4
1401440 1306.4
1401450 1304.1
1401460 1302.1
1401470 1302.1
1401480 1300.5
1401490 1300.2
1401500 1300.2
1401510 1298.6
1401520 1297.1
1401530 1297.1
1401540 1296.1
1401550 1294.4
1401560 1294.4
1401570 1292.7
1401580 1293.4
1401590 1293.4
1401600 1291.6
1401610 1288.1
1401620 1288.1
1401630 1285.8
1401640 1280.4
1401650 1280.4
1401660 1282.1
1401670 1288.5
1401680 1288.5
1401690 1286.7
1401700 1290.9
1401710 1296.9
1401720 1296.9
1401730 1303.0
1401740 1307.3
1401750 1307.3
1401760 1307.1
1401770 1304.1
1401780 1304.1
1401790 1299.2
1401800 1293.1
1401810 1293.1
1401820 1289.7
1401830 1295.8
1401840 1295.8
1401850 1302.9
1401860 1310.3
1401870 1310.3
1401880 1318.0
1401890 1326.8
1401900 1326.8
1401910 1335.7
1401920 1346.8
1401930 1346.8
1401940 1356.0
1401950 1362.2
1401960 1362.2
1401970 1366.5
1401980 1365.4
1401990 1365.4
1402000 1361.4
1402010 1362.4
1402020 1362.4
1402030 1362.8
1402040 1363.7
1402050 1368.9
1402060 1368.9
1402070 1378.5
1402080 1394.7
1402090 1394.7
1402100 1409.2
1402110 1418.3
1402120 1418.3
1402130 1423.0
1402140 1424.6
1402150 1424.6
1402160 1426.1
1402170 1429.9
1402180 1429.9
1402190 1434.9
1402200 1439.6
1402210 1439.6
1402220 1442.5
1402230 1444.6
1402240 1444.6
1402250 1440.1
1402260 1439.4
1402270 1439.4
1402280 1443.8
1402290 1447.8
1402300 1447.8
1402310 1451.2
1402320 1454.6
1402330 1454.6
1402340 1457.2
1402350 1455.0
1402360 1455.0
1402370 1453.3
1402380 1452.5
1402390 1452.5
1402400 1452.5
1402410 1452.6
1402420 1452.9
1402430 1452.9
1402440 1453.3
1402450 1452.3
1402460 1452.3
1402470 1449.2
1402480 1443.9
1402490 1443.9
1402500 1438.1
1402510 1432.6
1402520 1432.6
1402530 1429.6
1402540 1427.9
1402550 1427.9
1402560 1426.2
1402570 1422.8
1402580 1422.8
1402590 1418.4
1402600 1412.9
1402610 1412.9
1402620 1406.3
1402630 1398.8
1402640 1398.8
1402650 1392.3
1402660 1386.7
1402670 1386.7
1402680 1379.5
1402690 1373.5
1402700 1373.5
1402710 1373.6
1402720 1377.2
1402730 1377.2
1402740 1376.7
1402750 1371.9
1402760 1369.5
1402770 1369.5
1402780 1371.0
1402790 1369.0
1402800 1369.0
1402810 1369.3
1402820 1372.8
1402830 1372.8
1402840 1377.8
1402850 1381.1
1402860 1381.1
1402870 1382.0
1402880 1382.8
1402890 1382.8
1402900 1382.6
1402910 1380.3
1402920 1380.3
1402930 1374.0
1402940 1366.0
1402950 1366.0
1402960 1358.7
1402970 1352.4
1402980 1352.4
1402990 1344.8
1403000 1335.0
1403010 1335.0
1403020 1325.3
1403030 1315.4
1403040 1315.4
1403050 1308.2
1403060 1305.1
1403070 1305.1
1403080 1305.1
1403090 1306.8
1403100 1314.5
1403110 1314.5
1403120 1322.8
1403130 1324.3
1403140 1324.3
1403150 1320.8
1403160 1317.1
1403170 1317.1
1403180 1315.6
1403190 1313.4
1403200 1313.4
1403210 1309.9
1403220 1298.7
1403230 1298.7
1403240 1290.0
1403250 1278.1
1403260 1278.1
1403270 1270.0
1403280 1261.9
1403290 1261.9
1403300 1252.5
1403310 1248.7
1403320 1248.7
1403330 1242.6
1403340 1232.9
1403350 1232.9
1403360 1232.3
1403370 1233.3
1403380 1233.3
1403390 1236.3
1403400 1231.5
1403410 1231.5
1403420 1226.8
1403430 1224.5
1403440 1224.5
1403450 1217.4
1403460 1213.0
1403470 1210.1
1403480 1210.1
1403490 1209.4
1403500 1208.8
1403510 1208.8
1403520 1211.3
1403530 1215.2
1403540 1215.2
1403550 1216.0
1403560 1214.7
1403570 1214.7
1403580 1213.4
1403590 1209.6
1403600 1209.6
1403610 1201.8
1403620 1194.2
1403630 1194.2
1403640 1186.4
1403650 1177.7
1403660 1177.7
1403670 1172.6
1403680 1171.5
1403690 1171.5
1403700 1170.4
1403710 1167.2
1403720 1167.2
1403730 1166.8
1403740 1164.9
1403750 1164.9
1403760 1164.0
1403770 1163.9
1403780 1163.9
1403790 1164.4
1403800 1166.4
1403810 1168.7
1403820 1168.7
1403830 1170.5
1403840 1172.8
1403850 1172.8
1403860 1173.8
1403870 1175.0
1403880 1175.0
1403890 1175.9
1403900 1179.4
1403910 1179.4
1403920 1184.3
1403930 1189.4
1403940 1189.4
1403950 1194.9
1403960 1203.0
1403970 1203.0
1403980 1208.3
1403990 1213.5
1404000 1213.5
1404010 1218.9
1404020 1222.9
1404030 1222.9
1404040 1227.0
1404050 1232.7
1404060 1232.7
1404070 1239.1
1404080 1246.0
1404090 1246.0
1404100 1252.7
1404110 1258.3
1404120 1258.3
1404130 1262.1
1404140 1265.6
1404150 1265.6
1404160 1268.6
1404170 1272.0
1404180 1276.0
1404190 1276.0
1404200 1280.0
1404210 1283.1
1404220 1283.1
1404230 1280.2
1404240 1283.4
1404250 1283.4
1404260 1281.3
1404270 1277.5
1404280 1277.5
1404290 1274.2
1404300 1265.9
1404310 1265.9
1404320 1259.7
1404330 1257.2
1404340 1257.2
1404350 1256.9
1404360 1264.7
1404370 1264.7
1404380 1277.4
1404390 1282.3
1404400 1282.3
1404410 1288.2
1404420 1289.7
1404430 1289.7
1404440 1294.7
1404450 1298.6
1404460 1298.6
1404470 1303.7
1404480 1314.0
1404490 1314.0
1404500 1331.8
1404510 1358.6
1404520 1376.7
1404530 1376.7
1404540 1386.7
1404550 1395.2
1404560 1395.2
1404570 1407.4
1404580 1431.2
1404590 1431.2
1404600 1442.6
1404610 1448.1
1404620 1448.1
1404630 1453.2
1404640 1459.3
1404650 1459.3
1404660 1467.2
1404670 1478.4
1404680 1478.4
1404690 1487.7
1404700 1487.0
1404710 1487.0
1404720 1492.4
1404730 1501.4
1404740 1501.4
1404750 1507.8
1404760 1512.3
1404770 1512.3
1404780 1513.0
1404790 1511.7
1404800 1511.7
1404810 1515.8
1404820 1521.8
1404830 1545.4
1404840 1544.9
1404850 1542.9
1404860 1545.7
1404870 1545.7
1404880 1550.7
1404890 1553.5
1404900 1553.5
1404910 1558.0
1404920 1567.0
1404930 1567.0
1404940 1579.3
1404950 1587.1
1404960 1587.1
1404970 1605.7
1404980 1628.9
1404990 1628.9
1405000 1645.3
1405010 1653.2
1405020 1653.2
1405030 1656.3
1405040 1666.0
1405050 1666.0
1405060 1683.9
1405070 1702.4
1405080 1702.4
1405090 1711.0
1405100 1726.2
1405110 1726.2
1405120 1733.8
1405130 1743.9
1405140 1743.9
1405150 1764.3
1405160 1780.6
1405170 1780.6
1405180 1798.5
1405190 1821.9
1405200 1821.9
1405210 1836.8
1405220 1831.3
1405230 1825.9
1405240 1825.9
1405250 1822.4
1405260 1831.7
1405270 1831.7
1405280 1848.8
1405290 1853.3
1405300 1853.3
1405310 1871.7
1405320 1890.1
1405330 1890.1
1405340 1909.9
1405350 1917.4
1405360 1917.4
1405370 1928.9
1405380 1942.6
1405390 1942.6
1405400 1976.5
1405410 2068.9
1405420 2068.9
1405430 2087.9
1405440 2082.5
1405450 2082.5
1405460 2087.5
1405470 2142.8
1405480 2142.8
1405490 2164.9
1405500 2170.9
1405510 2170.9
1405520 2186.0
1405530 2192.0
1405540 2192.0
1405550 2191.8
1405560 2190.9
1405570 2189.2
1405580 2189.2
1405590 2186.0
1405600 2188.0
1405610 2188.0
1405620 2194.1
1405630 2210.3
1405640 2210.3
1405650 2220.0
1405660 2218.4
1405670 2218.4
1405680 2215.7
1405690 2212.5
1405700 2212.5
1405710 2206.4
1405720 2195.2
1405730 2195.2
1405740 2187.0
1405750 2182.5
1405760 2182.5
1405770 2175.5
1405780 2160.5
1405790 2160.5
1405800 2154.1
1405810 2166.2
1405820 2166.2
1405830 2182.7
1405840 2193.2
1405850 2193.2
1405860 2199.4
1405870 2194.1
1405880 2194.1
1405890 2184.9
1405900 2172.8
1405910 2172.8
1405920 2161.4
1405930 2146.0
1405940 2135.0
1405950 2135.0
1405960 2127.5
1405970 2117.7
1405980 2117.7
1405990 2109.7
1406000 2108.3
1406010 2108.3
1406020 2100.9
1406030 2088.5
1406040 2088.5
1406050 2073.3
1406060 2063.0
1406070 2063.0
1406080 2056.4
1406090 2049.3
1406100 2049.3
1406110 2036.8
1406120 2019.6
1406130 2019.6
1406140 2011.5
1406150 2003.7
1406160 2003.7
1406170 1994.0
1406180 1972.8
1406190 1972.8
1406200 1949.8
1406210 1941.9
1406220 1941.9
1406230 1938.1
1406240 1938.7
1406250 1938.7
1406260 1939.5
1406270 1937.2
1406280 1930.3
1406290 1930.3
1406300 1927.0
1406310 1922.5
1406320 1922.5
1406330 1911.7
1406340 1903.2
1406350 1903.2
1406360 1893.4
1406370 1882.0
1406380 1882.0
1406390 1872.7
1406400 1848.6
1406410 1848.6
1406420 1819.8
1406430 1813.7
1406440 1813.7
1406450 1812.8
1406460 1784.3
1406470 1784.3
1406480 1773.4
1406490 1755.7
1406500 1755.7
1406510 1738.4
1406520 1724.2
1406530 1724.2
1406540 1717.9
1406550 1712.4
1406560 1712.4
1406570 1712.7
1406580 1717.9
1406590 1717.9
1406600 1717.5
1406610 1714.2
1406620 1714.2
1406630 1710.8
1406640 1710.2
1406650 1709.2
1406660 1709.2
1406670 1706.6
1406680 1699.1
1406690 1699.1
1406700 1690.1
1406710 1658.6
1406720 1658.6
1406730 1654.2
1406740 1658.6
1406750 1658.6
1406760 1671.2
1406770 1688.1
1406780 1688.1
1406790 1706.4
1406800 1718.7
1406810 1718.7
1406820 1726.3
1406830 1732.8
1406840 1732.8
1406850 1737.5
1406860 1740.8
1406870 1740.8
1406880 1743.5
1406890 1749.4
1406900 1749.4
1406910 1756.1
1406920 1771.0
1406930 1771.0
1406940 1794.2
1406950 1818.5
1406960 1818.5
1406970 1828.2
1406980 1833.8
1406990 1840.3
1407000 1840.3
1407010 1848.6
1407020 1858.0
1407030 1858.0
1407040 1867.6
1407050 1880.8
1407060 1880.8
1407070 1899.3
1407080 1905.5
1407090 1905.5
1407100 1906.6
1407110 1917.9
1407120 1917.9
1407130 1928.9
1407140 1945.3
1407150 1945.3
1407160 1973.2
1407170 2007.7
1407180 2007.7
1407190 2013.7
1407200 2013.9
1407210 2013.9
1407220 2030.6
1407230 2084.7
1407240 2084.7
1407250 2081.4
1407260 2098.6
1407270 2098.6
1407280 2095.5
1407290 2087.9
1407300 2087.9
1407310 2080.2
1407320 2076.2
1407330 2091.1
1407340 2091.1
1407350 2105.4
1407360 2099.8
1407370 2099.8
1407380 2123.4
1407390 2174.9
1407400 2174.9
1407410 2186.7
1407420 2186.8
1407430 2186.8
1407440 2178.9
1407450 2171.7
1407460 2171.7
1407470 2164.3
1407480 2156.1
1407490 2156.1
1407500 2140.7
1407510 2113.0
1407520 2113.0
1407530 2092.3
1407540 2083.1
1407550 2083.1
1407560 2075.5
1407570 2064.2
1407580 2064.2
1407590 2048.8
1407600 2041.0
1407610 2041.0
1407620 2036.1
1407630 2032.3
1407640 2032.3
1407650 2030.8
1407660 2025.8
1407670 2025.8
1407680 2020.7
1407690 2007.9
1407700 1991.7
1407710 1991.7
1407720 1985.0
1407730 1985.3
1407740 1985.3
1407750 1987.8
1407760 1986.4
1407770 1986.4
1407780 1982.7
1407790 1972.1
1407800 1972.1
1407810 1968.1
1407820 2007.4
1407830 2007.4
1407840 2028.5
1407850 2036.7
1407860 2036.7
1407870 2046.8
1407880 2062.9
1407890 2062.9
1407900 2083.3
1407910 2101.5
1407920 2101.5
1407930 2124.7
1407940 2156.8
1407950 2156.8
1407960 2165.6
1407970 2180.8
1407980 2180.8
1407990 2177.5
1408000 2167.5
1408010 2167.5
1408020 2154.9
1408030 2139.1
1408040 2129.0
1408050 2129.0
1408060 2125.5
1408070 2116.7
1408080 2116.7
1408090 2112.1
1408100 2120.8
1408110 2111.9
1408120 2132.0
1408130 2157.3
1408140 2157.3
1408150 2155.1
1408160 2151.0
1408170 2151.0
1408180 2150.2
1408190 2161.4
1408200 2161.4
1408210 2188.1
1408220 2190.3
1408230 2190.3
1408240 2181.7
1408250 2177.2
1408260 2177.2
1408270 2173.4
1408280 2169.6
1408290 2169.6
1408300 2165.1
1408310 2157.7
1408320 2157.7
1408330 2151.9
1408340 2148.4
1408350 2148.4
1408360 2146.6
1408370 2149.8
1408380 2149.8
1408390 2150.8
1408400 2146.1
1408410 2139.9
1408420 2139.9
1408430 2139.3
1408440 2140.5
1408450 2140.5
1408460 2138.5
1408470 2139.6
1408480 2139.6
1408490 2154.5
1408500 2177.9
1408510 2177.9
1408520 2197.7
1408530 2219.3
1408540 2219.3
1408550 2252.9
1408560 2271.8
1408570 2271.8
1408580 2275.2
1408590 2272.7
1408600 2272.7
1408610 2264.5
1408620 2254.9
1408630 2254.9
1408640 2245.7
1408650 2237.8
1408660 2237.8
1408670 2229.3
1408680 2219.9
1408690 2219.9
1408700 2211.1
1408710 2199.7
1408720 2199.7
1408730 2191.4
1408740 2181.4
1408750 2170.8
1408760 2170.8
1408770 2151.4
1408780 2136.9
1408790 2136.9
1408800 2122.2
1408810 2113.2
1408820 2113.2
1408830 2107.1
1408840 2100.7
1408850 2100.7
1408860 2094.1
1408870 2087.3
1408880 2087.3
1408890 2081.4
1408900 2077.2
1408910 2077.2
1408920 2075.4
1408930 2072.5
1408940 2072.5
1408950 2069.8
1408960 2066.7
1408970 2066.7
1408980 2065.2
1408990 2063.4
1409000 2063.4
1409010 2060.8
1409020 2058.7
1409030 2058.7
1409040 2058.6
1409050 2058.8
1409060 2058.8
1409070 2059.1
1409080 2057.1
1409090 2057.1
1409100 2059.2
1409110 2075.3
1409120 2082.7
1409130 2082.7
1409140 2091.8
1409150 2108.9
1409160 2108.9
1409170 2141.7
1409180 2134.0
1409190 2134.0
1409200 2115.9
1409210 2103.2
1409220 2103.2
1409230 2094.3
1409240 2087.1
1409250 2087.1
1409260 2081.3
1409270 2075.4
1409280 2075.4
1409290 2068.7
1409300 2062.8
1409310 2062.8
1409320 2057.7
1409330 2055.5
1409340 2055.5
1409350 2058.2
1409360 2069.9
1409370 2069.9
1409380 2092.1
1409390 2080.8
1409400 2080.8
1409410 2070.6
1409420 2074.3
1409430 2074.3
1409440 2085.3
1409450 2082.9
1409460 2071.8
1409470 2071.8
1409480 2063.9
1409490 2072.0
1409500 2072.0
1409510 2071.9
1409520 2062.2
1409530 2062.2
1409540 2089.4
1409550 2102.3
1409560 2102.3
1409570 2091.4
1409580 2082.0
1409590 2082.0
1409600 2073.8
1409610 2065.8
1409620 2065.8
1409630 2058.5
1409640 2051.1
1409650 2051.1
1409660 2041.3
1409670 2029.4
1409680 2029.4
1409690 2022.7
1409700 2018.1
1409710 2018.1
1409720 2010.9
1409730 2005.3
1409740 2005.3
1409750 2000.4
1409760 1994.6
1409770 1994.6
1409780 1988.5
1409790 1982.5
1409800 1980.9
1409810 1973.8
1409820 1974.4
1409830 1971.5
1409840 1971.5
1409850 1970.8
1409860 1970.4
1409870 1970.4
1409880 1967.2
1409890 1962.0
1409900 1962.0
1409910 1957.5
1409920 1953.5
1409930 1953.5
1409940 1950.4
1409950 1951.5
1409960 1951.5
1409970 1951.7
1409980 1953.6
1409990 1953.6
1410000 1950.6
1410010 1946.5
1410020 1946.5
1410030 1945.1
1410040 1945.8
1410050 1945.8
1410060 1945.2
1410070 1940.7
1410080 1940.7
1410090 1936.9
1410100 1934.0
1410110 1934.0
1410120 1930.2
1410130 1924.2
1410140 1924.2
1410150 1916.6
1410160 1909.4
1410170 1904.0
1410180 1904.0
1410190 1899.5
1410200 1895.6
1410210 1895.6
1410220 1892.3
1410230 1888.3
1410240 1888.3
1410250 1883.1
1410260 1878.5
1410270 1878.5
1410280 1877.4
1410290 1877.5
1410300 1877.5
1410310 1875.2
1410320 1871.9
1410330 1871.9
1410340 1869.2
1410350 1866.2
1410360 1866.2
1410370 1860.1
1410380 1854.7
1410390 1854.7
1410400 1850.0
1410410 1845.5
1410420 1845.5
1410430 1839.8
1410440 1833.0
1410450 1833.0
1410460 1824.7
1410470 1819.8
1410480 1819.8
1410490 1814.4
1410500 1805.5
1410510 1795.4
1410520 1795.4
1410530 1784.7
1410540 1774.8
1410550 1774.8
1410560 1766.5
1410570 1757.2
1410580 1757.2
1410590 1750.6
1410600 1740.0
1410610 1740.0
1410620 1731.8
1410630 1725.2
1410640 1725.2
1410650 1719.8
1410660 1714.0
1410670 1714.0
1410680 1707.7
1410690 1701.5
1410700 1701.5
1410710 1695.7
1410720 1690.2
1410730 1690.2
1410740 1683.3
1410750 1677.0
1410760 1677.0
1410770 1669.5
1410780 1660.2
1410790 1660.2
1410800 1652.0
1410810 1644.4
1410820 1644.4
1410830 1637.2
1410840 1629.0
1410850 1629.0
1410860 1622.5
1410870 1615.8
1410880 1610.4
1410890 1610.4
1410900 1620.1
1410910 1645.8
1410920 1645.8
1410930 1636.8
1410940 1640.6
1410950 1640.6
1410960 1636.3
1410970 1634.9
1410980 1634.9
1410990 1627.3
1411000 1620.5
1411010 1620.5
1411020 1611.8
1411030 1605.0
1411040 1605.0
1411050 1600.5
1411060 1595.3
1411070 1595.3
1411080 1591.9
1411090 1586.1
1411100 1586.1
1411110 1582.8
1411120 1580.3
1411130 1580.3
1411140 1575.3
1411150 1569.4
1411160 1569.4
1411170 1560.0
1411180 1550.4
1411190 1550.4
1411200 1541.7
1411210 1530.3
1411220 1535.0
1411230 1535.0
1411240 1549.1
1411250 1565.9
1411260 1565.9
1411270 1580.7
1411280 1571.9
1411290 1571.9
1411300 1564.4
1411310 1575.5
1411320 1575.5
1411330 1580.2
1411340 1586.7
1411350 1586.7
1411360 1592.5
1411370 1594.6
1411380 1594.6
1411390 1596.8
1411400 1606.1
1411410 1606.1
1411420 1623.0
1411430 1616.9
1411440 1616.9
1411450 1624.2
1411460 1636.6
1411470 1636.6
1411480 1646.7
1411490 1654.2
1411500 1654.2
1411510 1670.9
1411520 1678.4
1411530 1678.4
1411540 1669.7
1411550 1676.8
1411560 1678.1
1411570 1678.1
1411580 1676.4
1411590 1671.9
1411600 1671.9
1411610 1659.5
1411620 1636.3
1411630 1636.3
1411640 1624.8
1411650 1615.4
1411660 1615.4
1411670 1607.2
1411680 1600.7
1411690 1600.7
1411700 1594.0
1411710 1586.9
1411720 1586.9
1411730 1579.9
1411740 1574.1
1411750 1574.1
1411760 1568.4
1411770 1562.5
1411780 1562.5
1411790 1557.4
1411800 1553.6
1411810 1553.6
1411820 1549.1
1411830 1541.2
1411840 1541.2
1411850 1531.6
1411860 1525.4
1411870 1525.4
1411880 1520.4
1411890 1514.6
1411900 1514.6
1411910 1508.0
1411920 1500.7
1411930 1491.1
1411940 1491.1
1411950 1484.6
1411960 1481.2
1411970 1481.2
1411980 1471.5
1411990 1459.1
1412000 1459.1
1412010 1452.4
1412020 1446.6
1412030 1446.6
1412040 1440.1
1412050 1429.0
1412060 1429.0
1412070 1419.7
1412080 1411.9
1412090 1411.9
1412100 1405.7
1412110 1403.3
1412120 1403.3
1412130 1401.4
1412140 1400.6
1412150 1400.6
1412160 1400.7
1412170 1400.9
1412180 1400.9
1412190 1396.8
1412200 1399.7
1412210 1399.7
1412220 1412.1
1412230 1420.3
1412240 1420.3
1412250 1419.2
1412260 1420.6
1412270 1419.6
1412280 1419.6
1412290 1417.4
1412300 1416.4
1412310 1416.4
1412320 1415.2
1412330 1413.6
1412340 1413.6
1412350 1415.5
1412360 1418.4
1412370 1418.4
1412380 1420.4
1412390 1422.8
1412400 1422.8
1412410 1425.7
1412420 1426.9
1412430 1426.9
1412440 1425.1
1412450 1422.3
1412460 1422.3
1412470 1419.4
1412480 1412.3
1412490 1412.3
1412500 1405.8
1412510 1402.0
1412520 1402.0
1412530 1402.2
1412540 1403.8
1412550 1403.8
1412560 1404.2
1412570 1403.6
1412580 1403.6
1412590 1401.7
1412600 1398.7
1412610 1398.7
1412620 1396.8
1412630 1392.0
1412640 1389.4
1412650 1389.4
1412660 1386.6
1412670 1383.4
1412680 1383.4
1412690 1376.9
1412700 1367.2
1412710 1367.2
1412720 1360.2
1412730 1355.8
1412740 1355.8
1412750 1367.6
1412760 1368.9
1412770 1368.9
1412780 1367.3
1412790 1363.9
1412800 1363.9
1412810 1360.3
1412820 1354.6
1412830 1354.6
1412840 1344.2
1412850 1335.3
1412860 1335.3
1412870 1327.2
1412880 1318.7
1412890 1318.7
1412900 1313.4
1412910 1312.2
1412920 1312.2
1412930 1314.9
1412940 1318.5
1412950 1318.5
1412960 1325.9
1412970 1328.2
1412980 1327.7
1412990 1327.7
1413000 1325.3
1413010 1322.2
1413020 1322.2
1413030 1319.2
1413040 1323.1
1413050 1323.1
1413060 1326.3
1413070 1321.0
1413080 1321.0
1413090 1312.1
1413100 1304.2
1413110 1304.2
1413120 1295.4
1413130 1286.2
1413140 1286.2
1413150 1276.4
1413160 1267.2
1413170 1267.2
1413180 1258.8
1413190 1253.9
1413200 1253.9
1413210 1250.9
1413220 1247.4
1413230 1247.4
1413240 1240.1
1413250 1231.6
1413260 1231.6
1413270 1224.0
1413280 1214.8
1413290 1214.8
1413300 1200.3
1413310 1196.0
1413320 1201.7
1413330 1201.7
1413340 1214.3
1413350 1225.9
1413360 1225.9
1413370 1236.6
1413380 1241.5
1413390 1241.5
1413400 1237.6
1413410 1230.7
1413420 1230.7
1413430 1225.8
1413440 1221.8
1413450 1221.8
1413460 1219.6
1413470 1223.7
1413480 1223.7
1413490 1229.2
1413500 1237.8
1413510 1237.8
1413520 1248.7
1413530 1258.3
1413540 1258.3
1413550 1264.8
1413560 1267.8
1413570 1267.8
1413580 1267.9
1413590 1264.8
1413600 1264.8
1413610 1257.6
1413620 1241.6
1413630 1241.6
1413640 1231.6
1413650 1229.1
1413660 1229.1
1413670 1228.8
1413680 1234.5
1413690 1237.9
1413700 1237.9
1413710 1235.4
1413720 1230.8
1413730 1230.8
1413740 1223.8
1413750 1217.3
1413760 1217.3
1413770 1218.8
1413780 1224.5
1413790 1224.5
1413800 1229.7
1413810 1236.0
1413820 1236.0
1413830 1237.4
1413840 1236.7
1413850 1236.7
1413860 1232.8
1413870 1226.5
1413880 1226.5
1413890 1216.6
1413900 1208.6
1413910 1208.6
1413920 1201.8
1413930 1195.4
1413940 1195.4
1413950 1189.5
1413960 1184.4
1413970 1184.4
1413980 1180.7
1413990 1177.0
1414000 1177.0
1414010 1174.7
1414020 1173.6
1414030 1171.3
1414040 1171.3
1414050 1168.1
1414060 1163.8
1414070 1163.8
1414080 1158.5
1414090 1153.8
1414100 1153.8
1414110 1150.2
1414120 1145.1
1414130 1145.1
1414140 1139.6
1414150 1134.5
1414160 1134.5
1414170 1130.0
1414180 1125.3
1414190 1125.3
1414200 1120.0
1414210 1114.2
1414220 1114.2
1414230 1108.0
1414240 1102.6
1414250 1102.6
1414260 1097.9
1414270 1093.3
1414280 1093.3
1414290 1090.1
1414300 1087.2
1414310 1087.2
1414320 1084.2
1414330 1081.5
1414340 1081.5
1414350 1080.4
1414360 1079.4
1414370 1079.4
1414380 1075.6
1414390 1069.6
1414400 1066.1
1414410 1066.1
1414420 1064.6
1414430 1064.7
1414440 1064.7
1414450 1063.1
1414460 1061.6
1414470 1061.6
1414480 1061.1
1414490 1059.6
1414500 1059.6
1414510 1058.5
1414520 1059.2
1414530 1059.2
1414540 1060.3
1414550 1063.0
1414560 1063.0
1414570 1066.9
1414580 1070.7
1414590 1070.7
1414600 1071.3
1414610 1069.4
1414620 1069.4
1414630 1065.2
1414640 1061.4
1414650 1061.4
1414660 1058.0
1414670 1054.4
1414680 1054.4
1414690 1050.0
1414700 1043.4
1414710 1043.4
1414720 1036.8
1414730 1030.9
1414740 1023.0
1414750 1023.0
1414760 1012.2
1414770 1005.8
1414780 1005.8
1414790 998.2
1414800 993.2
1414810 993.2
1414820 990.8
1414830 992.5
1414840 992.5
1414850 995.7
1414860 997.5
1414870 997.5
1414880 995.1
1414890 991.5
1414900 991.5
1414910 991.3
1414920 992.3
1414930 992.3
1414940 989.8
1414950 986.0
1414960 986.0
1414970 983.1
1414980 983.1
1414990 983.1
1415000 979.2
1415010 976.7
1415020 976.7
1415030 978.9
1415040 978.6
1415050 978.6
1415060 982.6
1415070 986.6
1415080 986.6
1415090 987.9
1415100 990.1
1415110 987.3
1415120 987.3
1415130 981.9
1415140 982.4
1415150 982.4
1415160 975.9
1415170 972.2
1415180 972.2
1415190 971.6
1415200 970.1
1415210 970.1
1415220 963.9
1415230 957.1
1415240 957.1
1415250 953.7
1415260 953.3
1415270 953.3
1415280 950.7
1415290 947.2
1415300 947.2
1415310 944.4
1415320 939.1
1415330 939.1
1415340 933.1
1415350 926.7
1415360 926.7
1415370 920.8
1415380 913.5
1415390 913.5
1415400 906.4
1415410 899.5
1415420 899.5
1415430 891.1
1415440 879.6
1415450 856.9
1415460 856.9
1415470 846.7
1415480 835.5
1415490 835.5
1415500 823.9
1415510 813.2
1415520 813.2
1415530 804.7
1415540 798.9
1415550 798.9
1415560 792.9
1415570 786.3
1415580 786.3
1415590 779.8
1415600 773.1
1415610 773.1
1415620 766.3
1415630 759.4
1415640 759.4
1415650 752.9
1415660 747.2
1415670 747.2
1415680 742.1
1415690 736.8
1415700 736.8
1415710 731.1
1415720 725.3
1415730 725.3
1415740 719.5
1415750 713.7
1415760 713.7
1415770 708.2
1415780 702.0
1415790 696.2
1415800 696.2
1415810 690.6
1415820 684.8
1415830 684.8
1415840 679.4
1415850 674.4
1415860 674.4
1415870 672.0
1415880 671.9
1415890 671.9
1415900 671.8
1415910 671.7
1415920 671.7
1415930 670.9
1415940 670.3
1415950 670.3
1415960 669.7
1415970 666.9
1415980 666.9
1415990 665.4
1416000 665.0
1416010 665.0
1416020 662.4
1416030 660.5
1416040 660.5
1416050 661.1
1416060 661.2
1416070 661.2
1416080 661.7
1416090 663.3
1416100 663.3
1416110 664.7
1416120 666.9
1416130 666.9
1416140 668.5
1416150 669.1
1416160 670.0
1416170 670.0
1416180 671.0
1416190 671.4
1416200 671.4
1416210 671.9
1416220 672.2
1416230 672.2
1416240 671.6
1416250 669.5
1416260 669.5
1416270 667.6
1416280 667.1
1416290 667.1
1416300 666.6
1416310 664.8
1416320 664.8
1416330 663.9
1416340 663.0
1416350 663.0
1416360 661.7
1416370 661.3
1416380 661.3
1416390 661.0
1416400 660.6
1416410 660.6
1416420 660.5
1416430 660.1
1416440 660.1
1416450 659.9
1416460 659.7
1416470 659.7
1416480 659.5
1416490 659.4
1416500 659.3
1416510 659.3
1416520 659.1
1416530 658.8
1416540 658.8
1416550 658.6
1416560 658.4
1416570 658.4
1416580 658.2
1416590 658.2
1416600 658.2
1416610 658.2
1416620 658.6
1416630 658.6
1416640 658.8
1416650 657.6
1416660 657.6
1416670 656.7
1416680 656.4
1416690 656.4
1416700 656.2
1416710 656.2
1416720 656.2
1416730 656.4
1416740 656.6
1416750 656.6
1416760 656.6
1416770 656.7
1416780 656.7
1416790 656.8
1416800 656.9
1416810 656.9
1416820 656.9
1416830 657.0
1416840 657.0
1416850 657.1
1416860 657.1
1416870 655.8
1416880 655.8
1416890 652.7
1416900 652.0
1416910 652.0
1416920 652.1
1416930 652.1
1416940 652.1
1416950 653.4
1416960 654.5
1416970 654.5
1416980 654.8
1416990 655.2
1417000 655.2
1417010 655.4
1417020 655.7
1417030 655.7
1417040 655.9
1417050 655.7
1417060 655.7
1417070 655.8
1417080 656.0
1417090 656.0
1417100 655.9
1417110 655.9
1417120 655.9
1417130 655.8
1417140 655.6
1417150 655.6
1417160 655.6
1417170 655.8
1417180 655.8
1417190 656.6
1417200 658.1
1417210 661.4
1417220 661.4
1417230 665.7
1417240 668.5
1417250 668.5
1417260 670.7
1417270 672.8
1417280 672.8
1417290 674.8
1417300 677.3
1417310 677.3
1417320 682.8
1417330 690.6
1417340 690.6
1417350 704.0
1417360 715.8
1417370 715.8
1417380 721.0
1417390 726.7
1417400 726.7
1417410 731.7
1417420 736.3
1417430 736.3
1417440 747.8
1417450 760.5
1417460 760.5
1417470 768.6
1417480 776.1
1417490 776.1
1417500 782.9
1417510 789.2
1417520 789.2
1417530 794.8
1417540 799.4
1417550 799.4
1417560 804.1
1417570 809.1
1417580 814.4
1417590 814.4
1417600 819.4
1417610 821.4
1417620 821.4
1417630 822.2
1417640 822.2
1417650 822.2
1417660 822.2
1417670 822.2
1417680 822.2
1417690 827.0
1417700 831.2
1417710 831.2
1417720 835.5
1417730 841.0
1417740 841.0
1417750 845.9
1417760 850.7
1417770 850.7
1417780 855.3
1417790 860.9
1417800 860.9
1417810 867.5
1417820 873.5
1417830 873.5
1417840 878.1
1417850 881.7
1417860 881.7
1417870 884.0
1417880 885.4
1417890 885.4
1417900 887.8
1417910 891.4
1417920 895.6
1417930 895.6
1417940 898.5
1417950 897.6
1417960 897.6
1417970 891.6
1417980 886.3
1417990 886.3
1418000 882.8
1418010 878.1
1418020 878.1
1418030 873.0
1418040 867.8
1418050 867.8
1418060 861.4
1418070 854.6
1418080 854.6
1418090 848.5
1418100 850.4
1418110 850.4
1418120 858.4
1418130 867.7
1418140 867.7
1418150 877.3
1418160 883.4
1418170 883.4
1418180 885.1
1418190 884.3
1418200 884.3
1418210 884.2
1418220 887.6
1418230 887.6
1418240 891.9
1418250 895.9
1418260 898.1
1418270 898.1
1418280 906.5
1418290 912.7
1418300 912.7
1418310 917.7
1418320 919.2
1418330 919.2
1418340 924.7
1418350 932.4
1418360 932.4
1418370 936.7
1418380 939.2
1418390 939.2
1418400 942.1
1418410 947.7
1418420 947.7
1418430 952.6
1418440 956.5
1418450 956.5
1418460 960.3
1418470 963.5
1418480 963.5
1418490 966.9
1418500 970.2
1418510 970.2
1418520 973.4
1418530 976.7
1418540 976.7
1418550 981.1
1418560 986.1
1418570 986.1
1418580 993.3
1418590 1000.7
1418600 1000.7
1418610 1007.7
1418620 1014.5
1418630 1021.3
1418640 1021.3
1418650 1028.4
1418660 1035.5
1418670 1035.5
1418680 1043.2
1418690 1051.1
1418700 1051.1
1418710 1058.0
1418720 1063.4
1418730 1063.4
1418740 1071.1
1418750 1079.1
1418760 1079.1
1418770 1087.0
1418780 1095.9
1418790 1095.9
1418800 1106.1
1418810 1122.2
1418820 1122.2
1418830 1141.4
1418840 1152.9
1418850 1152.9
1418860 1159.5
1418870 1161.8
1418880 1161.8
1418890 1161.4
1418900 1160.7
1418910 1160.7
1418920 1161.0
1418930 1161.4
1418940 1166.4
1418950 1166.4
1418960 1166.0
1418970 1164.5
1418980 1164.5
1418990 1163.0
1419000 1162.5
1419010 1162.5
1419020 1162.6
1419030 1162.6
1419040 1162.6
1419050 1165.0
1419060 1168.7
1419070 1168.7
1419080 1172.6
1419090 1176.9
1419100 1176.9
1419110 1180.2
1419120 1186.2
1419130 1186.2
1419140 1192.3
1419150 1199.3
1419160 1199.3
1419170 1206.7
1419180 1214.4
1419190 1214.4
1419200 1222.2
1419210 1229.4
1419220 1229.4
1419230 1236.2
1419240 1242.7
1419250 1242.7
1419260 1248.6
1419270 1254.5
1419280 1254.5
1419290 1260.1
1419300 1266.1
1419310 1266.1
1419320 1272.1
1419330 1278.3
1419340 1283.6
1419350 1283.6
1419360 1288.9
1419370 1293.8
1419380 1293.8
1419390 1300.1
1419400 1307.4
1419410 1307.4
1419420 1322.8
1419430 1332.9
1419440 1332.9
1419450 1344.9
1419460 1378.3
1419470 1378.3
1419480 1400.1
1419490 1409.2
1419500 1409.2
1419510 1417.8
1419520 1427.1
1419530 1427.1
1419540 1433.1
1419550 1448.1
1419560 1448.1
1419570 1454.0
1419580 1458.7
1419590 1458.7
1419600 1459.2
1419610 1459.3
1419620 1459.3
1419630 1457.6
1419640 1455.6
1419650 1455.6
1419660 1456.3
1419670 1458.4
1419680 1457.3
1419690 1457.3
1419700 1455.7
1419710 1450.3
1419720 1450.3
1419730 1445.9
1419740 1440.5
1419750 1440.5
1419760 1428.9
1419770 1420.9
1419780 1420.9
1419790 1413.5
1419800 1406.9
1419810 1406.9
1419820 1400.8
1419830 1395.9
1419840 1395.9
1419850 1395.4
1419860 1397.8
1419870 1397.8
1419880 1397.1
1419890 1393.5
1419900 1393.5
1419910 1390.8
1419920 1392.2
1419930 1392.2
1419940 1391.2
1419950 1387.3
1419960 1387.3
1419970 1384.5
1419980 1383.1
1419990 1383.1
