1400000 837.5
1400010 837.5
1400020 837.5
1400030 837.5
1400040 837.5
1400050 837.6
1400060 837.7
1400070 837.7
1400080 837.7
1400090 837.7
1400100 837.7
1400110 837.6
1400120 837.6
1400130 837.6
1400140 837.6
1400150 837.6
1400160 837.6
1400170 837.7
1400180 837.7
1400190 837.7
1400200 838.0
1400210 838.2
1400220 838.2
1400230 838.2
1400240 838.2
1400250 838.2
1400260 839.8
1400270 842.9
1400280 842.9
1400290 846.7
1400300 851.2
1400310 856.0
1400320 856.0
1400330 860.7
1400340 865.9
1400350 865.9
1400360 871.4
1400370 877.2
1400380 877.2
1400390 883.3
1400400 888.7
1400410 888.7
1400420 893.5
1400430 899.1
1400440 899.1
1400450 905.1
1400460 910.5
1400470 910.5
1400480 916.0
1400490 921.5
1400500 921.5
1400510 927.2
1400520 933.1
1400530 933.1
1400540 939.4
1400550 946.2
1400560 946.2
1400570 953.5
1400580 958.5
1400590 958.5
1400600 964.2
1400610 970.4
1400620 970.4
1400630 976.7
1400640 983.1
1400650 988.6
1400660 988.6
1400670 994.3
1400680 1000.3
1400690 1000.3
1400700 1005.8
1400710 1010.3
1400720 1010.3
1400730 1014.4
1400740 1018.9
1400750 1018.9
1400760 1024.7
1400770 1030.9
1400780 1030.9
1400790 1036.5
1400800 1042.2
1400810 1042.2
1400820 1048.6
1400830 1054.6
1400840 1054.6
1400850 1060.4
1400860 1065.7
1400870 1065.7
1400880 1070.0
1400890 1073.8
1400900 1073.8
1400910 1076.8
1400920 1078.9
1400930 1078.9
1400940 1082.1
1400950 1082.9
1400960 1082.9
1400970 1082.6
1400980 1083.3
1400990 1083.3
1401000 1087.4
1401010 1093.3
1401020 1099.4
1401030 1099.4
1401040 1105.9
1401050 1111.2
1401060 1111.2
1401070 1115.9
1401080 1120.2
1401090 1120.2
1401100 1124.3
1401110 1128.6
1401120 1128.6
1401130 1133.8
1401140 1138.5
1401150 1138.5
1401160 1141.3
1401170 1143.6
1401180 1143.6
1401190 1146.0
1401200 1148.3
1401210 1148.3
1401220 1149.8
1401230 1150.8
1401240 1150.8
1401250 1152.6
1401260 1154.7
1401270 1154.7
1401280 1156.5
1401290 1156.8
1401300 1156.8
1401310 1155.1
1401320 1153.0
1401330 1153.0
1401340 1148.1
1401350 1142.4
1401360 1137.9
1401370 1137.9
1401380 1133.3
1401390 1126.5
1401400 1126.5
1401410 1119.4
1401420 1112.6
1401430 1112.6
1401440 1107.8
1401450 1100.8
1401460 1100.8
1401470 1091.5
1401480 1086.3
1401490 1086.3
1401500 1095.4
1401510 1105.9
1401520 1105.9
1401530 1112.0
1401540 1119.4
1401550 1119.4
1401560 1126.3
1401570 1133.1
1401580 1133.1
1401590 1139.9
1401600 1148.5
1401610 1148.5
1401620 1156.3
1401630 1162.0
1401640 1162.0
1401650 1169.1
1401660 1172.0
1401670 1172.0
1401680 1173.4
1401690 1174.9
1401700 1174.5
1401710 1174.5
1401720 1169.5
1401730 1164.4
1401740 1164.4
1401750 1161.0
1401760 1157.0
1401770 1157.0
1401780 1148.6
1401790 1144.1
1401800 1144.1
1401810 1149.1
1401820 1159.8
1401830 1159.8
1401840 1163.1
1401850 1163.3
1401860 1163.3
1401870 1167.4
1401880 1175.6
1401890 1175.6
1401900 1184.2
1401910 1193.1
1401920 1193.1
1401930 1202.3
1401940 1209.8
1401950 1209.8
1401960 1218.1
1401970 1227.9
1401980 1227.9
1401990 1234.1
1402000 1241.4
1402010 1241.4
1402020 1243.7
1402030 1242.3
1402040 1242.3
1402050 1245.9
1402060 1250.0
1402070 1252.5
1402080 1252.5
1402090 1253.9
1402100 1258.0
1402110 1258.0
1402120 1261.0
1402130 1267.2
1402140 1267.2
1402150 1273.4
1402160 1279.4
1402170 1279.4
1402180 1284.2
1402190 1287.9
1402200 1287.9
1402210 1290.5
1402220 1291.9
1402230 1291.9
1402240 1293.1
1402250 1294.2
1402260 1294.2
1402270 1295.1
1402280 1295.5
1402290 1295.5
1402300 1295.5
1402310 1295.3
1402320 1295.3
1402330 1294.9
1402340 1294.7
1402350 1294.7
1402360 1294.6
1402370 1294.2
1402380 1294.2
1402390 1294.8
1402400 1295.7
1402410 1295.9
1402420 1295.9
1402430 1295.6
1402440 1295.5
1402450 1295.5
1402460 1295.4
1402470 1295.8
1402480 1295.8
1402490 1296.7
1402500 1297.7
1402510 1297.7
1402520 1299.1
1402530 1300.3
1402540 1300.3
1402550 1301.3
1402560 1302.3
1402570 1302.3
1402580 1304.5
1402590 1306.9
1402600 1306.9
1402610 1308.5
1402620 1307.0
1402630 1307.0
1402640 1300.2
1402650 1290.3
1402660 1290.3
1402670 1282.8
1402680 1276.0
1402690 1276.0
1402700 1274.9
1402710 1266.5
1402720 1266.5
1402730 1260.9
1402740 1252.3
1402750 1238.6
1402760 1238.6
1402770 1226.2
1402780 1216.7
1402790 1216.7
1402800 1209.7
1402810 1202.8
1402820 1202.8
1402830 1196.1
1402840 1190.0
1402850 1190.0
1402860 1181.6
1402870 1172.0
1402880 1172.0
1402890 1164.6
1402900 1160.4
1402910 1160.4
1402920 1158.4
1402930 1156.9
1402940 1156.9
1402950 1150.1
1402960 1137.3
1402970 1137.3
1402980 1127.7
1402990 1126.3
1403000 1126.3
1403010 1138.3
1403020 1133.6
1403030 1133.6
1403040 1139.9
1403050 1145.3
1403060 1145.3
1403070 1142.7
1403080 1139.9
1403090 1139.9
1403100 1138.4
1403110 1134.1
1403120 1128.6
1403130 1128.6
1403140 1125.3
1403150 1122.5
1403160 1122.5
1403170 1120.1
1403180 1119.2
1403190 1119.2
1403200 1116.9
1403210 1114.4
1403220 1114.4
1403230 1114.0
1403240 1114.5
1403250 1114.5
1403260 1114.2
1403270 1113.7
1403280 1113.7
1403290 1112.5
1403300 1108.9
1403310 1108.9
1403320 1102.5
1403330 1096.9
1403340 1096.9
1403350 1092.9
1403360 1089.9
1403370 1089.9
1403380 1086.5
1403390 1082.3
1403400 1082.3
1403410 1079.1
1403420 1079.1
1403430 1079.1
1403440 1080.0
1403450 1080.7
1403460 1079.2
1403470 1079.2
1403480 1077.9
1403490 1079.5
1403500 1079.5
1403510 1076.8
1403520 1075.7
1403530 1075.7
1403540 1075.1
1403550 1075.1
1403560 1075.1
1403570 1078.8
1403580 1085.9
1403590 1085.9
1403600 1094.7
1403610 1093.9
1403620 1093.9
1403630 1087.5
1403640 1083.7
1403650 1083.7
1403660 1084.2
1403670 1088.4
1403680 1086.2
1403690 1090.0
1403700 1094.1
1403710 1094.1
1403720 1099.3
1403730 1105.9
1403740 1105.9
1403750 1111.2
1403760 1116.7
1403770 1116.7
1403780 1122.9
1403790 1129.8
1403800 1129.8
1403810 1136.3
1403820 1142.2
1403830 1147.8
1403840 1147.8
1403850 1154.5
1403860 1162.7
1403870 1162.7
1403880 1170.2
1403890 1177.0
1403900 1177.0
1403910 1185.7
1403920 1193.8
1403930 1193.8
1403940 1200.4
1403950 1211.9
1403960 1211.9
1403970 1215.7
1403980 1226.4
1403990 1226.4
1404000 1231.5
1404010 1227.8
1404020 1227.8
1404030 1238.6
1404040 1250.0
1404050 1250.0
1404060 1261.1
1404070 1281.7
1404080 1281.7
1404090 1299.0
1404100 1304.2
1404110 1304.2
1404120 1311.9
1404130 1318.1
1404140 1318.1
1404150 1324.1
1404160 1331.8
1404170 1333.5
1404180 1333.5
1404190 1338.1
1404200 1347.7
1404210 1347.7
1404220 1358.5
1404230 1374.2
1404240 1374.2
1404250 1383.9
1404260 1391.8
1404270 1391.8
1404280 1400.5
1404290 1407.5
1404300 1407.5
1404310 1411.2
1404320 1413.2
1404330 1413.2
1404340 1412.3
1404350 1413.3
1404360 1413.3
1404370 1419.3
1404380 1421.7
1404390 1421.7
1404400 1421.8
1404410 1423.5
1404420 1423.5
1404430 1430.0
1404440 1433.5
1404450 1433.5
1404460 1432.2
1404470 1430.5
1404480 1430.5
1404490 1432.5
1404500 1434.0
1404510 1439.1
1404520 1439.1
1404530 1447.7
1404540 1453.8
1404550 1453.8
1404560 1455.5
1404570 1458.9
1404580 1458.9
1404590 1465.6
1404600 1477.8
1404610 1477.8
1404620 1488.4
1404630 1493.4
1404640 1493.4
1404650 1498.7
1404660 1507.2
1404670 1507.2
1404680 1514.1
1404690 1523.5
1404700 1523.5
1404710 1535.4
1404720 1552.7
1404730 1552.7
1404740 1563.9
1404750 1562.9
1404760 1562.9
1404770 1562.0
1404780 1565.4
1404790 1565.4
1404800 1572.8
1404810 1588.6
1404820 1588.6
1404830 1596.2
1404840 1595.5
1404850 1595.5
1404860 1605.2
1404870 1608.7
1404880 1603.9
1404890 1603.9
1404900 1611.4
1404910 1625.2
1404920 1625.2
1404930 1639.5
1404940 1657.2
1404950 1657.2
1404960 1667.6
1404970 1674.4
1404980 1674.4
1404990 1683.3
1405000 1685.9
1405010 1685.9
1405020 1685.8
1405030 1690.3
1405040 1690.3
1405050 1695.4
1405060 1704.0
1405070 1704.0
1405080 1720.5
1405090 1732.8
1405100 1732.8
1405110 1734.3
1405120 1735.6
1405130 1735.6
1405140 1738.3
1405150 1738.6
1405160 1738.6
1405170 1739.9
1405180 1748.1
1405190 1748.1
1405200 1754.8
1405210 1762.6
1405220 1783.3
1405230 1783.3
1405240 1798.6
1405250 1810.7
1405260 1810.7
1405270 1814.2
1405280 1826.3
1405290 1826.3
1405300 1836.0
1405310 1853.0
1405320 1853.0
1405330 1882.2
1405340 1889.1
1405350 1889.1
1405360 1897.2
1405370 1904.8
1405380 1904.8
1405390 1911.0
1405400 1913.6
1405410 1913.6
1405420 1910.0
1405430 1913.5
1405440 1913.5
1405450 1918.6
1405460 1929.4
1405470 1929.4
1405480 1927.3
1405490 1920.0
1405500 1920.0
1405510 1911.4
1405520 1898.4
1405530 1898.4
1405540 1887.3
1405550 1884.4
1405560 1885.6
1405570 1885.6
1405580 1889.8
1405590 1895.6
1405600 1895.6
1405610 1900.1
1405620 1903.2
1405630 1903.2
1405640 1904.3
1405650 1906.6
1405660 1906.6
1405670 1908.8
1405680 1902.8
1405690 1902.8
1405700 1894.9
1405710 1889.8
1405720 1889.8
1405730 1885.2
1405740 1883.2
1405750 1883.2
1405760 1879.6
1405770 1873.4
1405780 1873.4
1405790 1870.9
1405800 1871.0
1405810 1871.0
1405820 1868.9
1405830 1864.3
1405840 1864.3
1405850 1857.4
1405860 1850.5
1405870 1850.5
1405880 1851.1
1405890 1853.4
1405900 1853.4
1405910 1854.1
1405920 1850.8
1405930 1839.4
1405940 1839.4
1405950 1829.5
1405960 1821.8
1405970 1821.8
1405980 1812.5
1405990 1802.4
1406000 1802.4
1406010 1792.6
1406020 1783.8
1406030 1783.8
1406040 1776.2
1406050 1763.9
1406060 1763.9
1406070 1749.6
1406080 1738.8
1406090 1738.8
1406100 1732.0
1406110 1734.7
1406120 1734.7
1406130 1735.3
1406140 1719.8
1406150 1719.8
1406160 1705.9
1406170 1705.1
1406180 1705.1
1406190 1705.3
1406200 1692.7
1406210 1692.7
1406220 1686.0
1406230 1684.0
1406240 1684.0
1406250 1689.6
1406260 1685.4
1406270 1681.8
1406280 1681.8
1406290 1683.5
1406300 1673.4
1406310 1673.4
1406320 1662.4
1406330 1649.8
1406340 1649.8
1406350 1636.4
1406360 1626.2
1406370 1626.2
1406380 1614.6
1406390 1606.0
1406400 1606.0
1406410 1603.0
1406420 1598.5
1406430 1598.5
1406440 1593.6
1406450 1588.3
1406460 1588.3
1406470 1582.9
1406480 1577.9
1406490 1577.9
1406500 1573.9
1406510 1571.6
1406520 1571.6
1406530 1569.0
1406540 1558.6
1406550 1558.6
1406560 1549.1
1406570 1543.1
1406580 1543.1
1406590 1531.6
1406600 1518.5
1406610 1518.5
1406620 1509.5
1406630 1508.2
1406640 1509.3
1406650 1509.3
1406660 1513.7
1406670 1519.0
1406680 1519.0
1406690 1519.4
1406700 1522.2
1406710 1522.2
1406720 1527.0
1406730 1533.2
1406740 1533.2
1406750 1541.3
1406760 1550.5
1406770 1550.5
1406780 1564.0
1406790 1574.1
1406800 1574.1
1406810 1576.7
1406820 1582.9
1406830 1582.9
1406840 1591.7
1406850 1598.3
1406860 1598.3
1406870 1594.1
1406880 1581.5
1406890 1581.5
1406900 1586.4
1406910 1600.0
1406920 1600.0
1406930 1608.7
1406940 1610.4
1406950 1610.4
1406960 1621.3
1406970 1629.8
1406980 1638.1
1406990 1638.1
1407000 1653.9
1407010 1677.0
1407020 1677.0
1407030 1686.8
1407040 1685.4
1407050 1685.4
1407060 1685.5
1407070 1688.8
1407080 1688.8
1407090 1695.8
1407100 1703.5
1407110 1703.5
1407120 1711.4
1407130 1722.2
1407140 1722.2
1407150 1732.1
1407160 1739.3
1407170 1739.3
1407180 1749.3
1407190 1758.2
1407200 1758.2
1407210 1767.8
1407220 1775.8
1407230 1775.8
1407240 1784.3
1407250 1792.5
1407260 1792.5
1407270 1799.0
1407280 1807.0
1407290 1807.0
1407300 1821.8
1407310 1834.7
1407320 1846.4
1407330 1846.4
1407340 1856.9
1407350 1855.1
1407360 1855.1
1407370 1847.7
1407380 1837.1
1407390 1837.1
1407400 1824.9
1407410 1814.6
1407420 1814.6
1407430 1804.5
1407440 1793.8
1407450 1793.8
1407460 1785.2
1407470 1774.5
1407480 1774.5
1407490 1767.1
1407500 1762.5
1407510 1762.5
1407520 1757.9
1407530 1753.7
1407540 1753.7
1407550 1748.4
1407560 1742.2
1407570 1742.2
1407580 1739.4
1407590 1736.8
1407600 1736.8
1407610 1731.8
1407620 1727.3
1407630 1727.3
1407640 1724.5
1407650 1714.8
1407660 1714.8
1407670 1706.7
1407680 1707.9
1407690 1711.6
1407700 1711.6
1407710 1714.2
1407720 1716.9
1407730 1716.9
1407740 1721.0
1407750 1725.0
1407760 1725.0
1407770 1731.4
1407780 1742.3
1407790 1742.3
1407800 1753.9
1407810 1764.5
1407820 1764.5
1407830 1777.2
1407840 1802.7
1407850 1802.7
1407860 1827.6
1407870 1849.2
1407880 1849.2
1407890 1869.5
1407900 1885.5
1407910 1885.5
1407920 1890.4
1407930 1901.8
1407940 1901.8
1407950 1902.9
1407960 1894.2
1407970 1894.2
1407980 1888.0
1407990 1887.1
1408000 1887.1
1408010 1875.8
1408020 1865.3
1408030 1854.9
1408040 1854.9
1408050 1847.9
1408060 1842.6
1408070 1842.6
1408080 1840.0
1408090 1837.7
1408100 1837.7
1408110 1834.0
1408120 1831.5
1408130 1831.5
1408140 1828.4
1408150 1822.9
1408160 1822.9
1408170 1825.8
1408180 1834.1
1408190 1834.1
1408200 1837.5
1408210 1840.2
1408220 1840.2
1408230 1841.2
1408240 1832.0
1408250 1832.0
1408260 1832.7
1408270 1858.0
1408280 1858.0
1408290 1889.4
1408300 1888.7
1408310 1888.7
1408320 1886.0
1408330 1903.6
1408340 1903.6
1408350 1931.3
1408360 1942.6
1408370 1946.1
1408380 1946.1
1408390 1958.8
1408400 1969.0
1408410 1969.0
1408420 1972.1
1408430 1982.9
1408440 1982.9
1408450 1997.0
1408460 2010.3
1408470 2010.3
1408480 2010.7
1408490 2007.9
1408500 2007.9
1408510 2011.2
1408520 2025.0
1408530 2025.0
1408540 2034.5
1408550 2020.0
1408560 2020.0
1408570 2002.6
1408580 1991.2
1408590 1991.2
1408600 1978.5
1408610 1971.1
1408620 1971.1
1408630 1968.2
1408640 1964.4
1408650 1964.4
1408660 1959.8
1408670 1955.0
1408680 1955.0
1408690 1949.9
1408700 1944.3
1408710 1944.3
1408720 1939.1
1408730 1934.0
1408740 1928.6
1408750 1928.6
1408760 1922.7
1408770 1917.0
1408780 1917.0
1408790 1911.0
1408800 1906.0
1408810 1906.0
1408820 1904.9
1408830 1902.2
1408840 1902.2
1408850 1897.8
1408860 1894.5
1408870 1894.5
1408880 1892.9
1408890 1890.9
1408900 1890.9
1408910 1893.4
1408920 1897.7
1408930 1897.7
1408940 1909.7
1408950 1921.5
1408960 1921.5
1408970 1914.3
1408980 1909.3
1408990 1909.3
1409000 1901.6
1409010 1892.8
1409020 1892.8
1409030 1881.2
1409040 1874.2
1409050 1874.2
1409060 1871.5
1409070 1865.5
1409080 1861.2
1409090 1861.2
1409100 1856.0
1409110 1851.5
1409120 1851.5
1409130 1853.4
1409140 1856.4
1409150 1856.4
1409160 1851.4
1409170 1846.0
1409180 1846.0
1409190 1841.2
1409200 1836.9
1409210 1836.9
1409220 1833.6
1409230 1833.0
1409240 1833.0
1409250 1829.8
1409260 1827.8
1409270 1827.8
1409280 1826.5
1409290 1826.1
1409300 1826.1
1409310 1824.5
1409320 1822.3
1409330 1822.3
1409340 1819.2
1409350 1815.9
1409360 1815.9
1409370 1814.2
1409380 1813.2
1409390 1813.2
1409400 1812.1
1409410 1809.3
1409420 1804.8
1409430 1804.8
1409440 1801.5
1409450 1799.2
1409460 1799.2
1409470 1796.5
1409480 1793.5
1409490 1793.5
1409500 1790.2
1409510 1786.4
1409520 1786.4
1409530 1781.8
1409540 1776.6
1409550 1776.6
1409560 1769.2
1409570 1762.8
1409580 1762.8
1409590 1758.6
1409600 1753.1
1409610 1753.1
1409620 1752.8
1409630 1751.4
1409640 1751.4
1409650 1747.9
1409660 1751.0
1409670 1751.0
1409680 1753.8
1409690 1756.9
1409700 1756.9
1409710 1763.3
1409720 1770.0
1409730 1770.0
1409740 1771.9
1409750 1771.9
1409760 1771.9
1409770 1769.1
1409780 1766.0
1409790 1766.2
1409800 1766.2
1409810 1764.1
1409820 1761.7
1409830 1761.7
1409840 1759.7
1409850 1757.2
1409860 1757.2
1409870 1759.6
1409880 1753.3
1409890 1753.3
1409900 1748.2
1409910 1745.0
1409920 1745.0
1409930 1738.9
1409940 1734.1
1409950 1734.1
1409960 1733.0
1409970 1733.5
1409980 1733.5
1409990 1730.4
1410000 1728.4
1410010 1728.4
1410020 1726.0
1410030 1721.8
1410040 1721.8
1410050 1716.5
1410060 1709.9
1410070 1709.9
1410080 1703.1
1410090 1697.2
1410100 1697.2
1410110 1693.9
1410120 1691.3
1410130 1694.0
1410140 1694.0
1410150 1695.0
1410160 1690.1
1410170 1690.1
1410180 1684.9
1410190 1677.9
1410200 1677.9
1410210 1671.0
1410220 1662.0
1410230 1662.0
1410240 1656.9
1410250 1652.1
1410260 1652.1
1410270 1647.3
1410280 1635.2
1410290 1635.2
1410300 1633.2
1410310 1632.8
1410320 1632.8
1410330 1627.2
1410340 1622.1
1410350 1622.1
1410360 1618.2
1410370 1613.6
1410380 1613.6
1410390 1609.7
1410400 1605.1
1410410 1605.1
1410420 1600.7
1410430 1597.3
1410440 1597.3
1410450 1594.2
1410460 1591.7
1410470 1591.7
1410480 1595.4
1410490 1596.4
1410500 1594.5
1410510 1594.5
1410520 1589.2
1410530 1583.6
1410540 1583.6
1410550 1580.0
1410560 1585.8
1410570 1585.8
1410580 1590.5
1410590 1586.2
1410600 1586.2
1410610 1582.1
1410620 1578.3
1410630 1578.3
1410640 1571.8
1410650 1564.1
1410660 1564.1
1410670 1558.3
1410680 1553.6
1410690 1553.6
1410700 1546.9
1410710 1540.7
1410720 1540.7
1410730 1532.9
1410740 1526.8
1410750 1526.8
1410760 1517.4
1410770 1507.8
1410780 1507.8
1410790 1499.6
1410800 1491.2
1410810 1491.2
1410820 1480.5
1410830 1471.7
1410840 1467.3
1410850 1467.3
1410860 1464.0
1410870 1461.2
1410880 1461.2
1410890 1453.1
1410900 1446.2
1410910 1446.2
1410920 1440.4
1410930 1435.9
1410940 1435.9
1410950 1431.7
1410960 1430.2
1410970 1430.2
1410980 1423.9
1410990 1415.7
1411000 1415.7
1411010 1404.7
1411020 1398.8
1411030 1398.8
1411040 1391.7
1411050 1395.0
1411060 1395.0
1411070 1398.0
1411080 1389.3
1411090 1389.3
1411100 1379.1
1411110 1369.7
1411120 1369.7
1411130 1363.3
1411140 1363.7
1411150 1363.7
1411160 1363.7
1411170 1353.6
1411180 1345.1
1411190 1345.1
1411200 1344.3
1411210 1352.8
1411220 1352.8
1411230 1356.0
1411240 1359.1
1411250 1359.1
1411260 1361.7
1411270 1356.8
1411280 1356.8
1411290 1350.6
1411300 1368.9
1411310 1368.9
1411320 1385.8
1411330 1394.4
1411340 1394.4
1411350 1400.8
1411360 1406.6
1411370 1406.6
1411380 1421.8
1411390 1438.2
1411400 1438.2
1411410 1449.2
1411420 1452.1
1411430 1452.1
1411440 1450.3
1411450 1446.5
1411460 1446.5
1411470 1445.0
1411480 1445.5
1411490 1445.5
1411500 1446.8
1411510 1448.4
1411520 1448.4
1411530 1447.5
1411540 1446.5
1411550 1445.4
1411560 1445.4
1411570 1444.5
1411580 1440.5
1411590 1440.5
1411600 1436.8
1411610 1435.9
1411620 1435.9
1411630 1438.2
1411640 1441.9
1411650 1441.9
1411660 1447.9
1411670 1453.2
1411680 1453.2
1411690 1458.1
1411700 1463.1
1411710 1463.1
1411720 1467.9
1411730 1471.5
1411740 1471.5
1411750 1471.6
1411760 1470.4
1411770 1470.4
1411780 1469.3
1411790 1469.2
1411800 1469.2
1411810 1469.7
1411820 1466.3
1411830 1466.3
1411840 1462.4
1411850 1462.4
1411860 1462.4
1411870 1457.7
1411880 1448.4
1411890 1441.7
1411900 1441.7
1411910 1436.3
1411920 1431.4
1411930 1431.4
1411940 1427.7
1411950 1426.3
1411960 1426.3
1411970 1424.6
1411980 1419.5
1411990 1419.5
1412000 1412.8
1412010 1408.1
1412020 1409.9
1412030 1408.3
1412040 1406.6
1412050 1406.6
1412060 1404.2
1412070 1403.9
1412080 1403.9
1412090 1401.7
1412100 1398.5
1412110 1398.5
1412120 1397.0
1412130 1394.1
1412140 1394.1
1412150 1389.7
1412160 1385.3
1412170 1385.3
1412180 1382.1
1412190 1380.2
1412200 1380.2
1412210 1379.1
1412220 1376.4
1412230 1377.1
1412240 1377.1
1412250 1373.2
1412260 1368.9
1412270 1368.9
1412280 1363.1
1412290 1350.2
1412300 1350.2
1412310 1342.0
1412320 1337.1
1412330 1337.1
1412340 1329.4
1412350 1321.3
1412360 1321.3
1412370 1314.1
1412380 1307.9
1412390 1307.9
1412400 1306.0
1412410 1301.6
1412420 1301.6
1412430 1296.6
1412440 1291.9
1412450 1291.9
1412460 1287.5
1412470 1281.0
1412480 1281.0
1412490 1274.6
1412500 1270.0
1412510 1270.0
1412520 1263.4
1412530 1259.2
1412540 1259.2
1412550 1255.3
1412560 1251.5
1412570 1251.5
1412580 1246.8
1412590 1243.0
1412600 1237.7
1412610 1237.7
1412620 1231.2
1412630 1227.1
1412640 1227.1
1412650 1223.7
1412660 1221.4
1412670 1221.4
1412680 1219.7
1412690 1217.9
1412700 1217.9
1412710 1214.6
1412720 1211.4
1412730 1211.4
1412740 1208.1
1412750 1205.2
1412760 1205.2
1412770 1201.8
1412780 1197.3
1412790 1197.3
1412800 1192.9
1412810 1188.1
1412820 1188.1
1412830 1185.0
1412840 1184.8
1412850 1184.8
1412860 1182.7
1412870 1180.5
1412880 1180.5
1412890 1178.7
1412900 1177.7
1412910 1177.7
1412920 1176.6
1412930 1172.4
1412940 1167.6
1412950 1167.6
1412960 1161.8
1412970 1165.9
1412980 1165.9
1412990 1169.6
1413000 1168.9
1413010 1168.9
1413020 1169.1
1413030 1168.6
1413040 1168.6
1413050 1170.4
1413060 1170.7
1413070 1170.7
1413080 1168.1
1413090 1164.9
1413100 1164.9
1413110 1161.8
1413120 1158.2
1413130 1158.2
1413140 1155.0
1413150 1152.7
1413160 1152.7
1413170 1150.1
1413180 1147.2
1413190 1147.2
1413200 1144.7
1413210 1142.9
1413220 1142.9
1413230 1140.4
1413240 1136.4
1413250 1136.4
1413260 1131.3
1413270 1125.2
1413280 1119.4
1413290 1119.4
1413300 1114.1
1413310 1107.8
1413320 1107.8
1413330 1100.3
1413340 1093.0
1413350 1093.0
1413360 1086.1
1413370 1078.9
1413380 1078.9
1413390 1071.4
1413400 1069.5
1413410 1069.5
1413420 1070.4
1413430 1076.0
1413440 1076.0
1413450 1076.3
1413460 1076.5
1413470 1076.5
1413480 1082.1
1413490 1089.2
1413500 1089.2
1413510 1093.4
1413520 1093.9
1413530 1093.9
1413540 1095.7
1413550 1097.7
1413560 1097.7
1413570 1099.3
1413580 1099.4
1413590 1099.4
1413600 1099.5
1413610 1099.2
1413620 1099.2
1413630 1097.0
1413640 1092.4
1413650 1084.6
1413660 1084.6
1413670 1076.4
1413680 1068.3
1413690 1068.3
1413700 1062.2
1413710 1060.3
1413720 1060.3
1413730 1066.3
1413740 1073.0
1413750 1073.0
1413760 1078.0
1413770 1084.8
1413780 1084.8
1413790 1093.5
1413800 1104.8
1413810 1104.8
1413820 1114.8
1413830 1125.4
1413840 1125.4
1413850 1133.0
1413860 1136.2
1413870 1136.2
1413880 1136.5
1413890 1135.1
1413900 1135.1
1413910 1133.9
1413920 1132.2
1413930 1132.2
1413940 1130.5
1413950 1129.3
1413960 1129.3
1413970 1125.7
1413980 1119.8
1413990 1114.5
1414000 1114.5
1414010 1112.4
1414020 1116.6
1414030 1116.6
1414040 1122.9
1414050 1130.6
1414060 1130.6
1414070 1137.8
1414080 1143.2
1414090 1143.2
1414100 1147.3
1414110 1146.2
1414120 1146.2
1414130 1144.4
1414140 1150.5
1414150 1150.5
1414160 1155.5
1414170 1157.9
1414180 1157.9
1414190 1161.6
1414200 1163.4
1414210 1163.4
1414220 1166.3
1414230 1168.4
1414240 1168.4
1414250 1168.6
1414260 1168.3
1414270 1168.3
1414280 1165.7
1414290 1163.6
1414300 1163.6
1414310 1164.4
1414320 1164.3
1414330 1165.2
1414340 1165.2
1414350 1164.6
1414360 1159.9
1414370 1159.9
1414380 1153.9
1414390 1147.3
1414400 1147.3
1414410 1141.9
1414420 1136.6
1414430 1136.6
1414440 1130.3
1414450 1122.3
1414460 1122.3
1414470 1116.7
1414480 1111.6
1414490 1111.6
1414500 1106.2
1414510 1103.5
1414520 1103.5
1414530 1104.2
1414540 1102.8
1414550 1102.8
1414560 1099.3
1414570 1095.0
1414580 1095.0
1414590 1088.4
1414600 1081.7
1414610 1081.7
1414620 1077.6
1414630 1075.2
1414640 1075.2
1414650 1073.2
1414660 1071.4
1414670 1071.4
1414680 1069.6
1414690 1067.7
1414700 1067.1
1414710 1067.1
1414720 1067.4
1414730 1068.7
1414740 1068.7
1414750 1069.1
1414760 1069.0
1414770 1069.0
1414780 1069.3
1414790 1069.0
1414800 1069.0
1414810 1069.4
1414820 1069.0
1414830 1069.0
1414840 1066.4
1414850 1065.4
1414860 1065.4
1414870 1064.8
1414880 1063.4
1414890 1063.4
1414900 1059.6
1414910 1055.4
1414920 1055.4
1414930 1051.4
1414940 1046.7
1414950 1046.7
1414960 1039.0
1414970 1032.2
1414980 1032.2
1414990 1028.6
1415000 1027.0
1415010 1027.0
1415020 1027.8
1415030 1032.9
1415040 1032.6
1415050 1032.6
1415060 1019.7
1415070 1012.4
1415080 1012.4
1415090 1007.8
1415100 1004.0
1415110 1004.0
1415120 999.9
1415130 996.9
1415140 996.9
1415150 993.7
1415160 995.5
1415170 995.5
1415180 1001.5
1415190 1006.0
1415200 1006.0
1415210 1006.9
1415220 1004.5
1415230 1004.5
1415240 997.4
1415250 989.4
1415260 989.4
1415270 978.1
1415280 964.5
1415290 964.5
1415300 950.7
1415310 943.1
1415320 943.1
1415330 933.2
1415340 928.6
1415350 928.6
1415360 927.0
1415370 923.6
1415380 923.6
1415390 916.7
1415400 905.0
1415410 890.3
1415420 890.3
1415430 875.4
1415440 859.4
1415450 859.4
1415460 848.7
1415470 861.3
1415480 861.3
1415490 858.2
1415500 845.6
1415510 845.6
1415520 830.6
1415530 819.5
1415540 819.5
1415550 801.3
1415560 778.6
1415570 778.6
1415580 769.8
1415590 761.4
1415600 761.4
1415610 753.1
1415620 744.3
1415630 744.3
1415640 735.9
1415650 728.3
1415660 728.3
1415670 720.6
1415680 713.3
1415690 713.3
1415700 706.3
1415710 699.2
1415720 699.2
1415730 692.5
1415740 685.2
1415750 677.8
1415760 677.8
1415770 674.2
1415780 672.2
1415790 672.2
1415800 670.9
1415810 672.2
1415820 672.2
1415830 671.7
1415840 671.8
1415850 671.8
1415860 672.6
1415870 672.5
1415880 672.5
1415890 673.0
1415900 674.2
1415910 674.2
1415920 680.0
1415930 686.5
1415940 686.5
1415950 693.6
1415960 701.7
1415970 701.7
1415980 709.9
1415990 716.6
1416000 716.6
1416010 719.0
1416020 720.7
1416030 720.7
1416040 722.2
1416050 724.2
1416060 724.2
1416070 726.7
1416080 729.5
1416090 732.7
1416100 732.7
1416110 734.9
1416120 737.5
1416130 737.5
1416140 740.4
1416150 742.6
1416160 742.6
1416170 745.7
1416180 748.5
1416190 748.5
1416200 750.5
1416210 751.6
1416220 751.6
1416230 753.6
1416240 754.9
1416250 754.9
1416260 755.8
1416270 756.7
1416280 756.7
1416290 758.1
1416300 759.8
1416310 759.8
1416320 760.0
1416330 760.6
1416340 760.6
1416350 759.9
1416360 757.8
1416370 757.8
1416380 755.5
1416390 752.5
1416400 752.5
1416410 748.7
1416420 744.6
1416430 744.6
1416440 740.9
1416450 737.1
1416460 733.5
1416470 733.5
1416480 730.2
1416490 725.9
1416500 725.9
1416510 723.8
1416520 721.9
1416530 721.9
1416540 716.2
1416550 712.3
1416560 712.3
1416570 706.9
1416580 699.8
1416590 699.8
1416600 701.4
1416610 705.3
1416620 705.3
1416630 706.6
1416640 705.0
1416650 705.0
1416660 703.2
1416670 701.5
1416680 701.5
1416690 698.0
1416700 696.0
1416710 696.0
1416720 695.5
1416730 693.2
1416740 693.2
1416750 690.6
1416760 688.3
1416770 688.3
1416780 684.9
1416790 683.5
1416800 685.5
1416810 685.5
1416820 685.3
1416830 684.8
1416840 684.8
1416850 683.6
1416860 683.1
1416870 683.1
1416880 683.7
1416890 683.6
1416900 683.6
1416910 682.6
1416920 681.8
1416930 681.8
1416940 680.1
1416950 678.5
1416960 678.5
1416970 677.8
1416980 677.1
1416990 677.1
1417000 675.6
1417010 674.7
1417020 674.7
1417030 673.9
1417040 673.3
1417050 673.3
1417060 672.3
1417070 672.1
1417080 672.1
1417090 672.2
1417100 671.2
1417110 671.2
1417120 670.1
1417130 669.4
1417140 669.4
1417150 668.7
1417160 668.1
1417170 667.5
1417180 667.5
1417190 666.7
1417200 665.5
1417210 665.5
1417220 664.1
1417230 662.6
1417240 662.6
1417250 660.8
1417260 659.0
1417270 659.0
1417280 659.0
1417290 659.3
1417300 659.3
1417310 659.3
1417320 658.9
1417330 658.9
1417340 658.2
1417350 657.8
1417360 657.8
1417370 657.6
1417380 656.7
1417390 656.7
1417400 654.1
1417410 653.6
1417420 653.6
1417430 653.7
1417440 653.7
1417450 653.7
1417460 653.7
1417470 653.7
1417480 653.7
1417490 654.0
1417500 655.0
1417510 656.0
1417520 656.0
1417530 656.7
1417540 656.4
1417550 656.4
1417560 656.8
1417570 656.9
1417580 656.9
1417590 657.0
1417600 659.5
1417610 659.5
1417620 665.7
1417630 673.1
1417640 673.1
1417650 680.1
1417660 686.5
1417670 686.5
1417680 692.1
1417690 699.4
1417700 699.4
1417710 715.2
1417720 724.5
1417730 724.5
1417740 733.1
1417750 744.7
1417760 744.7
1417770 752.1
1417780 756.1
1417790 756.1
1417800 750.9
1417810 748.3
1417820 748.3
1417830 745.6
1417840 739.3
1417850 730.8
1417860 730.8
1417870 719.5
1417880 711.8
1417890 711.8
1417900 698.8
1417910 699.0
1417920 699.0
1417930 711.0
1417940 723.1
1417950 723.1
1417960 730.1
1417970 733.0
1417980 733.0
1417990 734.8
1418000 735.6
1418010 735.6
1418020 735.5
1418030 736.5
1418040 736.5
1418050 737.5
1418060 739.8
1418070 739.8
1418080 742.4
1418090 744.5
1418100 744.5
1418110 746.2
1418120 748.3
1418130 748.3
1418140 750.7
1418150 752.8
1418160 752.8
1418170 752.8
1418180 752.7
1418190 752.7
1418200 758.2
1418210 762.0
1418220 763.4
1418230 763.4
1418240 767.1
1418250 776.2
1418260 776.2
1418270 783.6
1418280 789.9
1418290 789.9
1418300 795.8
1418310 800.8
1418320 800.8
1418330 804.3
1418340 810.2
1418350 810.2
1418360 815.2
1418370 820.5
1418380 820.5
1418390 826.2
1418400 829.9
1418410 829.9
1418420 834.4
1418430 841.2
1418440 841.2
1418450 848.5
1418460 853.3
1418470 853.3
1418480 857.2
1418490 865.9
1418500 865.9
1418510 875.7
1418520 884.6
1418530 884.6
1418540 893.9
1418550 901.5
1418560 908.4
1418570 908.4
1418580 912.4
1418590 916.6
1418600 916.6
1418610 917.3
1418620 920.0
1418630 920.0
1418640 928.4
1418650 935.7
1418660 935.7
1418670 938.9
1418680 942.8
1418690 942.8
1418700 953.2
1418710 964.9
1418720 964.9
1418730 973.5
1418740 979.9
1418750 979.9
1418760 985.8
1418770 992.1
1418780 992.1
1418790 1002.7
1418800 1012.2
1418810 1012.2
1418820 1017.7
1418830 1021.2
1418840 1021.2
1418850 1023.8
1418860 1026.7
1418870 1026.7
1418880 1030.5
1418890 1034.5
1418900 1038.7
1418910 1038.7
1418920 1042.3
1418930 1046.3
1418940 1046.3
1418950 1051.0
1418960 1054.1
1418970 1054.1
1418980 1058.0
1418990 1062.6
1419000 1062.6
1419010 1067.6
1419020 1072.6
1419030 1072.6
1419040 1077.7
1419050 1082.5
1419060 1082.5
1419070 1087.6
1419080 1092.5
1419090 1092.5
1419100 1096.7
1419110 1102.3
1419120 1102.3
1419130 1120.9
1419140 1136.8
1419150 1136.8
1419160 1136.8
1419170 1136.7
1419180 1136.7
1419190 1136.9
1419200 1137.3
1419210 1137.3
1419220 1136.7
1419230 1136.9
1419240 1136.9
1419250 1137.1
1419260 1137.9
1419270 1138.1
1419280 1138.1
1419290 1136.6
1419300 1135.4
1419310 1135.4
1419320 1136.3
1419330 1137.3
1419340 1137.3
1419350 1138.5
1419360 1140.0
1419370 1140.0
1419380 1141.2
1419390 1140.3
1419400 1140.3
1419410 1138.1
1419420 1135.5
1419430 1135.5
1419440 1132.8
1419450 1131.0
1419460 1131.0
1419470 1127.6
1419480 1127.3
1419490 1127.3
1419500 1126.9
1419510 1127.3
1419520 1127.3
1419530 1127.1
1419540 1127.1
1419550 1127.1
1419560 1127.9
1419570 1129.4
1419580 1129.4
1419590 1130.9
1419600 1132.1
1419610 1133.5
1419620 1133.5
1419630 1136.6
1419640 1139.9
1419650 1139.9
1419660 1143.1
1419670 1145.3
1419680 1145.3
1419690 1147.2
1419700 1149.2
1419710 1149.2
1419720 1150.9
1419730 1154.9
1419740 1154.9
1419750 1159.0
1419760 1159.7
1419770 1159.7
1419780 1159.2
1419790 1158.9
1419800 1158.9
1419810 1160.2
1419820 1163.6
1419830 1163.6
1419840 1166.5
1419850 1167.4
1419860 1167.4
1419870 1168.8
1419880 1169.4
1419890 1169.4
1419900 1168.6
1419910 1168.0
1419920 1168.0
1419930 1166.9
1419940 1164.6
1419950 1164.6
1419960 1162.0
1419970 1159.7
1419980 1158.2
1419990 1158.2
