1400000 950.3
1400010 950.3
1400020 952.3
1400030 951.9
1400040 951.9
1400050 956.5
1400060 962.3
1400070 962.3
1400080 969.0
1400090 976.4
1400100 976.4
1400110 984.5
1400120 991.7
1400130 991.7
1400140 999.1
1400150 1006.8
1400160 1006.8
1400170 1013.3
1400180 1019.9
1400190 1019.9
1400200 1027.0
1400210 1034.4
1400220 1034.4
1400230 1041.9
1400240 1050.1
1400250 1050.1
1400260 1059.1
1400270 1067.4
1400280 1067.4
1400290 1074.8
1400300 1081.4
1400310 1081.4
1400320 1088.7
1400330 1096.1
1400340 1104.3
1400350 1104.3
1400360 1113.0
1400370 1121.8
1400380 1121.8
1400390 1129.0
1400400 1136.2
1400410 1136.2
1400420 1147.6
1400430 1158.4
1400440 1158.4
1400450 1164.3
1400460 1167.9
1400470 1167.9
1400480 1172.1
1400490 1177.6
1400500 1177.6
1400510 1181.6
1400520 1179.1
1400530 1179.1
1400540 1173.9
1400550 1165.7
1400560 1165.7
1400570 1161.3
1400580 1156.5
1400590 1156.5
1400600 1151.1
1400610 1149.2
1400620 1149.2
1400630 1151.3
1400640 1155.8
1400650 1155.8
1400660 1163.1
1400670 1170.9
1400680 1179.0
1400690 1179.0
1400700 1190.6
1400710 1200.4
1400720 1200.4
1400730 1207.9
1400740 1214.6
1400750 1214.6
1400760 1222.2
1400770 1231.0
1400780 1231.0
1400790 1239.4
1400800 1246.3
1400810 1246.3
1400820 1251.9
1400830 1258.3
1400840 1258.3
1400850 1264.7
1400860 1270.3
1400870 1270.3
1400880 1275.6
1400890 1280.9
1400900 1280.9
1400910 1285.8
1400920 1290.5
1400930 1290.5
1400940 1295.1
1400950 1300.0
1400960 1300.0
1400970 1305.3
1400980 1310.5
1400990 1310.5
1401000 1316.2
1401010 1321.8
1401020 1321.8
1401030 1327.3
1401040 1333.1
1401050 1339.4
1401060 1339.4
1401070 1345.9
1401080 1353.2
1401090 1353.2
1401100 1360.6
1401110 1367.5
1401120 1367.5
1401130 1375.0
1401140 1382.1
1401150 1382.1
1401160 1387.7
1401170 1392.6
1401180 1392.6
1401190 1396.8
1401200 1401.4
1401210 1401.4
1401220 1406.8
1401230 1410.8
1401240 1404.4
1401250 1408.3
1401260 1415.5
1401270 1415.5
1401280 1420.8
1401290 1425.0
1401300 1425.0
1401310 1420.2
1401320 1418.2
1401330 1418.2
1401340 1418.2
1401350 1422.4
1401360 1422.4
1401370 1428.8
1401380 1438.2
1401390 1445.8
1401400 1445.8
1401410 1444.0
1401420 1448.9
1401430 1448.9
1401440 1456.7
1401450 1461.0
1401460 1461.0
1401470 1463.9
1401480 1477.4
1401490 1477.4
1401500 1476.9
1401510 1485.8
1401520 1485.8
1401530 1493.4
1401540 1492.9
1401550 1492.9
1401560 1493.7
1401570 1495.1
1401580 1495.1
1401590 1499.1
1401600 1504.4
1401610 1504.4
1401620 1510.4
1401630 1516.7
1401640 1516.7
1401650 1523.8
1401660 1531.7
1401670 1531.7
1401680 1538.3
1401690 1543.6
1401700 1543.6
1401710 1550.5
1401720 1559.3
1401730 1559.3
1401740 1569.2
1401750 1577.3
1401760 1585.5
1401770 1585.5
1401780 1592.3
1401790 1600.4
1401800 1600.4
1401810 1610.2
1401820 1616.3
1401830 1616.3
1401840 1623.1
1401850 1632.9
1401860 1632.9
1401870 1640.5
1401880 1648.0
1401890 1648.0
1401900 1656.2
1401910 1664.3
1401920 1664.3
1401930 1672.6
1401940 1681.3
1401950 1681.3
1401960 1689.6
1401970 1697.3
1401980 1697.3
1401990 1705.1
1402000 1714.3
1402010 1714.3
1402020 1723.1
1402030 1730.9
1402040 1730.9
1402050 1737.5
1402060 1745.3
1402070 1745.3
1402080 1753.9
1402090 1762.7
1402100 1771.3
1402110 1771.3
1402120 1779.5
1402130 1787.4
1402140 1787.4
1402150 1795.4
1402160 1802.7
1402170 1802.7
1402180 1810.3
1402190 1817.5
1402200 1817.5
1402210 1825.5
1402220 1833.3
1402230 1833.3
1402240 1840.6
1402250 1848.2
1402260 1848.2
1402270 1855.5
1402280 1862.9
1402290 1862.9
1402300 1870.3
1402310 1876.9
1402320 1876.9
1402330 1883.2
1402340 1888.9
1402350 1888.9
1402360 1897.7
1402370 1898.2
1402380 1898.2
1402390 1889.4
1402400 1887.4
1402410 1887.4
1402420 1892.8
1402430 1902.8
1402440 1902.8
1402450 1905.5
1402460 1895.4
1402470 1894.8
1402480 1894.8
1402490 1897.4
1402500 1901.9
1402510 1901.9
1402520 1906.9
1402530 1909.6
1402540 1909.6
1402550 1908.1
1402560 1907.6
1402570 1907.6
1402580 1902.4
1402590 1896.3
1402600 1896.3
1402610 1893.9
1402620 1888.3
1402630 1888.3
1402640 1877.0
1402650 1868.0
1402660 1868.0
1402670 1860.1
1402680 1852.6
1402690 1852.6
1402700 1844.7
1402710 1840.5
1402720 1840.5
1402730 1839.9
1402740 1835.3
1402750 1835.3
1402760 1838.3
1402770 1837.1
1402780 1837.1
1402790 1825.9
1402800 1818.6
1402810 1813.1
1402820 1813.1
1402830 1811.6
1402840 1812.3
1402850 1812.3
1402860 1814.6
1402870 1818.8
1402880 1818.8
1402890 1824.5
1402900 1825.5
1402910 1825.5
1402920 1824.7
1402930 1818.4
1402940 1818.4
1402950 1810.2
1402960 1801.7
1402970 1801.7
1402980 1793.7
1402990 1786.2
1403000 1786.2
1403010 1780.2
1403020 1773.2
1403030 1773.2
1403040 1764.4
1403050 1755.6
1403060 1755.6
1403070 1746.4
1403080 1735.5
1403090 1735.5
1403100 1724.5
1403110 1714.0
1403120 1714.0
1403130 1705.1
1403140 1698.0
1403150 1698.0
1403160 1692.1
1403170 1688.9
1403180 1685.1
1403190 1685.1
1403200 1680.2
1403210 1674.1
1403220 1674.1
1403230 1673.4
1403240 1674.0
1403250 1674.0
1403260 1671.7
1403270 1666.7
1403280 1666.7
1403290 1662.0
1403300 1661.5
1403310 1661.5
1403320 1658.7
1403330 1654.2
1403340 1654.2
1403350 1648.2
1403360 1646.3
1403370 1646.3
1403380 1644.8
1403390 1643.0
1403400 1643.0
1403410 1644.5
1403420 1644.8
1403430 1644.8
1403440 1642.5
1403450 1639.6
1403460 1639.6
1403470 1638.5
1403480 1635.1
1403490 1635.1
1403500 1627.2
1403510 1618.0
1403520 1612.1
1403530 1612.1
1403540 1606.7
1403550 1600.5
1403560 1600.5
1403570 1595.6
1403580 1591.9
1403590 1591.9
1403600 1589.4
1403610 1587.9
1403620 1587.9
1403630 1586.7
1403640 1585.1
1403650 1585.1
1403660 1582.9
1403670 1580.2
1403680 1580.2
1403690 1576.2
1403700 1572.1
1403710 1572.1
1403720 1568.1
1403730 1561.7
1403740 1561.7
1403750 1557.0
1403760 1556.5
1403770 1556.5
1403780 1555.6
1403790 1552.6
1403800 1552.6
1403810 1551.9
1403820 1555.8
1403830 1555.8
1403840 1562.5
1403850 1568.6
1403860 1568.6
1403870 1574.2
1403880 1580.2
1403890 1585.9
1403900 1585.9
1403910 1589.9
1403920 1593.3
1403930 1593.3
1403940 1595.7
1403950 1597.2
1403960 1597.2
1403970 1597.4
1403980 1596.8
1403990 1596.8
1404000 1598.1
1404010 1597.5
1404020 1597.5
1404030 1594.8
1404040 1592.5
1404050 1592.5
1404060 1590.1
1404070 1586.7
1404080 1586.7
1404090 1582.7
1404100 1579.0
1404110 1579.0
1404120 1574.4
1404130 1577.2
1404140 1577.2
1404150 1584.5
1404160 1591.0
1404170 1591.0
1404180 1595.8
1404190 1598.8
1404200 1598.8
1404210 1601.3
1404220 1601.2
1404230 1602.0
1404240 1602.0
1404250 1605.2
1404260 1608.3
1404270 1608.3
1404280 1612.2
1404290 1616.6
1404300 1616.6
1404310 1620.0
1404320 1625.0
1404330 1625.0
1404340 1631.4
1404350 1638.2
1404360 1633.4
1404370 1636.1
1404380 1635.0
1404390 1635.0
1404400 1631.5
1404410 1629.6
1404420 1629.6
1404430 1631.0
1404440 1624.0
1404450 1624.0
1404460 1616.9
1404470 1613.1
1404480 1613.1
1404490 1614.3
1404500 1614.1
1404510 1614.1
1404520 1611.3
1404530 1608.3
1404540 1608.3
1404550 1600.3
1404560 1592.7
1404570 1592.7
1404580 1581.4
1404590 1577.5
1404600 1585.6
1404610 1585.6
1404620 1595.2
1404630 1604.3
1404640 1604.3
1404650 1605.1
1404660 1606.2
1404670 1606.2
1404680 1608.6
1404690 1611.7
1404700 1611.7
1404710 1611.0
1404720 1611.0
1404730 1611.0
1404740 1612.6
1404750 1614.8
1404760 1614.8
1404770 1616.8
1404780 1617.6
1404790 1617.6
1404800 1617.3
1404810 1617.0
1404820 1617.0
1404830 1621.6
1404840 1626.8
1404850 1626.8
1404860 1629.2
1404870 1630.9
1404880 1630.9
1404890 1631.8
1404900 1627.2
1404910 1627.2
1404920 1630.7
1404930 1638.9
1404940 1636.9
1404950 1636.9
1404960 1631.9
1404970 1631.8
1404980 1631.8
1404990 1634.5
1405000 1639.0
1405010 1639.0
1405020 1646.4
1405030 1655.9
1405040 1655.9
1405050 1665.2
1405060 1673.6
1405070 1673.6
1405080 1679.9
1405090 1685.3
1405100 1685.3
1405110 1691.1
1405120 1696.7
1405130 1696.7
1405140 1702.3
1405150 1707.7
1405160 1707.7
1405170 1712.7
1405180 1717.8
1405190 1717.8
1405200 1724.3
1405210 1730.7
1405220 1730.7
1405230 1737.6
1405240 1746.2
1405250 1746.2
1405260 1756.9
1405270 1768.3
1405280 1768.3
1405290 1778.8
1405300 1789.2
1405310 1805.7
1405320 1805.7
1405330 1820.8
1405340 1826.6
1405350 1826.6
1405360 1833.5
1405370 1841.4
1405380 1841.4
1405390 1851.4
1405400 1860.2
1405410 1860.2
1405420 1864.1
1405430 1869.7
1405440 1869.7
1405450 1876.0
1405460 1882.0
1405470 1882.0
1405480 1888.7
1405490 1895.8
1405500 1895.8
1405510 1901.6
1405520 1908.0
1405530 1908.0
1405540 1915.3
1405550 1923.7
1405560 1923.7
1405570 1929.2
1405580 1933.4
1405590 1933.4
1405600 1935.2
1405610 1935.4
1405620 1935.4
1405630 1941.5
1405640 1942.2
1405650 1943.6
1405660 1943.6
1405670 1946.2
1405680 1952.0
1405690 1952.0
1405700 1956.7
1405710 1959.7
1405720 1959.7
1405730 1964.1
1405740 1966.5
1405750 1966.5
1405760 1968.3
1405770 1969.9
1405780 1969.9
1405790 1969.9
1405800 1967.8
1405810 1967.8
1405820 1967.2
1405830 1970.8
1405840 1970.8
1405850 1974.2
1405860 1978.5
1405870 1978.5
1405880 1982.3
1405890 1983.8
1405900 1983.8
1405910 1987.3
1405920 1993.2
1405930 1993.2
1405940 1997.3
1405950 2002.1
1405960 2002.1
1405970 2012.6
1405980 2013.5
1405990 2013.5
1406000 2021.2
1406010 2024.3
1406020 2026.3
1406030 2026.3
1406040 2029.0
1406050 2030.5
1406060 2030.5
1406070 2029.4
1406080 2028.7
1406090 2028.7
1406100 2027.8
1406110 2031.4
1406120 2031.4
1406130 2039.2
1406140 2047.0
1406150 2047.0
1406160 2049.1
1406170 2056.3
1406180 2056.3
1406190 2063.2
1406200 2062.9
1406210 2062.9
1406220 2063.1
1406230 2061.5
1406240 2061.5
1406250 2065.6
1406260 2069.5
1406270 2069.5
1406280 2070.5
1406290 2072.9
1406300 2072.9
1406310 2075.6
1406320 2074.7
1406330 2074.7
1406340 2073.5
1406350 2074.4
1406360 2077.8
1406370 2077.8
1406380 2081.9
1406390 2086.3
1406400 2086.3
1406410 2093.1
1406420 2102.5
1406430 2102.5
1406440 2110.6
1406450 2118.9
1406460 2118.9
1406470 2126.5
1406480 2134.6
1406490 2134.6
1406500 2141.9
1406510 2146.7
1406520 2146.7
1406530 2152.0
1406540 2162.4
1406550 2162.4
1406560 2169.8
1406570 2176.0
1406580 2176.0
1406590 2181.2
1406600 2190.9
1406610 2190.9
1406620 2203.9
1406630 2207.2
1406640 2207.2
1406650 2209.0
1406660 2212.2
1406670 2212.2
1406680 2217.3
1406690 2222.6
1406700 2222.6
1406710 2226.3
1406720 2229.8
1406730 2231.9
1406740 2231.9
1406750 2233.4
1406760 2237.1
1406770 2237.1
1406780 2243.3
1406790 2250.7
1406800 2250.7
1406810 2256.9
1406820 2263.5
1406830 2263.5
1406840 2271.2
1406850 2277.2
1406860 2277.2
1406870 2283.0
1406880 2288.9
1406890 2288.9
1406900 2295.9
1406910 2302.9
1406920 2302.9
1406930 2311.6
1406940 2324.0
1406950 2324.0
1406960 2333.5
1406970 2340.3
1406980 2340.3
1406990 2347.8
1407000 2356.0
1407010 2356.0
1407020 2365.2
1407030 2376.4
1407040 2376.4
1407050 2387.4
1407060 2397.2
1407070 2405.7
1407080 2405.7
1407090 2413.0
1407100 2405.2
1407110 2405.2
1407120 2412.2
1407130 2420.5
1407140 2420.5
1407150 2426.4
1407160 2428.7
1407170 2428.7
1407180 2424.8
1407190 2424.0
1407200 2424.0
1407210 2422.7
1407220 2425.2
1407230 2425.2
1407240 2431.0
1407250 2432.1
1407260 2432.1
1407270 2423.6
1407280 2418.9
1407290 2418.9
1407300 2402.5
1407310 2402.5
1407320 2402.5
1407330 2421.7
1407340 2432.7
1407350 2432.7
1407360 2435.9
1407370 2439.4
1407380 2439.4
1407390 2441.9
1407400 2439.6
1407410 2439.6
1407420 2437.1
1407430 2438.7
1407440 2435.9
1407450 2435.9
1407460 2437.0
1407470 2444.2
1407480 2444.2
1407490 2450.9
1407500 2456.3
1407510 2456.3
1407520 2459.1
1407530 2465.4
1407540 2465.4
1407550 2461.5
1407560 2445.2
1407570 2445.2
1407580 2428.4
1407590 2418.4
1407600 2418.4
1407610 2410.5
1407620 2395.2
1407630 2395.2
1407640 2387.2
1407650 2379.3
1407660 2379.3
1407670 2368.3
1407680 2357.4
1407690 2357.4
1407700 2345.3
1407710 2329.1
1407720 2329.1
1407730 2318.6
1407740 2303.9
1407750 2303.9
1407760 2292.6
1407770 2280.6
1407780 2272.0
1407790 2272.0
1407800 2260.9
1407810 2253.8
1407820 2253.8
1407830 2248.5
1407840 2237.1
1407850 2237.1
1407860 2204.8
1407870 2185.3
1407880 2185.3
1407890 2177.0
1407900 2170.9
1407910 2170.9
1407920 2164.7
1407930 2158.8
1407940 2158.8
1407950 2152.7
1407960 2146.8
1407970 2146.8
1407980 2142.0
1407990 2136.1
1408000 2136.1
1408010 2130.5
1408020 2126.8
1408030 2126.8
1408040 2123.7
1408050 2120.7
1408060 2120.7
1408070 2118.4
1408080 2115.1
1408090 2115.1
1408100 2110.9
1408110 2105.3
1408120 2105.3
1408130 2096.5
1408140 2092.2
1408150 2089.5
1408160 2089.5
1408170 2085.7
1408180 2081.6
1408190 2081.6
1408200 2076.6
1408210 2073.0
1408220 2073.0
1408230 2069.8
1408240 2065.0
1408250 2065.0
1408260 2059.9
1408270 2050.8
1408280 2050.8
1408290 2043.2
1408300 2036.3
1408310 2036.3
1408320 2030.1
1408330 2024.0
1408340 2024.0
1408350 2016.7
1408360 2011.2
1408370 2011.2
1408380 2005.2
1408390 2000.7
1408400 2000.7
1408410 2000.7
1408420 2002.9
1408430 2002.9
1408440 2003.4
1408450 2004.2
1408460 2004.2
1408470 2006.5
1408480 2008.4
1408490 2009.7
1408500 2009.7
1408510 2007.5
1408520 2006.1
1408530 2006.1
1408540 2003.5
1408550 2000.3
1408560 2000.3
1408570 1999.6
1408580 1996.4
1408590 1996.4
1408600 1994.9
1408610 1993.6
1408620 1993.6
1408630 1995.1
1408640 1995.6
1408650 1995.6
1408660 1996.2
1408670 1995.2
1408680 1995.2
1408690 1993.8
1408700 1993.3
1408710 1993.3
1408720 1992.0
1408730 1990.3
1408740 1990.3
1408750 1990.1
1408760 1989.5
1408770 1989.5
1408780 1988.4
1408790 1989.3
1408800 1989.3
1408810 1990.5
1408820 1993.1
1408830 1993.1
1408840 1995.7
1408850 1999.2
1408860 2002.2
1408870 2002.2
1408880 2004.1
1408890 2007.9
1408900 2007.9
1408910 2015.5
1408920 2017.0
1408930 2017.0
1408940 2020.2
1408950 2023.9
1408960 2023.9
1408970 2027.9
1408980 2034.4
1408990 2034.4
1409000 2046.5
1409010 2064.3
1409020 2064.3
1409030 2081.2
1409040 2096.4
1409050 2096.4
1409060 2109.8
1409070 2125.6
1409080 2125.6
1409090 2137.7
1409100 2152.0
1409110 2152.0
1409120 2164.7
1409130 2170.0
1409140 2170.0
1409150 2176.1
1409160 2180.6
1409170 2180.6
1409180 2180.9
1409190 2185.6
1409200 2191.4
1409210 2191.4
1409220 2192.6
1409230 2196.1
1409240 2196.1
1409250 2200.2
1409260 2203.7
1409270 2203.7
1409280 2207.0
1409290 2209.2
1409300 2209.2
1409310 2218.3
1409320 2221.0
1409330 2221.0
1409340 2225.2
1409350 2228.7
1409360 2228.7
1409370 2226.9
1409380 2214.3
1409390 2214.3
1409400 2202.1
1409410 2188.7
1409420 2188.7
1409430 2159.4
1409440 2121.4
1409450 2121.4
1409460 2107.2
1409470 2099.9
1409480 2099.9
1409490 2093.7
1409500 2088.0
1409510 2088.0
1409520 2082.5
1409530 2076.1
1409540 2076.1
1409550 2070.2
1409560 2065.6
1409570 2060.6
1409580 2060.6
1409590 2055.5
1409600 2050.4
1409610 2050.4
1409620 2044.8
1409630 2039.7
1409640 2039.7
1409650 2035.1
1409660 2030.1
1409670 2030.1
1409680 2025.6
1409690 2021.4
1409700 2021.4
1409710 2019.4
1409720 2018.0
1409730 2018.0
1409740 2018.5
1409750 2016.6
1409760 2016.6
1409770 2015.9
1409780 2018.2
1409790 2018.2
1409800 2030.3
1409810 2032.1
1409820 2032.1
1409830 2032.9
1409840 2034.7
1409850 2034.7
1409860 2036.6
1409870 2041.0
1409880 2041.0
1409890 2038.8
1409900 2044.9
1409910 2044.9
1409920 2056.1
1409930 2066.6
1409940 2076.0
1409950 2076.0
1409960 2082.6
1409970 2087.4
1409980 2087.4
1409990 2096.0
1410000 2111.9
1410010 2111.9
1410020 2126.9
1410030 2139.8
1410040 2139.8
1410050 2149.2
1410060 2159.7
1410070 2159.7
1410080 2169.4
1410090 2181.0
1410100 2181.0
1410110 2191.2
1410120 2199.1
1410130 2199.1
1410140 2208.8
1410150 2214.9
1410160 2214.9
1410170 2220.5
1410180 2216.4
1410190 2216.4
1410200 2209.2
1410210 2200.5
1410220 2200.5
1410230 2194.0
1410240 2187.3
1410250 2187.3
1410260 2180.7
1410270 2191.4
1410280 2207.4
1410290 2207.4
1410300 2209.0
1410310 2211.2
1410320 2211.2
1410330 2206.5
1410340 2195.9
1410350 2195.9
1410360 2184.3
1410370 2177.9
1410380 2177.9
1410390 2173.1
1410400 2167.6
1410410 2167.6
1410420 2161.8
1410430 2158.8
1410440 2158.8
1410450 2155.0
1410460 2150.9
1410470 2150.9
1410480 2147.3
1410490 2142.8
1410500 2142.8
1410510 2137.1
1410520 2134.9
1410530 2134.9
1410540 2133.9
1410550 2133.9
1410560 2133.9
1410570 2133.4
1410580 2135.8
1410590 2135.8
1410600 2152.8
1410610 2163.0
1410620 2163.0
1410630 2175.2
1410640 2195.0
1410650 2221.9
1410660 2221.9
1410670 2228.1
1410680 2233.6
1410690 2233.6
1410700 2239.3
1410710 2240.0
1410720 2240.0
1410730 2243.3
1410740 2245.7
1410750 2245.7
1410760 2246.2
1410770 2247.0
1410780 2247.0
1410790 2247.6
1410800 2249.2
1410810 2249.2
1410820 2251.6
1410830 2252.2
1410840 2252.2
1410850 2251.4
1410860 2250.9
1410870 2250.9
1410880 2246.0
1410890 2236.8
1410900 2236.8
1410910 2229.4
1410920 2222.6
1410930 2222.6
1410940 2207.8
1410950 2199.0
1410960 2199.0
1410970 2191.5
1410980 2183.6
1410990 2172.2
1411000 2172.2
1411010 2129.7
1411020 2123.5
1411030 2129.5
1411040 2119.7
1411050 2106.8
1411060 2106.8
1411070 2089.6
1411080 2076.2
1411090 2076.2
1411100 2064.8
1411110 2053.6
1411120 2053.6
1411130 2042.1
1411140 2029.6
1411150 2029.6
1411160 2015.6
1411170 2010.0
1411180 2010.0
1411190 2004.1
1411200 2004.4
1411210 2004.4
1411220 2006.9
1411230 2007.5
1411240 2007.5
1411250 2014.7
1411260 2016.9
1411270 2016.9
1411280 2017.8
1411290 2018.0
1411300 2018.0
1411310 2019.4
1411320 2020.5
1411330 2020.5
1411340 2023.4
1411350 2026.6
1411360 2022.8
1411370 2022.8
1411380 2003.3
1411390 1976.5
1411400 1976.5
1411410 1974.6
1411420 1966.8
1411430 1966.8
1411440 1965.7
1411450 1970.0
1411460 1970.0
1411470 1970.2
1411480 1963.4
1411490 1963.4
1411500 1955.2
1411510 1960.8
1411520 1960.8
1411530 1963.2
1411540 1977.1
1411550 1977.1
1411560 1979.4
1411570 1981.9
1411580 1981.9
1411590 1973.0
1411600 1961.6
1411610 1961.6
1411620 1949.7
1411630 1940.2
1411640 1940.2
1411650 1937.3
1411660 1951.3
1411670 1951.3
1411680 1960.5
1411690 1955.1
1411700 1942.5
1411710 1942.5
1411720 1928.4
1411730 1918.5
1411740 1918.5
1411750 1911.9
1411760 1909.1
1411770 1909.1
1411780 1904.7
1411790 1899.4
1411800 1899.4
1411810 1895.7
1411820 1893.1
1411830 1893.1
1411840 1891.3
1411850 1889.4
1411860 1889.4
1411870 1889.2
1411880 1887.7
1411890 1887.7
1411900 1885.2
1411910 1888.4
1411920 1888.4
1411930 1898.8
1411940 1892.2
1411950 1892.2
1411960 1881.2
1411970 1875.1
1411980 1875.1
1411990 1870.9
1412000 1867.1
1412010 1867.1
1412020 1854.5
1412030 1845.2
1412040 1839.2
1412050 1839.2
1412060 1836.7
1412070 1832.1
1412080 1832.1
1412090 1825.8
1412100 1816.5
1412110 1816.5
1412120 1821.8
1412130 1819.8
1412140 1819.8
1412150 1813.9
1412160 1810.3
1412170 1810.3
1412180 1817.4
1412190 1819.6
1412200 1819.6
1412210 1821.4
1412220 1823.8
1412230 1823.8
1412240 1821.9
1412250 1815.4
1412260 1815.4
1412270 1809.9
1412280 1813.8
1412290 1813.8
1412300 1819.6
1412310 1821.6
1412320 1821.6
1412330 1816.1
1412340 1809.8
1412350 1809.8
1412360 1802.5
1412370 1795.8
1412380 1795.8
1412390 1790.6
1412400 1786.1
1412410 1783.2
1412420 1783.2
1412430 1778.8
1412440 1774.3
1412450 1774.3
1412460 1769.5
1412470 1765.5
1412480 1765.5
1412490 1760.7
1412500 1755.0
1412510 1755.0
1412520 1754.6
1412530 1753.5
1412540 1753.5
1412550 1752.7
1412560 1751.1
1412570 1751.1
1412580 1750.0
1412590 1752.8
1412600 1752.8
1412610 1753.8
1412620 1755.7
1412630 1755.7
1412640 1759.5
1412650 1760.7
1412660 1760.7
1412670 1758.8
1412680 1754.1
1412690 1754.1
1412700 1749.9
1412710 1748.3
1412720 1748.3
1412730 1745.2
1412740 1742.8
1412750 1737.4
1412760 1737.4
1412770 1733.1
1412780 1727.9
1412790 1725.1
1412800 1723.2
1412810 1720.5
1412820 1720.5
1412830 1716.5
1412840 1708.9
1412850 1708.9
1412860 1699.4
1412870 1692.5
1412880 1692.5
1412890 1684.3
1412900 1674.6
1412910 1674.6
1412920 1663.0
1412930 1651.7
1412940 1651.7
1412950 1645.1
1412960 1638.6
1412970 1638.6
1412980 1630.4
1412990 1625.4
1413000 1625.4
1413010 1621.2
1413020 1617.9
1413030 1617.9
1413040 1616.7
1413050 1616.0
1413060 1616.0
1413070 1615.1
1413080 1614.1
1413090 1614.1
1413100 1613.7
1413110 1610.4
1413120 1602.1
1413130 1602.1
1413140 1591.2
1413150 1587.5
1413160 1587.5
1413170 1576.5
1413180 1577.9
1413190 1577.9
1413200 1589.7
1413210 1587.2
1413220 1587.2
1413230 1583.7
1413240 1579.9
1413250 1579.9
1413260 1576.2
1413270 1568.8
1413280 1568.8
1413290 1558.4
1413300 1550.6
1413310 1550.6
1413320 1543.5
1413330 1535.9
1413340 1535.9
1413350 1530.5
1413360 1526.2
1413370 1526.2
1413380 1513.6
1413390 1505.6
1413400 1505.6
1413410 1497.0
1413420 1484.8
1413430 1484.8
1413440 1472.7
1413450 1458.3
1413460 1446.9
1413470 1446.9
1413480 1435.3
1413490 1425.6
1413500 1425.6
1413510 1414.0
1413520 1399.7
1413530 1399.7
1413540 1387.5
1413550 1377.2
1413560 1377.2
1413570 1368.4
1413580 1361.4
1413590 1361.4
1413600 1354.5
1413610 1346.2
1413620 1346.2
1413630 1338.2
1413640 1329.9
1413650 1329.9
1413660 1321.4
1413670 1318.0
1413680 1318.0
1413690 1314.7
1413700 1305.1
1413710 1305.1
1413720 1291.3
1413730 1279.9
1413740 1279.9
1413750 1268.6
1413760 1260.7
1413770 1260.7
1413780 1252.7
1413790 1244.6
1413800 1244.6
1413810 1237.6
1413820 1231.2
1413830 1224.8
1413840 1224.8
1413850 1218.2
1413860 1209.2
1413870 1209.2
1413880 1202.5
1413890 1196.1
1413900 1196.1
1413910 1186.5
1413920 1178.3
1413930 1178.3
1413940 1172.4
1413950 1166.9
1413960 1166.9
1413970 1160.2
1413980 1158.7
1413990 1158.7
1414000 1149.2
1414010 1143.2
1414020 1143.2
1414030 1136.9
1414040 1133.8
1414050 1133.8
1414060 1124.3
1414070 1113.2
1414080 1113.2
1414090 1104.4
1414100 1105.0
1414110 1105.0
1414120 1107.9
1414130 1113.6
1414140 1113.6
1414150 1126.9
1414160 1137.2
1414170 1141.5
1414180 1141.5
1414190 1139.6
1414200 1134.5
1414210 1134.5
1414220 1128.3
1414230 1127.0
1414240 1127.0
1414250 1129.1
1414260 1134.3
1414270 1134.3
1414280 1140.0
1414290 1138.0
1414300 1138.0
1414310 1131.5
1414320 1120.8
1414330 1120.8
1414340 1110.7
1414350 1102.0
1414360 1102.0
1414370 1094.3
1414380 1086.9
1414390 1086.9
1414400 1079.8
1414410 1073.7
1414420 1073.7
1414430 1066.1
1414440 1059.1
1414450 1059.1
1414460 1052.0
1414470 1044.7
1414480 1044.7
1414490 1034.9
1414500 1027.0
1414510 1027.0
1414520 1019.2
1414530 1011.1
1414540 1004.0
1414550 1004.0
1414560 997.2
1414570 992.0
1414580 992.0
1414590 996.6
1414600 986.1
1414610 986.1
1414620 997.4
1414630 1007.6
1414640 1007.6
1414650 1018.1
1414660 1027.0
1414670 1027.0
1414680 1027.8
1414690 1015.6
1414700 1015.6
1414710 1002.4
1414720 976.1
1414730 976.1
1414740 952.0
1414750 935.1
1414760 935.1
1414770 925.4
1414780 918.0
1414790 918.0
1414800 909.7
1414810 898.3
1414820 898.3
1414830 887.5
1414840 880.6
1414850 880.6
1414860 877.1
1414870 877.0
1414880 877.0
1414890 874.0
1414900 864.0
1414910 838.8
1414920 838.8
1414930 824.5
1414940 823.9
1414950 823.9
1414960 819.1
1414970 813.5
1414980 813.5
1414990 810.9
1415000 808.7
1415010 808.7
1415020 809.2
1415030 804.6
1415040 804.6
1415050 801.7
1415060 798.3
1415070 798.3
1415080 794.4
1415090 794.1
1415100 794.1
1415110 792.0
1415120 791.6
1415130 791.6
1415140 788.6
1415150 787.2
1415160 787.2
1415170 785.5
1415180 786.3
1415190 786.3
1415200 786.3
1415210 780.8
1415220 780.8
1415230 775.4
1415240 771.3
1415250 768.5
1415260 768.5
1415270 764.8
1415280 764.7
1415290 764.7
1415300 763.6
1415310 760.1
1415320 760.1
1415330 755.9
1415340 753.5
1415350 753.5
1415360 752.6
1415370 750.2
1415380 750.2
1415390 747.2
1415400 743.5
1415410 743.5
1415420 739.8
1415430 737.1
1415440 737.1
1415450 734.5
1415460 732.6
1415470 732.6
1415480 730.3
1415490 727.8
1415500 727.8
1415510 724.2
1415520 719.5
1415530 719.5
1415540 714.5
1415550 710.1
1415560 710.1
1415570 707.0
1415580 705.1
1415590 705.1
1415600 703.3
1415610 700.8
1415620 697.4
1415630 697.4
1415640 693.5
1415650 689.1
1415660 689.1
1415670 686.4
1415680 684.7
1415690 684.7
1415700 682.6
1415710 680.6
1415720 680.6
1415730 679.6
1415740 678.9
1415750 678.9
1415760 677.0
1415770 674.1
1415780 674.1
1415790 668.6
1415800 665.4
1415810 665.4
1415820 668.9
1415830 671.6
1415840 671.6
1415850 671.3
1415860 670.0
1415870 670.0
1415880 669.0
1415890 667.9
1415900 667.9
1415910 666.7
1415920 665.0
1415930 665.0
1415940 663.4
1415950 664.1
1415960 663.0
1415970 663.0
1415980 659.7
1415990 658.0
1416000 658.0
1416010 657.7
1416020 657.5
1416030 657.5
1416040 657.2
1416050 656.5
1416060 656.5
1416070 656.0
1416080 655.5
1416090 655.5
1416100 655.1
1416110 654.3
1416120 654.3
1416130 653.7
1416140 653.5
1416150 653.5
1416160 653.2
1416170 652.7
1416180 652.7
1416190 652.4
1416200 652.4
1416210 652.4
1416220 652.4
1416230 652.4
1416240 652.4
1416250 652.5
1416260 652.7
1416270 652.7
1416280 652.8
1416290 652.9
1416300 652.9
1416310 652.9
1416320 653.0
1416330 653.0
1416340 653.0
1416350 652.4
1416360 651.1
1416370 651.1
1416380 651.0
1416390 651.1
1416400 651.1
1416410 651.4
1416420 651.6
1416430 651.6
1416440 652.1
1416450 652.1
1416460 652.1
1416470 651.6
1416480 650.9
1416490 650.9
1416500 651.2
1416510 651.6
1416520 651.6
1416530 651.6
1416540 651.5
1416550 651.5
1416560 651.4
1416570 652.1
1416580 652.1
1416590 652.0
1416600 651.7
1416610 651.7
1416620 651.5
1416630 650.6
1416640 650.6
1416650 649.2
1416660 649.2
1416670 649.4
1416680 649.4
1416690 650.4
1416700 652.1
1416710 652.1
1416720 659.4
1416730 668.2
1416740 668.2
1416750 676.6
1416760 684.5
1416770 684.5
1416780 694.4
1416790 703.2
1416800 703.2
1416810 712.8
1416820 722.0
1416830 722.0
1416840 732.3
1416850 746.8
1416860 746.8
1416870 758.9
1416880 768.7
1416890 768.7
1416900 777.3
1416910 787.5
1416920 787.5
1416930 800.0
1416940 809.3
1416950 809.3
1416960 817.6
1416970 823.7
1416980 823.7
1416990 826.3
1417000 828.6
1417010 828.6
1417020 833.6
1417030 839.5
1417040 845.1
1417050 845.1
1417060 851.8
1417070 859.8
1417080 859.8
1417090 867.0
1417100 873.8
1417110 873.8
1417120 882.1
1417130 891.5
1417140 891.5
1417150 903.1
1417160 916.6
1417170 916.6
1417180 917.9
1417190 908.3
1417200 908.3
1417210 889.8
1417220 869.4
1417230 869.4
1417240 850.1
1417250 839.9
1417260 839.9
1417270 833.1
1417280 831.3
1417290 831.3
1417300 836.7
1417310 846.3
1417320 846.3
1417330 856.1
1417340 870.6
1417350 870.6
1417360 887.7
1417370 896.0
1417380 915.5
1417390 915.5
1417400 927.6
1417410 922.5
1417420 922.5
1417430 922.3
1417440 929.4
1417450 929.4
1417460 935.7
1417470 940.9
1417480 940.9
1417490 945.5
1417500 950.0
1417510 950.0
1417520 950.8
1417530 947.9
1417540 947.9
1417550 954.5
1417560 964.6
1417570 964.6
1417580 972.3
1417590 980.5
1417600 980.5
1417610 989.7
1417620 993.4
1417630 993.4
1417640 981.1
1417650 967.3
1417660 967.3
1417670 970.5
1417680 981.0
1417690 981.0
1417700 990.9
1417710 1005.0
1417720 1005.0
1417730 1014.1
1417740 1022.9
1417750 1038.1
1417760 1038.1
1417770 1054.5
1417780 1067.0
1417790 1067.0
1417800 1075.1
1417810 1086.6
1417820 1086.6
1417830 1108.2
1417840 1127.8
1417850 1127.8
1417860 1142.1
1417870 1144.6
1417880 1144.6
1417890 1143.9
1417900 1146.9
1417910 1146.9
1417920 1160.1
1417930 1172.6
1417940 1172.6
1417950 1172.1
1417960 1168.8
1417970 1168.8
1417980 1174.8
1417990 1178.7
1418000 1178.7
1418010 1185.8
1418020 1201.5
1418030 1201.5
1418040 1207.0
1418050 1210.6
1418060 1210.6
1418070 1212.0
1418080 1218.4
1418090 1260.8
1418100 1260.8
1418110 1271.9
1418120 1269.1
1418130 1269.1
1418140 1267.0
1418150 1263.4
1418160 1263.4
1418170 1258.0
1418180 1252.9
1418190 1252.9
1418200 1247.1
1418210 1239.9
1418220 1239.9
1418230 1235.6
1418240 1231.4
1418250 1231.4
1418260 1226.0
1418270 1221.5
1418280 1221.5
1418290 1216.4
1418300 1213.2
1418310 1213.2
1418320 1206.9
1418330 1198.6
1418340 1198.6
1418350 1192.7
1418360 1190.2
1418370 1190.2
1418380 1186.0
1418390 1181.3
1418400 1181.3
1418410 1176.0
1418420 1170.9
1418430 1170.9
1418440 1166.7
1418450 1161.4
1418460 1155.3
1418470 1155.3
1418480 1149.3
1418490 1145.9
1418500 1145.9
1418510 1145.7
1418520 1147.5
1418530 1147.5
1418540 1147.6
1418550 1146.6
1418560 1146.6
1418570 1149.5
1418580 1154.2
1418590 1154.2
1418600 1159.8
1418610 1164.9
1418620 1164.9
1418630 1171.2
1418640 1176.7
1418650 1176.7
1418660 1181.8
1418670 1186.4
1418680 1186.4
1418690 1190.4
1418700 1194.1
1418710 1194.1
1418720 1197.6
1418730 1199.7
1418740 1199.7
1418750 1200.5
1418760 1200.6
1418770 1200.6
1418780 1200.7
1418790 1200.7
1418800 1200.4
1418810 1200.4
1418820 1199.9
1418830 1200.5
1418840 1200.5
1418850 1203.6
1418860 1205.5
1418870 1205.5
1418880 1207.5
1418890 1210.9
1418900 1210.9
1418910 1214.8
1418920 1219.6
1418930 1219.6
1418940 1222.6
1418950 1225.7
1418960 1225.7
1418970 1231.9
1418980 1238.0
1418990 1238.0
1419000 1241.7
1419010 1245.5
1419020 1245.5
1419030 1249.8
1419040 1254.2
1419050 1254.2
1419060 1259.1
1419070 1264.2
1419080 1264.2
1419090 1269.9
1419100 1275.5
1419110 1275.5
1419120 1281.4
1419130 1287.4
1419140 1287.4
1419150 1293.6
1419160 1299.6
1419170 1305.6
1419180 1305.6
1419190 1312.3
1419200 1319.0
1419210 1319.0
1419220 1325.3
1419230 1332.5
1419240 1332.5
1419250 1340.6
1419260 1347.7
1419270 1347.7
1419280 1355.5
1419290 1363.6
1419300 1363.6
1419310 1374.4
1419320 1432.8
1419330 1432.8
1419340 1468.2
1419350 1477.9
1419360 1477.9
1419370 1496.9
1419380 1503.2
1419390 1503.2
1419400 1505.5
1419410 1508.0
1419420 1508.0
1419430 1510.4
1419440 1514.0
1419450 1514.0
1419460 1514.5
1419470 1514.3
1419480 1514.3
1419490 1515.9
1419500 1517.2
1419510 1515.1
1419520 1515.1
1419530 1512.3
1419540 1508.5
1419550 1508.5
1419560 1505.6
1419570 1505.9
1419580 1505.9
1419590 1505.7
1419600 1500.8
1419610 1500.8
1419620 1497.0
1419630 1502.0
1419640 1502.0
1419650 1504.3
1419660 1504.0
1419670 1504.0
1419680 1502.5
1419690 1499.7
1419700 1499.7
1419710 1496.5
1419720 1494.0
1419730 1494.0
1419740 1495.4
1419750 1495.5
1419760 1495.5
1419770 1492.8
1419780 1490.4
1419790 1490.4
1419800 1485.6
1419810 1482.0
1419820 1482.0
1419830 1479.4
1419840 1475.3
1419850 1475.3
1419860 1474.0
1419870 1476.4
1419880 1479.1
1419890 1479.1
1419900 1477.3
1419910 1476.3
1419920 1476.3
1419930 1475.9
1419940 1475.4
1419950 1475.4
1419960 1477.3
1419970 1479.3
1419980 1479.3
1419990 1479.8
