1400000 1120.9
1400010 1120.9
1400020 1123.7
1400030 1127.3
1400040 1127.3
1400050 1131.3
1400060 1135.6
1400070 1135.6
1400080 1139.8
1400090 1143.5
1400100 1143.5
1400110 1147.6
1400120 1150.0
1400130 1151.6
1400140 1151.6
1400150 1153.8
1400160 1157.0
1400170 1157.0
1400180 1159.7
1400190 1161.7
1400200 1161.7
1400210 1164.7
1400220 1169.0
1400230 1169.0
1400240 1173.9
1400250 1177.9
1400260 1177.9
1400270 1181.9
1400280 1185.3
1400290 1185.3
1400300 1189.1
1400310 1193.4
1400320 1193.4
1400330 1197.0
1400340 1196.2
1400350 1196.2
1400360 1191.9
1400370 1188.2
1400380 1188.2
1400390 1186.4
1400400 1184.4
1400410 1184.4
1400420 1182.9
1400430 1183.8
1400440 1183.8
1400450 1180.5
1400460 1179.8
1400470 1179.8
1400480 1181.2
1400490 1183.9
1400500 1188.0
1400510 1188.0
1400520 1193.8
1400530 1200.0
1400540 1200.0
1400550 1206.3
1400560 1212.5
1400570 1212.5
1400580 1216.8
1400590 1217.2
1400600 1217.2
1400610 1220.6
1400620 1226.6
1400630 1226.6
1400640 1229.2
1400650 1233.6
1400660 1233.6
1400670 1239.0
1400680 1244.4
1400690 1244.4
1400700 1247.5
1400710 1251.1
1400720 1251.1
1400730 1252.8
1400740 1252.3
1400750 1252.3
1400760 1251.5
1400770 1250.7
1400780 1250.7
1400790 1249.8
1400800 1250.5
1400810 1250.5
1400820 1246.2
1400830 1238.8
1400840 1238.8
1400850 1234.5
1400860 1232.4
1400870 1231.5
1400880 1231.5
1400890 1229.2
1400900 1227.0
1400910 1227.0
1400920 1228.6
1400930 1233.0
1400940 1233.0
1400950 1231.4
1400960 1227.8
1400970 1227.8
1400980 1224.2
1400990 1221.4
1401000 1221.4
1401010 1219.4
1401020 1219.5
1401030 1219.5
1401040 1225.5
1401050 1233.3
1401060 1233.3
1401070 1237.9
1401080 1239.0
1401090 1239.0
1401100 1237.9
1401110 1237.7
1401120 1237.7
1401130 1237.0
1401140 1238.9
1401150 1238.9
1401160 1242.9
1401170 1250.8
1401180 1250.8
1401190 1250.6
1401200 1250.8
1401210 1249.2
1401220 1249.2
1401230 1252.5
1401240 1261.7
1401250 1261.7
1401260 1271.5
1401270 1280.4
1401280 1280.4
1401290 1289.2
1401300 1301.0
1401310 1301.0
1401320 1314.9
1401330 1324.0
1401340 1324.0
1401350 1329.9
1401360 1335.0
1401370 1335.0
1401380 1340.2
1401390 1345.2
1401400 1345.2
1401410 1350.2
1401420 1355.5
1401430 1355.5
1401440 1361.1
1401450 1365.9
1401460 1365.9
1401470 1370.1
1401480 1373.1
1401490 1373.1
1401500 1375.5
1401510 1378.8
1401520 1378.8
1401530 1385.5
1401540 1394.8
1401550 1394.8
1401560 1402.1
1401570 1412.2
1401580 1423.5
1401590 1423.5
1401600 1437.4
1401610 1446.2
1401620 1446.2
1401630 1452.0
1401640 1457.8
1401650 1457.8
1401660 1462.4
1401670 1464.0
1401680 1464.0
1401690 1465.9
1401700 1469.5
1401710 1469.5
1401720 1473.0
1401730 1472.2
1401740 1472.2
1401750 1464.1
1401760 1452.6
1401770 1452.6
1401780 1448.2
1401790 1449.3
1401800 1449.3
1401810 1449.0
1401820 1447.4
1401830 1447.4
1401840 1450.3
1401850 1453.9
1401860 1453.9
1401870 1455.4
1401880 1458.6
1401890 1458.6
1401900 1465.0
1401910 1474.9
1401920 1474.9
1401930 1484.1
1401940 1488.5
1401950 1492.1
1401960 1492.1
1401970 1494.5
1401980 1487.9
1401990 1487.9
1402000 1479.3
1402010 1477.3
1402020 1477.3
1402030 1469.8
1402040 1456.4
1402050 1456.4
1402060 1451.6
1402070 1451.1
1402080 1451.1
1402090 1453.5
1402100 1456.0
1402110 1456.0
1402120 1458.9
1402130 1460.8
1402140 1460.8
1402150 1462.5
1402160 1464.0
1402170 1464.0
1402180 1465.6
1402190 1467.0
1402200 1467.0
1402210 1469.6
1402220 1474.0
1402230 1474.0
1402240 1479.4
1402250 1486.5
1402260 1486.5
1402270 1494.9
1402280 1502.8
1402290 1502.8
1402300 1510.8
1402310 1515.9
1402320 1521.7
1402330 1521.7
1402340 1526.7
1402350 1529.3
1402360 1529.3
1402370 1532.1
1402380 1536.3
1402390 1536.3
1402400 1544.4
1402410 1549.5
1402420 1549.5
1402430 1555.0
1402440 1559.0
1402450 1559.0
1402460 1562.5
1402470 1567.3
1402480 1567.3
1402490 1569.3
1402500 1568.9
1402510 1568.9
1402520 1570.7
1402530 1572.7
1402540 1572.7
1402550 1572.5
1402560 1567.5
1402570 1567.5
1402580 1563.6
1402590 1561.6
1402600 1561.6
1402610 1571.3
1402620 1581.2
1402630 1581.2
1402640 1594.4
1402650 1602.4
1402660 1608.8
1402670 1608.8
1402680 1613.7
1402690 1621.8
1402700 1621.8
1402710 1631.1
1402720 1644.8
1402730 1644.8
1402740 1649.4
1402750 1660.7
1402760 1660.7
1402770 1676.0
1402780 1696.6
1402790 1696.6
1402800 1709.9
1402810 1718.8
1402820 1718.8
1402830 1726.8
1402840 1733.6
1402850 1733.6
1402860 1741.8
1402870 1752.0
1402880 1752.0
1402890 1761.9
1402900 1772.8
1402910 1772.8
1402920 1781.9
1402930 1788.4
1402940 1788.4
1402950 1798.7
1402960 1812.6
1402970 1812.6
1402980 1827.7
1402990 1841.8
1403000 1841.8
1403010 1851.3
1403020 1863.2
1403030 1873.0
1403040 1873.0
1403050 1879.2
1403060 1885.6
1403070 1885.6
1403080 1892.4
1403090 1905.9
1403100 1905.9
1403110 1921.5
1403120 1928.0
1403130 1928.0
1403140 1935.7
1403150 1942.5
1403160 1942.5
1403170 1948.5
1403180 1954.6
1403190 1954.6
1403200 1955.4
1403210 1956.3
1403220 1956.3
1403230 1964.9
1403240 1973.9
1403250 1973.9
1403260 1982.0
1403270 1989.9
1403280 1989.9
1403290 1997.5
1403300 2012.7
1403310 2012.7
1403320 2034.8
1403330 2048.2
1403340 2048.2
1403350 2056.6
1403360 2063.9
1403370 2063.9
1403380 2073.8
1403390 2082.1
1403400 2091.9
1403410 2091.9
1403420 2100.8
1403430 2110.7
1403440 2110.7
1403450 2120.9
1403460 2127.0
1403470 2127.0
1403480 2136.0
1403490 2145.7
1403500 2145.7
1403510 2153.3
1403520 2163.0
1403530 2163.0
1403540 2175.8
1403550 2187.5
1403560 2187.5
1403570 2203.0
1403580 2218.0
1403590 2218.0
1403600 2228.9
1403610 2244.2
1403620 2244.2
1403630 2259.0
1403640 2277.1
1403650 2277.1
1403660 2297.9
1403670 2331.3
1403680 2331.3
1403690 2342.0
1403700 2345.8
1403710 2345.8
1403720 2352.9
1403730 2355.8
1403740 2356.8
1403750 2356.8
1403760 2355.6
1403770 2349.3
1403780 2349.3
1403790 2344.4
1403800 2346.8
1403810 2346.8
1403820 2342.9
1403830 2334.2
1403840 2334.2
1403850 2327.4
1403860 2322.3
1403870 2322.3
1403880 2320.0
1403890 2318.7
1403900 2318.7
1403910 2315.1
1403920 2317.0
1403930 2317.0
1403940 2315.6
1403950 2314.3
1403960 2314.3
1403970 2314.7
1403980 2317.9
1403990 2317.9
1404000 2328.7
1404010 2339.9
1404020 2339.9
1404030 2344.8
1404040 2346.6
1404050 2346.6
1404060 2347.3
1404070 2346.5
1404080 2346.5
1404090 2347.2
1404100 2347.2
1404110 2347.6
1404120 2347.6
1404130 2346.6
1404140 2344.8
1404150 2344.8
1404160 2345.2
1404170 2347.1
1404180 2347.1
1404190 2354.3
1404200 2360.2
1404210 2360.2
1404220 2368.3
1404230 2372.6
1404240 2372.6
1404250 2374.6
1404260 2380.4
1404270 2380.4
1404280 2384.3
1404290 2386.9
1404300 2386.9
1404310 2386.8
1404320 2371.6
1404330 2371.6
1404340 2365.9
1404350 2359.1
1404360 2359.1
1404370 2361.4
1404380 2367.1
1404390 2367.1
1404400 2373.6
1404410 2383.4
1404420 2383.4
1404430 2381.3
1404440 2363.3
1404450 2363.3
1404460 2352.5
1404470 2341.2
1404480 2334.2
1404490 2334.2
1404500 2320.2
1404510 2303.1
1404520 2303.1
1404530 2279.3
1404540 2265.7
1404550 2265.7
1404560 2254.8
1404570 2242.5
1404580 2242.5
1404590 2229.8
1404600 2228.0
1404610 2228.0
1404620 2230.0
1404630 2223.3
1404640 2223.3
1404650 2215.6
1404660 2206.0
1404670 2206.0
1404680 2198.4
1404690 2194.4
1404700 2194.4
1404710 2190.7
1404720 2186.5
1404730 2186.5
1404740 2199.9
1404750 2202.3
1404760 2202.3
1404770 2210.4
1404780 2217.3
1404790 2217.3
1404800 2224.2
1404810 2234.5
1404820 2227.5
1404830 2227.5
1404840 2223.0
1404850 2232.5
1404860 2232.5
1404870 2242.4
1404880 2241.6
1404890 2241.6
1404900 2235.1
1404910 2231.6
1404920 2231.6
1404930 2227.0
1404940 2222.3
1404950 2222.3
1404960 2223.3
1404970 2224.0
1404980 2224.0
1404990 2224.3
1405000 2227.9
1405010 2227.9
1405020 2232.2
1405030 2236.0
1405040 2236.0
1405050 2234.3
1405060 2211.4
1405070 2211.4
1405080 2188.9
1405090 2156.1
1405100 2156.1
1405110 2122.2
1405120 2099.1
1405130 2099.1
1405140 2096.9
1405150 2104.0
1405160 2104.0
1405170 2113.4
1405180 2100.3
1405190 2078.6
1405200 2078.6
1405210 2063.5
1405220 2059.7
1405230 2059.7
1405240 2059.3
1405250 2057.8
1405260 2057.8
1405270 2055.4
1405280 2054.5
1405290 2054.5
1405300 2055.3
1405310 2057.5
1405320 2057.5
1405330 2059.2
1405340 2060.3
1405350 2060.3
1405360 2060.6
1405370 2062.2
1405380 2062.2
1405390 2064.3
1405400 2067.0
1405410 2067.0
1405420 2076.3
1405430 2090.9
1405440 2090.9
1405450 2101.3
1405460 2110.9
1405470 2110.9
1405480 2119.9
1405490 2129.0
1405500 2129.0
1405510 2138.1
1405520 2147.8
1405530 2147.8
1405540 2156.4
1405550 2161.0
1405560 2165.8
1405570 2165.8
1405580 2171.7
1405590 2172.7
1405600 2172.7
1405610 2172.5
1405620 2184.0
1405630 2184.0
1405640 2204.6
1405650 2218.5
1405660 2218.5
1405670 2222.6
1405680 2220.6
1405690 2220.6
1405700 2215.9
1405710 2213.4
1405720 2213.4
1405730 2210.8
1405740 2207.3
1405750 2207.3
1405760 2205.9
1405770 2204.8
1405780 2204.8
1405790 2203.7
1405800 2201.4
1405810 2201.4
1405820 2198.3
1405830 2195.1
1405840 2195.1
1405850 2191.8
1405860 2188.6
1405870 2188.6
1405880 2186.2
1405890 2183.5
1405900 2188.1
1405910 2188.1
1405920 2186.4
1405930 2185.4
1405940 2185.4
1405950 2185.6
1405960 2185.5
1405970 2185.5
1405980 2185.7
1405990 2186.7
1406000 2186.7
1406010 2188.6
1406020 2191.6
1406030 2191.6
1406040 2193.3
1406050 2193.9
1406060 2193.9
1406070 2194.2
1406080 2195.5
1406090 2195.5
1406100 2197.4
1406110 2200.3
1406120 2200.3
1406130 2204.4
1406140 2211.3
1406150 2211.3
1406160 2218.0
1406170 2238.3
1406180 2238.3
1406190 2263.5
1406200 2278.8
1406210 2278.8
1406220 2284.0
1406230 2290.3
1406240 2290.3
1406250 2302.5
1406260 2307.7
1406270 2310.0
1406280 2310.0
1406290 2307.9
1406300 2303.6
1406310 2303.6
1406320 2301.4
1406330 2301.5
1406340 2301.5
1406350 2302.8
1406360 2301.5
1406370 2301.5
1406380 2297.5
1406390 2293.6
1406400 2293.6
1406410 2290.3
1406420 2285.7
1406430 2285.7
1406440 2283.0
1406450 2279.8
1406460 2279.8
1406470 2276.2
1406480 2274.9
1406490 2274.9
1406500 2274.7
1406510 2274.7
1406520 2274.7
1406530 2274.9
1406540 2275.6
1406550 2275.6
1406560 2276.9
1406570 2278.4
1406580 2278.4
1406590 2280.5
1406600 2282.9
1406610 2282.9
1406620 2286.7
1406630 2291.1
1406640 2294.0
1406650 2294.0
1406660 2297.6
1406670 2300.8
1406680 2300.8
1406690 2305.8
1406700 2312.5
1406710 2312.5
1406720 2325.4
1406730 2332.9
1406740 2332.9
1406750 2336.6
1406760 2332.7
1406770 2332.7
1406780 2324.6
1406790 2315.6
1406800 2315.6
1406810 2302.8
1406820 2296.8
1406830 2296.8
1406840 2295.8
1406850 2292.8
1406860 2292.8
1406870 2286.6
1406880 2275.5
1406890 2275.5
1406900 2266.3
1406910 2259.7
1406920 2259.7
1406930 2251.9
1406940 2242.8
1406950 2242.8
1406960 2234.7
1406970 2225.4
1406980 2225.4
1406990 2215.5
1407000 2211.0
1407010 2206.4
1407020 2206.4
1407030 2199.7
1407040 2188.5
1407050 2188.5
1407060 2175.6
1407070 2169.1
1407080 2169.1
1407090 2157.9
1407100 2151.1
1407110 2151.1
1407120 2148.6
1407130 2144.8
1407140 2144.8
1407150 2140.4
1407160 2135.4
1407170 2135.4
1407180 2131.4
1407190 2128.6
1407200 2128.6
1407210 2123.7
1407220 2119.5
1407230 2119.5
1407240 2113.1
1407250 2107.0
1407260 2107.0
1407270 2099.5
1407280 2095.0
1407290 2095.0
1407300 2091.9
1407310 2088.2
1407320 2088.2
1407330 2084.8
1407340 2082.2
1407350 2078.7
1407360 2078.7
1407370 2074.6
1407380 2070.9
1407390 2070.9
1407400 2069.0
1407410 2067.7
1407420 2067.7
1407430 2065.0
1407440 2061.6
1407450 2061.6
1407460 2060.8
1407470 2058.8
1407480 2058.8
1407490 2056.1
1407500 2052.8
1407510 2052.8
1407520 2047.6
1407530 2042.8
1407540 2042.8
1407550 2037.8
1407560 2037.0
1407570 2037.0
1407580 2033.2
1407590 2028.5
1407600 2028.5
1407610 2025.4
1407620 2022.1
1407630 2022.1
1407640 2017.2
1407650 2007.5
1407660 2007.5
1407670 1997.0
1407680 1988.2
1407690 1988.2
1407700 1981.9
1407710 1978.5
1407720 1972.7
1407730 1972.7
1407740 1963.7
1407750 1951.1
1407760 1951.1
1407770 1934.3
1407780 1921.3
1407790 1921.3
1407800 1909.9
1407810 1900.5
1407820 1900.5
1407830 1893.6
1407840 1887.0
1407850 1887.0
1407860 1882.2
1407870 1877.0
1407880 1877.0
1407890 1870.5
1407900 1866.2
1407910 1866.2
1407920 1862.6
1407930 1859.2
1407940 1859.2
1407950 1855.0
1407960 1850.7
1407970 1850.7
1407980 1847.9
1407990 1846.2
1408000 1846.2
1408010 1844.8
1408020 1842.7
1408030 1842.7
1408040 1840.3
1408050 1839.7
1408060 1839.7
1408070 1839.0
1408080 1838.2
1408090 1836.5
1408100 1836.5
1408110 1833.3
1408120 1829.1
1408130 1829.1
1408140 1829.8
1408150 1828.7
1408160 1828.7
1408170 1826.5
1408180 1823.6
1408190 1823.6
1408200 1821.6
1408210 1819.1
1408220 1819.1
1408230 1816.5
1408240 1814.2
1408250 1814.2
1408260 1811.6
1408270 1810.7
1408280 1810.7
1408290 1811.4
1408300 1808.1
1408310 1808.1
1408320 1802.0
1408330 1802.4
1408340 1802.4
1408350 1801.7
1408360 1800.6
1408370 1800.6
1408380 1796.2
1408390 1791.3
1408400 1791.3
1408410 1789.8
1408420 1786.9
1408430 1784.8
1408440 1784.8
1408450 1781.0
1408460 1775.0
1408470 1775.0
1408480 1770.2
1408490 1767.3
1408500 1767.3
1408510 1761.4
1408520 1757.4
1408530 1757.4
1408540 1753.2
1408550 1748.7
1408560 1748.7
1408570 1746.0
1408580 1743.2
1408590 1743.2
1408600 1742.7
1408610 1742.4
1408620 1742.4
1408630 1740.3
1408640 1738.4
1408650 1738.4
1408660 1738.1
1408670 1738.3
1408680 1738.3
1408690 1739.8
1408700 1737.4
1408710 1737.4
1408720 1733.1
1408730 1731.1
1408740 1731.1
1408750 1730.6
1408760 1730.7
1408770 1730.7
1408780 1732.4
1408790 1736.5
1408800 1733.8
1408810 1733.8
1408820 1728.5
1408830 1717.7
1408840 1717.7
1408850 1705.5
1408860 1694.3
1408870 1694.3
1408880 1682.2
1408890 1672.1
1408900 1672.1
1408910 1670.1
1408920 1668.7
1408930 1668.7
1408940 1670.5
1408950 1673.3
1408960 1673.3
1408970 1674.5
1408980 1675.6
1408990 1675.6
1409000 1675.0
1409010 1673.1
1409020 1673.1
1409030 1671.3
1409040 1670.3
1409050 1670.3
1409060 1668.4
1409070 1666.7
1409080 1666.7
1409090 1664.0
1409100 1662.7
1409110 1662.7
1409120 1658.3
1409130 1654.1
1409140 1654.1
1409150 1652.4
1409160 1652.6
1409170 1651.1
1409180 1651.1
1409190 1648.6
1409200 1646.6
1409210 1646.6
1409220 1644.2
1409230 1642.4
1409240 1651.5
1409250 1649.0
1409260 1647.5
1409270 1647.5
1409280 1646.5
1409290 1646.3
1409300 1646.3
1409310 1645.1
1409320 1642.7
1409330 1642.7
1409340 1638.5
1409350 1633.4
1409360 1633.4
1409370 1632.7
1409380 1630.6
1409390 1630.6
1409400 1626.8
1409410 1621.6
1409420 1621.6
1409430 1614.9
1409440 1607.2
1409450 1607.2
1409460 1604.6
1409470 1599.3
1409480 1599.3
1409490 1597.3
1409500 1595.7
1409510 1592.9
1409520 1592.9
1409530 1591.8
1409540 1583.0
1409550 1583.0
1409560 1574.0
1409570 1568.8
1409580 1568.8
1409590 1566.2
1409600 1564.5
1409610 1564.5
1409620 1564.6
1409630 1564.2
1409640 1564.2
1409650 1563.2
1409660 1585.6
1409670 1585.6
1409680 1617.9
1409690 1635.7
1409700 1635.7
1409710 1638.3
1409720 1635.3
1409730 1635.3
1409740 1650.7
1409750 1694.6
1409760 1694.6
1409770 1710.0
1409780 1719.3
1409790 1719.3
1409800 1720.2
1409810 1722.5
1409820 1722.5
1409830 1725.8
1409840 1728.0
1409850 1728.0
1409860 1731.4
1409870 1734.5
1409880 1738.2
1409890 1738.2
1409900 1740.6
1409910 1742.7
1409920 1742.7
1409930 1742.6
1409940 1737.8
1409950 1737.8
1409960 1729.0
1409970 1723.3
1409980 1723.3
1409990 1715.4
1410000 1711.6
1410010 1711.6
1410020 1705.9
1410030 1701.8
1410040 1701.8
1410050 1697.0
1410060 1691.8
1410070 1691.8
1410080 1686.5
1410090 1681.2
1410100 1681.2
1410110 1677.7
1410120 1676.3
1410130 1676.3
1410140 1676.5
1410150 1677.5
1410160 1677.5
1410170 1678.0
1410180 1675.0
1410190 1675.0
1410200 1667.7
1410210 1652.8
1410220 1652.8
1410230 1636.0
1410240 1629.2
1410250 1626.1
1410260 1626.1
1410270 1622.5
1410280 1617.6
1410290 1617.6
1410300 1611.3
1410310 1598.8
1410320 1598.8
1410330 1589.8
1410340 1577.6
1410350 1577.6
1410360 1559.5
1410370 1551.0
1410380 1551.0
1410390 1545.2
1410400 1540.4
1410410 1540.4
1410420 1537.3
1410430 1533.8
1410440 1533.8
1410450 1532.0
1410460 1529.1
1410470 1529.1
1410480 1527.1
1410490 1527.6
1410500 1527.6
1410510 1525.3
1410520 1521.6
1410530 1521.6
1410540 1518.4
1410550 1514.7
1410560 1514.7
1410570 1512.0
1410580 1509.6
1410590 1509.6
1410600 1506.2
1410610 1503.6
1410620 1499.9
1410630 1499.9
1410640 1495.9
1410650 1490.8
1410660 1490.8
1410670 1484.9
1410680 1478.4
1410690 1478.4
1410700 1472.6
1410710 1465.2
1410720 1465.2
1410730 1461.1
1410740 1457.9
1410750 1457.9
1410760 1453.4
1410770 1449.3
1410780 1449.3
1410790 1447.3
1410800 1445.2
1410810 1445.2
1410820 1442.3
1410830 1439.9
1410840 1439.9
1410850 1434.5
1410860 1430.6
1410870 1430.6
1410880 1426.5
1410890 1423.5
1410900 1423.5
1410910 1421.0
1410920 1417.4
1410930 1417.4
1410940 1415.0
1410950 1416.5
1410960 1413.9
1410970 1413.9
1410980 1409.1
1410990 1403.5
1411000 1403.5
1411010 1399.3
1411020 1397.8
1411030 1397.8
1411040 1411.4
1411050 1427.4
1411060 1427.4
1411070 1445.9
1411080 1448.8
1411090 1448.8
1411100 1448.7
1411110 1441.3
1411120 1441.3
1411130 1434.1
1411140 1427.0
1411150 1427.0
1411160 1422.9
1411170 1417.0
1411180 1417.0
1411190 1410.8
1411200 1404.4
1411210 1404.4
1411220 1399.8
1411230 1396.4
1411240 1396.4
1411250 1393.1
1411260 1395.2
1411270 1395.2
1411280 1406.0
1411290 1409.1
1411300 1409.1
1411310 1406.0
1411320 1399.3
1411330 1390.9
1411340 1390.9
1411350 1360.2
1411360 1342.7
1411370 1342.7
1411380 1336.3
1411390 1330.0
1411400 1330.0
1411410 1322.3
1411420 1309.3
1411430 1309.3
1411440 1302.1
1411450 1297.8
1411460 1297.8
1411470 1293.7
1411480 1290.0
1411490 1290.0
1411500 1288.6
1411510 1286.5
1411520 1286.5
1411530 1288.3
1411540 1289.0
1411550 1289.0
1411560 1285.2
1411570 1281.6
1411580 1281.6
1411590 1276.9
1411600 1276.2
1411610 1276.2
1411620 1278.7
1411630 1275.8
1411640 1275.8
1411650 1273.3
1411660 1276.1
1411670 1276.1
1411680 1280.9
1411690 1285.3
1411700 1287.5
1411710 1287.5
1411720 1281.0
1411730 1269.8
1411740 1269.8
1411750 1267.8
1411760 1265.7
1411770 1265.7
1411780 1264.0
1411790 1262.2
1411800 1262.2
1411810 1261.4
1411820 1259.9
1411830 1259.9
1411840 1261.4
1411850 1266.3
1411860 1266.3
1411870 1272.9
1411880 1279.5
1411890 1279.5
1411900 1286.1
1411910 1292.9
1411920 1292.9
1411930 1302.7
1411940 1313.2
1411950 1313.2
1411960 1325.5
1411970 1339.9
1411980 1339.9
1411990 1361.9
1412000 1369.2
1412010 1369.2
1412020 1379.5
1412030 1382.7
1412040 1390.2
1412050 1390.2
1412060 1393.2
1412070 1412.6
1412080 1412.6
1412090 1415.5
1412100 1414.9
1412110 1414.9
1412120 1414.1
1412130 1415.6
1412140 1415.6
1412150 1417.6
1412160 1418.6
1412170 1418.6
1412180 1421.4
1412190 1426.5
1412200 1426.5
1412210 1430.4
1412220 1436.9
1412230 1436.9
1412240 1434.3
1412250 1428.2
1412260 1428.2
1412270 1417.4
1412280 1403.2
1412290 1403.2
1412300 1378.2
1412310 1366.3
1412320 1366.3
1412330 1351.1
1412340 1337.0
1412350 1337.0
1412360 1322.6
1412370 1316.8
1412380 1316.8
1412390 1311.2
1412400 1305.9
1412410 1301.9
1412420 1301.9
1412430 1297.8
1412440 1296.0
1412450 1296.0
1412460 1294.6
1412470 1294.3
1412480 1294.3
1412490 1294.5
1412500 1295.9
1412510 1295.9
1412520 1298.3
1412530 1301.9
1412540 1301.9
1412550 1306.7
1412560 1310.7
1412570 1310.7
1412580 1313.0
1412590 1315.6
1412600 1315.6
1412610 1322.7
1412620 1339.6
1412630 1339.6
1412640 1346.5
1412650 1351.9
1412660 1351.9
1412670 1362.9
1412680 1371.7
1412690 1371.7
1412700 1378.4
1412710 1389.7
1412720 1389.7
1412730 1393.5
1412740 1399.1
1412750 1399.1
1412760 1404.6
1412770 1404.2
1412780 1400.9
1412790 1400.9
1412800 1401.4
1412810 1402.9
1412820 1402.9
1412830 1400.0
1412840 1399.3
1412850 1399.3
1412860 1398.8
1412870 1398.8
1412880 1398.8
1412890 1400.9
1412900 1404.8
1412910 1404.8
1412920 1405.1
1412930 1404.3
1412940 1404.3
1412950 1404.2
1412960 1405.2
1412970 1405.2
1412980 1407.0
1412990 1408.3
1413000 1408.3
1413010 1412.1
1413020 1416.8
1413030 1416.8
1413040 1420.9
1413050 1427.7
1413060 1427.7
1413070 1434.2
1413080 1439.3
1413090 1439.3
1413100 1442.0
1413110 1449.3
1413120 1451.2
1413130 1451.2
1413140 1453.1
1413150 1455.4
1413160 1455.4
1413170 1440.6
1413180 1432.4
1413190 1432.4
1413200 1433.7
1413210 1433.9
1413220 1433.9
1413230 1437.6
1413240 1438.3
1413250 1438.3
1413260 1442.4
1413270 1447.1
1413280 1447.1
1413290 1449.4
1413300 1446.8
1413310 1446.8
1413320 1435.8
1413330 1432.0
1413340 1432.0
1413350 1425.0
1413360 1419.0
1413370 1419.0
1413380 1416.2
1413390 1412.0
1413400 1412.0
1413410 1409.7
1413420 1406.0
1413430 1406.0
1413440 1403.7
1413450 1401.8
1413460 1401.8
1413470 1402.8
1413480 1408.2
1413490 1415.7
1413500 1415.7
1413510 1419.7
1413520 1425.3
1413530 1425.3
1413540 1426.1
1413550 1429.5
1413560 1429.5
1413570 1431.6
1413580 1432.3
1413590 1432.3
1413600 1429.1
1413610 1429.2
1413620 1429.2
1413630 1427.5
1413640 1417.7
1413650 1417.7
1413660 1410.5
1413670 1409.0
1413680 1409.0
1413690 1408.4
1413700 1406.8
1413710 1406.8
1413720 1399.5
1413730 1388.9
1413740 1388.9
1413750 1383.7
1413760 1381.1
1413770 1381.1
1413780 1373.3
1413790 1359.6
1413800 1359.6
1413810 1349.2
1413820 1339.7
1413830 1339.7
1413840 1333.3
1413850 1329.7
1413860 1324.4
1413870 1324.4
1413880 1320.8
1413890 1319.4
1413900 1319.4
1413910 1311.6
1413920 1301.6
1413930 1301.6
1413940 1293.5
1413950 1284.7
1413960 1284.7
1413970 1272.8
1413980 1262.2
1413990 1262.2
1414000 1255.8
1414010 1248.3
1414020 1248.3
1414030 1244.5
1414040 1245.7
1414050 1245.7
1414060 1245.5
1414070 1238.9
1414080 1238.9
1414090 1231.1
1414100 1228.2
1414110 1228.2
1414120 1228.8
1414130 1216.2
1414140 1216.2
1414150 1213.6
1414160 1228.2
1414170 1228.2
1414180 1225.7
1414190 1225.1
1414200 1222.3
1414210 1222.3
1414220 1217.9
1414230 1216.2
1414240 1216.2
1414250 1217.7
1414260 1217.8
1414270 1217.8
1414280 1215.2
1414290 1210.8
1414300 1210.8
1414310 1209.5
1414320 1208.9
1414330 1208.9
1414340 1209.9
1414350 1214.8
1414360 1214.8
1414370 1222.4
1414380 1227.5
1414390 1227.5
1414400 1231.1
1414410 1237.7
1414420 1237.7
1414430 1245.8
1414440 1255.6
1414450 1255.6
1414460 1266.7
1414470 1271.5
1414480 1271.5
1414490 1275.6
1414500 1281.5
1414510 1281.5
1414520 1289.0
1414530 1294.8
1414540 1294.8
1414550 1304.1
1414560 1312.9
1414570 1314.8
1414580 1314.8
1414590 1320.2
1414600 1323.4
1414610 1323.4
1414620 1327.5
1414630 1332.0
1414640 1332.0
1414650 1339.3
1414660 1343.6
1414670 1343.6
1414680 1345.5
1414690 1352.3
1414700 1352.3
1414710 1360.2
1414720 1362.6
1414730 1362.6
1414740 1361.2
1414750 1358.0
1414760 1358.0
1414770 1358.7
1414780 1357.9
1414790 1357.9
1414800 1354.5
1414810 1353.6
1414820 1353.6
1414830 1353.7
1414840 1352.6
1414850 1352.6
1414860 1354.0
1414870 1356.0
1414880 1356.0
1414890 1354.2
1414900 1347.9
1414910 1347.9
1414920 1342.4
1414930 1337.9
1414940 1335.7
1414950 1335.7
1414960 1336.6
1414970 1337.3
1414980 1337.3
1414990 1340.6
1415000 1345.9
1415010 1345.9
1415020 1349.1
1415030 1348.9
1415040 1348.9
1415050 1349.0
1415060 1349.3
1415070 1349.3
1415080 1349.1
1415090 1348.9
1415100 1348.9
1415110 1347.9
1415120 1347.3
1415130 1347.3
1415140 1346.2
1415150 1343.4
1415160 1343.4
1415170 1336.9
1415180 1329.5
1415190 1329.5
1415200 1320.1
1415210 1304.7
1415220 1304.7
1415230 1280.6
1415240 1267.7
1415250 1267.7
1415260 1261.7
1415270 1256.6
1415280 1252.9
1415290 1252.9
1415300 1246.4
1415310 1236.2
1415320 1236.2
1415330 1227.3
1415340 1220.3
1415350 1220.3
1415360 1212.4
1415370 1204.4
1415380 1204.4
1415390 1194.5
1415400 1186.4
1415410 1186.4
1415420 1184.6
1415430 1182.1
1415440 1182.1
1415450 1177.6
1415460 1174.1
1415470 1174.1
1415480 1169.2
1415490 1159.5
1415500 1159.5
1415510 1150.6
1415520 1142.2
1415530 1142.2
1415540 1134.3
1415550 1121.5
1415560 1121.5
1415570 1109.8
1415580 1101.3
1415590 1101.3
1415600 1089.3
1415610 1074.9
1415620 1074.9
1415630 1056.1
1415640 1040.3
1415650 1026.3
1415660 1026.3
1415670 1013.5
1415680 1003.0
1415690 1003.0
1415700 991.0
1415710 977.3
1415720 977.3
1415730 957.3
1415740 940.9
1415750 940.9
1415760 925.4
1415770 915.7
1415780 915.7
1415790 908.2
1415800 900.4
1415810 900.4
1415820 892.6
1415830 888.7
1415840 888.7
1415850 887.9
1415860 886.1
1415870 886.1
1415880 879.8
1415890 875.1
1415900 875.1
1415910 868.2
1415920 857.9
1415930 857.9
1415940 841.9
1415950 828.9
1415960 828.9
1415970 819.5
1415980 811.8
1415990 811.8
1416000 805.1
1416010 797.1
1416020 790.0
1416030 790.0
1416040 783.1
1416050 776.0
1416060 776.0
1416070 768.8
1416080 759.4
1416090 759.4
1416100 748.3
1416110 738.1
1416120 738.1
1416130 728.4
1416140 719.8
1416150 719.8
1416160 711.7
1416170 702.4
1416180 702.4
1416190 690.9
1416200 680.8
1416210 680.8
1416220 670.6
1416230 661.6
1416240 661.6
1416250 654.3
1416260 647.3
1416270 647.3
1416280 645.2
1416290 643.0
1416300 643.0
1416310 642.4
1416320 642.4
1416330 642.4
1416340 642.3
1416350 643.2
1416360 643.1
1416370 644.7
1416380 643.8
1416390 643.6
1416400 643.6
1416410 644.3
1416420 645.8
1416430 645.8
1416440 646.9
1416450 647.5
1416460 647.5
1416470 648.4
1416480 649.1
1416490 649.1
1416500 649.2
1416510 650.8
1416520 650.8
1416530 652.6
1416540 652.9
1416550 652.9
1416560 651.8
1416570 650.4
1416580 650.4
1416590 650.7
1416600 650.9
1416610 650.9
1416620 651.1
1416630 651.4
1416640 651.4
1416650 651.8
1416660 651.9
1416670 651.9
1416680 652.1
1416690 652.4
1416700 652.4
1416710 652.4
1416720 652.6
1416730 652.6
1416740 652.6
1416750 653.5
1416760 654.8
1416770 654.8
1416780 654.9
1416790 654.9
1416800 654.9
1416810 655.5
1416820 655.7
1416830 655.7
1416840 655.4
1416850 655.1
1416860 655.1
1416870 654.9
1416880 654.8
1416890 654.8
1416900 656.0
1416910 657.0
1416920 657.0
1416930 657.7
1416940 658.3
1416950 658.3
1416960 658.8
1416970 661.3
1416980 661.3
1416990 667.5
1417000 674.5
1417010 674.5
1417020 681.3
1417030 687.2
1417040 687.2
1417050 692.6
1417060 697.4
1417070 697.4
1417080 701.9
1417090 705.1
1417100 707.7
1417110 707.7
1417120 705.9
1417130 699.3
1417140 699.3
1417150 693.7
1417160 694.6
1417170 694.6
1417180 698.9
1417190 699.6
1417200 699.6
1417210 698.4
1417220 696.1
1417230 696.1
1417240 694.0
1417250 693.2
1417260 693.2
1417270 692.4
1417280 691.2
1417290 691.2
1417300 694.8
1417310 700.8
1417320 700.8
1417330 706.3
1417340 709.0
1417350 709.0
1417360 709.5
1417370 710.7
1417380 710.7
1417390 713.3
1417400 718.7
1417410 718.7
1417420 720.0
1417430 721.9
1417440 721.9
1417450 715.3
1417460 712.9
1417470 720.2
1417480 720.2
1417490 729.2
1417500 739.6
1417510 739.6
1417520 749.8
1417530 763.9
1417540 763.9
1417550 780.5
1417560 783.4
1417570 783.4
1417580 779.4
1417590 776.7
1417600 776.7
1417610 775.6
1417620 777.3
1417630 777.3
1417640 773.3
1417650 769.7
1417660 769.7
1417670 772.7
1417680 767.7
1417690 767.7
1417700 760.6
1417710 747.4
1417720 747.4
1417730 732.1
1417740 740.8
1417750 740.8
1417760 748.1
1417770 744.0
1417780 744.0
1417790 740.1
1417800 749.5
1417810 760.5
1417820 760.5
1417830 757.5
1417840 762.8
1417850 762.8
1417860 768.3
1417870 775.4
1417880 775.4
1417890 778.3
1417900 779.9
1417910 779.9
1417920 775.6
1417930 769.1
1417940 769.1
1417950 762.6
1417960 751.2
1417970 751.2
1417980 741.8
1417990 740.9
1418000 740.9
1418010 753.6
1418020 775.1
1418030 775.1
1418040 789.7
1418050 801.6
1418060 801.6
1418070 812.6
1418080 824.7
1418090 824.7
1418100 836.7
1418110 847.0
1418120 847.0
1418130 858.0
1418140 865.2
1418150 865.2
1418160 867.5
1418170 867.0
1418180 865.4
1418190 865.4
1418200 862.7
1418210 859.3
1418220 859.3
1418230 855.5
1418240 853.0
1418250 853.0
1418260 848.7
1418270 845.2
1418280 848.8
1418290 844.1
1418300 837.9
1418310 837.9
1418320 831.7
1418330 825.8
1418340 825.8
1418350 819.8
1418360 812.7
1418370 812.7
1418380 806.6
1418390 800.4
1418400 800.4
1418410 795.4
1418420 789.4
1418430 789.4
1418440 781.9
1418450 776.9
1418460 776.9
1418470 781.2
1418480 787.7
1418490 787.7
1418500 794.7
1418510 803.4
1418520 803.4
1418530 812.6
1418540 821.2
1418550 828.8
1418560 828.8
1418570 835.4
1418580 841.4
1418590 841.4
1418600 847.9
1418610 854.2
1418620 854.2
1418630 861.0
1418640 869.5
1418650 869.5
1418660 877.8
1418670 883.9
1418680 883.9
1418690 888.4
1418700 893.0
1418710 893.0
1418720 896.6
1418730 899.6
1418740 899.6
1418750 902.1
1418760 904.5
1418770 904.5
1418780 906.5
1418790 910.0
1418800 910.0
1418810 914.4
1418820 918.3
1418830 918.3
1418840 921.8
1418850 924.8
1418860 924.8
1418870 927.2
1418880 929.0
1418890 929.8
1418900 929.8
1418910 928.5
1418920 928.3
1418930 928.3
1418940 929.9
1418950 931.5
1418960 931.5
1418970 933.0
1418980 932.9
1418990 932.9
1419000 933.0
1419010 935.9
1419020 935.9
1419030 937.7
1419040 938.2
1419050 938.2
1419060 938.8
1419070 940.0
1419080 940.0
1419090 941.3
1419100 942.7
1419110 942.7
1419120 943.0
1419130 943.4
1419140 943.4
1419150 945.1
1419160 947.6
1419170 947.6
1419180 950.4
1419190 951.6
1419200 951.6
1419210 953.1
1419220 956.8
1419230 956.8
1419240 958.4
1419250 959.2
1419260 959.9
1419270 959.9
1419280 960.0
1419290 959.5
1419300 959.5
1419310 959.8
1419320 962.8
1419330 962.8
1419340 963.3
1419350 964.8
1419360 964.8
1419370 965.7
1419380 966.4
1419390 966.4
1419400 968.5
1419410 970.8
1419420 970.8
1419430 972.9
1419440 975.5
1419450 975.5
1419460 978.8
1419470 981.8
1419480 981.8
1419490 984.0
1419500 986.4
1419510 986.4
1419520 988.8
1419530 991.1
1419540 991.1
1419550 992.6
1419560 994.3
1419570 994.3
1419580 997.4
1419590 1001.0
1419600 1001.0
1419610 1003.4
1419620 1005.5
1419630 1009.0
1419640 1009.0
1419650 1011.6
1419660 1014.7
1419670 1014.7
1419680 1018.0
1419690 1021.2
1419700 1021.2
1419710 1023.9
1419720 1024.1
1419730 1024.1
1419740 1015.6
1419750 1005.9
1419760 1005.9
1419770 996.4
1419780 993.9
1419790 993.9
1419800 1002.2
1419810 1009.7
1419820 1009.7
1419830 1018.1
1419840 1026.8
1419850 1026.8
1419860 1034.9
1419870 1043.3
1419880 1043.3
1419890 1050.4
1419900 1055.1
1419910 1055.1
1419920 1057.9
1419930 1060.1
1419940 1060.1
1419950 1062.2
1419960 1063.5
1419970 1063.5
1419980 1065.4
1419990 1068.6
