1400000 976.8
1400010 976.8
1400020 980.6
1400030 983.2
1400040 985.8
1400050 985.8
1400060 987.5
1400070 987.9
1400080 987.9
1400090 987.5
1400100 987.4
1400110 987.4
1400120 988.3
1400130 989.0
1400140 989.0
1400150 988.4
1400160 987.0
1400170 987.0
1400180 987.3
1400190 992.1
1400200 992.1
1400210 996.7
1400220 999.9
1400230 999.9
1400240 1002.6
1400250 1004.5
1400260 1004.5
1400270 1005.7
1400280 1006.6
1400290 1006.6
1400300 1007.1
1400310 1006.0
1400320 1006.0
1400330 1003.9
1400340 1001.0
1400350 1001.0
1400360 996.5
1400370 991.0
1400380 991.0
1400390 985.1
1400400 977.7
1400410 969.5
1400420 969.5
1400430 961.9
1400440 955.2
1400450 955.2
1400460 948.6
1400470 941.9
1400480 941.9
1400490 935.2
1400500 923.0
1400510 923.0
1400520 915.9
1400530 909.6
1400540 909.6
1400550 903.5
1400560 897.5
1400570 897.5
1400580 891.6
1400590 885.7
1400600 885.7
1400610 880.5
1400620 875.8
1400630 875.8
1400640 871.7
1400650 867.8
1400660 867.8
1400670 863.5
1400680 860.1
1400690 860.1
1400700 858.2
1400710 856.7
1400720 856.7
1400730 856.7
1400740 858.8
1400750 858.8
1400760 862.9
1400770 867.3
1400780 871.8
1400790 871.8
1400800 876.5
1400810 881.4
1400820 881.4
1400830 886.5
1400840 891.4
1400850 891.4
1400860 896.4
1400870 901.0
1400880 901.0
1400890 904.9
1400900 908.1
1400910 908.1
1400920 911.4
1400930 915.5
1400940 915.5
1400950 920.2
1400960 925.6
1400970 925.6
1400980 930.9
1400990 936.4
1401000 936.4
1401010 941.4
1401020 946.2
1401030 946.2
1401040 950.7
1401050 955.8
1401060 955.8
1401070 959.3
1401080 961.2
1401090 961.2
1401100 962.9
1401110 964.8
1401120 964.8
1401130 965.2
1401140 964.9
1401150 962.6
1401160 962.6
1401170 963.4
1401180 963.2
1401190 963.2
1401200 959.1
1401210 951.4
1401220 951.4
1401230 936.9
1401240 923.3
1401250 923.3
1401260 918.2
1401270 914.5
1401280 914.5
1401290 915.2
1401300 918.3
1401310 918.3
1401320 924.7
1401330 930.5
1401340 930.5
1401350 934.4
1401360 938.6
1401370 938.6
1401380 942.5
1401390 946.2
1401400 946.2
1401410 951.2
1401420 958.4
1401430 958.4
1401440 965.7
1401450 972.3
1401460 972.3
1401470 978.4
1401480 984.8
1401490 984.8
1401500 991.5
1401510 998.5
1401520 1004.8
1401530 1004.8
1401540 1009.9
1401550 1017.0
1401560 1017.0
1401570 1019.9
1401580 1025.2
1401590 1025.2
1401600 1029.5
1401610 1031.9
1401620 1031.9
1401630 1036.0
1401640 1041.7
1401650 1041.7
1401660 1045.4
1401670 1048.7
1401680 1048.7
1401690 1051.7
1401700 1051.5
1401710 1051.5
1401720 1050.2
1401730 1056.0
1401740 1056.0
1401750 1061.0
1401760 1065.1
1401770 1065.1
1401780 1068.5
1401790 1071.2
1401800 1071.2
1401810 1073.7
1401820 1076.6
1401830 1076.6
1401840 1079.1
1401850 1081.7
1401860 1081.7
1401870 1084.8
1401880 1088.0
1401890 1091.4
1401900 1091.4
1401910 1094.3
1401920 1097.1
1401930 1097.1
1401940 1101.5
1401950 1107.2
1401960 1107.2
1401970 1113.1
1401980 1119.2
1401990 1119.2
1402000 1125.5
1402010 1131.8
1402020 1131.8
1402030 1138.1
1402040 1143.3
1402050 1143.3
1402060 1149.4
1402070 1155.8
1402080 1155.8
1402090 1162.7
1402100 1170.7
1402110 1170.7
1402120 1176.3
1402130 1184.7
1402140 1184.7
1402150 1200.4
1402160 1216.1
1402170 1216.1
1402180 1226.9
1402190 1236.1
1402200 1236.1
1402210 1242.1
1402220 1245.6
1402230 1245.6
1402240 1251.9
1402250 1261.1
1402260 1264.6
1402270 1264.6
1402280 1270.1
1402290 1275.7
1402300 1275.7
1402310 1275.6
1402320 1277.0
1402330 1277.0
1402340 1278.7
1402350 1279.0
1402360 1279.0
1402370 1282.9
1402380 1289.7
1402390 1289.7
1402400 1290.5
1402410 1291.0
1402420 1291.0
1402430 1294.3
1402440 1294.0
1402450 1294.0
1402460 1294.2
1402470 1296.1
1402480 1296.1
1402490 1298.9
1402500 1302.3
1402510 1302.3
1402520 1306.7
1402530 1310.8
1402540 1310.8
1402550 1314.0
1402560 1317.4
1402570 1317.4
1402580 1319.3
1402590 1319.4
1402600 1319.4
1402610 1317.8
1402620 1317.7
1402630 1316.5
1402640 1316.5
1402650 1317.3
1402660 1319.0
1402670 1319.0
1402680 1323.2
1402690 1327.7
1402700 1327.7
1402710 1336.2
1402720 1343.6
1402730 1343.6
1402740 1350.3
1402750 1355.6
1402760 1355.6
1402770 1357.9
1402780 1355.7
1402790 1355.7
1402800 1352.3
1402810 1354.6
1402820 1354.6
1402830 1352.8
1402840 1349.8
1402850 1349.8
1402860 1349.2
1402870 1352.4
1402880 1352.4
1402890 1354.5
1402900 1355.9
1402910 1355.9
1402920 1353.3
1402930 1349.1
1402940 1349.1
1402950 1344.7
1402960 1342.2
1402970 1342.2
1402980 1340.9
1402990 1338.5
1403000 1335.0
1403010 1335.0
1403020 1331.2
1403030 1326.9
1403040 1326.9
1403050 1322.3
1403060 1317.6
1403070 1317.6
1403080 1313.1
1403090 1307.7
1403100 1307.7
1403110 1301.0
1403120 1297.6
1403130 1297.6
1403140 1292.7
1403150 1287.4
1403160 1287.4
1403170 1282.1
1403180 1276.7
1403190 1276.7
1403200 1271.2
1403210 1267.7
1403220 1267.7
1403230 1263.1
1403240 1257.5
1403250 1257.5
1403260 1251.3
1403270 1244.7
1403280 1244.7
1403290 1238.1
1403300 1232.0
1403310 1232.0
1403320 1225.6
1403330 1219.9
1403340 1219.9
1403350 1216.4
1403360 1214.3
1403370 1213.1
1403380 1213.1
1403390 1216.9
1403400 1218.5
1403410 1218.5
1403420 1219.2
1403430 1219.7
1403440 1219.7
1403450 1220.4
1403460 1220.9
1403470 1220.9
1403480 1221.6
1403490 1222.2
1403500 1222.2
1403510 1222.7
1403520 1222.6
1403530 1222.6
1403540 1221.3
1403550 1218.7
1403560 1218.7
1403570 1215.4
1403580 1210.6
1403590 1210.6
1403600 1207.3
1403610 1203.5
1403620 1203.5
1403630 1199.1
1403640 1194.6
1403650 1194.6
1403660 1189.8
1403670 1186.2
1403680 1186.2
1403690 1184.4
1403700 1182.7
1403710 1182.7
1403720 1181.6
1403730 1181.0
1403740 1180.3
1403750 1180.3
1403760 1178.8
1403770 1178.6
1403780 1178.6
1403790 1179.7
1403800 1180.0
1403810 1180.0
1403820 1179.1
1403830 1177.9
1403840 1177.9
1403850 1179.2
1403860 1179.8
1403870 1179.8
1403880 1179.0
1403890 1179.0
1403900 1179.0
1403910 1179.2
1403920 1178.5
1403930 1178.5
1403940 1176.4
1403950 1170.4
1403960 1170.4
1403970 1163.3
1403980 1157.1
1403990 1157.1
1404000 1153.7
1404010 1158.4
1404020 1158.4
1404030 1171.8
1404040 1179.0
1404050 1179.0
1404060 1185.7
1404070 1192.5
1404080 1192.5
1404090 1198.9
1404100 1205.8
1404110 1213.5
1404120 1213.5
1404130 1222.0
1404140 1234.4
1404150 1234.4
1404160 1245.1
1404170 1250.7
1404180 1250.7
1404190 1255.2
1404200 1258.2
1404210 1258.2
1404220 1259.0
1404230 1258.1
1404240 1258.1
1404250 1253.7
1404260 1247.2
1404270 1247.2
1404280 1240.8
1404290 1234.7
1404300 1234.7
1404310 1228.6
1404320 1222.5
1404330 1222.5
1404340 1216.0
1404350 1209.3
1404360 1209.3
1404370 1202.4
1404380 1195.3
1404390 1195.3
1404400 1188.3
1404410 1180.1
1404420 1180.1
1404430 1172.0
1404440 1165.0
1404450 1165.0
1404460 1159.1
1404470 1152.8
1404480 1145.0
1404490 1145.0
1404500 1137.5
1404510 1130.9
1404520 1130.9
1404530 1125.2
1404540 1120.3
1404550 1120.3
1404560 1115.6
1404570 1110.6
1404580 1110.6
1404590 1105.9
1404600 1101.6
1404610 1101.6
1404620 1097.3
1404630 1093.3
1404640 1093.3
1404650 1089.9
1404660 1085.4
1404670 1085.4
1404680 1079.8
1404690 1075.1
1404700 1075.1
1404710 1070.8
1404720 1066.1
1404730 1066.1
1404740 1061.4
1404750 1056.6
1404760 1056.6
1404770 1051.4
1404780 1047.9
1404790 1047.9
1404800 1045.4
1404810 1041.9
1404820 1041.9
1404830 1041.1
1404840 1043.7
1404850 1044.4
1404860 1044.4
1404870 1043.2
1404880 1041.9
1404890 1041.9
1404900 1040.4
1404910 1040.6
1404920 1040.6
1404930 1043.2
1404940 1043.8
1404950 1043.8
1404960 1042.8
1404970 1041.0
1404980 1041.0
1404990 1039.5
1405000 1039.3
1405010 1039.3
1405020 1038.0
1405030 1035.9
1405040 1035.9
1405050 1032.2
1405060 1024.7
1405070 1024.7
1405080 1015.1
1405090 1007.1
1405100 1007.1
1405110 1001.9
1405120 1001.1
1405130 1001.1
1405140 1006.2
1405150 1009.8
1405160 1009.8
1405170 1011.2
1405180 1013.8
1405190 1013.8
1405200 1016.5
1405210 1017.0
1405220 1018.9
1405230 1018.9
1405240 1020.1
1405250 1022.2
1405260 1022.2
1405270 1025.1
1405280 1027.4
1405290 1027.4
1405300 1029.0
1405310 1031.0
1405320 1031.0
1405330 1033.9
1405340 1036.9
1405350 1036.9
1405360 1040.2
1405370 1043.5
1405380 1043.5
1405390 1047.0
1405400 1051.1
1405410 1051.1
1405420 1055.3
1405430 1060.0
1405440 1060.0
1405450 1066.0
1405460 1072.4
1405470 1072.4
1405480 1078.9
1405490 1084.8
1405500 1084.8
1405510 1091.2
1405520 1099.2
1405530 1099.2
1405540 1107.7
1405550 1120.9
1405560 1120.9
1405570 1145.2
1405580 1143.8
1405590 1148.5
1405600 1148.5
1405610 1159.3
1405620 1182.2
1405630 1182.2
1405640 1199.9
1405650 1212.2
1405660 1212.2
1405670 1213.4
1405680 1209.4
1405690 1209.4
1405700 1211.3
1405710 1216.6
1405720 1216.6
1405730 1227.3
1405740 1236.1
1405750 1236.1
1405760 1243.3
1405770 1248.8
1405780 1248.8
1405790 1250.2
1405800 1248.5
1405810 1248.5
1405820 1248.5
1405830 1249.2
1405840 1249.2
1405850 1250.3
1405860 1249.6
1405870 1249.6
1405880 1246.9
1405890 1246.5
1405900 1246.5
1405910 1245.3
1405920 1240.8
1405930 1240.8
1405940 1235.3
1405950 1232.4
1405960 1232.4
1405970 1229.4
1405980 1221.6
1405990 1216.9
1406000 1216.9
1406010 1225.5
1406020 1227.7
1406030 1227.7
1406040 1228.4
1406050 1232.4
1406060 1232.4
1406070 1237.9
1406080 1245.0
1406090 1245.0
1406100 1252.3
1406110 1255.9
1406120 1255.9
1406130 1256.0
1406140 1251.5
1406150 1251.5
1406160 1242.8
1406170 1236.3
1406180 1236.3
1406190 1233.8
1406200 1225.0
1406210 1225.0
1406220 1215.7
1406230 1202.9
1406240 1202.9
1406250 1193.1
1406260 1199.6
1406270 1199.6
1406280 1204.4
1406290 1206.9
1406300 1206.9
1406310 1206.0
1406320 1199.4
1406330 1199.4
1406340 1200.0
1406350 1208.2
1406360 1216.8
1406370 1216.8
1406380 1220.5
1406390 1218.7
1406400 1218.7
1406410 1213.4
1406420 1207.0
1406430 1207.0
1406440 1201.1
1406450 1193.2
1406460 1193.2
1406470 1186.0
1406480 1180.5
1406490 1180.5
1406500 1174.1
1406510 1165.4
1406520 1165.4
1406530 1162.5
1406540 1167.9
1406550 1167.9
1406560 1173.6
1406570 1179.6
1406580 1179.6
1406590 1186.0
1406600 1189.6
1406610 1189.6
1406620 1193.4
1406630 1195.6
1406640 1195.6
1406650 1200.0
1406660 1203.0
1406670 1203.0
1406680 1204.6
1406690 1205.8
1406700 1205.8
1406710 1207.1
1406720 1208.8
1406730 1211.2
1406740 1211.2
1406750 1214.7
1406760 1220.8
1406770 1220.8
1406780 1227.2
1406790 1231.4
1406800 1231.4
1406810 1233.4
1406820 1233.7
1406830 1233.7
1406840 1236.4
1406850 1234.4
1406860 1234.4
1406870 1232.8
1406880 1230.5
1406890 1230.5
1406900 1228.4
1406910 1227.1
1406920 1227.1
1406930 1227.1
1406940 1226.8
1406950 1226.8
1406960 1225.7
1406970 1221.7
1406980 1221.7
1406990 1215.4
1407000 1209.2
1407010 1209.2
1407020 1203.0
1407030 1196.7
1407040 1196.7
1407050 1190.9
1407060 1186.3
1407070 1186.3
1407080 1182.3
1407090 1178.5
1407100 1174.7
1407110 1174.7
1407120 1171.1
1407130 1168.4
1407140 1168.4
1407150 1167.0
1407160 1166.8
1407170 1166.8
1407180 1164.2
1407190 1157.2
1407200 1157.2
1407210 1153.5
1407220 1157.6
1407230 1157.6
1407240 1157.9
1407250 1156.3
1407260 1156.3
1407270 1152.9
1407280 1148.7
1407290 1148.7
1407300 1146.0
1407310 1148.4
1407320 1148.4
1407330 1151.4
1407340 1154.0
1407350 1154.0
1407360 1157.0
1407370 1161.4
1407380 1161.4
1407390 1168.3
1407400 1175.0
1407410 1175.0
1407420 1179.4
1407430 1180.1
1407440 1180.1
1407450 1180.9
1407460 1183.4
1407470 1186.5
1407480 1186.5
1407490 1187.0
1407500 1188.1
1407510 1188.1
1407520 1192.1
1407530 1198.0
1407540 1198.0
1407550 1204.8
1407560 1210.4
1407570 1210.4
1407580 1214.9
1407590 1218.7
1407600 1218.7
1407610 1222.3
1407620 1225.0
1407630 1225.0
1407640 1226.3
1407650 1229.1
1407660 1229.1
1407670 1234.4
1407680 1238.7
1407690 1238.7
1407700 1241.9
1407710 1245.0
1407720 1245.0
1407730 1249.1
1407740 1255.3
1407750 1255.3
1407760 1261.5
1407770 1267.3
1407780 1267.3
1407790 1272.7
1407800 1277.2
1407810 1277.2
1407820 1279.8
1407830 1281.0
1407840 1281.2
1407850 1281.2
1407860 1280.9
1407870 1280.6
1407880 1280.6
1407890 1279.8
1407900 1278.3
1407910 1278.3
1407920 1276.4
1407930 1273.3
1407940 1273.3
1407950 1269.2
1407960 1265.3
1407970 1265.3
1407980 1262.1
1407990 1260.2
1408000 1260.2
1408010 1259.6
1408020 1259.2
1408030 1259.2
1408040 1258.6
1408050 1255.4
1408060 1255.4
1408070 1256.0
1408080 1259.8
1408090 1259.8
1408100 1260.7
1408110 1261.8
1408120 1261.8
1408130 1261.7
1408140 1260.9
1408150 1260.9
1408160 1260.1
1408170 1259.0
1408180 1259.0
1408190 1257.9
1408200 1255.7
1408210 1253.0
1408220 1253.0
1408230 1252.8
1408240 1252.8
1408250 1252.8
1408260 1247.9
1408270 1241.3
1408280 1241.3
1408290 1237.3
1408300 1244.5
1408310 1244.5
1408320 1248.6
1408330 1252.1
1408340 1252.1
1408350 1256.5
1408360 1259.4
1408370 1259.4
1408380 1261.6
1408390 1262.8
1408400 1262.8
1408410 1263.4
1408420 1263.6
1408430 1263.6
1408440 1263.6
1408450 1264.1
1408460 1264.1
1408470 1264.1
1408480 1263.6
1408490 1263.6
1408500 1269.7
1408510 1268.0
1408520 1268.0
1408530 1267.2
1408540 1264.8
1408550 1264.8
1408560 1257.9
1408570 1251.9
1408580 1247.3
1408590 1247.3
1408600 1243.1
1408610 1241.0
1408620 1241.0
1408630 1240.5
1408640 1239.2
1408650 1239.2
1408660 1237.0
1408670 1233.3
1408680 1233.3
1408690 1228.4
1408700 1225.5
1408710 1225.5
1408720 1225.7
1408730 1224.4
1408740 1224.4
1408750 1222.5
1408760 1221.1
1408770 1221.1
1408780 1222.8
1408790 1225.7
1408800 1225.7
1408810 1225.1
1408820 1221.7
1408830 1221.7
1408840 1223.2
1408850 1225.6
1408860 1225.6
1408870 1225.8
1408880 1225.3
1408890 1225.3
1408900 1225.1
1408910 1225.1
1408920 1225.1
1408930 1225.5
1408940 1225.7
1408950 1224.6
1408960 1224.6
1408970 1222.2
1408980 1218.6
1408990 1218.6
1409000 1218.4
1409010 1219.8
1409020 1219.8
1409030 1216.1
1409040 1213.1
1409050 1213.1
1409060 1213.9
1409070 1220.1
1409080 1220.1
1409090 1228.7
1409100 1234.1
1409110 1234.1
1409120 1236.7
1409130 1244.6
1409140 1244.6
1409150 1258.4
1409160 1268.0
1409170 1268.0
1409180 1270.7
1409190 1267.4
1409200 1267.4
1409210 1259.4
1409220 1251.6
1409230 1251.6
1409240 1246.7
1409250 1233.4
1409260 1233.4
1409270 1229.2
1409280 1222.4
1409290 1222.4
1409300 1229.9
1409310 1233.8
1409320 1244.0
1409330 1244.0
1409340 1262.7
1409350 1262.0
1409360 1262.0
1409370 1248.4
1409380 1236.1
1409390 1236.1
1409400 1224.5
1409410 1208.5
1409420 1208.5
1409430 1204.1
1409440 1204.1
1409450 1204.1
1409460 1208.2
1409470 1215.7
1409480 1215.7
1409490 1223.7
1409500 1234.3
1409510 1234.3
1409520 1233.3
1409530 1222.6
1409540 1222.6
1409550 1215.4
1409560 1204.3
1409570 1204.3
1409580 1189.9
1409590 1181.6
1409600 1181.6
1409610 1173.4
1409620 1166.9
1409630 1166.9
1409640 1163.1
1409650 1161.5
1409660 1161.5
1409670 1162.7
1409680 1167.5
1409690 1170.7
1409700 1170.7
1409710 1173.1
1409720 1175.4
1409730 1175.4
1409740 1178.4
1409750 1184.0
1409760 1184.0
1409770 1194.4
1409780 1201.3
1409790 1201.3
1409800 1210.8
1409810 1218.9
1409820 1218.9
1409830 1221.5
1409840 1220.5
1409850 1220.5
1409860 1223.8
1409870 1231.0
1409880 1231.0
1409890 1239.3
1409900 1244.0
1409910 1244.0
1409920 1248.9
1409930 1256.8
1409940 1256.8
1409950 1263.4
1409960 1275.2
1409970 1275.2
1409980 1289.4
1409990 1296.9
1410000 1296.9
1410010 1300.1
1410020 1301.1
1410030 1301.1
1410040 1302.2
1410050 1299.9
1410060 1296.1
1410070 1296.1
1410080 1294.2
1410090 1293.0
1410100 1293.0
1410110 1292.7
1410120 1291.5
1410130 1291.5
1410140 1289.2
1410150 1285.9
1410160 1285.9
1410170 1279.1
1410180 1276.2
1410190 1276.2
1410200 1272.5
1410210 1271.1
1410220 1271.1
1410230 1264.4
1410240 1258.6
1410250 1258.6
1410260 1253.4
1410270 1248.3
1410280 1248.3
1410290 1244.0
1410300 1238.5
1410310 1238.5
1410320 1229.7
1410330 1224.3
1410340 1224.3
1410350 1216.4
1410360 1208.7
1410370 1208.7
1410380 1201.1
1410390 1193.8
1410400 1193.8
1410410 1186.1
1410420 1174.9
1410430 1160.6
1410440 1160.6
1410450 1148.1
1410460 1136.7
1410470 1136.7
1410480 1121.9
1410490 1102.3
1410500 1102.3
1410510 1090.8
1410520 1080.4
1410530 1080.4
1410540 1071.6
1410550 1064.2
1410560 1064.2
1410570 1055.1
1410580 1046.4
1410590 1046.4
1410600 1038.6
1410610 1031.2
1410620 1031.2
1410630 1023.8
1410640 1011.3
1410650 1011.3
1410660 1002.5
1410670 994.0
1410680 994.0
1410690 986.6
1410700 979.3
1410710 979.3
1410720 966.4
1410730 955.7
1410740 955.7
1410750 947.4
1410760 932.0
1410770 932.0
1410780 918.0
1410790 909.0
1410800 898.8
1410810 898.8
1410820 882.1
1410830 862.3
1410840 862.3
1410850 847.7
1410860 840.7
1410870 840.7
1410880 833.9
1410890 827.3
1410900 827.3
1410910 820.5
1410920 813.9
1410930 813.9
1410940 807.6
1410950 801.2
1410960 801.2
1410970 794.9
1410980 788.2
1410990 788.2
1411000 781.7
1411010 775.5
1411020 775.5
1411030 769.8
1411040 764.0
1411050 764.0
1411060 758.4
1411070 753.4
1411080 753.4
1411090 748.4
1411100 743.5
1411110 743.5
1411120 738.5
1411130 733.8
1411140 733.8
1411150 729.0
1411160 724.2
1411170 720.0
1411180 720.0
1411190 715.5
1411200 712.1
1411210 712.1
1411220 709.8
1411230 707.8
1411240 707.8
1411250 706.5
1411260 704.8
1411270 704.8
1411280 704.8
1411290 704.6
1411300 704.6
1411310 704.2
1411320 704.5
1411330 704.5
1411340 703.6
1411350 703.1
1411360 703.1
1411370 702.8
1411380 702.6
1411390 702.6
1411400 702.3
1411410 702.0
1411420 702.0
1411430 702.2
1411440 701.9
1411450 701.9
1411460 701.5
1411470 700.9
1411480 700.9
1411490 700.9
1411500 700.7
1411510 700.7
1411520 700.0
1411530 700.0
1411540 700.6
1411550 700.6
1411560 700.4
1411570 700.2
1411580 700.2
1411590 700.2
1411600 700.8
1411610 700.8
1411620 700.8
1411630 699.0
1411640 699.0
1411650 700.7
1411660 705.6
1411670 705.6
1411680 711.4
1411690 717.3
1411700 717.3
1411710 723.4
1411720 730.6
1411730 730.6
1411740 737.2
1411750 743.3
1411760 743.3
1411770 750.6
1411780 757.1
1411790 757.1
1411800 764.3
1411810 772.3
1411820 772.3
1411830 780.0
1411840 787.8
1411850 787.8
1411860 795.6
1411870 803.2
1411880 803.2
1411890 810.6
1411900 819.4
1411910 835.4
1411920 835.4
1411930 842.5
1411940 854.8
1411950 869.4
1411960 877.2
1411970 888.0
1411980 888.0
1411990 896.5
1412000 916.4
1412010 916.4
1412020 949.0
1412030 949.8
1412040 949.8
1412050 944.3
1412060 939.5
1412070 939.5
1412080 933.2
1412090 924.1
1412100 924.1
1412110 916.1
1412120 908.3
1412130 908.3
1412140 900.1
1412150 892.6
1412160 892.6
1412170 885.6
1412180 878.6
1412190 878.6
1412200 871.3
1412210 864.1
1412220 864.1
1412230 857.7
1412240 851.9
1412250 851.9
1412260 847.3
1412270 843.6
1412280 838.9
1412290 838.9
1412300 833.1
1412310 828.4
1412320 828.4
1412330 824.3
1412340 819.3
1412350 819.3
1412360 813.7
1412370 808.1
1412380 808.1
1412390 801.9
1412400 795.5
1412410 795.5
1412420 788.9
1412430 782.8
1412440 782.8
1412450 776.8
1412460 770.9
1412470 770.9
1412480 764.8
1412490 759.0
1412500 759.0
1412510 753.8
1412520 748.6
1412530 748.6
1412540 742.9
1412550 737.1
1412560 737.1
1412570 730.8
1412580 725.1
1412590 725.1
1412600 720.5
1412610 715.7
1412620 715.7
1412630 709.9
1412640 704.1
1412650 698.8
1412660 698.8
1412670 693.7
1412680 688.2
1412690 688.2
1412700 683.4
1412710 679.6
1412720 679.6
1412730 674.2
1412740 667.9
1412750 667.9
1412760 662.1
1412770 659.0
1412780 659.0
1412790 656.2
1412800 652.8
1412810 652.8
1412820 648.7
1412830 643.8
1412840 643.8
1412850 637.6
1412860 631.6
1412870 631.6
1412880 627.8
1412890 627.1
1412900 627.1
1412910 627.4
1412920 627.6
1412930 627.6
1412940 627.6
1412950 627.6
1412960 627.6
1412970 627.5
1412980 627.5
1412990 627.5
1413000 627.5
1413010 627.7
1413020 627.8
1413030 627.8
1413040 627.9
1413050 628.0
1413060 628.0
1413070 627.9
1413080 627.9
1413090 627.9
1413100 627.9
1413110 628.3
1413120 628.3
1413130 628.9
1413140 628.9
1413150 628.9
1413160 628.8
1413170 628.8
1413180 628.8
1413190 628.8
1413200 628.6
1413210 628.6
1413220 628.3
1413230 628.1
1413240 628.1
1413250 628.0
1413260 627.8
1413270 627.8
1413280 627.8
1413290 627.5
1413300 627.5
1413310 627.3
1413320 627.5
1413330 627.5
1413340 627.9
1413350 628.4
1413360 628.4
1413370 628.5
1413380 628.4
1413390 628.3
1413400 628.3
1413410 628.6
1413420 628.8
1413430 628.8
1413440 628.9
1413450 629.3
1413460 629.3
1413470 629.7
1413480 629.9
1413490 629.9
1413500 629.8
1413510 629.8
1413520 629.8
1413530 629.8
1413540 629.6
1413550 629.6
1413560 629.7
1413570 629.7
1413580 629.7
1413590 629.8
1413600 629.8
1413610 629.8
1413620 629.8
1413630 629.8
1413640 629.8
1413650 630.0
1413660 630.3
1413670 630.3
1413680 630.4
1413690 630.3
1413700 630.3
1413710 630.3
1413720 630.3
1413730 630.3
1413740 630.3
1413750 630.4
1413760 630.4
1413770 630.4
1413780 630.5
1413790 630.5
1413800 630.5
1413810 630.5
1413820 630.5
1413830 630.5
1413840 630.5
1413850 630.6
1413860 630.6
1413870 630.6
1413880 630.5
1413890 630.5
1413900 630.5
1413910 630.5
1413920 630.5
1413930 630.5
1413940 630.5
1413950 630.5
1413960 630.5
1413970 630.6
1413980 630.6
1413990 630.9
1414000 631.2
1414010 631.2
1414020 631.3
1414030 630.9
1414040 630.9
1414050 630.9
1414060 631.0
1414070 631.0
1414080 631.0
1414090 631.1
1414100 631.1
1414110 630.9
1414120 630.7
1414130 631.0
1414140 631.0
1414150 631.1
1414160 631.2
1414170 631.2
1414180 631.2
1414190 631.4
1414200 631.4
1414210 631.1
1414220 630.7
1414230 630.7
1414240 630.4
1414250 629.4
1414260 629.4
1414270 628.5
1414280 628.5
1414290 628.5
1414300 628.3
1414310 628.1
1414320 628.1
1414330 628.7
1414340 628.9
1414350 628.9
1414360 629.0
1414370 628.9
1414380 628.9
1414390 628.0
1414400 627.6
1414410 627.6
1414420 628.3
1414430 628.6
1414440 628.6
1414450 628.7
1414460 628.3
1414470 628.3
1414480 627.8
1414490 627.6
1414500 627.5
1414510 627.5
1414520 627.3
1414530 627.2
1414540 627.2
1414550 627.3
1414560 627.3
1414570 627.3
1414580 627.3
1414590 627.6
1414600 627.6
1414610 627.7
1414620 627.7
1414630 627.7
1414640 627.8
1414650 627.9
1414660 627.9
1414670 627.9
1414680 627.9
1414690 627.9
1414700 627.8
1414710 627.6
1414720 627.6
1414730 627.1
1414740 627.1
1414750 627.1
1414760 627.1
1414770 626.8
1414780 626.8
1414790 626.9
1414800 627.0
1414810 627.0
1414820 627.1
1414830 627.1
1414840 627.1
1414850 627.0
1414860 627.1
1414870 627.3
1414880 627.3
1414890 627.5
1414900 627.6
1414910 627.6
1414920 627.6
1414930 627.5
1414940 627.5
1414950 627.5
1414960 627.6
1414970 627.6
1414980 627.7
1414990 627.7
1415000 627.7
1415010 627.7
1415020 627.7
1415030 627.7
1415040 627.8
1415050 627.7
1415060 627.7
1415070 627.7
1415080 627.8
1415090 627.8
1415100 627.9
1415110 628.0
1415120 628.0
1415130 628.0
1415140 628.1
1415150 628.1
1415160 628.2
1415170 628.3
1415180 628.3
1415190 628.2
1415200 627.6
1415210 627.6
1415220 627.6
1415230 626.9
1415240 625.8
1415250 625.8
1415260 625.8
1415270 625.8
1415280 625.8
1415290 625.8
1415300 626.9
1415310 626.9
1415320 628.2
1415330 628.1
1415340 628.1
1415350 628.1
1415360 628.1
1415370 628.1
1415380 628.1
1415390 628.1
1415400 628.1
1415410 628.0
1415420 628.1
1415430 628.1
1415440 628.1
1415450 628.0
1415460 628.0
1415470 628.3
1415480 629.5
1415490 629.5
1415500 631.2
1415510 632.5
1415520 632.5
1415530 633.3
1415540 634.4
1415550 634.4
1415560 634.6
1415570 631.9
1415580 631.9
1415590 631.7
1415600 631.7
1415610 632.6
1415620 632.6
1415630 634.1
1415640 636.1
1415650 636.1
1415660 638.1
1415670 639.6
1415680 639.6
1415690 640.9
1415700 643.5
1415710 643.5
1415720 644.8
1415730 649.2
1415740 649.2
1415750 652.5
1415760 654.5
1415770 654.5
1415780 654.8
1415790 658.3
1415800 658.3
1415810 662.6
1415820 671.8
1415830 671.8
1415840 685.2
1415850 690.6
1415860 690.6
1415870 699.1
1415880 708.2
1415890 708.2
1415900 715.6
1415910 718.3
1415920 718.3
1415930 727.3
1415940 736.9
1415950 736.9
1415960 743.5
1415970 748.6
1415980 752.1
1415990 752.1
1416000 755.3
1416010 762.3
1416020 762.3
1416030 768.6
1416040 773.6
1416050 773.6
1416060 779.2
1416070 785.6
1416080 785.6
1416090 792.8
1416100 802.2
1416110 802.2
1416120 809.9
1416130 814.6
1416140 814.6
1416150 821.7
1416160 828.2
1416170 828.2
1416180 834.0
1416190 831.8
1416200 831.8
1416210 825.2
1416220 817.9
1416230 817.9
1416240 812.8
1416250 806.3
1416260 806.3
1416270 802.4
1416280 801.1
1416290 801.1
1416300 800.2
1416310 798.0
1416320 798.0
1416330 792.6
1416340 786.6
1416350 780.3
1416360 780.3
1416370 773.5
1416380 766.3
1416390 766.3
1416400 757.9
1416410 752.3
1416420 752.3
1416430 748.6
1416440 745.5
1416450 745.5
1416460 748.8
1416470 758.3
1416480 758.3
1416490 768.3
1416500 777.2
1416510 777.2
1416520 785.0
1416530 791.1
1416540 791.1
1416550 795.8
1416560 799.5
1416570 799.5
1416580 805.8
1416590 813.2
1416600 813.2
1416610 820.8
1416620 826.6
1416630 826.6
1416640 828.3
1416650 831.1
1416660 831.1
1416670 835.2
1416680 840.4
1416690 840.4
1416700 843.6
1416710 846.2
1416720 846.1
1416730 846.1
1416740 849.9
1416750 854.5
1416760 854.5
1416770 863.3
1416780 869.8
1416790 869.8
1416800 871.4
1416810 867.2
1416820 867.2
1416830 871.1
1416840 874.6
1416850 874.6
1416860 870.9
1416870 874.7
1416880 874.7
1416890 879.9
1416900 882.4
1416910 882.4
1416920 889.4
1416930 896.3
1416940 896.3
1416950 900.4
1416960 901.3
1416970 901.3
1416980 900.5
1416990 898.2
1417000 898.2
1417010 900.0
1417020 904.8
1417030 904.8
1417040 905.1
1417050 898.1
1417060 898.1
1417070 902.4
1417080 909.2
1417090 918.8
1417100 918.8
1417110 926.6
1417120 933.1
1417130 933.1
1417140 939.5
1417150 947.2
1417160 947.2
1417170 955.7
1417180 964.8
1417190 964.8
1417200 972.7
1417210 980.6
1417220 980.6
1417230 986.5
1417240 988.2
1417250 988.2
1417260 985.3
1417270 984.6
1417280 984.6
1417290 991.2
1417300 1001.1
1417310 1001.1
1417320 1011.6
1417330 1020.5
1417340 1020.5
1417350 1028.1
1417360 1035.0
1417370 1035.0
1417380 1042.4
1417390 1050.8
1417400 1050.8
1417410 1058.2
1417420 1064.4
1417430 1064.4
1417440 1071.2
1417450 1078.6
1417460 1087.1
1417470 1087.1
1417480 1102.1
1417490 1111.5
1417500 1111.5
1417510 1119.1
1417520 1128.2
1417530 1128.2
1417540 1136.8
1417550 1144.7
1417560 1144.7
1417570 1157.5
1417580 1169.7
1417590 1169.7
1417600 1179.6
1417610 1193.7
1417620 1193.7
1417630 1199.9
1417640 1203.0
1417650 1203.0
1417660 1206.6
1417670 1212.0
1417680 1212.0
1417690 1219.1
1417700 1227.8
1417710 1227.8
1417720 1237.0
1417730 1248.2
1417740 1248.2
1417750 1257.9
1417760 1266.0
1417770 1266.0
1417780 1275.7
1417790 1284.4
1417800 1284.4
1417810 1291.9
1417820 1297.8
1417830 1303.7
1417840 1303.7
1417850 1314.3
1417860 1326.9
1417870 1326.9
1417880 1326.1
1417890 1325.2
1417900 1325.2
1417910 1323.0
1417920 1323.5
1417930 1323.5
1417940 1328.5
1417950 1345.3
1417960 1345.3
1417970 1366.2
1417980 1372.5
1417990 1372.5
1418000 1385.2
1418010 1398.4
1418020 1398.4
1418030 1408.3
1418040 1419.7
1418050 1419.7
1418060 1429.8
1418070 1434.5
1418080 1434.5
1418090 1439.3
1418100 1441.9
1418110 1441.9
1418120 1443.8
1418130 1445.0
1418140 1445.0
1418150 1446.0
1418160 1448.4
1418170 1448.4
1418180 1452.7
1418190 1463.0
1418200 1466.9
1418210 1466.9
1418220 1472.8
1418230 1476.5
1418240 1476.5
1418250 1476.0
1418260 1475.0
1418270 1475.0
1418280 1475.0
1418290 1477.0
1418300 1477.0
1418310 1475.9
1418320 1475.4
1418330 1475.4
1418340 1473.6
1418350 1473.5
1418360 1473.5
1418370 1470.8
1418380 1470.3
1418390 1470.3
1418400 1471.0
1418410 1471.6
1418420 1471.6
1418430 1471.1
1418440 1472.1
1418450 1472.1
1418460 1474.0
1418470 1475.2
1418480 1475.2
1418490 1475.8
1418500 1475.4
1418510 1475.4
1418520 1475.0
1418530 1475.3
1418540 1475.3
1418550 1474.7
1418560 1474.1
1418570 1472.6
1418580 1472.6
1418590 1471.3
1418600 1468.7
1418610 1468.7
1418620 1466.7
1418630 1464.4
1418640 1464.4
1418650 1463.1
1418660 1464.0
1418670 1464.0
1418680 1464.3
1418690 1462.8
1418700 1462.8
1418710 1462.5
1418720 1464.6
1418730 1464.6
1418740 1465.9
1418750 1465.9
1418760 1465.9
1418770 1466.2
1418780 1466.8
1418790 1466.8
1418800 1467.2
1418810 1467.8
1418820 1467.8
1418830 1467.4
1418840 1468.6
1418850 1468.6
1418860 1470.3
1418870 1471.6
1418880 1471.6
1418890 1473.6
1418900 1474.4
1418910 1474.4
1418920 1476.2
1418930 1479.4
1418940 1481.6
1418950 1481.6
1418960 1484.6
1418970 1487.8
1418980 1487.8
1418990 1490.4
1419000 1493.8
1419010 1493.8
1419020 1496.2
1419030 1496.8
1419040 1496.8
1419050 1499.7
1419060 1505.3
1419070 1505.3
1419080 1509.4
1419090 1512.5
1419100 1512.5
1419110 1518.2
1419120 1521.5
1419130 1521.5
1419140 1525.3
1419150 1527.7
1419160 1527.7
1419170 1532.5
1419180 1539.7
1419190 1539.7
1419200 1544.9
1419210 1548.1
1419220 1548.1
1419230 1549.8
1419240 1551.9
1419250 1551.9
1419260 1553.6
1419270 1555.4
1419280 1555.4
1419290 1555.1
1419300 1556.5
1419310 1561.5
1419320 1561.5
1419330 1565.0
1419340 1566.0
1419350 1566.0
1419360 1567.3
1419370 1566.3
1419380 1571.7
1419390 1572.5
1419400 1576.6
1419410 1576.6
1419420 1579.8
1419430 1581.3
1419440 1581.3
1419450 1581.4
1419460 1582.6
1419470 1582.6
1419480 1577.2
1419490 1563.0
1419500 1563.0
1419510 1554.1
1419520 1546.7
1419530 1546.7
1419540 1526.1
1419550 1512.4
1419560 1512.4
1419570 1498.1
1419580 1489.3
1419590 1489.3
1419600 1483.8
1419610 1478.9
1419620 1478.9
1419630 1469.0
1419640 1465.5
1419650 1465.5
1419660 1464.4
1419670 1459.0
1419680 1447.2
1419690 1447.2
1419700 1434.9
1419710 1423.1
1419720 1423.1
1419730 1412.6
1419740 1401.8
1419750 1401.8
1419760 1392.7
1419770 1384.8
1419780 1384.8
1419790 1377.5
1419800 1368.5
1419810 1368.5
1419820 1359.5
1419830 1353.4
1419840 1353.4
1419850 1350.6
1419860 1348.4
1419870 1348.4
1419880 1347.0
1419890 1340.2
1419900 1340.2
1419910 1327.9
1419920 1318.7
1419930 1318.7
1419940 1311.3
1419950 1303.2
1419960 1303.2
1419970 1296.0
1419980 1289.7
1419990 1289.7
