1400000 871.6
1400010 870.5
1400020 869.6
1400030 869.7
1400040 869.7
1400050 869.7
1400060 869.8
1400070 869.8
1400080 870.3
1400090 870.9
1400100 870.9
1400110 871.7
1400120 872.9
1400130 872.9
1400140 874.4
1400150 875.8
1400160 875.8
1400170 876.9
1400180 878.0
1400190 878.0
1400200 880.8
1400210 884.7
1400220 884.7
1400230 888.1
1400240 891.0
1400250 891.0
1400260 894.5
1400270 898.6
1400280 898.6
1400290 902.3
1400300 904.7
1400310 904.7
1400320 905.3
1400330 903.7
1400340 903.7
1400350 902.9
1400360 904.2
1400370 904.2
1400380 907.7
1400390 911.4
1400400 914.4
1400410 914.4
1400420 916.0
1400430 920.2
1400440 920.2
1400450 925.1
1400460 930.1
1400470 930.1
1400480 935.4
1400490 940.7
1400500 940.7
1400510 946.1
1400520 951.5
1400530 951.5
1400540 956.6
1400550 961.7
1400560 961.7
1400570 966.5
1400580 971.5
1400590 971.5
1400600 976.4
1400610 982.2
1400620 982.2
1400630 989.4
1400640 999.8
1400650 999.8
1400660 1008.7
1400670 1018.5
1400680 1018.5
1400690 1029.4
1400700 1037.5
1400710 1037.5
1400720 1047.2
1400730 1058.6
1400740 1058.6
1400750 1067.5
1400760 1070.4
1400770 1075.6
1400780 1075.6
1400790 1089.7
1400800 1102.4
1400810 1102.4
1400820 1106.2
1400830 1105.4
1400840 1105.4
1400850 1108.5
1400860 1111.5
1400870 1111.5
1400880 1116.4
1400890 1121.7
1400900 1121.7
1400910 1125.4
1400920 1128.6
1400930 1128.6
1400940 1131.3
1400950 1133.4
1400960 1133.4
1400970 1134.7
1400980 1135.3
1400990 1139.1
1401000 1141.9
1401010 1143.9
1401020 1143.9
1401030 1145.9
1401040 1145.8
1401050 1145.8
1401060 1145.7
1401070 1146.0
1401080 1146.0
1401090 1147.0
1401100 1147.4
1401110 1147.4
1401120 1147.0
1401130 1146.2
1401140 1145.2
1401150 1145.2
1401160 1144.7
1401170 1142.8
1401180 1142.8
1401190 1136.9
1401200 1130.3
1401210 1130.3
1401220 1123.6
1401230 1116.7
1401240 1116.7
1401250 1110.1
1401260 1103.5
1401270 1103.5
1401280 1097.1
1401290 1091.1
1401300 1091.1
1401310 1091.6
1401320 1092.5
1401330 1092.5
1401340 1092.4
1401350 1092.5
1401360 1092.5
1401370 1091.7
1401380 1091.1
1401390 1091.1
1401400 1092.8
1401410 1095.5
1401420 1095.5
1401430 1097.4
1401440 1099.0
1401450 1099.0
1401460 1097.3
1401470 1096.8
1401480 1096.8
1401490 1097.3
1401500 1098.2
1401510 1096.9
1401520 1096.9
1401530 1092.7
1401540 1090.4
1401550 1090.4
1401560 1087.7
1401570 1091.9
1401580 1091.9
1401590 1094.4
1401600 1092.9
1401610 1092.9
1401620 1095.8
1401630 1097.0
1401640 1097.0
1401650 1093.7
1401660 1092.8
1401670 1092.8
1401680 1088.6
1401690 1091.7
1401700 1091.7
1401710 1106.1
1401720 1119.6
1401730 1119.6
1401740 1127.4
1401750 1132.9
1401760 1132.9
1401770 1137.3
1401780 1141.3
1401790 1141.3
1401800 1145.7
1401810 1149.3
1401820 1149.3
1401830 1152.8
1401840 1155.7
1401850 1155.7
1401860 1157.9
1401870 1159.9
1401880 1161.4
1401890 1161.4
1401900 1163.5
1401910 1166.7
1401920 1166.7
1401930 1170.0
1401940 1174.5
1401950 1174.5
1401960 1178.9
1401970 1186.1
1401980 1186.1
1401990 1193.4
1402000 1200.6
1402010 1200.6
1402020 1207.4
1402030 1213.8
1402040 1213.8
1402050 1220.3
1402060 1226.0
1402070 1226.0
1402080 1231.2
1402090 1235.2
1402100 1235.2
1402110 1238.9
1402120 1242.9
1402130 1242.9
1402140 1247.0
1402150 1250.4
1402160 1250.4
1402170 1253.3
1402180 1256.1
1402190 1256.1
1402200 1258.7
1402210 1261.7
1402220 1261.7
1402230 1265.4
1402240 1269.7
1402250 1274.3
1402260 1274.3
1402270 1279.0
1402280 1283.1
1402290 1283.1
1402300 1287.0
1402310 1291.3
1402320 1291.3
1402330 1296.1
1402340 1300.9
1402350 1300.9
1402360 1305.5
1402370 1310.1
1402380 1310.1
1402390 1314.8
1402400 1319.7
1402410 1319.7
1402420 1325.9
1402430 1332.3
1402440 1332.3
1402450 1338.3
1402460 1343.9
1402470 1343.9
1402480 1348.7
1402490 1354.3
1402500 1354.3
1402510 1363.2
1402520 1370.1
1402530 1373.3
1402540 1379.2
1402550 1382.8
1402560 1382.8
1402570 1387.6
1402580 1391.4
1402590 1391.4
1402600 1394.8
1402610 1398.3
1402620 1402.0
1402630 1402.0
1402640 1405.5
1402650 1408.2
1402660 1408.2
1402670 1408.0
1402680 1418.3
1402690 1418.3
1402700 1428.5
1402710 1427.6
1402720 1427.6
1402730 1428.1
1402740 1439.4
1402750 1439.4
1402760 1457.7
1402770 1470.6
1402780 1470.6
1402790 1475.8
1402800 1480.5
1402810 1480.5
1402820 1485.1
1402830 1486.1
1402840 1486.1
1402850 1487.4
1402860 1489.9
1402870 1489.9
1402880 1494.2
1402890 1500.3
1402900 1500.3
1402910 1508.3
1402920 1514.7
1402930 1514.7
1402940 1517.2
1402950 1516.2
1402960 1516.2
1402970 1514.3
1402980 1510.4
1402990 1503.5
1403000 1503.5
1403010 1496.0
1403020 1488.9
1403030 1488.9
1403040 1482.1
1403050 1474.5
1403060 1474.5
1403070 1467.8
1403080 1462.4
1403090 1462.4
1403100 1457.4
1403110 1452.2
1403120 1452.2
1403130 1447.1
1403140 1442.1
1403150 1442.1
1403160 1436.8
1403170 1430.4
1403180 1430.4
1403190 1422.8
1403200 1414.5
1403210 1414.5
1403220 1407.2
1403230 1401.3
1403240 1401.3
1403250 1395.5
1403260 1388.7
1403270 1388.7
1403280 1382.0
1403290 1376.6
1403300 1376.6
1403310 1372.0
1403320 1367.7
1403330 1367.7
1403340 1362.5
1403350 1357.9
1403360 1353.4
1403370 1353.4
1403380 1350.7
1403390 1348.9
1403400 1348.9
1403410 1346.1
1403420 1345.6
1403430 1345.6
1403440 1345.4
1403450 1342.6
1403460 1342.6
1403470 1339.2
1403480 1335.7
1403490 1335.7
1403500 1332.8
1403510 1329.6
1403520 1329.6
1403530 1324.7
1403540 1318.1
1403550 1318.1
1403560 1311.1
1403570 1304.1
1403580 1304.1
1403590 1297.9
1403600 1292.9
1403610 1292.9
1403620 1288.0
1403630 1283.5
1403640 1283.5
1403650 1280.0
1403660 1277.4
1403670 1277.4
1403680 1276.0
1403690 1275.0
1403700 1275.0
1403710 1274.7
1403720 1276.0
1403730 1276.5
1403740 1276.5
1403750 1274.9
1403760 1272.5
1403770 1272.5
1403780 1269.6
1403790 1267.7
1403800 1267.7
1403810 1266.3
1403820 1263.9
1403830 1263.9
1403840 1260.4
1403850 1256.4
1403860 1256.4
1403870 1253.6
1403880 1251.9
1403890 1251.9
1403900 1249.7
1403910 1246.1
1403920 1246.1
1403930 1244.8
1403940 1243.3
1403950 1243.3
1403960 1244.2
1403970 1247.6
1403980 1247.6
1403990 1249.2
1404000 1250.0
1404010 1250.0
1404020 1251.7
1404030 1255.7
1404040 1255.7
1404050 1260.5
1404060 1264.2
1404070 1264.2
1404080 1267.3
1404090 1271.3
1404100 1276.8
1404110 1279.0
1404120 1285.2
1404130 1292.0
1404140 1292.0
1404150 1299.1
1404160 1306.3
1404170 1306.3
1404180 1313.9
1404190 1321.7
1404200 1321.7
1404210 1329.3
1404220 1336.9
1404230 1336.9
1404240 1342.8
1404250 1343.4
1404260 1343.4
1404270 1338.6
1404280 1329.3
1404290 1329.3
1404300 1321.3
1404310 1314.5
1404320 1314.5
1404330 1308.5
1404340 1298.6
1404350 1298.6
1404360 1285.4
1404370 1268.2
1404380 1268.2
1404390 1257.8
1404400 1250.2
1404410 1250.2
1404420 1242.7
1404430 1234.9
1404440 1234.9
1404450 1227.0
1404460 1219.9
1404470 1213.4
1404480 1213.4
1404490 1207.6
1404500 1202.3
1404510 1202.3
1404520 1197.5
1404530 1193.4
1404540 1193.4
1404550 1190.5
1404560 1189.6
1404570 1189.6
1404580 1187.1
1404590 1181.0
1404600 1181.0
1404610 1174.2
1404620 1167.8
1404630 1167.8
1404640 1161.3
1404650 1151.5
1404660 1151.5
1404670 1142.0
1404680 1134.5
1404690 1134.5
1404700 1127.6
1404710 1119.3
1404720 1119.3
1404730 1110.5
1404740 1102.4
1404750 1102.4
1404760 1098.5
1404770 1098.2
1404780 1098.2
1404790 1097.1
1404800 1095.6
1404810 1095.6
1404820 1093.2
1404830 1090.6
1404840 1087.8
1404850 1087.8
1404860 1084.9
1404870 1082.0
1404880 1082.0
1404890 1079.7
1404900 1077.9
1404910 1077.9
1404920 1075.9
1404930 1073.7
1404940 1073.7
1404950 1071.0
1404960 1067.0
1404970 1067.0
1404980 1066.0
1404990 1065.3
1405000 1065.3
1405010 1063.9
1405020 1061.8
1405030 1061.8
1405040 1060.0
1405050 1058.8
1405060 1058.8
1405070 1058.2
1405080 1057.9
1405090 1057.9
1405100 1057.6
1405110 1057.7
1405120 1057.7
1405130 1057.2
1405140 1055.8
1405150 1055.8
1405160 1054.0
1405170 1054.5
1405180 1054.5
1405190 1055.0
1405200 1055.1
1405210 1054.9
1405220 1054.9
1405230 1054.7
1405240 1055.2
1405250 1055.2
1405260 1056.2
1405270 1055.7
1405280 1055.7
1405290 1056.6
1405300 1059.2
1405310 1059.2
1405320 1060.5
1405330 1063.2
1405340 1063.2
1405350 1066.0
1405360 1071.3
1405370 1071.3
1405380 1077.9
1405390 1083.9
1405400 1083.9
1405410 1089.5
1405420 1094.7
1405430 1094.7
1405440 1100.8
1405450 1106.0
1405460 1106.0
1405470 1109.9
1405480 1113.9
1405490 1113.9
1405500 1118.6
1405510 1124.9
1405520 1124.9
1405530 1134.9
1405540 1143.9
1405550 1143.9
1405560 1148.9
1405570 1156.4
1405580 1165.7
1405590 1165.7
1405600 1172.3
1405610 1177.6
1405620 1177.6
1405630 1182.5
1405640 1190.1
1405650 1190.1
1405660 1196.3
1405670 1204.0
1405680 1204.0
1405690 1216.0
1405700 1225.3
1405710 1225.3
1405720 1231.6
1405730 1239.6
1405740 1239.6
1405750 1247.8
1405760 1258.8
1405770 1258.8
1405780 1268.9
1405790 1273.7
1405800 1273.7
1405810 1287.2
1405820 1295.5
1405830 1295.5
1405840 1302.0
1405850 1309.3
1405860 1309.3
1405870 1317.0
1405880 1325.3
1405890 1325.3
1405900 1334.0
1405910 1342.1
1405920 1342.1
1405930 1349.2
1405940 1354.9
1405950 1362.6
1405960 1362.6
1405970 1372.5
1405980 1384.0
1405990 1384.0
1406000 1393.6
1406010 1399.2
1406020 1399.2
1406030 1405.4
1406040 1413.6
1406050 1413.6
1406060 1420.5
1406070 1425.1
1406080 1425.1
1406090 1426.9
1406100 1427.2
1406110 1427.2
1406120 1428.1
1406130 1428.8
1406140 1428.8
1406150 1429.1
1406160 1429.3
1406170 1429.3
1406180 1429.4
1406190 1429.2
1406200 1429.2
1406210 1428.0
1406220 1427.4
1406230 1427.4
1406240 1427.4
1406250 1427.9
1406260 1427.9
1406270 1427.3
1406280 1424.3
1406290 1424.3
1406300 1421.4
1406310 1417.0
1406320 1412.3
1406330 1412.3
1406340 1404.0
1406350 1396.0
1406360 1396.0
1406370 1388.8
1406380 1380.7
1406390 1380.7
1406400 1372.5
1406410 1364.4
1406420 1364.4
1406430 1357.2
1406440 1351.5
1406450 1351.5
1406460 1346.0
1406470 1342.2
1406480 1342.2
1406490 1341.5
1406500 1341.3
1406510 1341.3
1406520 1340.6
1406530 1340.3
1406540 1340.3
1406550 1339.6
1406560 1337.3
1406570 1337.3
1406580 1337.3
1406590 1337.7
1406600 1337.7
1406610 1337.5
1406620 1342.4
1406630 1342.4
1406640 1347.0
1406650 1349.4
1406660 1349.4
1406670 1349.2
1406680 1349.8
1406690 1351.7
1406700 1351.7
1406710 1352.9
1406720 1353.5
1406730 1353.5
1406740 1355.2
1406750 1358.0
1406760 1358.0
1406770 1362.5
1406780 1367.2
1406790 1367.2
1406800 1372.5
1406810 1378.8
1406820 1378.8
1406830 1380.3
1406840 1377.5
1406850 1377.5
1406860 1371.7
1406870 1367.3
1406880 1367.3
1406890 1363.8
1406900 1358.0
1406910 1358.0
1406920 1350.9
1406930 1344.5
1406940 1344.5
1406950 1338.7
1406960 1331.3
1406970 1331.3
1406980 1323.3
1406990 1321.9
1407000 1321.9
1407010 1320.0
1407020 1318.9
1407030 1318.9
1407040 1318.3
1407050 1317.2
1407060 1314.8
1407070 1314.8
1407080 1313.5
1407090 1314.1
1407100 1314.1
1407110 1313.2
1407120 1310.3
1407130 1310.3
1407140 1307.9
1407150 1305.7
1407160 1305.7
1407170 1301.3
1407180 1298.6
1407190 1298.6
1407200 1296.2
1407210 1296.3
1407220 1296.3
1407230 1297.4
1407240 1297.9
1407250 1297.9
1407260 1297.0
1407270 1298.1
1407280 1298.1
1407290 1298.4
1407300 1299.1
1407310 1299.1
1407320 1298.0
1407330 1302.5
1407340 1302.5
1407350 1307.2
1407360 1315.8
1407370 1315.8
1407380 1320.2
1407390 1323.7
1407400 1323.7
1407410 1329.0
1407420 1334.4
1407430 1339.4
1407440 1339.4
1407450 1344.2
1407460 1351.6
1407470 1351.6
1407480 1370.0
1407490 1404.5
1407500 1404.5
1407510 1412.9
1407520 1415.6
1407530 1415.6
1407540 1415.5
1407550 1414.4
1407560 1414.4
1407570 1411.8
1407580 1419.0
1407590 1419.0
1407600 1418.4
1407610 1422.0
1407620 1422.0
1407630 1434.8
1407640 1439.8
1407650 1439.8
1407660 1433.3
1407670 1429.7
1407680 1429.7
1407690 1433.5
1407700 1444.5
1407710 1444.5
1407720 1451.3
1407730 1456.7
1407740 1456.7
1407750 1463.1
1407760 1470.8
1407770 1470.8
1407780 1480.7
1407790 1496.8
1407800 1505.2
1407810 1505.2
1407820 1507.1
1407830 1507.2
1407840 1507.2
1407850 1506.6
1407860 1504.7
1407870 1504.7
1407880 1501.3
1407890 1498.8
1407900 1498.8
1407910 1498.7
1407920 1500.5
1407930 1500.5
1407940 1504.9
1407950 1511.8
1407960 1511.8
1407970 1515.8
1407980 1520.1
1407990 1520.1
1408000 1522.1
1408010 1522.8
1408020 1522.8
1408030 1520.5
1408040 1519.5
1408050 1519.5
1408060 1530.4
1408070 1553.9
1408080 1553.9
1408090 1566.3
1408100 1571.8
1408110 1571.8
1408120 1574.1
1408130 1570.2
1408140 1570.2
1408150 1569.8
1408160 1563.8
1408170 1552.6
1408180 1552.6
1408190 1534.4
1408200 1510.4
1408210 1510.4
1408220 1499.7
1408230 1493.9
1408240 1493.9
1408250 1489.5
1408260 1479.3
1408270 1479.3
1408280 1462.6
1408290 1460.6
1408300 1460.6
1408310 1468.5
1408320 1479.2
1408330 1479.2
1408340 1487.9
1408350 1498.4
1408360 1498.4
1408370 1504.0
1408380 1504.5
1408390 1504.5
1408400 1509.2
1408410 1512.5
1408420 1512.5
1408430 1510.3
1408440 1505.5
1408450 1505.5
1408460 1501.7
1408470 1498.9
1408480 1498.9
1408490 1495.5
1408500 1494.6
1408510 1494.6
1408520 1497.4
1408530 1505.9
1408540 1512.5
1408550 1512.5
1408560 1520.7
1408570 1533.6
1408580 1533.6
1408590 1548.1
1408600 1551.9
1408610 1551.9
1408620 1553.8
1408630 1553.8
1408640 1553.8
1408650 1551.3
1408660 1554.3
1408670 1554.3
1408680 1555.4
1408690 1554.7
1408700 1554.7
1408710 1550.7
1408720 1544.1
1408730 1544.1
1408740 1531.0
1408750 1519.2
1408760 1519.2
1408770 1510.9
1408780 1504.0
1408790 1504.0
1408800 1498.6
1408810 1493.5
1408820 1493.5
1408830 1487.0
1408840 1480.4
1408850 1480.4
1408860 1475.0
1408870 1471.1
1408880 1471.1
1408890 1465.9
1408900 1464.4
1408910 1466.9
1408920 1466.9
1408930 1464.4
1408940 1460.2
1408950 1460.2
1408960 1455.9
1408970 1456.0
1408980 1456.0
1408990 1457.0
1409000 1462.1
1409010 1462.1
1409020 1460.5
1409030 1454.3
1409040 1467.2
1409050 1456.3
1409060 1448.7
1409070 1448.7
1409080 1450.2
1409090 1454.9
1409100 1454.9
1409110 1459.9
1409120 1464.9
1409130 1464.9
1409140 1474.5
1409150 1484.5
1409160 1484.5
1409170 1494.8
1409180 1500.7
1409190 1500.7
1409200 1515.3
1409210 1524.7
1409220 1524.7
1409230 1526.1
1409240 1528.0
1409250 1528.0
1409260 1531.5
1409270 1545.2
1409280 1548.5
1409290 1548.5
1409300 1549.7
1409310 1549.3
1409320 1549.3
1409330 1545.9
1409340 1543.0
1409350 1543.0
1409360 1540.7
1409370 1534.1
1409380 1534.1
1409390 1527.1
1409400 1517.4
1409410 1517.4
1409420 1508.9
1409430 1499.8
1409440 1499.8
1409450 1493.1
1409460 1487.6
1409470 1487.6
1409480 1482.4
1409490 1478.9
1409500 1478.9
1409510 1475.4
1409520 1472.2
1409530 1472.2
1409540 1468.8
1409550 1465.5
1409560 1465.5
1409570 1461.6
1409580 1458.5
1409590 1458.5
1409600 1455.6
1409610 1453.4
1409620 1453.4
1409630 1452.0
1409640 1451.4
1409650 1451.3
1409660 1451.3
1409670 1450.8
1409680 1450.4
1409690 1450.4
1409700 1450.2
1409710 1450.6
1409720 1450.6
1409730 1451.3
1409740 1451.6
1409750 1451.6
1409760 1451.8
1409770 1451.4
1409780 1451.4
1409790 1450.1
1409800 1443.4
1409810 1443.4
1409820 1435.3
1409830 1430.0
1409840 1430.0
1409850 1425.6
1409860 1421.9
1409870 1421.9
1409880 1419.0
1409890 1415.2
1409900 1415.2
1409910 1409.8
1409920 1401.6
1409930 1401.6
1409940 1391.2
1409950 1382.5
1409960 1382.5
1409970 1375.6
1409980 1369.2
1409990 1369.2
1410000 1358.9
1410010 1349.7
1410020 1344.1
1410030 1344.1
1410040 1337.7
1410050 1330.6
1410060 1330.6
1410070 1325.2
1410080 1317.8
1410090 1317.8
1410100 1309.6
1410110 1299.1
1410120 1299.1
1410130 1286.9
1410140 1276.7
1410150 1276.7
1410160 1267.2
1410170 1257.3
1410180 1257.3
1410190 1244.5
1410200 1231.0
1410210 1231.0
1410220 1221.5
1410230 1210.1
1410240 1210.1
1410250 1200.2
1410260 1190.5
1410270 1190.5
1410280 1179.1
1410290 1164.5
1410300 1164.5
1410310 1151.4
1410320 1135.6
1410330 1135.6
1410340 1118.0
1410350 1104.5
1410360 1104.5
1410370 1087.3
1410380 1067.0
1410390 1057.0
1410400 1057.0
1410410 1050.1
1410420 1041.2
1410430 1041.2
1410440 1030.9
1410450 1021.8
1410460 1021.8
1410470 1012.7
1410480 1004.9
1410490 1004.9
1410500 998.1
1410510 988.1
1410520 988.1
1410530 974.9
1410540 972.7
1410550 972.7
1410560 964.2
1410570 952.4
1410580 952.4
1410590 941.1
1410600 941.8
1410610 941.8
1410620 934.5
1410630 923.2
1410640 923.2
1410650 903.1
1410660 885.1
1410670 885.1
1410680 871.9
1410690 865.4
1410700 865.4
1410710 856.3
1410720 846.1
1410730 838.9
1410740 838.9
1410750 832.1
1410760 811.1
1410770 811.1
1410780 802.1
1410790 793.8
1410800 793.8
1410810 786.5
1410820 781.6
1410830 781.6
1410840 774.8
1410850 769.1
1410860 769.1
1410870 763.5
1410880 758.7
1410890 758.7
1410900 754.8
1410910 750.8
1410920 750.8
1410930 746.7
1410940 742.3
1410950 742.3
1410960 738.8
1410970 734.9
1410980 734.9
1410990 731.1
1411000 727.4
1411010 727.4
1411020 724.3
1411030 723.9
1411040 723.9
1411050 723.6
1411060 724.0
1411070 724.0
1411080 722.4
1411090 723.5
1411100 722.8
1411110 722.8
1411120 722.7
1411130 723.1
1411140 723.1
1411150 722.7
1411160 722.4
1411170 722.4
1411180 723.2
1411190 722.2
1411200 722.2
1411210 721.9
1411220 722.1
1411230 722.1
1411240 721.6
1411250 721.6
1411260 721.6
1411270 721.9
1411280 722.3
1411290 722.3
1411300 721.1
1411310 721.0
1411320 721.0
1411330 720.8
1411340 720.9
1411350 720.9
1411360 721.2
1411370 719.1
1411380 719.1
1411390 718.8
1411400 720.3
1411410 720.3
1411420 720.2
1411430 719.8
1411440 719.8
1411450 720.0
1411460 719.7
1411470 720.0
1411480 720.0
1411490 721.0
1411500 722.6
1411510 722.6
1411520 725.0
1411530 727.5
1411540 727.5
1411550 729.9
1411560 731.9
1411570 731.9
1411580 733.5
1411590 736.6
1411600 736.6
1411610 742.6
1411620 748.8
1411630 748.8
1411640 755.0
1411650 761.9
1411660 761.9
1411670 768.3
1411680 774.7
1411690 774.7
1411700 780.8
1411710 787.2
1411720 787.2
1411730 793.6
1411740 800.2
1411750 800.2
1411760 807.0
1411770 814.3
1411780 814.3
1411790 821.6
1411800 828.8
1411810 828.8
1411820 835.2
1411830 841.0
1411840 850.1
1411850 850.1
1411860 871.0
1411870 881.0
1411880 881.0
1411890 898.6
1411900 927.1
1411910 927.1
1411920 948.3
1411930 958.4
1411940 958.4
1411950 964.0
1411960 968.1
1411970 968.1
1411980 969.6
1411990 971.7
1412000 971.7
1412010 989.3
1412020 1019.1
1412030 1019.1
1412040 1090.6
1412050 1106.7
1412060 1106.7
1412070 1112.8
1412080 1114.1
1412090 1114.1
1412100 1111.8
1412110 1109.1
1412120 1109.1
1412130 1102.5
1412140 1095.5
1412150 1095.5
1412160 1095.9
1412170 1085.8
1412180 1085.8
1412190 1069.6
1412200 1065.2
1412210 1064.0
1412220 1064.0
1412230 1062.9
1412240 1064.7
1412250 1064.7
1412260 1061.0
1412270 1056.6
1412280 1056.6
1412290 1052.0
1412300 1047.4
1412310 1047.4
1412320 1041.6
1412330 1039.1
1412340 1039.1
1412350 1036.0
1412360 1032.9
1412370 1032.9
1412380 1032.4
1412390 1031.0
1412400 1031.0
1412410 1025.2
1412420 1020.3
1412430 1020.3
1412440 1014.9
1412450 1009.1
1412460 1009.1
1412470 1000.0
1412480 986.7
1412490 986.7
1412500 976.2
1412510 969.9
1412520 977.9
1412530 968.2
1412540 953.7
1412550 953.7
1412560 940.3
1412570 938.2
1412580 944.1
1412590 944.1
1412600 950.3
1412610 952.5
1412620 952.5
1412630 955.3
1412640 951.4
1412650 951.4
1412660 943.4
1412670 938.9
1412680 938.9
1412690 933.3
1412700 928.9
1412710 928.9
1412720 924.5
1412730 919.1
1412740 919.1
1412750 911.9
1412760 885.3
1412770 885.3
1412780 856.7
1412790 845.4
1412800 845.4
1412810 835.7
1412820 820.0
1412830 820.0
1412840 810.6
1412850 810.6
1412860 810.6
1412870 816.5
1412880 817.9
1412890 817.9
1412900 819.9
1412910 814.3
1412920 814.3
1412930 804.5
1412940 789.6
1412950 779.1
1412960 779.1
1412970 767.3
1412980 756.7
1412990 756.7
1413000 752.7
1413010 747.4
1413020 747.4
1413030 740.2
1413040 734.5
1413050 734.5
1413060 729.6
1413070 719.1
1413080 719.1
1413090 710.3
1413100 707.6
1413110 707.6
1413120 707.0
1413130 705.6
1413140 705.6
1413150 701.2
1413160 696.7
1413170 696.7
1413180 694.2
1413190 689.9
1413200 689.9
1413210 687.9
1413220 687.0
1413230 687.0
1413240 686.1
1413250 685.3
1413260 685.3
1413270 682.8
1413280 679.1
1413290 679.1
1413300 676.0
1413310 674.7
1413320 673.7
1413330 673.7
1413340 673.0
1413350 671.2
1413360 671.2
1413370 668.3
1413380 665.4
1413390 665.4
1413400 663.0
1413410 660.7
1413420 660.7
1413430 658.9
1413440 657.4
1413450 657.4
1413460 652.7
1413470 646.7
1413480 646.7
1413490 640.2
1413500 636.3
1413510 636.3
1413520 634.0
1413530 632.6
1413540 632.6
1413550 631.5
1413560 631.2
1413570 631.2
1413580 631.2
1413590 631.1
1413600 631.1
1413610 631.1
1413620 631.1
1413630 631.1
1413640 631.1
1413650 631.2
1413660 631.2
1413670 631.3
1413680 631.3
1413690 631.3
1413700 631.3
1413710 631.2
1413720 631.0
1413730 631.0
1413740 630.8
1413750 630.6
1413760 630.6
1413770 630.5
1413780 630.5
1413790 630.5
1413800 630.5
1413810 630.7
1413820 630.7
1413830 630.7
1413840 630.8
1413850 630.8
1413860 630.9
1413870 630.6
1413880 630.6
1413890 630.0
1413900 629.7
1413910 629.7
1413920 629.7
1413930 629.8
1413940 629.8
1413950 629.8
1413960 629.8
1413970 629.8
1413980 629.8
1413990 629.8
1414000 629.8
1414010 629.9
1414020 630.0
1414030 630.0
1414040 630.0
1414050 630.0
1414060 629.9
1414070 629.9
1414080 630.1
1414090 630.3
1414100 630.3
1414110 630.4
1414120 630.2
1414130 630.2
1414140 629.7
1414150 629.6
1414160 629.6
1414170 629.8
1414180 630.3
1414190 630.3
1414200 630.8
1414210 631.5
1414220 631.5
1414230 631.8
1414240 631.6
1414250 631.6
1414260 631.6
1414270 631.7
1414280 631.7
1414290 632.7
1414300 632.5
1414310 632.5
1414320 632.6
1414330 631.0
1414340 631.0
1414350 629.8
1414360 629.8
1414370 629.8
1414380 629.9
1414390 630.0
1414400 630.0
1414410 630.2
1414420 630.3
1414430 630.5
1414440 630.5
1414450 630.5
1414460 630.5
1414470 630.5
1414480 630.6
1414490 630.6
1414500 630.6
1414510 630.6
1414520 630.4
1414530 630.4
1414540 628.9
1414550 628.0
1414560 628.0
1414570 628.4
1414580 628.5
1414590 628.5
1414600 628.2
1414610 628.4
1414620 628.4
1414630 628.7
1414640 628.4
1414650 628.4
1414660 628.5
1414670 628.6
1414680 628.6
1414690 628.7
1414700 628.6
1414710 628.6
1414720 628.5
1414730 628.2
1414740 628.2
1414750 627.9
1414760 628.4
1414770 628.4
1414780 628.6
1414790 628.7
1414800 628.7
1414810 628.7
1414820 628.8
1414830 628.9
1414840 628.9
1414850 629.0
1414860 629.1
1414870 629.1
1414880 629.1
1414890 629.0
1414900 629.0
1414910 629.1
1414920 629.5
1414930 629.5
1414940 629.6
1414950 629.5
1414960 629.5
1414970 629.6
1414980 629.6
1414990 629.6
1415000 629.7
1415010 629.7
1415020 629.7
1415030 629.8
1415040 629.8
1415050 629.8
1415060 629.5
1415070 629.0
1415080 629.0
1415090 629.1
1415100 629.2
1415110 629.2
1415120 629.3
1415130 629.4
1415140 629.4
1415150 629.5
1415160 629.6
1415170 629.4
1415180 629.4
1415190 629.1
1415200 627.5
1415210 627.5
1415220 626.9
1415230 626.9
1415240 626.9
1415250 627.4
1415260 628.8
1415270 628.8
1415280 629.2
1415290 629.5
1415300 629.5
1415310 629.4
1415320 629.4
1415330 629.4
1415340 629.4
1415350 629.3
1415360 629.3
1415370 629.4
1415380 629.3
1415390 629.3
1415400 629.4
1415410 629.4
1415420 629.4
1415430 629.4
1415440 629.4
1415450 629.4
1415460 629.6
1415470 629.8
1415480 629.8
1415490 629.9
1415500 630.0
1415510 630.0
1415520 630.0
1415530 629.9
1415540 629.9
1415550 629.9
1415560 629.8
1415570 629.8
1415580 629.8
1415590 629.9
1415600 629.9
1415610 629.9
1415620 629.8
1415630 629.8
1415640 629.8
1415650 629.8
1415660 629.7
1415670 629.7
1415680 629.7
1415690 629.7
1415700 629.7
1415710 629.7
1415720 629.7
1415730 629.7
1415740 629.7
1415750 629.7
1415760 629.7
1415770 629.8
1415780 629.9
1415790 629.9
1415800 630.2
1415810 630.7
1415820 630.7
1415830 631.4
1415840 632.4
1415850 632.4
1415860 634.0
1415870 635.7
1415880 635.7
1415890 636.9
1415900 637.5
1415910 638.3
1415920 638.3
1415930 639.3
1415940 640.2
1415950 640.2
1415960 641.1
1415970 642.6
1415980 642.6
1415990 644.6
1416000 646.5
1416010 646.5
1416020 648.0
1416030 649.0
1416040 649.0
1416050 647.7
1416060 646.7
1416070 646.7
1416080 647.4
1416090 649.3
1416100 649.3
1416110 652.4
1416120 654.6
1416130 654.6
1416140 656.3
1416150 658.6
1416160 660.4
1416170 663.5
1416180 667.7
1416190 667.7
1416200 670.8
1416210 673.8
1416220 673.8
1416230 678.0
1416240 682.9
1416250 682.9
1416260 689.0
1416270 696.4
1416280 703.8
1416290 703.8
1416300 711.5
1416310 718.4
1416320 718.4
1416330 725.7
1416340 734.9
1416350 734.9
1416360 745.0
1416370 751.6
1416380 751.6
1416390 758.1
1416400 765.1
1416410 765.1
1416420 772.2
1416430 777.3
1416440 777.3
1416450 783.2
1416460 790.9
1416470 790.9
1416480 799.7
1416490 807.2
1416500 807.2
1416510 810.9
1416520 816.9
1416530 816.9
1416540 823.4
1416550 827.9
1416560 827.9
1416570 832.2
1416580 836.0
1416590 836.0
1416600 840.9
1416610 848.0
1416620 848.0
1416630 857.2
1416640 864.2
1416650 870.6
1416660 870.6
1416670 877.2
1416680 881.1
1416690 881.1
1416700 882.9
1416710 886.8
1416720 886.8
1416730 892.4
1416740 894.9
1416750 894.9
1416760 894.9
1416770 899.6
1416780 899.6
1416790 905.6
1416800 911.6
1416810 911.6
1416820 916.1
1416830 921.6
1416840 921.6
1416850 926.9
1416860 935.9
1416870 935.9
1416880 942.5
1416890 940.4
1416900 940.4
1416910 936.6
1416920 932.9
1416930 932.9
1416940 929.8
1416950 926.9
1416960 926.9
1416970 922.0
1416980 912.4
1416990 912.4
1417000 913.2
1417010 918.2
1417020 922.5
1417030 922.5
1417040 925.6
1417050 926.1
1417060 926.1
1417070 928.4
1417080 933.0
1417090 933.0
1417100 936.1
1417110 937.8
1417120 937.8
1417130 937.3
1417140 936.0
1417150 936.0
1417160 933.3
1417170 927.4
1417180 927.4
1417190 923.7
1417200 929.6
1417210 929.6
1417220 934.2
1417230 940.1
1417240 940.1
1417250 945.0
1417260 949.1
1417270 949.1
1417280 953.2
1417290 954.3
1417300 954.3
1417310 949.8
1417320 948.7
1417330 948.7
1417340 952.4
1417350 959.2
1417360 959.2
1417370 969.3
1417380 978.4
1417390 981.0
1417400 981.0
1417410 988.5
1417420 996.4
1417430 996.4
1417440 1005.2
1417450 1015.2
1417460 1015.2
1417470 1022.8
1417480 1029.9
1417490 1029.9
1417500 1037.5
1417510 1045.3
1417520 1045.3
1417530 1051.5
1417540 1056.1
1417550 1056.1
1417560 1059.1
1417570 1059.2
1417580 1059.2
1417590 1063.0
1417600 1068.0
1417610 1068.0
1417620 1072.8
1417630 1080.4
1417640 1080.4
1417650 1088.5
1417660 1096.7
1417670 1096.7
1417680 1104.4
1417690 1112.3
1417700 1112.3
1417710 1121.2
1417720 1133.1
1417730 1133.1
1417740 1145.2
1417750 1157.5
1417760 1174.8
1417770 1174.8
1417780 1182.5
1417790 1189.0
1417800 1189.0
1417810 1193.5
1417820 1198.5
1417830 1198.5
1417840 1205.8
1417850 1213.3
1417860 1213.3
1417870 1221.7
1417880 1230.9
1417890 1230.9
1417900 1238.1
1417910 1245.3
1417920 1245.3
1417930 1253.1
1417940 1260.7
1417950 1260.7
1417960 1267.0
1417970 1273.8
1417980 1273.8
1417990 1281.2
1418000 1289.9
1418010 1289.9
1418020 1302.4
1418030 1317.5
1418040 1317.5
1418050 1333.1
1418060 1369.6
1418070 1369.6
1418080 1387.1
1418090 1404.8
1418100 1404.8
1418110 1418.1
1418120 1430.6
1418130 1440.9
1418140 1440.9
1418150 1449.5
1418160 1457.1
1418170 1457.1
1418180 1466.8
1418190 1484.7
1418200 1484.7
1418210 1499.7
1418220 1513.5
1418230 1513.5
1418240 1523.9
1418250 1531.6
1418260 1531.6
1418270 1537.3
1418280 1543.2
1418290 1543.2
1418300 1552.6
1418310 1562.8
1418320 1562.8
1418330 1567.5
1418340 1569.2
1418350 1569.2
1418360 1573.5
1418370 1578.2
1418380 1578.2
1418390 1582.0
1418400 1583.3
1418410 1583.3
1418420 1579.4
1418430 1573.8
1418440 1573.8
1418450 1567.7
1418460 1563.2
1418470 1563.2
1418480 1558.8
1418490 1553.3
1418500 1547.7
1418510 1547.7
1418520 1542.2
1418530 1537.7
1418540 1537.7
1418550 1534.7
1418560 1530.4
1418570 1530.4
1418580 1527.7
1418590 1523.6
1418600 1523.6
1418610 1498.9
1418620 1480.3
1418630 1480.3
1418640 1469.6
1418650 1463.2
1418660 1463.2
1418670 1457.3
1418680 1452.1
1418690 1452.1
1418700 1447.6
1418710 1443.6
1418720 1443.6
1418730 1438.2
1418740 1431.2
1418750 1431.2
1418760 1427.0
1418770 1422.9
1418780 1422.9
1418790 1419.4
1418800 1415.6
1418810 1415.6
1418820 1412.7
1418830 1410.7
1418840 1410.7
1418850 1411.3
1418860 1409.2
1418870 1405.1
1418880 1405.1
1418890 1404.4
1418900 1404.2
1418910 1404.2
1418920 1404.5
1418930 1404.5
1418940 1404.5
1418950 1403.9
1418960 1404.1
1418970 1404.1
1418980 1405.7
1418990 1408.8
1419000 1408.8
1419010 1407.1
1419020 1406.3
1419030 1406.3
1419040 1409.8
1419050 1415.8
1419060 1415.8
1419070 1421.6
1419080 1425.6
1419090 1425.6
1419100 1429.2
1419110 1432.6
1419120 1432.6
1419130 1436.3
1419140 1440.4
1419150 1440.4
1419160 1443.5
1419170 1447.4
1419180 1447.4
1419190 1451.8
1419200 1457.1
1419210 1457.1
1419220 1461.4
1419230 1464.5
1419240 1467.5
1419250 1467.5
1419260 1469.9
1419270 1471.8
1419280 1471.8
1419290 1474.1
1419300 1474.7
1419310 1474.7
1419320 1461.9
1419330 1449.4
1419340 1449.4
1419350 1435.2
1419360 1413.5
1419370 1413.5
1419380 1415.7
1419390 1418.8
1419400 1418.8
1419410 1421.2
1419420 1426.3
1419430 1426.3
1419440 1435.1
1419450 1444.8
1419460 1444.8
1419470 1450.6
1419480 1454.1
1419490 1454.1
1419500 1457.9
1419510 1460.3
1419520 1460.3
1419530 1461.9
1419540 1467.7
1419550 1467.7
1419560 1465.5
1419570 1452.9
1419580 1452.9
1419590 1435.8
1419600 1421.1
1419610 1412.2
1419620 1412.2
1419630 1404.1
1419640 1396.3
1419650 1396.3
1419660 1386.7
1419670 1380.7
1419680 1380.7
1419690 1377.5
1419700 1373.7
1419710 1373.7
1419720 1365.9
1419730 1348.1
1419740 1348.1
1419750 1333.1
1419760 1318.5
1419770 1318.5
1419780 1304.1
1419790 1294.7
1419800 1294.7
1419810 1288.5
1419820 1279.8
1419830 1279.8
1419840 1271.7
1419850 1265.5
1419860 1265.5
1419870 1258.9
1419880 1251.6
1419890 1251.6
1419900 1244.9
1419910 1238.2
1419920 1238.2
1419930 1230.8
1419940 1221.3
1419950 1221.3
1419960 1213.0
1419970 1205.9
1419980 1199.8
1419990 1199.8
