1400000 890.8
1400010 890.8
1400020 891.2
1400030 891.4
1400040 891.4
1400050 891.5
1400060 892.0
1400070 892.0
1400080 892.3
1400090 892.4
1400100 892.4
1400110 892.5
1400120 892.6
1400130 892.6
1400140 892.7
1400150 893.2
1400160 893.2
1400170 894.1
1400180 895.9
1400190 892.4
1400200 894.1
1400210 896.0
1400220 896.0
1400230 897.4
1400240 899.5
1400250 901.7
1400260 901.7
1400270 902.4
1400280 902.2
1400290 902.2
1400300 901.0
1400310 899.1
1400320 899.1
1400330 897.0
1400340 894.2
1400350 894.2
1400360 891.5
1400370 889.0
1400380 889.0
1400390 886.4
1400400 883.8
1400410 883.8
1400420 881.3
1400430 878.9
1400440 878.9
1400450 878.7
1400460 881.2
1400470 881.2
1400480 884.8
1400490 887.9
1400500 887.9
1400510 890.6
1400520 893.0
1400530 893.0
1400540 895.1
1400550 896.5
1400560 896.5
1400570 899.0
1400580 903.4
1400590 903.4
1400600 908.8
1400610 914.0
1400620 919.0
1400630 919.0
1400640 924.2
1400650 929.2
1400660 929.2
1400670 934.1
1400680 939.8
1400690 939.8
1400700 947.6
1400710 954.7
1400720 954.7
1400730 961.2
1400740 970.3
1400750 970.3
1400760 980.4
1400770 986.7
1400780 986.7
1400790 990.0
1400800 994.7
1400810 994.7
1400820 1003.5
1400830 1011.7
1400840 1011.7
1400850 1016.2
1400860 1020.9
1400870 1020.9
1400880 1025.6
1400890 1032.7
1400900 1032.7
1400910 1039.7
1400920 1045.9
1400930 1045.9
1400940 1053.6
1400950 1059.7
1400960 1059.7
1400970 1057.8
1400980 1061.1
1400990 1066.9
1401000 1066.9
1401010 1071.6
1401020 1075.9
1401030 1075.9
1401040 1080.3
1401050 1083.1
1401060 1083.1
1401070 1082.9
1401080 1084.9
1401090 1084.9
1401100 1085.3
1401110 1085.7
1401120 1085.7
1401130 1083.5
1401140 1079.1
1401150 1079.1
1401160 1075.2
1401170 1072.1
1401180 1072.1
1401190 1068.2
1401200 1063.9
1401210 1063.9
1401220 1059.3
1401230 1055.1
1401240 1055.1
1401250 1049.6
1401260 1043.2
1401270 1043.2
1401280 1035.3
1401290 1025.9
1401300 1025.9
1401310 1012.5
1401320 998.9
1401330 998.9
1401340 1005.7
1401350 1012.3
1401360 1010.9
1401370 1010.9
1401380 1010.2
1401390 1002.3
1401400 1002.3
1401410 1003.2
1401420 1006.3
1401430 1006.3
1401440 1011.0
1401450 1018.5
1401460 1018.5
1401470 1027.3
1401480 1035.7
1401490 1035.7
1401500 1043.5
1401510 1050.4
1401520 1050.4
1401530 1057.3
1401540 1064.0
1401550 1064.0
1401560 1070.9
1401570 1077.8
1401580 1077.8
1401590 1084.9
1401600 1092.6
1401610 1092.6
1401620 1099.6
1401630 1104.9
1401640 1104.9
1401650 1108.4
1401660 1110.6
1401670 1110.6
1401680 1111.8
1401690 1110.2
1401700 1110.2
1401710 1106.9
1401720 1110.2
1401730 1110.4
1401740 1110.4
1401750 1111.7
1401760 1113.6
1401770 1113.6
1401780 1115.9
1401790 1118.7
1401800 1118.7
1401810 1121.6
1401820 1125.4
1401830 1125.4
1401840 1130.7
1401850 1136.4
1401860 1136.4
1401870 1141.8
1401880 1147.5
1401890 1147.5
1401900 1152.1
1401910 1156.5
1401920 1156.5
1401930 1161.0
1401940 1165.3
1401950 1165.3
1401960 1168.5
1401970 1172.2
1401980 1172.2
1401990 1174.5
1402000 1175.8
1402010 1175.8
1402020 1177.1
1402030 1178.7
1402040 1178.7
1402050 1179.9
1402060 1181.2
1402070 1181.2
1402080 1183.6
1402090 1185.4
1402100 1186.7
1402110 1186.7
1402120 1190.1
1402130 1195.6
1402140 1195.6
1402150 1201.5
1402160 1206.4
1402170 1206.4
1402180 1209.3
1402190 1212.9
1402200 1212.9
1402210 1217.0
1402220 1221.0
1402230 1221.0
1402240 1225.3
1402250 1229.3
1402260 1229.3
1402270 1233.6
1402280 1238.4
1402290 1238.4
1402300 1242.7
1402310 1247.0
1402320 1247.0
1402330 1253.4
1402340 1258.9
1402350 1258.9
1402360 1262.9
1402370 1265.5
1402380 1265.5
1402390 1267.0
1402400 1267.7
1402410 1267.7
1402420 1268.0
1402430 1272.0
1402440 1272.0
1402450 1278.6
1402460 1284.4
1402470 1290.4
1402480 1290.4
1402490 1297.5
1402500 1307.7
1402510 1307.7
1402520 1318.7
1402530 1325.9
1402540 1325.9
1402550 1329.5
1402560 1336.0
1402570 1336.0
1402580 1344.2
1402590 1350.4
1402600 1350.4
1402610 1356.8
1402620 1363.8
1402630 1363.8
1402640 1370.7
1402650 1377.0
1402660 1377.0
1402670 1384.8
1402680 1392.7
1402690 1392.7
1402700 1399.1
1402710 1405.1
1402720 1405.1
1402730 1410.9
1402740 1417.1
1402750 1417.1
1402760 1423.6
1402770 1429.9
1402780 1429.9
1402790 1436.6
1402800 1444.2
1402810 1444.2
1402820 1452.5
1402830 1462.7
1402840 1472.8
1402850 1472.8
1402860 1476.3
1402870 1479.0
1402880 1479.0
1402890 1477.6
1402900 1474.7
1402910 1474.7
1402920 1469.0
1402930 1461.2
1402940 1461.2
1402950 1455.4
1402960 1449.8
1402970 1449.8
1402980 1445.3
1402990 1441.2
1403000 1441.2
1403010 1435.0
1403020 1430.1
1403030 1430.1
1403040 1424.6
1403050 1416.7
1403060 1416.7
1403070 1409.6
1403080 1403.3
1403090 1403.3
1403100 1397.5
1403110 1391.9
1403120 1391.9
1403130 1388.8
1403140 1383.7
1403150 1383.7
1403160 1378.6
1403170 1373.9
1403180 1373.9
1403190 1369.3
1403200 1364.4
1403210 1360.0
1403220 1360.0
1403230 1355.6
1403240 1351.3
1403250 1351.3
1403260 1348.9
1403270 1347.0
1403280 1357.5
1403290 1353.2
1403300 1348.6
1403310 1348.6
1403320 1345.2
1403330 1341.7
1403340 1341.7
1403350 1338.7
1403360 1334.8
1403370 1334.8
1403380 1328.6
1403390 1322.4
1403400 1322.4
1403410 1317.5
1403420 1312.7
1403430 1312.7
1403440 1307.3
1403450 1301.8
1403460 1301.8
1403470 1296.9
1403480 1292.8
1403490 1292.8
1403500 1289.7
1403510 1285.8
1403520 1285.8
1403530 1279.6
1403540 1272.5
1403550 1272.5
1403560 1265.5
1403570 1260.8
1403580 1258.6
1403590 1258.6
1403600 1256.7
1403610 1255.1
1403620 1255.1
1403630 1254.1
1403640 1251.0
1403650 1251.0
1403660 1247.6
1403670 1243.9
1403680 1243.9
1403690 1240.7
1403700 1237.6
1403710 1237.6
1403720 1234.9
1403730 1233.0
1403740 1233.0
1403750 1231.0
1403760 1228.0
1403770 1228.0
1403780 1226.1
1403790 1228.4
1403800 1228.4
1403810 1229.1
1403820 1227.8
1403830 1227.8
1403840 1227.2
1403850 1227.3
1403860 1227.3
1403870 1225.9
1403880 1224.6
1403890 1224.6
1403900 1224.0
1403910 1222.2
1403920 1222.2
1403930 1220.1
1403940 1219.3
1403950 1218.0
1403960 1218.0
1403970 1213.3
1403980 1209.1
1403990 1209.1
1404000 1208.6
1404010 1211.9
1404020 1211.9
1404030 1218.2
1404040 1224.1
1404050 1224.1
1404060 1230.0
1404070 1235.9
1404080 1235.9
1404090 1241.7
1404100 1248.1
1404110 1248.1
1404120 1252.6
1404130 1258.9
1404140 1258.9
1404150 1266.1
1404160 1273.1
1404170 1273.1
1404180 1280.3
1404190 1286.9
1404200 1286.9
1404210 1292.5
1404220 1295.2
1404230 1295.2
1404240 1295.0
1404250 1292.9
1404260 1292.9
1404270 1289.4
1404280 1286.8
1404290 1286.8
1404300 1285.1
1404310 1283.8
1404320 1282.2
1404330 1282.2
1404340 1281.2
1404350 1280.2
1404360 1280.2
1404370 1279.2
1404380 1277.6
1404390 1277.6
1404400 1275.0
1404410 1271.7
1404420 1271.7
1404430 1268.1
1404440 1263.3
1404450 1263.3
1404460 1256.0
1404470 1246.0
1404480 1246.0
1404490 1232.1
1404500 1213.0
1404510 1213.0
1404520 1202.3
1404530 1193.4
1404540 1193.4
1404550 1185.4
1404560 1177.0
1404570 1177.0
1404580 1169.0
1404590 1162.0
1404600 1162.0
1404610 1155.7
1404620 1150.8
1404630 1150.8
1404640 1147.5
1404650 1146.1
1404660 1146.1
1404670 1145.9
1404680 1142.3
1404690 1135.8
1404700 1135.8
1404710 1129.4
1404720 1122.5
1404730 1122.5
1404740 1115.9
1404750 1109.5
1404760 1109.5
1404770 1103.4
1404780 1097.6
1404790 1097.6
1404800 1092.7
1404810 1088.9
1404820 1088.9
1404830 1085.6
1404840 1081.7
1404850 1081.7
1404860 1077.2
1404870 1076.1
1404880 1076.1
1404890 1075.1
1404900 1073.7
1404910 1073.7
1404920 1071.3
1404930 1067.0
1404940 1067.0
1404950 1063.4
1404960 1060.0
1404970 1060.0
1404980 1056.3
1404990 1053.4
1405000 1053.4
1405010 1051.1
1405020 1047.9
1405030 1047.9
1405040 1043.9
1405050 1043.6
1405060 1044.5
1405070 1044.5
1405080 1044.9
1405090 1044.2
1405100 1044.2
1405110 1042.8
1405120 1041.2
1405130 1041.2
1405140 1039.4
1405150 1037.9
1405160 1037.9
1405170 1037.2
1405180 1035.4
1405190 1035.4
1405200 1034.9
1405210 1034.7
1405220 1034.7
1405230 1035.5
1405240 1037.7
1405250 1037.7
1405260 1039.7
1405270 1041.7
1405280 1041.7
1405290 1044.1
1405300 1046.4
1405310 1046.4
1405320 1049.2
1405330 1051.8
1405340 1051.8
1405350 1054.9
1405360 1058.4
1405370 1058.4
1405380 1061.7
1405390 1065.9
1405400 1065.9
1405410 1071.0
1405420 1076.5
1405430 1082.4
1405440 1082.4
1405450 1088.4
1405460 1093.8
1405470 1093.8
1405480 1098.5
1405490 1102.2
1405500 1102.2
1405510 1106.9
1405520 1112.7
1405530 1112.7
1405540 1119.2
1405550 1126.0
1405560 1126.0
1405570 1132.6
1405580 1139.8
1405590 1139.8
1405600 1148.3
1405610 1156.6
1405620 1156.6
1405630 1164.8
1405640 1173.3
1405650 1173.3
1405660 1184.1
1405670 1207.7
1405680 1207.7
1405690 1229.4
1405700 1252.3
1405710 1252.3
1405720 1265.6
1405730 1277.4
1405740 1277.4
1405750 1282.4
1405760 1289.3
1405770 1289.3
1405780 1298.0
1405790 1307.3
1405800 1319.6
1405810 1319.6
1405820 1326.7
1405830 1334.1
1405840 1334.1
1405850 1339.1
1405860 1342.8
1405870 1342.8
1405880 1345.4
1405890 1346.5
1405900 1346.5
1405910 1347.7
1405920 1348.5
1405930 1348.5
1405940 1349.9
1405950 1351.6
1405960 1351.6
1405970 1353.1
1405980 1353.8
1405990 1353.8
1406000 1354.1
1406010 1355.0
1406020 1355.0
1406030 1355.5
1406040 1356.2
1406050 1356.2
1406060 1358.2
1406070 1358.8
1406080 1358.8
1406090 1358.2
1406100 1357.0
1406110 1357.0
1406120 1353.6
1406130 1349.3
1406140 1349.3
1406150 1346.0
1406160 1341.0
1406170 1337.0
1406180 1337.0
1406190 1332.6
1406200 1331.6
1406210 1331.6
1406220 1331.5
1406230 1338.3
1406240 1338.3
1406250 1340.4
1406260 1340.2
1406270 1340.2
1406280 1339.2
1406290 1337.2
1406300 1337.2
1406310 1335.7
1406320 1334.4
1406330 1334.4
1406340 1332.1
1406350 1325.9
1406360 1325.9
1406370 1324.3
1406380 1324.3
1406390 1324.3
1406400 1322.0
1406410 1317.2
1406420 1317.2
1406430 1316.0
1406440 1305.9
1406450 1305.9
1406460 1296.6
1406470 1288.5
1406480 1288.5
1406490 1284.6
1406500 1279.0
1406510 1279.0
1406520 1270.4
1406530 1263.1
1406540 1265.1
1406550 1265.1
1406560 1268.0
1406570 1268.7
1406580 1268.7
1406590 1270.1
1406600 1275.4
1406610 1275.4
1406620 1282.2
1406630 1285.9
1406640 1285.9
1406650 1287.3
1406660 1289.1
1406670 1289.1
1406680 1290.7
1406690 1291.8
1406700 1291.8
1406710 1292.0
1406720 1292.0
1406730 1292.0
1406740 1292.8
1406750 1296.9
1406760 1296.9
1406770 1302.6
1406780 1308.6
1406790 1308.6
1406800 1312.0
1406810 1314.6
1406820 1314.6
1406830 1315.2
1406840 1314.0
1406850 1314.0
1406860 1310.8
1406870 1308.0
1406880 1308.0
1406890 1305.4
1406900 1303.3
1406910 1302.0
1406920 1302.0
1406930 1300.4
1406940 1298.2
1406950 1298.2
1406960 1295.3
1406970 1290.9
1406980 1290.9
1406990 1285.3
1407000 1279.4
1407010 1279.4
1407020 1272.9
1407030 1266.7
1407040 1266.7
1407050 1262.0
1407060 1259.2
1407070 1259.2
1407080 1256.1
1407090 1251.1
1407100 1251.1
1407110 1244.2
1407120 1238.0
1407130 1238.0
1407140 1238.0
1407150 1238.9
1407160 1238.9
1407170 1242.1
1407180 1242.2
1407190 1242.2
1407200 1240.8
1407210 1240.6
1407220 1240.6
1407230 1238.5
1407240 1232.2
1407250 1232.2
1407260 1232.1
1407270 1234.2
1407280 1236.0
1407290 1236.0
1407300 1235.0
1407310 1231.3
1407320 1231.3
1407330 1226.3
1407340 1228.1
1407350 1228.1
1407360 1231.8
1407370 1239.2
1407380 1239.2
1407390 1243.4
1407400 1246.3
1407410 1246.3
1407420 1248.9
1407430 1254.4
1407440 1254.4
1407450 1260.5
1407460 1267.7
1407470 1267.7
1407480 1274.0
1407490 1281.4
1407500 1281.4
1407510 1290.7
1407520 1301.4
1407530 1301.4
1407540 1312.8
1407550 1319.6
1407560 1319.6
1407570 1322.0
1407580 1324.3
1407590 1324.3
1407600 1324.8
1407610 1327.9
1407620 1327.9
1407630 1332.3
1407640 1331.3
1407650 1333.8
1407660 1333.8
1407670 1342.8
1407680 1347.8
1407690 1347.8
1407700 1352.9
1407710 1358.6
1407720 1358.6
1407730 1365.6
1407740 1374.7
1407750 1374.7
1407760 1383.3
1407770 1388.7
1407780 1388.7
1407790 1392.1
1407800 1391.8
1407810 1391.8
1407820 1391.8
1407830 1393.4
1407840 1393.4
1407850 1395.0
1407860 1395.4
1407870 1395.4
1407880 1396.4
1407890 1398.0
1407900 1398.0
1407910 1399.8
1407920 1401.6
1407930 1401.6
1407940 1402.3
1407950 1401.5
1407960 1401.5
1407970 1398.1
1407980 1396.6
1407990 1396.6
1408000 1396.5
1408010 1399.5
1408020 1403.3
1408030 1403.3
1408040 1405.6
1408050 1403.8
1408060 1403.8
1408070 1405.1
1408080 1409.7
1408090 1409.7
1408100 1412.0
1408110 1414.2
1408120 1414.2
1408130 1416.6
1408140 1417.2
1408150 1425.7
1408160 1418.9
1408170 1410.5
1408180 1410.5
1408190 1400.2
1408200 1392.1
1408210 1392.1
1408220 1382.3
1408230 1371.2
1408240 1371.2
1408250 1366.2
1408260 1364.8
1408270 1364.8
1408280 1366.6
1408290 1366.5
1408300 1366.5
1408310 1367.8
1408320 1370.4
1408330 1370.4
1408340 1377.9
1408350 1389.5
1408360 1389.5
1408370 1398.0
1408380 1398.4
1408390 1399.0
1408400 1399.0
1408410 1398.4
1408420 1395.8
1408430 1395.8
1408440 1398.1
1408450 1410.1
1408460 1410.1
1408470 1430.4
1408480 1444.8
1408490 1444.8
1408500 1445.7
1408510 1440.5
1408520 1440.5
1408530 1434.0
1408540 1427.2
1408550 1427.2
1408560 1417.6
1408570 1407.1
1408580 1407.1
1408590 1401.9
1408600 1398.0
1408610 1398.0
1408620 1399.1
1408630 1394.2
1408640 1394.2
1408650 1389.2
1408660 1381.9
1408670 1381.9
1408680 1377.9
1408690 1375.5
1408700 1375.5
1408710 1372.9
1408720 1370.2
1408730 1370.2
1408740 1368.2
1408750 1365.6
1408760 1362.5
1408770 1362.5
1408780 1361.1
1408790 1362.7
1408800 1362.7
1408810 1359.9
1408820 1355.2
1408830 1355.2
1408840 1354.1
1408850 1356.3
1408860 1356.3
1408870 1358.0
1408880 1357.0
1408890 1357.0
1408900 1355.5
1408910 1355.0
1408920 1355.0
1408930 1354.0
1408940 1352.6
1408950 1352.6
1408960 1350.7
1408970 1349.1
1408980 1349.1
1408990 1348.6
1409000 1347.3
1409010 1347.3
1409020 1343.4
1409030 1343.8
1409040 1343.8
1409050 1351.4
1409060 1354.1
1409070 1354.1
1409080 1359.8
1409090 1359.1
1409100 1359.1
1409110 1356.8
1409120 1363.5
1409130 1367.9
1409140 1367.9
1409150 1368.8
1409160 1375.5
1409170 1375.5
1409180 1385.9
1409190 1391.7
1409200 1391.7
1409210 1398.3
1409220 1406.3
1409230 1406.3
1409240 1408.2
1409250 1411.7
1409260 1411.7
1409270 1409.2
1409280 1416.8
1409290 1416.8
1409300 1431.5
1409310 1442.9
1409320 1442.9
1409330 1446.3
1409340 1444.8
1409350 1444.8
1409360 1440.1
1409370 1433.5
1409380 1433.5
1409390 1429.3
1409400 1422.3
1409410 1422.3
1409420 1414.2
1409430 1409.0
1409440 1409.0
1409450 1407.1
1409460 1403.4
1409470 1403.4
1409480 1403.2
1409490 1411.7
1409500 1417.3
1409510 1417.3
1409520 1416.2
1409530 1412.4
1409540 1412.4
1409550 1408.3
1409560 1405.5
1409570 1405.5
1409580 1401.4
1409590 1394.8
1409600 1394.8
1409610 1387.4
1409620 1379.7
1409630 1379.7
1409640 1374.1
1409650 1377.8
1409660 1377.8
1409670 1375.6
1409680 1360.6
1409690 1360.6
1409700 1343.6
1409710 1350.1
1409720 1350.1
1409730 1356.4
1409740 1368.9
1409750 1368.9
1409760 1379.2
1409770 1398.1
1409780 1398.1
1409790 1431.7
1409800 1442.4
1409810 1442.4
1409820 1450.5
1409830 1457.4
1409840 1457.4
1409850 1459.6
1409860 1459.0
1409870 1459.6
1409880 1459.6
1409890 1460.5
1409900 1460.4
1409910 1460.4
1409920 1458.1
1409930 1454.4
1409940 1454.4
1409950 1451.3
1409960 1448.6
1409970 1448.6
1409980 1443.6
1409990 1440.0
1410000 1440.0
1410010 1432.3
1410020 1423.6
1410030 1423.6
1410040 1416.4
1410050 1407.7
1410060 1407.7
1410070 1401.8
1410080 1394.6
1410090 1394.6
1410100 1384.4
1410110 1376.2
1410120 1376.2
1410130 1365.7
1410140 1356.7
1410150 1356.7
1410160 1342.2
1410170 1322.8
1410180 1322.8
1410190 1308.7
1410200 1301.1
1410210 1301.1
1410220 1291.6
1410230 1280.9
1410240 1272.4
1410250 1272.4
1410260 1264.8
1410270 1258.7
1410280 1258.7
1410290 1247.1
1410300 1236.9
1410310 1236.9
1410320 1222.8
1410330 1212.2
1410340 1212.2
1410350 1201.9
1410360 1194.6
1410370 1194.6
1410380 1187.0
1410390 1178.7
1410400 1178.7
1410410 1167.1
1410420 1155.6
1410430 1155.6
1410440 1145.1
1410450 1133.9
1410460 1133.9
1410470 1125.5
1410480 1117.9
1410490 1117.9
1410500 1102.4
1410510 1068.4
1410520 1068.4
1410530 1040.6
1410540 1024.3
1410550 1024.3
1410560 1004.7
1410570 978.7
1410580 978.7
1410590 969.4
1410600 962.0
1410610 954.4
1410620 954.4
1410630 945.8
1410640 938.1
1410650 938.1
1410660 929.3
1410670 917.2
1410680 917.2
1410690 908.2
1410700 901.1
1410710 901.1
1410720 892.6
1410730 883.8
1410740 883.8
1410750 876.7
1410760 869.4
1410770 869.4
1410780 862.8
1410790 855.9
1410800 855.9
1410810 849.5
1410820 843.0
1410830 843.0
1410840 835.9
1410850 828.5
1410860 828.5
1410870 821.0
1410880 813.9
1410890 813.9
1410900 806.8
1410910 799.8
1410920 799.8
1410930 793.1
1410940 786.8
1410950 786.8
1410960 779.9
1410970 772.9
1410980 766.7
1410990 766.7
1411000 760.9
1411010 754.7
1411020 754.7
1411030 748.7
1411040 742.1
1411050 742.1
1411060 735.1
1411070 729.0
1411080 729.0
1411090 723.5
1411100 718.1
1411110 718.1
1411120 716.8
1411130 716.5
1411140 716.5
1411150 716.9
1411160 716.1
1411170 716.1
1411180 715.9
1411190 715.9
1411200 715.9
1411210 715.6
1411220 715.5
1411230 715.5
1411240 715.0
1411250 714.2
1411260 714.2
1411270 713.2
1411280 713.3
1411290 713.3
1411300 713.3
1411310 713.1
1411320 713.1
1411330 712.8
1411340 712.8
1411350 712.6
1411360 712.6
1411370 712.3
1411380 712.6
1411390 712.6
1411400 712.3
1411410 711.8
1411420 711.8
1411430 710.9
1411440 711.6
1411450 711.6
1411460 709.7
1411470 709.8
1411480 709.8
1411490 710.7
1411500 710.9
1411510 710.9
1411520 711.5
1411530 714.1
1411540 714.1
1411550 718.3
1411560 722.7
1411570 722.7
1411580 730.2
1411590 736.1
1411600 736.1
1411610 742.7
1411620 749.6
1411630 749.6
1411640 756.9
1411650 763.1
1411660 763.1
1411670 769.6
1411680 776.7
1411690 776.7
1411700 783.0
1411710 789.3
1411720 795.7
1411730 795.7
1411740 803.4
1411750 809.5
1411760 809.5
1411770 815.5
1411780 820.9
1411790 820.9
1411800 826.4
1411810 832.1
1411820 832.1
1411830 838.6
1411840 844.3
1411850 844.3
1411860 850.0
1411870 856.3
1411880 856.3
1411890 862.7
1411900 869.0
1411910 869.0
1411920 878.3
1411930 887.9
1411940 887.9
1411950 895.9
1411960 904.3
1411970 904.3
1411980 916.2
1411990 928.5
1412000 928.5
1412010 939.1
1412020 950.8
1412030 950.8
1412040 962.2
1412050 970.0
1412060 970.0
1412070 976.4
1412080 986.1
1412090 1005.3
1412100 1005.3
1412110 1019.8
1412120 1015.9
1412130 1015.9
1412140 1010.1
1412150 1004.2
1412160 1004.2
1412170 997.7
1412180 988.7
1412190 988.7
1412200 980.6
1412210 970.8
1412220 970.8
1412230 962.6
1412240 955.3
1412250 955.3
1412260 948.2
1412270 941.9
1412280 941.9
1412290 933.0
1412300 924.9
1412310 924.9
1412320 917.2
1412330 909.9
1412340 909.9
1412350 901.9
1412360 894.4
1412370 894.4
1412380 887.8
1412390 882.6
1412400 882.6
1412410 877.0
1412420 873.0
1412430 873.0
1412440 873.1
1412450 872.8
1412460 869.3
1412470 869.3
1412480 862.1
1412490 853.1
1412500 853.1
1412510 847.9
1412520 843.3
1412530 843.3
1412540 837.4
1412550 832.1
1412560 832.1
1412570 827.3
1412580 822.9
1412590 822.9
1412600 819.2
1412610 815.4
1412620 815.4
1412630 813.2
1412640 811.7
1412650 811.7
1412660 806.9
1412670 800.1
1412680 800.1
1412690 797.0
1412700 793.9
1412710 793.9
1412720 784.0
1412730 769.7
1412740 769.7
1412750 762.0
1412760 756.0
1412770 756.0
1412780 749.6
1412790 743.5
1412800 743.5
1412810 737.2
1412820 730.3
1412830 724.3
1412840 724.3
1412850 718.6
1412860 713.3
1412870 713.3
1412880 710.0
1412890 706.1
1412900 706.1
1412910 701.8
1412920 697.4
1412930 697.4
1412940 693.6
1412950 689.7
1412960 689.7
1412970 685.2
1412980 679.7
1412990 679.7
1413000 674.0
1413010 668.3
1413020 668.3
1413030 663.2
1413040 658.8
1413050 658.8
1413060 654.3
1413070 649.3
1413080 649.3
1413090 644.0
1413100 640.0
1413110 640.0
1413120 636.8
1413130 633.0
1413140 633.0
1413150 630.9
1413160 630.3
1413170 630.3
1413180 629.8
1413190 629.5
1413200 629.4
1413210 629.4
1413220 629.4
1413230 629.3
1413240 629.3
1413250 629.8
1413260 630.2
1413270 630.2
1413280 629.8
1413290 629.5
1413300 629.5
1413310 629.2
1413320 628.9
1413330 628.9
1413340 629.0
1413350 629.1
1413360 629.1
1413370 629.3
1413380 629.5
1413390 629.5
1413400 629.6
1413410 629.8
1413420 629.8
1413430 629.8
1413440 629.8
1413450 629.8
1413460 629.9
1413470 630.0
1413480 630.0
1413490 630.1
1413500 630.1
1413510 630.1
1413520 630.3
1413530 630.4
1413540 630.4
1413550 630.4
1413560 630.4
1413570 630.2
1413580 630.2
1413590 630.0
1413600 629.8
1413610 629.8
1413620 629.9
1413630 630.1
1413640 630.1
1413650 630.2
1413660 630.2
1413670 630.2
1413680 629.8
1413690 629.1
1413700 629.1
1413710 628.7
1413720 628.7
1413730 628.7
1413740 628.9
1413750 629.1
1413760 629.1
1413770 629.5
1413780 629.6
1413790 629.6
1413800 629.6
1413810 629.4
1413820 629.4
1413830 629.3
1413840 629.3
1413850 629.3
1413860 629.3
1413870 629.3
1413880 629.3
1413890 629.3
1413900 629.3
1413910 629.3
1413920 629.3
1413930 629.4
1413940 629.5
1413950 629.5
1413960 629.6
1413970 629.9
1413980 629.9
1413990 630.4
1414000 630.6
1414010 630.6
1414020 630.7
1414030 630.8
1414040 630.8
1414050 630.9
1414060 630.9
1414070 630.9
1414080 630.8
1414090 630.7
1414100 630.7
1414110 630.9
1414120 631.4
1414130 631.4
1414140 632.6
1414150 632.3
1414160 632.3
1414170 631.5
1414180 631.4
1414190 631.4
1414200 631.4
1414210 631.4
1414220 631.4
1414230 631.3
1414240 631.2
1414250 631.2
1414260 631.0
1414270 630.6
1414280 630.6
1414290 629.5
1414300 628.7
1414310 629.1
1414320 629.1
1414330 629.3
1414340 629.2
1414350 629.2
1414360 629.0
1414370 628.8
1414380 628.8
1414390 629.2
1414400 629.9
1414410 629.9
1414420 630.2
1414430 630.4
1414440 630.4
1414450 630.4
1414460 630.4
1414470 630.4
1414480 630.3
1414490 630.4
1414500 630.4
1414510 629.8
1414520 629.4
1414530 629.4
1414540 629.4
1414550 629.6
1414560 629.6
1414570 629.7
1414580 629.6
1414590 629.6
1414600 629.7
1414610 629.8
1414620 629.8
1414630 629.8
1414640 629.0
1414650 629.0
1414660 628.0
1414670 627.8
1414680 627.9
1414690 627.9
1414700 627.8
1414710 627.5
1414720 627.5
1414730 627.5
1414740 627.5
1414750 627.5
1414760 627.5
1414770 627.5
1414780 627.5
1414790 627.5
1414800 627.5
1414810 627.5
1414820 628.1
1414830 628.1
1414840 628.1
1414850 628.0
1414860 628.1
1414870 628.1
1414880 628.7
1414890 628.7
1414900 628.7
1414910 628.5
1414920 628.4
1414930 628.4
1414940 628.4
1414950 628.9
1414960 628.9
1414970 629.2
1414980 629.2
1414990 629.2
1415000 629.3
1415010 629.3
1415020 629.3
1415030 628.9
1415040 628.4
1415050 628.4
1415060 628.4
1415070 628.4
1415080 628.5
1415090 628.5
1415100 628.7
1415110 628.8
1415120 628.8
1415130 628.9
1415140 629.0
1415150 629.0
1415160 628.9
1415170 627.0
1415180 626.8
1415190 626.5
1415200 626.5
1415210 626.5
1415220 626.8
1415230 628.5
1415240 628.5
1415250 628.8
1415260 629.2
1415270 629.2
1415280 629.1
1415290 629.0
1415300 629.0
1415310 628.9
1415320 628.9
1415330 628.9
1415340 628.8
1415350 628.9
1415360 628.9
1415370 628.8
1415380 628.7
1415390 628.7
1415400 628.7
1415410 628.7
1415420 628.6
1415430 628.6
1415440 628.4
1415450 628.9
1415460 628.9
1415470 628.9
1415480 628.9
1415490 628.9
1415500 629.2
1415510 629.3
1415520 629.3
1415530 629.3
1415540 629.1
1415550 629.1
1415560 628.9
1415570 628.9
1415580 628.9
1415590 628.9
1415600 628.9
1415610 628.9
1415620 629.0
1415630 629.3
1415640 629.3
1415650 629.4
1415660 629.4
1415670 629.4
1415680 629.7
1415690 630.2
1415700 630.2
1415710 630.4
1415720 630.6
1415730 630.6
1415740 630.8
1415750 631.3
1415760 631.3
1415770 632.1
1415780 633.0
1415790 633.6
1415800 633.6
1415810 634.1
1415820 635.1
1415830 635.1
1415840 635.6
1415850 638.0
1415860 638.0
1415870 640.5
1415880 642.4
1415890 642.4
1415900 643.6
1415910 645.3
1415920 645.3
1415930 647.1
1415940 648.5
1415950 648.5
1415960 650.0
1415970 651.6
1415980 651.6
1415990 652.9
1416000 654.2
1416010 654.2
1416020 656.4
1416030 659.2
1416040 659.2
1416050 662.6
1416060 666.0
1416070 666.0
1416080 669.6
1416090 674.0
1416100 674.0
1416110 678.5
1416120 681.5
1416130 681.5
1416140 682.5
1416150 683.3
1416160 683.8
1416170 683.8
1416180 682.2
1416190 679.1
1416200 679.1
1416210 675.9
1416220 670.7
1416230 670.7
1416240 667.8
1416250 671.9
1416260 671.9
1416270 674.9
1416280 678.9
1416290 678.9
1416300 684.9
1416310 693.7
1416320 693.7
1416330 702.1
1416340 710.4
1416350 710.4
1416360 719.2
1416370 730.6
1416380 730.6
1416390 744.7
1416400 753.2
1416410 753.2
1416420 762.2
1416430 771.9
1416440 771.9
1416450 777.7
1416460 783.0
1416470 783.0
1416480 787.3
1416490 789.3
1416500 789.3
1416510 790.4
1416520 791.8
1416530 794.4
1416540 794.4
1416550 796.1
1416560 796.5
1416570 796.5
1416580 798.0
1416590 799.1
1416600 799.1
1416610 801.9
1416620 806.3
1416630 806.3
1416640 811.2
1416650 816.5
1416660 816.5
1416670 820.4
1416680 820.4
1416690 820.4
1416700 818.1
1416710 813.3
1416720 813.3
1416730 812.3
1416740 814.9
1416750 814.9
1416760 817.7
1416770 816.8
1416780 816.8
1416790 817.3
1416800 818.4
1416810 818.4
1416820 817.6
1416830 818.3
1416840 818.3
1416850 819.4
1416860 820.0
1416870 820.0
1416880 819.2
1416890 811.7
1416900 808.5
1416910 808.5
1416920 808.0
1416930 812.5
1416940 812.5
1416950 819.8
1416960 823.2
1416970 823.2
1416980 825.1
1416990 828.2
1417000 828.2
1417010 836.2
1417020 842.1
1417030 842.1
1417040 847.8
1417050 846.9
1417060 846.9
1417070 850.8
1417080 857.8
1417090 857.8
1417100 863.9
1417110 868.7
1417120 868.7
1417130 873.5
1417140 877.8
1417150 877.8
1417160 880.2
1417170 884.4
1417180 884.4
1417190 892.4
1417200 896.3
1417210 896.3
1417220 897.4
1417230 894.9
1417240 894.9
1417250 894.4
1417260 902.5
1417270 911.9
1417280 911.9
1417290 923.1
1417300 931.0
1417310 931.0
1417320 941.7
1417330 951.4
1417340 951.4
1417350 957.4
1417360 961.4
1417370 961.4
1417380 967.1
1417390 974.8
1417400 974.8
1417410 987.2
1417420 1000.4
1417430 1000.4
1417440 1009.2
1417450 1015.4
1417460 1015.4
1417470 1020.8
1417480 1027.0
1417490 1027.0
1417500 1033.9
1417510 1040.9
1417520 1040.9
1417530 1048.5
1417540 1055.8
1417550 1055.8
1417560 1062.2
1417570 1068.9
1417580 1068.9
1417590 1075.9
1417600 1082.7
1417610 1082.7
1417620 1087.6
1417630 1088.5
1417640 1092.8
1417650 1092.8
1417660 1097.7
1417670 1102.7
1417680 1102.7
1417690 1111.0
1417700 1121.5
1417710 1121.5
1417720 1133.1
1417730 1145.1
1417740 1145.1
1417750 1152.9
1417760 1157.6
1417770 1157.6
1417780 1162.1
1417790 1167.1
1417800 1167.1
1417810 1174.9
1417820 1183.5
1417830 1183.5
1417840 1194.4
1417850 1213.0
1417860 1213.0
1417870 1226.0
1417880 1236.1
1417890 1236.1
1417900 1245.0
1417910 1254.0
1417920 1254.0
1417930 1271.2
1417940 1290.4
1417950 1290.4
1417960 1303.9
1417970 1311.6
1417980 1311.6
1417990 1320.8
1418000 1333.6
1418010 1346.5
1418020 1346.5
1418030 1362.9
1418040 1377.3
1418050 1377.3
1418060 1388.2
1418070 1397.5
1418080 1397.5
1418090 1411.7
1418100 1418.0
1418110 1418.0
1418120 1424.4
1418130 1440.0
1418140 1440.0
1418150 1460.8
1418160 1473.9
1418170 1473.9
1418180 1492.6
1418190 1506.1
1418200 1506.1
1418210 1513.4
1418220 1521.5
1418230 1521.5
1418240 1528.8
1418250 1535.6
1418260 1535.6
1418270 1542.5
1418280 1550.4
1418290 1550.4
1418300 1561.0
1418310 1570.0
1418320 1570.0
1418330 1578.2
1418340 1583.8
1418350 1583.8
1418360 1586.6
1418370 1582.4
1418380 1578.0
1418390 1578.0
1418400 1571.3
1418410 1563.9
1418420 1563.9
1418430 1559.5
1418440 1556.9
1418450 1556.9
1418460 1555.4
1418470 1553.1
1418480 1553.1
1418490 1551.1
1418500 1548.2
1418510 1548.2
1418520 1546.1
1418530 1546.5
1418540 1546.5
1418550 1544.6
1418560 1538.6
1418570 1538.6
1418580 1535.0
1418590 1532.2
1418600 1532.2
1418610 1530.0
1418620 1529.8
1418630 1529.8
1418640 1528.7
1418650 1520.0
1418660 1520.0
1418670 1512.1
1418680 1507.3
1418690 1507.3
1418700 1504.8
1418710 1501.2
1418720 1501.2
1418730 1499.1
1418740 1498.9
1418750 1497.2
1418760 1497.2
1418770 1492.0
1418780 1489.4
1418790 1489.4
1418800 1488.5
1418810 1482.9
1418820 1482.9
1418830 1480.1
1418840 1481.2
1418850 1481.2
1418860 1482.0
1418870 1483.7
1418880 1483.7
1418890 1484.5
1418900 1485.8
1418910 1485.8
1418920 1489.8
1418930 1491.4
1418940 1491.4
1418950 1493.5
1418960 1495.1
1418970 1490.8
1418980 1491.7
1418990 1490.7
1419000 1490.7
1419010 1488.8
1419020 1486.6
1419030 1486.6
1419040 1483.5
1419050 1481.9
1419060 1481.9
1419070 1482.6
1419080 1484.7
1419090 1484.7
1419100 1485.5
1419110 1487.6
1419120 1489.1
1419130 1489.1
1419140 1491.7
1419150 1495.8
1419160 1495.8
1419170 1500.3
1419180 1505.0
1419190 1505.0
1419200 1510.0
1419210 1515.2
1419220 1515.2
1419230 1520.3
1419240 1525.6
1419250 1525.6
1419260 1530.8
1419270 1534.6
1419280 1534.6
1419290 1538.5
1419300 1542.1
1419310 1542.1
1419320 1546.6
1419330 1551.8
1419340 1551.8
1419350 1554.7
1419360 1554.0
1419370 1554.0
1419380 1553.2
1419390 1555.6
1419400 1555.6
1419410 1557.7
1419420 1559.2
1419430 1559.2
1419440 1561.4
1419450 1560.6
1419460 1560.6
1419470 1558.3
1419480 1556.3
1419490 1552.5
1419500 1552.5
1419510 1547.2
1419520 1539.9
1419530 1539.9
1419540 1530.8
1419550 1524.7
1419560 1524.7
1419570 1518.8
1419580 1513.8
1419590 1513.8
1419600 1509.0
1419610 1497.2
1419620 1497.2
1419630 1487.4
1419640 1483.2
1419650 1483.2
1419660 1479.4
1419670 1471.1
1419680 1471.1
1419690 1453.5
1419700 1432.4
1419710 1432.4
1419720 1423.7
1419730 1414.5
1419740 1414.5
1419750 1394.5
1419760 1374.2
1419770 1374.2
1419780 1358.5
1419790 1346.3
1419800 1346.3
1419810 1336.6
1419820 1328.1
1419830 1328.1
1419840 1320.2
1419850 1313.0
1419860 1305.4
1419870 1305.4
1419880 1296.8
1419890 1285.7
1419900 1285.7
1419910 1274.3
1419920 1265.9
1419930 1265.9
1419940 1258.7
1419950 1250.0
1419960 1250.0
1419970 1242.7
1419980 1236.0
1419990 1236.0
