1400000 930.2
1400010 933.6
1400020 935.9
1400030 935.9
1400040 937.3
1400050 937.7
1400060 937.7
1400070 937.3
1400080 937.6
1400090 937.6
1400100 940.3
1400110 942.7
1400120 942.7
1400130 944.9
1400140 946.8
1400150 946.8
1400160 947.6
1400170 947.7
1400180 947.7
1400190 947.5
1400200 947.3
1400210 946.7
1400220 946.7
1400230 946.2
1400240 944.7
1400250 944.7
1400260 942.5
1400270 940.2
1400280 940.2
1400290 938.7
1400300 940.3
1400310 940.3
1400320 937.6
1400330 934.9
1400340 934.9
1400350 932.1
1400360 930.6
1400370 930.6
1400380 930.9
1400390 928.9
1400400 928.9
1400410 925.0
1400420 921.1
1400430 921.1
1400440 920.1
1400450 921.0
1400460 921.0
1400470 919.4
1400480 917.9
1400490 917.9
1400500 917.1
1400510 915.5
1400520 915.5
1400530 913.2
1400540 911.6
1400550 911.6
1400560 909.9
1400570 907.0
1400580 907.0
1400590 904.2
1400600 901.5
1400610 898.5
1400620 898.5
1400630 896.1
1400640 896.1
1400650 896.1
1400660 895.3
1400670 894.4
1400680 894.4
1400690 890.8
1400700 885.5
1400710 885.5
1400720 884.2
1400730 885.3
1400740 885.3
1400750 881.8
1400760 876.9
1400770 876.9
1400780 872.5
1400790 867.9
1400800 867.9
1400810 864.0
1400820 863.6
1400830 863.6
1400840 860.2
1400850 856.7
1400860 856.7
1400870 850.9
1400880 844.6
1400890 844.6
1400900 845.6
1400910 845.5
1400920 845.5
1400930 842.5
1400940 838.3
1400950 838.3
1400960 836.1
1400970 833.5
1400980 829.3
1400990 829.3
1401000 825.5
1401010 825.0
1401020 825.0
1401030 824.7
1401040 822.6
1401050 822.6
1401060 818.9
1401070 813.8
1401080 813.8
1401090 808.6
1401100 807.4
1401110 807.4
1401120 807.6
1401130 807.7
1401140 807.7
1401150 805.6
1401160 803.5
1401170 803.5
1401180 805.7
1401190 806.3
1401200 806.3
1401210 807.6
1401220 808.0
1401230 808.0
1401240 807.6
1401250 807.4
1401260 807.4
1401270 806.8
1401280 806.0
1401290 806.0
1401300 805.5
1401310 805.0
1401320 805.0
1401330 804.6
1401340 804.1
1401350 803.5
1401360 803.5
1401370 803.1
1401380 802.6
1401390 802.6
1401400 801.9
1401410 802.3
1401420 802.3
1401430 805.4
1401440 809.4
1401450 809.4
1401460 814.8
1401470 819.2
1401480 819.2
1401490 822.8
1401500 825.4
1401510 825.4
1401520 828.1
1401530 829.8
1401540 829.8
1401550 830.1
1401560 830.3
1401570 830.3
1401580 834.1
1401590 839.1
1401600 839.1
1401610 847.3
1401620 854.7
1401630 854.7
1401640 861.5
1401650 868.1
1401660 868.1
1401670 874.1
1401680 879.9
1401690 879.9
1401700 883.5
1401710 885.9
1401720 886.1
1401730 886.1
1401740 882.6
1401750 878.5
1401760 878.5
1401770 877.0
1401780 884.3
1401790 884.3
1401800 898.9
1401810 908.6
1401820 908.6
1401830 915.7
1401840 925.5
1401850 925.5
1401860 935.0
1401870 944.6
1401880 944.6
1401890 952.9
1401900 960.9
1401910 960.9
1401920 966.7
1401930 970.6
1401940 970.6
1401950 972.8
1401960 975.6
1401970 975.6
1401980 980.4
1401990 986.4
1402000 986.4
1402010 992.5
1402020 999.4
1402030 999.4
1402040 1004.5
1402050 1008.6
1402060 1008.6
1402070 1012.5
1402080 1016.6
1402090 1020.4
1402100 1020.4
1402110 1023.7
1402120 1024.8
1402130 1024.8
1402140 1024.8
1402150 1027.8
1402160 1027.8
1402170 1029.6
1402180 1034.4
1402190 1034.4
1402200 1042.5
1402210 1049.1
1402220 1049.1
1402230 1055.2
1402240 1062.4
1402250 1062.4
1402260 1068.3
1402270 1073.2
1402280 1073.2
1402290 1077.9
1402300 1079.3
1402310 1079.3
1402320 1079.5
1402330 1080.4
1402340 1080.4
1402350 1081.5
1402360 1082.3
1402370 1082.3
1402380 1084.3
1402390 1086.4
1402400 1086.4
1402410 1085.8
1402420 1084.9
1402430 1084.9
1402440 1086.0
1402450 1086.7
1402460 1086.2
1402470 1086.2
1402480 1086.8
1402490 1087.8
1402500 1087.8
1402510 1088.9
1402520 1088.0
1402530 1088.0
1402540 1087.2
1402550 1087.3
1402560 1087.3
1402570 1087.3
1402580 1087.5
1402590 1087.5
1402600 1086.4
1402610 1085.4
1402620 1085.4
1402630 1085.0
1402640 1084.2
1402650 1084.2
1402660 1083.4
1402670 1082.7
1402680 1082.7
1402690 1081.7
1402700 1080.0
1402710 1080.0
1402720 1078.8
1402730 1078.0
1402740 1078.0
1402750 1076.8
1402760 1075.5
1402770 1075.5
1402780 1073.0
1402790 1068.3
1402800 1068.3
1402810 1062.2
1402820 1057.0
1402830 1053.9
1402840 1053.9
1402850 1049.5
1402860 1043.5
1402870 1043.5
1402880 1038.3
1402890 1035.5
1402900 1035.5
1402910 1032.8
1402920 1026.5
1402930 1026.5
1402940 1020.2
1402950 1014.4
1402960 1014.4
1402970 1008.0
1402980 999.8
1402990 999.8
1403000 1000.7
1403010 1006.8
1403020 1006.8
1403030 1011.5
1403040 1011.0
1403050 1011.0
1403060 1008.5
1403070 1005.7
1403080 1005.7
1403090 1003.8
1403100 1002.2
1403110 1002.2
1403120 1000.7
1403130 1000.4
1403140 1000.4
1403150 1000.3
1403160 1000.1
1403170 1000.1
1403180 995.4
1403190 990.5
1403200 988.4
1403210 988.4
1403220 987.0
1403230 987.0
1403240 987.0
1403250 993.9
1403260 1002.5
1403270 1002.5
1403280 1008.6
1403290 1016.6
1403300 1016.6
1403310 1022.4
1403320 1024.7
1403330 1024.7
1403340 1028.2
1403350 1032.4
1403360 1032.4
1403370 1032.9
1403380 1027.5
1403390 1030.9
1403400 1027.5
1403410 1026.8
1403420 1026.8
1403430 1022.9
1403440 1017.9
1403450 1017.9
1403460 1014.8
1403470 1012.6
1403480 1012.6
1403490 1010.4
1403500 1008.9
1403510 1008.9
1403520 1008.5
1403530 1009.7
1403540 1009.7
1403550 1010.1
1403560 1010.6
1403570 1011.6
1403580 1011.6
1403590 1012.9
1403600 1013.7
1403610 1013.7
1403620 1016.1
1403630 1017.8
1403640 1017.8
1403650 1018.5
1403660 1018.6
1403670 1018.6
1403680 1017.9
1403690 1017.0
1403700 1017.0
1403710 1018.4
1403720 1018.8
1403730 1018.8
1403740 1018.4
1403750 1017.0
1403760 1017.0
1403770 1020.0
1403780 1020.8
1403790 1020.8
1403800 1020.7
1403810 1021.5
1403820 1021.5
1403830 1022.4
1403840 1023.5
1403850 1023.5
1403860 1025.0
1403870 1027.0
1403880 1027.0
1403890 1029.4
1403900 1032.4
1403910 1032.4
1403920 1033.3
1403930 1030.7
1403940 1030.7
1403950 1027.0
1403960 1023.9
1403970 1022.5
1403980 1022.5
1403990 1022.2
1404000 1015.9
1404010 1015.9
1404020 1005.1
1404030 1017.3
1404040 1017.3
1404050 1030.9
1404060 1037.4
1404070 1037.4
1404080 1041.8
1404090 1045.5
1404100 1045.5
1404110 1049.2
1404120 1052.1
1404130 1052.1
1404140 1054.6
1404150 1055.3
1404160 1055.3
1404170 1054.9
1404180 1053.8
1404190 1053.8
1404200 1051.4
1404210 1048.6
1404220 1048.6
1404230 1046.4
1404240 1045.8
1404250 1045.8
1404260 1045.4
1404270 1046.4
1404280 1046.4
1404290 1047.5
1404300 1047.2
1404310 1047.2
1404320 1049.3
1404330 1049.7
1404340 1048.7
1404350 1048.7
1404360 1047.1
1404370 1045.7
1404380 1045.7
1404390 1044.5
1404400 1043.5
1404410 1043.5
1404420 1042.0
1404430 1040.5
1404440 1040.5
1404450 1039.2
1404460 1037.4
1404470 1037.4
1404480 1035.0
1404490 1032.0
1404500 1032.0
1404510 1028.8
1404520 1026.0
1404530 1026.0
1404540 1022.8
1404550 1020.1
1404560 1020.1
1404570 1020.5
1404580 1022.0
1404590 1022.0
1404600 1022.0
1404610 1019.6
1404620 1019.6
1404630 1014.2
1404640 1010.1
1404650 1010.1
1404660 1005.0
1404670 1001.1
1404680 1001.1
1404690 996.1
1404700 990.3
1404710 984.6
1404720 984.6
1404730 979.7
1404740 975.5
1404750 975.5
1404760 969.1
1404770 961.7
1404780 961.7
1404790 954.8
1404800 951.3
1404810 951.3
1404820 951.2
1404830 951.2
1404840 951.2
1404850 951.5
1404860 951.9
1404870 951.9
1404880 951.3
1404890 946.4
1404900 946.4
1404910 940.0
1404920 933.8
1404930 933.8
1404940 928.9
1404950 924.4
1404960 924.4
1404970 920.6
1404980 922.9
1404990 922.9
1405000 921.9
1405010 920.4
1405020 920.4
1405030 914.3
1405040 909.2
1405050 909.2
1405060 906.4
1405070 907.0
1405080 911.2
1405090 911.2
1405100 915.8
1405110 919.0
1405120 919.0
1405130 924.0
1405140 932.4
1405150 932.4
1405160 940.4
1405170 943.8
1405180 943.8
1405190 947.7
1405200 952.0
1405210 952.0
1405220 955.1
1405230 957.4
1405240 957.4
1405250 958.9
1405260 959.4
1405270 959.4
1405280 959.2
1405290 959.0
1405300 959.0
1405310 959.4
1405320 959.9
1405330 959.9
1405340 960.3
1405350 960.6
1405360 960.6
1405370 960.7
1405380 961.3
1405390 961.3
1405400 961.7
1405410 960.8
1405420 960.8
1405430 959.0
1405440 958.1
1405450 958.0
1405460 958.0
1405470 957.9
1405480 958.3
1405490 958.3
1405500 958.3
1405510 956.4
1405520 956.4
1405530 956.1
1405540 956.7
1405550 956.7
1405560 956.0
1405570 955.7
1405580 955.7
1405590 955.2
1405600 954.8
1405610 954.8
1405620 958.4
1405630 961.7
1405640 961.7
1405650 962.4
1405660 960.8
1405670 960.8
1405680 959.9
1405690 959.6
1405700 959.6
1405710 959.7
1405720 956.9
1405730 956.9
1405740 953.0
1405750 945.9
1405760 945.9
1405770 939.4
1405780 936.3
1405790 936.3
1405800 933.5
1405810 931.2
1405820 925.9
1405830 925.9
1405840 923.8
1405850 918.8
1405860 918.8
1405870 903.1
1405880 889.4
1405890 889.4
1405900 878.4
1405910 872.5
1405920 872.5
1405930 884.2
1405940 894.3
1405950 894.3
1405960 899.1
1405970 902.3
1405980 902.3
1405990 905.5
1406000 909.1
1406010 909.1
1406020 917.2
1406030 921.3
1406040 921.3
1406050 921.8
1406060 923.8
1406070 923.8
1406080 926.0
1406090 927.9
1406100 927.9
1406110 928.8
1406120 929.1
1406130 929.1
1406140 926.0
1406150 919.8
1406160 919.8
1406170 914.0
1406180 908.4
1406190 902.2
1406200 902.2
1406210 903.9
1406220 894.4
1406230 894.4
1406240 882.9
1406250 875.4
1406260 875.4
1406270 882.1
1406280 898.1
1406290 898.1
1406300 902.3
1406310 905.6
1406320 905.6
1406330 910.9
1406340 916.6
1406350 916.6
1406360 922.4
1406370 927.7
1406380 927.7
1406390 932.3
1406400 935.0
1406410 935.0
1406420 936.2
1406430 936.6
1406440 936.6
1406450 935.2
1406460 932.0
1406470 932.0
1406480 930.0
1406490 928.3
1406500 928.3
1406510 925.5
1406520 921.4
1406530 921.4
1406540 914.7
1406550 912.3
1406560 920.0
1406570 920.0
1406580 925.0
1406590 925.6
1406600 925.6
1406610 931.4
1406620 930.9
1406630 930.9
1406640 932.4
1406650 935.7
1406660 935.7
1406670 939.2
1406680 943.5
1406690 943.5
1406700 948.6
1406710 952.8
1406720 952.8
1406730 956.7
1406740 959.8
1406750 959.8
1406760 962.1
1406770 963.4
1406780 963.4
1406790 965.9
1406800 973.3
1406810 973.3
1406820 978.7
1406830 980.1
1406840 980.1
1406850 981.3
1406860 985.9
1406870 985.9
1406880 990.5
1406890 992.3
1406900 992.3
1406910 992.8
1406920 993.2
1406930 993.0
1406940 993.0
1406950 991.3
1406960 990.1
1406970 990.1
1406980 991.9
1406990 994.3
1407000 994.3
1407010 997.0
1407020 998.1
1407030 998.1
1407040 1000.0
1407050 1004.0
1407060 1004.0
1407070 1008.3
1407080 1010.8
1407090 1010.8
1407100 1012.6
1407110 1014.7
1407120 1014.7
1407130 1016.4
1407140 1017.6
1407150 1017.6
1407160 1018.9
1407170 1019.5
1407180 1019.5
1407190 1019.7
1407200 1019.8
1407210 1019.8
1407220 1019.5
1407230 1016.0
1407240 1016.0
1407250 1010.4
1407260 1005.4
1407270 1005.4
1407280 1001.7
1407290 994.4
1407300 984.6
1407310 984.6
1407320 975.0
1407330 967.1
1407340 967.1
1407350 959.3
1407360 958.5
1407370 958.5
1407380 962.9
1407390 967.3
1407400 967.3
1407410 970.3
1407420 974.4
1407430 974.4
1407440 980.0
1407450 987.8
1407460 987.8
1407470 994.6
1407480 999.1
1407490 999.1
1407500 1001.1
1407510 1000.2
1407520 1000.2
1407530 999.3
1407540 996.1
1407550 996.1
1407560 994.2
1407570 994.3
1407580 994.3
1407590 992.7
1407600 991.4
1407610 991.4
1407620 990.8
1407630 985.3
1407640 985.3
1407650 980.1
1407660 973.8
1407670 973.8
1407680 969.3
1407690 967.9
1407700 967.5
1407710 967.5
1407720 967.9
1407730 969.6
1407740 969.6
1407750 972.4
1407760 974.3
1407770 974.3
1407780 974.9
1407790 979.3
1407800 979.3
1407810 986.0
1407820 993.7
1407830 993.7
1407840 999.1
1407850 1002.6
1407860 1002.6
1407870 1004.6
1407880 1006.4
1407890 1006.4
1407900 1004.6
1407910 1000.8
1407920 1000.8
1407930 999.0
1407940 1001.6
1407950 1001.6
1407960 999.5
1407970 994.5
1407980 994.5
1407990 992.2
1408000 993.5
1408010 993.5
1408020 990.6
1408030 983.1
1408040 983.1
1408050 975.7
1408060 976.2
1408070 978.6
1408080 978.6
1408090 983.0
1408100 987.5
1408110 987.5
1408120 987.1
1408130 985.0
1408140 985.0
1408150 986.8
1408160 989.6
1408170 989.6
1408180 988.7
1408190 987.9
1408200 987.9
1408210 984.5
1408220 984.0
1408230 984.0
1408240 987.2
1408250 987.8
1408260 987.8
1408270 990.1
1408280 990.2
1408290 990.2
1408300 992.2
1408310 992.8
1408320 992.8
1408330 991.2
1408340 986.0
1408350 986.0
1408360 979.4
1408370 972.6
1408380 972.6
1408390 965.4
1408400 951.9
1408410 951.9
1408420 950.8
1408430 955.2
1408440 963.8
1408450 963.8
1408460 972.6
1408470 974.9
1408480 974.9
1408490 977.5
1408500 979.1
1408510 979.1
1408520 975.4
1408530 969.8
1408540 969.8
1408550 963.6
1408560 957.8
1408570 957.8
1408580 955.9
1408590 956.6
1408600 956.6
1408610 957.6
1408620 956.0
1408630 956.0
1408640 950.2
1408650 945.9
1408660 945.9
1408670 946.9
1408680 949.8
1408690 949.8
1408700 951.0
1408710 953.3
1408720 953.3
1408730 957.2
1408740 959.0
1408750 959.0
1408760 959.2
1408770 954.3
1408780 954.3
1408790 946.4
1408800 936.9
1408810 927.9
1408820 927.9
1408830 920.7
1408840 917.4
1408850 917.4
1408860 918.2
1408870 919.8
1408880 919.8
1408890 922.5
1408900 923.2
1408910 923.2
1408920 925.7
1408930 929.9
1408940 929.9
1408950 933.3
1408960 932.9
1408970 932.9
1408980 927.7
1408990 921.9
1409000 921.9
1409010 920.3
1409020 923.2
1409030 923.2
1409040 926.6
1409050 930.0
1409060 930.0
1409070 933.7
1409080 936.6
1409090 936.6
1409100 937.8
1409110 938.2
1409120 938.2
1409130 937.0
1409140 935.6
1409150 935.6
1409160 935.9
1409170 934.9
1409180 932.0
1409190 932.0
1409200 928.4
1409210 926.0
1409220 926.0
1409230 920.2
1409240 912.5
1409250 912.5
1409260 904.1
1409270 896.2
1409280 896.2
1409290 889.0
1409300 882.4
1409310 882.4
1409320 875.7
1409330 869.7
1409340 869.7
1409350 870.3
1409360 871.4
1409370 871.4
1409380 874.4
1409390 878.7
1409400 878.7
1409410 882.4
1409420 882.8
1409430 882.8
1409440 879.4
1409450 873.5
1409460 873.5
1409470 866.1
1409480 868.1
1409490 868.1
1409500 872.7
1409510 873.9
1409520 873.9
1409530 876.0
1409540 875.1
1409550 869.9
1409560 869.9
1409570 863.9
1409580 861.2
1409590 861.2
1409600 859.1
1409610 855.6
1409620 855.6
1409630 850.8
1409640 842.8
1409650 842.8
1409660 837.2
1409670 838.6
1409680 838.6
1409690 839.1
1409700 838.0
1409710 838.0
1409720 837.7
1409730 839.6
1409740 839.6
1409750 843.2
1409760 846.1
1409770 846.1
1409780 846.0
1409790 843.6
1409800 843.6
1409810 843.8
1409820 844.5
1409830 844.5
1409840 838.1
1409850 830.3
1409860 830.3
1409870 826.4
1409880 825.1
1409890 825.1
1409900 825.1
1409910 826.7
1409920 828.7
1409930 828.7
1409940 830.8
1409950 831.5
1409960 831.5
1409970 834.7
1409980 833.2
1409990 833.2
1410000 834.2
1410010 831.3
1410020 831.3
1410030 826.7
1410040 823.7
1410050 823.7
1410060 824.1
1410070 824.0
1410080 824.0
1410090 823.0
1410100 826.6
1410110 826.6
1410120 831.2
1410130 832.3
1410140 832.3
1410150 831.8
1410160 829.3
1410170 829.3
1410180 826.5
1410190 825.9
1410200 825.9
1410210 826.1
1410220 825.6
1410230 825.6
1410240 824.5
1410250 824.8
1410260 824.8
1410270 826.1
1410280 825.3
1410290 822.9
1410300 822.9
1410310 821.4
1410320 820.0
1410330 820.0
1410340 820.1
1410350 819.3
1410360 819.3
1410370 818.3
1410380 818.7
1410390 818.7
1410400 820.5
1410410 823.4
1410420 823.4
1410430 820.9
1410440 818.2
1410450 818.2
1410460 817.7
1410470 819.3
1410480 819.3
1410490 823.1
1410500 825.8
1410510 825.8
1410520 827.3
1410530 830.4
1410540 830.4
1410550 833.5
1410560 836.1
1410570 836.1
1410580 838.2
1410590 839.1
1410600 839.1
1410610 842.5
1410620 844.9
1410630 844.9
1410640 846.1
1410650 845.2
1410660 843.4
1410670 843.4
1410680 842.9
1410690 843.8
1410700 843.8
1410710 842.9
1410720 842.2
1410730 842.2
1410740 843.5
1410750 842.1
1410760 842.1
1410770 841.1
1410780 839.3
1410790 839.3
1410800 837.6
1410810 836.5
1410820 836.5
1410830 834.7
1410840 832.4
1410850 832.4
1410860 830.6
1410870 829.0
1410880 829.0
1410890 828.2
1410900 826.6
1410910 826.6
1410920 823.0
1410930 816.7
1410940 816.7
1410950 810.2
1410960 805.6
1410970 805.6
1410980 806.1
1410990 807.3
1411000 807.3
1411010 808.0
1411020 809.4
1411030 809.4
1411040 809.0
1411050 803.4
1411060 797.2
1411070 797.2
1411080 791.0
1411090 784.3
1411100 784.3
1411110 777.6
1411120 770.7
1411130 770.7
1411140 764.2
1411150 759.0
1411160 759.0
1411170 755.7
1411180 752.5
1411190 752.5
1411200 747.4
1411210 741.7
1411220 741.7
1411230 734.9
1411240 728.4
1411250 728.4
1411260 722.3
1411270 717.0
1411280 717.0
1411290 710.7
1411300 704.8
1411310 704.8
1411320 701.0
1411330 699.2
1411340 699.2
1411350 697.2
1411360 695.2
1411370 695.2
1411380 694.4
1411390 695.5
1411400 695.5
1411410 692.2
1411420 688.0
1411430 685.7
1411440 685.7
1411450 683.4
1411460 680.0
1411470 680.0
1411480 677.4
1411490 675.7
1411500 675.7
1411510 675.1
1411520 675.3
1411530 675.3
1411540 675.7
1411550 676.6
1411560 676.6
1411570 680.3
1411580 686.3
1411590 686.3
1411600 688.8
1411610 690.6
1411620 690.6
1411630 691.8
1411640 693.2
1411650 693.2
1411660 696.0
1411670 699.2
1411680 699.2
1411690 702.4
1411700 707.1
1411710 704.7
1411720 710.6
1411730 716.1
1411740 716.1
1411750 721.8
1411760 727.5
1411770 727.5
1411780 732.9
1411790 739.9
1411800 747.6
1411810 747.6
1411820 757.7
1411830 766.6
1411840 766.6
1411850 771.3
1411860 772.9
1411870 772.9
1411880 773.8
1411890 773.8
1411900 773.8
1411910 774.1
1411920 775.2
1411930 775.2
1411940 776.7
1411950 777.3
1411960 777.3
1411970 777.7
1411980 776.9
1411990 776.9
1412000 775.9
1412010 775.1
1412020 775.1
1412030 774.5
1412040 773.3
1412050 773.3
1412060 771.0
1412070 768.4
1412080 768.4
1412090 765.2
1412100 761.3
1412110 761.3
1412120 756.8
1412130 752.9
1412140 752.9
1412150 749.4
1412160 746.3
1412170 744.0
1412180 744.0
1412190 741.3
1412200 739.7
1412210 739.7
1412220 737.7
1412230 735.1
1412240 735.1
1412250 730.4
1412260 726.0
1412270 726.0
1412280 721.9
1412290 717.2
1412300 717.2
1412310 712.4
1412320 708.0
1412330 708.0
1412340 703.9
1412350 699.7
1412360 699.7
1412370 695.7
1412380 692.1
1412390 692.1
1412400 689.9
1412410 686.9
1412420 686.9
1412430 681.9
1412440 677.0
1412450 677.0
1412460 672.7
1412470 668.3
1412480 668.3
1412490 663.9
1412500 659.4
1412510 659.4
1412520 653.7
1412530 648.3
1412540 643.2
1412550 643.2
1412560 638.2
1412570 633.5
1412580 633.5
1412590 630.5
1412600 629.3
1412610 629.3
1412620 628.6
1412630 628.5
1412640 628.5
1412650 628.6
1412660 628.6
1412670 628.6
1412680 628.5
1412690 628.2
1412700 628.2
1412710 626.7
1412720 626.1
1412730 626.1
1412740 626.3
1412750 626.1
1412760 626.1
1412770 625.8
1412780 625.7
1412790 625.7
1412800 625.8
1412810 627.0
1412820 627.0
1412830 628.4
1412840 628.6
1412850 628.6
1412860 628.6
1412870 628.5
1412880 628.5
1412890 628.3
1412900 628.3
1412910 628.3
1412920 628.3
1412930 628.5
1412940 628.7
1412950 628.7
1412960 628.7
1412970 628.7
1412980 628.7
1412990 628.7
1413000 629.0
1413010 629.0
1413020 629.1
1413030 629.3
1413040 629.3
1413050 629.8
1413060 630.2
1413070 630.2
1413080 630.6
1413090 630.8
1413100 630.8
1413110 631.0
1413120 631.0
1413130 631.0
1413140 631.1
1413150 631.0
1413160 631.0
1413170 631.1
1413180 631.2
1413190 631.2
1413200 631.3
1413210 631.3
1413220 631.3
1413230 631.0
1413240 630.6
1413250 630.6
1413260 630.4
1413270 630.9
1413280 631.3
1413290 631.3
1413300 631.5
1413310 631.6
1413320 631.6
1413330 631.7
1413340 631.6
1413350 631.6
1413360 631.5
1413370 631.4
1413380 631.4
1413390 631.4
1413400 631.4
1413410 631.4
1413420 631.2
1413430 631.2
1413440 631.2
1413450 631.3
1413460 631.0
1413470 631.0
1413480 630.5
1413490 630.8
1413500 630.8
1413510 630.6
1413520 630.0
1413530 630.0
1413540 629.6
1413550 629.7
1413560 629.7
1413570 629.4
1413580 629.1
1413590 629.1
1413600 628.9
1413610 629.0
1413620 629.0
1413630 629.3
1413640 629.4
1413650 629.5
1413660 629.5
1413670 629.0
1413680 628.2
1413690 628.2
1413700 628.9
1413710 629.3
1413720 629.3
1413730 629.6
1413740 629.7
1413750 629.7
1413760 629.7
1413770 629.7
1413780 629.7
1413790 629.7
1413800 629.7
1413810 629.7
1413820 629.7
1413830 629.8
1413840 629.8
1413850 629.8
1413860 629.8
1413870 629.8
1413880 629.8
1413890 629.7
1413900 629.7
1413910 629.7
1413920 629.8
1413930 629.8
1413940 629.8
1413950 629.8
1413960 629.8
1413970 629.8
1413980 629.9
1413990 629.9
1414000 628.8
1414010 627.7
1414020 627.7
1414030 627.7
1414040 627.7
1414050 627.7
1414060 627.7
1414070 627.6
1414080 627.3
1414090 627.3
1414100 627.2
1414110 627.1
1414120 627.1
1414130 627.2
1414140 627.1
1414150 627.1
1414160 627.0
1414170 626.6
1414180 626.6
1414190 625.3
1414200 624.5
1414210 624.5
1414220 624.6
1414230 624.4
1414240 624.4
1414250 624.4
1414260 624.6
1414270 624.6
1414280 624.6
1414290 624.6
1414300 624.6
1414310 624.7
1414320 624.8
1414330 624.8
1414340 624.7
1414350 624.5
1414360 624.5
1414370 624.4
1414380 624.4
1414390 624.4
1414400 624.3
1414410 624.3
1414420 624.5
1414430 624.5
1414440 624.4
1414450 624.3
1414460 624.3
1414470 624.6
1414480 624.8
1414490 624.8
1414500 624.8
1414510 624.8
1414520 624.8
1414530 625.0
1414540 625.0
1414550 625.0
1414560 625.1
1414570 625.1
1414580 625.1
1414590 625.1
1414600 625.2
1414610 625.2
1414620 625.2
1414630 625.1
1414640 625.1
1414650 625.0
1414660 624.8
1414670 624.8
1414680 624.6
1414690 623.3
1414700 623.3
1414710 622.5
1414720 622.5
1414730 622.5
1414740 623.3
1414750 626.5
1414760 626.5
1414770 632.6
1414780 637.6
1414790 641.5
1414800 641.5
1414810 646.0
1414820 650.6
1414830 650.6
1414840 655.8
1414850 661.1
1414860 661.1
1414870 666.6
1414880 671.8
1414890 671.8
1414900 675.9
1414910 680.0
1414920 680.0
1414930 684.0
1414940 687.8
1414950 687.8
1414960 691.3
1414970 694.8
1414980 694.8
1414990 698.9
1415000 703.5
1415010 703.5
1415020 708.5
1415030 713.7
1415040 713.7
1415050 718.8
1415060 724.4
1415070 724.4
1415080 729.6
1415090 733.8
1415100 733.8
1415110 738.0
1415120 742.4
1415130 742.4
1415140 747.1
1415150 751.7
1415160 756.2
1415170 756.2
1415180 760.7
1415190 764.7
1415200 764.7
1415210 768.1
1415220 771.9
1415230 771.9
1415240 775.6
1415250 779.6
1415260 779.6
1415270 784.4
1415280 789.9
1415290 789.9
1415300 795.3
1415310 801.2
1415320 797.5
1415330 804.0
1415340 809.3
1415350 809.3
1415360 811.9
1415370 817.8
1415380 817.8
1415390 826.8
1415400 828.9
1415410 828.9
1415420 833.6
1415430 839.6
1415440 839.6
1415450 845.3
1415460 851.4
1415470 851.4
1415480 860.0
1415490 863.9
1415500 863.9
1415510 871.5
1415520 881.1
1415530 891.4
1415540 891.4
1415550 909.3
1415560 920.7
1415570 920.7
1415580 923.2
1415590 925.0
1415600 925.0
1415610 923.7
1415620 922.2
1415630 922.2
1415640 919.5
1415650 917.3
1415660 917.3
1415670 917.2
1415680 917.9
1415690 917.9
1415700 916.9
1415710 919.1
1415720 919.1
1415730 922.3
1415740 928.0
1415750 928.0
1415760 935.8
1415770 945.6
1415780 945.6
1415790 962.3
1415800 996.0
1415810 996.0
1415820 1000.8
1415830 1004.3
1415840 1004.3
1415850 1011.9
1415860 1018.6
1415870 1018.6
1415880 1020.7
1415890 1024.5
1415900 1029.7
1415910 1029.7
1415920 1033.4
1415930 1034.9
1415940 1034.9
1415950 1034.9
1415960 1032.7
1415970 1032.7
1415980 1022.7
1415990 1013.3
1416000 1013.3
1416010 1013.5
1416020 1016.4
1416030 1016.4
1416040 1022.7
1416050 1029.6
1416060 1029.6
1416070 1030.9
1416080 1024.7
1416090 1024.7
1416100 1018.3
1416110 1012.9
1416120 1012.9
1416130 1008.1
1416140 1002.9
1416150 1002.9
1416160 997.7
1416170 991.5
1416180 991.5
1416190 984.9
1416200 976.9
1416210 976.9
1416220 967.5
1416230 959.0
1416240 959.0
1416250 954.4
1416260 954.6
1416270 949.3
1416280 949.3
1416290 941.9
1416300 934.5
1416310 934.5
1416320 929.7
1416330 933.7
1416340 933.7
1416350 941.4
1416360 947.7
1416370 947.7
1416380 953.7
1416390 960.4
1416400 960.4
1416410 968.4
1416420 976.3
1416430 976.3
1416440 984.4
1416450 992.9
1416460 992.9
1416470 1002.2
1416480 1010.5
1416490 1010.5
1416500 1015.3
1416510 1012.4
1416520 1012.4
1416530 1003.8
1416540 994.5
1416550 994.5
1416560 984.9
1416570 984.0
1416580 984.0
1416590 988.2
1416600 993.7
1416610 993.7
1416620 1000.3
1416630 1006.0
1416640 1006.2
1416650 1006.2
1416660 1005.1
1416670 1003.9
1416680 1003.9
1416690 1001.6
1416700 1000.4
1416710 1000.4
1416720 1001.0
1416730 998.4
1416740 998.4
1416750 994.1
1416760 1001.7
1416770 1001.7
1416780 1009.4
1416790 1017.7
1416800 1017.7
1416810 1025.3
1416820 1033.1
1416830 1033.1
1416840 1041.2
1416850 1048.1
1416860 1048.1
1416870 1056.1
1416880 1063.7
1416890 1063.7
1416900 1071.5
1416910 1077.9
1416920 1077.9
1416930 1084.4
1416940 1090.5
1416950 1090.5
1416960 1098.6
1416970 1107.6
1416980 1107.6
1416990 1120.5
1417000 1124.6
1417010 1127.3
1417020 1127.3
1417030 1133.5
1417040 1141.7
1417050 1141.7
1417060 1147.2
1417070 1149.5
1417080 1149.5
1417090 1153.9
1417100 1158.3
1417110 1158.3
1417120 1162.6
1417130 1165.5
1417140 1165.5
1417150 1168.9
1417160 1172.4
1417170 1172.4
1417180 1175.9
1417190 1173.5
1417200 1173.5
1417210 1176.1
1417220 1176.9
1417230 1176.9
1417240 1181.4
1417250 1188.8
1417260 1188.8
1417270 1196.3
1417280 1203.5
1417290 1203.5
1417300 1210.8
1417310 1218.4
1417320 1218.4
1417330 1227.9
1417340 1238.7
1417350 1238.7
1417360 1249.2
1417370 1255.1
1417380 1259.9
1417390 1259.9
1417400 1265.8
1417410 1271.4
1417420 1271.4
1417430 1272.7
1417440 1270.3
1417450 1270.3
1417460 1271.1
1417470 1274.1
1417480 1274.1
1417490 1275.7
1417500 1279.2
1417510 1279.2
1417520 1283.4
1417530 1283.4
1417540 1283.4
1417550 1281.7
1417560 1280.7
1417570 1280.7
1417580 1279.5
1417590 1278.6
1417600 1278.6
1417610 1279.0
1417620 1284.3
1417630 1284.3
1417640 1287.3
1417650 1289.7
1417660 1289.7
1417670 1292.3
1417680 1296.0
1417690 1296.0
1417700 1298.8
1417710 1300.3
1417720 1300.3
1417730 1306.2
1417740 1311.7
1417750 1311.7
1417760 1315.2
1417770 1318.5
1417780 1320.7
1417790 1320.7
1417800 1322.1
1417810 1324.3
1417820 1324.3
1417830 1327.9
1417840 1330.6
1417850 1330.6
1417860 1331.2
1417870 1331.9
1417880 1331.9
1417890 1334.1
1417900 1335.3
1417910 1335.3
1417920 1333.4
1417930 1328.9
1417940 1328.9
1417950 1325.4
1417960 1322.4
1417970 1322.4
1417980 1319.4
1417990 1316.9
1418000 1316.9
1418010 1314.2
1418020 1310.9
1418030 1310.9
1418040 1307.9
1418050 1305.0
1418060 1305.0
1418070 1299.2
1418080 1296.0
1418090 1296.0
1418100 1294.4
1418110 1293.1
1418120 1293.1
1418130 1294.8
1418140 1298.3
1418150 1299.3
1418160 1299.3
1418170 1301.3
1418180 1303.8
1418190 1303.8
1418200 1305.5
1418210 1308.2
1418220 1308.2
1418230 1311.0
1418240 1312.2
1418250 1312.2
1418260 1312.0
1418270 1309.4
1418280 1309.4
1418290 1307.1
1418300 1307.4
1418310 1307.4
1418320 1306.3
1418330 1303.6
1418340 1303.6
1418350 1301.5
1418360 1297.3
1418370 1297.3
1418380 1291.5
1418390 1290.2
1418400 1290.2
1418410 1296.1
1418420 1297.3
1418430 1297.3
1418440 1296.9
1418450 1294.2
1418460 1294.2
1418470 1292.4
1418480 1292.9
1418490 1292.9
1418500 1295.1
1418510 1297.9
1418520 1299.5
1418530 1299.5
1418540 1301.7
1418550 1305.3
1418560 1305.3
1418570 1308.6
1418580 1311.5
1418590 1311.5
1418600 1314.8
1418610 1318.5
1418620 1318.5
1418630 1322.5
1418640 1326.4
1418650 1326.4
1418660 1330.3
1418670 1334.1
1418680 1334.1
1418690 1337.7
1418700 1342.1
1418710 1342.1
1418720 1346.5
1418730 1350.6
1418740 1350.6
1418750 1355.3
1418760 1360.0
1418770 1360.0
1418780 1365.5
1418790 1372.3
1418800 1372.3
1418810 1378.5
1418820 1383.1
1418830 1383.1
1418840 1388.5
1418850 1396.4
1418860 1396.4
1418870 1403.1
1418880 1409.3
1418890 1415.4
1418900 1415.4
1418910 1420.8
1418920 1425.6
1418930 1425.6
1418940 1430.6
1418950 1436.7
1418960 1436.7
1418970 1442.1
1418980 1448.1
1418990 1448.1
1419000 1453.8
1419010 1460.7
1419020 1460.7
1419030 1468.1
1419040 1474.3
1419050 1474.3
1419060 1482.0
1419070 1490.3
1419080 1490.3
1419090 1501.6
1419100 1508.9
1419110 1503.3
1419120 1510.6
1419130 1518.5
1419140 1518.5
1419150 1525.3
1419160 1532.5
1419170 1532.5
1419180 1539.3
1419190 1544.7
1419200 1544.7
1419210 1549.1
1419220 1553.2
1419230 1553.2
1419240 1557.3
1419250 1560.7
1419260 1563.4
1419270 1563.4
1419280 1565.0
1419290 1566.3
1419300 1566.3
1419310 1562.3
1419320 1555.8
1419330 1555.8
1419340 1550.5
1419350 1545.2
1419360 1545.2
1419370 1536.6
1419380 1530.5
1419390 1530.5
1419400 1525.3
1419410 1521.2
1419420 1521.2
1419430 1518.9
1419440 1517.6
1419450 1517.6
1419460 1517.4
1419470 1517.8
1419480 1517.8
1419490 1519.0
1419500 1524.1
1419510 1524.1
1419520 1529.0
1419530 1534.5
1419540 1534.5
1419550 1541.5
1419560 1551.6
1419570 1551.6
1419580 1558.3
1419590 1564.2
1419600 1564.2
1419610 1570.5
1419620 1576.1
1419630 1580.0
1419640 1580.0
1419650 1581.2
1419660 1582.0
1419670 1582.0
1419680 1584.3
1419690 1587.9
1419700 1587.9
1419710 1592.3
1419720 1595.9
1419730 1595.9
1419740 1597.7
1419750 1584.1
1419760 1584.1
1419770 1565.0
1419780 1549.6
1419790 1549.6
1419800 1540.4
1419810 1531.3
1419820 1531.3
1419830 1522.3
1419840 1514.1
1419850 1514.1
1419860 1506.2
1419870 1498.2
1419880 1498.2
1419890 1490.0
1419900 1482.2
1419910 1482.2
1419920 1472.7
1419930 1463.2
1419940 1463.2
1419950 1454.2
1419960 1447.0
1419970 1447.0
1419980 1439.9
1419990 1432.5
