1400000 764.5
1400010 765.4
1400020 766.6
1400030 766.6
1400040 767.9
1400050 769.5
1400060 769.5
1400070 771.2
1400080 772.0
1400090 772.0
1400100 771.8
1400110 772.3
1400120 772.7
1400130 772.7
1400140 772.7
1400150 772.5
1400160 772.5
1400170 772.4
1400180 771.8
1400190 771.8
1400200 770.8
1400210 770.2
1400220 770.2
1400230 769.4
1400240 768.6
1400250 768.6
1400260 768.3
1400270 768.1
1400280 768.1
1400290 767.6
1400300 767.8
1400310 767.8
1400320 767.9
1400330 768.6
1400340 768.6
1400350 770.0
1400360 771.3
1400370 771.3
1400380 772.0
1400390 773.0
1400400 773.0
1400410 774.3
1400420 775.3
1400430 775.3
1400440 775.7
1400450 775.2
1400460 775.2
1400470 774.5
1400480 774.3
1400490 775.4
1400500 775.4
1400510 775.2
1400520 774.9
1400530 774.9
1400540 773.7
1400550 769.3
1400560 769.3
1400570 770.5
1400580 772.8
1400590 772.8
1400600 772.1
1400610 771.7
1400620 771.7
1400630 771.5
1400640 771.7
1400650 771.7
1400660 773.0
1400670 774.0
1400680 774.0
1400690 775.0
1400700 775.6
1400710 775.6
1400720 775.2
1400730 773.7
1400740 773.7
1400750 771.7
1400760 770.3
1400770 770.3
1400780 769.5
1400790 769.0
1400800 769.0
1400810 768.9
1400820 768.5
1400830 768.5
1400840 767.8
1400850 766.8
1400860 766.8
1400870 765.9
1400880 765.2
1400890 765.0
1400900 765.0
1400910 765.0
1400920 765.0
1400930 765.0
1400940 765.0
1400950 765.2
1400960 765.2
1400970 765.4
1400980 765.1
1400990 765.1
1401000 764.2
1401010 763.6
1401020 763.6
1401030 763.3
1401040 763.0
1401050 763.0
1401060 762.7
1401070 762.7
1401080 762.7
1401090 762.7
1401100 762.5
1401110 762.5
1401120 762.2
1401130 761.8
1401140 761.8
1401150 761.4
1401160 761.2
1401170 761.2
1401180 761.0
1401190 760.9
1401200 760.9
1401210 760.6
1401220 760.1
1401230 760.1
1401240 759.9
1401250 759.9
1401260 759.7
1401270 759.7
1401280 759.3
1401290 758.9
1401300 758.9
1401310 759.2
1401320 759.0
1401330 759.0
1401340 758.8
1401350 758.7
1401360 758.7
1401370 758.5
1401380 758.2
1401390 758.2
1401400 758.2
1401410 758.0
1401420 758.0
1401430 758.0
1401440 758.0
1401450 758.0
1401460 757.8
1401470 757.7
1401480 757.7
1401490 757.6
1401500 757.3
1401510 757.3
1401520 757.2
1401530 757.2
1401540 757.2
1401550 757.1
1401560 756.9
1401570 756.9
1401580 756.9
1401590 756.9
1401600 756.9
1401610 756.9
1401620 756.9
1401630 756.8
1401640 756.8
1401650 756.7
1401660 756.6
1401670 756.6
1401680 756.6
1401690 756.6
1401700 756.6
1401710 756.5
1401720 756.4
1401730 756.4
1401740 756.4
1401750 756.4
1401760 756.4
1401770 756.3
1401780 756.1
1401790 756.1
1401800 756.2
1401810 756.4
1401820 756.4
1401830 756.5
1401840 756.3
1401850 756.3
1401860 756.0
1401870 755.9
1401880 755.9
1401890 755.8
1401900 755.6
1401910 755.6
1401920 755.5
1401930 755.4
1401940 755.4
1401950 755.3
1401960 755.2
1401970 755.2
1401980 755.1
1401990 755.1
1402000 755.1
1402010 755.1
1402020 754.9
1402030 754.7
1402040 754.7
1402050 754.6
1402060 754.4
1402070 754.4
1402080 754.4
1402090 754.4
1402100 754.4
1402110 754.5
1402120 754.6
1402130 754.6
1402140 754.6
1402150 754.5
1402160 754.5
1402170 754.6
1402180 754.6
1402190 754.6
1402200 754.5
1402210 754.4
1402220 754.4
1402230 754.3
1402240 754.2
1402250 754.2
1402260 754.2
1402270 754.2
1402280 754.2
1402290 754.1
1402300 754.0
1402310 754.0
1402320 753.9
1402330 753.7
1402340 753.7
1402350 753.6
1402360 753.4
1402370 753.4
1402380 753.3
1402390 753.2
1402400 753.3
1402410 753.3
1402420 753.2
1402430 753.0
1402440 753.0
1402450 752.9
1402460 752.8
1402470 752.8
1402480 752.8
1402490 752.7
1402500 752.7
1402510 752.7
1402520 752.7
1402530 752.7
1402540 752.6
1402550 752.4
1402560 752.4
1402570 752.2
1402580 752.1
1402590 752.1
1402600 752.1
1402610 752.0
1402620 752.0
1402630 751.8
1402640 751.7
1402650 751.7
1402660 751.7
1402670 751.7
1402680 751.7
1402690 751.9
1402700 751.8
1402710 751.8
1402720 751.6
1402730 751.5
1402740 751.5
1402750 750.9
1402760 750.7
1402770 750.7
1402780 750.7
1402790 750.6
1402800 750.6
1402810 750.6
1402820 750.6
1402830 750.5
1402840 750.5
1402850 750.6
1402860 751.1
1402870 751.1
1402880 751.0
1402890 750.6
1402900 750.6
1402910 750.5
1402920 750.5
1402930 750.5
1402940 750.5
1402950 750.5
1402960 750.5
1402970 750.6
1402980 750.5
1402990 750.5
1403000 750.5
1403010 750.6
1403020 750.6
1403030 750.5
1403040 750.5
1403050 750.5
1403060 750.0
1403070 750.2
1403080 750.2
1403090 749.4
1403100 749.8
1403110 749.8
1403120 749.7
1403130 749.6
1403140 749.6
1403150 749.3
1403160 749.5
1403170 749.5
1403180 749.5
1403190 749.7
1403200 749.8
1403210 749.8
1403220 749.9
1403230 749.8
1403240 749.8
1403250 749.8
1403260 749.6
1403270 749.6
1403280 749.6
1403290 749.5
1403300 749.5
1403310 749.5
1403320 749.4
1403330 749.4
1403340 749.3
1403350 749.2
1403360 749.2
1403370 749.1
1403380 749.2
1403390 749.2
1403400 749.3
1403410 749.2
1403420 749.2
1403430 749.1
1403440 749.0
1403450 749.0
1403460 748.9
1403470 748.9
1403480 748.9
1403490 748.9
1403500 748.8
1403510 748.8
1403520 748.8
1403530 748.7
1403540 748.7
1403550 748.7
1403560 748.7
1403570 748.7
1403580 748.6
1403590 748.7
1403600 748.7
1403610 748.7
1403620 748.6
1403630 748.5
1403640 748.5
1403650 748.4
1403660 748.4
1403670 748.4
1403680 748.3
1403690 748.3
1403700 748.3
1403710 748.3
1403720 748.3
1403730 748.3
1403740 748.2
1403750 748.2
1403760 748.2
1403770 748.1
1403780 748.1
1403790 748.1
1403800 748.1
1403810 748.1
1403820 748.1
1403830 748.0
1403840 748.0
1403850 748.0
1403860 748.0
1403870 748.0
1403880 748.0
1403890 748.0
1403900 748.0
1403910 747.9
1403920 747.9
1403930 747.7
1403940 747.7
1403950 747.7
1403960 747.7
1403970 748.0
1403980 748.0
1403990 748.1
1404000 748.2
1404010 748.2
1404020 748.5
1404030 748.7
1404040 748.7
1404050 748.8
1404060 748.9
1404070 748.9
1404080 749.2
1404090 749.3
1404100 749.3
1404110 749.4
1404120 749.5
1404130 749.5
1404140 749.5
1404150 749.4
1404160 749.4
1404170 749.2
1404180 749.2
1404190 749.2
1404200 749.2
1404210 749.1
1404220 749.1
1404230 749.1
1404240 748.8
1404250 748.8
1404260 748.6
1404270 748.6
1404280 748.2
1404290 748.2
1404300 748.5
1404310 749.1
1404320 749.1
1404330 749.7
1404340 749.7
1404350 749.7
1404360 749.3
1404370 748.7
1404380 748.7
1404390 748.7
1404400 749.3
1404410 749.3
1404420 749.8
1404430 750.3
1404440 750.3
1404450 750.5
1404460 750.3
1404470 750.3
1404480 749.9
1404490 749.0
1404500 749.0
1404510 748.2
1404520 747.8
1404530 747.8
1404540 747.6
1404550 747.5
1404560 747.5
1404570 747.6
1404580 747.6
1404590 747.6
1404600 747.5
1404610 747.5
1404620 747.5
1404630 747.5
1404640 747.5
1404650 747.5
1404660 747.6
1404670 747.8
1404680 748.1
1404690 748.1
1404700 748.0
1404710 747.9
1404720 747.9
1404730 747.9
1404740 747.7
1404750 747.7
1404760 747.8
1404770 747.8
1404780 747.8
1404790 747.6
1404800 747.5
1404810 747.5
1404820 747.5
1404830 747.3
1404840 747.3
1404850 747.2
1404860 747.2
1404870 747.2
1404880 747.1
1404890 747.1
1404900 747.1
1404910 747.1
1404920 747.0
1404930 747.0
1404940 746.9
1404950 746.8
1404960 746.8
1404970 746.8
1404980 746.7
1404990 746.7
1405000 746.7
1405010 746.8
1405020 746.8
1405030 746.7
1405040 746.6
1405050 746.5
1405060 746.5
1405070 746.5
1405080 746.4
1405090 746.4
1405100 746.4
1405110 746.5
1405120 746.5
1405130 746.5
1405140 746.4
1405150 746.4
1405160 746.4
1405170 746.4
1405180 746.3
1405190 746.3
1405200 746.4
1405210 746.4
1405220 747.0
1405230 748.1
1405240 748.1
1405250 749.0
1405260 750.2
1405270 750.2
1405280 752.8
1405290 754.4
1405300 754.4
1405310 756.5
1405320 759.0
1405330 759.0
1405340 761.3
1405350 763.7
1405360 763.7
1405370 765.4
1405380 766.3
1405390 766.3
1405400 767.2
1405410 768.4
1405420 770.1
1405430 770.1
1405440 771.3
1405450 772.8
1405460 772.8
1405470 774.6
1405480 776.0
1405490 776.0
1405500 778.5
1405510 781.2
1405520 781.2
1405530 783.5
1405540 785.7
1405550 785.7
1405560 787.9
1405570 790.6
1405580 790.6
1405590 793.4
1405600 795.7
1405610 795.7
1405620 798.1
1405630 800.6
1405640 800.6
1405650 802.6
1405660 805.2
1405670 805.2
1405680 807.7
1405690 810.1
1405700 810.1
1405710 812.6
1405720 815.5
1405730 815.5
1405740 818.8
1405750 821.3
1405760 821.3
1405770 823.7
1405780 825.2
1405790 825.2
1405800 826.7
1405810 827.6
1405820 829.0
1405830 829.0
1405840 830.9
1405850 832.7
1405860 832.7
1405870 834.4
1405880 836.1
1405890 836.1
1405900 837.4
1405910 837.3
1405920 837.3
1405930 836.5
1405940 837.6
1405950 837.6
1405960 839.3
1405970 840.9
1405980 840.9
1405990 842.1
1406000 843.4
1406010 843.4
1406020 845.9
1406030 849.2
1406040 849.2
1406050 852.3
1406060 855.5
1406070 855.5
1406080 858.4
1406090 860.8
1406100 860.8
1406110 863.5
1406120 866.3
1406130 866.3
1406140 867.9
1406150 870.5
1406160 870.5
1406170 874.6
1406180 877.0
1406190 879.2
1406200 879.2
1406210 881.4
1406220 883.8
1406230 883.8
1406240 887.7
1406250 892.6
1406260 892.6
1406270 896.1
1406280 898.7
1406290 898.7
1406300 901.1
1406310 903.2
1406320 903.2
1406330 906.7
1406340 910.4
1406350 910.4
1406360 912.9
1406370 914.2
1406380 914.2
1406390 915.0
1406400 916.2
1406410 916.2
1406420 918.0
1406430 919.7
1406440 919.7
1406450 920.7
1406460 920.6
1406470 920.6
1406480 919.0
1406490 918.6
1406500 918.6
1406510 921.9
1406520 929.8
1406530 929.8
1406540 936.1
1406550 937.6
1406560 939.9
1406570 939.9
1406580 941.9
1406590 943.9
1406600 943.9
1406610 945.7
1406620 946.8
1406630 946.8
1406640 945.7
1406650 944.6
1406660 944.6
1406670 944.4
1406680 944.6
1406690 944.6
1406700 945.0
1406710 947.4
1406720 947.4
1406730 949.3
1406740 951.1
1406750 951.1
1406760 952.7
1406770 952.2
1406780 952.2
1406790 948.2
1406800 942.5
1406810 937.7
1406820 935.1
1406830 937.7
1406840 937.7
1406850 943.7
1406860 949.9
1406870 949.9
1406880 955.0
1406890 959.1
1406900 959.1
1406910 964.6
1406920 970.6
1406930 974.7
1406940 974.7
1406950 976.3
1406960 976.9
1406970 976.9
1406980 975.6
1406990 972.0
1407000 972.0
1407010 968.7
1407020 966.7
1407030 966.7
1407040 965.0
1407050 960.2
1407060 960.2
1407070 959.5
1407080 963.3
1407090 963.3
1407100 966.1
1407110 965.9
1407120 965.9
1407130 962.8
1407140 959.9
1407150 959.9
1407160 959.6
1407170 966.3
1407180 966.3
1407190 974.8
1407200 982.1
1407210 982.1
1407220 987.4
1407230 990.5
1407240 990.5
1407250 991.0
1407260 990.3
1407270 990.3
1407280 989.9
1407290 990.0
1407300 990.0
1407310 989.8
1407320 989.5
1407330 989.4
1407340 989.4
1407350 988.2
1407360 985.8
1407370 985.8
1407380 984.3
1407390 983.1
1407400 983.1
1407410 980.5
1407420 977.6
1407430 977.6
1407440 975.1
1407450 973.3
1407460 973.3
1407470 973.2
1407480 976.2
1407490 976.2
1407500 982.8
1407510 989.2
1407520 989.2
1407530 994.7
1407540 997.9
1407550 997.9
1407560 999.8
1407570 997.6
1407580 997.6
1407590 994.2
1407600 990.7
1407610 990.7
1407620 984.7
1407630 978.0
1407640 978.0
1407650 973.4
1407660 972.3
1407670 972.3
1407680 971.5
1407690 973.7
1407700 975.5
1407710 975.5
1407720 977.5
1407730 977.3
1407740 977.3
1407750 974.5
1407760 975.2
1407770 975.2
1407780 980.9
1407790 988.3
1407800 988.3
1407810 995.0
1407820 995.1
1407830 995.1
1407840 996.7
1407850 997.1
1407860 997.1
1407870 985.6
1407880 976.8
1407890 976.8
1407900 976.5
1407910 980.3
1407920 980.3
1407930 985.7
1407940 991.8
1407950 991.8
1407960 996.3
1407970 999.7
1407980 999.7
1407990 1003.5
1408000 1005.9
1408010 1005.9
1408020 1009.5
1408030 1016.5
1408040 1016.5
1408050 1024.4
1408060 1034.2
1408070 1045.4
1408080 1045.4
1408090 1052.7
1408100 1056.7
1408110 1056.7
1408120 1058.5
1408130 1058.2
1408140 1058.2
1408150 1060.2
1408160 1064.7
1408170 1064.7
1408180 1070.9
1408190 1082.8
1408200 1082.8
1408210 1101.9
1408220 1112.0
1408230 1112.0
1408240 1119.0
1408250 1122.6
1408260 1122.6
1408270 1123.8
1408280 1123.5
1408290 1123.5
1408300 1122.7
1408310 1122.1
1408320 1122.1
1408330 1122.2
1408340 1120.9
1408350 1120.9
1408360 1120.0
1408370 1120.8
1408380 1120.8
1408390 1122.9
1408400 1126.2
1408410 1126.2
1408420 1130.2
1408430 1134.1
1408440 1134.1
1408450 1138.7
1408460 1142.7
1408470 1146.6
1408480 1140.4
1408490 1146.0
1408500 1147.2
1408510 1147.2
1408520 1144.8
1408530 1145.8
1408540 1145.8
1408550 1145.4
1408560 1147.5
1408570 1147.5
1408580 1151.0
1408590 1154.8
1408600 1154.8
1408610 1157.9
1408620 1161.0
1408630 1161.0
1408640 1162.1
1408650 1165.5
1408660 1165.5
1408670 1176.8
1408680 1193.5
1408690 1193.5
1408700 1204.7
1408710 1214.2
1408720 1214.2
1408730 1226.0
1408740 1246.1
1408750 1246.1
1408760 1254.2
1408770 1252.1
1408780 1252.1
1408790 1249.0
1408800 1243.3
1408810 1243.3
1408820 1218.9
1408830 1199.7
1408840 1188.4
1408850 1188.4
1408860 1181.2
1408870 1173.5
1408880 1173.5
1408890 1168.0
1408900 1165.7
1408910 1165.7
1408920 1165.4
1408930 1166.9
1408940 1166.9
1408950 1174.2
1408960 1183.5
1408970 1183.5
1408980 1189.8
1408990 1194.3
1409000 1194.3
1409010 1197.9
1409020 1201.1
1409030 1201.1
1409040 1203.8
1409050 1205.7
1409060 1205.7
1409070 1207.1
1409080 1208.2
1409090 1208.2
1409100 1208.9
1409110 1210.4
1409120 1210.4
1409130 1210.8
1409140 1209.7
1409150 1209.7
1409160 1208.3
1409170 1206.4
1409180 1206.4
1409190 1203.8
1409200 1201.6
1409210 1199.6
1409220 1199.6
1409230 1197.8
1409240 1197.6
1409250 1197.6
1409260 1197.4
1409270 1197.2
1409280 1197.2
1409290 1197.6
1409300 1198.6
1409310 1198.6
1409320 1200.8
1409330 1203.9
1409340 1203.9
1409350 1211.5
1409360 1234.5
1409370 1234.5
1409380 1242.6
1409390 1246.1
1409400 1246.1
1409410 1258.5
1409420 1266.4
1409430 1266.4
1409440 1267.6
1409450 1276.6
1409460 1276.6
1409470 1289.2
1409480 1281.7
1409490 1281.7
1409500 1277.5
1409510 1292.1
1409520 1292.1
1409530 1286.4
1409540 1318.0
1409550 1318.0
1409560 1361.5
1409570 1375.2
1409580 1380.7
1409590 1380.7
1409600 1386.5
1409610 1394.9
1409620 1394.9
1409630 1410.8
1409640 1419.1
1409650 1419.1
1409660 1421.9
1409670 1421.7
1409680 1421.7
1409690 1419.3
1409700 1416.3
1409710 1416.3
1409720 1417.1
1409730 1409.2
1409740 1409.2
1409750 1399.8
1409760 1395.1
1409770 1395.1
1409780 1410.0
1409790 1422.9
1409800 1422.9
1409810 1423.6
1409820 1423.0
1409830 1423.0
1409840 1419.9
1409850 1411.3
1409860 1411.3
1409870 1412.5
1409880 1408.3
1409890 1408.3
1409900 1401.5
1409910 1390.7
1409920 1390.7
1409930 1381.3
1409940 1373.3
1409950 1373.3
1409960 1367.2
1409970 1371.0
1409980 1379.3
1409990 1379.3
1410000 1377.6
1410010 1379.9
1410020 1379.9
1410030 1376.7
1410040 1377.9
1410050 1377.9
1410060 1385.1
1410070 1384.2
1410080 1384.2
1410090 1379.6
1410100 1374.4
1410110 1374.4
1410120 1369.4
1410130 1365.3
1410140 1365.3
1410150 1360.5
1410160 1352.3
1410170 1352.3
1410180 1341.2
1410190 1335.9
1410200 1335.9
1410210 1327.3
1410220 1321.0
1410230 1321.0
1410240 1315.3
1410250 1309.9
1410260 1309.9
1410270 1303.4
1410280 1297.8
1410290 1297.8
1410300 1290.3
1410310 1283.6
1410320 1283.6
1410330 1273.3
1410340 1259.9
1410350 1250.5
1410360 1250.5
1410370 1241.3
1410380 1230.2
1410390 1230.2
1410400 1219.3
1410410 1208.9
1410420 1208.9
1410430 1193.5
1410440 1179.3
1410450 1179.3
1410460 1168.0
1410470 1156.7
1410480 1156.7
1410490 1146.2
1410500 1133.3
1410510 1133.3
1410520 1119.5
1410530 1105.0
1410540 1105.0
1410550 1091.5
1410560 1077.4
1410570 1077.4
1410580 1065.9
1410590 1054.5
1410600 1054.5
1410610 1042.6
1410620 1033.0
1410630 1033.0
1410640 1023.7
1410650 1015.1
1410660 1015.1
1410670 1005.8
1410680 995.9
1410690 995.9
1410700 982.3
1410710 971.9
1410720 964.6
1410730 964.6
1410740 959.2
1410750 957.0
1410760 957.0
1410770 958.1
1410780 959.5
1410790 959.5
1410800 957.9
1410810 959.1
1410820 959.1
1410830 962.2
1410840 967.5
1410850 967.5
1410860 970.7
1410870 969.7
1410880 969.7
1410890 971.3
1410900 973.3
1410910 973.3
1410920 975.9
1410930 977.4
1410940 977.4
1410950 980.9
1410960 988.6
1410970 988.6
1410980 999.3
1410990 1020.0
1411000 1020.0
1411010 1056.7
1411020 1094.0
1411030 1094.0
1411040 1104.9
1411050 1119.0
1411060 1119.0
1411070 1133.3
1411080 1152.8
1411090 1152.8
1411100 1174.0
1411110 1190.7
1411120 1202.2
1411130 1202.2
1411140 1203.9
1411150 1203.7
1411160 1203.7
1411170 1201.9
1411180 1200.1
1411190 1200.1
1411200 1198.0
1411210 1195.9
1411220 1195.9
1411230 1194.0
1411240 1193.1
1411250 1193.1
1411260 1190.8
1411270 1189.5
1411280 1189.5
1411290 1186.1
1411300 1185.1
1411310 1185.1
1411320 1183.2
1411330 1179.8
1411340 1179.8
1411350 1175.6
1411360 1169.0
1411370 1169.0
1411380 1159.9
1411390 1153.7
1411400 1153.7
1411410 1148.4
1411420 1144.9
1411430 1144.9
1411440 1141.6
1411450 1139.1
1411460 1139.1
1411470 1132.1
1411480 1122.9
1411490 1110.7
1411500 1110.7
1411510 1103.9
1411520 1100.4
1411530 1100.4
1411540 1093.4
1411550 1089.0
1411560 1089.0
1411570 1085.9
1411580 1082.4
1411590 1082.4
1411600 1077.9
1411610 1074.0
1411620 1074.0
1411630 1070.2
1411640 1064.8
1411650 1064.8
1411660 1058.5
1411670 1051.2
1411680 1051.2
1411690 1043.1
1411700 1035.7
1411710 1035.7
1411720 1026.7
1411730 1020.4
1411740 1020.4
1411750 1015.3
1411760 1010.7
1411770 1010.7
1411780 1005.0
1411790 1000.2
1411800 1000.2
1411810 997.6
1411820 993.5
1411830 993.5
1411840 988.9
1411850 983.2
1411860 978.4
1411870 978.4
1411880 973.8
1411890 968.5
1411900 968.5
1411910 962.4
1411920 959.0
1411930 956.3
1411940 952.2
1411950 947.4
1411960 947.4
1411970 943.8
1411980 939.6
1411990 939.6
1412000 935.9
1412010 928.7
1412020 928.7
1412030 922.7
1412040 917.5
1412050 917.5
1412060 913.1
1412070 908.9
1412080 908.9
1412090 902.8
1412100 896.3
1412110 896.3
1412120 890.0
1412130 885.2
1412140 885.2
1412150 881.5
1412160 875.8
1412170 875.8
1412180 869.7
1412190 863.4
1412200 863.4
1412210 857.1
1412220 849.3
1412230 849.3
1412240 844.1
1412250 841.0
1412260 836.1
1412270 836.1
1412280 829.1
1412290 822.3
1412300 822.3
1412310 816.4
1412320 808.7
1412330 808.7
1412340 800.9
1412350 792.2
1412360 792.2
1412370 781.1
1412380 774.2
1412390 774.2
1412400 766.0
1412410 755.6
1412420 755.6
1412430 747.7
1412440 740.1
1412450 740.1
1412460 732.3
1412470 724.6
1412480 724.6
1412490 716.1
1412500 708.4
1412510 708.4
1412520 699.2
1412530 688.1
1412540 688.1
1412550 677.7
1412560 669.7
1412570 669.7
1412580 663.5
1412590 660.6
1412600 660.6
1412610 659.6
1412620 657.0
1412630 653.9
1412640 653.9
1412650 649.0
1412660 632.1
1412670 632.1
1412680 627.8
1412690 627.5
1412700 627.5
1412710 627.4
1412720 627.3
1412730 627.3
1412740 627.0
1412750 626.5
1412760 626.5
1412770 625.7
1412780 625.2
1412790 625.2
1412800 625.2
1412810 625.3
1412820 625.3
1412830 625.3
1412840 625.4
1412850 625.4
1412860 625.1
1412870 625.1
1412880 625.1
1412890 625.1
1412900 624.9
1412910 624.9
1412920 625.0
1412930 624.9
1412940 624.9
1412950 625.0
1412960 624.9
1412970 624.9
1412980 624.6
1412990 624.4
1413000 624.6
1413010 624.6
1413020 624.7
1413030 624.7
1413040 624.7
1413050 624.6
1413060 624.5
1413070 624.5
1413080 624.4
1413090 623.9
1413100 623.9
1413110 623.5
1413120 623.4
1413130 623.4
1413140 623.4
1413150 623.4
1413160 623.4
1413170 623.8
1413180 625.1
1413190 625.1
1413200 626.2
1413210 626.6
1413220 626.6
1413230 626.9
1413240 627.4
1413250 627.4
1413260 627.5
1413270 627.6
1413280 627.6
1413290 627.7
1413300 627.7
1413310 627.7
1413320 627.5
1413330 627.4
1413340 627.4
1413350 627.8
1413360 627.9
1413370 627.8
1413380 627.8
1413390 627.8
1413400 627.7
1413410 627.7
1413420 627.7
1413430 627.6
1413440 627.6
1413450 627.7
1413460 627.7
1413470 627.7
1413480 627.7
1413490 628.1
1413500 628.1
1413510 628.4
1413520 627.6
1413530 627.6
1413540 627.2
1413550 627.2
1413560 627.2
1413570 627.0
1413580 626.9
1413590 626.9
1413600 626.6
1413610 625.4
1413620 625.4
1413630 624.1
1413640 623.1
1413650 623.1
1413660 622.5
1413670 621.3
1413680 621.3
1413690 617.8
1413700 615.6
1413710 615.6
1413720 615.6
1413730 615.9
1413740 615.9
1413750 618.6
1413760 621.8
1413770 623.6
1413780 623.6
1413790 623.1
1413800 622.9
1413810 622.9
1413820 623.9
1413830 625.3
1413840 625.3
1413850 626.1
1413860 626.4
1413870 626.4
1413880 626.4
1413890 626.6
1413900 626.6
1413910 627.1
1413920 627.7
1413930 627.7
1413940 628.2
1413950 628.3
1413960 628.3
1413970 628.2
1413980 627.9
1413990 627.9
1414000 627.8
1414010 627.8
1414020 627.8
1414030 627.9
1414040 627.9
1414050 627.9
1414060 628.0
1414070 628.5
1414080 628.5
1414090 628.4
1414100 628.1
1414110 628.1
1414120 628.1
1414130 628.2
1414140 628.2
1414150 628.2
1414160 628.4
1414170 628.7
1414180 628.7
1414190 628.7
1414200 628.5
1414210 628.5
1414220 628.7
1414230 628.6
1414240 628.6
1414250 628.8
1414260 628.9
1414270 628.9
1414280 629.0
1414290 629.1
1414300 629.1
1414310 629.3
1414320 629.4
1414330 629.4
1414340 629.6
1414350 629.8
1414360 629.8
1414370 629.9
1414380 630.0
1414390 630.0
1414400 630.2
1414410 630.4
1414420 630.4
1414430 630.5
1414440 630.7
1414450 630.7
1414460 630.9
1414470 631.2
1414480 631.2
1414490 631.6
1414500 631.9
1414510 632.1
1414520 632.1
1414530 632.3
1414540 632.5
1414550 632.5
1414560 632.7
1414570 633.0
1414580 633.0
1414590 633.3
1414600 634.2
1414610 634.2
1414620 634.9
1414630 635.2
1414640 635.2
1414650 635.6
1414660 635.9
1414670 635.9
1414680 636.6
1414690 637.2
1414700 637.2
1414710 637.9
1414720 638.5
1414730 638.5
1414740 638.8
1414750 639.6
1414760 639.6
1414770 640.5
1414780 641.6
1414790 641.6
1414800 644.7
1414810 648.2
1414820 648.2
1414830 649.9
1414840 652.5
1414850 652.5
1414860 656.3
1414870 657.3
1414880 657.3
1414890 658.3
1414900 660.1
1414910 660.6
1414920 660.6
1414930 661.7
1414940 663.0
1414950 663.0
1414960 664.1
1414970 664.9
1414980 664.9
1414990 667.6
1415000 672.6
1415010 672.6
1415020 676.9
1415030 681.1
1415040 681.1
1415050 684.8
1415060 689.0
1415070 689.0
1415080 693.5
1415090 699.6
1415100 699.6
1415110 705.0
1415120 709.7
1415130 709.7
1415140 714.1
1415150 717.6
1415160 717.6
1415170 721.1
1415180 724.9
1415190 724.9
1415200 729.2
1415210 733.4
1415220 733.4
1415230 738.2
1415240 743.2
1415250 743.2
1415260 747.9
1415270 753.3
1415280 759.1
1415290 759.1
1415300 765.1
1415310 771.1
1415320 771.1
1415330 777.4
1415340 783.8
1415350 783.8
1415360 789.4
1415370 795.8
1415380 795.8
1415390 801.4
1415400 807.1
1415410 807.1
1415420 812.9
1415430 818.3
1415440 818.3
1415450 824.1
1415460 829.3
1415470 829.3
1415480 835.6
1415490 841.9
1415500 841.9
1415510 846.8
1415520 852.1
1415530 852.1
1415540 856.6
1415550 865.7
1415560 865.7
1415570 868.4
1415580 871.9
1415590 871.9
1415600 874.4
1415610 878.1
1415620 878.1
1415630 884.6
1415640 895.8
1415650 906.6
1415660 906.6
1415670 912.8
1415680 921.0
1415690 921.0
1415700 929.1
1415710 930.5
1415720 930.5
1415730 944.9
1415740 969.7
1415750 969.7
1415760 982.7
1415770 991.3
1415780 991.3
1415790 990.5
1415800 985.5
1415810 985.5
1415820 982.2
1415830 981.0
1415840 981.0
1415850 979.1
1415860 978.6
1415870 978.6
1415880 980.5
1415890 982.4
1415900 982.4
1415910 989.2
1415920 997.8
1415930 997.8
1415940 1002.5
1415950 1008.6
1415960 1008.6
1415970 1016.6
1415980 1028.2
1415990 1028.2
1416000 1037.7
1416010 1045.5
1416020 1050.6
1416030 1050.6
1416040 1051.9
1416050 1050.6
1416060 1050.6
1416070 1048.8
1416080 1043.2
1416090 1043.2
1416100 1034.9
1416110 1026.8
1416120 1026.8
1416130 1020.6
1416140 1016.8
1416150 1016.8
1416160 1010.6
1416170 1002.1
1416180 1002.1
1416190 994.6
1416200 987.6
1416210 987.6
1416220 981.5
1416230 976.4
1416240 976.4
1416250 969.3
1416260 961.1
1416270 961.1
1416280 951.7
1416290 940.8
1416300 940.8
1416310 935.3
1416320 934.9
1416330 934.9
1416340 937.9
1416350 940.9
1416360 940.9
1416370 939.2
1416380 941.8
1416390 941.8
1416400 944.1
1416410 941.4
1416420 935.7
1416430 935.7
1416440 927.9
1416450 927.4
1416460 927.4
1416470 936.4
1416480 946.4
1416490 946.4
1416500 956.9
1416510 969.5
1416520 969.5
1416530 981.7
1416540 991.6
1416550 991.6
1416560 998.2
1416570 1004.5
1416580 1004.5
1416590 1011.4
1416600 1016.6
1416610 1016.6
1416620 1024.4
1416630 1037.0
1416640 1037.0
1416650 1042.4
1416660 1049.2
1416670 1049.2
1416680 1055.3
1416690 1060.9
1416700 1060.9
1416710 1065.4
1416720 1075.2
1416730 1075.2
1416740 1082.1
1416750 1080.3
1416760 1080.3
1416770 1078.1
1416780 1074.0
1416790 1077.6
1416800 1077.6
1416810 1088.6
1416820 1095.7
1416830 1095.7
1416840 1100.1
1416850 1107.5
1416860 1107.5
1416870 1115.6
1416880 1124.6
1416890 1124.6
1416900 1128.7
1416910 1132.4
1416920 1132.4
1416930 1138.8
1416940 1146.3
1416950 1146.3
1416960 1150.4
1416970 1153.0
1416980 1153.0
1416990 1155.0
1417000 1154.6
1417010 1154.6
1417020 1154.4
1417030 1149.4
1417040 1149.4
1417050 1151.4
1417060 1151.0
1417070 1151.0
1417080 1143.1
1417090 1138.5
1417100 1138.5
1417110 1138.6
1417120 1141.1
1417130 1141.1
1417140 1138.9
1417150 1119.8
1417160 1095.8
1417170 1095.8
1417180 1085.7
1417190 1076.3
1417200 1076.3
1417210 1062.3
1417220 1050.4
1417230 1050.4
1417240 1041.1
1417250 1031.3
1417260 1031.3
1417270 1018.4
1417280 1010.4
1417290 1010.4
1417300 1002.4
1417310 1002.1
1417320 1002.1
1417330 1004.9
1417340 1009.7
1417350 1009.7
1417360 1017.5
1417370 1023.3
1417380 1023.3
1417390 1029.1
1417400 1035.6
1417410 1035.6
1417420 1046.7
1417430 1058.6
1417440 1058.6
1417450 1063.1
1417460 1068.3
1417470 1068.3
1417480 1079.3
1417490 1093.2
1417500 1093.2
1417510 1109.9
1417520 1124.0
1417530 1124.0
1417540 1137.3
1417550 1154.1
1417560 1160.0
1417570 1160.0
1417580 1163.4
1417590 1163.7
1417600 1163.7
1417610 1159.7
1417620 1146.4
1417630 1146.4
1417640 1140.2
1417650 1143.5
1417660 1143.5
1417670 1147.2
1417680 1151.7
1417690 1151.7
1417700 1154.0
1417710 1155.9
1417720 1155.9
1417730 1161.9
1417740 1167.5
1417750 1167.5
1417760 1171.9
1417770 1175.9
1417780 1175.9
1417790 1180.3
1417800 1184.9
1417810 1184.9
1417820 1190.5
1417830 1197.7
1417840 1197.7
1417850 1205.6
1417860 1213.9
1417870 1213.9
1417880 1225.5
1417890 1239.1
1417900 1239.1
1417910 1241.7
1417920 1242.6
1417930 1248.7
1417940 1248.7
1417950 1257.3
1417960 1270.8
1417970 1270.8
1417980 1280.6
1417990 1284.7
1418000 1284.7
1418010 1287.4
1418020 1285.0
1418030 1285.0
1418040 1283.4
1418050 1289.5
1418060 1289.5
1418070 1295.0
1418080 1299.5
1418090 1299.5
1418100 1305.2
1418110 1312.2
1418120 1312.2
1418130 1320.6
1418140 1328.2
1418150 1328.2
1418160 1335.4
1418170 1342.2
1418180 1342.2
1418190 1349.5
1418200 1356.0
1418210 1356.0
1418220 1362.9
1418230 1370.7
1418240 1370.7
1418250 1378.7
1418260 1387.5
1418270 1387.5
1418280 1395.1
1418290 1403.6
1418300 1408.5
1418310 1408.5
1418320 1409.6
1418330 1411.8
1418340 1411.8
1418350 1418.2
1418360 1426.7
1418370 1426.7
1418380 1436.5
1418390 1442.7
1418400 1442.7
1418410 1446.7
1418420 1450.1
1418430 1450.1
1418440 1453.8
1418450 1457.8
1418460 1457.8
1418470 1462.3
1418480 1466.7
1418490 1466.7
1418500 1472.0
1418510 1477.0
1418520 1477.0
1418530 1478.9
1418540 1480.0
1418550 1480.0
1418560 1480.7
1418570 1477.7
1418580 1477.7
1418590 1474.6
1418600 1467.2
1418610 1467.2
1418620 1459.7
1418630 1455.7
1418640 1455.7
1418650 1450.8
1418660 1447.3
1418670 1442.6
1418680 1442.6
1418690 1433.8
1418700 1424.6
1418710 1424.6
1418720 1416.7
1418730 1409.7
1418740 1409.7
1418750 1402.8
1418760 1396.6
1418770 1396.6
1418780 1390.8
1418790 1385.7
1418800 1385.7
1418810 1380.7
1418820 1375.7
1418830 1375.7
1418840 1370.3
1418850 1365.6
1418860 1365.6
1418870 1361.5
1418880 1357.5
1418890 1357.5
1418900 1355.8
1418910 1354.2
1418920 1354.2
1418930 1354.3
1418940 1354.5
1418950 1354.5
1418960 1355.2
1418970 1357.2
1418980 1357.2
1418990 1358.8
1419000 1357.6
1419010 1357.6
1419020 1356.2
1419030 1358.9
1419040 1358.9
1419050 1358.8
1419060 1359.2
1419070 1357.5
1419080 1357.5
1419090 1356.0
1419100 1358.0
1419110 1358.0
1419120 1357.9
1419130 1362.3
1419140 1362.3
1419150 1366.7
1419160 1370.9
1419170 1370.9
1419180 1373.3
1419190 1372.5
1419200 1372.5
1419210 1370.7
1419220 1370.5
1419230 1370.5
1419240 1371.3
1419250 1371.6
1419260 1371.6
1419270 1372.2
1419280 1371.7
1419290 1371.7
1419300 1369.5
1419310 1360.7
1419320 1360.7
1419330 1351.8
1419340 1346.6
1419350 1354.7
1419360 1350.6
1419370 1351.5
1419380 1351.5
1419390 1354.6
1419400 1355.7
1419410 1355.7
1419420 1356.9
1419430 1357.1
1419440 1355.4
1419450 1355.4
1419460 1353.4
1419470 1351.6
1419480 1351.6
1419490 1349.3
1419500 1347.0
1419510 1347.0
1419520 1344.8
1419530 1342.4
1419540 1342.4
1419550 1339.4
1419560 1337.5
1419570 1337.5
1419580 1338.6
1419590 1339.9
1419600 1339.9
1419610 1336.0
1419620 1330.2
1419630 1330.2
1419640 1321.5
1419650 1313.8
1419660 1313.8
1419670 1309.5
1419680 1305.2
1419690 1305.2
1419700 1298.2
1419710 1292.7
1419720 1292.7
1419730 1287.1
1419740 1280.9
1419750 1280.9
1419760 1275.8
1419770 1273.6
1419780 1273.6
1419790 1272.5
1419800 1269.1
1419810 1266.6
1419820 1266.6
1419830 1264.9
1419840 1261.7
1419850 1261.7
1419860 1258.5
1419870 1256.1
1419880 1256.1
1419890 1253.8
1419900 1250.2
1419910 1250.2
1419920 1245.9
1419930 1240.9
1419940 1240.9
1419950 1235.6
1419960 1231.0
1419970 1231.0
1419980 1226.0
1419990 1221.2
