1400000 793.0
1400010 793.0
1400020 795.2
1400030 797.1
1400040 797.1
1400050 798.5
1400060 799.3
1400070 799.3
1400080 799.8
1400090 801.2
1400100 801.2
1400110 801.5
1400120 802.0
1400130 802.0
1400140 799.2
1400150 798.4
1400160 798.4
1400170 797.0
1400180 796.2
1400190 796.2
1400200 795.4
1400210 794.0
1400220 794.0
1400230 792.7
1400240 790.8
1400250 790.8
1400260 789.7
1400270 789.1
1400280 789.1
1400290 788.4
1400300 788.1
1400310 788.1
1400320 787.9
1400330 787.0
1400340 787.0
1400350 786.1
1400360 785.0
1400370 784.6
1400380 784.6
1400390 785.0
1400400 786.2
1400410 786.2
1400420 788.1
1400430 790.1
1400440 790.1
1400450 792.1
1400460 793.8
1400470 793.8
1400480 795.4
1400490 796.3
1400500 796.3
1400510 796.0
1400520 796.3
1400530 796.3
1400540 797.6
1400550 797.3
1400560 797.3
1400570 795.6
1400580 797.6
1400590 797.6
1400600 802.0
1400610 807.9
1400620 807.9
1400630 809.8
1400640 810.6
1400650 810.6
1400660 810.8
1400670 811.2
1400680 811.2
1400690 811.8
1400700 811.9
1400710 811.9
1400720 811.9
1400730 811.1
1400740 811.1
1400750 808.7
1400760 805.7
1400770 802.4
1400780 802.4
1400790 799.9
1400800 797.5
1400810 797.5
1400820 795.0
1400830 794.9
1400840 794.9
1400850 793.8
1400860 791.5
1400870 791.5
1400880 789.6
1400890 787.6
1400900 787.6
1400910 785.5
1400920 783.7
1400930 783.7
1400940 781.9
1400950 780.3
1400960 780.3
1400970 778.4
1400980 775.9
1400990 775.9
1401000 772.4
1401010 768.8
1401020 768.8
1401030 768.0
1401040 767.4
1401050 767.4
1401060 767.8
1401070 768.2
1401080 768.2
1401090 766.5
1401100 764.4
1401110 764.4
1401120 763.5
1401130 764.2
1401140 763.5
1401150 763.5
1401160 762.4
1401170 762.0
1401180 762.0
1401190 761.8
1401200 761.6
1401210 761.6
1401220 761.3
1401230 761.0
1401240 761.0
1401250 760.8
1401260 760.6
1401270 760.6
1401280 760.2
1401290 760.0
1401300 760.0
1401310 759.7
1401320 759.5
1401330 759.5
1401340 759.4
1401350 759.4
1401360 759.4
1401370 759.3
1401380 759.2
1401390 759.2
1401400 759.3
1401410 759.4
1401420 759.4
1401430 759.4
1401440 759.3
1401450 759.3
1401460 759.4
1401470 759.2
1401480 759.2
1401490 758.9
1401500 758.8
1401510 758.8
1401520 758.8
1401530 758.6
1401540 758.5
1401550 758.5
1401560 758.4
1401570 758.5
1401580 758.5
1401590 758.4
1401600 758.3
1401610 758.3
1401620 758.2
1401630 758.2
1401640 758.2
1401650 758.2
1401660 758.2
1401670 758.1
1401680 757.9
1401690 757.8
1401700 757.8
1401710 757.9
1401720 757.9
1401730 757.9
1401740 757.9
1401750 757.8
1401760 757.8
1401770 757.8
1401780 757.7
1401790 757.7
1401800 757.7
1401810 757.5
1401820 757.5
1401830 757.2
1401840 757.0
1401850 757.0
1401860 756.9
1401870 757.0
1401880 757.0
1401890 757.0
1401900 757.1
1401910 757.0
1401920 757.0
1401930 757.0
1401940 757.1
1401950 757.1
1401960 757.0
1401970 757.0
1401980 757.0
1401990 757.0
1402000 757.0
1402010 757.0
1402020 757.0
1402030 756.9
1402040 756.9
1402050 757.8
1402060 759.0
1402070 759.0
1402080 759.2
1402090 758.6
1402100 758.6
1402110 758.6
1402120 758.8
1402130 758.8
1402140 759.1
1402150 759.4
1402160 759.4
1402170 759.9
1402180 760.6
1402190 760.6
1402200 761.0
1402210 761.2
1402220 761.2
1402230 760.8
1402240 759.9
1402250 759.9
1402260 758.9
1402270 758.6
1402280 757.9
1402290 757.9
1402300 757.6
1402310 757.6
1402320 757.6
1402330 757.6
1402340 757.9
1402350 757.9
1402360 758.2
1402370 758.2
1402380 758.2
1402390 757.6
1402400 756.6
1402410 756.6
1402420 755.7
1402430 754.9
1402440 754.9
1402450 754.6
1402460 754.6
1402470 754.6
1402480 754.6
1402490 754.5
1402500 754.5
1402510 754.3
1402520 754.1
1402530 754.1
1402540 753.9
1402550 753.7
1402560 753.7
1402570 753.6
1402580 753.5
1402590 753.5
1402600 753.5
1402610 753.5
1402620 753.5
1402630 753.4
1402640 753.3
1402650 753.2
1402660 753.2
1402670 752.9
1402680 752.8
1402690 752.8
1402700 752.7
1402710 752.5
1402720 752.5
1402730 752.2
1402740 752.0
1402750 752.0
1402760 751.8
1402770 751.6
1402780 751.6
1402790 751.6
1402800 751.6
1402810 751.6
1402820 752.1
1402830 752.4
1402840 752.4
1402850 752.3
1402860 752.4
1402870 752.4
1402880 752.6
1402890 752.5
1402900 752.5
1402910 752.7
1402920 752.3
1402930 752.3
1402940 751.9
1402950 751.8
1402960 751.8
1402970 752.0
1402980 752.1
1402990 752.1
1403000 752.0
1403010 751.9
1403020 751.9
1403030 751.7
1403040 751.4
1403050 751.3
1403060 751.3
1403070 751.2
1403080 751.2
1403090 751.2
1403100 751.4
1403110 751.4
1403120 751.4
1403130 751.6
1403140 751.6
1403150 751.6
1403160 751.7
1403170 751.6
1403180 751.6
1403190 751.6
1403200 751.7
1403210 751.7
1403220 751.6
1403230 751.2
1403240 751.2
1403250 751.0
1403260 750.8
1403270 750.8
1403280 750.7
1403290 750.7
1403300 750.7
1403310 750.7
1403320 750.8
1403330 750.8
1403340 750.8
1403350 750.9
1403360 750.9
1403370 750.9
1403380 751.0
1403390 751.0
1403400 751.0
1403410 750.8
1403420 750.7
1403430 750.7
1403440 750.6
1403450 750.5
1403460 750.5
1403470 750.3
1403480 750.2
1403490 750.2
1403500 750.0
1403510 749.9
1403520 749.9
1403530 749.9
1403540 749.7
1403550 749.7
1403560 749.6
1403570 749.5
1403580 749.5
1403590 749.4
1403600 749.3
1403610 749.3
1403620 749.2
1403630 749.3
1403640 749.3
1403650 749.5
1403660 749.7
1403670 749.7
1403680 749.8
1403690 750.0
1403700 750.0
1403710 750.2
1403720 750.3
1403730 750.3
1403740 750.8
1403750 751.8
1403760 751.8
1403770 752.3
1403780 752.1
1403790 751.5
1403800 751.5
1403810 751.3
1403820 751.2
1403830 751.2
1403840 751.4
1403850 751.8
1403860 751.8
1403870 752.4
1403880 752.6
1403890 752.6
1403900 752.7
1403910 752.7
1403920 752.7
1403930 752.7
1403940 752.7
1403950 752.7
1403960 752.7
1403970 752.7
1403980 752.7
1403990 752.7
1404000 752.7
1404010 752.7
1404020 752.7
1404030 752.7
1404040 752.7
1404050 752.2
1404060 751.9
1404070 751.9
1404080 751.3
1404090 750.8
1404100 750.8
1404110 750.6
1404120 750.5
1404130 750.5
1404140 750.5
1404150 750.4
1404160 750.4
1404170 750.3
1404180 750.3
1404190 750.4
1404200 750.4
1404210 750.5
1404220 750.5
1404230 750.5
1404240 750.8
1404250 750.6
1404260 750.6
1404270 750.5
1404280 750.8
1404290 750.8
1404300 750.8
1404310 750.7
1404320 750.7
1404330 751.0
1404340 751.5
1404350 751.5
1404360 752.2
1404370 752.6
1404380 752.6
1404390 753.0
1404400 753.4
1404410 753.4
1404420 754.2
1404430 755.2
1404440 755.2
1404450 756.0
1404460 756.9
1404470 756.9
1404480 757.4
1404490 757.8
1404500 757.8
1404510 758.2
1404520 758.2
1404530 758.2
1404540 758.4
1404550 759.0
1404560 759.3
1404570 759.3
1404580 758.9
1404590 758.9
1404600 758.9
1404610 759.1
1404620 759.5
1404630 759.5
1404640 759.8
1404650 760.4
1404660 760.4
1404670 761.0
1404680 761.2
1404690 761.2
1404700 760.9
1404710 760.5
1404720 760.5
1404730 759.8
1404740 760.0
1404750 760.0
1404760 760.2
1404770 762.8
1404780 762.8
1404790 764.0
1404800 764.9
1404810 764.9
1404820 763.2
1404830 764.2
1404840 764.2
1404850 764.6
1404860 764.8
1404870 764.8
1404880 764.8
1404890 765.1
1404900 765.1
1404910 765.5
1404920 765.7
1404930 766.7
1404940 766.7
1404950 767.6
1404960 767.6
1404970 767.6
1404980 767.3
1404990 766.7
1405000 766.7
1405010 765.4
1405020 765.5
1405030 765.5
1405040 766.2
1405050 767.5
1405060 767.5
1405070 768.6
1405080 769.5
1405090 769.5
1405100 770.1
1405110 769.9
1405120 769.9
1405130 769.0
1405140 767.6
1405150 767.6
1405160 766.5
1405170 766.9
1405180 766.9
1405190 768.7
1405200 771.1
1405210 771.1
1405220 773.5
1405230 774.6
1405240 774.6
1405250 776.3
1405260 777.7
1405270 777.7
1405280 780.1
1405290 782.9
1405300 782.9
1405310 786.1
1405320 788.9
1405330 792.2
1405340 792.2
1405350 794.1
1405360 796.9
1405370 796.9
1405380 800.2
1405390 802.2
1405400 802.2
1405410 802.8
1405420 804.4
1405430 804.4
1405440 805.3
1405450 805.3
1405460 805.3
1405470 806.0
1405480 807.2
1405490 807.2
1405500 808.2
1405510 807.9
1405520 807.9
1405530 809.2
1405540 813.5
1405550 813.5
1405560 817.2
1405570 820.2
1405580 820.2
1405590 822.4
1405600 825.0
1405610 825.0
1405620 828.1
1405630 830.6
1405640 830.6
1405650 832.7
1405660 835.6
1405670 835.6
1405680 839.3
1405690 844.1
1405700 848.5
1405710 848.5
1405720 852.4
1405730 854.7
1405740 854.7
1405750 856.5
1405760 859.4
1405770 859.4
1405780 862.6
1405790 868.0
1405800 868.0
1405810 872.5
1405820 875.5
1405830 875.5
1405840 878.1
1405850 881.1
1405860 881.1
1405870 884.8
1405880 888.5
1405890 888.5
1405900 892.0
1405910 895.7
1405920 895.7
1405930 898.5
1405940 899.4
1405950 899.4
1405960 900.0
1405970 901.8
1405980 901.8
1405990 902.9
1406000 904.6
1406010 904.6
1406020 909.1
1406030 914.4
1406040 914.4
1406050 918.9
1406060 923.2
1406070 927.1
1406080 927.1
1406090 930.2
1406100 932.6
1406110 932.6
1406120 933.0
1406130 934.7
1406140 934.7
1406150 938.2
1406160 941.2
1406170 941.2
1406180 941.4
1406190 938.7
1406200 938.7
1406210 936.6
1406220 942.0
1406230 942.0
1406240 948.5
1406250 954.5
1406260 954.5
1406270 957.9
1406280 961.9
1406290 961.9
1406300 966.5
1406310 970.3
1406320 970.3
1406330 974.4
1406340 977.9
1406350 977.9
1406360 981.4
1406370 985.2
1406380 985.2
1406390 987.8
1406400 988.9
1406410 988.9
1406420 990.6
1406430 992.7
1406440 986.5
1406450 988.9
1406460 991.3
1406470 993.5
1406480 993.5
1406490 995.1
1406500 996.1
1406510 996.1
1406520 997.4
1406530 998.4
1406540 998.4
1406550 998.8
1406560 998.9
1406570 998.9
1406580 998.4
1406590 999.3
1406600 999.3
1406610 1001.5
1406620 1003.2
1406630 1003.2
1406640 1004.3
1406650 1006.0
1406660 1006.0
1406670 1006.9
1406680 1006.9
1406690 1006.9
1406700 1005.6
1406710 1003.9
1406720 1003.9
1406730 1004.7
1406740 1007.0
1406750 1007.0
1406760 1007.7
1406770 1006.6
1406780 1006.6
1406790 1002.3
1406800 996.0
1406810 996.0
1406820 994.5
1406830 998.5
1406840 1001.2
1406850 1001.2
1406860 1004.1
1406870 1010.0
1406880 1010.0
1406890 1016.5
1406900 1020.3
1406910 1020.3
1406920 1023.3
1406930 1025.9
1406940 1025.9
1406950 1027.1
1406960 1027.4
1406970 1027.4
1406980 1027.5
1406990 1026.7
1407000 1026.7
1407010 1026.5
1407020 1027.4
1407030 1027.4
1407040 1028.2
1407050 1028.7
1407060 1028.7
1407070 1029.7
1407080 1030.7
1407090 1030.7
1407100 1031.3
1407110 1032.6
1407120 1032.6
1407130 1034.1
1407140 1035.9
1407150 1035.9
1407160 1037.1
1407170 1036.0
1407180 1036.0
1407190 1033.8
1407200 1035.3
1407210 1041.8
1407220 1041.8
1407230 1050.0
1407240 1055.0
1407250 1055.0
1407260 1058.6
1407270 1061.3
1407280 1061.3
1407290 1063.2
1407300 1064.5
1407310 1064.5
1407320 1065.6
1407330 1067.5
1407340 1067.5
1407350 1068.8
1407360 1069.2
1407370 1069.2
1407380 1069.9
1407390 1070.6
1407400 1070.6
1407410 1071.6
1407420 1073.0
1407430 1073.0
1407440 1074.1
1407450 1075.0
1407460 1075.0
1407470 1075.7
1407480 1076.2
1407490 1076.2
1407500 1077.3
1407510 1078.4
1407520 1078.4
1407530 1079.1
1407540 1079.6
1407550 1079.6
1407560 1080.1
1407570 1079.8
1407580 1078.6
1407590 1078.6
1407600 1075.0
1407610 1070.0
1407620 1070.0
1407630 1062.4
1407640 1054.0
1407650 1054.0
1407660 1048.0
1407670 1045.2
1407680 1045.2
1407690 1049.2
1407700 1050.8
1407710 1050.8
1407720 1051.6
1407730 1054.3
1407740 1054.3
1407750 1055.4
1407760 1052.6
1407770 1052.6
1407780 1049.9
1407790 1049.9
1407800 1049.9
1407810 1053.5
1407820 1058.0
1407830 1058.0
1407840 1059.0
1407850 1055.3
1407860 1055.3
1407870 1054.3
1407880 1055.5
1407890 1055.5
1407900 1057.7
1407910 1059.3
1407920 1059.3
1407930 1064.2
1407940 1070.8
1407950 1070.8
1407960 1080.3
1407970 1091.0
1407980 1099.9
1407990 1099.9
1408000 1110.2
1408010 1118.2
1408020 1118.2
1408030 1125.7
1408040 1134.0
1408050 1134.0
1408060 1141.6
1408070 1147.6
1408080 1147.6
1408090 1152.4
1408100 1149.4
1408110 1149.4
1408120 1153.4
1408130 1158.1
1408140 1158.1
1408150 1161.4
1408160 1164.9
1408170 1164.9
1408180 1167.9
1408190 1171.9
1408200 1171.9
1408210 1179.6
1408220 1186.7
1408230 1186.7
1408240 1190.8
1408250 1194.6
1408260 1194.6
1408270 1198.2
1408280 1200.9
1408290 1200.9
1408300 1204.0
1408310 1209.6
1408320 1209.6
1408330 1219.3
1408340 1225.9
1408350 1232.4
1408360 1232.4
1408370 1240.1
1408380 1241.9
1408390 1241.9
1408400 1240.6
1408410 1241.6
1408420 1241.6
1408430 1241.4
1408440 1242.6
1408450 1242.6
1408460 1245.9
1408470 1249.3
1408480 1249.3
1408490 1252.3
1408500 1255.7
1408510 1255.7
1408520 1261.0
1408530 1270.5
1408540 1270.5
1408550 1280.8
1408560 1288.7
1408570 1288.7
1408580 1309.4
1408590 1338.3
1408600 1338.3
1408610 1354.0
1408620 1359.0
1408630 1359.0
1408640 1358.7
1408650 1356.3
1408660 1356.3
1408670 1353.9
1408680 1350.7
1408690 1350.7
1408700 1347.3
1408710 1344.9
1408720 1342.3
1408730 1342.3
1408740 1339.1
1408750 1335.4
1408760 1335.4
1408770 1330.6
1408780 1322.2
1408790 1322.2
1408800 1314.9
1408810 1306.8
1408820 1306.8
1408830 1292.2
1408840 1270.4
1408850 1270.4
1408860 1256.5
1408870 1254.6
1408880 1254.6
1408890 1252.4
1408900 1242.6
1408910 1242.6
1408920 1238.4
1408930 1238.9
1408940 1238.9
1408950 1239.5
1408960 1242.9
1408970 1242.9
1408980 1258.4
1408990 1272.0
1409000 1272.0
1409010 1285.1
1409020 1300.9
1409030 1300.9
1409040 1307.6
1409050 1312.9
1409060 1312.9
1409070 1318.7
1409080 1324.0
1409090 1324.0
1409100 1332.1
1409110 1346.9
1409120 1358.4
1409130 1358.4
1409140 1366.1
1409150 1378.0
1409160 1378.0
1409170 1390.0
1409180 1399.0
1409190 1399.0
1409200 1406.9
1409210 1414.2
1409220 1414.2
1409230 1421.3
1409240 1429.4
1409250 1429.4
1409260 1435.0
1409270 1437.0
1409280 1437.0
1409290 1437.2
1409300 1435.3
1409310 1435.3
1409320 1432.4
1409330 1430.8
1409340 1430.8
1409350 1430.3
1409360 1432.8
1409370 1432.8
1409380 1435.2
1409390 1432.5
1409400 1432.5
1409410 1434.4
1409420 1443.2
1409430 1443.2
1409440 1454.6
1409450 1467.2
1409460 1467.2
1409470 1471.9
1409480 1477.4
1409490 1481.6
1409500 1481.6
1409510 1484.8
1409520 1482.4
1409530 1482.4
1409540 1478.3
1409550 1474.8
1409560 1474.8
1409570 1466.3
1409580 1465.1
1409590 1465.1
1409600 1473.2
1409610 1485.3
1409620 1485.3
1409630 1495.9
1409640 1522.6
1409650 1522.6
1409660 1534.3
1409670 1531.9
1409680 1531.9
1409690 1524.1
1409700 1517.6
1409710 1517.6
1409720 1514.7
1409730 1489.6
1409740 1489.6
1409750 1504.3
1409760 1528.3
1409770 1528.3
1409780 1531.0
1409790 1528.2
1409800 1525.1
1409810 1522.2
1409820 1518.9
1409830 1518.9
1409840 1514.9
1409850 1506.9
1409860 1498.5
1409870 1498.5
1409880 1491.4
1409890 1482.0
1409900 1482.0
1409910 1471.2
1409920 1458.3
1409930 1458.3
1409940 1452.7
1409950 1447.2
1409960 1447.2
1409970 1439.6
1409980 1438.2
1409990 1438.2
1410000 1437.7
1410010 1429.6
1410020 1429.6
1410030 1419.2
1410040 1410.2
1410050 1410.2
1410060 1404.3
1410070 1399.1
1410080 1399.1
1410090 1391.4
1410100 1383.1
1410110 1383.1
1410120 1374.9
1410130 1368.6
1410140 1368.6
1410150 1362.2
1410160 1350.2
1410170 1350.2
1410180 1341.4
1410190 1331.0
1410200 1331.0
1410210 1322.7
1410220 1314.3
1410230 1314.3
1410240 1305.7
1410250 1296.5
1410260 1283.8
1410270 1283.8
1410280 1274.0
1410290 1266.4
1410300 1266.4
1410310 1258.8
1410320 1245.1
1410330 1245.1
1410340 1233.7
1410350 1220.6
1410360 1220.6
1410370 1207.5
1410380 1197.6
1410390 1197.6
1410400 1187.6
1410410 1174.7
1410420 1174.7
1410430 1166.1
1410440 1157.7
1410450 1157.7
1410460 1148.6
1410470 1139.8
1410480 1139.8
1410490 1129.1
1410500 1116.0
1410510 1116.0
1410520 1103.3
1410530 1089.9
1410540 1089.9
1410550 1081.6
1410560 1073.4
1410570 1073.4
1410580 1066.3
1410590 1057.3
1410600 1057.3
1410610 1044.8
1410620 1036.7
1410630 1032.7
1410640 1032.7
1410650 1029.9
1410660 1029.1
1410670 1029.1
1410680 1029.6
1410690 1030.8
1410700 1030.8
1410710 1033.2
1410720 1034.5
1410730 1034.5
1410740 1033.5
1410750 1033.0
1410760 1033.0
1410770 1035.0
1410780 1038.2
1410790 1038.2
1410800 1041.2
1410810 1046.2
1410820 1046.2
1410830 1048.0
1410840 1050.0
1410850 1050.0
1410860 1053.9
1410870 1058.1
1410880 1058.1
1410890 1062.2
1410900 1064.2
1410910 1064.2
1410920 1063.7
1410930 1063.4
1410940 1063.4
1410950 1068.0
1410960 1079.8
1410970 1079.8
1410980 1087.3
1410990 1097.6
1411000 1129.8
1411010 1129.8
1411020 1158.1
1411030 1181.0
1411040 1181.0
1411050 1194.8
1411060 1217.5
1411070 1217.5
1411080 1239.9
1411090 1259.7
1411100 1259.7
1411110 1262.7
1411120 1260.5
1411130 1260.5
1411140 1258.1
1411150 1254.0
1411160 1254.0
1411170 1250.5
1411180 1245.2
1411190 1245.2
1411200 1239.9
1411210 1236.4
1411220 1236.4
1411230 1234.7
1411240 1233.4
1411250 1233.4
1411260 1232.0
1411270 1229.1
1411280 1229.1
1411290 1226.4
1411300 1222.8
1411310 1222.8
1411320 1218.5
1411330 1215.1
1411340 1215.1
1411350 1209.5
1411360 1204.4
1411370 1200.7
1411380 1200.7
1411390 1197.0
1411400 1193.0
1411410 1193.0
1411420 1189.4
1411430 1185.2
1411440 1185.2
1411450 1177.0
1411460 1168.8
1411470 1168.8
1411480 1159.7
1411490 1154.6
1411500 1154.6
1411510 1152.2
1411520 1149.7
1411530 1148.7
1411540 1144.5
1411550 1133.1
1411560 1133.1
1411570 1125.6
1411580 1120.0
1411590 1120.0
1411600 1115.3
1411610 1107.1
1411620 1107.1
1411630 1100.4
1411640 1095.5
1411650 1095.5
1411660 1089.9
1411670 1081.3
1411680 1081.3
1411690 1074.1
1411700 1066.8
1411710 1066.8
1411720 1059.8
1411730 1053.8
1411740 1053.8
1411750 1049.0
1411760 1044.0
1411770 1037.5
1411780 1037.5
1411790 1032.7
1411800 1024.0
1411810 1024.0
1411820 1017.3
1411830 1012.2
1411840 1012.2
1411850 1008.4
1411860 1006.2
1411870 1006.2
1411880 1002.4
1411890 998.0
1411900 998.0
1411910 993.6
1411920 990.2
1411930 990.2
1411940 988.0
1411950 984.7
1411960 984.7
1411970 981.1
1411980 976.8
1411990 976.8
1412000 974.0
1412010 969.7
1412020 969.7
1412030 964.6
1412040 959.5
1412050 959.5
1412060 953.8
1412070 950.3
1412080 950.3
1412090 946.6
1412100 941.7
1412110 941.7
1412120 934.9
1412130 929.2
1412140 925.0
1412150 925.0
1412160 919.2
1412170 911.6
1412180 911.6
1412190 907.2
1412200 902.9
1412210 902.9
1412220 895.8
1412230 886.6
1412240 886.6
1412250 877.8
1412260 868.8
1412270 868.8
1412280 862.0
1412290 849.4
1412300 849.4
1412310 840.8
1412320 835.1
1412330 835.1
1412340 832.6
1412350 826.6
1412360 826.6
1412370 816.6
1412380 806.2
1412390 806.2
1412400 793.8
1412410 782.7
1412420 782.7
1412430 770.9
1412440 755.8
1412450 755.8
1412460 736.7
1412470 723.8
1412480 723.8
1412490 715.6
1412500 707.1
1412510 699.1
1412520 699.1
1412530 691.2
1412540 683.9
1412550 683.9
1412560 677.4
1412570 671.8
1412580 671.8
1412590 666.2
1412600 659.3
1412610 659.3
1412620 653.8
1412630 647.7
1412640 647.7
1412650 633.1
1412660 627.5
1412670 627.5
1412680 627.5
1412690 627.4
1412700 627.4
1412710 626.9
1412720 626.6
1412730 626.6
1412740 626.5
1412750 626.2
1412760 626.2
1412770 626.1
1412780 626.2
1412790 626.2
1412800 626.3
1412810 626.2
1412820 626.2
1412830 626.0
1412840 626.0
1412850 626.0
1412860 625.9
1412870 626.0
1412880 626.0
1412890 626.1
1412900 626.0
1412910 625.8
1412920 625.8
1412930 625.6
1412940 625.5
1412950 625.5
1412960 625.3
1412970 625.3
1412980 625.3
1412990 625.4
1413000 625.4
1413010 625.4
1413020 625.3
1413030 625.1
1413040 625.1
1413050 625.3
1413060 625.5
1413070 625.5
1413080 626.9
1413090 627.4
1413100 627.4
1413110 627.6
1413120 627.6
1413130 627.6
1413140 627.4
1413150 627.4
1413160 627.4
1413170 627.6
1413180 627.7
1413190 627.7
1413200 627.9
1413210 627.9
1413220 627.9
1413230 627.9
1413240 627.9
1413250 627.9
1413260 627.9
1413270 628.0
1413280 628.1
1413290 628.1
1413300 628.1
1413310 628.1
1413320 628.1
1413330 628.2
1413340 628.1
1413350 628.1
1413360 628.0
1413370 628.0
1413380 628.0
1413390 627.7
1413400 627.9
1413410 627.9
1413420 627.4
1413430 627.3
1413440 627.3
1413450 626.8
1413460 625.9
1413470 625.9
1413480 624.9
1413490 623.5
1413500 623.5
1413510 620.4
1413520 617.9
1413530 617.9
1413540 616.4
1413550 614.7
1413560 614.7
1413570 614.4
1413580 614.5
1413590 614.5
1413600 615.5
1413610 617.9
1413620 617.9
1413630 620.6
1413640 621.9
1413650 622.5
1413660 622.5
1413670 623.4
1413680 624.0
1413690 624.0
1413700 624.5
1413710 625.1
1413720 625.1
1413730 625.9
1413740 627.6
1413750 627.6
1413760 629.2
1413770 630.3
1413780 630.3
1413790 630.5
1413800 631.1
1413810 631.1
1413820 631.2
1413830 630.7
1413840 630.7
1413850 630.2
1413860 630.0
1413870 630.0
1413880 630.0
1413890 630.0
1413900 630.0
1413910 630.3
1413920 631.4
1413930 631.4
1413940 631.9
1413950 632.1
1413960 632.1
1413970 634.1
1413980 635.2
1413990 635.2
1414000 635.9
1414010 638.8
1414020 638.8
1414030 641.1
1414040 641.1
1414050 640.3
1414060 640.3
1414070 638.9
1414080 637.6
1414090 637.6
1414100 634.9
1414110 632.8
1414120 632.8
1414130 631.0
1414140 629.8
1414150 629.8
1414160 629.7
1414170 629.7
1414180 629.7
1414190 629.7
1414200 629.8
1414210 629.8
1414220 629.9
1414230 629.9
1414240 629.9
1414250 629.9
1414260 630.0
1414270 630.0
1414280 630.1
1414290 630.2
1414300 630.2
1414310 630.4
1414320 630.6
1414330 630.6
1414340 630.7
1414350 630.8
1414360 630.8
1414370 630.9
1414380 630.9
1414390 630.9
1414400 631.1
1414410 631.5
1414420 631.8
1414430 631.8
1414440 632.2
1414450 632.4
1414460 632.4
1414470 632.7
1414480 633.0
1414490 633.0
1414500 633.2
1414510 633.6
1414520 633.6
1414530 634.0
1414540 634.4
1414550 634.4
1414560 634.7
1414570 635.1
1414580 635.1
1414590 635.5
1414600 635.7
1414610 635.7
1414620 636.0
1414630 636.3
1414640 636.3
1414650 636.6
1414660 636.9
1414670 636.9
1414680 637.3
1414690 637.7
1414700 637.7
1414710 638.1
1414720 638.4
1414730 638.4
1414740 638.7
1414750 638.9
1414760 638.9
1414770 639.3
1414780 639.8
1414790 640.4
1414800 640.4
1414810 641.1
1414820 641.7
1414830 641.7
1414840 642.3
1414850 643.5
1414860 643.5
1414870 643.7
1414880 644.9
1414890 644.9
1414900 647.6
1414910 650.7
1414920 650.7
1414930 653.5
1414940 656.7
1414950 656.7
1414960 660.0
1414970 662.8
1414980 662.8
1414990 664.9
1415000 665.4
1415010 665.4
1415020 662.9
1415030 661.3
1415040 661.3
1415050 666.1
1415060 672.8
1415070 672.8
1415080 678.3
1415090 683.8
1415100 683.8
1415110 689.9
1415120 694.9
1415130 693.6
1415140 697.2
1415150 700.8
1415160 700.8
1415170 703.3
1415180 704.7
1415190 706.4
1415200 706.4
1415210 708.5
1415220 711.9
1415230 711.9
1415240 716.4
1415250 720.5
1415260 720.5
1415270 725.3
1415280 730.3
1415290 730.3
1415300 735.8
1415310 741.5
1415320 741.5
1415330 746.5
1415340 752.3
1415350 752.3
1415360 757.4
1415370 761.9
1415380 761.9
1415390 766.4
1415400 770.2
1415410 770.2
1415420 773.1
1415430 775.7
1415440 775.7
1415450 777.6
1415460 780.8
1415470 780.8
1415480 784.3
1415490 787.3
1415500 787.3
1415510 790.3
1415520 793.5
1415530 793.5
1415540 796.7
1415550 799.8
1415560 803.0
1415570 803.0
1415580 807.5
1415590 814.0
1415600 814.0
1415610 821.2
1415620 827.7
1415630 827.7
1415640 833.0
1415650 838.8
1415660 838.8
1415670 845.6
1415680 852.4
1415690 852.4
1415700 859.3
1415710 866.1
1415720 866.1
1415730 872.4
1415740 881.2
1415750 881.2
1415760 897.7
1415770 901.3
1415780 901.3
1415790 902.4
1415800 901.3
1415810 901.3
1415820 900.1
1415830 896.5
1415840 896.5
1415850 899.2
1415860 900.7
1415870 900.7
1415880 902.0
1415890 900.8
1415900 900.8
1415910 905.4
1415920 906.7
1415930 912.9
1415940 912.9
1415950 909.8
1415960 914.2
1415970 914.2
1415980 923.6
1415990 929.3
1416000 929.3
1416010 933.3
1416020 936.6
1416030 936.6
1416040 941.0
1416050 944.2
1416060 944.2
1416070 944.8
1416080 948.6
1416090 948.6
1416100 954.3
1416110 955.0
1416120 955.0
1416130 952.8
1416140 949.0
1416150 949.0
1416160 945.3
1416170 942.4
1416180 942.4
1416190 939.7
1416200 938.9
1416210 938.9
1416220 939.1
1416230 937.7
1416240 937.7
1416250 933.5
1416260 926.1
1416270 926.1
1416280 918.8
1416290 912.4
1416300 906.6
1416310 906.6
1416320 902.4
1416330 895.5
1416340 895.5
1416350 886.8
1416360 878.0
1416370 878.0
1416380 869.3
1416390 867.1
1416400 867.1
1416410 876.1
1416420 885.0
1416430 885.0
1416440 892.4
1416450 898.1
1416460 898.1
1416470 903.4
1416480 907.2
1416490 907.2
1416500 911.9
1416510 919.2
1416520 919.2
1416530 927.8
1416540 933.4
1416550 933.4
1416560 936.4
1416570 936.9
1416580 936.9
1416590 935.9
1416600 934.0
1416610 934.0
1416620 934.4
1416630 939.0
1416640 939.0
1416650 941.8
1416660 945.6
1416670 945.6
1416680 947.7
1416690 950.9
1416700 952.2
1416710 952.2
1416720 956.3
1416730 957.6
1416740 957.6
1416750 957.5
1416760 964.4
1416770 964.4
1416780 970.4
1416790 975.9
1416800 975.9
1416810 980.5
1416820 985.0
1416830 985.0
1416840 989.3
1416850 992.9
1416860 992.9
1416870 996.8
1416880 999.4
1416890 999.4
1416900 1002.6
1416910 1005.2
1416920 1005.2
1416930 1008.1
1416940 1011.3
1416950 1011.3
1416960 1013.8
1416970 1015.9
1416980 1015.9
1416990 1015.3
1417000 1017.8
1417010 1017.8
1417020 1017.8
1417030 1019.3
1417040 1019.3
1417050 1019.2
1417060 1018.9
1417070 1014.0
1417080 1014.0
1417090 1009.5
1417100 1007.0
1417110 1007.0
1417120 1007.1
1417130 1005.4
1417140 1005.4
1417150 1000.2
1417160 996.6
1417170 996.6
1417180 993.7
1417190 993.1
1417200 993.1
1417210 989.6
1417220 986.8
1417230 986.8
1417240 983.6
1417250 980.1
1417260 980.1
1417270 974.4
1417280 967.2
1417290 967.2
1417300 960.3
1417310 955.2
1417320 955.2
1417330 952.7
1417340 957.9
1417350 957.9
1417360 965.4
1417370 971.2
1417380 971.2
1417390 977.2
1417400 983.8
1417410 983.8
1417420 990.7
1417430 998.0
1417440 1007.7
1417450 1007.7
1417460 1016.4
1417470 1023.8
1417480 1023.8
1417490 1030.4
1417500 1034.3
1417510 1034.3
1417520 1037.2
1417530 1038.9
1417540 1038.9
1417550 1042.2
1417560 1047.2
1417570 1047.2
1417580 1052.4
1417590 1055.3
1417600 1055.3
1417610 1058.2
1417620 1062.3
1417630 1062.3
1417640 1064.2
1417650 1065.3
1417660 1065.3
1417670 1072.2
1417680 1082.6
1417690 1082.6
1417700 1091.7
1417710 1099.1
1417720 1099.1
1417730 1106.8
1417740 1115.8
1417750 1115.8
1417760 1125.8
1417770 1133.6
1417780 1133.6
1417790 1139.0
1417800 1147.5
1417810 1147.5
1417820 1156.5
1417830 1165.6
1417840 1173.9
1417850 1173.9
1417860 1182.8
1417870 1190.9
1417880 1190.9
1417890 1199.2
1417900 1207.1
1417910 1207.1
1417920 1212.3
1417930 1215.8
1417940 1215.8
1417950 1216.8
1417960 1218.9
1417970 1218.9
1417980 1223.2
1417990 1227.5
1418000 1227.5
1418010 1231.3
1418020 1238.0
1418030 1238.0
1418040 1247.8
1418050 1257.8
1418060 1257.8
1418070 1266.2
1418080 1273.7
1418090 1273.7
1418100 1281.2
1418110 1289.6
1418120 1289.6
1418130 1299.7
1418140 1306.6
1418150 1306.6
1418160 1313.8
1418170 1320.8
1418180 1320.8
1418190 1327.8
1418200 1331.1
1418210 1332.0
1418220 1332.0
1418230 1332.9
1418240 1338.4
1418250 1338.4
1418260 1343.9
1418270 1351.1
1418280 1351.1
1418290 1358.7
1418300 1363.2
1418310 1363.2
1418320 1366.5
1418330 1371.1
1418340 1371.1
1418350 1375.6
1418360 1378.8
1418370 1378.8
1418380 1383.7
1418390 1388.7
1418400 1388.7
1418410 1393.1
1418420 1397.6
1418430 1397.6
1418440 1401.4
1418450 1404.6
1418460 1404.6
1418470 1408.3
1418480 1411.0
1418490 1411.0
1418500 1411.4
1418510 1410.3
1418520 1410.3
1418530 1408.2
1418540 1403.4
1418550 1403.4
1418560 1398.0
1418570 1394.5
1418580 1392.7
1418590 1392.7
1418600 1391.3
1418610 1392.1
1418620 1392.1
1418630 1391.7
1418640 1390.7
1418650 1390.7
1418660 1390.0
1418670 1388.9
1418680 1388.9
1418690 1387.0
1418700 1384.4
1418710 1384.4
1418720 1381.2
1418730 1376.5
1418740 1376.5
1418750 1370.4
1418760 1363.7
1418770 1363.7
1418780 1357.7
1418790 1352.4
1418800 1352.4
1418810 1349.1
1418820 1346.9
1418830 1346.9
1418840 1342.2
1418850 1335.4
1418860 1335.4
1418870 1329.1
1418880 1323.4
1418890 1323.4
1418900 1316.4
1418910 1312.1
1418920 1312.1
1418930 1305.8
1418940 1299.7
1418950 1299.7
1418960 1293.2
1418970 1286.8
1418980 1287.5
1418990 1287.5
1419000 1287.7
1419010 1285.7
1419020 1285.7
1419030 1288.9
1419040 1293.6
1419050 1293.6
1419060 1299.0
1419070 1304.8
1419080 1304.8
1419090 1311.1
1419100 1316.8
1419110 1316.8
1419120 1321.1
1419130 1323.4
1419140 1323.4
1419150 1324.0
1419160 1322.4
1419170 1322.4
1419180 1320.9
1419190 1318.4
1419200 1318.4
1419210 1314.7
1419220 1305.0
1419230 1305.0
1419240 1298.0
1419250 1296.0
1419260 1296.0
1419270 1296.5
1419280 1298.3
1419290 1298.3
1419300 1300.9
1419310 1303.8
1419320 1303.8
1419330 1307.3
1419340 1311.2
1419350 1314.7
1419360 1314.7
1419370 1319.7
1419380 1324.9
1419390 1324.9
1419400 1326.7
1419410 1327.3
1419420 1327.3
1419430 1326.7
1419440 1326.2
1419450 1326.2
1419460 1326.2
1419470 1325.3
1419480 1325.3
1419490 1323.6
1419500 1320.9
1419510 1320.9
1419520 1318.6
1419530 1317.0
1419540 1317.0
1419550 1315.0
1419560 1313.5
1419570 1313.5
1419580 1313.0
1419590 1315.2
1419600 1315.2
1419610 1318.2
1419620 1319.8
1419630 1319.8
1419640 1319.1
1419650 1316.1
1419660 1316.1
1419670 1311.3
1419680 1305.5
1419690 1305.5
1419700 1301.1
1419710 1296.7
1419720 1290.6
1419730 1290.6
1419740 1282.8
1419750 1275.7
1419760 1275.7
1419770 1268.5
1419780 1262.1
1419790 1262.1
1419800 1256.7
1419810 1251.1
1419820 1251.1
1419830 1245.4
1419840 1240.0
1419850 1240.0
1419860 1235.6
1419870 1230.9
1419880 1230.9
1419890 1225.9
1419900 1222.1
1419910 1222.1
1419920 1219.2
1419930 1216.5
1419940 1216.5
1419950 1214.5
1419960 1213.5
1419970 1213.5
1419980 1211.6
1419990 1208.9
