1400000 1144.9
1400010 1146.0
1400020 1151.3
1400030 1151.3
1400040 1157.8
1400050 1163.1
1400060 1163.1
1400070 1168.8
1400080 1174.2
1400090 1174.2
1400100 1179.0
1400110 1184.2
1400120 1184.2
1400130 1189.8
1400140 1195.6
1400150 1195.6
1400160 1202.0
1400170 1208.5
1400180 1208.5
1400190 1215.7
1400200 1223.0
1400210 1223.0
1400220 1229.3
1400230 1235.4
1400240 1235.4
1400250 1240.5
1400260 1245.4
1400270 1245.4
1400280 1249.7
1400290 1252.2
1400300 1252.2
1400310 1252.3
1400320 1248.6
1400330 1248.6
1400340 1243.3
1400350 1240.5
1400360 1238.5
1400370 1238.5
1400380 1236.8
1400390 1240.7
1400400 1240.7
1400410 1241.2
1400420 1241.5
1400430 1241.5
1400440 1238.7
1400450 1234.9
1400460 1234.9
1400470 1231.4
1400480 1228.2
1400490 1228.2
1400500 1224.0
1400510 1219.1
1400520 1219.1
1400530 1215.0
1400540 1211.1
1400550 1211.1
1400560 1206.4
1400570 1201.6
1400580 1201.6
1400590 1196.7
1400600 1192.1
1400610 1192.1
1400620 1185.8
1400630 1172.5
1400640 1172.5
1400650 1159.8
1400660 1151.3
1400670 1151.3
1400680 1143.9
1400690 1138.6
1400700 1138.6
1400710 1129.7
1400720 1129.5
1400730 1131.5
1400740 1131.5
1400750 1133.1
1400760 1135.4
1400770 1135.4
1400780 1139.4
1400790 1146.0
1400800 1146.0
1400810 1155.6
1400820 1166.1
1400830 1166.1
1400840 1177.3
1400850 1192.3
1400860 1192.3
1400870 1200.9
1400880 1207.5
1400890 1207.5
1400900 1213.7
1400910 1220.3
1400920 1220.3
1400930 1225.6
1400940 1229.6
1400950 1229.6
1400960 1235.0
1400970 1242.7
1400980 1242.7
1400990 1246.6
1401000 1245.6
1401010 1245.6
1401020 1240.1
1401030 1235.2
1401040 1235.2
1401050 1233.3
1401060 1233.2
1401070 1233.2
1401080 1234.7
1401090 1236.5
1401100 1236.5
1401110 1237.2
1401120 1235.6
1401130 1231.6
1401140 1231.6
1401150 1224.6
1401160 1217.4
1401170 1217.4
1401180 1212.1
1401190 1208.9
1401200 1208.9
1401210 1205.5
1401220 1202.4
1401230 1202.4
1401240 1200.0
1401250 1201.7
1401260 1201.7
1401270 1206.1
1401280 1209.7
1401290 1209.7
1401300 1210.5
1401310 1208.7
1401320 1208.7
1401330 1206.2
1401340 1203.5
1401350 1203.5
1401360 1201.4
1401370 1199.5
1401380 1199.5
1401390 1197.3
1401400 1196.4
1401410 1196.4
1401420 1198.1
1401430 1200.6
1401440 1200.6
1401450 1202.1
1401460 1201.6
1401470 1201.6
1401480 1199.1
1401490 1193.6
1401500 1186.6
1401510 1186.6
1401520 1180.8
1401530 1178.4
1401540 1178.4
1401550 1178.5
1401560 1180.9
1401570 1180.9
1401580 1184.7
1401590 1186.1
1401600 1186.1
1401610 1185.5
1401620 1185.0
1401630 1185.0
1401640 1184.4
1401650 1182.6
1401660 1182.6
1401670 1177.3
1401680 1171.5
1401690 1171.5
1401700 1168.1
1401710 1166.6
1401720 1166.6
1401730 1167.1
1401740 1168.4
1401750 1168.4
1401760 1169.5
1401770 1170.2
1401780 1170.2
1401790 1168.7
1401800 1164.1
1401810 1164.1
1401820 1159.9
1401830 1156.9
1401840 1156.9
1401850 1154.1
1401860 1152.5
1401870 1151.8
1401880 1151.8
1401890 1151.1
1401900 1149.2
1401910 1149.2
1401920 1147.1
1401930 1144.4
1401940 1144.4
1401950 1140.3
1401960 1135.1
1401970 1135.1
1401980 1129.5
1401990 1124.4
1402000 1124.4
1402010 1118.6
1402020 1112.3
1402030 1112.3
1402040 1107.2
1402050 1104.1
1402060 1104.1
1402070 1100.8
1402080 1094.7
1402090 1094.7
1402100 1088.0
1402110 1084.7
1402120 1084.7
1402130 1084.0
1402140 1080.3
1402150 1080.3
1402160 1073.9
1402170 1068.6
1402180 1068.6
1402190 1067.9
1402200 1068.7
1402210 1068.7
1402220 1069.0
1402230 1066.4
1402240 1066.4
1402250 1056.3
1402260 1050.8
1402270 1046.8
1402280 1046.8
1402290 1046.1
1402300 1046.9
1402310 1046.9
1402320 1049.5
1402330 1053.6
1402340 1053.6
1402350 1059.9
1402360 1066.0
1402370 1066.0
1402380 1068.6
1402390 1066.9
1402400 1066.9
1402410 1065.2
1402420 1065.6
1402430 1065.6
1402440 1065.0
1402450 1063.9
1402460 1063.9
1402470 1063.3
1402480 1062.4
1402490 1062.4
1402500 1060.9
1402510 1058.1
1402520 1058.1
1402530 1057.4
1402540 1059.8
1402550 1059.8
1402560 1063.6
1402570 1066.6
1402580 1066.6
1402590 1069.1
1402600 1072.1
1402610 1072.1
1402620 1076.0
1402630 1078.6
1402640 1077.5
1402650 1077.5
1402660 1075.1
1402670 1074.3
1402680 1074.3
1402690 1074.1
1402700 1075.6
1402710 1075.6
1402720 1078.1
1402730 1081.8
1402740 1081.8
1402750 1084.5
1402760 1085.7
1402770 1085.7
1402780 1086.7
1402790 1088.7
1402800 1088.7
1402810 1091.0
1402820 1093.0
1402830 1093.0
1402840 1091.8
1402850 1089.5
1402860 1089.5
1402870 1088.5
1402880 1087.3
1402890 1087.3
1402900 1084.2
1402910 1082.7
1402920 1082.7
1402930 1084.1
1402940 1085.9
1402950 1085.9
1402960 1087.2
1402970 1086.4
1402980 1086.4
1402990 1084.5
1403000 1082.3
1403010 1082.3
1403020 1079.1
1403030 1074.2
1403040 1075.0
1403050 1075.0
1403060 1080.7
1403070 1087.0
1403080 1087.0
1403090 1089.7
1403100 1091.1
1403110 1091.1
1403120 1092.1
1403130 1093.2
1403140 1093.2
1403150 1095.0
1403160 1097.8
1403170 1097.8
1403180 1100.2
1403190 1103.1
1403200 1103.1
1403210 1105.9
1403220 1105.4
1403230 1105.4
1403240 1100.5
1403250 1096.1
1403260 1096.1
1403270 1092.8
1403280 1098.7
1403290 1098.7
1403300 1106.4
1403310 1110.9
1403320 1110.9
1403330 1111.1
1403340 1110.7
1403350 1110.7
1403360 1110.7
1403370 1111.1
1403380 1111.1
1403390 1112.2
1403400 1114.4
1403410 1116.5
1403420 1116.5
1403430 1118.2
1403440 1118.3
1403450 1118.3
1403460 1117.0
1403470 1114.1
1403480 1114.1
1403490 1113.5
1403500 1113.0
1403510 1113.0
1403520 1114.8
1403530 1115.7
1403540 1115.7
1403550 1117.0
1403560 1118.4
1403570 1118.4
1403580 1119.9
1403590 1120.5
1403600 1120.5
1403610 1120.1
1403620 1117.3
1403630 1117.3
1403640 1113.7
1403650 1114.7
1403660 1114.7
1403670 1116.6
1403680 1117.5
1403690 1117.5
1403700 1118.4
1403710 1121.5
1403720 1121.5
1403730 1124.8
1403740 1128.3
1403750 1128.3
1403760 1131.2
1403770 1132.3
1403780 1132.3
1403790 1132.4
1403800 1130.5
1403810 1127.4
1403820 1120.8
1403830 1118.5
1403840 1116.9
1403850 1116.9
1403860 1115.6
1403870 1109.3
1403880 1109.3
1403890 1097.0
1403900 1083.3
1403910 1083.3
1403920 1077.1
1403930 1086.9
1403940 1086.9
1403950 1098.2
1403960 1107.3
1403970 1107.3
1403980 1112.2
1403990 1115.1
1404000 1115.1
1404010 1117.1
1404020 1118.2
1404030 1118.2
1404040 1118.4
1404050 1118.1
1404060 1118.1
1404070 1117.1
1404080 1116.7
1404090 1116.7
1404100 1117.2
1404110 1117.4
1404120 1117.4
1404130 1116.7
1404140 1116.1
1404150 1116.1
1404160 1117.2
1404170 1118.3
1404180 1116.3
1404190 1116.3
1404200 1116.8
1404210 1118.1
1404220 1118.1
1404230 1120.4
1404240 1124.2
1404250 1124.2
1404260 1131.0
1404270 1136.2
1404280 1136.2
1404290 1140.8
1404300 1144.0
1404310 1144.0
1404320 1145.2
1404330 1146.9
1404340 1146.9
1404350 1148.7
1404360 1150.0
1404370 1150.0
1404380 1151.3
1404390 1152.9
1404400 1152.9
1404410 1154.4
1404420 1156.2
1404430 1156.2
1404440 1158.2
1404450 1159.4
1404460 1159.4
1404470 1159.6
1404480 1157.6
1404490 1157.6
1404500 1154.7
1404510 1151.5
1404520 1151.5
1404530 1148.6
1404540 1145.1
1404550 1145.1
1404560 1141.3
1404570 1138.4
1404580 1136.0
1404590 1136.0
1404600 1133.9
1404610 1131.8
1404620 1131.8
1404630 1129.5
1404640 1128.5
1404650 1128.5
1404660 1129.0
1404670 1129.3
1404680 1129.3
1404690 1129.8
1404700 1129.9
1404710 1129.9
1404720 1130.5
1404730 1130.7
1404740 1130.7
1404750 1130.4
1404760 1129.9
1404770 1129.9
1404780 1129.7
1404790 1129.2
1404800 1129.2
1404810 1128.2
1404820 1127.5
1404830 1127.5
1404840 1127.0
1404850 1126.5
1404860 1126.5
1404870 1127.6
1404880 1128.8
1404890 1128.8
1404900 1127.9
1404910 1129.6
1404920 1129.6
1404930 1131.8
1404940 1135.9
1404950 1140.7
1404960 1140.7
1404970 1145.9
1404980 1150.8
1404990 1150.8
1405000 1155.7
1405010 1159.8
1405020 1159.8
1405030 1162.3
1405040 1164.9
1405050 1164.9
1405060 1167.4
1405070 1170.3
1405080 1170.3
1405090 1172.5
1405100 1174.1
1405110 1174.1
1405120 1176.2
1405130 1179.2
1405140 1179.2
1405150 1182.2
1405160 1183.9
1405170 1183.9
1405180 1185.4
1405190 1186.5
1405200 1186.5
1405210 1186.8
1405220 1188.5
1405230 1188.5
1405240 1192.7
1405250 1198.4
1405260 1198.4
1405270 1205.7
1405280 1212.3
1405290 1212.3
1405300 1220.2
1405310 1227.5
1405320 1235.4
1405330 1235.4
1405340 1245.3
1405350 1251.0
1405360 1251.0
1405370 1253.4
1405380 1256.6
1405390 1256.6
1405400 1260.2
1405410 1262.6
1405420 1262.6
1405430 1258.9
1405440 1264.6
1405450 1264.6
1405460 1271.2
1405470 1280.9
1405480 1280.9
1405490 1292.4
1405500 1297.1
1405510 1297.1
1405520 1298.3
1405530 1298.1
1405540 1298.1
1405550 1294.6
1405560 1293.0
1405570 1293.0
1405580 1295.4
1405590 1298.1
1405600 1298.1
1405610 1298.6
1405620 1298.8
1405630 1298.8
1405640 1300.0
1405650 1303.9
1405660 1303.9
1405670 1309.7
1405680 1314.0
1405690 1314.0
1405700 1315.6
1405710 1315.1
1405720 1310.7
1405730 1310.7
1405740 1309.0
1405750 1308.2
1405760 1308.2
1405770 1309.3
1405780 1310.4
1405790 1310.4
1405800 1312.3
1405810 1316.4
1405820 1316.4
1405830 1325.8
1405840 1334.7
1405850 1334.7
1405860 1341.4
1405870 1348.9
1405880 1348.9
1405890 1358.9
1405900 1369.3
1405910 1369.3
1405920 1380.6
1405930 1389.5
1405940 1389.5
1405950 1396.6
1405960 1402.8
1405970 1402.8
1405980 1410.2
1405990 1417.7
1406000 1417.7
1406010 1420.0
1406020 1420.0
1406030 1420.0
1406040 1419.1
1406050 1418.6
1406060 1418.6
1406070 1414.1
1406080 1406.7
1406090 1401.3
1406100 1401.3
1406110 1397.8
1406120 1396.9
1406130 1396.9
1406140 1401.1
1406150 1408.3
1406160 1408.3
1406170 1414.0
1406180 1421.0
1406190 1421.0
1406200 1426.7
1406210 1434.3
1406220 1434.3
1406230 1442.2
1406240 1448.6
1406250 1448.6
1406260 1454.8
1406270 1461.1
1406280 1461.1
1406290 1467.4
1406300 1473.3
1406310 1473.3
1406320 1479.3
1406330 1485.2
1406340 1485.2
1406350 1491.5
1406360 1498.3
1406370 1498.3
1406380 1505.1
1406390 1511.5
1406400 1511.5
1406410 1517.7
1406420 1523.2
1406430 1523.2
1406440 1534.5
1406450 1557.6
1406460 1557.6
1406470 1599.1
1406480 1626.4
1406490 1633.0
1406500 1633.0
1406510 1633.8
1406520 1632.9
1406530 1632.9
1406540 1631.9
1406550 1631.5
1406560 1631.5
1406570 1630.9
1406580 1629.1
1406590 1629.1
1406600 1626.2
1406610 1625.9
1406620 1625.9
1406630 1625.9
1406640 1622.3
1406650 1622.3
1406660 1625.5
1406670 1627.5
1406680 1627.5
1406690 1623.8
1406700 1620.3
1406710 1620.3
1406720 1617.7
1406730 1613.4
1406740 1613.4
1406750 1610.9
1406760 1609.5
1406770 1609.5
1406780 1606.6
1406790 1606.9
1406800 1606.9
1406810 1616.7
1406820 1616.5
1406830 1616.5
1406840 1616.4
1406850 1615.0
1406860 1610.4
1406870 1610.4
1406880 1609.6
1406890 1610.7
1406900 1610.7
1406910 1610.2
1406920 1611.8
1406930 1611.8
1406940 1617.3
1406950 1615.3
1406960 1615.3
1406970 1613.7
1406980 1608.5
1406990 1608.5
1407000 1604.6
1407010 1601.9
1407020 1601.9
1407030 1598.6
1407040 1575.1
1407050 1575.1
1407060 1535.4
1407070 1545.7
1407080 1545.7
1407090 1559.0
1407100 1579.8
1407110 1579.8
1407120 1592.5
1407130 1607.4
1407140 1607.4
1407150 1617.0
1407160 1622.1
1407170 1622.1
1407180 1621.1
1407190 1617.4
1407200 1617.4
1407210 1613.0
1407220 1611.8
1407230 1611.8
1407240 1608.8
1407250 1608.0
1407260 1603.1
1407270 1603.1
1407280 1601.6
1407290 1601.5
1407300 1601.5
1407310 1598.5
1407320 1595.8
1407330 1595.8
1407340 1601.2
1407350 1603.6
1407360 1603.6
1407370 1599.9
1407380 1604.4
1407390 1604.4
1407400 1606.9
1407410 1603.3
1407420 1603.3
1407430 1600.6
1407440 1600.3
1407450 1600.3
1407460 1598.6
1407470 1595.9
1407480 1595.9
1407490 1596.4
1407500 1598.6
1407510 1598.6
1407520 1600.4
1407530 1601.3
1407540 1601.3
1407550 1598.5
1407560 1593.1
1407570 1593.1
1407580 1591.5
1407590 1590.5
1407600 1590.5
1407610 1593.0
1407620 1593.1
1407630 1592.8
1407640 1592.8
1407650 1596.3
1407660 1596.6
1407670 1596.6
1407680 1597.5
1407690 1596.2
1407700 1596.2
1407710 1594.3
1407720 1592.4
1407730 1592.4
1407740 1591.7
1407750 1590.1
1407760 1590.1
1407770 1587.4
1407780 1584.6
1407790 1584.6
1407800 1579.9
1407810 1575.1
1407820 1575.1
1407830 1570.8
1407840 1567.6
1407850 1567.6
1407860 1563.3
1407870 1559.4
1407880 1559.4
1407890 1556.0
1407900 1556.0
1407910 1556.0
1407920 1559.1
1407930 1557.1
1407940 1557.1
1407950 1555.1
1407960 1552.5
1407970 1552.5
1407980 1549.2
1407990 1545.2
1408000 1542.8
1408010 1542.8
1408020 1539.5
1408030 1536.3
1408040 1536.3
1408050 1532.8
1408060 1528.0
1408070 1528.0
1408080 1524.1
1408090 1519.5
1408100 1519.5
1408110 1515.5
1408120 1511.4
1408130 1511.4
1408140 1507.1
1408150 1504.4
1408160 1504.4
1408170 1502.0
1408180 1500.0
1408190 1500.0
1408200 1499.2
1408210 1496.2
1408220 1496.2
1408230 1491.8
1408240 1487.6
1408250 1487.6
1408260 1483.3
1408270 1480.7
1408280 1480.7
1408290 1480.8
1408300 1481.5
1408310 1481.5
1408320 1479.8
1408330 1479.8
1408340 1479.8
1408350 1480.1
1408360 1479.6
1408370 1479.6
1408380 1479.8
1408390 1480.2
1408400 1479.6
1408410 1479.6
1408420 1477.7
1408430 1478.8
1408440 1478.8
1408450 1480.6
1408460 1481.9
1408470 1481.9
1408480 1483.9
1408490 1485.9
1408500 1485.9
1408510 1488.2
1408520 1491.0
1408530 1491.0
1408540 1494.0
1408550 1497.7
1408560 1497.7
1408570 1507.1
1408580 1515.0
1408590 1515.0
1408600 1518.5
1408610 1520.4
1408620 1520.4
1408630 1519.0
1408640 1514.5
1408650 1514.5
1408660 1513.8
1408670 1513.0
1408680 1513.0
1408690 1512.1
1408700 1512.7
1408710 1512.7
1408720 1511.5
1408730 1512.6
1408740 1512.6
1408750 1511.5
1408760 1509.8
1408770 1510.0
1408780 1510.0
1408790 1512.4
1408800 1517.2
1408810 1517.2
1408820 1520.9
1408830 1525.3
1408840 1525.3
1408850 1526.5
1408860 1525.9
1408870 1525.9
1408880 1525.1
1408890 1524.1
1408900 1524.1
1408910 1522.8
1408920 1523.3
1408930 1523.3
1408940 1525.7
1408950 1527.4
1408960 1527.4
1408970 1526.8
1408980 1525.7
1408990 1525.7
1409000 1525.8
1409010 1526.4
1409020 1526.4
1409030 1528.0
1409040 1527.9
1409050 1527.9
1409060 1527.7
1409070 1528.3
1409080 1528.3
1409090 1529.8
1409100 1532.9
1409110 1532.9
1409120 1536.6
1409130 1540.8
1409140 1540.8
1409150 1545.2
1409160 1548.8
1409170 1551.6
1409180 1551.6
1409190 1555.2
1409200 1559.6
1409210 1559.6
1409220 1562.7
1409230 1565.6
1409240 1565.6
1409250 1568.2
1409260 1571.5
1409270 1571.5
1409280 1575.5
1409290 1580.7
1409300 1580.7
1409310 1586.8
1409320 1593.2
1409330 1593.2
1409340 1599.7
1409350 1605.9
1409360 1605.9
1409370 1612.0
1409380 1617.6
1409390 1617.6
1409400 1623.4
1409410 1629.2
1409420 1629.2
1409430 1634.7
1409440 1639.9
1409450 1639.9
1409460 1645.0
1409470 1649.5
1409480 1649.5
1409490 1653.9
1409500 1657.7
1409510 1657.7
1409520 1661.1
1409530 1664.6
1409540 1668.1
1409550 1668.1
1409560 1671.9
1409570 1676.4
1409580 1676.4
1409590 1679.9
1409600 1676.1
1409610 1676.1
1409620 1665.7
1409630 1657.4
1409640 1657.4
1409650 1648.6
1409660 1636.1
1409670 1636.1
1409680 1616.8
1409690 1591.3
1409700 1591.3
1409710 1579.1
1409720 1569.8
1409730 1569.8
1409740 1561.9
1409750 1554.5
1409760 1554.5
1409770 1548.1
1409780 1541.0
1409790 1541.0
1409800 1535.2
1409810 1528.4
1409820 1528.4
1409830 1520.5
1409840 1512.6
1409850 1512.6
1409860 1506.8
1409870 1498.7
1409880 1498.7
1409890 1485.4
1409900 1459.3
1409910 1459.3
1409920 1452.5
1409930 1446.4
1409940 1440.4
1409950 1440.4
1409960 1435.0
1409970 1430.4
1409980 1430.4
1409990 1425.2
1410000 1420.5
1410010 1420.5
1410020 1414.9
1410030 1411.8
1410040 1411.8
1410050 1410.7
1410060 1409.0
1410070 1409.0
1410080 1406.8
1410090 1404.7
1410100 1404.7
1410110 1405.0
1410120 1405.1
1410130 1405.1
1410140 1405.1
1410150 1402.3
1410160 1402.3
1410170 1398.6
1410180 1400.2
1410190 1400.2
1410200 1400.1
1410210 1399.8
1410220 1399.8
1410230 1399.7
1410240 1396.1
1410250 1396.1
1410260 1392.5
1410270 1388.5
1410280 1388.5
1410290 1389.6
1410300 1373.0
1410310 1366.3
1410320 1366.3
1410330 1376.4
1410340 1380.6
1410350 1380.6
1410360 1370.7
1410370 1354.7
1410380 1354.7
1410390 1347.8
1410400 1338.0
1410410 1338.0
1410420 1332.5
1410430 1323.7
1410440 1323.7
1410450 1321.4
1410460 1311.8
1410470 1311.8
1410480 1307.0
1410490 1302.6
1410500 1302.6
1410510 1300.1
1410520 1297.3
1410530 1297.3
1410540 1294.9
1410550 1292.3
1410560 1292.3
1410570 1289.9
1410580 1288.1
1410590 1288.1
1410600 1286.0
1410610 1283.4
1410620 1283.4
1410630 1280.1
1410640 1276.9
1410650 1276.9
1410660 1276.8
1410670 1278.5
1410680 1298.7
1410690 1298.7
1410700 1359.1
1410710 1368.9
1410720 1368.9
1410730 1384.9
1410740 1390.8
1410750 1390.8
1410760 1382.1
1410770 1375.3
1410780 1375.3
1410790 1358.7
1410800 1343.2
1410810 1343.2
1410820 1333.5
1410830 1325.4
1410840 1325.4
1410850 1314.2
1410860 1301.3
1410870 1301.3
1410880 1287.9
1410890 1280.8
1410900 1280.8
1410910 1274.2
1410920 1265.0
1410930 1265.0
1410940 1256.7
1410950 1249.7
1410960 1249.7
1410970 1240.7
1410980 1232.9
1410990 1232.9
1411000 1222.6
1411010 1210.8
1411020 1210.8
1411030 1199.9
1411040 1181.3
1411050 1181.3
1411060 1162.0
1411070 1138.7
1411080 1110.4
1411090 1110.4
1411100 1102.8
1411110 1096.3
1411120 1096.3
1411130 1089.6
1411140 1082.9
1411150 1082.9
1411160 1075.8
1411170 1069.4
1411180 1069.4
1411190 1063.4
1411200 1057.7
1411210 1057.7
1411220 1052.6
1411230 1046.8
1411240 1046.8
1411250 1041.8
1411260 1037.6
1411270 1037.6
1411280 1033.3
1411290 1028.5
1411300 1028.5
1411310 1024.7
1411320 1020.4
1411330 1020.4
1411340 1016.6
1411350 1012.9
1411360 1012.9
1411370 1010.0
1411380 1006.4
1411390 1006.4
1411400 1001.7
1411410 995.6
1411420 995.6
1411430 989.8
1411440 984.9
1411450 981.6
1411460 981.6
1411470 978.5
1411480 977.2
1411490 977.2
1411500 977.0
1411510 976.3
1411520 976.3
1411530 974.6
1411540 973.1
1411550 973.1
1411560 972.2
1411570 969.6
1411580 969.6
1411590 968.6
1411600 968.1
1411610 968.1
1411620 966.4
1411630 967.3
1411640 967.3
1411650 966.5
1411660 966.3
1411670 966.3
1411680 965.1
1411690 962.7
1411700 962.7
1411710 960.5
1411720 954.0
1411730 954.0
1411740 946.0
1411750 939.1
1411760 939.1
1411770 933.6
1411780 926.4
1411790 926.4
1411800 920.2
1411810 916.3
1411820 916.3
1411830 913.4
1411840 912.2
1411850 910.5
1411860 910.5
1411870 908.3
1411880 904.0
1411890 904.0
1411900 899.2
1411910 893.9
1411920 893.9
1411930 888.8
1411940 884.5
1411950 884.5
1411960 882.7
1411970 881.7
1411980 881.7
1411990 881.0
1412000 879.4
1412010 879.4
1412020 876.6
1412030 872.5
1412040 872.5
1412050 870.1
1412060 868.2
1412070 868.2
1412080 871.7
1412090 867.0
1412100 867.0
1412110 864.1
1412120 862.3
1412130 862.3
1412140 859.4
1412150 856.2
1412160 856.2
1412170 852.7
1412180 849.5
1412190 849.5
1412200 846.5
1412210 842.5
1412220 838.4
1412230 838.4
1412240 834.7
1412250 830.5
1412260 830.5
1412270 825.4
1412280 821.2
1412290 821.2
1412300 818.1
1412310 815.4
1412320 815.4
1412330 812.5
1412340 808.7
1412350 808.7
1412360 804.8
1412370 801.3
1412380 801.3
1412390 798.0
1412400 795.0
1412410 795.0
1412420 792.5
1412430 790.4
1412440 790.4
1412450 788.5
1412460 787.2
1412470 787.2
1412480 786.0
1412490 785.1
1412500 785.1
1412510 784.7
1412520 783.7
1412530 783.7
1412540 782.8
1412550 781.5
1412560 781.5
1412570 779.7
1412580 777.3
1412590 777.3
1412600 773.1
1412610 768.7
1412620 764.8
1412630 764.8
1412640 760.5
1412650 755.7
1412660 755.7
1412670 751.5
1412680 746.4
1412690 746.4
1412700 741.5
1412710 737.7
1412720 737.7
1412730 734.0
1412740 729.6
1412750 729.6
1412760 723.9
1412770 719.8
1412780 719.8
1412790 716.9
1412800 714.6
1412810 714.6
1412820 712.3
1412830 712.6
1412840 712.6
1412850 713.6
1412860 713.2
1412870 713.2
1412880 712.5
1412890 712.1
1412900 712.1
1412910 711.5
1412920 709.4
1412930 709.4
1412940 706.7
1412950 703.8
1412960 703.8
1412970 700.3
1412980 698.7
1412990 696.6
1413000 696.6
1413010 694.0
1413020 691.3
1413030 691.3
1413040 687.9
1413050 686.3
1413060 686.3
1413070 685.7
1413080 684.3
1413090 684.3
1413100 681.1
1413110 678.4
1413120 678.4
1413130 677.2
1413140 676.1
1413150 676.1
1413160 676.0
1413170 674.6
1413180 674.6
1413190 671.7
1413200 671.6
1413210 671.6
1413220 668.6
1413230 666.6
1413240 666.6
1413250 664.2
1413260 662.4
1413270 662.4
1413280 656.3
1413290 650.6
1413300 650.6
1413310 644.5
1413320 642.9
1413330 642.9
1413340 642.3
1413350 636.6
1413360 632.5
1413370 632.5
1413380 631.9
1413390 628.5
1413400 628.5
1413410 626.8
1413420 624.4
1413430 624.4
1413440 623.2
1413450 622.2
1413460 622.2
1413470 618.6
1413480 609.9
1413490 609.9
1413500 602.5
1413510 595.7
1413520 595.7
1413530 593.3
1413540 592.7
1413550 592.7
1413560 592.6
1413570 595.9
1413580 595.9
1413590 601.9
1413600 606.2
1413610 606.2
1413620 613.5
1413630 621.5
1413640 621.5
1413650 623.7
1413660 623.8
1413670 623.8
1413680 623.8
1413690 623.9
1413700 623.9
1413710 624.1
1413720 624.6
1413730 624.6
1413740 625.5
1413750 626.0
1413760 626.9
1413770 626.9
1413780 628.6
1413790 628.3
1413800 628.3
1413810 627.5
1413820 629.3
1413830 629.3
1413840 629.4
1413850 628.2
1413860 628.2
1413870 628.3
1413880 628.9
1413890 628.9
1413900 629.2
1413910 631.1
1413920 631.1
1413930 631.9
1413940 631.9
1413950 631.9
1413960 631.4
1413970 630.2
1413980 630.2
1413990 631.3
1414000 631.1
1414010 631.1
1414020 634.5
1414030 636.3
1414040 636.3
1414050 633.9
1414060 632.4
1414070 632.4
1414080 632.4
1414090 632.4
1414100 632.4
1414110 632.1
1414120 632.4
1414130 632.5
1414140 632.5
1414150 632.1
1414160 631.4
1414170 631.4
1414180 631.8
1414190 633.0
1414200 633.0
1414210 633.0
1414220 631.7
1414230 631.7
1414240 631.4
1414250 632.3
1414260 632.3
1414270 632.7
1414280 632.9
1414290 632.9
1414300 634.5
1414310 636.2
1414320 636.2
1414330 637.7
1414340 638.5
1414350 638.5
1414360 639.0
1414370 638.1
1414380 638.1
1414390 637.5
1414400 637.3
1414410 637.3
1414420 637.1
1414430 637.0
1414440 637.0
1414450 637.4
1414460 637.3
1414470 637.3
1414480 635.4
1414490 633.0
1414500 633.0
1414510 633.5
1414520 633.4
1414530 633.6
1414540 633.6
1414550 635.1
1414560 634.1
1414570 634.1
1414580 633.8
1414590 634.3
1414600 634.3
1414610 634.3
1414620 634.1
1414630 634.1
1414640 633.8
1414650 633.5
1414660 633.5
1414670 633.5
1414680 634.2
1414690 634.2
1414700 634.8
1414710 634.9
1414720 634.9
1414730 632.8
1414740 632.8
1414750 632.8
1414760 634.5
1414770 635.9
1414780 635.9
1414790 635.8
1414800 635.6
1414810 635.6
1414820 634.9
1414830 632.1
1414840 632.1
1414850 631.3
1414860 630.6
1414870 630.6
1414880 631.2
1414890 632.4
1414900 632.9
1414910 632.9
1414920 632.2
1414930 631.3
1414940 631.3
1414950 630.2
1414960 630.7
1414970 630.7
1414980 630.9
1414990 631.3
1415000 631.3
1415010 631.3
1415020 631.2
1415030 631.2
1415040 630.2
1415050 629.9
1415060 629.9
1415070 629.6
1415080 629.5
1415090 629.5
1415100 629.4
1415110 629.7
1415120 629.7
1415130 630.3
1415140 631.3
1415150 631.3
1415160 632.7
1415170 634.7
1415180 634.7
1415190 637.9
1415200 643.1
1415210 643.1
1415220 651.0
1415230 671.2
1415240 671.2
1415250 678.8
1415260 685.5
1415270 693.7
1415280 693.7
1415290 699.2
1415300 705.3
1415310 705.3
1415320 709.5
1415330 714.6
1415340 714.6
1415350 718.5
1415360 720.3
1415370 720.3
1415380 721.7
1415390 723.5
1415400 723.5
1415410 725.1
1415420 726.5
1415430 726.5
1415440 727.7
1415450 728.7
1415460 728.7
1415470 728.6
1415480 728.3
1415490 728.3
1415500 727.3
1415510 726.1
1415520 726.1
1415530 725.2
1415540 725.2
1415550 725.2
1415560 724.0
1415570 724.0
1415580 724.0
1415590 725.0
1415600 725.1
1415610 725.1
1415620 724.7
1415630 725.7
1415640 725.7
1415650 727.6
1415660 727.9
1415670 728.4
1415680 728.4
1415690 729.4
1415700 730.2
1415710 730.2
1415720 730.6
1415730 731.1
1415740 731.1
1415750 732.0
1415760 733.5
1415770 733.5
1415780 735.1
1415790 736.1
1415800 736.1
1415810 736.1
1415820 736.9
1415830 733.8
1415840 735.7
1415850 737.7
1415860 737.7
1415870 739.0
1415880 739.4
1415890 739.4
1415900 739.9
1415910 741.7
1415920 741.7
1415930 741.8
1415940 740.3
1415950 740.3
1415960 741.1
1415970 745.8
1415980 745.8
1415990 751.5
1416000 757.5
1416010 757.5
1416020 763.3
1416030 770.8
1416040 777.1
1416050 777.1
1416060 780.7
1416070 783.7
1416080 783.7
1416090 787.1
1416100 791.6
1416110 791.6
1416120 796.2
1416130 800.6
1416140 800.6
1416150 802.3
1416160 802.8
1416170 802.8
1416180 804.1
1416190 806.1
1416200 806.1
1416210 808.9
1416220 814.4
1416230 814.4
1416240 820.3
1416250 826.7
1416260 826.7
1416270 833.6
1416280 840.5
1416290 840.5
1416300 847.9
1416310 855.1
1416320 855.1
1416330 861.4
1416340 865.2
1416350 865.2
1416360 868.5
1416370 873.4
1416380 873.4
1416390 878.1
1416400 883.2
1416410 883.2
1416420 887.3
1416430 891.1
1416440 895.5
1416450 895.5
1416460 900.1
1416470 905.9
1416480 905.9
1416490 912.5
1416500 919.8
1416510 919.8
1416520 927.3
1416530 934.8
1416540 934.8
1416550 942.7
1416560 951.1
1416570 951.1
1416580 959.0
1416590 967.4
1416600 967.4
1416610 976.0
1416620 987.3
1416630 987.3
1416640 998.8
1416650 1007.6
1416660 1007.6
1416670 1008.0
1416680 1008.5
1416690 1008.5
1416700 1014.7
1416710 1017.5
1416720 1017.5
1416730 1019.0
1416740 1021.8
1416750 1021.8
1416760 1024.8
1416770 1027.1
1416780 1027.1
1416790 1030.3
1416800 1034.0
1416810 1037.6
1416820 1037.6
1416830 1041.2
1416840 1045.6
1416850 1045.6
1416860 1050.5
1416870 1054.8
1416880 1054.8
1416890 1058.2
1416900 1060.5
1416910 1060.5
1416920 1064.8
1416930 1070.7
1416940 1070.7
1416950 1076.7
1416960 1082.6
1416970 1082.6
1416980 1089.3
1416990 1095.6
1417000 1095.6
1417010 1097.9
1417020 1097.7
1417030 1097.7
1417040 1096.2
1417050 1094.2
1417060 1094.2
1417070 1091.2
1417080 1086.4
1417090 1086.4
1417100 1081.4
1417110 1076.9
1417120 1076.9
1417130 1072.9
1417140 1070.2
1417150 1070.2
1417160 1067.3
1417170 1063.5
1417180 1063.5
1417190 1059.5
1417200 1057.2
1417210 1061.4
1417220 1061.4
1417230 1067.6
1417240 1073.5
1417250 1073.5
1417260 1078.9
1417270 1083.8
1417280 1083.8
1417290 1088.2
1417300 1092.6
1417310 1092.6
1417320 1097.0
1417330 1102.0
1417340 1102.0
1417350 1106.4
1417360 1110.6
1417370 1110.6
1417380 1114.1
1417390 1115.1
1417400 1115.1
1417410 1113.0
1417420 1109.8
1417430 1109.8
1417440 1107.5
1417450 1106.7
1417460 1106.7
1417470 1103.8
1417480 1101.8
1417490 1101.8
1417500 1096.5
1417510 1098.3
1417520 1098.3
1417530 1104.0
1417540 1111.9
1417550 1111.9
1417560 1119.2
1417570 1125.7
1417580 1131.5
1417590 1131.5
1417600 1136.8
1417610 1142.8
1417620 1142.8
1417630 1149.4
1417640 1156.3
1417650 1156.3
1417660 1163.3
1417670 1170.7
1417680 1170.7
1417690 1178.1
1417700 1184.8
1417710 1182.0
1417720 1187.3
1417730 1191.4
1417740 1191.4
1417750 1196.5
1417760 1202.8
1417770 1202.8
1417780 1208.1
1417790 1213.0
1417800 1213.0
1417810 1218.3
1417820 1220.6
1417830 1220.6
1417840 1216.6
1417850 1213.5
1417860 1213.5
1417870 1213.3
1417880 1215.5
1417890 1215.5
1417900 1217.3
1417910 1218.5
1417920 1218.5
1417930 1220.9
1417940 1224.3
1417950 1227.5
1417960 1227.5
1417970 1229.4
1417980 1230.8
1417990 1230.8
1418000 1231.5
1418010 1231.0
1418020 1231.0
1418030 1230.7
1418040 1229.6
1418050 1229.6
1418060 1226.6
1418070 1223.0
1418080 1223.0
1418090 1220.2
1418100 1217.4
1418110 1217.4
1418120 1212.9
1418130 1211.0
1418140 1211.0
1418150 1208.3
1418160 1204.9
1418170 1204.9
1418180 1204.2
1418190 1203.3
1418200 1203.3
1418210 1202.1
1418220 1199.8
1418230 1199.8
1418240 1196.2
1418250 1192.4
1418260 1192.4
1418270 1189.5
1418280 1187.3
1418290 1187.3
1418300 1184.5
1418310 1182.8
1418320 1182.8
1418330 1180.9
1418340 1179.6
1418350 1178.2
1418360 1178.2
1418370 1175.6
1418380 1172.4
1418390 1172.4
1418400 1170.5
1418410 1167.5
1418420 1167.5
1418430 1164.2
1418440 1161.8
1418450 1161.8
1418460 1160.0
1418470 1156.1
1418480 1156.1
1418490 1151.5
1418500 1147.2
1418510 1147.2
1418520 1142.2
1418530 1150.2
1418540 1150.2
1418550 1155.1
1418560 1156.8
1418570 1156.8
1418580 1155.8
1418590 1154.0
1418600 1154.0
1418610 1152.4
1418620 1149.9
1418630 1149.9
1418640 1145.7
1418650 1141.1
1418660 1141.1
1418670 1137.8
1418680 1135.8
1418690 1135.8
1418700 1136.5
1418710 1137.8
1418720 1138.6
1418730 1138.6
1418740 1138.7
1418750 1139.0
1418760 1139.0
1418770 1138.5
1418780 1137.3
1418790 1137.3
1418800 1135.7
1418810 1134.7
1418820 1134.7
1418830 1133.2
1418840 1131.3
1418850 1131.3
1418860 1129.3
1418870 1128.1
1418880 1128.1
1418890 1126.0
1418900 1123.3
1418910 1123.3
1418920 1118.9
1418930 1114.5
1418940 1114.5
1418950 1109.4
1418960 1104.6
1418970 1104.6
1418980 1099.7
1418990 1094.8
1419000 1094.8
1419010 1091.0
1419020 1086.5
1419030 1086.5
1419040 1082.5
1419050 1078.2
1419060 1078.2
1419070 1073.9
1419080 1070.2
1419090 1070.2
1419100 1067.3
1419110 1063.4
1419120 1059.8
1419130 1059.8
1419140 1057.1
1419150 1054.6
1419160 1054.6
1419170 1051.4
1419180 1048.0
1419190 1048.0
1419200 1046.1
1419210 1043.9
1419220 1043.9
1419230 1041.2
1419240 1041.3
1419250 1041.3
1419260 1041.8
1419270 1041.2
1419280 1041.2
1419290 1039.9
1419300 1035.4
1419310 1035.4
1419320 1028.0
1419330 1020.8
1419340 1020.8
1419350 1016.7
1419360 1010.9
1419370 1010.9
1419380 1006.3
1419390 1002.7
1419400 1002.7
1419410 1000.3
1419420 1000.7
1419430 1000.7
1419440 1000.4
1419450 1002.2
1419460 1002.2
1419470 1007.9
1419480 1012.8
1419490 1007.5
1419500 1007.5
1419510 1000.8
1419520 997.3
1419530 997.3
1419540 996.0
1419550 993.8
1419560 993.8
1419570 991.9
1419580 990.6
1419590 990.6
1419600 988.9
1419610 986.9
1419620 986.9
1419630 984.0
1419640 982.3
1419650 984.0
1419660 981.9
1419670 979.7
1419680 979.7
1419690 978.7
1419700 977.4
1419710 977.4
1419720 974.9
1419730 973.0
1419740 973.0
1419750 972.1
1419760 971.0
1419770 971.0
1419780 972.1
1419790 972.6
1419800 972.6
1419810 973.4
1419820 973.3
1419830 973.3
1419840 974.0
1419850 976.7
1419860 976.7
1419870 978.9
1419880 982.6
1419890 986.4
1419900 986.4
1419910 988.8
1419920 990.5
1419930 990.5
1419940 993.7
1419950 998.9
1419960 998.9
1419970 1001.9
1419980 998.4
1419990 998.4
