1400000 1629.1
1400010 1633.0
1400020 1633.0
1400030 1636.3
1400040 1640.3
1400050 1644.1
1400060 1644.1
1400070 1646.5
1400080 1648.8
1400090 1648.8
1400100 1650.8
1400110 1653.2
1400120 1653.2
1400130 1655.9
1400140 1658.4
1400150 1658.4
1400160 1661.9
1400170 1664.7
1400180 1664.7
1400190 1668.3
1400200 1670.7
1400210 1670.7
1400220 1673.0
1400230 1676.6
1400240 1676.6
1400250 1680.0
1400260 1684.6
1400270 1684.6
1400280 1690.1
1400290 1695.6
1400300 1695.6
1400310 1700.4
1400320 1705.3
1400330 1705.3
1400340 1714.2
1400350 1719.4
1400360 1719.4
1400370 1725.7
1400380 1734.4
1400390 1734.4
1400400 1743.8
1400410 1752.9
1400420 1752.9
1400430 1761.3
1400440 1764.9
1400450 1768.1
1400460 1768.1
1400470 1773.8
1400480 1779.4
1400490 1779.4
1400500 1783.7
1400510 1788.2
1400520 1788.2
1400530 1791.1
1400540 1786.9
1400550 1786.9
1400560 1782.2
1400570 1779.3
1400580 1779.3
1400590 1775.0
1400600 1771.4
1400610 1771.4
1400620 1765.7
1400630 1759.6
1400640 1759.6
1400650 1754.7
1400660 1749.9
1400670 1749.9
1400680 1745.2
1400690 1740.1
1400700 1740.1
1400710 1734.3
1400720 1729.4
1400730 1729.4
1400740 1724.1
1400750 1717.3
1400760 1717.3
1400770 1713.8
1400780 1710.3
1400790 1710.3
1400800 1706.6
1400810 1703.1
1400820 1703.1
1400830 1700.3
1400840 1697.8
1400850 1697.0
1400860 1697.0
1400870 1697.0
1400880 1695.4
1400890 1695.4
1400900 1690.2
1400910 1685.4
1400920 1685.4
1400930 1681.3
1400940 1676.7
1400950 1676.7
1400960 1672.3
1400970 1669.1
1400980 1669.1
1400990 1666.4
1401000 1664.5
1401010 1664.5
1401020 1662.6
1401030 1661.1
1401040 1661.1
1401050 1661.0
1401060 1662.7
1401070 1662.7
1401080 1664.6
1401090 1666.8
1401100 1661.0
1401110 1664.5
1401120 1664.8
1401130 1664.8
1401140 1666.3
1401150 1670.2
1401160 1670.2
1401170 1674.2
1401180 1677.1
1401190 1677.1
1401200 1680.9
1401210 1684.2
1401220 1686.6
1401230 1686.6
1401240 1687.5
1401250 1687.7
1401260 1687.7
1401270 1686.7
1401280 1685.0
1401290 1685.0
1401300 1682.3
1401310 1678.2
1401320 1678.2
1401330 1673.8
1401340 1669.8
1401350 1669.8
1401360 1665.7
1401370 1660.9
1401380 1660.9
1401390 1657.1
1401400 1653.6
1401410 1653.6
1401420 1650.8
1401430 1649.7
1401440 1649.7
1401450 1647.4
1401460 1645.9
1401470 1645.9
1401480 1643.8
1401490 1640.2
1401500 1640.2
1401510 1638.5
1401520 1637.5
1401530 1637.5
1401540 1636.1
1401550 1633.6
1401560 1633.6
1401570 1629.8
1401580 1625.7
1401590 1625.7
1401600 1621.8
1401610 1618.3
1401620 1617.2
1401630 1617.2
1401640 1614.8
1401650 1613.3
1401660 1613.3
1401670 1612.9
1401680 1616.0
1401690 1616.0
1401700 1610.5
1401710 1608.4
1401720 1608.4
1401730 1606.7
1401740 1601.9
1401750 1601.9
1401760 1598.0
1401770 1594.3
1401780 1594.3
1401790 1592.4
1401800 1588.8
1401810 1588.8
1401820 1586.8
1401830 1586.6
1401840 1586.6
1401850 1586.3
1401860 1584.6
1401870 1584.6
1401880 1582.5
1401890 1580.7
1401900 1580.7
1401910 1578.8
1401920 1576.3
1401930 1576.3
1401940 1573.7
1401950 1572.3
1401960 1572.3
1401970 1570.2
1401980 1568.5
1401990 1566.8
1402000 1566.8
1402010 1565.4
1402020 1563.8
1402030 1563.8
1402040 1561.7
1402050 1560.3
1402060 1560.3
1402070 1559.6
1402080 1559.7
1402090 1559.7
1402100 1560.8
1402110 1561.5
1402120 1561.5
1402130 1561.7
1402140 1562.0
1402150 1562.0
1402160 1562.9
1402170 1563.4
1402180 1563.4
1402190 1565.7
1402200 1573.5
1402210 1573.5
1402220 1577.1
1402230 1582.3
1402240 1582.3
1402250 1587.8
1402260 1591.0
1402270 1591.0
1402280 1592.2
1402290 1593.7
1402300 1593.7
1402310 1592.9
1402320 1586.3
1402330 1586.3
1402340 1585.0
1402350 1604.9
1402360 1604.9
1402370 1632.7
1402380 1648.2
1402390 1649.5
1402400 1649.5
1402410 1635.2
1402420 1617.5
1402430 1617.5
1402440 1649.2
1402450 1672.2
1402460 1672.2
1402470 1678.2
1402480 1678.9
1402490 1678.9
1402500 1677.9
1402510 1675.4
1402520 1675.4
1402530 1673.1
1402540 1671.1
1402550 1671.1
1402560 1669.2
1402570 1670.0
1402580 1670.0
1402590 1667.4
1402600 1662.1
1402610 1662.1
1402620 1658.6
1402630 1655.1
1402640 1655.1
1402650 1653.9
1402660 1653.1
1402670 1653.1
1402680 1652.7
1402690 1652.0
1402700 1652.0
1402710 1646.3
1402720 1636.0
1402730 1636.0
1402740 1635.1
1402750 1644.6
1402760 1655.5
1402770 1655.5
1402780 1664.7
1402790 1668.5
1402800 1668.5
1402810 1671.0
1402820 1672.5
1402830 1672.5
1402840 1669.0
1402850 1663.5
1402860 1663.5
1402870 1657.0
1402880 1651.3
1402890 1651.3
1402900 1649.5
1402910 1647.6
1402920 1647.6
1402930 1645.5
1402940 1647.7
1402950 1647.7
1402960 1647.7
1402970 1645.0
1402980 1645.0
1402990 1641.8
1403000 1637.1
1403010 1637.1
1403020 1636.0
1403030 1635.0
1403040 1635.0
1403050 1631.7
1403060 1629.4
1403070 1629.4
1403080 1627.4
1403090 1628.0
1403100 1628.0
1403110 1628.3
1403120 1629.6
1403130 1629.6
1403140 1635.6
1403150 1638.9
1403160 1642.3
1403170 1642.3
1403180 1641.6
1403190 1647.0
1403200 1647.0
1403210 1652.8
1403220 1656.5
1403230 1656.5
1403240 1656.2
1403250 1652.5
1403260 1652.5
1403270 1654.2
1403280 1651.7
1403290 1651.7
1403300 1652.0
1403310 1651.8
1403320 1651.8
1403330 1652.8
1403340 1648.7
1403350 1648.7
1403360 1645.0
1403370 1648.3
1403380 1648.3
1403390 1644.9
1403400 1644.7
1403410 1644.7
1403420 1641.6
1403430 1637.9
1403440 1637.9
1403450 1636.2
1403460 1633.2
1403470 1633.2
1403480 1630.0
1403490 1623.5
1403500 1623.5
1403510 1621.8
1403520 1622.5
1403530 1622.5
1403540 1624.7
1403550 1624.1
1403560 1618.4
1403570 1618.4
1403580 1617.0
1403590 1614.4
1403600 1614.4
1403610 1620.9
1403620 1623.1
1403630 1623.1
1403640 1622.5
1403650 1624.0
1403660 1624.0
1403670 1626.6
1403680 1623.8
1403690 1623.8
1403700 1620.1
1403710 1615.8
1403720 1615.8
1403730 1614.4
1403740 1611.0
1403750 1611.0
1403760 1607.4
1403770 1604.3
1403780 1604.3
1403790 1600.2
1403800 1596.8
1403810 1596.8
1403820 1593.2
1403830 1586.4
1403840 1586.4
1403850 1582.2
1403860 1579.8
1403870 1579.8
1403880 1575.9
1403890 1572.5
1403900 1572.5
1403910 1567.7
1403920 1572.6
1403930 1578.7
1403940 1578.7
1403950 1580.6
1403960 1578.8
1403970 1578.8
1403980 1574.9
1403990 1569.5
1404000 1569.5
1404010 1565.9
1404020 1563.7
1404030 1563.7
1404040 1560.5
1404050 1557.6
1404060 1557.6
1404070 1555.0
1404080 1552.5
1404090 1552.5
1404100 1550.3
1404110 1548.8
1404120 1548.8
1404130 1546.2
1404140 1543.4
1404150 1543.4
1404160 1541.8
1404170 1540.2
1404180 1540.2
1404190 1537.5
1404200 1534.4
1404210 1534.4
1404220 1530.9
1404230 1529.6
1404240 1529.6
1404250 1526.6
1404260 1523.1
1404270 1523.1
1404280 1519.7
1404290 1511.1
1404300 1511.1
1404310 1502.7
1404320 1502.1
1404330 1498.2
1404340 1498.2
1404350 1494.8
1404360 1492.4
1404370 1492.4
1404380 1489.1
1404390 1483.7
1404400 1483.7
1404410 1483.0
1404420 1485.7
1404430 1485.7
1404440 1486.7
1404450 1483.7
1404460 1483.7
1404470 1478.1
1404480 1473.5
1404490 1473.5
1404500 1468.3
1404510 1468.2
1404520 1468.2
1404530 1470.5
1404540 1473.5
1404550 1473.5
1404560 1473.1
1404570 1471.2
1404580 1471.2
1404590 1471.1
1404600 1466.5
1404610 1466.5
1404620 1462.9
1404630 1459.1
1404640 1459.1
1404650 1455.0
1404660 1453.4
1404670 1453.4
1404680 1456.0
1404690 1455.4
1404700 1453.7
1404710 1453.7
1404720 1451.0
1404730 1448.6
1404740 1448.6
1404750 1444.8
1404760 1442.6
1404770 1442.6
1404780 1441.5
1404790 1436.7
1404800 1436.7
1404810 1434.8
1404820 1431.2
1404830 1431.2
1404840 1432.5
1404850 1439.0
1404860 1439.0
1404870 1444.9
1404880 1444.1
1404890 1444.1
1404900 1443.4
1404910 1440.3
1404920 1440.3
1404930 1436.6
1404940 1433.4
1404950 1433.4
1404960 1429.1
1404970 1427.3
1404980 1427.3
1404990 1425.3
1405000 1421.7
1405010 1421.7
1405020 1418.1
1405030 1413.1
1405040 1413.1
1405050 1413.2
1405060 1414.3
1405070 1414.3
1405080 1412.4
1405090 1410.6
1405100 1415.0
1405110 1415.0
1405120 1421.3
1405130 1431.3
1405140 1431.3
1405150 1439.8
1405160 1445.9
1405170 1445.9
1405180 1445.2
1405190 1444.6
1405200 1444.6
1405210 1440.6
1405220 1436.6
1405230 1436.6
1405240 1438.4
1405250 1438.6
1405260 1438.6
1405270 1436.3
1405280 1433.0
1405290 1433.0
1405300 1428.3
1405310 1423.7
1405320 1423.7
1405330 1421.1
1405340 1417.5
1405350 1417.5
1405360 1413.6
1405370 1409.8
1405380 1409.8
1405390 1406.5
1405400 1403.9
1405410 1403.9
1405420 1410.2
1405430 1419.6
1405440 1419.6
1405450 1424.0
1405460 1422.8
1405470 1422.8
1405480 1421.8
1405490 1422.0
1405500 1424.2
1405510 1424.2
1405520 1424.0
1405530 1421.7
1405540 1421.7
1405550 1420.1
1405560 1420.9
1405570 1420.9
1405580 1421.5
1405590 1422.6
1405600 1422.6
1405610 1425.2
1405620 1426.1
1405630 1426.1
1405640 1426.9
1405650 1424.9
1405660 1424.9
1405670 1422.5
1405680 1419.4
1405690 1419.4
1405700 1417.8
1405710 1422.2
1405720 1422.2
1405730 1424.2
1405740 1424.0
1405750 1424.0
1405760 1422.6
1405770 1420.1
1405780 1420.1
1405790 1417.8
1405800 1416.1
1405810 1416.1
1405820 1415.3
1405830 1416.6
1405840 1417.5
1405850 1420.4
1405860 1420.9
1405870 1419.0
1405880 1419.0
1405890 1419.6
1405900 1423.7
1405910 1423.7
1405920 1426.7
1405930 1429.0
1405940 1429.0
1405950 1431.1
1405960 1433.6
1405970 1433.6
1405980 1435.5
1405990 1437.2
1406000 1437.2
1406010 1438.3
1406020 1441.5
1406030 1441.5
1406040 1446.7
1406050 1452.1
1406060 1452.1
1406070 1457.7
1406080 1463.5
1406090 1463.5
1406100 1468.8
1406110 1473.6
1406120 1473.6
1406130 1477.9
1406140 1480.3
1406150 1480.3
1406160 1480.2
1406170 1479.4
1406180 1479.4
1406190 1478.9
1406200 1478.0
1406210 1478.0
1406220 1476.9
1406230 1475.1
1406240 1475.1
1406250 1473.6
1406260 1471.7
1406270 1470.2
1406280 1470.2
1406290 1469.8
1406300 1469.8
1406310 1469.8
1406320 1468.9
1406330 1468.2
1406340 1468.2
1406350 1466.5
1406360 1463.8
1406370 1463.8
1406380 1460.6
1406390 1458.5
1406400 1458.5
1406410 1457.3
1406420 1457.1
1406430 1457.1
1406440 1457.7
1406450 1460.1
1406460 1460.1
1406470 1463.6
1406480 1466.8
1406490 1466.8
1406500 1468.4
1406510 1468.2
1406520 1468.2
1406530 1467.0
1406540 1466.9
1406550 1466.9
1406560 1466.8
1406570 1466.3
1406580 1466.3
1406590 1465.5
1406600 1465.5
1406610 1465.5
1406620 1465.7
1406630 1466.2
1406640 1466.1
1406650 1466.1
1406660 1465.0
1406670 1464.6
1406680 1464.6
1406690 1464.5
1406700 1464.1
1406710 1464.1
1406720 1464.5
1406730 1463.9
1406740 1463.9
1406750 1462.7
1406760 1461.2
1406770 1461.2
1406780 1459.3
1406790 1457.6
1406800 1457.6
1406810 1455.4
1406820 1451.8
1406830 1451.8
1406840 1447.7
1406850 1444.6
1406860 1444.6
1406870 1442.9
1406880 1441.1
1406890 1441.1
1406900 1437.5
1406910 1434.4
1406920 1434.4
1406930 1432.7
1406940 1430.5
1406950 1430.5
1406960 1428.3
1406970 1428.1
1406980 1428.1
1406990 1427.8
1407000 1427.7
1407010 1427.7
1407020 1428.0
1407030 1428.6
1407040 1429.1
1407050 1429.1
1407060 1431.1
1407070 1433.0
1407080 1433.0
1407090 1432.1
1407100 1431.6
1407110 1431.6
1407120 1431.7
1407130 1431.8
1407140 1431.8
1407150 1433.4
1407160 1435.9
1407170 1435.9
1407180 1436.6
1407190 1437.0
1407200 1437.0
1407210 1437.8
1407220 1438.2
1407230 1438.2
1407240 1438.0
1407250 1437.4
1407260 1437.4
1407270 1437.0
1407280 1437.9
1407290 1437.9
1407300 1439.6
1407310 1441.5
1407320 1441.5
1407330 1442.5
1407340 1443.1
1407350 1443.1
1407360 1444.2
1407370 1445.4
1407380 1445.4
1407390 1446.3
1407400 1447.7
1407410 1447.7
1407420 1449.6
1407430 1452.6
1407440 1456.1
1407450 1456.1
1407460 1459.3
1407470 1462.8
1407480 1462.8
1407490 1467.7
1407500 1471.4
1407510 1471.4
1407520 1474.7
1407530 1477.8
1407540 1477.8
1407550 1480.6
1407560 1482.9
1407570 1482.9
1407580 1485.1
1407590 1486.5
1407600 1486.5
1407610 1488.3
1407620 1489.2
1407630 1489.2
1407640 1489.9
1407650 1491.2
1407660 1491.2
1407670 1492.4
1407680 1493.8
1407690 1493.8
1407700 1494.7
1407710 1495.4
1407720 1495.4
1407730 1495.9
1407740 1496.1
1407750 1496.1
1407760 1495.8
1407770 1495.1
1407780 1495.1
1407790 1494.1
1407800 1492.8
1407810 1491.3
1407820 1491.3
1407830 1490.1
1407840 1489.0
1407850 1489.0
1407860 1488.3
1407870 1487.6
1407880 1487.6
1407890 1486.5
1407900 1486.4
1407910 1486.4
1407920 1486.7
1407930 1487.0
1407940 1487.0
1407950 1487.7
1407960 1488.1
1407970 1488.1
1407980 1488.2
1407990 1488.3
1408000 1488.3
1408010 1488.4
1408020 1488.2
1408030 1488.2
1408040 1486.5
1408050 1484.3
1408060 1484.3
1408070 1483.4
1408080 1482.8
1408090 1482.8
1408100 1481.7
1408110 1479.3
1408120 1479.3
1408130 1475.2
1408140 1471.0
1408150 1471.0
1408160 1467.6
1408170 1464.0
1408180 1464.0
1408190 1460.4
1408200 1457.4
1408210 1454.9
1408220 1454.9
1408230 1452.7
1408240 1450.6
1408250 1450.6
1408260 1448.6
1408270 1449.5
1408280 1449.5
1408290 1449.8
1408300 1448.1
1408310 1448.1
1408320 1445.9
1408330 1443.3
1408340 1443.3
1408350 1441.0
1408360 1439.0
1408370 1439.0
1408380 1437.2
1408390 1435.6
1408400 1435.6
1408410 1434.3
1408420 1433.0
1408430 1433.0
1408440 1432.3
1408450 1431.4
1408460 1431.4
1408470 1430.0
1408480 1429.0
1408490 1429.0
1408500 1427.5
1408510 1428.1
1408520 1428.1
1408530 1431.7
1408540 1431.8
1408550 1431.8
1408560 1429.8
1408570 1426.6
1408580 1423.2
1408590 1423.2
1408600 1419.3
1408610 1415.2
1408620 1415.2
1408630 1412.3
1408640 1409.9
1408650 1409.9
1408660 1409.7
1408670 1410.4
1408680 1410.4
1408690 1411.8
1408700 1414.1
1408710 1414.1
1408720 1416.4
1408730 1419.3
1408740 1419.3
1408750 1423.0
1408760 1427.4
1408770 1427.4
1408780 1432.2
1408790 1436.6
1408800 1436.6
1408810 1440.2
1408820 1444.5
1408830 1444.5
1408840 1448.9
1408850 1452.6
1408860 1452.6
1408870 1457.3
1408880 1462.2
1408890 1462.2
1408900 1466.6
1408910 1471.7
1408920 1471.7
1408930 1476.9
1408940 1483.9
1408950 1483.9
1408960 1490.7
1408970 1498.6
1408980 1505.4
1408990 1505.4
1409000 1511.7
1409010 1520.7
1409020 1520.7
1409030 1530.8
1409040 1539.6
1409050 1539.6
1409060 1545.1
1409070 1549.6
1409080 1549.6
1409090 1553.0
1409100 1555.0
1409110 1555.0
1409120 1556.4
1409130 1557.5
1409140 1557.5
1409150 1557.0
1409160 1556.0
1409170 1557.5
1409180 1557.0
1409190 1556.4
1409200 1556.4
1409210 1554.5
1409220 1553.1
1409230 1553.1
1409240 1552.4
1409250 1551.7
1409260 1551.7
1409270 1554.1
1409280 1558.2
1409290 1558.2
1409300 1556.8
1409310 1555.9
1409320 1555.9
1409330 1555.6
1409340 1556.7
1409350 1556.7
1409360 1557.7
1409370 1559.9
1409380 1563.3
1409390 1563.3
1409400 1572.0
1409410 1576.0
1409420 1576.0
1409430 1574.5
1409440 1576.7
1409450 1576.7
1409460 1578.8
1409470 1580.2
1409480 1580.2
1409490 1582.8
1409500 1583.4
1409510 1583.4
1409520 1587.1
1409530 1592.2
1409540 1592.2
1409550 1589.1
1409560 1585.8
1409570 1585.8
1409580 1584.9
1409590 1581.3
1409600 1581.3
1409610 1583.5
1409620 1580.9
1409630 1580.9
1409640 1578.7
1409650 1577.9
1409660 1577.9
1409670 1577.4
1409680 1566.9
1409690 1566.9
1409700 1558.7
1409710 1546.7
1409720 1546.7
1409730 1530.8
1409740 1510.6
1409750 1508.0
1409760 1508.0
1409770 1509.2
1409780 1512.4
1409790 1512.4
1409800 1516.1
1409810 1518.9
1409820 1518.9
1409830 1521.2
1409840 1519.7
1409850 1519.7
1409860 1520.5
1409870 1523.2
1409880 1523.2
1409890 1536.3
1409900 1547.8
1409910 1547.8
1409920 1558.2
1409930 1570.0
1409940 1570.0
1409950 1576.7
1409960 1592.1
1409970 1592.1
1409980 1614.3
1409990 1622.6
1410000 1622.6
1410010 1620.5
1410020 1606.2
1410030 1606.2
1410040 1590.1
1410050 1575.1
1410060 1575.1
1410070 1554.1
1410080 1545.1
1410090 1545.1
1410100 1530.3
1410110 1513.1
1410120 1513.1
1410130 1502.9
1410140 1486.8
1410150 1475.0
1410160 1475.0
1410170 1468.3
1410180 1457.4
1410190 1457.4
1410200 1432.4
1410210 1425.6
1410220 1425.6
1410230 1403.5
1410240 1391.9
1410250 1391.9
1410260 1385.5
1410270 1379.8
1410280 1379.8
1410290 1373.7
1410300 1367.4
1410310 1367.4
1410320 1361.3
1410330 1355.0
1410340 1355.0
1410350 1349.0
1410360 1342.9
1410370 1342.9
1410380 1337.3
1410390 1332.3
1410400 1332.3
1410410 1327.7
1410420 1323.2
1410430 1323.2
1410440 1320.1
1410450 1317.2
1410460 1317.2
1410470 1315.9
1410480 1314.2
1410490 1314.2
1410500 1312.6
1410510 1310.5
1410520 1308.7
1410530 1308.7
1410540 1306.6
1410550 1303.9
1410560 1303.9
1410570 1301.2
1410580 1298.9
1410590 1298.9
1410600 1295.6
1410610 1289.7
1410620 1289.7
1410630 1282.3
1410640 1275.8
1410650 1275.8
1410660 1268.3
1410670 1261.1
1410680 1261.1
1410690 1255.4
1410700 1251.4
1410710 1251.4
1410720 1248.3
1410730 1244.7
1410740 1244.7
1410750 1240.1
1410760 1235.3
1410770 1235.3
1410780 1231.7
1410790 1228.9
1410800 1228.9
1410810 1225.1
1410820 1219.3
1410830 1219.3
1410840 1213.2
1410850 1207.1
1410860 1207.1
1410870 1203.4
1410880 1203.4
1410890 1208.0
1410900 1202.9
1410910 1199.6
1410920 1197.8
1410930 1197.8
1410940 1193.5
1410950 1190.6
1410960 1190.6
1410970 1188.0
1410980 1185.3
1410990 1185.3
1411000 1185.8
1411010 1186.5
1411020 1186.5
1411030 1183.7
1411040 1180.8
1411050 1180.8
1411060 1180.0
1411070 1177.9
1411080 1177.9
1411090 1175.1
1411100 1170.1
1411110 1170.1
1411120 1166.1
1411130 1162.9
1411140 1162.9
1411150 1160.1
1411160 1157.9
1411170 1157.9
1411180 1156.3
1411190 1153.8
1411200 1153.8
1411210 1151.7
1411220 1150.0
1411230 1150.0
1411240 1147.8
1411250 1144.1
1411260 1144.1
1411270 1139.7
1411280 1135.1
1411290 1135.1
1411300 1130.4
1411310 1126.3
1411320 1122.4
1411330 1122.4
1411340 1119.3
1411350 1115.2
1411360 1115.2
1411370 1109.5
1411380 1104.2
1411390 1104.2
1411400 1099.9
1411410 1093.8
1411420 1093.8
1411430 1089.3
1411440 1086.9
1411450 1086.9
1411460 1084.4
1411470 1081.0
1411480 1081.0
1411490 1077.5
1411500 1073.9
1411510 1073.9
1411520 1070.3
1411530 1067.1
1411540 1067.1
1411550 1064.2
1411560 1060.7
1411570 1060.7
1411580 1057.0
1411590 1053.1
1411600 1053.1
1411610 1049.0
1411620 1044.4
1411630 1044.4
1411640 1039.9
1411650 1035.7
1411660 1035.7
1411670 1031.9
1411680 1028.2
1411690 1024.6
1411700 1024.6
1411710 1021.2
1411720 1018.3
1411730 1018.3
1411740 1015.7
1411750 1012.9
1411760 1012.9
1411770 1008.1
1411780 1003.1
1411790 1003.1
1411800 998.4
1411810 993.6
1411820 993.6
1411830 989.1
1411840 984.6
1411850 984.6
1411860 980.3
1411870 976.3
1411880 976.3
1411890 972.9
1411900 969.9
1411910 969.9
1411920 967.7
1411930 965.3
1411940 965.3
1411950 963.3
1411960 961.2
1411970 961.2
1411980 959.1
1411990 957.2
1412000 957.2
1412010 953.4
1412020 947.8
1412030 947.8
1412040 943.1
1412050 940.0
1412060 940.0
1412070 935.4
1412080 930.0
1412090 924.6
1412100 924.6
1412110 919.1
1412120 914.6
1412130 914.6
1412140 908.9
1412150 905.7
1412160 905.7
1412170 903.4
1412180 901.4
1412190 901.4
1412200 899.6
1412210 897.3
1412220 897.3
1412230 893.7
1412240 891.0
1412250 891.0
1412260 889.7
1412270 889.3
1412280 889.3
1412290 889.3
1412300 889.5
1412310 889.5
1412320 889.7
1412330 890.5
1412340 890.5
1412350 893.0
1412360 895.9
1412370 895.9
1412380 897.5
1412390 897.8
1412400 897.8
1412410 897.1
1412420 895.9
1412430 895.9
1412440 894.7
1412450 893.2
1412460 892.5
1412470 892.5
1412480 892.1
1412490 890.9
1412500 890.9
1412510 890.1
1412520 889.2
1412530 889.2
1412540 889.7
1412550 891.4
1412560 891.4
1412570 892.6
1412580 893.3
1412590 893.3
1412600 892.7
1412610 890.2
1412620 890.2
1412630 889.2
1412640 887.6
1412650 886.1
1412660 882.1
1412670 878.5
1412680 878.5
1412690 875.9
1412700 873.3
1412710 873.3
1412720 871.2
1412730 868.2
1412740 868.2
1412750 864.8
1412760 862.5
1412770 862.5
1412780 862.3
1412790 861.3
1412800 861.3
1412810 857.6
1412820 854.4
1412830 854.4
1412840 843.0
1412850 813.3
1412860 806.9
1412870 806.9
1412880 804.3
1412890 801.5
1412900 801.5
1412910 797.4
1412920 793.7
1412930 793.7
1412940 790.2
1412950 786.5
1412960 786.5
1412970 782.9
1412980 780.5
1412990 780.5
1413000 779.5
1413010 777.4
1413020 777.4
1413030 773.4
1413040 770.7
1413050 770.7
1413060 766.7
1413070 762.1
1413080 762.1
1413090 759.9
1413100 757.5
1413110 757.5
1413120 754.6
1413130 750.5
1413140 750.5
1413150 746.8
1413160 742.8
1413170 742.8
1413180 738.9
1413190 736.2
1413200 736.2
1413210 732.7
1413220 728.4
1413230 725.4
1413240 725.4
1413250 723.1
1413260 720.2
1413270 720.2
1413280 716.6
1413290 714.3
1413300 714.3
1413310 713.1
1413320 711.1
1413330 711.1
1413340 706.2
1413350 700.4
1413360 700.4
1413370 694.0
1413380 690.6
1413390 690.6
1413400 689.3
1413410 687.8
1413420 687.8
1413430 685.3
1413440 682.1
1413450 682.1
1413460 679.0
1413470 676.7
1413480 676.7
1413490 674.2
1413500 671.5
1413510 671.5
1413520 670.0
1413530 668.5
1413540 668.5
1413550 667.5
1413560 667.5
1413570 667.5
1413580 666.6
1413590 665.5
1413600 665.5
1413610 666.1
1413620 668.5
1413630 670.5
1413640 670.5
1413650 670.9
1413660 670.2
1413670 670.2
1413680 668.3
1413690 666.5
1413700 666.5
1413710 662.0
1413720 656.3
1413730 656.3
1413740 651.6
1413750 648.5
1413760 648.5
1413770 646.2
1413780 643.3
1413790 643.3
1413800 641.4
1413810 641.7
1413820 641.7
1413830 643.7
1413840 645.3
1413850 645.3
1413860 645.0
1413870 640.2
1413880 640.2
1413890 630.4
1413900 623.4
1413910 623.4
1413920 618.4
1413930 615.8
1413940 615.8
1413950 615.1
1413960 614.5
1413970 614.5
1413980 613.5
1413990 612.4
1414000 612.4
1414010 612.0
1414020 612.1
1414030 611.8
1414040 611.8
1414050 611.5
1414060 610.6
1414070 610.6
1414080 607.5
1414090 606.4
1414100 606.4
1414110 606.5
1414120 604.7
1414130 604.7
1414140 600.9
1414150 599.1
1414160 599.1
1414170 598.3
1414180 593.0
1414190 593.0
1414200 589.3
1414210 581.5
1414220 581.5
1414230 575.0
1414240 571.4
1414250 571.4
1414260 570.7
1414270 570.7
1414280 570.7
1414290 571.0
1414300 573.8
1414310 573.8
1414320 580.0
1414330 587.6
1414340 587.6
1414350 592.8
1414360 596.1
1414370 596.1
1414380 600.2
1414390 601.7
1414400 602.0
1414410 602.0
1414420 602.2
1414430 602.2
1414440 602.2
1414450 602.0
1414460 601.7
1414470 601.7
1414480 601.3
1414490 600.8
1414500 600.8
1414510 600.6
1414520 600.8
1414530 600.8
1414540 602.2
1414550 603.9
1414560 603.9
1414570 604.8
1414580 605.4
1414590 605.4
1414600 605.1
1414610 603.7
1414620 603.7
1414630 601.9
1414640 600.5
1414650 600.5
1414660 599.8
1414670 600.4
1414680 600.4
1414690 601.9
1414700 603.7
1414710 603.7
1414720 604.1
1414730 604.2
1414740 604.2
1414750 604.5
1414760 604.7
1414770 604.7
1414780 604.0
1414790 603.5
1414800 603.8
1414810 603.8
1414820 606.2
1414830 608.9
1414840 608.9
1414850 611.4
1414860 611.2
1414870 611.2
1414880 610.5
1414890 609.9
1414900 609.9
1414910 608.6
1414920 607.4
1414930 607.4
1414940 607.3
1414950 604.9
1414960 604.9
1414970 602.9
1414980 602.6
1414990 602.6
1415000 604.1
1415010 606.5
1415020 606.5
1415030 607.6
1415040 609.3
1415050 609.3
1415060 610.8
1415070 611.5
1415080 611.5
1415090 612.6
1415100 614.2
1415110 614.2
1415120 615.8
1415130 615.9
1415140 615.9
1415150 616.3
1415160 617.1
1415170 617.7
1415180 617.7
1415190 618.1
1415200 618.0
1415210 618.0
1415220 618.2
1415230 618.6
1415240 618.6
1415250 618.6
1415260 618.7
1415270 618.7
1415280 618.1
1415290 618.1
1415300 618.1
1415310 617.9
1415320 617.9
1415330 617.9
1415340 618.5
1415350 618.5
1415360 618.5
1415370 618.7
1415380 620.2
1415390 620.2
1415400 623.3
1415410 626.7
1415420 626.7
1415430 630.0
1415440 633.4
1415450 633.4
1415460 637.8
1415470 642.0
1415480 642.0
1415490 645.5
1415500 647.6
1415510 647.6
1415520 650.1
1415530 651.0
1415540 651.0
1415550 650.6
1415560 649.5
1415570 649.9
1415580 649.9
1415590 651.1
1415600 653.0
1415610 653.0
1415620 655.5
1415630 658.6
1415640 658.6
1415650 664.0
1415660 669.6
1415670 669.6
1415680 674.7
1415690 677.9
1415700 677.9
1415710 679.1
1415720 677.9
1415730 677.9
1415740 678.2
1415750 680.8
1415760 680.8
1415770 682.8
1415780 686.0
1415790 686.0
1415800 686.9
1415810 686.8
1415820 686.8
1415830 686.3
1415840 686.3
1415850 686.3
1415860 688.0
1415870 689.8
1415880 689.8
1415890 688.8
1415900 688.6
1415910 688.6
1415920 690.4
1415930 692.8
1415940 692.8
1415950 696.1
1415960 700.9
1415970 706.8
1415980 706.8
1415990 713.1
1416000 720.0
1416010 720.0
1416020 727.1
1416030 735.1
1416040 735.1
1416050 743.0
1416060 749.6
1416070 749.6
1416080 756.4
1416090 764.1
1416100 764.1
1416110 767.9
1416120 771.0
1416130 771.0
1416140 788.7
1416150 802.1
1416160 802.1
1416170 803.8
1416180 801.3
1416190 801.3
1416200 799.0
1416210 797.2
1416220 797.2
1416230 796.3
1416240 796.2
1416250 796.2
1416260 796.6
1416270 797.3
1416280 797.3
1416290 798.2
1416300 799.3
1416310 800.1
1416320 802.6
1416330 805.9
1416340 810.1
1416350 810.1
1416360 813.7
1416370 819.1
1416380 819.1
1416390 825.5
1416400 830.7
1416410 830.7
1416420 833.2
1416430 837.3
1416440 837.3
1416450 839.9
1416460 842.4
1416470 842.4
1416480 845.3
1416490 847.4
1416500 847.4
1416510 849.3
1416520 850.9
1416530 850.9
1416540 852.6
1416550 854.2
1416560 854.2
1416570 855.7
1416580 856.9
1416590 856.9
1416600 858.6
1416610 861.1
1416620 861.1
1416630 863.7
1416640 867.6
1416650 867.6
1416660 872.3
1416670 876.9
1416680 876.9
1416690 882.6
1416700 889.2
1416710 889.2
1416720 895.8
1416730 902.5
1416740 909.0
1416750 909.0
1416760 916.3
1416770 918.6
1416780 918.6
1416790 919.4
1416800 921.7
1416810 921.7
1416820 926.2
1416830 931.9
1416840 931.9
1416850 937.7
1416860 943.5
1416870 943.5
1416880 949.1
1416890 955.7
1416900 955.7
1416910 963.9
1416920 977.2
1416930 977.2
1416940 990.3
1416950 996.5
1416960 996.5
1416970 1002.2
1416980 1008.2
1416990 1008.2
1417000 1014.3
1417010 1020.0
1417020 1020.0
1417030 1024.4
1417040 1026.3
1417050 1026.3
1417060 1025.1
1417070 1024.0
1417080 1024.0
1417090 1024.4
1417100 1023.0
1417110 1021.8
1417120 1021.8
1417130 1020.3
1417140 1019.1
1417150 1019.1
1417160 1019.5
1417170 1019.6
1417180 1019.6
1417190 1019.1
1417200 1018.3
1417210 1018.3
1417220 1019.8
1417230 1022.3
1417240 1022.3
1417250 1023.2
1417260 1023.7
1417270 1023.7
1417280 1024.1
1417290 1023.8
1417300 1023.8
1417310 1025.6
1417320 1026.1
1417330 1026.1
1417340 1023.9
1417350 1020.3
1417360 1020.3
1417370 1017.3
1417380 1018.2
1417390 1018.2
1417400 1019.4
1417410 1020.8
1417420 1020.8
1417430 1023.5
1417440 1026.0
1417450 1026.0
1417460 1028.8
1417470 1030.9
1417480 1030.9
1417490 1032.5
1417500 1033.8
1417510 1032.8
1417520 1032.8
1417530 1029.8
1417540 1025.9
1417550 1025.9
1417560 1020.6
1417570 1015.5
1417580 1015.5
1417590 1010.0
1417600 1004.9
1417610 1004.9
1417620 1000.1
1417630 996.5
1417640 996.5
1417650 994.6
1417660 993.9
1417670 993.9
1417680 993.2
1417690 992.1
1417700 992.1
1417710 990.0
1417720 988.9
1417730 988.9
1417740 987.6
1417750 984.3
1417760 984.3
1417770 978.6
1417780 969.3
1417790 969.3
1417800 959.8
1417810 951.9
1417820 951.9
1417830 945.0
1417840 938.6
1417850 938.6
1417860 931.9
1417870 925.2
1417880 925.2
1417890 919.0
1417900 914.0
1417910 909.7
1417920 909.7
1417930 905.7
1417940 905.3
1417950 905.3
1417960 905.2
1417970 903.0
1417980 903.0
1417990 900.2
1418000 897.6
1418010 897.6
1418020 894.9
1418030 892.5
1418040 892.5
1418050 890.2
1418060 887.4
1418070 887.4
1418080 885.5
1418090 885.3
1418100 885.3
1418110 885.5
1418120 884.4
1418130 884.4
1418140 884.2
1418150 879.4
1418160 879.4
1418170 878.5
1418180 884.4
1418190 884.4
1418200 889.0
1418210 896.9
1418220 896.9
1418230 898.9
1418240 900.2
1418250 900.2
1418260 899.7
1418270 898.0
1418280 896.0
1418290 896.0
1418300 892.8
1418310 890.7
1418320 890.7
1418330 891.0
1418340 891.7
1418350 891.7
1418360 892.2
1418370 892.0
1418380 892.0
1418390 891.6
1418400 891.0
1418410 891.0
1418420 890.0
1418430 889.3
1418440 889.3
1418450 888.7
1418460 888.2
1418470 888.2
1418480 887.3
1418490 886.0
1418500 886.0
1418510 884.4
1418520 883.8
1418530 883.8
1418540 882.8
1418550 880.4
1418560 880.4
1418570 878.5
1418580 877.6
1418590 877.6
1418600 877.8
1418610 878.3
1418620 878.3
1418630 878.2
1418640 876.3
1418650 876.3
1418660 873.6
1418670 870.9
1418680 869.0
1418690 869.0
1418700 867.7
1418710 865.3
1418720 865.3
1418730 862.2
1418740 859.7
1418750 859.7
1418760 857.5
1418770 855.8
1418780 855.8
1418790 853.8
1418800 851.4
1418810 851.4
1418820 849.0
1418830 847.0
1418840 847.0
1418850 844.7
1418860 841.2
1418870 841.2
1418880 835.9
1418890 830.6
1418900 830.6
1418910 826.3
1418920 821.7
1418930 821.7
1418940 817.7
1418950 816.8
1418960 816.8
1418970 820.6
1418980 823.5
1418990 823.5
1419000 822.2
1419010 816.3
1419020 816.3
1419030 810.1
1419040 810.7
1419050 814.0
1419060 814.0
1419070 817.1
1419080 820.7
1419090 820.7
1419100 824.7
1419110 830.2
1419120 830.2
1419130 836.9
1419140 842.9
1419150 842.9
1419160 848.6
1419170 855.1
1419180 855.1
1419190 862.0
1419200 867.2
1419210 867.2
1419220 872.7
1419230 879.6
1419240 879.6
1419250 886.6
1419260 893.0
1419270 893.0
1419280 898.8
1419290 904.7
1419300 904.7
1419310 908.5
1419320 911.2
1419330 911.2
1419340 914.3
1419350 918.0
1419360 918.0
1419370 922.5
1419380 925.6
1419390 925.6
1419400 929.8
1419410 933.7
1419420 933.7
1419430 937.5
1419440 940.3
1419450 943.3
1419460 943.3
1419470 947.1
1419480 951.4
1419490 951.4
1419500 954.6
1419510 956.7
1419520 956.7
1419530 958.8
1419540 962.0
1419550 962.0
1419560 966.0
1419570 969.6
1419580 969.6
1419590 973.1
1419600 977.4
1419610 977.4
1419620 982.6
1419630 988.8
1419640 988.8
1419650 995.4
1419660 1002.3
1419670 1002.3
1419680 1009.1
1419690 1014.2
1419700 1014.2
1419710 1019.2
1419720 1024.2
1419730 1024.2
1419740 1029.2
1419750 1034.3
1419760 1034.3
1419770 1038.9
1419780 1043.3
1419790 1043.3
1419800 1047.9
1419810 1052.4
1419820 1056.4
1419830 1056.4
1419840 1059.9
1419850 1063.2
1419860 1063.2
1419870 1066.3
1419880 1070.2
1419890 1070.2
1419900 1074.9
1419910 1079.3
1419920 1079.3
1419930 1082.8
1419940 1085.3
1419950 1085.3
1419960 1088.3
1419970 1092.0
1419980 1092.0
1419990 1094.9
