1400000 1441.9
1400010 1441.0
1400020 1441.0
1400030 1440.4
1400040 1440.0
1400050 1440.0
1400060 1439.6
1400070 1438.8
1400080 1438.8
1400090 1437.3
1400100 1435.3
1400110 1435.3
1400120 1433.1
1400130 1430.9
1400140 1430.9
1400150 1428.4
1400160 1426.6
1400170 1425.1
1400180 1425.1
1400190 1423.9
1400200 1422.7
1400210 1422.7
1400220 1421.9
1400230 1421.4
1400240 1421.4
1400250 1420.8
1400260 1420.1
1400270 1420.1
1400280 1419.9
1400290 1419.9
1400300 1419.9
1400310 1419.5
1400320 1418.7
1400330 1418.7
1400340 1418.0
1400350 1417.8
1400360 1417.8
1400370 1422.2
1400380 1422.5
1400390 1422.5
1400400 1421.2
1400410 1418.9
1400420 1418.9
1400430 1417.3
1400440 1417.3
1400450 1417.3
1400460 1416.3
1400470 1412.2
1400480 1412.2
1400490 1410.9
1400500 1416.3
1400510 1416.3
1400520 1416.1
1400530 1414.3
1400540 1414.3
1400550 1411.5
1400560 1408.5
1400570 1405.9
1400580 1405.9
1400590 1403.3
1400600 1400.8
1400610 1400.8
1400620 1400.0
1400630 1400.1
1400640 1400.1
1400650 1398.9
1400660 1396.3
1400670 1396.3
1400680 1393.7
1400690 1392.3
1400700 1392.3
1400710 1391.2
1400720 1390.7
1400730 1390.7
1400740 1389.2
1400750 1386.4
1400760 1386.4
1400770 1383.5
1400780 1382.9
1400790 1382.9
1400800 1384.4
1400810 1385.2
1400820 1385.2
1400830 1385.2
1400840 1381.8
1400850 1381.8
1400860 1378.3
1400870 1376.5
1400880 1376.5
1400890 1372.6
1400900 1368.6
1400910 1368.6
1400920 1365.0
1400930 1361.8
1400940 1361.8
1400950 1358.4
1400960 1355.5
1400970 1352.1
1400980 1352.1
1400990 1348.1
1401000 1343.6
1401010 1343.6
1401020 1339.9
1401030 1337.4
1401040 1337.4
1401050 1336.0
1401060 1336.3
1401070 1336.3
1401080 1336.5
1401090 1335.6
1401100 1335.6
1401110 1332.4
1401120 1329.1
1401130 1329.1
1401140 1325.8
1401150 1324.0
1401160 1324.0
1401170 1322.3
1401180 1321.0
1401190 1321.0
1401200 1320.2
1401210 1319.3
1401220 1319.3
1401230 1318.2
1401240 1315.7
1401250 1315.7
1401260 1312.1
1401270 1308.2
1401280 1308.2
1401290 1305.7
1401300 1302.8
1401310 1302.8
1401320 1299.9
1401330 1298.1
1401340 1298.1
1401350 1295.9
1401360 1293.6
1401370 1291.7
1401380 1291.7
1401390 1291.0
1401400 1290.8
1401410 1290.8
1401420 1290.0
1401430 1287.1
1401440 1287.1
1401450 1284.9
1401460 1283.7
1401470 1283.7
1401480 1282.9
1401490 1282.1
1401500 1282.1
1401510 1280.8
1401520 1279.7
1401530 1279.7
1401540 1278.5
1401550 1276.9
1401560 1276.9
1401570 1274.4
1401580 1271.4
1401590 1271.4
1401600 1268.9
1401610 1267.5
1401620 1267.5
1401630 1265.7
1401640 1263.7
1401650 1263.7
1401660 1261.4
1401670 1256.2
1401680 1256.2
1401690 1249.4
1401700 1246.4
1401710 1246.4
1401720 1248.1
1401730 1248.8
1401740 1248.8
1401750 1250.7
1401760 1252.0
1401770 1249.7
1401780 1249.7
1401790 1247.0
1401800 1244.2
1401810 1244.2
1401820 1240.7
1401830 1237.0
1401840 1237.0
1401850 1234.3
1401860 1233.0
1401870 1233.0
1401880 1230.8
1401890 1229.1
1401900 1229.1
1401910 1226.5
1401920 1225.4
1401930 1225.4
1401940 1225.7
1401950 1226.4
1401960 1226.4
1401970 1224.6
1401980 1221.4
1401990 1221.4
1402000 1218.2
1402010 1215.5
1402020 1215.5
1402030 1214.9
1402040 1215.4
1402050 1215.4
1402060 1215.2
1402070 1214.6
1402080 1214.6
1402090 1213.9
1402100 1212.1
1402110 1212.1
1402120 1208.3
1402130 1204.1
1402140 1204.1
1402150 1200.3
1402160 1198.1
1402170 1196.7
1402180 1196.7
1402190 1194.9
1402200 1193.6
1402210 1193.6
1402220 1194.6
1402230 1198.3
1402240 1198.3
1402250 1201.6
1402260 1202.1
1402270 1202.1
1402280 1201.1
1402290 1200.3
1402300 1200.3
1402310 1199.8
1402320 1198.5
1402330 1198.5
1402340 1195.2
1402350 1190.9
1402360 1190.9
1402370 1188.6
1402380 1186.5
1402390 1186.5
1402400 1183.6
1402410 1182.5
1402420 1182.5
1402430 1181.7
1402440 1182.0
1402450 1182.0
1402460 1181.4
1402470 1180.0
1402480 1180.0
1402490 1178.3
1402500 1177.0
1402510 1177.0
1402520 1175.6
1402530 1174.0
1402540 1174.0
1402550 1172.1
1402560 1167.7
1402570 1162.4
1402580 1162.4
1402590 1155.0
1402600 1148.3
1402610 1148.3
1402620 1146.6
1402630 1149.9
1402640 1149.9
1402650 1157.1
1402660 1161.1
1402670 1161.1
1402680 1163.2
1402690 1164.1
1402700 1164.1
1402710 1165.5
1402720 1168.1
1402730 1168.1
1402740 1169.3
1402750 1168.8
1402760 1168.8
1402770 1168.1
1402780 1167.3
1402790 1167.3
1402800 1168.5
1402810 1171.0
1402820 1171.0
1402830 1173.9
1402840 1176.1
1402850 1176.1
1402860 1178.2
1402870 1181.2
1402880 1181.2
1402890 1183.4
1402900 1186.6
1402910 1186.6
1402920 1189.9
1402930 1193.5
1402940 1193.5
1402950 1197.5
1402960 1201.8
1402970 1206.7
1402980 1206.7
1402990 1212.0
1403000 1217.4
1403010 1217.4
1403020 1222.7
1403030 1227.7
1403040 1227.7
1403050 1232.9
1403060 1237.3
1403070 1237.3
1403080 1241.4
1403090 1244.4
1403100 1244.4
1403110 1249.1
1403120 1255.0
1403130 1255.0
1403140 1260.1
1403150 1264.8
1403160 1264.8
1403170 1269.0
1403180 1273.2
1403190 1273.2
1403200 1276.9
1403210 1279.8
1403220 1279.8
1403230 1281.8
1403240 1283.1
1403250 1283.1
1403260 1283.6
1403270 1283.6
1403280 1283.6
1403290 1283.5
1403300 1282.8
1403310 1282.8
1403320 1282.5
1403330 1281.6
1403340 1281.6
1403350 1279.8
1403360 1279.0
1403370 1279.2
1403380 1279.2
1403390 1278.3
1403400 1274.9
1403410 1274.9
1403420 1268.8
1403430 1262.6
1403440 1262.6
1403450 1260.7
1403460 1266.7
1403470 1269.6
1403480 1275.9
1403490 1281.5
1403500 1281.5
1403510 1288.2
1403520 1292.4
1403530 1292.4
1403540 1294.8
1403550 1296.4
1403560 1296.4
1403570 1297.6
1403580 1299.0
1403590 1299.0
1403600 1300.9
1403610 1303.0
1403620 1303.0
1403630 1304.8
1403640 1307.1
1403650 1307.1
1403660 1309.1
1403670 1311.0
1403680 1311.0
1403690 1312.4
1403700 1314.2
1403710 1314.2
1403720 1315.5
1403730 1316.1
1403740 1316.1
1403750 1316.6
1403760 1316.9
1403770 1317.0
1403780 1317.0
1403790 1316.5
1403800 1315.7
1403810 1315.7
1403820 1313.2
1403830 1308.9
1403840 1308.9
1403850 1306.1
1403860 1304.3
1403870 1304.3
1403880 1301.2
1403890 1297.5
1403900 1297.5
1403910 1295.7
1403920 1292.7
1403930 1292.7
1403940 1287.2
1403950 1283.3
1403960 1283.3
1403970 1281.2
1403980 1278.7
1403990 1278.7
1404000 1274.9
1404010 1270.4
1404020 1270.4
1404030 1266.9
1404040 1264.2
1404050 1264.2
1404060 1261.2
1404070 1256.8
1404080 1256.8
1404090 1251.3
1404100 1244.9
1404110 1244.9
1404120 1238.2
1404130 1232.2
1404140 1232.2
1404150 1227.0
1404160 1221.6
1404170 1216.6
1404180 1216.6
1404190 1212.2
1404200 1207.6
1404210 1207.6
1404220 1203.2
1404230 1198.9
1404240 1198.9
1404250 1195.1
1404260 1191.2
1404270 1191.2
1404280 1186.7
1404290 1182.0
1404300 1182.0
1404310 1177.1
1404320 1172.6
1404330 1172.6
1404340 1167.4
1404350 1161.6
1404360 1161.6
1404370 1155.0
1404380 1148.5
1404390 1148.5
1404400 1142.5
1404410 1136.4
1404420 1136.4
1404430 1129.8
1404440 1123.9
1404450 1123.9
1404460 1117.9
1404470 1111.8
1404480 1111.8
1404490 1107.3
1404500 1104.2
1404510 1104.2
1404520 1100.5
1404530 1097.2
1404540 1097.2
1404550 1093.3
1404560 1089.4
1404570 1083.2
1404580 1083.2
1404590 1076.8
1404600 1072.5
1404610 1072.5
1404620 1068.1
1404630 1063.2
1404640 1063.2
1404650 1059.9
1404660 1055.1
1404670 1055.1
1404680 1050.1
1404690 1046.5
1404700 1046.5
1404710 1043.6
1404720 1041.5
1404730 1041.5
1404740 1037.9
1404750 1033.9
1404760 1033.9
1404770 1030.7
1404780 1027.4
1404790 1027.4
1404800 1023.0
1404810 1017.7
1404820 1017.7
1404830 1013.4
1404840 1009.2
1404850 1009.2
1404860 1004.5
1404870 999.5
1404880 999.5
1404890 994.7
1404900 989.3
1404910 989.3
1404920 982.8
1404930 976.8
1404940 971.9
1404950 971.9
1404960 968.6
1404970 964.7
1404980 964.7
1404990 958.7
1405000 952.2
1405010 952.2
1405020 950.1
1405030 948.7
1405040 948.7
1405050 947.3
1405060 945.9
1405070 948.3
1405080 946.6
1405090 944.4
1405100 944.4
1405110 939.6
1405120 934.6
1405130 934.6
1405140 934.2
1405150 934.6
1405160 934.6
1405170 933.7
1405180 933.1
1405190 933.1
1405200 935.9
1405210 939.4
1405220 939.4
1405230 944.5
1405240 950.2
1405250 950.2
1405260 955.7
1405270 961.8
1405280 961.8
1405290 966.6
1405300 968.6
1405310 968.6
1405320 973.0
1405330 978.5
1405340 986.1
1405350 986.1
1405360 994.6
1405370 1002.7
1405380 1002.7
1405390 1009.1
1405400 1014.9
1405410 1014.9
1405420 1020.6
1405430 1027.1
1405440 1027.1
1405450 1033.0
1405460 1039.1
1405470 1039.1
1405480 1046.2
1405490 1053.8
1405500 1053.8
1405510 1061.5
1405520 1069.6
1405530 1069.6
1405540 1078.5
1405550 1088.2
1405560 1088.2
1405570 1096.9
1405580 1104.1
1405590 1104.1
1405600 1110.4
1405610 1117.3
1405620 1117.3
1405630 1124.3
1405640 1131.0
1405650 1131.0
1405660 1138.1
1405670 1145.1
1405680 1145.1
1405690 1152.7
1405700 1160.6
1405710 1160.6
1405720 1169.2
1405730 1177.3
1405740 1184.3
1405750 1184.3
1405760 1191.3
1405770 1196.1
1405780 1196.1
1405790 1196.9
1405800 1199.6
1405810 1199.6
1405820 1202.7
1405830 1206.0
1405840 1206.0
1405850 1208.9
1405860 1210.9
1405870 1210.9
1405880 1211.7
1405890 1210.7
1405900 1210.7
1405910 1207.8
1405920 1204.8
1405930 1204.8
1405940 1203.1
1405950 1201.7
1405960 1201.7
1405970 1199.5
1405980 1196.9
1405990 1196.9
1406000 1194.4
1406010 1192.6
1406020 1192.6
1406030 1192.3
1406040 1193.0
1406050 1193.0
1406060 1192.5
1406070 1188.8
1406080 1188.8
1406090 1191.3
1406100 1198.2
1406110 1198.2
1406120 1202.6
1406130 1204.1
1406140 1209.0
1406150 1209.0
1406160 1216.7
1406170 1222.3
1406180 1222.3
1406190 1227.1
1406200 1231.1
1406210 1231.1
1406220 1235.3
1406230 1239.1
1406240 1239.1
1406250 1242.6
1406260 1245.5
1406270 1245.5
1406280 1248.6
1406290 1252.6
1406300 1252.6
1406310 1256.8
1406320 1261.1
1406330 1261.1
1406340 1265.0
1406350 1268.4
1406360 1268.4
1406370 1271.1
1406380 1273.3
1406390 1273.3
1406400 1275.6
1406410 1278.3
1406420 1278.3
1406430 1280.5
1406440 1282.8
1406450 1282.8
1406460 1284.8
1406470 1284.8
1406480 1284.8
1406490 1287.3
1406500 1290.1
1406510 1290.1
1406520 1291.9
1406530 1293.6
1406540 1295.3
1406550 1295.3
1406560 1297.5
1406570 1299.2
1406580 1299.2
1406590 1300.8
1406600 1302.0
1406610 1302.0
1406620 1302.6
1406630 1302.7
1406640 1302.7
1406650 1303.1
1406660 1304.1
1406670 1304.1
1406680 1304.7
1406690 1305.4
1406700 1307.2
1406710 1308.2
1406720 1309.2
1406730 1309.2
1406740 1311.0
1406750 1311.0
1406760 1311.0
1406770 1312.2
1406780 1315.0
1406790 1315.0
1406800 1314.9
1406810 1315.7
1406820 1315.7
1406830 1317.1
1406840 1318.5
1406850 1318.5
1406860 1320.1
1406870 1323.1
1406880 1323.1
1406890 1326.6
1406900 1330.5
1406910 1330.5
1406920 1334.3
1406930 1337.4
1406940 1339.7
1406950 1339.7
1406960 1341.4
1406970 1346.4
1406980 1346.4
1406990 1350.7
1407000 1354.0
1407010 1354.0
1407020 1358.1
1407030 1362.3
1407040 1362.3
1407050 1366.2
1407060 1370.0
1407070 1370.0
1407080 1375.4
1407090 1380.6
1407100 1380.6
1407110 1385.2
1407120 1389.8
1407130 1389.8
1407140 1394.5
1407150 1399.5
1407160 1399.5
1407170 1405.9
1407180 1411.8
1407190 1411.8
1407200 1418.2
1407210 1427.5
1407220 1427.5
1407230 1444.7
1407240 1453.9
1407250 1453.9
1407260 1459.4
1407270 1464.8
1407280 1464.8
1407290 1470.0
1407300 1474.5
1407310 1474.5
1407320 1476.2
1407330 1476.7
1407340 1476.2
1407350 1476.2
1407360 1475.2
1407370 1475.6
1407380 1475.6
1407390 1477.7
1407400 1478.9
1407410 1478.9
1407420 1478.7
1407430 1478.8
1407440 1478.8
1407450 1478.8
1407460 1478.2
1407470 1478.2
1407480 1477.3
1407490 1476.4
1407500 1476.4
1407510 1475.2
1407520 1473.1
1407530 1473.1
1407540 1469.9
1407550 1465.6
1407560 1465.6
1407570 1461.1
1407580 1456.7
1407590 1456.7
1407600 1453.0
1407610 1450.5
1407620 1450.5
1407630 1447.8
1407640 1443.5
1407650 1443.5
1407660 1438.1
1407670 1432.9
1407680 1432.9
1407690 1428.9
1407700 1425.5
1407710 1425.5
1407720 1421.9
1407730 1417.5
1407740 1412.1
1407750 1412.1
1407760 1406.6
1407770 1400.3
1407780 1400.3
1407790 1395.3
1407800 1390.2
1407810 1390.2
1407820 1384.2
1407830 1379.1
1407840 1379.1
1407850 1375.7
1407860 1371.6
1407870 1371.6
1407880 1366.2
1407890 1361.2
1407900 1361.2
1407910 1358.0
1407920 1352.2
1407930 1352.2
1407940 1348.4
1407950 1345.7
1407960 1345.7
1407970 1341.7
1407980 1336.9
1407990 1336.9
1408000 1333.3
1408010 1327.3
1408020 1327.3
1408030 1319.6
1408040 1313.4
1408050 1313.4
1408060 1306.8
1408070 1301.9
1408080 1301.9
1408090 1300.0
1408100 1305.0
1408110 1305.0
1408120 1310.5
1408130 1313.6
1408140 1318.6
1408150 1318.6
1408160 1322.3
1408170 1322.2
1408180 1322.2
1408190 1322.0
1408200 1322.6
1408210 1322.6
1408220 1323.8
1408230 1323.6
1408240 1323.6
1408250 1318.6
1408260 1320.0
1408270 1320.0
1408280 1324.6
1408290 1325.2
1408300 1325.2
1408310 1325.5
1408320 1325.5
1408330 1325.5
1408340 1324.5
1408350 1321.0
1408360 1321.0
1408370 1317.4
1408380 1309.9
1408390 1309.9
1408400 1305.3
1408410 1309.2
1408420 1309.2
1408430 1319.7
1408440 1327.2
1408450 1327.2
1408460 1331.7
1408470 1335.9
1408480 1335.9
1408490 1341.0
1408500 1345.9
1408510 1345.9
1408520 1350.3
1408530 1354.4
1408540 1357.7
1408550 1357.7
1408560 1360.5
1408570 1361.4
1408580 1361.4
1408590 1362.0
1408600 1364.0
1408610 1364.0
1408620 1365.6
1408630 1365.8
1408640 1365.8
1408650 1363.7
1408660 1360.6
1408670 1360.6
1408680 1358.7
1408690 1357.2
1408700 1357.2
1408710 1353.8
1408720 1348.0
1408730 1348.0
1408740 1343.4
1408750 1339.4
1408760 1339.4
1408770 1335.8
1408780 1332.9
1408790 1332.9
1408800 1331.0
1408810 1330.0
1408820 1330.0
1408830 1328.6
1408840 1326.5
1408850 1326.5
1408860 1323.3
1408870 1319.6
1408880 1319.6
1408890 1316.2
1408900 1312.9
1408910 1312.9
1408920 1310.5
1408930 1308.9
1408940 1306.8
1408950 1306.8
1408960 1303.6
1408970 1299.9
1408980 1299.9
1408990 1297.6
1409000 1295.6
1409010 1295.6
1409020 1293.9
1409030 1291.7
1409040 1291.7
1409050 1289.1
1409060 1287.2
1409070 1287.2
1409080 1285.9
1409090 1285.0
1409100 1285.0
1409110 1283.1
1409120 1280.5
1409130 1280.5
1409140 1277.4
1409150 1274.1
1409160 1274.1
1409170 1270.6
1409180 1267.5
1409190 1267.5
1409200 1264.1
1409210 1263.0
1409220 1263.0
1409230 1261.3
1409240 1258.0
1409250 1258.0
1409260 1254.9
1409270 1253.1
1409280 1253.1
1409290 1251.4
1409300 1248.4
1409310 1248.4
1409320 1245.8
1409330 1244.7
1409340 1242.3
1409350 1242.3
1409360 1237.8
1409370 1232.0
1409380 1232.0
1409390 1226.0
1409400 1227.3
1409410 1227.3
1409420 1227.0
1409430 1226.9
1409440 1226.9
1409450 1226.6
1409460 1223.7
1409470 1223.7
1409480 1219.9
1409490 1215.6
1409500 1215.6
1409510 1219.0
1409520 1225.2
1409530 1225.2
1409540 1231.5
1409550 1237.4
1409560 1237.4
1409570 1242.9
1409580 1247.5
1409590 1247.5
1409600 1251.9
1409610 1256.0
1409620 1256.0
1409630 1260.2
1409640 1264.3
1409650 1264.3
1409660 1268.6
1409670 1272.6
1409680 1272.6
1409690 1277.2
1409700 1281.6
1409710 1281.6
1409720 1286.2
1409730 1290.3
1409740 1294.7
1409750 1294.7
1409760 1298.6
1409770 1302.5
1409780 1302.5
1409790 1306.7
1409800 1310.1
1409810 1310.1
1409820 1314.2
1409830 1318.1
1409840 1318.1
1409850 1321.8
1409860 1325.4
1409870 1325.4
1409880 1329.1
1409890 1332.1
1409900 1332.1
1409910 1335.0
1409920 1337.0
1409930 1337.0
1409940 1339.1
1409950 1341.1
1409960 1341.1
1409970 1342.6
1409980 1343.7
1409990 1343.7
1410000 1344.3
1410010 1344.9
1410020 1344.9
1410030 1345.8
1410040 1346.7
1410050 1346.7
1410060 1347.5
1410070 1345.8
1410080 1345.8
1410090 1345.4
1410100 1343.9
1410110 1343.9
1410120 1345.9
1410130 1351.6
1410140 1354.4
1410150 1354.4
1410160 1355.9
1410170 1356.7
1410180 1356.7
1410190 1357.3
1410200 1359.2
1410210 1359.2
1410220 1362.3
1410230 1363.9
1410240 1363.9
1410250 1364.1
1410260 1364.1
1410270 1364.1
1410280 1364.7
1410290 1362.6
1410300 1362.6
1410310 1360.1
1410320 1358.5
1410330 1358.5
1410340 1357.1
1410350 1355.2
1410360 1355.2
1410370 1354.7
1410380 1354.8
1410390 1354.8
1410400 1354.5
1410410 1354.3
1410420 1354.3
1410430 1353.9
1410440 1353.0
1410450 1353.0
1410460 1350.6
1410470 1347.8
1410480 1347.8
1410490 1346.5
1410500 1347.3
1410510 1347.3
1410520 1347.3
1410530 1347.3
1410540 1348.8
1410550 1348.8
1410560 1349.2
1410570 1347.9
1410580 1347.9
1410590 1348.3
1410600 1348.4
1410610 1348.4
1410620 1350.2
1410630 1354.6
1410640 1354.6
1410650 1358.8
1410660 1362.7
1410670 1362.7
1410680 1367.6
1410690 1369.4
1410700 1369.4
1410710 1370.9
1410720 1371.2
1410730 1371.2
1410740 1371.6
1410750 1371.8
1410760 1371.8
1410770 1375.0
1410780 1378.9
1410790 1378.9
1410800 1383.0
1410810 1388.2
1410820 1388.2
1410830 1395.7
1410840 1405.0
1410850 1405.0
1410860 1412.6
1410870 1412.0
1410880 1412.0
1410890 1407.3
1410900 1405.3
1410910 1405.3
1410920 1403.9
1410930 1404.2
1410940 1406.6
1410950 1406.6
1410960 1408.0
1410970 1399.9
1410980 1399.9
1410990 1387.2
1411000 1379.9
1411010 1379.9
1411020 1373.5
1411030 1368.0
1411040 1368.0
1411050 1365.0
1411060 1364.1
1411070 1364.1
1411080 1363.1
1411090 1358.1
1411100 1358.1
1411110 1349.8
1411120 1344.8
1411130 1344.8
1411140 1341.4
1411150 1342.1
1411160 1342.1
1411170 1344.7
1411180 1349.9
1411190 1349.9
1411200 1351.7
1411210 1352.4
1411220 1352.4
1411230 1350.1
1411240 1343.8
1411250 1343.8
1411260 1336.7
1411270 1330.6
1411280 1330.6
1411290 1324.4
1411300 1319.8
1411310 1319.8
1411320 1316.0
1411330 1313.9
1411340 1313.3
1411350 1313.3
1411360 1312.6
1411370 1312.0
1411380 1312.0
1411390 1307.9
1411400 1304.9
1411410 1304.9
1411420 1302.4
1411430 1301.7
1411440 1301.7
1411450 1302.5
1411460 1303.4
1411470 1303.4
1411480 1302.4
1411490 1300.6
1411500 1300.6
1411510 1298.1
1411520 1294.9
1411530 1294.9
1411540 1294.4
1411550 1296.6
1411560 1296.6
1411570 1297.6
1411580 1301.1
1411590 1301.1
1411600 1302.1
1411610 1298.8
1411620 1298.8
1411630 1295.8
1411640 1291.6
1411650 1291.6
1411660 1287.6
1411670 1280.5
1411680 1280.5
1411690 1274.1
1411700 1269.1
1411710 1269.1
1411720 1261.4
1411730 1253.0
1411740 1246.6
1411750 1246.6
1411760 1243.6
1411770 1244.6
1411780 1244.6
1411790 1246.1
1411800 1244.2
1411810 1241.7
1411820 1235.6
1411830 1227.3
1411840 1227.3
1411850 1218.9
1411860 1213.4
1411870 1213.4
1411880 1211.3
1411890 1212.1
1411900 1212.1
1411910 1216.7
1411920 1218.6
1411930 1218.6
1411940 1216.0
1411950 1212.2
1411960 1212.2
1411970 1208.5
1411980 1204.3
1411990 1204.3
1412000 1199.7
1412010 1196.1
1412020 1196.1
1412030 1193.2
1412040 1188.2
1412050 1188.2
1412060 1180.5
1412070 1170.9
1412080 1170.9
1412090 1162.9
1412100 1162.4
1412110 1162.4
1412120 1165.7
1412130 1168.8
1412140 1171.0
1412150 1171.0
1412160 1173.4
1412170 1181.3
1412180 1181.3
1412190 1186.4
1412200 1185.5
1412210 1185.5
1412220 1182.3
1412230 1179.3
1412240 1179.3
1412250 1173.6
1412260 1165.7
1412270 1165.7
1412280 1158.9
1412290 1156.2
1412300 1156.2
1412310 1153.0
1412320 1148.4
1412330 1148.4
1412340 1145.6
1412350 1145.1
1412360 1145.1
1412370 1146.0
1412380 1150.6
1412390 1150.6
1412400 1154.7
1412410 1152.9
1412420 1152.9
1412430 1151.1
1412440 1148.9
1412450 1148.9
1412460 1146.1
1412470 1146.0
1412480 1146.0
1412490 1147.5
1412500 1149.1
1412510 1152.6
1412520 1152.6
1412530 1156.1
1412540 1158.4
1412550 1158.4
1412560 1159.7
1412570 1160.3
1412580 1160.3
1412590 1161.7
1412600 1167.0
1412610 1167.0
1412620 1173.0
1412630 1173.4
1412640 1173.4
1412650 1169.8
1412660 1166.3
1412670 1166.3
1412680 1160.4
1412690 1154.9
1412700 1154.9
1412710 1150.5
1412720 1146.3
1412730 1146.3
1412740 1142.3
1412750 1138.1
1412760 1138.1
1412770 1134.5
1412780 1131.2
1412790 1131.2
1412800 1126.8
1412810 1124.3
1412820 1124.3
1412830 1123.8
1412840 1124.0
1412850 1124.0
1412860 1123.7
1412870 1121.4
1412880 1121.4
1412890 1119.7
1412900 1118.9
1412910 1117.3
1412920 1117.3
1412930 1114.1
1412940 1112.0
1412950 1112.0
1412960 1109.4
1412970 1106.1
1412980 1106.1
1412990 1103.8
1413000 1102.1
1413010 1102.1
1413020 1098.8
1413030 1096.0
1413040 1096.0
1413050 1093.9
1413060 1091.6
1413070 1091.6
1413080 1088.5
1413090 1085.4
1413100 1085.4
1413110 1084.6
1413120 1083.1
1413130 1083.1
1413140 1081.7
1413150 1079.0
1413160 1079.0
1413170 1075.6
1413180 1072.4
1413190 1072.4
1413200 1068.0
1413210 1064.1
1413220 1064.1
1413230 1059.7
1413240 1057.3
1413250 1057.3
1413260 1055.3
1413270 1049.2
1413280 1049.2
1413290 1045.0
1413300 1040.3
1413310 1032.2
1413320 1032.2
1413330 1024.9
1413340 1019.0
1413350 1019.0
1413360 1012.8
1413370 1007.5
1413380 1007.5
1413390 1001.2
1413400 991.9
1413410 991.9
1413420 986.7
1413430 980.5
1413440 980.5
1413450 975.0
1413460 970.7
1413470 970.7
1413480 965.9
1413490 962.1
1413500 962.1
1413510 959.0
1413520 955.9
1413530 955.9
1413540 952.2
1413550 949.0
1413560 949.0
1413570 945.9
1413580 943.5
1413590 940.7
1413600 939.0
1413610 937.7
1413620 937.7
1413630 934.7
1413640 932.4
1413650 932.4
1413660 930.2
1413670 928.7
1413680 928.7
1413690 926.3
1413700 923.1
1413710 919.8
1413720 919.8
1413730 917.0
1413740 914.8
1413750 914.8
1413760 912.9
1413770 911.3
1413780 911.3
1413790 909.5
1413800 907.3
1413810 907.3
1413820 905.0
1413830 902.8
1413840 902.8
1413850 900.0
1413860 897.0
1413870 897.0
1413880 893.1
1413890 889.2
1413900 889.2
1413910 884.2
1413920 875.3
1413930 875.3
1413940 870.6
1413950 866.5
1413960 866.5
1413970 862.4
1413980 858.2
1413990 858.2
1414000 854.5
1414010 855.2
1414020 855.2
1414030 855.6
1414040 855.6
1414050 855.6
1414060 851.7
1414070 843.9
1414080 843.9
1414090 827.0
1414100 812.6
1414110 804.6
1414120 804.6
1414130 797.5
1414140 790.4
1414150 790.4
1414160 780.5
1414170 763.9
1414180 763.9
1414190 751.2
1414200 743.0
1414210 743.0
1414220 736.7
1414230 731.5
1414240 731.5
1414250 726.7
1414260 721.1
1414270 721.1
1414280 716.6
1414290 711.2
1414300 711.2
1414310 704.3
1414320 698.5
1414330 698.5
1414340 694.5
1414350 690.1
1414360 690.1
1414370 685.2
1414380 679.9
1414390 679.9
1414400 676.0
1414410 668.7
1414420 668.7
1414430 660.2
1414440 654.0
1414450 654.0
1414460 647.6
1414470 642.1
1414480 642.1
1414490 636.6
1414500 631.7
1414510 628.3
1414520 628.3
1414530 626.4
1414540 624.5
1414550 624.5
1414560 620.2
1414570 614.3
1414580 614.3
1414590 608.4
1414600 605.3
1414610 605.3
1414620 604.3
1414630 603.3
1414640 603.3
1414650 603.9
1414660 604.1
1414670 604.1
1414680 601.5
1414690 599.0
1414700 599.0
1414710 596.6
1414720 593.6
1414730 593.6
1414740 589.2
1414750 585.9
1414760 585.9
1414770 583.9
1414780 579.5
1414790 579.5
1414800 575.6
1414810 573.6
1414820 573.6
1414830 569.2
1414840 566.7
1414850 566.7
1414860 562.7
1414870 559.0
1414880 559.0
1414890 557.4
1414900 556.7
1414910 556.5
1414920 556.5
1414930 556.9
1414940 555.9
1414950 555.9
1414960 554.5
1414970 554.4
1414980 554.4
1414990 554.4
1415000 554.8
1415010 554.8
1415020 558.7
1415030 559.9
1415040 559.9
1415050 559.9
1415060 559.9
1415070 559.9
1415080 559.7
1415090 559.5
1415100 559.5
1415110 559.2
1415120 559.0
1415130 559.0
1415140 558.9
1415150 558.9
1415160 558.9
1415170 558.7
1415180 558.8
1415190 558.8
1415200 558.9
1415210 559.5
1415220 559.5
1415230 561.2
1415240 566.1
1415250 566.1
1415260 573.5
1415270 579.8
1415280 579.8
1415290 584.1
1415300 587.9
1415310 594.4
1415320 594.4
1415330 601.5
1415340 610.4
1415350 610.4
1415360 616.6
1415370 617.0
1415380 617.0
1415390 620.0
1415400 625.9
1415410 625.9
1415420 638.3
1415430 642.6
1415440 642.6
1415450 649.0
1415460 657.9
1415470 657.9
1415480 666.7
1415490 666.6
1415500 666.6
1415510 665.0
1415520 662.1
1415530 662.1
1415540 656.1
1415550 649.0
1415560 649.0
1415570 645.3
1415580 642.6
1415590 642.6
1415600 639.4
1415610 636.4
1415620 636.4
1415630 633.4
1415640 632.0
1415650 632.0
1415660 630.9
1415670 628.8
1415680 628.8
1415690 626.7
1415700 623.9
1415710 619.8
1415720 619.8
1415730 615.7
1415740 611.5
1415750 611.5
1415760 609.3
1415770 609.8
1415780 609.8
1415790 607.4
1415800 604.8
1415810 604.8
1415820 603.3
1415830 598.7
1415840 598.7
1415850 593.4
1415860 592.9
1415870 592.9
1415880 592.9
1415890 593.3
1415900 593.3
1415910 593.6
1415920 594.2
1415930 594.2
1415940 594.0
1415950 594.3
1415960 594.3
1415970 596.4
1415980 597.1
1415990 597.1
1416000 598.1
1416010 602.4
1416020 602.4
1416030 607.4
1416040 610.9
1416050 610.9
1416060 610.3
1416070 608.2
1416080 608.2
1416090 606.5
1416100 605.8
1416110 604.9
1416120 604.9
1416130 604.3
1416140 603.8
1416150 603.8
1416160 603.2
1416170 603.8
1416180 603.8
1416190 606.1
1416200 608.3
1416210 608.3
1416220 610.0
1416230 613.2
1416240 613.2
1416250 617.0
1416260 618.8
1416270 618.8
1416280 622.1
1416290 626.8
1416300 626.8
1416310 632.9
1416320 640.4
1416330 640.4
1416340 643.4
1416350 644.4
1416360 644.4
1416370 645.3
1416380 645.5
1416390 645.5
1416400 649.9
1416410 653.4
1416420 653.4
1416430 656.6
1416440 656.0
1416450 656.0
1416460 656.9
1416470 655.3
1416480 655.3
1416490 655.7
1416500 662.7
1416510 670.9
1416520 670.9
1416530 678.5
1416540 686.2
1416550 686.2
1416560 693.9
1416570 702.5
1416580 702.5
1416590 711.2
1416600 720.2
1416610 720.2
1416620 728.5
1416630 734.0
1416640 734.0
1416650 740.2
1416660 748.4
1416670 748.4
1416680 756.6
1416690 758.6
1416700 758.6
1416710 760.3
1416720 762.8
1416730 762.8
1416740 765.0
1416750 773.7
1416760 773.7
1416770 781.0
1416780 787.5
1416790 787.5
1416800 794.8
1416810 799.5
1416820 799.5
1416830 801.7
1416840 800.7
1416850 800.7
1416860 797.1
1416870 793.1
1416880 793.1
1416890 790.0
1416900 786.6
1416910 785.3
1416920 785.3
1416930 785.6
1416940 785.2
1416950 785.2
1416960 786.5
1416970 787.3
1416980 787.3
1416990 787.4
1417000 786.2
1417010 786.2
1417020 782.6
1417030 785.6
1417040 785.6
1417050 792.2
1417060 798.0
1417070 798.0
1417080 799.6
1417090 801.8
1417100 801.8
1417110 803.9
1417120 805.0
1417130 805.0
1417140 805.3
1417150 806.1
1417160 806.1
1417170 807.3
1417180 807.4
1417190 807.4
1417200 806.7
1417210 812.2
1417220 812.2
1417230 816.2
1417240 819.5
1417250 819.5
1417260 823.3
1417270 827.6
1417280 827.6
1417290 832.2
1417300 829.7
1417310 832.4
1417320 832.4
1417330 834.2
1417340 835.2
1417350 835.2
1417360 835.8
1417370 837.1
1417380 837.1
1417390 838.6
1417400 840.5
1417410 840.5
1417420 840.5
1417430 840.4
1417440 840.4
1417450 839.8
1417460 842.6
1417470 842.6
1417480 846.3
1417490 849.2
1417500 849.2
1417510 851.3
1417520 855.1
1417530 855.1
1417540 859.7
1417550 862.7
1417560 862.7
1417570 865.9
1417580 869.0
1417590 869.0
1417600 871.7
1417610 873.2
1417620 873.2
1417630 873.7
1417640 876.0
1417650 876.0
1417660 877.7
1417670 878.1
1417680 878.1
1417690 879.8
1417700 879.5
1417710 878.2
1417720 878.2
1417730 877.9
1417740 876.1
1417750 876.1
1417760 873.6
1417770 873.4
1417780 873.4
1417790 874.2
1417800 875.1
1417810 875.1
1417820 875.3
1417830 874.8
1417840 874.8
1417850 874.6
1417860 874.5
1417870 874.5
1417880 874.6
1417890 872.7
1417900 872.7
1417910 868.3
1417920 863.0
1417930 863.0
1417940 857.1
1417950 850.9
1417960 850.9
1417970 845.6
1417980 840.3
1417990 840.3
1418000 834.9
1418010 830.0
1418020 830.0
1418030 824.6
1418040 818.1
1418050 818.1
1418060 811.2
1418070 802.7
1418080 802.7
1418090 795.8
1418100 798.9
1418110 802.8
1418120 802.8
1418130 806.4
1418140 810.9
1418150 810.9
1418160 816.0
1418170 819.7
1418180 819.7
1418190 822.4
1418200 823.5
1418210 823.5
1418220 824.7
1418230 826.0
1418240 826.0
1418250 827.8
1418260 829.0
1418270 829.0
1418280 831.0
1418290 832.5
1418300 832.5
1418310 833.1
1418320 833.6
1418330 833.6
1418340 836.2
1418350 841.9
1418360 841.9
1418370 849.2
1418380 855.7
1418390 855.7
1418400 861.2
1418410 864.5
1418420 864.5
1418430 867.2
1418440 863.4
1418450 863.4
1418460 854.4
1418470 849.5
1418480 848.3
1418490 848.3
1418500 842.6
1418510 835.9
1418520 835.9
1418530 831.9
1418540 828.5
1418550 828.5
1418560 827.4
1418570 826.8
1418580 826.8
1418590 825.7
1418600 824.4
1418610 824.4
1418620 822.7
1418630 818.4
1418640 818.4
1418650 811.8
1418660 808.4
1418670 808.4
1418680 803.3
1418690 797.0
1418700 797.0
1418710 792.8
1418720 792.9
1418730 792.9
1418740 787.7
1418750 783.9
1418760 783.9
1418770 779.1
1418780 773.1
1418790 773.1
1418800 767.5
1418810 763.4
1418820 763.4
1418830 758.0
1418840 756.8
1418850 756.8
1418860 757.3
1418870 754.7
1418880 755.8
1418890 755.8
1418900 759.5
1418910 763.8
1418920 763.8
1418930 768.0
1418940 772.3
1418950 772.3
1418960 776.3
1418970 774.7
1418980 774.7
1418990 772.3
1419000 769.6
1419010 769.6
1419020 769.7
1419030 768.0
1419040 768.0
1419050 769.0
1419060 768.5
1419070 768.5
1419080 767.0
1419090 766.2
1419100 766.2
1419110 766.0
1419120 769.2
1419130 769.2
1419140 776.2
1419150 783.0
1419160 783.0
1419170 789.8
1419180 794.7
1419190 794.7
1419200 791.1
1419210 787.9
1419220 792.5
1419230 790.3
1419240 788.0
1419250 788.0
1419260 788.4
1419270 789.1
1419280 792.5
1419290 792.5
1419300 797.1
1419310 802.8
1419320 802.8
1419330 806.9
1419340 805.1
1419350 805.1
1419360 801.3
1419370 798.2
1419380 798.2
1419390 795.5
1419400 793.4
1419410 793.4
1419420 793.5
1419430 794.0
1419440 794.0
1419450 794.0
1419460 794.3
1419470 794.3
1419480 795.7
1419490 797.6
1419500 797.6
1419510 799.2
1419520 800.7
1419530 800.7
1419540 800.7
1419550 801.1
1419560 801.1
1419570 800.5
1419580 797.1
1419590 797.1
1419600 794.5
1419610 793.1
1419620 793.1
1419630 790.5
1419640 789.0
1419650 789.0
1419660 788.9
1419670 789.9
1419680 791.5
1419690 791.5
1419700 793.4
1419710 794.7
1419720 794.7
1419730 797.7
1419740 802.8
1419750 802.8
1419760 805.0
1419770 804.7
1419780 804.7
1419790 803.6
1419800 802.0
1419810 802.0
1419820 802.4
1419830 803.6
1419840 803.6
1419850 805.2
1419860 808.5
1419870 808.5
1419880 812.4
1419890 814.0
1419900 814.0
1419910 815.3
1419920 817.1
1419930 817.1
1419940 818.5
1419950 820.4
1419960 820.4
1419970 823.0
1419980 824.2
1419990 824.2
