1400000 1415.6
1400010 1415.6
1400020 1414.2
1400030 1414.0
1400040 1414.0
1400050 1414.4
1400060 1415.7
1400070 1415.7
1400080 1416.8
1400090 1416.8
1400100 1416.8
1400110 1416.0
1400120 1415.1
1400130 1415.1
1400140 1414.5
1400150 1414.2
1400160 1414.2
1400170 1413.5
1400180 1412.5
1400190 1412.5
1400200 1411.4
1400210 1409.9
1400220 1409.9
1400230 1408.0
1400240 1406.3
1400250 1406.3
1400260 1404.7
1400270 1402.4
1400280 1402.4
1400290 1400.1
1400300 1395.6
1400310 1395.6
1400320 1391.0
1400330 1387.0
1400340 1382.9
1400350 1382.9
1400360 1379.0
1400370 1375.3
1400380 1375.3
1400390 1371.4
1400400 1367.4
1400410 1367.4
1400420 1363.5
1400430 1359.9
1400440 1359.9
1400450 1356.9
1400460 1353.6
1400470 1353.6
1400480 1350.7
1400490 1347.8
1400500 1347.8
1400510 1345.0
1400520 1342.5
1400530 1342.5
1400540 1340.1
1400550 1337.8
1400560 1337.8
1400570 1334.5
1400580 1331.3
1400590 1331.3
1400600 1328.4
1400610 1325.2
1400620 1325.2
1400630 1322.7
1400640 1320.5
1400650 1320.5
1400660 1318.2
1400670 1315.4
1400680 1315.4
1400690 1312.1
1400700 1309.9
1400710 1309.9
1400720 1308.3
1400730 1305.9
1400740 1303.1
1400750 1303.1
1400760 1300.9
1400770 1299.1
1400780 1299.1
1400790 1297.5
1400800 1295.9
1400810 1295.9
1400820 1294.2
1400830 1292.7
1400840 1292.7
1400850 1291.2
1400860 1289.8
1400870 1289.8
1400880 1288.3
1400890 1286.9
1400900 1286.9
1400910 1285.3
1400920 1283.8
1400930 1283.8
1400940 1282.5
1400950 1281.7
1400960 1281.7
1400970 1281.3
1400980 1280.5
1400990 1280.5
1401000 1277.7
1401010 1272.9
1401020 1272.9
1401030 1267.6
1401040 1260.6
1401050 1260.6
1401060 1254.3
1401070 1248.2
1401080 1248.2
1401090 1241.8
1401100 1237.8
1401110 1237.8
1401120 1236.5
1401130 1235.9
1401140 1235.4
1401150 1239.9
1401160 1243.1
1401170 1247.1
1401180 1247.1
1401190 1254.2
1401200 1257.9
1401210 1257.9
1401220 1255.7
1401230 1251.9
1401240 1251.9
1401250 1247.8
1401260 1243.6
1401270 1243.6
1401280 1240.1
1401290 1236.6
1401300 1236.6
1401310 1233.4
1401320 1230.4
1401330 1230.4
1401340 1227.8
1401350 1225.7
1401360 1225.7
1401370 1224.7
1401380 1223.6
1401390 1223.6
1401400 1221.7
1401410 1220.6
1401420 1220.6
1401430 1219.9
1401440 1218.0
1401450 1218.0
1401460 1213.6
1401470 1209.5
1401480 1209.5
1401490 1205.2
1401500 1201.9
1401510 1201.9
1401520 1198.4
1401530 1195.3
1401540 1192.6
1401550 1192.6
1401560 1189.8
1401570 1186.5
1401580 1186.5
1401590 1183.0
1401600 1179.0
1401610 1179.0
1401620 1174.9
1401630 1170.3
1401640 1170.3
1401650 1166.0
1401660 1162.1
1401670 1162.1
1401680 1159.1
1401690 1156.5
1401700 1156.5
1401710 1153.8
1401720 1151.4
1401730 1151.4
1401740 1149.2
1401750 1147.2
1401760 1147.2
1401770 1145.3
1401780 1143.5
1401790 1143.5
1401800 1141.6
1401810 1139.5
1401820 1139.5
1401830 1137.7
1401840 1134.9
1401850 1134.9
1401860 1133.1
1401870 1132.4
1401880 1132.4
1401890 1131.1
1401900 1127.4
1401910 1127.4
1401920 1124.5
1401930 1122.4
1401940 1120.5
1401950 1120.5
1401960 1116.4
1401970 1115.7
1401980 1115.7
1401990 1116.9
1402000 1119.5
1402010 1119.5
1402020 1122.7
1402030 1125.6
1402040 1125.6
1402050 1128.0
1402060 1130.0
1402070 1130.0
1402080 1128.7
1402090 1125.6
1402100 1125.6
1402110 1123.9
1402120 1123.2
1402130 1123.2
1402140 1120.2
1402150 1116.3
1402160 1116.3
1402170 1111.9
1402180 1109.0
1402190 1109.0
1402200 1109.9
1402210 1111.6
1402220 1111.6
1402230 1112.6
1402240 1114.2
1402250 1114.2
1402260 1117.2
1402270 1120.9
1402280 1120.9
1402290 1127.2
1402300 1131.1
1402310 1131.1
1402320 1129.0
1402330 1125.5
1402340 1122.5
1402350 1122.5
1402360 1120.0
1402370 1117.8
1402380 1117.8
1402390 1115.9
1402400 1114.2
1402410 1114.2
1402420 1112.7
1402430 1111.0
1402440 1111.0
1402450 1109.8
1402460 1108.1
1402470 1108.1
1402480 1105.9
1402490 1103.8
1402500 1103.8
1402510 1101.5
1402520 1099.5
1402530 1099.5
1402540 1096.9
1402550 1094.6
1402560 1094.6
1402570 1091.5
1402580 1086.9
1402590 1086.9
1402600 1082.6
1402610 1078.8
1402620 1078.8
1402630 1074.3
1402640 1069.5
1402650 1069.5
1402660 1064.0
1402670 1059.4
1402680 1059.4
1402690 1056.4
1402700 1055.7
1402710 1055.7
1402720 1053.4
1402730 1051.7
1402740 1050.6
1402750 1050.6
1402760 1048.6
1402770 1042.3
1402780 1042.3
1402790 1046.9
1402800 1053.7
1402810 1053.7
1402820 1058.9
1402830 1062.0
1402840 1062.0
1402850 1064.8
1402860 1066.8
1402870 1066.8
1402880 1068.0
1402890 1068.9
1402900 1068.9
1402910 1070.3
1402920 1072.7
1402930 1072.7
1402940 1077.3
1402950 1082.6
1402960 1082.6
1402970 1088.9
1402980 1095.7
1402990 1095.7
1403000 1103.7
1403010 1109.4
1403020 1109.4
1403030 1112.6
1403040 1117.1
1403050 1117.1
1403060 1122.9
1403070 1128.8
1403080 1128.8
1403090 1135.4
1403100 1142.1
1403110 1142.1
1403120 1149.6
1403130 1157.8
1403140 1164.8
1403150 1164.8
1403160 1173.2
1403170 1182.3
1403180 1182.3
1403190 1192.2
1403200 1202.0
1403210 1202.0
1403220 1210.5
1403230 1218.6
1403240 1218.6
1403250 1226.8
1403260 1234.3
1403270 1234.3
1403280 1242.1
1403290 1250.2
1403300 1250.2
1403310 1256.8
1403320 1264.7
1403330 1264.7
1403340 1272.3
1403350 1279.8
1403360 1279.8
1403370 1287.8
1403380 1295.7
1403390 1295.7
1403400 1302.4
1403410 1307.9
1403420 1307.9
1403430 1311.5
1403440 1312.3
1403450 1312.3
1403460 1312.8
1403470 1313.5
1403480 1313.5
1403490 1314.0
1403500 1315.1
1403510 1315.1
1403520 1315.5
1403530 1314.8
1403540 1313.8
1403550 1313.8
1403560 1312.5
1403570 1311.3
1403580 1311.3
1403590 1308.9
1403600 1306.8
1403610 1306.8
1403620 1305.6
1403630 1304.1
1403640 1304.1
1403650 1302.0
1403660 1299.5
1403670 1299.5
1403680 1297.0
1403690 1294.4
1403700 1294.4
1403710 1292.1
1403720 1289.6
1403730 1289.6
1403740 1286.8
1403750 1283.2
1403760 1283.2
1403770 1279.2
1403780 1275.6
1403790 1275.6
1403800 1271.1
1403810 1267.5
1403820 1267.5
1403830 1265.2
1403840 1262.3
1403850 1262.3
1403860 1258.3
1403870 1254.6
1403880 1254.6
1403890 1251.8
1403900 1248.4
1403910 1248.4
1403920 1244.1
1403930 1239.9
1403940 1235.9
1403950 1235.9
1403960 1231.9
1403970 1227.5
1403980 1227.5
1403990 1222.6
1404000 1217.3
1404010 1217.3
1404020 1212.6
1404030 1207.9
1404040 1207.9
1404050 1202.9
1404060 1198.2
1404070 1198.2
1404080 1193.4
1404090 1189.1
1404100 1189.1
1404110 1184.1
1404120 1179.1
1404130 1179.1
1404140 1173.9
1404150 1168.7
1404160 1168.7
1404170 1163.6
1404180 1158.6
1404190 1158.6
1404200 1153.5
1404210 1147.4
1404220 1147.4
1404230 1142.0
1404240 1136.4
1404250 1136.4
1404260 1130.6
1404270 1125.4
1404280 1123.9
1404290 1118.2
1404300 1112.8
1404310 1112.8
1404320 1108.0
1404330 1102.9
1404340 1098.1
1404350 1098.1
1404360 1093.2
1404370 1088.6
1404380 1088.6
1404390 1084.0
1404400 1078.6
1404410 1078.6
1404420 1072.3
1404430 1066.4
1404440 1066.4
1404450 1060.7
1404460 1055.5
1404470 1055.5
1404480 1050.2
1404490 1045.9
1404500 1045.9
1404510 1040.1
1404520 1034.4
1404530 1034.4
1404540 1027.7
1404550 1023.2
1404560 1023.2
1404570 1017.4
1404580 1011.8
1404590 1011.8
1404600 1006.4
1404610 1001.1
1404620 1001.1
1404630 996.0
1404640 991.3
1404650 991.3
1404660 988.0
1404670 986.2
1404680 986.2
1404690 985.6
1404700 983.9
1404710 983.9
1404720 984.2
1404730 982.8
1404740 979.9
1404750 979.9
1404760 975.2
1404770 968.5
1404780 968.5
1404790 961.5
1404800 955.0
1404810 955.0
1404820 948.8
1404830 942.2
1404840 942.2
1404850 935.0
1404860 928.6
1404870 928.6
1404880 920.8
1404890 913.9
1404900 913.9
1404910 905.3
1404920 894.5
1404930 894.5
1404940 887.3
1404950 882.4
1404960 882.4
1404970 884.6
1404980 888.6
1404990 888.6
1405000 894.1
1405010 899.2
1405020 899.2
1405030 903.8
1405040 909.7
1405050 909.7
1405060 917.1
1405070 921.9
1405080 921.9
1405090 926.8
1405100 932.1
1405110 932.1
1405120 937.0
1405130 942.7
1405140 948.1
1405150 948.1
1405160 953.9
1405170 959.7
1405180 959.7
1405190 965.8
1405200 972.0
1405210 972.0
1405220 978.5
1405230 985.6
1405240 985.6
1405250 992.7
1405260 1000.3
1405270 1000.3
1405280 1009.0
1405290 1018.4
1405300 1018.4
1405310 1028.1
1405320 1036.9
1405330 1036.9
1405340 1045.3
1405350 1056.0
1405360 1056.0
1405370 1062.9
1405380 1068.9
1405390 1068.9
1405400 1075.2
1405410 1081.1
1405420 1081.1
1405430 1087.0
1405440 1093.4
1405450 1093.4
1405460 1100.0
1405470 1107.1
1405480 1107.1
1405490 1113.2
1405500 1120.2
1405510 1120.2
1405520 1127.4
1405530 1134.5
1405540 1142.1
1405550 1142.1
1405560 1144.5
1405570 1145.3
1405580 1145.3
1405590 1148.0
1405600 1149.3
1405610 1149.3
1405620 1150.6
1405630 1151.3
1405640 1151.3
1405650 1151.8
1405660 1152.2
1405670 1152.2
1405680 1151.9
1405690 1152.8
1405700 1152.8
1405710 1153.3
1405720 1153.4
1405730 1153.4
1405740 1153.4
1405750 1152.9
1405760 1152.9
1405770 1153.1
1405780 1153.4
1405790 1153.4
1405800 1151.9
1405810 1149.4
1405820 1149.4
1405830 1146.1
1405840 1141.9
1405850 1141.9
1405860 1138.3
1405870 1135.2
1405880 1135.2
1405890 1131.6
1405900 1130.0
1405910 1130.0
1405920 1124.1
1405930 1117.6
1405940 1117.6
1405950 1114.0
1405960 1113.3
1405970 1115.3
1405980 1115.3
1405990 1116.6
1406000 1118.4
1406010 1118.4
1406020 1121.3
1406030 1125.4
1406040 1125.4
1406050 1129.2
1406060 1132.5
1406070 1132.5
1406080 1135.6
1406090 1138.2
1406100 1138.2
1406110 1141.2
1406120 1145.2
1406130 1145.2
1406140 1149.3
1406150 1153.4
1406160 1153.4
1406170 1157.5
1406180 1161.7
1406190 1161.7
1406200 1165.7
1406210 1169.7
1406220 1169.7
1406230 1174.1
1406240 1178.4
1406250 1178.4
1406260 1182.8
1406270 1187.2
1406280 1187.2
1406290 1191.6
1406300 1196.5
1406310 1196.5
1406320 1200.9
1406330 1204.7
1406340 1204.7
1406350 1207.7
1406360 1209.8
1406370 1211.5
1406380 1211.5
1406390 1213.3
1406400 1215.1
1406410 1215.1
1406420 1216.4
1406430 1217.2
1406440 1217.2
1406450 1217.3
1406460 1216.6
1406470 1216.6
1406480 1215.8
1406490 1214.7
1406500 1214.7
1406510 1213.3
1406520 1211.1
1406530 1211.1
1406540 1208.6
1406550 1206.0
1406560 1206.0
1406570 1203.4
1406580 1200.5
1406590 1200.5
1406600 1197.0
1406610 1192.9
1406620 1192.9
1406630 1187.4
1406640 1182.8
1406650 1182.8
1406660 1178.8
1406670 1175.0
1406680 1175.0
1406690 1170.2
1406700 1164.6
1406710 1164.6
1406720 1158.3
1406730 1152.9
1406740 1152.9
1406750 1146.6
1406760 1139.6
1406770 1135.4
1406780 1135.4
1406790 1129.1
1406800 1123.2
1406810 1123.2
1406820 1117.6
1406830 1112.6
1406840 1112.6
1406850 1108.2
1406860 1102.3
1406870 1102.3
1406880 1095.9
1406890 1088.2
1406900 1088.2
1406910 1079.3
1406920 1075.9
1406930 1075.9
1406940 1082.2
1406950 1088.6
1406960 1088.6
1406970 1094.8
1406980 1100.4
1406990 1100.4
1407000 1105.5
1407010 1110.4
1407020 1110.4
1407030 1114.2
1407040 1114.9
1407050 1114.9
1407060 1114.6
1407070 1112.9
1407080 1112.9
1407090 1118.2
1407100 1123.8
1407110 1123.8
1407120 1130.0
1407130 1132.0
1407140 1132.0
1407150 1138.5
1407160 1144.2
1407170 1149.3
1407180 1149.3
1407190 1154.1
1407200 1159.6
1407210 1159.6
1407220 1165.7
1407230 1171.9
1407240 1171.9
1407250 1177.0
1407260 1182.0
1407270 1182.0
1407280 1186.5
1407290 1191.3
1407300 1191.3
1407310 1195.7
1407320 1200.3
1407330 1200.3
1407340 1205.7
1407350 1210.0
1407360 1210.0
1407370 1215.0
1407380 1218.6
1407390 1218.6
1407400 1222.3
1407410 1228.0
1407420 1228.0
1407430 1232.7
1407440 1236.6
1407450 1236.6
1407460 1240.1
1407470 1244.0
1407480 1244.0
1407490 1248.3
1407500 1252.3
1407510 1252.3
1407520 1255.7
1407530 1260.3
1407540 1266.0
1407550 1271.3
1407560 1276.1
1407570 1281.4
1407580 1281.4
1407590 1287.9
1407600 1293.6
1407610 1293.6
1407620 1299.8
1407630 1304.4
1407640 1304.4
1407650 1297.1
1407660 1293.0
1407670 1293.0
1407680 1297.0
1407690 1297.3
1407700 1297.3
1407710 1299.5
1407720 1302.5
1407730 1302.5
1407740 1305.1
1407750 1307.4
1407760 1307.4
1407770 1310.4
1407780 1312.9
1407790 1312.9
1407800 1313.5
1407810 1316.9
1407820 1316.9
1407830 1321.7
1407840 1325.8
1407850 1325.8
1407860 1327.4
1407870 1328.9
1407880 1328.9
1407890 1334.3
1407900 1339.0
1407910 1339.0
1407920 1342.1
1407930 1346.1
1407940 1346.1
1407950 1351.7
1407960 1357.3
1407970 1359.4
1407980 1359.4
1407990 1357.4
1408000 1355.3
1408010 1355.3
1408020 1352.9
1408030 1351.7
1408040 1351.7
1408050 1349.6
1408060 1345.9
1408070 1345.9
1408080 1341.5
1408090 1337.5
1408100 1337.5
1408110 1333.4
1408120 1329.0
1408130 1329.0
1408140 1324.2
1408150 1320.9
1408160 1320.9
1408170 1317.8
1408180 1313.3
1408190 1313.3
1408200 1308.3
1408210 1304.2
1408220 1304.2
1408230 1298.1
1408240 1293.6
1408250 1293.6
1408260 1288.7
1408270 1282.8
1408280 1282.8
1408290 1275.6
1408300 1268.8
1408310 1268.8
1408320 1263.8
1408330 1258.0
1408340 1258.0
1408350 1252.7
1408360 1249.8
1408370 1245.9
1408380 1245.9
1408390 1239.5
1408400 1234.9
1408410 1234.9
1408420 1231.9
1408430 1228.6
1408440 1228.6
1408450 1226.3
1408460 1223.4
1408470 1223.4
1408480 1219.6
1408490 1216.6
1408500 1216.6
1408510 1213.3
1408520 1209.6
1408530 1209.6
1408540 1204.8
1408550 1200.8
1408560 1200.8
1408570 1197.1
1408580 1192.2
1408590 1192.2
1408600 1187.8
1408610 1183.8
1408620 1183.8
1408630 1179.2
1408640 1175.5
1408650 1175.5
1408660 1171.6
1408670 1166.4
1408680 1166.4
1408690 1162.0
1408700 1157.9
1408710 1157.9
1408720 1152.9
1408730 1147.9
1408740 1147.9
1408750 1143.2
1408760 1138.6
1408770 1133.5
1408780 1133.5
1408790 1127.9
1408800 1123.3
1408810 1123.3
1408820 1117.9
1408830 1111.3
1408840 1111.3
1408850 1104.0
1408860 1098.6
1408870 1098.6
1408880 1097.1
1408890 1099.2
1408900 1099.2
1408910 1100.5
1408920 1098.7
1408930 1098.7
1408940 1096.2
1408950 1092.7
1408960 1092.7
1408970 1091.8
1408980 1089.3
1408990 1089.3
1409000 1087.3
1409010 1090.0
1409020 1090.0
1409030 1089.5
1409040 1091.9
1409050 1091.9
1409060 1094.0
1409070 1098.7
1409080 1098.7
1409090 1101.1
1409100 1100.7
1409110 1100.7
1409120 1098.2
1409130 1094.5
1409140 1094.5
1409150 1090.5
1409160 1086.3
1409170 1082.1
1409180 1082.1
1409190 1077.2
1409200 1072.5
1409210 1072.5
1409220 1074.3
1409230 1077.1
1409240 1077.1
1409250 1083.3
1409260 1090.9
1409270 1090.9
1409280 1098.7
1409290 1104.1
1409300 1104.1
1409310 1103.3
1409320 1102.0
1409330 1102.0
1409340 1103.7
1409350 1104.6
1409360 1104.6
1409370 1109.0
1409380 1115.2
1409390 1115.2
1409400 1121.9
1409410 1128.0
1409420 1128.0
1409430 1136.2
1409440 1144.1
1409450 1144.1
1409460 1151.5
1409470 1158.6
1409480 1158.6
1409490 1165.0
1409500 1170.6
1409510 1170.6
1409520 1176.3
1409530 1182.6
1409540 1182.6
1409550 1188.2
1409560 1193.8
1409570 1198.3
1409580 1198.3
1409590 1201.3
1409600 1203.6
1409610 1203.6
1409620 1207.0
1409630 1209.7
1409640 1209.7
1409650 1212.2
1409660 1214.8
1409670 1214.8
1409680 1219.1
1409690 1222.9
1409700 1222.9
1409710 1226.0
1409720 1229.0
1409730 1229.0
1409740 1232.1
1409750 1233.9
1409760 1233.9
1409770 1234.6
1409780 1233.0
1409790 1233.0
1409800 1231.0
1409810 1233.0
1409820 1233.0
1409830 1235.9
1409840 1235.8
1409850 1235.8
1409860 1233.2
1409870 1232.3
1409880 1232.3
1409890 1231.8
1409900 1229.1
1409910 1229.1
1409920 1225.3
1409930 1221.3
1409940 1221.3
1409950 1215.6
1409960 1211.3
1409970 1206.4
1409980 1206.4
1409990 1212.3
1410000 1220.7
1410010 1220.7
1410020 1223.7
1410030 1226.2
1410040 1226.2
1410050 1227.4
1410060 1226.4
1410070 1226.4
1410080 1226.7
1410090 1239.8
1410100 1239.8
1410110 1244.0
1410120 1241.3
1410130 1241.3
1410140 1240.3
1410150 1239.9
1410160 1239.9
1410170 1247.9
1410180 1257.1
1410190 1257.1
1410200 1264.3
1410210 1270.2
1410220 1270.2
1410230 1275.8
1410240 1281.0
1410250 1281.0
1410260 1285.9
1410270 1289.9
1410280 1289.9
1410290 1293.6
1410300 1297.1
1410310 1297.1
1410320 1299.0
1410330 1299.4
1410340 1299.4
1410350 1300.2
1410360 1302.6
1410370 1305.4
1410380 1305.4
1410390 1307.8
1410400 1310.9
1410410 1310.9
1410420 1314.8
1410430 1318.7
1410440 1318.7
1410450 1321.5
1410460 1323.8
1410470 1323.8
1410480 1325.8
1410490 1327.8
1410500 1327.8
1410510 1328.5
1410520 1329.4
1410530 1329.4
1410540 1331.6
1410550 1332.2
1410560 1332.2
1410570 1329.8
1410580 1330.3
1410590 1330.3
1410600 1332.3
1410610 1335.6
1410620 1335.6
1410630 1340.0
1410640 1345.4
1410650 1345.4
1410660 1348.4
1410670 1349.9
1410680 1349.9
1410690 1350.4
1410700 1350.5
1410710 1350.5
1410720 1348.7
1410730 1346.7
1410740 1346.7
1410750 1344.8
1410760 1342.5
1410770 1340.1
1410780 1340.1
1410790 1338.4
1410800 1336.7
1410810 1336.7
1410820 1335.1
1410830 1335.0
1410840 1335.0
1410850 1334.4
1410860 1331.1
1410870 1331.1
1410880 1328.6
1410890 1328.6
1410900 1328.6
1410910 1324.0
1410920 1320.5
1410930 1320.5
1410940 1321.4
1410950 1323.5
1410960 1323.5
1410970 1322.4
1410980 1321.0
1410990 1321.0
1411000 1323.6
1411010 1328.5
1411020 1328.5
1411030 1334.5
1411040 1350.9
1411050 1350.9
1411060 1397.6
1411070 1423.7
1411080 1423.7
1411090 1437.1
1411100 1444.8
1411110 1444.8
1411120 1445.8
1411130 1445.7
1411140 1445.7
1411150 1447.7
1411160 1442.3
1411170 1440.6
1411180 1440.6
1411190 1441.1
1411200 1434.2
1411210 1434.2
1411220 1412.2
1411230 1405.1
1411240 1405.1
1411250 1401.1
1411260 1400.8
1411270 1400.8
1411280 1396.2
1411290 1391.9
1411300 1391.9
1411310 1384.5
1411320 1373.2
1411330 1373.2
1411340 1352.3
1411350 1344.0
1411360 1344.0
1411370 1339.1
1411380 1333.1
1411390 1333.1
1411400 1327.7
1411410 1322.9
1411420 1322.9
1411430 1318.0
1411440 1312.5
1411450 1312.5
1411460 1308.1
1411470 1308.5
1411480 1308.5
1411490 1314.2
1411500 1316.4
1411510 1316.4
1411520 1314.9
1411530 1312.0
1411540 1312.0
1411550 1308.2
1411560 1305.8
1411570 1304.8
1411580 1304.8
1411590 1305.6
1411600 1306.1
1411610 1306.1
1411620 1306.6
1411630 1306.7
1411640 1306.7
1411650 1307.5
1411660 1307.6
1411670 1307.6
1411680 1307.8
1411690 1305.4
1411700 1305.4
1411710 1301.2
1411720 1298.2
1411730 1298.2
1411740 1297.6
1411750 1298.8
1411760 1298.8
1411770 1299.9
1411780 1300.3
1411790 1300.3
1411800 1299.4
1411810 1298.5
1411820 1298.5
1411830 1298.3
1411840 1299.8
1411850 1299.8
1411860 1302.9
1411870 1306.0
1411880 1306.0
1411890 1307.7
1411900 1307.5
1411910 1307.5
1411920 1308.4
1411930 1311.0
1411940 1311.0
1411950 1314.7
1411960 1318.4
1411970 1319.4
1411980 1319.4
1411990 1321.8
1412000 1324.3
1412010 1324.3
1412020 1326.9
1412030 1328.0
1412040 1328.0
1412050 1328.8
1412060 1329.8
1412070 1329.8
1412080 1327.5
1412090 1321.1
1412100 1321.1
1412110 1315.8
1412120 1311.0
1412130 1311.0
1412140 1304.9
1412150 1300.4
1412160 1300.4
1412170 1295.0
1412180 1293.8
1412190 1293.8
1412200 1295.6
1412210 1298.5
1412220 1298.5
1412230 1303.3
1412240 1309.1
1412250 1309.1
1412260 1307.2
1412270 1299.5
1412280 1299.5
1412290 1296.0
1412300 1298.6
1412310 1298.6
1412320 1302.5
1412330 1304.8
1412340 1304.8
1412350 1308.2
1412360 1310.3
1412370 1304.9
1412380 1304.9
1412390 1302.3
1412400 1292.0
1412410 1292.0
1412420 1273.1
1412430 1258.1
1412440 1258.1
1412450 1251.4
1412460 1243.3
1412470 1243.3
1412480 1236.4
1412490 1230.7
1412500 1230.7
1412510 1224.9
1412520 1219.7
1412530 1219.7
1412540 1216.5
1412550 1212.7
1412560 1212.7
1412570 1206.4
1412580 1201.6
1412590 1201.6
1412600 1197.2
1412610 1196.8
1412620 1196.8
1412630 1199.3
1412640 1201.2
1412650 1201.2
1412660 1204.5
1412670 1205.2
1412680 1205.2
1412690 1204.2
1412700 1201.5
1412710 1199.5
1412720 1196.2
1412730 1193.2
1412740 1193.2
1412750 1188.5
1412760 1182.9
1412770 1177.7
1412780 1177.7
1412790 1175.5
1412800 1176.7
1412810 1176.7
1412820 1177.7
1412830 1178.6
1412840 1178.6
1412850 1179.3
1412860 1180.6
1412870 1180.6
1412880 1181.3
1412890 1180.3
1412900 1180.3
1412910 1178.7
1412920 1177.3
1412930 1177.3
1412940 1177.2
1412950 1179.0
1412960 1179.0
1412970 1183.5
1412980 1191.1
1412990 1191.1
1413000 1209.8
1413010 1214.5
1413020 1214.5
1413030 1215.7
1413040 1216.7
1413050 1216.7
1413060 1214.3
1413070 1211.9
1413080 1211.9
1413090 1207.8
1413100 1203.5
1413110 1203.5
1413120 1200.0
1413130 1196.5
1413140 1196.5
1413150 1193.6
1413160 1189.8
1413170 1186.7
1413180 1186.7
1413190 1183.0
1413200 1179.5
1413210 1179.5
1413220 1175.9
1413230 1173.4
1413240 1173.4
1413250 1171.9
1413260 1169.4
1413270 1169.4
1413280 1165.9
1413290 1162.6
1413300 1162.6
1413310 1160.4
1413320 1157.9
1413330 1157.9
1413340 1153.0
1413350 1149.3
1413360 1149.3
1413370 1145.2
1413380 1141.1
1413390 1141.1
1413400 1138.2
1413410 1136.0
1413420 1136.0
1413430 1133.8
1413440 1130.2
1413450 1130.2
1413460 1126.2
1413470 1123.5
1413480 1123.5
1413490 1120.1
1413500 1115.0
1413510 1115.0
1413520 1112.0
1413530 1108.5
1413540 1108.5
1413550 1104.9
1413560 1104.3
1413570 1100.8
1413580 1100.8
1413590 1097.4
1413600 1092.1
1413610 1092.1
1413620 1087.2
1413630 1085.9
1413640 1085.9
1413650 1083.7
1413660 1081.5
1413670 1081.5
1413680 1078.7
1413690 1076.1
1413700 1076.1
1413710 1072.5
1413720 1069.3
1413730 1069.3
1413740 1065.3
1413750 1061.3
1413760 1061.3
1413770 1057.4
1413780 1053.2
1413790 1053.2
1413800 1050.5
1413810 1047.6
1413820 1047.6
1413830 1043.5
1413840 1038.3
1413850 1038.3
1413860 1033.6
1413870 1030.2
1413880 1030.2
1413890 1026.8
1413900 1020.7
1413910 1020.7
1413920 1011.7
1413930 999.5
1413940 999.5
1413950 988.3
1413960 965.0
1413970 909.8
1413980 909.8
1413990 896.4
1414000 889.8
1414010 889.8
1414020 883.7
1414030 877.2
1414040 877.2
1414050 870.7
1414060 863.6
1414070 863.6
1414080 858.3
1414090 854.4
1414100 854.4
1414110 849.6
1414120 847.3
1414130 847.3
1414140 847.2
1414150 845.8
1414160 845.8
1414170 844.4
1414180 843.3
1414190 843.3
1414200 841.8
1414210 839.8
1414220 839.8
1414230 837.9
1414240 835.6
1414250 835.6
1414260 831.0
1414270 827.1
1414280 827.1
1414290 821.3
1414300 817.4
1414310 817.4
1414320 814.3
1414330 811.5
1414340 811.5
1414350 809.2
1414360 809.5
1414370 809.5
1414380 809.1
1414390 807.0
1414400 804.3
1414410 804.3
1414420 802.3
1414430 799.9
1414440 799.9
1414450 797.3
1414460 793.8
1414470 793.8
1414480 788.2
1414490 782.1
1414500 782.1
1414510 777.3
1414520 773.8
1414530 773.8
1414540 770.5
1414550 768.4
1414560 768.4
1414570 766.5
1414580 764.6
1414590 764.6
1414600 762.1
1414610 763.0
1414620 763.0
1414630 762.5
1414640 762.4
1414650 762.4
1414660 762.1
1414670 761.1
1414680 761.1
1414690 759.8
1414700 752.9
1414710 752.9
1414720 748.2
1414730 745.9
1414740 745.9
1414750 741.5
1414760 735.0
1414770 735.0
1414780 729.6
1414790 724.7
1414800 720.2
1414810 720.2
1414820 716.0
1414830 712.6
1414840 712.6
1414850 708.8
1414860 705.0
1414870 705.0
1414880 702.0
1414890 699.2
1414900 699.2
1414910 697.1
1414920 695.4
1414930 695.4
1414940 694.1
1414950 693.2
1414960 693.2
1414970 692.1
1414980 690.4
1414990 690.4
1415000 688.2
1415010 686.1
1415020 686.1
1415030 685.4
1415040 684.6
1415050 684.6
1415060 682.7
1415070 682.8
1415080 682.8
1415090 682.4
1415100 681.9
1415110 681.9
1415120 680.0
1415130 677.0
1415140 677.0
1415150 673.8
1415160 669.6
1415170 669.6
1415180 665.9
1415190 661.7
1415200 657.3
1415210 657.3
1415220 653.2
1415230 648.9
1415240 648.9
1415250 643.9
1415260 639.7
1415270 639.7
1415280 635.9
1415290 632.0
1415300 632.0
1415310 627.7
1415320 623.4
1415330 623.4
1415340 619.6
1415350 616.3
1415360 616.3
1415370 613.2
1415380 610.1
1415390 610.1
1415400 607.2
1415410 604.5
1415420 604.5
1415430 601.4
1415440 598.7
1415450 598.7
1415460 598.3
1415470 596.5
1415480 596.5
1415490 593.2
1415500 591.5
1415510 591.5
1415520 591.4
1415530 592.0
1415540 592.0
1415550 591.2
1415560 589.6
1415570 589.6
1415580 587.7
1415590 583.1
1415600 575.7
1415610 575.7
1415620 568.4
1415630 564.0
1415640 564.0
1415650 558.7
1415660 557.9
1415670 557.9
1415680 558.0
1415690 558.2
1415700 558.2
1415710 558.2
1415720 556.1
1415730 556.1
1415740 554.5
1415750 552.8
1415760 552.8
1415770 552.9
1415780 553.4
1415790 553.4
1415800 554.3
1415810 554.9
1415820 554.9
1415830 554.0
1415840 554.1
1415850 554.1
1415860 554.7
1415870 554.9
1415880 554.9
1415890 554.6
1415900 554.5
1415910 554.5
1415920 554.5
1415930 554.0
1415940 554.0
1415950 553.1
1415960 553.0
1415970 553.0
1415980 553.2
1415990 553.1
1416000 553.0
1416010 553.0
1416020 552.8
1416030 551.5
1416040 551.5
1416050 550.6
1416060 550.5
1416070 550.5
1416080 550.5
1416090 552.1
1416100 552.1
1416110 555.8
1416120 560.5
1416130 560.5
1416140 560.7
1416150 560.7
1416160 560.7
1416170 560.6
1416180 560.5
1416190 560.5
1416200 560.8
1416210 561.2
1416220 561.2
1416230 561.6
1416240 561.6
1416250 561.6
1416260 561.5
1416270 561.5
1416280 561.5
1416290 561.7
1416300 561.8
1416310 561.8
1416320 561.6
1416330 561.5
1416340 561.5
1416350 561.4
1416360 561.4
1416370 561.1
1416380 561.3
1416390 561.7
1416400 561.9
1416410 561.9
1416420 561.6
1416430 562.0
1416440 562.0
1416450 562.4
1416460 563.6
1416470 563.6
1416480 565.9
1416490 570.2
1416500 570.2
1416510 575.0
1416520 579.0
1416530 579.0
1416540 579.2
1416550 579.3
1416560 579.3
1416570 579.5
1416580 579.3
1416590 579.3
1416600 579.4
1416610 579.7
1416620 579.7
1416630 579.8
1416640 580.0
1416650 580.0
1416660 580.2
1416670 580.3
1416680 580.3
1416690 580.5
1416700 580.8
1416710 580.8
1416720 581.1
1416730 581.4
1416740 581.4
1416750 581.8
1416760 582.1
1416770 582.1
1416780 582.4
1416790 582.9
1416800 583.2
1416810 583.2
1416820 583.5
1416830 583.9
1416840 583.9
1416850 584.2
1416860 584.6
1416870 584.6
1416880 585.1
1416890 585.7
1416900 585.7
1416910 586.3
1416920 587.0
1416930 587.0
1416940 587.7
1416950 588.5
1416960 588.5
1416970 589.4
1416980 590.5
1416990 590.5
1417000 591.6
1417010 592.7
1417020 592.7
1417030 593.6
1417040 594.5
1417050 594.5
1417060 594.7
1417070 595.7
1417080 595.7
1417090 596.4
1417100 596.8
1417110 596.8
1417120 597.5
1417130 598.0
1417140 598.0
1417150 599.0
1417160 601.0
1417170 601.0
1417180 602.6
1417190 604.1
1417200 606.2
1417210 606.2
1417220 607.7
1417230 608.5
1417240 608.5
1417250 608.7
1417260 612.9
1417270 612.9
1417280 617.5
1417290 619.3
1417300 619.3
1417310 620.0
1417320 619.5
1417330 619.5
1417340 620.8
1417350 623.2
1417360 623.2
1417370 625.8
1417380 628.4
1417390 628.4
1417400 630.8
1417410 635.7
1417420 635.7
1417430 640.2
1417440 645.6
1417450 645.6
1417460 650.8
1417470 656.2
1417480 656.2
1417490 662.3
1417500 668.9
1417510 668.9
1417520 674.2
1417530 676.4
1417540 676.4
1417550 677.9
1417560 677.1
1417570 677.1
1417580 675.3
1417590 676.6
1417600 678.2
1417610 678.2
1417620 678.8
1417630 680.5
1417640 680.5
1417650 682.1
1417660 684.5
1417670 684.5
1417680 684.6
1417690 683.2
1417700 683.2
1417710 681.3
1417720 679.1
1417730 679.1
1417740 679.0
1417750 679.0
1417760 679.0
1417770 679.9
1417780 680.1
1417790 680.1
1417800 679.4
1417810 680.6
1417820 680.6
1417830 679.6
1417840 670.6
1417850 670.6
1417860 674.3
1417870 678.7
1417880 678.7
1417890 680.4
1417900 681.5
1417910 681.5
1417920 681.4
1417930 680.8
1417940 680.8
1417950 680.6
1417960 680.4
1417970 680.4
1417980 680.2
1417990 679.6
1418000 678.4
1418010 678.4
1418020 677.5
1418030 676.9
1418040 676.9
1418050 677.4
1418060 678.6
1418070 678.6
1418080 678.8
1418090 678.9
1418100 678.9
1418110 680.2
1418120 680.4
1418130 680.4
1418140 679.8
1418150 678.6
1418160 678.6
1418170 676.0
1418180 672.0
1418190 672.0
1418200 667.4
1418210 662.8
1418220 662.8
1418230 660.5
1418240 660.1
1418250 660.1
1418260 656.5
1418270 658.1
1418280 658.1
1418290 648.4
1418300 647.1
1418310 647.1
1418320 649.4
1418330 651.2
1418340 651.2
1418350 655.8
1418360 661.5
1418370 661.5
1418380 668.0
1418390 674.2
1418400 679.2
1418410 679.2
1418420 683.9
1418430 688.0
1418440 688.0
1418450 692.8
1418460 697.3
1418470 697.3
1418480 701.9
1418490 706.2
1418500 706.2
1418510 709.8
1418520 712.7
1418530 712.7
1418540 716.2
1418550 719.9
1418560 719.9
1418570 722.7
1418580 724.8
1418590 724.8
1418600 726.1
1418610 729.0
1418620 729.0
1418630 731.4
1418640 734.2
1418650 734.2
1418660 737.6
1418670 739.8
1418680 739.8
1418690 738.7
1418700 738.0
1418710 738.0
1418720 736.6
1418730 734.9
1418740 734.9
1418750 734.6
1418760 736.4
1418770 736.4
1418780 739.5
1418790 742.4
1418800 744.7
1418810 744.7
1418820 748.6
1418830 753.9
1418840 753.9
1418850 748.6
1418860 740.6
1418870 740.6
1418880 734.8
1418890 730.7
1418900 730.7
1418910 733.9
1418920 742.4
1418930 742.4
1418940 749.1
1418950 755.1
1418960 755.1
1418970 761.4
1418980 766.9
1418990 766.9
1419000 771.4
1419010 776.3
1419020 776.3
1419030 782.6
1419040 789.6
1419050 789.6
1419060 796.6
1419070 801.5
1419080 801.5
1419090 805.0
1419100 808.4
1419110 808.4
1419120 811.9
1419130 815.1
1419140 815.1
1419150 818.2
1419160 821.0
1419170 821.0
1419180 823.8
1419190 826.7
1419200 829.8
1419210 829.8
1419220 833.1
1419230 836.0
1419240 836.0
1419250 838.2
1419260 840.1
1419270 840.1
1419280 841.6
1419290 843.0
1419300 843.0
1419310 844.8
1419320 846.4
1419330 846.4
1419340 848.4
1419350 850.4
1419360 850.4
1419370 852.2
1419380 854.3
1419390 854.3
1419400 856.4
1419410 858.7
1419420 858.7
1419430 860.4
1419440 862.0
1419450 862.0
1419460 864.1
1419470 866.0
1419480 866.0
1419490 868.6
1419500 870.6
1419510 870.6
1419520 872.0
1419530 873.8
1419540 873.8
1419550 876.2
1419560 879.5
1419570 879.5
1419580 883.9
1419590 887.7
1419600 890.7
1419610 890.7
1419620 892.7
1419630 894.5
1419640 894.5
1419650 896.8
1419660 899.6
1419670 899.6
1419680 902.7
1419690 906.3
1419700 906.3
1419710 910.1
1419720 914.5
1419730 914.5
1419740 918.8
1419750 922.4
1419760 922.4
1419770 925.4
1419780 929.2
1419790 929.2
1419800 933.0
1419810 935.3
1419820 935.3
1419830 936.5
1419840 938.1
1419850 938.1
1419860 939.7
1419870 941.8
1419880 941.8
1419890 944.0
1419900 945.3
1419910 945.3
1419920 945.0
1419930 944.6
1419940 944.6
1419950 948.1
1419960 951.9
1419970 951.9
1419980 955.9
1419990 958.4
