1400000 1384.9
1400010 1382.5
1400020 1382.5
1400030 1380.3
1400040 1377.5
1400050 1377.5
1400060 1374.8
1400070 1373.7
1400080 1373.7
1400090 1373.2
1400100 1372.3
1400110 1372.3
1400120 1370.7
1400130 1369.3
1400140 1369.3
1400150 1368.3
1400160 1367.3
1400170 1367.3
1400180 1366.5
1400190 1366.8
1400200 1366.8
1400210 1367.8
1400220 1367.8
1400230 1367.8
1400240 1367.5
1400250 1366.3
1400260 1366.3
1400270 1362.9
1400280 1359.8
1400290 1359.8
1400300 1356.6
1400310 1352.0
1400320 1352.0
1400330 1351.7
1400340 1352.2
1400350 1352.2
1400360 1351.9
1400370 1350.0
1400380 1347.4
1400390 1347.4
1400400 1346.4
1400410 1344.6
1400420 1344.6
1400430 1342.5
1400440 1340.0
1400450 1340.0
1400460 1337.9
1400470 1336.4
1400480 1336.4
1400490 1334.2
1400500 1331.9
1400510 1331.9
1400520 1329.8
1400530 1327.4
1400540 1327.4
1400550 1324.9
1400560 1322.3
1400570 1322.3
1400580 1319.2
1400590 1315.9
1400600 1315.9
1400610 1313.6
1400620 1311.4
1400630 1311.4
1400640 1309.0
1400650 1306.3
1400660 1306.3
1400670 1304.0
1400680 1301.5
1400690 1301.5
1400700 1299.2
1400710 1297.0
1400720 1297.0
1400730 1295.0
1400740 1292.9
1400750 1292.9
1400760 1290.6
1400770 1288.6
1400780 1287.0
1400790 1287.0
1400800 1285.6
1400810 1283.9
1400820 1283.9
1400830 1282.4
1400840 1281.0
1400850 1281.0
1400860 1279.8
1400870 1278.8
1400880 1278.8
1400890 1278.0
1400900 1276.8
1400910 1276.8
1400920 1275.7
1400930 1274.5
1400940 1274.5
1400950 1273.5
1400960 1272.2
1400970 1272.2
1400980 1270.9
1400990 1269.3
1401000 1269.3
1401010 1267.5
1401020 1265.3
1401030 1265.3
1401040 1263.0
1401050 1261.3
1401060 1261.3
1401070 1259.6
1401080 1258.1
1401090 1258.1
1401100 1256.5
1401110 1255.4
1401120 1255.4
1401130 1254.1
1401140 1253.1
1401150 1253.1
1401160 1252.0
1401170 1250.7
1401180 1248.6
1401190 1248.6
1401200 1245.8
1401210 1243.3
1401220 1243.3
1401230 1241.1
1401240 1238.7
1401250 1238.7
1401260 1236.9
1401270 1235.9
1401280 1235.9
1401290 1233.6
1401300 1229.5
1401310 1229.5
1401320 1227.0
1401330 1224.7
1401340 1224.7
1401350 1219.8
1401360 1217.7
1401370 1217.7
1401380 1218.0
1401390 1215.8
1401400 1215.8
1401410 1212.7
1401420 1210.7
1401430 1210.7
1401440 1208.5
1401450 1205.4
1401460 1205.4
1401470 1202.2
1401480 1199.1
1401490 1199.1
1401500 1195.5
1401510 1192.3
1401520 1192.3
1401530 1188.8
1401540 1184.7
1401550 1184.7
1401560 1180.1
1401570 1172.3
1401580 1161.1
1401590 1161.1
1401600 1154.4
1401610 1148.7
1401620 1148.7
1401630 1144.6
1401640 1141.0
1401650 1141.0
1401660 1138.6
1401670 1137.2
1401680 1137.2
1401690 1136.9
1401700 1138.5
1401710 1138.5
1401720 1139.8
1401730 1139.2
1401740 1139.2
1401750 1138.0
1401760 1135.6
1401770 1135.6
1401780 1132.5
1401790 1128.7
1401800 1128.7
1401810 1124.3
1401820 1119.7
1401830 1119.7
1401840 1115.4
1401850 1110.8
1401860 1110.8
1401870 1106.8
1401880 1102.8
1401890 1102.8
1401900 1099.1
1401910 1096.3
1401920 1096.3
1401930 1094.5
1401940 1090.7
1401950 1090.7
1401960 1088.4
1401970 1086.4
1401980 1086.4
1401990 1084.0
1402000 1080.7
1402010 1076.8
1402020 1076.8
1402030 1073.6
1402040 1070.3
1402050 1070.3
1402060 1066.6
1402070 1062.6
1402080 1062.6
1402090 1059.0
1402100 1055.5
1402110 1055.5
1402120 1050.9
1402130 1046.5
1402140 1046.5
1402150 1042.6
1402160 1039.6
1402170 1039.6
1402180 1036.6
1402190 1031.8
1402200 1031.8
1402210 1028.9
1402220 1026.3
1402230 1026.3
1402240 1026.6
1402250 1028.4
1402260 1028.4
1402270 1026.1
1402280 1025.0
1402290 1025.0
1402300 1024.9
1402310 1027.1
1402320 1027.1
1402330 1030.9
1402340 1035.6
1402350 1035.6
1402360 1036.9
1402370 1031.7
1402380 1031.7
1402390 1028.3
1402400 1030.0
1402410 1031.2
1402420 1031.2
1402430 1029.5
1402440 1027.0
1402450 1027.0
1402460 1026.9
1402470 1026.3
1402480 1026.3
1402490 1023.2
1402500 1022.3
1402510 1022.3
1402520 1021.1
1402530 1019.5
1402540 1019.5
1402550 1017.4
1402560 1014.6
1402570 1014.6
1402580 1010.9
1402590 1004.8
1402600 1004.8
1402610 998.4
1402620 992.4
1402630 992.4
1402640 989.4
1402650 986.6
1402660 986.6
1402670 983.3
1402680 980.8
1402690 980.8
1402700 976.9
1402710 973.7
1402720 973.7
1402730 975.4
1402740 987.3
1402750 987.3
1402760 996.0
1402770 1004.0
1402780 1004.0
1402790 1009.2
1402800 1015.7
1402810 1023.7
1402820 1023.7
1402830 1032.0
1402840 1039.6
1402850 1039.6
1402860 1046.7
1402870 1051.5
1402880 1051.5
1402890 1054.4
1402900 1057.5
1402910 1057.5
1402920 1060.4
1402930 1063.7
1402940 1063.7
1402950 1067.7
1402960 1072.3
1402970 1072.3
1402980 1076.4
1402990 1080.2
1403000 1080.2
1403010 1083.5
1403020 1087.1
1403030 1087.1
1403040 1090.8
1403050 1094.0
1403060 1094.0
1403070 1097.1
1403080 1099.8
1403090 1099.8
1403100 1103.0
1403110 1106.9
1403120 1106.9
1403130 1111.7
1403140 1117.8
1403150 1117.8
1403160 1122.3
1403170 1127.0
1403180 1127.0
1403190 1132.0
1403200 1137.4
1403210 1142.8
1403220 1142.8
1403230 1148.8
1403240 1155.4
1403250 1155.4
1403260 1160.7
1403270 1167.4
1403280 1167.4
1403290 1173.7
1403300 1180.2
1403310 1180.2
1403320 1186.7
1403330 1193.3
1403340 1193.3
1403350 1199.2
1403360 1205.0
1403370 1205.0
1403380 1210.5
1403390 1216.3
1403400 1216.3
1403410 1222.0
1403420 1227.3
1403430 1227.3
1403440 1232.2
1403450 1236.4
1403460 1236.4
1403470 1239.5
1403480 1241.8
1403490 1241.8
1403500 1243.6
1403510 1245.1
1403520 1245.1
1403530 1245.9
1403540 1246.3
1403550 1246.3
1403560 1246.1
1403570 1245.4
1403580 1245.4
1403590 1244.1
1403600 1241.4
1403610 1238.9
1403620 1238.9
1403630 1237.9
1403640 1237.0
1403650 1237.0
1403660 1235.8
1403670 1233.4
1403680 1233.4
1403690 1231.2
1403700 1229.8
1403710 1229.8
1403720 1228.0
1403730 1226.6
1403740 1226.6
1403750 1224.7
1403760 1222.3
1403770 1222.3
1403780 1218.4
1403790 1215.6
1403800 1215.6
1403810 1215.7
1403820 1213.2
1403830 1213.2
1403840 1209.4
1403850 1205.8
1403860 1205.8
1403870 1202.2
1403880 1199.1
1403890 1199.1
1403900 1196.0
1403910 1193.0
1403920 1193.0
1403930 1190.0
1403940 1186.7
1403950 1186.7
1403960 1183.7
1403970 1180.5
1403980 1180.5
1403990 1176.5
1404000 1172.3
1404010 1167.6
1404020 1167.6
1404030 1163.3
1404040 1159.3
1404050 1159.3
1404060 1154.7
1404070 1149.6
1404080 1149.6
1404090 1145.1
1404100 1141.4
1404110 1141.4
1404120 1137.7
1404130 1133.7
1404140 1133.7
1404150 1130.1
1404160 1126.6
1404170 1126.6
1404180 1122.8
1404190 1119.3
1404200 1119.3
1404210 1115.5
1404220 1113.0
1404230 1113.0
1404240 1109.7
1404250 1104.6
1404260 1104.6
1404270 1099.9
1404280 1097.2
1404290 1097.2
1404300 1095.1
1404310 1093.1
1404320 1093.1
1404330 1089.5
1404340 1085.2
1404350 1085.2
1404360 1080.9
1404370 1076.5
1404380 1076.5
1404390 1072.5
1404400 1067.7
1404410 1063.9
1404420 1063.9
1404430 1060.7
1404440 1055.8
1404450 1055.8
1404460 1051.6
1404470 1047.6
1404480 1047.6
1404490 1043.9
1404500 1039.9
1404510 1039.9
1404520 1035.9
1404530 1032.2
1404540 1032.2
1404550 1028.3
1404560 1023.7
1404570 1023.7
1404580 1018.8
1404590 1014.7
1404600 1014.7
1404610 1010.8
1404620 1005.7
1404630 1005.7
1404640 1000.3
1404650 996.4
1404660 996.4
1404670 993.1
1404680 989.6
1404690 989.6
1404700 985.4
1404710 981.2
1404720 981.2
1404730 979.1
1404740 973.5
1404750 973.5
1404760 967.8
1404770 962.1
1404780 962.1
1404790 956.5
1404800 951.0
1404810 944.1
1404820 944.1
1404830 936.9
1404840 930.4
1404850 930.4
1404860 924.4
1404870 917.5
1404880 917.5
1404890 911.1
1404900 903.8
1404910 903.8
1404920 894.8
1404930 885.9
1404940 885.9
1404950 878.2
1404960 872.0
1404970 872.0
1404980 867.3
1404990 864.5
1405000 864.5
1405010 862.5
1405020 858.5
1405030 858.5
1405040 855.1
1405050 852.9
1405060 852.9
1405070 849.2
1405080 846.5
1405090 846.5
1405100 846.2
1405110 846.4
1405120 846.4
1405130 843.3
1405140 830.3
1405150 830.3
1405160 840.7
1405170 846.5
1405180 846.5
1405190 849.5
1405200 854.5
1405210 860.9
1405220 860.9
1405230 866.9
1405240 872.2
1405250 872.2
1405260 877.3
1405270 882.7
1405280 882.7
1405290 889.1
1405300 896.7
1405310 896.7
1405320 903.9
1405330 911.3
1405340 911.3
1405350 923.6
1405360 934.2
1405370 934.2
1405380 941.7
1405390 951.4
1405400 951.4
1405410 957.7
1405420 960.7
1405430 960.7
1405440 963.4
1405450 964.2
1405460 964.2
1405470 964.0
1405480 963.8
1405490 963.8
1405500 962.4
1405510 962.2
1405520 962.2
1405530 963.0
1405540 963.4
1405550 963.4
1405560 963.4
1405570 964.2
1405580 964.2
1405590 966.7
1405600 967.9
1405610 968.3
1405620 968.3
1405630 965.7
1405640 962.2
1405650 962.2
1405660 968.3
1405670 981.5
1405680 981.5
1405690 992.2
1405700 1002.0
1405710 1002.0
1405720 1011.0
1405730 1019.2
1405740 1019.2
1405750 1027.5
1405760 1036.1
1405770 1036.1
1405780 1045.4
1405790 1052.1
1405800 1052.1
1405810 1055.7
1405820 1058.9
1405830 1058.9
1405840 1061.2
1405850 1062.5
1405860 1062.5
1405870 1063.6
1405880 1064.2
1405890 1064.2
1405900 1064.6
1405910 1064.9
1405920 1064.9
1405930 1064.5
1405940 1064.2
1405950 1064.2
1405960 1064.0
1405970 1062.2
1405980 1062.2
1405990 1060.0
1406000 1057.9
1406010 1057.9
1406020 1056.6
1406030 1055.6
1406040 1053.3
1406050 1053.3
1406060 1050.6
1406070 1046.9
1406080 1046.9
1406090 1050.4
1406100 1050.7
1406110 1050.7
1406120 1049.0
1406130 1050.1
1406140 1050.1
1406150 1050.1
1406160 1049.2
1406170 1049.2
1406180 1049.0
1406190 1047.7
1406200 1047.7
1406210 1053.8
1406220 1063.6
1406230 1063.6
1406240 1071.8
1406250 1078.5
1406260 1078.5
1406270 1083.3
1406280 1090.9
1406290 1090.9
1406300 1097.1
1406310 1102.8
1406320 1102.8
1406330 1108.6
1406340 1114.4
1406350 1114.4
1406360 1120.2
1406370 1125.2
1406380 1125.2
1406390 1130.2
1406400 1135.2
1406410 1135.2
1406420 1140.6
1406430 1145.9
1406440 1150.8
1406450 1150.8
1406460 1155.5
1406470 1159.8
1406480 1159.8
1406490 1163.6
1406500 1166.9
1406510 1166.9
1406520 1169.6
1406530 1171.5
1406540 1171.5
1406550 1172.7
1406560 1173.1
1406570 1173.1
1406580 1172.7
1406590 1171.4
1406600 1171.4
1406610 1169.7
1406620 1167.1
1406630 1167.1
1406640 1162.8
1406650 1156.6
1406660 1156.6
1406670 1148.6
1406680 1139.2
1406690 1139.2
1406700 1131.1
1406710 1124.9
1406720 1124.9
1406730 1119.5
1406740 1114.6
1406750 1114.6
1406760 1107.8
1406770 1103.3
1406780 1103.3
1406790 1098.3
1406800 1093.6
1406810 1093.6
1406820 1088.9
1406830 1083.8
1406840 1079.1
1406850 1079.1
1406860 1074.4
1406870 1069.8
1406880 1069.8
1406890 1064.1
1406900 1058.0
1406910 1058.0
1406920 1051.6
1406930 1044.7
1406940 1044.7
1406950 1038.1
1406960 1030.9
1406970 1030.9
1406980 1023.2
1406990 1013.0
1407000 1013.0
1407010 1001.8
1407020 997.2
1407030 997.2
1407040 1001.9
1407050 1009.1
1407060 1009.1
1407070 1017.2
1407080 1024.7
1407090 1024.7
1407100 1030.0
1407110 1034.3
1407120 1034.3
1407130 1037.4
1407140 1038.2
1407150 1038.2
1407160 1037.7
1407170 1036.3
1407180 1036.3
1407190 1035.8
1407200 1041.3
1407210 1041.3
1407220 1048.9
1407230 1056.2
1407240 1063.1
1407250 1063.1
1407260 1070.1
1407270 1076.4
1407280 1076.4
1407290 1083.0
1407300 1089.5
1407310 1089.5
1407320 1095.6
1407330 1102.6
1407340 1102.6
1407350 1106.7
1407360 1112.0
1407370 1112.0
1407380 1117.5
1407390 1122.0
1407400 1122.0
1407410 1125.8
1407420 1128.5
1407430 1128.5
1407440 1130.5
1407450 1130.3
1407460 1130.3
1407470 1126.0
1407480 1120.9
1407490 1120.9
1407500 1115.1
1407510 1110.5
1407520 1110.5
1407530 1107.4
1407540 1102.4
1407550 1102.4
1407560 1097.7
1407570 1094.3
1407580 1094.3
1407590 1092.9
1407600 1092.2
1407610 1092.2
1407620 1091.8
1407630 1091.2
1407640 1093.0
1407650 1093.0
1407660 1104.2
1407670 1112.0
1407680 1112.0
1407690 1115.4
1407700 1120.5
1407710 1120.5
1407720 1125.7
1407730 1129.9
1407740 1129.9
1407750 1134.9
1407760 1140.0
1407770 1140.0
1407780 1144.8
1407790 1148.2
1407800 1148.2
1407810 1150.9
1407820 1151.9
1407830 1151.9
1407840 1154.6
1407850 1157.6
1407860 1157.6
1407870 1160.8
1407880 1163.9
1407890 1163.9
1407900 1166.1
1407910 1168.7
1407920 1168.7
1407930 1172.2
1407940 1175.2
1407950 1175.2
1407960 1178.6
1407970 1181.9
1407980 1181.9
1407990 1185.6
1408000 1189.8
1408010 1195.8
1408020 1199.0
1408030 1201.6
1408040 1206.2
1408050 1206.2
1408060 1210.9
1408070 1215.9
1408080 1215.9
1408090 1221.3
1408100 1226.7
1408110 1226.7
1408120 1232.6
1408130 1237.5
1408140 1237.5
1408150 1243.3
1408160 1249.9
1408170 1249.9
1408180 1256.9
1408190 1264.3
1408200 1264.3
1408210 1269.9
1408220 1276.4
1408230 1276.4
1408240 1282.8
1408250 1286.3
1408260 1286.3
1408270 1284.4
1408280 1285.2
1408290 1285.2
1408300 1283.5
1408310 1278.6
1408320 1278.6
1408330 1273.9
1408340 1269.4
1408350 1269.4
1408360 1265.1
1408370 1259.3
1408380 1259.3
1408390 1253.5
1408400 1249.8
1408410 1249.8
1408420 1245.3
1408430 1239.6
1408440 1234.3
1408450 1234.3
1408460 1228.5
1408470 1222.6
1408480 1222.6
1408490 1218.5
1408500 1216.0
1408510 1216.0
1408520 1211.6
1408530 1207.0
1408540 1207.0
1408550 1203.6
1408560 1201.2
1408570 1201.2
1408580 1197.4
1408590 1194.9
1408600 1194.9
1408610 1193.1
1408620 1190.9
1408630 1190.9
1408640 1187.6
1408650 1183.9
1408660 1183.9
1408670 1180.4
1408680 1177.2
1408690 1177.2
1408700 1172.4
1408710 1168.5
1408720 1168.5
1408730 1167.2
1408740 1163.6
1408750 1163.6
1408760 1159.5
1408770 1155.8
1408780 1155.8
1408790 1152.8
1408800 1149.5
1408810 1149.5
1408820 1146.0
1408830 1143.0
1408840 1139.3
1408850 1139.3
1408860 1134.6
1408870 1130.2
1408880 1130.2
1408890 1124.9
1408900 1118.3
1408910 1118.3
1408920 1113.8
1408930 1110.7
1408940 1110.7
1408950 1107.8
1408960 1104.5
1408970 1104.5
1408980 1100.9
1408990 1096.5
1409000 1096.5
1409010 1092.2
1409020 1088.7
1409030 1088.7
1409040 1085.8
1409050 1082.7
1409060 1082.7
1409070 1080.8
1409080 1077.5
1409090 1077.5
1409100 1074.3
1409110 1071.0
1409120 1071.0
1409130 1067.9
1409140 1064.4
1409150 1064.4
1409160 1062.3
1409170 1060.8
1409180 1060.8
1409190 1059.3
1409200 1057.3
1409210 1057.3
1409220 1054.4
1409230 1053.0
1409240 1051.7
1409250 1051.7
1409260 1051.5
1409270 1048.8
1409280 1048.8
1409290 1046.2
1409300 1043.3
1409310 1043.3
1409320 1040.3
1409330 1037.3
1409340 1037.3
1409350 1031.9
1409360 1022.3
1409370 1022.3
1409380 1012.5
1409390 1004.2
1409400 1004.2
1409410 998.2
1409420 997.7
1409430 997.7
1409440 997.8
1409450 1002.3
1409460 1002.3
1409470 1009.0
1409480 1015.2
1409490 1015.2
1409500 1023.0
1409510 1029.5
1409520 1029.5
1409530 1035.1
1409540 1042.1
1409550 1042.1
1409560 1048.8
1409570 1053.4
1409580 1053.4
1409590 1058.7
1409600 1063.0
1409610 1063.0
1409620 1069.9
1409630 1079.0
1409640 1086.2
1409650 1086.2
1409660 1094.6
1409670 1104.8
1409680 1104.8
1409690 1115.1
1409700 1130.4
1409710 1130.4
1409720 1135.9
1409730 1140.4
1409740 1140.4
1409750 1145.5
1409760 1151.9
1409770 1151.9
1409780 1157.8
1409790 1163.8
1409800 1163.8
1409810 1169.2
1409820 1174.5
1409830 1174.5
1409840 1179.8
1409850 1184.9
1409860 1184.9
1409870 1190.2
1409880 1195.2
1409890 1195.2
1409900 1200.4
1409910 1204.6
1409920 1204.6
1409930 1208.6
1409940 1212.6
1409950 1212.6
1409960 1216.7
1409970 1220.5
1409980 1220.5
1409990 1224.8
1410000 1229.1
1410010 1229.1
1410020 1233.6
1410030 1238.3
1410040 1238.3
1410050 1242.7
1410060 1247.0
1410070 1251.3
1410080 1251.3
1410090 1255.1
1410100 1259.1
1410110 1259.1
1410120 1263.4
1410130 1267.3
1410140 1267.3
1410150 1270.7
1410160 1273.5
1410170 1273.5
1410180 1276.3
1410190 1279.0
1410200 1279.0
1410210 1281.6
1410220 1284.1
1410230 1284.1
1410240 1286.3
1410250 1288.8
1410260 1288.8
1410270 1290.8
1410280 1292.8
1410290 1292.8
1410300 1294.7
1410310 1296.5
1410320 1296.5
1410330 1298.3
1410340 1299.9
1410350 1299.9
1410360 1301.6
1410370 1303.2
1410380 1303.2
1410390 1304.6
1410400 1306.0
1410410 1306.0
1410420 1307.4
1410430 1308.5
1410440 1308.5
1410450 1309.9
1410460 1311.1
1410470 1312.2
1410480 1312.2
1410490 1313.0
1410500 1313.5
1410510 1313.5
1410520 1313.7
1410530 1313.2
1410540 1313.2
1410550 1311.8
1410560 1310.4
1410570 1310.4
1410580 1309.8
1410590 1309.9
1410600 1309.9
1410610 1309.9
1410620 1310.0
1410630 1310.0
1410640 1310.1
1410650 1310.2
1410660 1310.2
1410670 1310.2
1410680 1309.8
1410690 1309.8
1410700 1308.9
1410710 1307.7
1410720 1307.7
1410730 1305.4
1410740 1302.8
1410750 1302.8
1410760 1299.4
1410770 1295.9
1410780 1295.9
1410790 1292.6
1410800 1288.9
1410810 1288.9
1410820 1283.9
1410830 1280.8
1410840 1280.8
1410850 1278.1
1410860 1275.9
1410870 1273.3
1410880 1273.3
1410890 1271.9
1410900 1270.2
1410910 1270.2
1410920 1268.2
1410930 1264.8
1410940 1264.8
1410950 1261.7
1410960 1258.0
1410970 1258.0
1410980 1253.5
1410990 1249.1
1411000 1249.1
1411010 1244.8
1411020 1240.0
1411030 1240.0
1411040 1236.0
1411050 1231.7
1411060 1231.7
1411070 1227.3
1411080 1223.7
1411090 1223.7
1411100 1222.2
1411110 1221.0
1411120 1221.0
1411130 1219.4
1411140 1218.4
1411150 1218.4
1411160 1216.3
1411170 1212.9
1411180 1212.9
1411190 1210.5
1411200 1209.2
1411210 1209.2
1411220 1206.8
1411230 1205.9
1411240 1205.9
1411250 1206.4
1411260 1206.2
1411270 1206.5
1411280 1206.5
1411290 1206.8
1411300 1205.2
1411310 1205.2
1411320 1204.6
1411330 1204.9
1411340 1204.9
1411350 1204.4
1411360 1202.9
1411370 1202.9
1411380 1201.0
1411390 1198.8
1411400 1198.8
1411410 1198.2
1411420 1196.0
1411430 1196.0
1411440 1195.9
1411450 1195.6
1411460 1195.6
1411470 1193.9
1411480 1191.2
1411490 1191.2
1411500 1188.6
1411510 1187.4
1411520 1187.4
1411530 1187.2
1411540 1187.7
1411550 1187.7
1411560 1188.1
1411570 1187.4
1411580 1187.4
1411590 1189.1
1411600 1189.1
1411610 1189.1
1411620 1187.0
1411630 1184.5
1411640 1184.5
1411650 1186.1
1411660 1187.8
1411670 1189.3
1411680 1189.3
1411690 1188.9
1411700 1189.9
1411710 1189.9
1411720 1190.0
1411730 1191.5
1411740 1191.5
1411750 1192.6
1411760 1193.8
1411770 1193.8
1411780 1196.0
1411790 1196.1
1411800 1196.1
1411810 1194.7
1411820 1195.3
1411830 1195.3
1411840 1194.5
1411850 1192.4
1411860 1192.4
1411870 1191.5
1411880 1190.2
1411890 1190.2
1411900 1191.1
1411910 1191.6
1411920 1191.6
1411930 1196.7
1411940 1211.3
1411950 1211.3
1411960 1235.4
1411970 1243.1
1411980 1243.1
1411990 1248.3
1412000 1253.8
1412010 1253.8
1412020 1255.4
1412030 1252.3
1412040 1252.3
1412050 1251.3
1412060 1249.2
1412070 1246.1
1412080 1246.1
1412090 1240.9
1412100 1238.3
1412110 1238.3
1412120 1237.4
1412130 1235.3
1412140 1235.3
1412150 1232.0
1412160 1235.8
1412170 1235.8
1412180 1243.5
1412190 1247.6
1412200 1247.6
1412210 1251.8
1412220 1256.2
1412230 1256.2
1412240 1256.6
1412250 1257.7
1412260 1257.7
1412270 1259.5
1412280 1260.4
1412290 1260.4
1412300 1260.1
1412310 1265.5
1412320 1265.5
1412330 1266.3
1412340 1264.2
1412350 1264.2
1412360 1261.9
1412370 1261.5
1412380 1261.5
1412390 1261.6
1412400 1258.5
1412410 1258.5
1412420 1257.8
1412430 1253.1
1412440 1253.1
1412450 1247.5
1412460 1241.6
1412470 1237.9
1412480 1237.9
1412490 1237.5
1412500 1236.7
1412510 1236.7
1412520 1234.5
1412530 1232.3
1412540 1232.3
1412550 1230.3
1412560 1229.3
1412570 1229.3
1412580 1229.8
1412590 1228.9
1412600 1228.9
1412610 1223.8
1412620 1216.8
1412630 1216.8
1412640 1210.6
1412650 1206.5
1412660 1206.5
1412670 1202.4
1412680 1198.4
1412690 1198.4
1412700 1194.8
1412710 1191.5
1412720 1191.5
1412730 1184.8
1412740 1170.0
1412750 1170.0
1412760 1155.6
1412770 1144.7
1412780 1144.7
1412790 1134.0
1412800 1109.4
1412810 1109.4
1412820 1088.7
1412830 1074.7
1412840 1074.7
1412850 1065.2
1412860 1055.6
1412870 1050.3
1412880 1050.3
1412890 1046.8
1412900 1044.6
1412910 1044.6
1412920 1042.8
1412930 1040.5
1412940 1040.5
1412950 1037.1
1412960 1037.6
1412970 1037.6
1412980 1039.6
1412990 1042.6
1413000 1042.6
1413010 1044.5
1413020 1047.2
1413030 1047.2
1413040 1048.8
1413050 1049.7
1413060 1049.7
1413070 1050.6
1413080 1050.5
1413090 1050.5
1413100 1050.4
1413110 1051.1
1413120 1051.1
1413130 1053.1
1413140 1055.5
1413150 1055.5
1413160 1057.9
1413170 1063.8
1413180 1063.8
1413190 1074.9
1413200 1067.9
1413210 1088.2
1413220 1083.1
1413230 1088.3
1413240 1088.3
1413250 1089.8
1413260 1084.5
1413270 1068.9
1413280 1068.9
1413290 1034.8
1413300 1016.0
1413310 1016.0
1413320 1009.2
1413330 1002.6
1413340 1002.6
1413350 998.0
1413360 994.9
1413370 994.9
1413380 991.5
1413390 988.9
1413400 988.9
1413410 985.9
1413420 982.0
1413430 982.0
1413440 979.9
1413450 978.2
1413460 978.2
1413470 972.5
1413480 967.0
1413490 967.0
1413500 963.6
1413510 960.2
1413520 960.2
1413530 955.6
1413540 950.0
1413550 950.0
1413560 944.7
1413570 940.9
1413580 940.9
1413590 938.1
1413600 935.4
1413610 935.4
1413620 932.7
1413630 931.2
1413640 931.2
1413650 929.9
1413660 928.3
1413670 928.3
1413680 925.6
1413690 922.0
1413700 919.0
1413710 919.0
1413720 919.1
1413730 918.2
1413740 918.2
1413750 917.7
1413760 918.7
1413770 918.7
1413780 921.2
1413790 922.0
1413800 922.0
1413810 917.6
1413820 909.4
1413830 909.4
1413840 905.4
1413850 903.4
1413860 903.4
1413870 899.9
1413880 896.1
1413890 896.1
1413900 891.6
1413910 888.7
1413920 888.7
1413930 888.0
1413940 891.1
1413950 891.1
1413960 895.2
1413970 896.2
1413980 896.2
1413990 895.7
1414000 896.3
1414010 896.3
1414020 895.1
1414030 891.5
1414040 891.5
1414050 890.2
1414060 887.2
1414070 887.2
1414080 880.7
1414090 874.1
1414100 870.4
1414110 870.4
1414120 864.5
1414130 855.5
1414140 855.5
1414150 851.9
1414160 847.7
1414170 847.7
1414180 843.7
1414190 837.8
1414200 837.8
1414210 832.3
1414220 823.9
1414230 823.9
1414240 817.2
1414250 811.3
1414260 811.3
1414270 806.7
1414280 802.8
1414290 802.8
1414300 799.3
1414310 797.1
1414320 797.1
1414330 796.0
1414340 794.9
1414350 794.9
1414360 794.5
1414370 799.1
1414380 799.1
1414390 803.7
1414400 809.0
1414410 809.0
1414420 819.3
1414430 828.7
1414440 828.7
1414450 836.4
1414460 842.6
1414470 842.6
1414480 847.0
1414490 846.4
1414500 846.1
1414510 846.1
1414520 846.6
1414530 849.2
1414540 849.2
1414550 848.3
1414560 844.5
1414570 844.5
1414580 841.2
1414590 839.6
1414600 839.6
1414610 838.0
1414620 836.5
1414630 836.5
1414640 833.3
1414650 830.2
1414660 830.2
1414670 827.0
1414680 824.2
1414690 824.2
1414700 820.0
1414710 815.5
1414720 815.5
1414730 813.0
1414740 811.2
1414750 811.2
1414760 808.7
1414770 806.0
1414780 806.0
1414790 802.3
1414800 797.9
1414810 797.9
1414820 795.2
1414830 791.9
1414840 791.9
1414850 788.9
1414860 785.8
1414870 785.8
1414880 783.9
1414890 783.2
1414900 783.6
1414910 783.6
1414920 785.2
1414930 788.5
1414940 788.5
1414950 790.3
1414960 790.6
1414970 790.6
1414980 790.5
1414990 789.6
1415000 789.6
1415010 790.1
1415020 788.2
1415030 785.9
1415040 784.2
1415050 782.4
1415060 782.4
1415070 780.5
1415080 779.0
1415090 779.0
1415100 778.7
1415110 779.4
1415120 779.4
1415130 780.2
1415140 780.5
1415150 780.5
1415160 780.0
1415170 778.1
1415180 778.1
1415190 776.7
1415200 775.5
1415210 775.5
1415220 774.6
1415230 772.8
1415240 772.8
1415250 770.5
1415260 769.4
1415270 769.4
1415280 765.4
1415290 756.4
1415300 744.6
1415310 744.6
1415320 734.2
1415330 726.7
1415340 726.7
1415350 722.2
1415360 717.9
1415370 717.9
1415380 713.7
1415390 708.5
1415400 708.5
1415410 702.9
1415420 697.5
1415430 697.5
1415440 693.1
1415450 689.8
1415460 689.8
1415470 687.2
1415480 685.8
1415490 685.8
1415500 685.3
1415510 683.5
1415520 683.5
1415530 681.4
1415540 679.9
1415550 679.9
1415560 677.9
1415570 674.1
1415580 674.1
1415590 668.9
1415600 664.3
1415610 664.3
1415620 660.0
1415630 652.0
1415640 652.0
1415650 644.0
1415660 639.9
1415670 639.9
1415680 636.1
1415690 632.8
1415700 630.1
1415710 630.1
1415720 627.3
1415730 624.8
1415740 624.8
1415750 622.2
1415760 617.5
1415770 617.5
1415780 612.5
1415790 607.2
1415800 607.2
1415810 600.8
1415820 595.6
1415830 595.6
1415840 591.2
1415850 588.2
1415860 588.2
1415870 584.6
1415880 578.9
1415890 578.9
1415900 574.0
1415910 569.9
1415920 569.9
1415930 567.7
1415940 565.0
1415950 565.0
1415960 562.7
1415970 560.6
1415980 560.6
1415990 558.6
1416000 557.2
1416010 557.2
1416020 556.5
1416030 556.1
1416040 556.1
1416050 556.1
1416060 555.9
1416070 555.9
1416080 555.5
1416090 555.0
1416100 554.9
1416110 554.9
1416120 554.8
1416130 554.5
1416140 554.5
1416150 553.1
1416160 549.6
1416170 549.6
1416180 549.1
1416190 549.1
1416200 549.1
1416210 549.1
1416220 549.9
1416230 549.9
1416240 552.5
1416250 552.6
1416260 552.6
1416270 552.5
1416280 552.5
1416290 552.5
1416300 552.7
1416310 552.9
1416320 552.9
1416330 553.1
1416340 553.2
1416350 553.2
1416360 553.5
1416370 554.4
1416380 554.4
1416390 558.4
1416400 565.7
1416410 565.7
1416420 568.7
1416430 568.7
1416440 568.7
1416450 568.3
1416460 569.4
1416470 569.4
1416480 569.6
1416490 569.8
1416500 570.1
1416510 570.1
1416520 570.7
1416530 571.8
1416540 571.8
1416550 573.2
1416560 574.8
1416570 574.8
1416580 576.0
1416590 576.6
1416600 576.6
1416610 577.0
1416620 577.4
1416630 577.4
1416640 577.8
1416650 578.1
1416660 578.1
1416670 576.8
1416680 574.4
1416690 574.4
1416700 574.0
1416710 573.8
1416720 573.8
1416730 574.0
1416740 574.7
1416750 574.7
1416760 575.4
1416770 574.7
1416780 574.7
1416790 572.9
1416800 572.8
1416810 572.8
1416820 572.8
1416830 572.7
1416840 572.7
1416850 572.7
1416860 572.9
1416870 572.9
1416880 573.3
1416890 574.4
1416900 573.8
1416910 573.8
1416920 574.8
1416930 575.6
1416940 575.6
1416950 576.2
1416960 576.6
1416970 576.6
1416980 577.2
1416990 578.7
1417000 578.7
1417010 579.8
1417020 580.8
1417030 580.8
1417040 582.4
1417050 583.0
1417060 583.0
1417070 580.9
1417080 580.7
1417090 580.7
1417100 582.4
1417110 583.2
1417120 583.2
1417130 583.9
1417140 584.8
1417150 584.8
1417160 585.5
1417170 585.5
1417180 585.5
1417190 585.2
1417200 586.0
1417210 586.0
1417220 587.5
1417230 588.1
1417240 588.1
1417250 589.0
1417260 589.8
1417270 589.8
1417280 590.4
1417290 591.0
1417300 591.5
1417310 591.5
1417320 592.1
1417330 592.6
1417340 592.6
1417350 593.4
1417360 597.1
1417370 597.1
1417380 600.4
1417390 601.8
1417400 601.8
1417410 602.7
1417420 603.5
1417430 603.5
1417440 604.1
1417450 605.2
1417460 605.2
1417470 605.7
1417480 606.6
1417490 606.6
1417500 610.5
1417510 615.7
1417520 615.7
1417530 619.2
1417540 621.1
1417550 621.1
1417560 622.5
1417570 623.4
1417580 623.4
1417590 624.0
1417600 624.9
1417610 624.9
1417620 625.8
1417630 627.2
1417640 627.2
1417650 628.1
1417660 629.1
1417670 629.1
1417680 630.8
1417690 631.9
1417700 633.2
1417710 633.2
1417720 634.6
1417730 636.4
1417740 636.4
1417750 637.2
1417760 639.0
1417770 639.0
1417780 640.3
1417790 641.9
1417800 641.9
1417810 643.4
1417820 645.0
1417830 645.0
1417840 646.8
1417850 648.4
1417860 648.4
1417870 650.0
1417880 651.5
1417890 651.5
1417900 652.9
1417910 654.5
1417920 654.5
1417930 656.3
1417940 658.2
1417950 658.2
1417960 660.0
1417970 661.9
1417980 661.9
1417990 664.0
1418000 665.8
1418010 665.8
1418020 667.4
1418030 669.2
1418040 669.2
1418050 672.2
1418060 677.0
1418070 677.0
1418080 681.4
1418090 685.9
1418100 685.9
1418110 689.6
1418120 692.6
1418130 696.1
1418140 696.1
1418150 699.5
1418160 701.8
1418170 701.8
1418180 701.2
1418190 699.4
1418200 699.4
1418210 699.2
1418220 700.7
1418230 700.7
1418240 703.4
1418250 706.2
1418260 706.2
1418270 709.5
1418280 713.7
1418290 713.7
1418300 718.8
1418310 724.8
1418320 724.8
1418330 731.7
1418340 738.5
1418350 738.5
1418360 745.6
1418370 753.1
1418380 753.1
1418390 760.9
1418400 770.0
1418410 770.0
1418420 779.1
1418430 789.8
1418440 789.8
1418450 798.2
1418460 810.4
1418470 810.4
1418480 819.3
1418490 826.1
1418500 826.1
1418510 828.3
1418520 826.7
1418530 819.5
1418540 819.5
1418550 803.7
1418560 792.8
1418570 792.8
1418580 786.8
1418590 778.7
1418600 778.7
1418610 780.2
1418620 789.4
1418630 789.4
1418640 798.5
1418650 807.2
1418660 807.2
1418670 815.7
1418680 823.4
1418690 823.4
1418700 828.2
1418710 827.1
1418720 827.1
1418730 832.0
1418740 839.9
1418750 839.9
1418760 847.9
1418770 855.5
1418780 855.5
1418790 862.7
1418800 869.7
1418810 867.1
1418820 874.8
1418830 882.4
1418840 882.4
1418850 890.3
1418860 898.0
1418870 898.0
1418880 906.4
1418890 916.8
1418900 916.8
1418910 927.6
1418920 934.1
1418930 926.2
1418940 926.2
1418950 916.5
1418960 914.9
1418970 914.9
1418980 910.0
1418990 897.9
1419000 897.9
1419010 889.4
1419020 882.0
1419030 882.0
1419040 875.8
1419050 873.6
1419060 873.6
1419070 870.1
1419080 865.9
1419090 865.9
1419100 861.9
1419110 857.7
1419120 857.7
1419130 853.6
1419140 857.8
1419150 857.8
1419160 862.0
1419170 866.9
1419180 866.9
1419190 872.6
1419200 878.8
1419210 878.8
1419220 882.7
1419230 881.1
1419240 881.1
1419250 878.1
1419260 876.0
1419270 876.0
1419280 880.1
1419290 886.6
1419300 886.6
1419310 892.6
1419320 897.2
1419330 901.1
1419340 901.1
1419350 903.6
1419360 902.5
1419370 902.5
1419380 901.0
1419390 901.6
1419400 901.6
1419410 900.5
1419420 897.7
1419430 897.7
1419440 893.9
1419450 890.9
1419460 890.9
1419470 889.3
1419480 888.4
1419490 888.4
1419500 889.4
1419510 890.5
1419520 890.5
1419530 891.7
1419540 892.9
1419550 892.9
1419560 895.4
1419570 898.3
1419580 898.3
1419590 902.3
1419600 907.3
1419610 907.3
1419620 912.1
1419630 917.2
1419640 917.2
1419650 922.3
1419660 926.9
1419670 926.9
1419680 932.2
1419690 936.7
1419700 936.7
1419710 940.1
1419720 944.5
1419730 948.7
1419740 948.7
1419750 952.4
1419760 957.0
1419770 957.0
1419780 958.8
1419790 955.4
1419800 955.4
1419810 951.5
1419820 948.9
1419830 948.9
1419840 947.4
1419850 947.8
1419860 947.8
1419870 948.6
1419880 949.4
1419890 949.4
1419900 950.1
1419910 950.8
1419920 950.8
1419930 952.1
1419940 953.8
1419950 953.8
1419960 956.4
1419970 959.1
1419980 959.1
1419990 961.9
