1400000 1428.1
1400010 1423.7
1400020 1419.2
1400030 1419.2
1400040 1415.1
1400050 1411.4
1400060 1411.4
1400070 1407.6
1400080 1405.0
1400090 1405.0
1400100 1402.2
1400110 1399.1
1400120 1399.1
1400130 1396.5
1400140 1394.2
1400150 1394.2
1400160 1392.2
1400170 1390.5
1400180 1390.5
1400190 1388.8
1400200 1387.4
1400210 1387.4
1400220 1385.9
1400230 1384.3
1400240 1384.3
1400250 1382.5
1400260 1380.2
1400270 1380.2
1400280 1378.3
1400290 1376.2
1400300 1376.2
1400310 1372.8
1400320 1367.9
1400330 1367.9
1400340 1362.0
1400350 1356.4
1400360 1356.4
1400370 1349.3
1400380 1342.9
1400390 1336.8
1400400 1336.8
1400410 1332.9
1400420 1331.2
1400430 1331.2
1400440 1328.1
1400450 1323.7
1400460 1323.7
1400470 1319.6
1400480 1315.6
1400490 1315.6
1400500 1312.5
1400510 1308.9
1400520 1308.9
1400530 1306.1
1400540 1304.6
1400550 1304.6
1400560 1303.5
1400570 1302.2
1400580 1302.2
1400590 1301.4
1400600 1302.2
1400610 1302.2
1400620 1302.2
1400630 1300.7
1400640 1300.7
1400650 1300.4
1400660 1300.3
1400670 1300.3
1400680 1300.0
1400690 1299.1
1400700 1299.1
1400710 1297.3
1400720 1295.3
1400730 1295.3
1400740 1292.0
1400750 1287.8
1400760 1287.8
1400770 1282.7
1400780 1278.8
1400790 1274.7
1400800 1274.7
1400810 1268.8
1400820 1263.2
1400830 1263.2
1400840 1260.1
1400850 1258.6
1400860 1258.6
1400870 1255.7
1400880 1251.7
1400890 1251.7
1400900 1247.7
1400910 1243.8
1400920 1243.8
1400930 1238.1
1400940 1232.6
1400950 1232.6
1400960 1229.3
1400970 1227.4
1400980 1227.4
1400990 1225.8
1401000 1225.0
1401010 1225.0
1401020 1222.6
1401030 1219.1
1401040 1219.1
1401050 1215.6
1401060 1211.5
1401070 1211.5
1401080 1207.9
1401090 1204.5
1401100 1204.5
1401110 1200.9
1401120 1199.0
1401130 1199.0
1401140 1199.6
1401150 1199.5
1401160 1199.5
1401170 1194.9
1401180 1190.1
1401190 1190.1
1401200 1189.1
1401210 1189.9
1401220 1188.1
1401230 1188.1
1401240 1185.6
1401250 1181.6
1401260 1181.6
1401270 1176.6
1401280 1171.9
1401290 1171.9
1401300 1167.4
1401310 1162.9
1401320 1162.9
1401330 1158.3
1401340 1155.8
1401350 1155.8
1401360 1151.5
1401370 1146.7
1401380 1146.7
1401390 1143.0
1401400 1138.5
1401410 1138.5
1401420 1134.2
1401430 1129.8
1401440 1129.8
1401450 1126.6
1401460 1123.1
1401470 1123.1
1401480 1117.8
1401490 1110.2
1401500 1110.2
1401510 1104.4
1401520 1102.5
1401530 1102.5
1401540 1102.6
1401550 1099.4
1401560 1099.4
1401570 1102.5
1401580 1110.2
1401590 1110.2
1401600 1116.7
1401610 1116.3
1401620 1113.6
1401630 1113.6
1401640 1109.9
1401650 1106.8
1401660 1106.8
1401670 1101.7
1401680 1095.7
1401690 1095.7
1401700 1089.8
1401710 1085.5
1401720 1085.5
1401730 1081.9
1401740 1080.7
1401750 1080.7
1401760 1079.3
1401770 1077.9
1401780 1077.9
1401790 1076.0
1401800 1074.5
1401810 1074.5
1401820 1072.5
1401830 1071.2
1401840 1071.2
1401850 1070.6
1401860 1069.5
1401870 1069.5
1401880 1068.0
1401890 1066.5
1401900 1066.5
1401910 1065.4
1401920 1064.2
1401930 1064.2
1401940 1062.6
1401950 1061.5
1401960 1061.5
1401970 1060.5
1401980 1059.6
1401990 1059.6
1402000 1059.2
1402010 1058.7
1402020 1058.4
1402030 1058.4
1402040 1057.2
1402050 1056.2
1402060 1056.2
1402070 1055.2
1402080 1055.3
1402090 1055.3
1402100 1055.6
1402110 1055.4
1402120 1055.4
1402130 1054.4
1402140 1051.5
1402150 1051.5
1402160 1048.0
1402170 1046.1
1402180 1046.1
1402190 1044.1
1402200 1040.2
1402210 1040.2
1402220 1035.6
1402230 1030.5
1402240 1030.5
1402250 1026.0
1402260 1021.8
1402270 1021.8
1402280 1017.7
1402290 1014.6
1402300 1014.6
1402310 1013.2
1402320 1011.5
1402330 1011.5
1402340 1010.0
1402350 1008.2
1402360 1008.2
1402370 1006.1
1402380 1004.8
1402390 1004.8
1402400 1003.6
1402410 1002.3
1402420 1000.4
1402430 1000.4
1402440 999.2
1402450 998.5
1402460 998.5
1402470 998.0
1402480 996.6
1402490 996.6
1402500 993.8
1402510 991.0
1402520 991.0
1402530 988.6
1402540 985.4
1402550 985.4
1402560 984.0
1402570 982.0
1402580 982.0
1402590 978.5
1402600 975.2
1402610 975.2
1402620 972.0
1402630 969.0
1402640 969.0
1402650 965.7
1402660 962.8
1402670 962.8
1402680 959.3
1402690 957.0
1402700 957.0
1402710 956.4
1402720 951.5
1402730 951.5
1402740 945.6
1402750 940.5
1402760 940.5
1402770 936.0
1402780 933.7
1402790 933.7
1402800 935.0
1402810 935.2
1402820 939.9
1402830 939.9
1402840 942.7
1402850 948.7
1402860 948.7
1402870 955.1
1402880 961.0
1402890 961.0
1402900 966.5
1402910 972.4
1402920 972.4
1402930 980.2
1402940 985.7
1402950 985.7
1402960 984.7
1402970 984.2
1402980 984.2
1402990 987.9
1403000 995.4
1403010 995.4
1403020 1004.5
1403030 1013.1
1403040 1013.1
1403050 1019.0
1403060 1024.2
1403070 1024.2
1403080 1029.8
1403090 1035.0
1403100 1039.9
1403110 1045.3
1403120 1051.1
1403130 1051.1
1403140 1057.7
1403150 1064.6
1403160 1064.6
1403170 1070.4
1403180 1075.6
1403190 1075.6
1403200 1080.8
1403210 1086.4
1403220 1092.3
1403230 1092.3
1403240 1097.9
1403250 1101.3
1403260 1101.3
1403270 1099.9
1403280 1100.0
1403290 1100.0
1403300 1103.9
1403310 1108.8
1403320 1108.8
1403330 1112.7
1403340 1117.4
1403350 1117.4
1403360 1120.4
1403370 1122.1
1403380 1122.1
1403390 1123.8
1403400 1124.6
1403410 1124.6
1403420 1124.9
1403430 1125.1
1403440 1125.1
1403450 1124.4
1403460 1123.1
1403470 1123.1
1403480 1121.6
1403490 1120.3
1403500 1120.3
1403510 1118.4
1403520 1116.2
1403530 1116.2
1403540 1114.2
1403550 1112.5
1403560 1112.5
1403570 1110.1
1403580 1108.3
1403590 1108.3
1403600 1106.3
1403610 1103.0
1403620 1103.0
1403630 1099.3
1403640 1098.3
1403650 1096.6
1403660 1096.6
1403670 1092.8
1403680 1089.7
1403690 1089.7
1403700 1089.9
1403710 1087.0
1403720 1087.0
1403730 1084.3
1403740 1084.0
1403750 1084.0
1403760 1081.7
1403770 1079.4
1403780 1079.4
1403790 1077.5
1403800 1076.0
1403810 1076.0
1403820 1073.0
1403830 1069.7
1403840 1069.7
1403850 1067.1
1403860 1064.5
1403870 1064.5
1403880 1060.8
1403890 1057.3
1403900 1057.3
1403910 1056.3
1403920 1056.3
1403930 1056.3
1403940 1055.5
1403950 1051.5
1403960 1051.5
1403970 1046.4
1403980 1043.5
1403990 1043.5
1404000 1042.7
1404010 1040.2
1404020 1040.2
1404030 1035.4
1404040 1032.9
1404050 1034.5
1404060 1034.5
1404070 1035.9
1404080 1032.1
1404090 1032.1
1404100 1026.2
1404110 1022.8
1404120 1022.8
1404130 1022.4
1404140 1023.2
1404150 1023.2
1404160 1025.0
1404170 1025.5
1404180 1025.5
1404190 1022.4
1404200 1017.7
1404210 1017.7
1404220 1012.5
1404230 1011.7
1404240 1011.7
1404250 1012.0
1404260 1012.5
1404270 1012.5
1404280 1012.7
1404290 1014.4
1404300 1014.4
1404310 1015.8
1404320 1015.1
1404330 1015.1
1404340 1013.4
1404350 1010.4
1404360 1010.4
1404370 1006.6
1404380 1005.6
1404390 1005.6
1404400 1005.1
1404410 1002.8
1404420 1002.8
1404430 998.2
1404440 992.7
1404450 989.2
1404460 989.2
1404470 985.5
1404480 980.8
1404490 980.8
1404500 979.5
1404510 980.0
1404520 980.0
1404530 976.6
1404540 972.1
1404550 972.1
1404560 967.6
1404570 965.1
1404580 965.1
1404590 963.5
1404600 958.4
1404610 958.4
1404620 952.3
1404630 947.8
1404640 947.8
1404650 944.0
1404660 939.5
1404670 939.5
1404680 934.9
1404690 939.0
1404700 939.0
1404710 935.3
1404720 931.7
1404730 931.7
1404740 928.6
1404750 925.7
1404760 925.7
1404770 921.1
1404780 916.4
1404790 916.4
1404800 912.1
1404810 908.0
1404820 908.0
1404830 904.6
1404840 903.0
1404850 901.4
1404860 901.4
1404870 896.9
1404880 889.9
1404890 889.9
1404900 882.5
1404910 875.8
1404920 875.8
1404930 868.8
1404940 862.4
1404950 862.4
1404960 856.7
1404970 851.3
1404980 851.3
1404990 846.3
1405000 842.4
1405010 842.4
1405020 837.0
1405030 833.6
1405040 833.6
1405050 831.7
1405060 827.5
1405070 827.5
1405080 822.1
1405090 817.5
1405100 817.5
1405110 812.8
1405120 808.6
1405130 808.6
1405140 805.8
1405150 803.1
1405160 803.1
1405170 800.6
1405180 798.5
1405190 798.5
1405200 797.0
1405210 795.8
1405220 795.8
1405230 793.5
1405240 789.9
1405250 783.8
1405260 783.8
1405270 781.4
1405280 788.0
1405290 788.0
1405300 790.7
1405310 791.8
1405320 791.8
1405330 793.7
1405340 795.9
1405350 795.9
1405360 795.0
1405370 790.0
1405380 790.0
1405390 792.2
1405400 799.0
1405410 799.0
1405420 805.3
1405430 811.1
1405440 811.1
1405450 814.2
1405460 813.6
1405470 813.6
1405480 810.0
1405490 807.2
1405500 807.2
1405510 805.7
1405520 807.4
1405530 807.4
1405540 810.6
1405550 810.4
1405560 810.4
1405570 808.3
1405580 807.7
1405590 807.7
1405600 811.1
1405610 817.3
1405620 817.3
1405630 823.6
1405640 824.7
1405650 824.6
1405660 824.6
1405670 827.1
1405680 831.8
1405690 831.8
1405700 833.2
1405710 840.6
1405720 840.6
1405730 848.0
1405740 853.6
1405750 853.6
1405760 858.2
1405770 861.6
1405780 861.6
1405790 863.5
1405800 865.8
1405810 865.8
1405820 866.8
1405830 867.7
1405840 867.7
1405850 867.8
1405860 868.3
1405870 868.3
1405880 867.8
1405890 867.9
1405900 867.9
1405910 867.9
1405920 865.8
1405930 865.8
1405940 861.3
1405950 855.1
1405960 855.1
1405970 849.7
1405980 843.3
1405990 843.3
1406000 833.4
1406010 838.1
1406020 838.1
1406030 851.0
1406040 855.6
1406050 855.6
1406060 862.8
1406070 872.3
1406080 882.1
1406090 882.1
1406100 891.0
1406110 899.9
1406120 899.9
1406130 910.1
1406140 919.6
1406150 919.6
1406160 926.7
1406170 932.4
1406180 932.4
1406190 938.2
1406200 943.6
1406210 943.6
1406220 947.8
1406230 951.2
1406240 951.2
1406250 953.9
1406260 956.1
1406270 956.1
1406280 958.5
1406290 961.0
1406300 961.0
1406310 972.0
1406320 974.2
1406330 974.2
1406340 975.1
1406350 975.8
1406360 975.8
1406370 975.4
1406380 974.8
1406390 974.8
1406400 973.9
1406410 974.4
1406420 974.4
1406430 975.7
1406440 978.0
1406450 978.0
1406460 980.8
1406470 983.5
1406480 986.2
1406490 986.2
1406500 988.3
1406510 990.4
1406520 990.4
1406530 992.6
1406540 995.1
1406550 995.1
1406560 998.0
1406570 1001.0
1406580 1001.0
1406590 1005.1
1406600 1009.7
1406610 1009.7
1406620 1014.8
1406630 1019.0
1406640 1019.0
1406650 1022.7
1406660 1025.8
1406670 1025.8
1406680 1029.0
1406690 1033.2
1406700 1033.2
1406710 1036.9
1406720 1040.3
1406730 1040.3
1406740 1042.7
1406750 1044.6
1406760 1044.6
1406770 1045.7
1406780 1046.3
1406790 1046.3
1406800 1046.9
1406810 1047.2
1406820 1047.2
1406830 1047.6
1406840 1048.7
1406850 1048.7
1406860 1050.2
1406870 1051.0
1406880 1050.3
1406890 1050.3
1406900 1048.5
1406910 1045.0
1406920 1045.0
1406930 1042.1
1406940 1040.0
1406950 1040.0
1406960 1037.8
1406970 1034.9
1406980 1034.9
1406990 1031.9
1407000 1028.1
1407010 1028.1
1407020 1023.7
1407030 1018.9
1407040 1018.9
1407050 1014.3
1407060 1010.1
1407070 1010.1
1407080 1006.1
1407090 1002.4
1407100 1002.4
1407110 998.3
1407120 993.6
1407130 993.6
1407140 988.2
1407150 982.2
1407160 982.2
1407170 976.2
1407180 969.7
1407190 969.7
1407200 964.1
1407210 958.5
1407220 958.5
1407230 952.5
1407240 943.3
1407250 943.3
1407260 932.9
1407270 927.5
1407280 924.4
1407290 924.4
1407300 924.5
1407310 929.2
1407320 929.2
1407330 934.6
1407340 939.5
1407350 939.5
1407360 943.4
1407370 946.5
1407380 946.5
1407390 948.1
1407400 947.4
1407410 947.4
1407420 945.3
1407430 942.6
1407440 942.6
1407450 942.2
1407460 949.4
1407470 949.4
1407480 957.5
1407490 964.4
1407500 964.4
1407510 971.5
1407520 978.6
1407530 978.6
1407540 986.1
1407550 993.6
1407560 993.6
1407570 999.6
1407580 1001.7
1407590 1001.7
1407600 1004.5
1407610 1010.2
1407620 1010.2
1407630 1014.7
1407640 1019.2
1407650 1019.2
1407660 1024.6
1407670 1028.5
1407680 1031.5
1407690 1031.5
1407700 1035.8
1407710 1041.0
1407720 1041.0
1407730 1045.6
1407740 1051.5
1407750 1051.5
1407760 1057.8
1407770 1063.8
1407780 1063.8
1407790 1068.7
1407800 1072.7
1407810 1072.7
1407820 1075.7
1407830 1078.9
1407840 1078.9
1407850 1082.7
1407860 1087.4
1407870 1087.4
1407880 1092.7
1407890 1096.3
1407900 1096.3
1407910 1102.9
1407920 1107.8
1407930 1107.8
1407940 1113.4
1407950 1118.2
1407960 1121.2
1407970 1126.7
1407980 1132.8
1407990 1132.8
1408000 1137.9
1408010 1143.3
1408020 1143.3
1408030 1150.6
1408040 1156.9
1408050 1156.9
1408060 1163.7
1408070 1170.2
1408080 1177.5
1408090 1177.5
1408100 1184.1
1408110 1192.0
1408120 1192.0
1408130 1200.2
1408140 1209.0
1408150 1209.0
1408160 1217.5
1408170 1225.4
1408180 1225.4
1408190 1232.8
1408200 1240.3
1408210 1240.3
1408220 1247.7
1408230 1254.0
1408240 1254.0
1408250 1257.7
1408260 1259.3
1408270 1259.3
1408280 1260.8
1408290 1259.1
1408300 1259.1
1408310 1255.7
1408320 1251.6
1408330 1251.6
1408340 1248.0
1408350 1244.3
1408360 1244.3
1408370 1238.6
1408380 1230.2
1408390 1230.2
1408400 1221.2
1408410 1214.8
1408420 1214.8
1408430 1210.9
1408440 1207.4
1408450 1207.4
1408460 1204.7
1408470 1203.3
1408480 1203.3
1408490 1202.3
1408500 1200.8
1408510 1200.1
1408520 1200.1
1408530 1198.4
1408540 1196.0
1408550 1196.0
1408560 1193.6
1408570 1193.1
1408580 1193.1
1408590 1193.6
1408600 1194.4
1408610 1194.4
1408620 1193.4
1408630 1190.3
1408640 1190.3
1408650 1185.2
1408660 1180.5
1408670 1180.5
1408680 1176.4
1408690 1173.9
1408700 1173.9
1408710 1171.8
1408720 1170.4
1408730 1170.4
1408740 1167.0
1408750 1161.5
1408760 1161.5
1408770 1155.7
1408780 1150.2
1408790 1150.2
1408800 1144.3
1408810 1138.6
1408820 1138.6
1408830 1134.9
1408840 1130.3
1408850 1130.3
1408860 1124.7
1408870 1122.2
1408880 1122.2
1408890 1116.8
1408900 1112.0
1408910 1107.9
1408920 1107.9
1408930 1103.9
1408940 1100.6
1408950 1100.6
1408960 1097.2
1408970 1093.3
1408980 1093.3
1408990 1088.8
1409000 1085.0
1409010 1085.0
1409020 1080.7
1409030 1076.9
1409040 1076.9
1409050 1073.1
1409060 1068.8
1409070 1068.8
1409080 1063.9
1409090 1058.9
1409100 1058.9
1409110 1054.7
1409120 1051.7
1409130 1051.7
1409140 1048.7
1409150 1048.0
1409160 1048.0
1409170 1047.0
1409180 1043.2
1409190 1043.2
1409200 1037.3
1409210 1033.3
1409220 1033.3
1409230 1029.2
1409240 1024.6
1409250 1024.6
1409260 1020.7
1409270 1017.6
1409280 1017.6
1409290 1014.7
1409300 1009.1
1409310 1003.6
1409320 1003.6
1409330 999.7
1409340 993.9
1409350 993.9
1409360 988.0
1409370 982.5
1409380 982.5
1409390 976.2
1409400 968.9
1409410 968.9
1409420 961.8
1409430 954.3
1409440 954.3
1409450 945.3
1409460 937.4
1409470 937.4
1409480 931.8
1409490 934.0
1409500 934.0
1409510 943.1
1409520 956.7
1409530 956.7
1409540 966.6
1409550 973.6
1409560 973.6
1409570 977.4
1409580 983.1
1409590 983.1
1409600 991.2
1409610 998.3
1409620 998.3
1409630 1005.2
1409640 1012.2
1409650 1013.1
1409660 1020.2
1409670 1026.1
1409680 1026.1
1409690 1032.2
1409700 1037.5
1409710 1042.6
1409720 1042.6
1409730 1049.0
1409740 1055.8
1409750 1055.8
1409760 1061.7
1409770 1069.0
1409780 1069.0
1409790 1076.0
1409800 1083.5
1409810 1083.5
1409820 1091.8
1409830 1100.4
1409840 1100.4
1409850 1109.1
1409860 1119.2
1409870 1119.2
1409880 1126.0
1409890 1130.2
1409900 1130.2
1409910 1133.4
1409920 1134.6
1409930 1134.6
1409940 1133.2
1409950 1129.3
1409960 1129.3
1409970 1124.8
1409980 1120.6
1409990 1120.6
1410000 1116.6
1410010 1113.5
1410020 1113.5
1410030 1112.4
1410040 1109.3
1410050 1109.3
1410060 1106.6
1410070 1103.1
1410080 1103.1
1410090 1107.7
1410100 1118.0
1410110 1126.1
1410120 1126.1
1410130 1133.7
1410140 1140.3
1410150 1140.3
1410160 1147.5
1410170 1154.3
1410180 1154.3
1410190 1160.9
1410200 1168.1
1410210 1168.1
1410220 1175.0
1410230 1181.7
1410240 1181.7
1410250 1188.8
1410260 1195.8
1410270 1195.8
1410280 1202.8
1410290 1210.6
1410300 1210.6
1410310 1218.0
1410320 1224.9
1410330 1224.9
1410340 1232.1
1410350 1239.6
1410360 1239.6
1410370 1247.1
1410380 1254.2
1410390 1254.2
1410400 1261.2
1410410 1267.6
1410420 1267.6
1410430 1272.5
1410440 1276.5
1410450 1276.5
1410460 1279.3
1410470 1281.4
1410480 1281.4
1410490 1283.0
1410500 1284.0
1410510 1284.6
1410520 1284.6
1410530 1285.0
1410540 1285.4
1410550 1285.4
1410560 1285.7
1410570 1285.5
1410580 1285.5
1410590 1285.1
1410600 1284.9
1410610 1284.9
1410620 1284.8
1410630 1284.8
1410640 1284.8
1410650 1284.6
1410660 1283.9
1410670 1283.9
1410680 1282.7
1410690 1281.4
1410700 1281.4
1410710 1280.1
1410720 1278.9
1410730 1278.9
1410740 1277.7
1410750 1276.1
1410760 1276.1
1410770 1274.2
1410780 1272.1
1410790 1272.1
1410800 1270.4
1410810 1268.4
1410820 1268.4
1410830 1266.1
1410840 1263.0
1410850 1263.0
1410860 1260.2
1410870 1257.6
1410880 1257.6
1410890 1255.3
1410900 1253.3
1410910 1253.3
1410920 1251.1
1410930 1249.0
1410940 1247.2
1410950 1247.2
1410960 1246.0
1410970 1243.8
1410980 1243.8
1410990 1241.7
1411000 1239.6
1411010 1239.6
1411020 1237.7
1411030 1234.8
1411040 1234.8
1411050 1231.0
1411060 1225.5
1411070 1225.5
1411080 1220.1
1411090 1213.6
1411100 1213.6
1411110 1207.0
1411120 1201.1
1411130 1201.1
1411140 1195.8
1411150 1192.1
1411160 1192.1
1411170 1187.2
1411180 1180.8
1411190 1180.8
1411200 1175.0
1411210 1171.0
1411220 1171.0
1411230 1167.2
1411240 1162.0
1411250 1162.0
1411260 1156.0
1411270 1150.8
1411280 1150.8
1411290 1146.4
1411300 1142.6
1411310 1142.6
1411320 1138.9
1411330 1134.2
1411340 1128.9
1411350 1128.9
1411360 1124.4
1411370 1119.0
1411380 1119.0
1411390 1118.1
1411400 1113.8
1411410 1113.8
1411420 1107.7
1411430 1100.1
1411440 1100.1
1411450 1095.2
1411460 1088.4
1411470 1088.4
1411480 1082.7
1411490 1075.3
1411500 1075.3
1411510 1071.9
1411520 1072.7
1411530 1072.7
1411540 1073.3
1411550 1078.8
1411560 1078.8
1411570 1082.4
1411580 1085.5
1411590 1085.5
1411600 1085.3
1411610 1084.6
1411620 1084.6
1411630 1084.2
1411640 1084.1
1411650 1084.1
1411660 1084.7
1411670 1084.3
1411680 1084.3
1411690 1079.9
1411700 1079.2
1411710 1079.2
1411720 1081.4
1411730 1081.9
1411740 1082.5
1411750 1082.5
1411760 1083.5
1411770 1084.3
1411780 1084.3
1411790 1085.6
1411800 1088.2
1411810 1088.2
1411820 1090.3
1411830 1089.8
1411840 1089.8
1411850 1088.4
1411860 1090.6
1411870 1090.6
1411880 1091.3
1411890 1091.3
1411900 1091.3
1411910 1091.3
1411920 1090.7
1411930 1090.7
1411940 1090.2
1411950 1088.6
1411960 1088.6
1411970 1086.5
1411980 1084.1
1411990 1084.1
1412000 1082.3
1412010 1080.4
1412020 1080.4
1412030 1076.3
1412040 1071.5
1412050 1071.5
1412060 1066.4
1412070 1064.2
1412080 1064.2
1412090 1063.4
1412100 1062.0
1412110 1062.0
1412120 1062.1
1412130 1060.8
1412140 1057.9
1412150 1057.9
1412160 1055.0
1412170 1053.2
1412180 1053.2
1412190 1051.8
1412200 1051.0
1412210 1051.0
1412220 1049.9
1412230 1049.5
1412240 1049.5
1412250 1047.2
1412260 1047.8
1412270 1047.8
1412280 1046.8
1412290 1045.5
1412300 1045.5
1412310 1046.2
1412320 1047.0
1412330 1047.0
1412340 1046.3
1412350 1044.6
1412360 1044.6
1412370 1044.5
1412380 1043.6
1412390 1043.6
1412400 1044.7
1412410 1045.4
1412420 1045.4
1412430 1046.2
1412440 1047.5
1412450 1047.5
1412460 1049.5
1412470 1052.7
1412480 1052.7
1412490 1056.0
1412500 1059.1
1412510 1059.1
1412520 1064.0
1412530 1070.7
1412540 1076.0
1412550 1076.0
1412560 1080.5
1412570 1087.6
1412580 1087.6
1412590 1091.6
1412600 1124.0
1412610 1124.0
1412620 1127.0
1412630 1116.7
1412640 1116.7
1412650 1100.3
1412660 1075.3
1412670 1075.3
1412680 1071.1
1412690 1065.8
1412700 1065.8
1412710 1060.1
1412720 1056.2
1412730 1056.2
1412740 1050.3
1412750 1045.0
1412760 1045.0
1412770 1040.9
1412780 1038.7
1412790 1038.7
1412800 1036.5
1412810 1036.2
1412820 1036.2
1412830 1038.4
1412840 1036.1
1412850 1036.1
1412860 1028.9
1412870 1019.7
1412880 1019.7
1412890 1012.8
1412900 1007.5
1412910 1007.5
1412920 1002.5
1412930 996.3
1412940 991.0
1412950 991.0
1412960 986.3
1412970 981.7
1412980 981.7
1412990 978.7
1413000 975.9
1413010 975.9
1413020 973.4
1413030 970.3
1413040 970.3
1413050 966.0
1413060 963.1
1413070 963.1
1413080 961.0
1413090 957.1
1413100 957.1
1413110 953.3
1413120 949.5
1413130 949.5
1413140 945.6
1413150 942.7
1413160 943.8
1413170 940.4
1413180 937.1
1413190 937.1
1413200 933.4
1413210 930.2
1413220 930.2
1413230 928.3
1413240 927.2
1413250 927.2
1413260 927.2
1413270 926.3
1413280 926.3
1413290 925.6
1413300 925.7
1413310 925.7
1413320 925.2
1413330 923.5
1413340 923.5
1413350 921.3
1413360 917.6
1413370 914.2
1413380 914.2
1413390 911.1
1413400 908.5
1413410 908.5
1413420 904.7
1413430 901.4
1413440 901.4
1413450 898.3
1413460 895.5
1413470 895.5
1413480 892.9
1413490 890.7
1413500 890.7
1413510 888.4
1413520 886.9
1413530 886.9
1413540 886.3
1413550 885.8
1413560 885.8
1413570 885.1
1413580 884.4
1413590 884.4
1413600 883.9
1413610 883.3
1413620 883.3
1413630 882.6
1413640 882.0
1413650 882.0
1413660 881.8
1413670 881.9
1413680 881.9
1413690 882.4
1413700 882.3
1413710 882.3
1413720 882.0
1413730 881.9
1413740 881.9
1413750 882.0
1413760 882.0
1413770 882.4
1413780 882.4
1413790 883.4
1413800 886.0
1413810 886.0
1413820 889.4
1413830 893.0
1413840 893.0
1413850 895.4
1413860 897.5
1413870 897.5
1413880 901.3
1413890 911.9
1413900 911.9
1413910 921.2
1413920 930.7
1413930 930.7
1413940 932.2
1413950 935.3
1413960 935.3
1413970 938.2
1413980 941.5
1413990 941.5
1414000 946.1
1414010 944.2
1414020 944.2
1414030 942.7
1414040 939.3
1414050 939.3
1414060 935.0
1414070 931.1
1414080 931.1
1414090 923.0
1414100 916.1
1414110 916.1
1414120 910.8
1414130 901.9
1414140 901.9
1414150 897.1
1414160 891.7
1414170 885.7
1414180 885.7
1414190 880.4
1414200 873.0
1414210 873.0
1414220 866.6
1414230 862.2
1414240 862.2
1414250 858.3
1414260 855.8
1414270 855.8
1414280 853.5
1414290 850.7
1414300 850.7
1414310 847.6
1414320 845.2
1414330 845.2
1414340 844.0
1414350 843.1
1414360 843.1
1414370 842.1
1414380 840.4
1414390 840.4
1414400 837.3
1414410 833.3
1414420 833.3
1414430 830.4
1414440 830.9
1414450 830.9
1414460 834.3
1414470 838.2
1414480 838.2
1414490 839.7
1414500 843.1
1414510 843.1
1414520 847.6
1414530 849.9
1414540 849.9
1414550 853.2
1414560 857.3
1414570 860.7
1414580 860.7
1414590 863.9
1414600 865.9
1414610 865.9
1414620 869.5
1414630 875.8
1414640 875.8
1414650 887.8
1414660 895.7
1414670 895.7
1414680 899.6
1414690 903.5
1414700 903.5
1414710 907.6
1414720 910.5
1414730 910.5
1414740 913.3
1414750 917.8
1414760 917.8
1414770 922.7
1414780 925.7
1414790 925.7
1414800 926.1
1414810 927.0
1414820 927.0
1414830 928.2
1414840 928.8
1414850 928.8
1414860 929.1
1414870 929.9
1414880 929.9
1414890 927.9
1414900 924.6
1414910 924.6
1414920 923.7
1414930 925.6
1414940 925.6
1414950 925.8
1414960 925.3
1414970 924.6
1414980 924.7
1414990 924.1
1415000 920.9
1415010 920.9
1415020 913.0
1415030 907.5
1415040 907.5
1415050 904.7
1415060 902.5
1415070 902.5
1415080 897.4
1415090 889.4
1415100 889.4
1415110 885.8
1415120 885.0
1415130 885.0
1415140 883.9
1415150 881.9
1415160 881.9
1415170 879.2
1415180 873.1
1415190 873.1
1415200 871.8
1415210 869.1
1415220 869.1
1415230 864.2
1415240 860.8
1415250 860.8
1415260 857.1
1415270 852.5
1415280 852.5
1415290 848.6
1415300 846.2
1415310 846.2
1415320 843.5
1415330 841.5
1415340 841.5
1415350 840.2
1415360 835.1
1415370 830.8
1415380 830.8
1415390 824.5
1415400 813.2
1415410 813.2
1415420 806.9
1415430 801.2
1415440 801.2
1415450 796.2
1415460 791.7
1415470 791.7
1415480 787.9
1415490 784.6
1415500 784.6
1415510 783.0
1415520 783.9
1415530 783.9
1415540 784.8
1415550 785.9
1415560 785.9
1415570 787.1
1415580 787.6
1415590 787.6
1415600 788.8
1415610 790.7
1415620 790.7
1415630 793.9
1415640 798.1
1415650 798.1
1415660 803.4
1415670 811.6
1415680 811.6
1415690 817.6
1415700 820.2
1415710 820.2
1415720 822.8
1415730 825.0
1415740 825.0
1415750 825.7
1415760 825.4
1415770 825.4
1415780 825.2
1415790 825.7
1415800 825.8
1415810 825.8
1415820 826.2
1415830 827.6
1415840 827.6
1415850 828.1
1415860 827.0
1415870 827.0
1415880 828.5
1415890 830.0
1415900 830.0
1415910 830.0
1415920 828.6
1415930 828.6
1415940 826.9
1415950 823.7
1415960 823.7
1415970 820.9
1415980 817.8
1415990 817.8
1416000 814.4
1416010 808.4
1416020 808.4
1416030 804.0
1416040 797.9
1416050 797.9
1416060 790.1
1416070 779.0
1416080 779.0
1416090 772.6
1416100 766.8
1416110 766.8
1416120 760.1
1416130 750.6
1416140 750.6
1416150 736.5
1416160 727.3
1416170 727.3
1416180 722.8
1416190 720.1
1416200 716.9
1416210 716.9
1416220 714.4
1416230 712.1
1416240 712.1
1416250 709.2
1416260 704.4
1416270 704.4
1416280 699.1
1416290 692.3
1416300 692.3
1416310 684.6
1416320 676.2
1416330 676.2
1416340 669.8
1416350 668.6
1416360 668.6
1416370 665.6
1416380 657.8
1416390 657.8
1416400 651.5
1416410 648.0
1416420 648.0
1416430 645.3
1416440 640.7
1416450 640.7
1416460 636.1
1416470 631.9
1416480 631.9
1416490 626.4
1416500 618.6
1416510 618.6
1416520 611.6
1416530 605.6
1416540 605.6
1416550 599.7
1416560 593.8
1416570 593.8
1416580 589.2
1416590 584.0
1416600 579.5
1416610 579.5
1416620 575.7
1416630 571.7
1416640 571.7
1416650 567.2
1416660 564.1
1416670 564.1
1416680 559.7
1416690 554.6
1416700 554.6
1416710 552.9
1416720 552.5
1416730 552.5
1416740 549.5
1416750 547.5
1416760 547.5
1416770 547.1
1416780 547.2
1416790 547.2
1416800 547.2
1416810 547.3
1416820 547.3
1416830 548.7
1416840 551.7
1416850 551.7
1416860 553.0
1416870 553.2
1416880 553.2
1416890 553.2
1416900 553.1
1416910 553.1
1416920 552.9
1416930 553.1
1416940 553.1
1416950 553.7
1416960 555.7
1416970 555.7
1416980 560.4
1416990 565.3
1417000 569.8
1417010 569.8
1417020 573.8
1417030 577.0
1417040 577.0
1417050 578.7
1417060 581.2
1417070 581.2
1417080 586.1
1417090 590.7
1417100 590.7
1417110 595.2
1417120 600.5
1417130 600.5
1417140 605.0
1417150 609.1
1417160 609.1
1417170 613.2
1417180 623.2
1417190 623.2
1417200 637.5
1417210 643.1
1417220 643.1
1417230 644.3
1417240 645.4
1417250 645.4
1417260 645.3
1417270 644.6
1417280 644.6
1417290 643.0
1417300 641.8
1417310 641.8
1417320 640.2
1417330 636.8
1417340 636.8
1417350 637.7
1417360 639.5
1417370 639.5
1417380 639.5
1417390 636.3
1417400 635.0
1417410 635.0
1417420 633.9
1417430 632.0
1417440 632.0
1417450 629.8
1417460 628.7
1417470 628.7
1417480 626.3
1417490 621.0
1417500 621.0
1417510 615.0
1417520 610.1
1417530 610.1
1417540 607.6
1417550 607.7
1417560 607.7
1417570 608.7
1417580 609.5
1417590 609.5
1417600 609.9
1417610 609.2
1417620 609.2
1417630 608.4
1417640 606.5
1417650 606.5
1417660 603.1
1417670 603.7
1417680 603.7
1417690 603.9
1417700 604.4
1417710 604.4
1417720 608.0
1417730 613.6
1417740 613.6
1417750 615.5
1417760 615.9
1417770 615.9
1417780 616.5
1417790 617.3
1417800 618.1
1417810 618.1
1417820 619.0
1417830 621.7
1417840 621.7
1417850 626.1
1417860 631.3
1417870 631.3
1417880 636.0
1417890 640.2
1417900 640.2
1417910 643.9
1417920 647.6
1417930 647.6
1417940 651.4
1417950 654.3
1417960 654.3
1417970 657.1
1417980 661.3
1417990 661.3
1418000 666.2
1418010 671.7
1418020 671.7
1418030 674.3
1418040 674.8
1418050 674.8
1418060 677.2
1418070 680.2
1418080 680.2
1418090 683.3
1418100 686.9
1418110 686.9
1418120 689.8
1418130 691.1
1418140 691.1
1418150 693.0
1418160 696.3
1418170 696.3
1418180 697.7
1418190 700.1
1418200 704.6
1418210 704.6
1418220 708.4
1418230 712.7
1418240 712.7
1418250 717.6
1418260 722.5
1418270 722.5
1418280 727.9
1418290 733.6
1418300 733.6
1418310 739.6
1418320 745.4
1418330 745.4
1418340 750.9
1418350 752.8
1418360 752.8
1418370 756.8
1418380 761.9
1418390 761.9
1418400 766.7
1418410 772.2
1418420 772.2
1418430 779.5
1418440 787.9
1418450 787.9
1418460 796.3
1418470 802.0
1418480 802.0
1418490 803.1
1418500 805.1
1418510 805.1
1418520 804.2
1418530 803.0
1418540 803.0
1418550 804.9
1418560 808.3
1418570 808.3
1418580 813.3
1418590 820.2
1418600 820.2
1418610 825.9
1418620 829.6
1418630 833.0
1418640 833.0
1418650 836.4
1418660 841.9
1418670 841.9
1418680 849.1
1418690 858.1
1418700 858.1
1418710 865.0
1418720 868.8
1418730 868.8
1418740 872.3
1418750 881.2
1418760 881.2
1418770 886.5
1418780 888.8
1418790 888.8
1418800 891.7
1418810 895.8
1418820 895.8
1418830 898.4
1418840 898.9
1418850 898.9
1418860 906.1
1418870 913.8
1418880 913.8
1418890 924.2
1418900 931.0
1418910 931.0
1418920 934.3
1418930 938.2
1418940 938.2
1418950 943.3
1418960 948.0
1418970 948.0
1418980 952.2
1418990 956.9
1419000 956.9
1419010 964.6
1419020 972.1
1419030 979.1
1419040 979.1
1419050 986.2
1419060 992.4
1419070 992.4
1419080 996.9
1419090 1000.1
1419100 1000.1
1419110 1002.7
1419120 1004.0
1419130 1004.0
1419140 1000.6
1419150 994.2
1419160 994.2
1419170 983.7
1419180 974.4
1419190 974.4
1419200 970.1
1419210 968.4
1419220 968.4
1419230 960.1
1419240 952.7
1419250 952.7
1419260 948.8
1419270 949.3
1419280 949.3
1419290 952.0
1419300 954.6
1419310 954.6
1419320 958.1
1419330 959.1
1419340 959.1
1419350 962.0
1419360 964.6
1419370 964.6
1419380 962.1
1419390 952.8
1419400 952.8
1419410 944.3
1419420 939.5
1419430 939.0
1419440 939.0
1419450 936.9
1419460 934.3
1419470 934.3
1419480 928.8
1419490 924.4
1419500 924.4
1419510 919.2
1419520 912.1
1419530 912.1
1419540 908.6
1419550 908.5
1419560 908.5
1419570 905.8
1419580 901.5
1419590 901.5
1419600 897.5
1419610 895.4
1419620 895.4
1419630 897.0
1419640 898.0
1419650 898.0
1419660 896.4
1419670 894.6
1419680 894.6
1419690 894.8
1419700 896.9
1419710 896.9
1419720 902.5
1419730 907.8
1419740 907.8
1419750 913.4
1419760 919.5
1419770 919.5
1419780 926.2
1419790 932.8
1419800 932.8
1419810 939.9
1419820 948.1
1419830 956.2
1419840 956.2
1419850 963.5
1419860 970.7
1419870 970.7
1419880 972.0
1419890 964.0
1419900 964.0
1419910 957.3
1419920 952.0
1419930 952.0
1419940 945.2
1419950 943.7
1419960 943.7
1419970 945.8
1419980 943.2
1419990 943.2
