1400030 1288.7
1400040 1289.6
1400050 1289.6
1400060 1291.0
1400070 1292.4
1400080 1293.8
1400090 1293.8
1400100 1295.3
1400110 1297.2
1400120 1297.2
1400130 1299.1
1400140 1300.4
1400150 1300.4
1400160 1302.2
1400170 1304.1
1400180 1304.1
1400190 1306.2
1400200 1308.1
1400210 1308.1
1400220 1310.0
1400230 1311.9
1400240 1311.9
1400250 1313.6
1400260 1315.1
1400270 1315.1
1400280 1315.9
1400290 1316.1
1400300 1316.1
1400310 1315.9
1400320 1315.4
1400330 1315.4
1400340 1315.1
1400350 1314.8
1400360 1314.8
1400370 1314.7
1400380 1314.5
1400390 1314.5
1400400 1314.2
1400410 1313.8
1400420 1313.8
1400430 1313.3
1400440 1313.0
1400450 1313.0
1400460 1312.4
1400470 1311.3
1400480 1309.7
1400490 1309.7
1400500 1307.8
1400510 1305.7
1400520 1305.7
1400530 1304.2
1400540 1303.3
1400550 1303.3
1400560 1302.9
1400570 1302.2
1400580 1302.2
1400590 1301.2
1400600 1300.6
1400610 1300.6
1400620 1299.9
1400630 1298.8
1400640 1298.8
1400650 1296.9
1400660 1295.3
1400670 1295.3
1400680 1292.6
1400690 1289.1
1400700 1289.1
1400710 1286.3
1400720 1284.0
1400730 1284.0
1400740 1281.5
1400750 1278.4
1400760 1278.4
1400770 1276.2
1400780 1275.2
1400790 1275.2
1400800 1274.9
1400810 1274.1
1400820 1275.3
1400830 1274.8
1400840 1273.6
1400850 1273.6
1400860 1271.9
1400870 1269.3
1400880 1266.6
1400890 1266.6
1400900 1264.4
1400910 1262.6
1400920 1262.6
1400930 1261.8
1400940 1262.0
1400950 1262.0
1400960 1262.8
1400970 1264.6
1400980 1264.6
1400990 1265.7
1401000 1267.5
1401010 1267.5
1401020 1269.1
1401030 1270.6
1401040 1270.6
1401050 1271.7
1401060 1272.5
1401070 1272.5
1401080 1273.5
1401090 1274.3
1401100 1274.3
1401110 1274.2
1401120 1273.3
1401130 1273.3
1401140 1271.0
1401150 1267.1
1401160 1267.1
1401170 1263.2
1401180 1260.6
1401190 1260.6
1401200 1258.2
1401210 1256.0
1401220 1256.0
1401230 1254.1
1401240 1252.1
1401250 1252.1
1401260 1250.6
1401270 1249.5
1401280 1249.5
1401290 1247.9
1401300 1246.2
1401310 1244.7
1401320 1244.7
1401330 1242.6
1401340 1240.9
1401350 1240.9
1401360 1238.8
1401370 1236.1
1401380 1236.1
1401390 1232.6
1401400 1229.2
1401410 1229.2
1401420 1226.2
1401430 1223.5
1401440 1223.5
1401450 1220.7
1401460 1217.2
1401470 1217.2
1401480 1213.7
1401490 1210.2
1401500 1210.2
1401510 1207.3
1401520 1204.7
1401530 1204.7
1401540 1201.7
1401550 1198.3
1401560 1198.3
1401570 1194.6
1401580 1191.1
1401590 1191.1
1401600 1187.2
1401610 1183.8
1401620 1183.8
1401630 1180.7
1401640 1177.0
1401650 1177.0
1401660 1174.4
1401670 1172.2
1401680 1172.2
1401690 1170.1
1401700 1167.7
1401710 1163.9
1401720 1163.9
1401730 1160.0
1401740 1157.1
1401750 1157.1
1401760 1154.1
1401770 1150.6
1401780 1150.6
1401790 1147.7
1401800 1144.8
1401810 1144.8
1401820 1141.9
1401830 1139.6
1401840 1139.6
1401850 1137.1
1401860 1133.7
1401870 1133.7
1401880 1130.3
1401890 1127.6
1401900 1127.6
1401910 1124.2
1401920 1120.3
1401930 1120.3
1401940 1116.6
1401950 1113.5
1401960 1113.5
1401970 1111.0
1401980 1108.3
1401990 1108.3
1402000 1106.2
1402010 1103.9
1402020 1103.9
1402030 1101.5
1402040 1099.4
1402050 1099.4
1402060 1096.0
1402070 1093.6
1402080 1093.6
1402090 1091.2
1402100 1088.3
1402110 1084.9
1402120 1084.9
1402130 1081.6
1402140 1078.8
1402150 1078.8
1402160 1076.4
1402170 1074.8
1402180 1074.8
1402190 1073.5
1402200 1071.7
1402210 1071.7
1402220 1071.1
1402230 1070.5
1402240 1070.5
1402250 1069.2
1402260 1068.1
1402270 1068.1
1402280 1066.4
1402290 1063.6
1402300 1063.6
1402310 1060.9
1402320 1058.4
1402330 1058.4
1402340 1055.8
1402350 1053.3
1402360 1053.3
1402370 1051.7
1402380 1048.7
1402390 1048.7
1402400 1046.4
1402410 1044.3
1402420 1044.3
1402430 1042.1
1402440 1040.2
1402450 1040.2
1402460 1038.4
1402470 1035.6
1402480 1035.6
1402490 1033.4
1402500 1030.1
1402510 1030.1
1402520 1025.4
1402530 1019.0
1402540 1011.2
1402550 1011.2
1402560 1005.6
1402570 1002.6
1402580 1002.6
1402590 1000.0
1402600 997.6
1402610 997.6
1402620 995.2
1402630 990.4
1402640 990.4
1402650 983.3
1402660 975.6
1402670 975.6
1402680 967.6
1402690 960.9
1402700 960.9
1402710 954.9
1402720 951.4
1402730 951.4
1402740 943.9
1402750 932.6
1402760 932.6
1402770 925.6
1402780 924.8
1402790 924.8
1402800 927.3
1402810 928.9
1402820 928.9
1402830 933.5
1402840 941.4
1402850 941.4
1402860 942.2
1402870 940.7
1402880 940.7
1402890 941.1
1402900 940.9
1402910 940.9
1402920 940.5
1402930 938.0
1402940 933.3
1402950 933.3
1402960 941.0
1402970 949.3
1402980 949.3
1402990 956.0
1403000 962.9
1403010 962.9
1403020 970.8
1403030 976.9
1403040 976.9
1403050 975.8
1403060 975.7
1403070 975.7
1403080 976.9
1403090 977.3
1403100 977.3
1403110 977.8
1403120 979.0
1403130 979.0
1403140 979.3
1403150 981.8
1403160 981.8
1403170 987.2
1403180 993.7
1403190 993.7
1403200 999.5
1403210 1006.2
1403220 1006.2
1403230 1012.7
1403240 1019.4
1403250 1019.4
1403260 1025.9
1403270 1032.1
1403280 1032.1
1403290 1038.4
1403300 1044.6
1403310 1044.6
1403320 1051.0
1403330 1056.0
1403340 1062.3
1403350 1062.3
1403360 1067.9
1403370 1073.5
1403380 1073.5
1403390 1078.8
1403400 1084.0
1403410 1084.0
1403420 1088.7
1403430 1093.5
1403440 1093.5
1403450 1098.1
1403460 1102.4
1403470 1102.4
1403480 1106.7
1403490 1112.4
1403500 1112.4
1403510 1115.5
1403520 1118.5
1403530 1118.5
1403540 1122.6
1403550 1125.5
1403560 1125.5
1403570 1129.1
1403580 1132.6
1403590 1132.6
1403600 1136.5
1403610 1140.4
1403620 1140.4
1403630 1144.4
1403640 1148.9
1403650 1148.9
1403660 1152.6
1403670 1155.4
1403680 1155.4
1403690 1158.8
1403700 1162.4
1403710 1162.4
1403720 1165.2
1403730 1166.9
1403740 1166.9
1403750 1167.7
1403760 1169.7
1403770 1173.2
1403780 1173.2
1403790 1176.6
1403800 1181.0
1403810 1181.0
1403820 1185.7
1403830 1189.6
1403840 1189.6
1403850 1192.6
1403860 1195.3
1403870 1195.3
1403880 1198.1
1403890 1200.6
1403900 1200.6
1403910 1203.5
1403920 1206.2
1403930 1206.2
1403940 1209.0
1403950 1204.5
1403960 1204.5
1403970 1209.2
1403980 1213.9
1403990 1213.9
1404000 1217.6
1404010 1220.1
1404020 1220.1
1404030 1221.9
1404040 1224.5
1404050 1224.5
1404060 1226.5
1404070 1224.1
1404080 1224.1
1404090 1222.0
1404100 1221.6
1404110 1221.6
1404120 1222.6
1404130 1226.4
1404140 1226.4
1404150 1230.7
1404160 1235.1
1404170 1238.4
1404180 1238.4
1404190 1240.5
1404200 1241.6
1404210 1241.6
1404220 1241.9
1404230 1241.1
1404240 1241.1
1404250 1241.5
1404260 1242.8
1404270 1242.8
1404280 1244.1
1404290 1244.8
1404300 1244.8
1404310 1245.5
1404320 1246.6
1404330 1246.6
1404340 1247.8
1404350 1248.8
1404360 1248.8
1404370 1249.7
1404380 1250.3
1404390 1250.3
1404400 1250.4
1404410 1249.6
1404420 1249.6
1404430 1248.4
1404440 1247.5
1404450 1247.5
1404460 1246.4
1404470 1244.7
1404480 1244.7
1404490 1242.4
1404500 1240.6
1404510 1240.6
1404520 1238.7
1404530 1236.8
1404540 1236.8
1404550 1233.4
1404560 1229.1
1404570 1229.1
1404580 1225.9
1404590 1223.1
1404600 1220.7
1404610 1220.7
1404620 1217.7
1404630 1214.2
1404640 1214.2
1404650 1210.5
1404660 1206.4
1404670 1206.4
1404680 1200.2
1404690 1193.9
1404700 1193.9
1404710 1189.0
1404720 1184.7
1404730 1184.7
1404740 1180.7
1404750 1177.5
1404760 1177.5
1404770 1174.3
1404780 1170.4
1404790 1170.4
1404800 1166.2
1404810 1161.9
1404820 1161.9
1404830 1157.4
1404840 1153.7
1404850 1153.7
1404860 1150.1
1404870 1146.3
1404880 1146.3
1404890 1142.5
1404900 1138.9
1404910 1138.9
1404920 1135.1
1404930 1131.3
1404940 1131.3
1404950 1127.2
1404960 1123.4
1404970 1123.4
1404980 1119.7
1404990 1116.5
1405000 1113.3
1405010 1113.3
1405020 1110.4
1405030 1107.0
1405040 1107.0
1405050 1102.6
1405060 1097.4
1405070 1097.4
1405080 1091.1
1405090 1085.8
1405100 1085.8
1405110 1080.9
1405120 1075.9
1405130 1075.9
1405140 1072.5
1405150 1067.9
1405160 1067.9
1405170 1062.7
1405180 1056.4
1405190 1056.4
1405200 1048.5
1405210 1041.1
1405220 1041.1
1405230 1038.5
1405240 1040.5
1405250 1040.5
1405260 1044.6
1405270 1043.4
1405280 1043.4
1405290 1039.5
1405300 1039.1
1405310 1039.1
1405320 1045.5
1405330 1053.2
1405340 1053.2
1405350 1060.3
1405360 1067.0
1405370 1067.0
1405380 1073.7
1405390 1080.7
1405400 1085.9
1405410 1085.9
1405420 1090.0
1405430 1095.8
1405440 1095.8
1405450 1101.1
1405460 1105.8
1405470 1105.8
1405480 1110.4
1405490 1114.8
1405500 1114.8
1405510 1118.6
1405520 1121.8
1405530 1121.8
1405540 1124.8
1405550 1127.4
1405560 1127.4
1405570 1130.0
1405580 1132.3
1405590 1132.3
1405600 1134.6
1405610 1136.9
1405620 1136.9
1405630 1138.3
1405640 1138.9
1405650 1138.9
1405660 1139.5
1405670 1139.9
1405680 1139.9
1405690 1139.7
1405700 1139.2
1405710 1139.2
1405720 1138.1
1405730 1136.2
1405740 1136.2
1405750 1133.9
1405760 1131.2
1405770 1131.2
1405780 1128.2
1405790 1125.5
1405800 1125.5
1405810 1123.6
1405820 1121.2
1405830 1118.9
1405840 1118.9
1405850 1114.9
1405860 1110.4
1405870 1110.4
1405880 1108.2
1405890 1105.0
1405900 1105.0
1405910 1101.6
1405920 1097.8
1405930 1097.8
1405940 1093.7
1405950 1089.2
1405960 1089.2
1405970 1085.0
1405980 1080.5
1405990 1080.5
1406000 1076.5
1406010 1073.3
1406020 1073.3
1406030 1070.7
1406040 1067.3
1406050 1067.3
1406060 1061.7
1406070 1054.9
1406080 1054.9
1406090 1051.8
1406100 1051.1
1406110 1051.1
1406120 1048.4
1406130 1044.6
1406140 1044.6
1406150 1040.9
1406160 1037.6
1406170 1037.6
1406180 1034.5
1406190 1030.4
1406200 1030.4
1406210 1025.4
1406220 1020.9
1406230 1018.5
1406240 1018.5
1406250 1015.5
1406260 1012.3
1406270 1012.3
1406280 1007.5
1406290 1003.3
1406300 1003.3
1406310 1000.1
1406320 996.9
1406330 996.9
1406340 995.4
1406350 993.7
1406360 993.7
1406370 990.5
1406380 986.3
1406390 986.3
1406400 981.1
1406410 976.7
1406420 976.7
1406430 971.4
1406440 964.8
1406450 964.8
1406460 958.1
1406470 953.7
1406480 953.7
1406490 950.7
1406500 948.2
1406510 948.2
1406520 946.0
1406530 943.6
1406540 943.6
1406550 939.9
1406560 935.5
1406570 935.5
1406580 929.4
1406590 923.1
1406600 923.1
1406610 916.9
1406620 910.0
1406630 902.8
1406640 902.8
1406650 896.9
1406660 890.9
1406670 890.9
1406680 884.2
1406690 877.8
1406700 877.8
1406710 872.6
1406720 867.1
1406730 867.1
1406740 861.5
1406750 857.1
1406760 857.1
1406770 854.2
1406780 852.3
1406790 852.3
1406800 850.1
1406810 845.6
1406820 845.6
1406830 838.0
1406840 829.9
1406850 829.9
1406860 821.6
1406870 813.8
1406880 813.8
1406890 806.8
1406900 799.6
1406910 799.6
1406920 790.0
1406930 781.7
1406940 781.7
1406950 777.1
1406960 776.9
1406970 776.9
1406980 783.1
1406990 790.2
1407000 790.2
1407010 792.1
1407020 788.9
1407030 788.9
1407040 784.9
1407050 782.3
1407060 783.7
1407070 783.7
1407080 784.9
1407090 787.0
1407100 787.0
1407110 789.4
1407120 789.9
1407130 789.9
1407140 787.6
1407150 785.2
1407160 785.2
1407170 782.1
1407180 777.8
1407190 774.3
1407200 768.5
1407210 762.5
1407220 762.5
1407230 757.1
1407240 752.1
1407250 752.1
1407260 745.0
1407270 738.4
1407280 738.4
1407290 735.6
1407300 734.2
1407310 734.2
1407320 732.9
1407330 731.8
1407340 731.8
1407350 731.4
1407360 731.0
1407370 731.0
1407380 731.2
1407390 731.3
1407400 731.3
1407410 731.1
1407420 730.8
1407430 730.8
1407440 730.7
1407450 730.5
1407460 730.4
1407470 730.4
1407480 730.1
1407490 729.7
1407500 729.7
1407510 729.7
1407520 729.2
1407530 729.2
1407540 729.2
1407550 729.7
1407560 729.7
1407570 730.3
1407580 730.5
1407590 730.5
1407600 730.8
1407610 731.1
1407620 731.1
1407630 732.0
1407640 732.6
1407650 732.6
1407660 732.7
1407670 733.2
1407680 733.2
1407690 734.0
1407700 734.4
1407710 734.4
1407720 737.7
1407730 744.8
1407740 744.8
1407750 756.1
1407760 766.0
1407770 766.0
1407780 772.3
1407790 772.2
1407800 772.2
1407810 771.3
1407820 772.3
1407830 772.3
1407840 771.9
1407850 772.7
1407860 779.8
1407870 779.8
1407880 790.0
1407890 799.5
1407900 799.5
1407910 808.5
1407920 817.0
1407930 817.0
1407940 822.7
1407950 823.9
1407960 823.9
1407970 824.7
1407980 829.6
1407990 829.6
1408000 834.8
1408010 839.3
1408020 839.3
1408030 844.3
1408040 849.4
1408050 849.4
1408060 850.4
1408070 853.1
1408080 853.1
1408090 859.6
1408100 864.1
1408110 864.1
1408120 866.8
1408130 869.5
1408140 869.5
1408150 872.7
1408160 875.7
1408170 875.7
1408180 877.9
1408190 879.7
1408200 879.7
1408210 882.3
1408220 884.6
1408230 884.6
1408240 886.6
1408250 888.6
1408260 888.6
1408270 890.7
1408280 891.3
1408290 894.8
1408300 894.8
1408310 896.4
1408320 898.5
1408330 898.5
1408340 901.9
1408350 905.8
1408360 905.8
1408370 909.8
1408380 912.4
1408390 912.4
1408400 914.6
1408410 916.5
1408420 916.5
1408430 918.2
1408440 920.1
1408450 920.1
1408460 921.5
1408470 925.4
1408480 925.4
1408490 929.3
1408500 931.3
1408510 931.3
1408520 933.7
1408530 936.6
1408540 936.6
1408550 939.9
1408560 942.9
1408570 942.9
1408580 944.7
1408590 946.1
1408600 946.1
1408610 948.5
1408620 950.7
1408630 950.7
1408640 952.5
1408650 954.3
1408660 954.3
1408670 955.0
1408680 956.4
1408690 958.8
1408700 958.8
1408710 960.1
1408720 961.5
1408730 961.5
1408740 962.3
1408750 962.5
1408760 962.5
1408770 963.0
1408780 963.5
1408790 963.5
1408800 964.0
1408810 962.1
1408820 962.1
1408830 961.1
1408840 961.4
1408850 961.4
1408860 963.3
1408870 961.1
1408880 961.1
1408890 962.2
1408900 959.1
1408910 959.1
1408920 959.4
1408930 959.8
1408940 959.8
1408950 958.9
1408960 957.6
1408970 957.6
1408980 957.6
1408990 957.5
1409000 957.5
1409010 957.7
1409020 957.6
1409030 957.6
1409040 958.6
1409050 959.3
1409060 959.3
1409070 960.1
1409080 962.1
1409090 963.6
1409100 963.6
1409110 964.9
1409120 966.1
1409130 966.1
1409140 967.5
1409150 968.1
1409160 968.1
1409170 968.5
1409180 968.9
1409190 968.9
1409200 969.0
1409210 969.2
1409220 969.2
1409230 968.9
1409240 968.1
1409250 968.1
1409260 966.9
1409270 965.4
1409280 965.4
1409290 963.8
1409300 962.4
1409310 962.4
1409320 960.6
1409330 958.5
1409340 958.5
1409350 956.4
1409360 952.7
1409370 952.7
1409380 947.2
1409390 939.5
1409400 939.5
1409410 932.2
1409420 925.1
1409430 925.1
1409440 918.3
1409450 911.7
1409460 911.7
1409470 904.8
1409480 897.6
1409490 897.6
1409500 890.5
1409510 884.0
1409520 877.8
1409530 877.8
1409540 872.0
1409550 866.1
1409560 866.1
1409570 859.8
1409580 853.9
1409590 853.9
1409600 846.6
1409610 839.0
1409620 839.0
1409630 831.0
1409640 822.6
1409650 822.6
1409660 814.2
1409670 805.1
1409680 805.1
1409690 795.8
1409700 785.9
1409710 785.9
1409720 780.5
1409730 778.4
1409740 778.4
1409750 777.3
1409760 776.0
1409770 776.0
1409780 778.4
1409790 786.1
1409800 786.1
1409810 794.8
1409820 800.2
1409830 800.2
1409840 804.1
1409850 807.6
1409860 807.6
1409870 813.2
1409880 816.6
1409890 816.6
1409900 817.3
1409910 818.0
1409920 819.9
1409930 819.9
1409940 819.7
1409950 820.0
1409960 820.0
1409970 819.8
1409980 821.0
1409990 821.0
1410000 822.6
1410010 824.5
1410020 824.5
1410030 828.4
1410040 833.7
1410050 833.7
1410060 838.7
1410070 845.6
1410080 845.6
1410090 853.5
1410100 860.6
1410110 860.6
1410120 866.5
1410130 872.3
1410140 872.3
1410150 877.0
1410160 881.1
1410170 881.1
1410180 885.6
1410190 891.6
1410200 891.6
1410210 896.8
1410220 902.7
1410230 902.7
1410240 909.8
1410250 914.4
1410260 914.4
1410270 920.4
1410280 924.9
1410290 924.9
1410300 930.6
1410310 937.3
1410320 937.3
1410330 942.8
1410340 947.9
1410350 953.4
1410360 953.4
1410370 958.6
1410380 963.9
1410390 963.9
1410400 968.5
1410410 972.9
1410420 972.9
1410430 977.6
1410440 982.4
1410450 982.4
1410460 987.3
1410470 992.3
1410480 992.3
1410490 997.2
1410500 1002.1
1410510 1002.1
1410520 1006.9
1410530 1011.9
1410540 1011.9
1410550 1016.6
1410560 1021.1
1410570 1021.1
1410580 1025.0
1410590 1029.6
1410600 1029.6
1410610 1034.6
1410620 1039.7
1410630 1039.7
1410640 1045.2
1410650 1050.2
1410660 1050.2
1410670 1055.6
1410680 1061.4
1410690 1061.4
1410700 1067.5
1410710 1073.9
1410720 1073.9
1410730 1081.0
1410740 1087.2
1410750 1092.3
1410760 1092.3
1410770 1097.9
1410780 1103.6
1410790 1103.6
1410800 1109.2
1410810 1114.6
1410820 1114.6
1410830 1120.8
1410840 1127.3
1410850 1127.3
1410860 1133.4
1410870 1138.6
1410880 1138.6
1410890 1143.4
1410900 1147.8
1410910 1147.8
1410920 1151.6
1410930 1156.0
1410940 1156.0
1410950 1160.0
1410960 1163.1
1410970 1163.1
1410980 1165.7
1410990 1168.1
1411000 1168.1
1411010 1169.9
1411020 1170.9
1411030 1170.9
1411040 1169.5
1411050 1164.3
1411060 1164.3
1411070 1158.5
1411080 1151.2
1411090 1151.2
1411100 1144.3
1411110 1139.1
1411120 1139.1
1411130 1133.2
1411140 1126.0
1411150 1119.5
1411160 1119.5
1411170 1112.3
1411180 1104.9
1411190 1104.9
1411200 1097.5
1411210 1090.9
1411220 1090.9
1411230 1089.3
1411240 1087.3
1411250 1087.3
1411260 1083.5
1411270 1083.2
1411280 1083.2
1411290 1085.3
1411300 1085.9
1411310 1085.9
1411320 1085.2
1411330 1083.7
1411340 1083.7
1411350 1080.5
1411360 1075.7
1411370 1075.7
1411380 1072.1
1411390 1069.3
1411400 1069.3
1411410 1070.0
1411420 1071.1
1411430 1071.1
1411440 1071.8
1411450 1072.3
1411460 1072.3
1411470 1074.8
1411480 1077.6
1411490 1077.6
1411500 1080.9
1411510 1084.5
1411520 1084.5
1411530 1084.1
1411540 1082.5
1411550 1082.5
1411560 1081.0
1411570 1080.3
1411580 1080.2
1411590 1080.2
1411600 1079.2
1411610 1076.9
1411620 1076.9
1411630 1074.0
1411640 1070.0
1411650 1070.0
1411660 1068.1
1411670 1064.5
1411680 1064.5
1411690 1060.6
1411700 1057.0
1411710 1057.0
1411720 1053.1
1411730 1049.9
1411740 1049.9
1411750 1044.3
1411760 1039.0
1411770 1039.0
1411780 1033.4
1411790 1027.7
1411800 1027.7
1411810 1022.9
1411820 1018.8
1411830 1018.8
1411840 1014.2
1411850 1009.5
1411860 1009.5
1411870 1003.4
1411880 997.7
1411890 997.7
1411900 989.0
1411910 979.5
1411920 979.5
1411930 971.2
1411940 964.4
1411950 964.4
1411960 957.5
1411970 949.2
1411980 940.9
1411990 940.9
1412000 931.8
1412010 923.4
1412020 923.4
1412030 915.2
1412040 908.4
1412050 908.4
1412060 900.7
1412070 893.0
1412080 893.0
1412090 885.9
1412100 879.9
1412110 879.9
1412120 872.2
1412130 863.6
1412140 863.6
1412150 856.4
1412160 850.6
1412170 850.6
1412180 845.5
1412190 839.4
1412200 839.4
1412210 832.6
1412220 827.2
1412230 827.2
1412240 822.1
1412250 816.2
1412260 816.2
1412270 809.8
1412280 803.2
1412290 803.2
1412300 793.9
1412310 785.2
1412320 785.2
1412330 790.4
1412340 797.1
1412350 797.1
1412360 798.1
1412370 799.8
1412380 801.0
1412390 801.0
1412400 803.2
1412410 807.4
1412420 807.4
1412430 811.8
1412440 816.9
1412450 816.9
1412460 823.7
1412470 829.9
1412480 829.9
1412490 834.6
1412500 838.8
1412510 838.8
1412520 841.9
1412530 843.6
1412540 843.6
1412550 845.1
1412560 847.6
1412570 847.6
1412580 851.0
1412590 854.1
1412600 854.1
1412610 856.8
1412620 860.7
1412630 860.7
1412640 864.4
1412650 868.7
1412660 868.7
1412670 873.7
1412680 877.3
1412690 877.3
1412700 879.6
1412710 881.2
1412720 881.2
1412730 883.6
1412740 885.9
1412750 885.9
1412760 887.2
1412770 887.2
1412780 887.2
1412790 886.5
1412800 884.3
1412810 877.3
1412820 877.3
1412830 866.1
1412840 862.9
1412850 862.9
1412860 861.1
1412870 859.2
1412880 859.2
1412890 857.4
1412900 856.3
1412910 856.3
1412920 855.6
1412930 855.9
1412940 855.9
1412950 854.7
1412960 848.6
1412970 848.6
1412980 844.1
1412990 840.3
1413000 840.3
1413010 838.5
1413020 837.7
1413030 837.7
1413040 837.3
1413050 837.4
1413060 837.4
1413070 838.5
1413080 841.5
1413090 841.5
1413100 844.9
1413110 847.4
1413120 847.4
1413130 848.3
1413140 848.2
1413150 848.2
1413160 851.4
1413170 856.1
1413180 856.1
1413190 861.5
1413200 867.7
1413210 873.7
1413220 873.7
1413230 877.5
1413240 879.5
1413250 879.5
1413260 880.5
1413270 880.4
1413280 880.4
1413290 879.2
1413300 877.4
1413310 877.4
1413320 875.7
1413330 874.0
1413340 874.0
1413350 872.8
1413360 871.0
1413370 871.0
1413380 868.9
1413390 865.7
1413400 865.7
1413410 861.2
1413420 854.2
1413430 854.2
1413440 848.7
1413450 844.2
1413460 844.2
1413470 840.1
1413480 836.1
1413490 836.1
1413500 832.2
1413510 828.8
1413520 828.8
1413530 826.2
1413540 822.9
1413550 822.9
1413560 818.8
1413570 814.2
1413580 814.2
1413590 809.6
1413600 806.7
1413610 804.4
1413620 804.4
1413630 801.5
1413640 798.9
1413650 798.9
1413660 797.3
1413670 796.5
1413680 796.5
1413690 794.8
1413700 793.3
1413710 793.3
1413720 793.1
1413730 792.2
1413740 792.2
1413750 790.0
1413760 787.8
1413770 787.8
1413780 785.2
1413790 782.9
1413800 782.9
1413810 782.1
1413820 783.1
1413830 783.1
1413840 783.6
1413850 784.5
1413860 784.5
1413870 784.4
1413880 782.3
1413890 782.3
1413900 778.9
1413910 775.3
1413920 775.3
1413930 767.6
1413940 760.6
1413950 760.6
1413960 756.5
1413970 760.1
1413980 760.1
1413990 765.7
1414000 767.0
1414010 767.0
1414020 766.3
1414030 764.7
1414040 761.0
1414050 761.0
1414060 756.4
1414070 750.9
1414080 750.9
1414090 745.5
1414100 740.6
1414110 740.6
1414120 735.3
1414130 724.3
1414140 724.3
1414150 718.6
1414160 712.5
1414170 712.5
1414180 710.0
1414190 707.5
1414200 707.5
1414210 703.5
1414220 699.4
1414230 699.4
1414240 695.9
1414250 693.1
1414260 693.1
1414270 690.6
1414280 688.2
1414290 688.2
1414300 685.9
1414310 685.7
1414320 685.7
1414330 686.2
1414340 687.4
1414350 687.4
1414360 688.9
1414370 689.4
1414380 689.4
1414390 688.9
1414400 688.2
1414410 688.2
1414420 687.4
1414430 686.0
1414440 683.0
1414450 683.0
1414460 678.9
1414470 675.5
1414480 675.5
1414490 672.8
1414500 670.6
1414510 670.6
1414520 668.2
1414530 665.2
1414540 665.2
1414550 663.5
1414560 662.8
1414570 662.8
1414580 664.2
1414590 664.5
1414600 664.5
1414610 663.1
1414620 660.9
1414630 660.9
1414640 659.1
1414650 657.0
1414660 657.0
1414670 656.8
1414680 658.2
1414690 658.2
1414700 661.4
1414710 661.1
1414720 661.1
1414730 659.5
1414740 660.7
1414750 660.7
1414760 664.9
1414770 665.0
1414780 665.0
1414790 661.4
1414800 658.9
1414810 658.9
1414820 660.5
1414830 660.4
1414840 660.0
1414850 660.0
1414860 659.9
1414870 659.8
1414880 659.8
1414890 660.0
1414900 660.8
1414910 660.8
1414920 661.5
1414930 662.0
1414940 662.0
1414950 661.7
1414960 661.5
1414970 661.5
1414980 661.1
1414990 660.9
1415000 660.9
1415010 660.3
1415020 660.4
1415030 660.4
1415040 660.4
1415050 660.6
1415060 660.6
1415070 659.5
1415080 659.1
1415090 659.1
1415100 659.3
1415110 660.7
1415120 660.7
1415130 661.8
1415140 660.8
1415150 660.8
1415160 658.7
1415170 657.5
1415180 657.5
1415190 655.6
1415200 653.7
1415210 653.7
1415220 653.6
1415230 652.8
1415240 652.8
1415250 651.9
1415260 650.5
1415270 650.2
1415280 650.2
1415290 653.7
1415300 655.8
1415310 655.8
1415320 656.7
1415330 656.2
1415340 656.2
1415350 656.7
1415360 656.5
1415370 656.5
1415380 655.3
1415390 655.0
1415400 655.0
1415410 653.5
1415420 651.9
1415430 651.9
1415440 652.1
1415450 651.6
1415460 651.6
1415470 651.0
1415480 651.9
1415490 651.9
1415500 653.3
1415510 654.3
1415520 654.3
1415530 652.9
1415540 651.5
1415550 651.5
1415560 651.8
1415570 650.9
1415580 650.9
1415590 647.9
1415600 645.4
1415610 645.4
1415620 642.6
1415630 639.8
1415640 639.8
1415650 636.6
1415660 630.6
1415670 623.6
1415680 623.6
1415690 618.8
1415700 614.0
1415710 614.0
1415720 609.8
1415730 606.7
1415740 606.7
1415750 603.7
1415760 600.9
1415770 600.9
1415780 599.2
1415790 597.3
1415800 597.3
1415810 596.2
1415820 594.9
1415830 594.9
1415840 592.3
1415850 588.6
1415860 588.6
1415870 586.4
1415880 584.3
1415890 584.3
1415900 583.0
1415910 583.0
1415920 583.0
1415930 585.0
1415940 585.8
1415950 585.8
1415960 585.6
1415970 585.8
1415980 586.9
1415990 588.5
1416000 588.4
1416010 588.4
1416020 589.1
1416030 590.2
1416040 590.2
1416050 590.6
1416060 594.7
1416070 602.1
1416080 602.1
1416090 605.7
1416100 608.0
1416110 608.0
1416120 612.0
1416130 614.3
1416140 614.3
1416150 615.4
1416160 616.0
1416170 616.0
1416180 616.4
1416190 617.1
1416200 617.1
1416210 619.1
1416220 620.9
1416230 620.9
1416240 624.1
1416250 626.2
1416260 626.2
1416270 628.5
1416280 633.5
1416290 633.5
1416300 637.3
1416310 640.2
1416320 640.2
1416330 643.0
1416340 645.5
1416350 645.5
1416360 647.0
1416370 648.0
1416380 648.0
1416390 648.8
1416400 649.3
1416410 649.3
1416420 648.0
1416430 647.8
1416440 647.8
1416450 649.3
1416460 649.8
1416470 649.8
1416480 650.3
1416490 650.3
1416500 649.6
1416510 649.6
1416520 649.5
1416530 649.7
1416540 649.7
1416550 649.5
1416560 649.0
1416570 649.0
1416580 648.3
1416590 646.3
1416600 646.3
1416610 643.9
1416620 643.5
1416630 643.5
1416640 642.9
1416650 641.3
1416660 641.3
1416670 640.2
1416680 637.6
1416690 637.6
1416700 635.2
1416710 632.2
1416720 632.2
1416730 628.3
1416740 622.3
1416750 622.3
1416760 616.4
1416770 607.9
1416780 607.9
1416790 596.7
1416800 581.2
1416810 581.2
1416820 564.2
1416830 551.1
1416840 551.1
1416850 547.0
1416860 543.6
1416870 543.6
1416880 543.6
1416890 543.6
1416900 544.4
1416910 544.4
1416920 548.6
1416930 555.3
1416940 555.3
1416950 558.7
1416960 559.3
1416970 559.3
1416980 563.0
1416990 568.8
1417000 568.8
1417010 574.1
1417020 580.6
1417030 580.6
1417040 589.3
1417050 599.0
1417060 599.0
1417070 602.8
1417080 607.8
1417090 607.8
1417100 613.9
1417110 620.3
1417120 620.3
1417130 625.1
1417140 628.6
1417150 628.6
1417160 632.7
1417170 635.4
1417180 635.4
1417190 636.9
1417200 640.6
1417210 640.6
1417220 642.7
1417230 643.5
1417240 643.5
1417250 642.9
1417260 641.5
1417270 641.5
1417280 641.5
1417290 643.0
1417300 646.3
1417310 646.3
1417320 650.3
1417330 655.8
1417340 655.8
1417350 662.2
1417360 669.3
1417370 669.3
1417380 676.4
1417390 683.3
1417400 683.3
1417410 690.3
1417420 697.1
1417430 697.1
1417440 704.0
1417450 711.1
1417460 711.1
1417470 717.8
1417480 725.0
1417490 725.0
1417500 733.8
1417510 751.1
1417520 751.1
1417530 779.8
1417540 793.7
1417550 793.7
1417560 802.1
1417570 811.8
1417580 811.8
1417590 819.7
1417600 828.9
1417610 828.9
1417620 842.8
1417630 852.9
1417640 852.9
1417650 862.6
1417660 875.1
1417670 875.1
1417680 885.0
1417690 903.6
1417700 903.6
1417710 922.0
1417720 934.0
1417730 943.1
1417740 943.1
1417750 949.3
1417760 949.7
1417770 949.7
1417780 951.9
1417790 955.8
1417800 955.8
1417810 961.0
1417820 967.1
1417830 967.1
1417840 973.5
1417850 979.8
1417860 981.0
1417870 987.9
1417880 992.5
1417890 992.5
1417900 1003.1
1417910 1006.3
1417920 1006.3
1417930 1006.9
1417940 1006.6
1417950 1006.6
1417960 1006.2
1417970 1004.4
1417980 1004.4
1417990 1000.0
1418000 992.4
1418010 992.4
1418020 985.4
1418030 979.6
1418040 979.6
1418050 974.5
1418060 969.5
1418070 969.5
1418080 965.0
1418090 962.7
1418100 962.7
1418110 959.1
1418120 953.7
1418130 950.4
1418140 950.4
1418150 948.8
1418160 948.0
1418170 948.0
1418180 944.4
1418190 939.1
1418200 939.1
1418210 933.0
1418220 928.0
1418230 928.0
1418240 924.2
1418250 920.6
1418260 920.6
1418270 917.3
1418280 916.2
1418290 916.2
1418300 915.8
1418310 915.0
1418320 915.0
1418330 914.6
1418340 913.5
1418350 913.5
1418360 911.4
1418370 907.8
1418380 907.8
1418390 906.0
1418400 907.4
1418410 907.4
1418420 909.4
1418430 911.2
1418440 911.2
1418450 912.1
1418460 910.0
1418470 910.0
1418480 905.9
1418490 900.7
1418500 900.7
1418510 895.2
1418520 890.3
1418530 884.2
1418540 884.2
1418550 880.3
1418560 880.7
1418570 880.7
1418580 881.4
1418590 882.0
1418600 882.0
1418610 881.5
1418620 879.7
1418630 879.7
1418640 877.2
1418650 875.7
1418660 875.7
1418670 876.0
1418680 875.4
1418690 875.4
1418700 874.4
1418710 873.6
1418720 873.6
1418730 873.0
1418740 870.9
1418750 870.9
1418760 867.9
1418770 864.3
1418780 864.3
1418790 860.7
1418800 855.7
1418810 855.7
1418820 853.9
1418830 850.2
1418840 850.2
1418850 845.3
1418860 845.2
1418870 845.2
1418880 842.8
1418890 839.2
1418900 839.2
1418910 834.2
1418920 830.6
1418930 830.6
1418940 830.3
1418950 829.7
1418960 827.5
1418970 827.5
1418980 824.8
1418990 821.1
1419000 821.1
1419010 819.8
1419020 819.2
1419030 819.2
1419040 817.5
1419050 814.2
1419060 814.2
1419070 814.1
1419080 812.4
1419090 812.4
1419100 806.3
1419110 802.8
1419120 802.8
1419130 803.8
1419140 802.2
1419150 802.2
1419160 798.5
1419170 798.4
1419180 798.4
1419190 798.5
1419200 796.0
1419210 796.0
1419220 792.5
1419230 791.0
1419240 791.0
1419250 788.9
1419260 787.1
1419270 787.1
1419280 785.3
1419290 784.4
1419300 784.4
1419310 784.4
1419320 783.5
1419330 783.5
1419340 780.5
1419350 777.9
1419360 777.2
1419370 777.2
1419380 777.4
1419390 775.3
1419400 775.3
1419410 772.0
1419420 770.9
1419430 770.9
1419440 769.5
1419450 763.8
1419460 763.8
1419470 761.5
1419480 766.9
1419490 766.9
1419500 768.1
1419510 765.8
1419520 765.8
1419530 768.0
1419540 770.2
1419550 770.2
1419560 773.3
1419570 776.0
1419580 776.0
1419590 778.5
1419600 781.3
1419610 781.3
1419620 784.0
1419630 786.5
1419640 786.5
1419650 789.1
1419660 791.3
1419670 791.3
1419680 792.8
1419690 794.0
1419700 794.0
1419710 795.4
1419720 797.2
1419730 797.2
1419740 798.6
1419750 800.3
1419760 802.9
1419770 802.9
1419780 805.9
1419790 810.6
1419800 810.6
1419810 819.7
1419820 826.3
1419830 826.3
1419840 831.9
1419850 837.7
1419860 837.7
1419870 844.0
1419880 850.2
1419890 850.2
1419900 856.3
1419910 859.0
1419920 859.0
1419930 861.1
1419940 862.4
1419950 862.4
1419960 863.0
1419970 862.7
1419980 862.7
1419990 863.2
