1400000 1422.5
1400010 1423.8
1400020 1421.2
1400030 1418.0
1400040 1418.0
1400050 1414.6
1400060 1411.8
1400070 1411.8
1400080 1409.4
1400090 1407.0
1400100 1407.0
1400110 1404.0
1400120 1400.6
1400130 1400.6
1400140 1397.1
1400150 1392.6
1400160 1392.6
1400170 1387.1
1400180 1382.8
1400190 1382.8
1400200 1379.7
1400210 1376.7
1400220 1376.7
1400230 1373.8
1400240 1370.6
1400250 1370.6
1400260 1367.6
1400270 1365.7
1400280 1365.7
1400290 1364.2
1400300 1362.7
1400310 1362.7
1400320 1358.3
1400330 1359.1
1400340 1359.1
1400350 1361.3
1400360 1361.2
1400370 1360.3
1400380 1360.3
1400390 1359.2
1400400 1357.9
1400410 1357.9
1400420 1355.5
1400430 1352.8
1400440 1352.8
1400450 1350.2
1400460 1347.8
1400470 1347.8
1400480 1345.5
1400490 1344.0
1400500 1344.0
1400510 1342.6
1400520 1341.2
1400530 1341.2
1400540 1339.0
1400550 1336.2
1400560 1336.2
1400570 1332.1
1400580 1326.9
1400590 1326.9
1400600 1320.2
1400610 1314.5
1400620 1314.5
1400630 1310.5
1400640 1305.3
1400650 1305.3
1400660 1299.7
1400670 1295.0
1400680 1295.0
1400690 1289.7
1400700 1283.3
1400710 1283.3
1400720 1276.1
1400730 1268.8
1400740 1268.8
1400750 1262.5
1400760 1255.0
1400770 1248.2
1400780 1248.2
1400790 1242.3
1400800 1237.4
1400810 1237.4
1400820 1233.0
1400830 1229.5
1400840 1229.5
1400850 1226.5
1400860 1223.0
1400870 1223.0
1400880 1219.0
1400890 1215.1
1400900 1215.1
1400910 1212.1
1400920 1207.1
1400930 1207.1
1400940 1202.2
1400950 1199.6
1400960 1199.6
1400970 1198.4
1400980 1197.0
1400990 1197.0
1401000 1196.3
1401010 1195.3
1401020 1195.3
1401030 1194.2
1401040 1191.7
1401050 1191.7
1401060 1187.6
1401070 1184.8
1401080 1184.8
1401090 1183.6
1401100 1181.4
1401110 1181.4
1401120 1178.4
1401130 1173.6
1401140 1173.6
1401150 1167.7
1401160 1162.2
1401170 1156.8
1401180 1156.8
1401190 1154.3
1401200 1152.3
1401210 1152.3
1401220 1150.2
1401230 1147.6
1401240 1147.6
1401250 1145.6
1401260 1144.0
1401270 1144.0
1401280 1142.1
1401290 1140.8
1401300 1140.8
1401310 1139.3
1401320 1138.5
1401330 1138.5
1401340 1137.1
1401350 1135.0
1401360 1135.0
1401370 1132.3
1401380 1130.7
1401390 1130.7
1401400 1129.0
1401410 1127.9
1401420 1127.9
1401430 1125.8
1401440 1124.4
1401450 1124.4
1401460 1123.5
1401470 1123.1
1401480 1123.1
1401490 1122.7
1401500 1122.1
1401510 1122.1
1401520 1121.2
1401530 1120.4
1401540 1118.5
1401550 1119.3
1401560 1119.1
1401570 1119.1
1401580 1119.5
1401590 1118.6
1401600 1118.3
1401610 1118.3
1401620 1118.5
1401630 1118.1
1401640 1118.1
1401650 1117.1
1401660 1114.8
1401670 1114.8
1401680 1110.9
1401690 1105.6
1401700 1105.6
1401710 1100.2
1401720 1096.5
1401730 1096.5
1401740 1093.0
1401750 1090.9
1401760 1090.9
1401770 1087.7
1401780 1083.8
1401790 1083.8
1401800 1080.3
1401810 1076.9
1401820 1076.9
1401830 1073.1
1401840 1068.1
1401850 1068.1
1401860 1063.4
1401870 1060.3
1401880 1060.3
1401890 1059.1
1401900 1058.0
1401910 1058.0
1401920 1056.4
1401930 1052.2
1401940 1052.2
1401950 1048.9
1401960 1048.9
1401970 1048.9
1401980 1048.3
1401990 1046.6
1402000 1045.1
1402010 1045.1
1402020 1043.7
1402030 1041.9
1402040 1041.9
1402050 1040.0
1402060 1038.5
1402070 1038.5
1402080 1037.1
1402090 1035.3
1402100 1035.3
1402110 1033.9
1402120 1032.5
1402130 1032.5
1402140 1031.1
1402150 1030.1
1402160 1030.1
1402170 1027.9
1402180 1024.9
1402190 1024.9
1402200 1022.7
1402210 1019.9
1402220 1019.9
1402230 1017.4
1402240 1016.0
1402250 1016.0
1402260 1014.5
1402270 1014.1
1402280 1014.1
1402290 1014.4
1402300 1013.0
1402310 1013.0
1402320 1011.6
1402330 1010.8
1402340 1010.8
1402350 1010.9
1402360 1011.3
1402370 1011.3
1402380 1010.4
1402390 1007.8
1402400 1005.0
1402410 1005.0
1402420 1003.4
1402430 1002.2
1402440 1002.2
1402450 1000.8
1402460 998.6
1402470 998.6
1402480 996.2
1402490 993.6
1402500 993.6
1402510 990.9
1402520 988.4
1402530 988.4
1402540 986.3
1402550 983.9
1402560 983.9
1402570 981.7
1402580 979.6
1402590 979.6
1402600 976.6
1402610 974.1
1402620 974.1
1402630 972.6
1402640 972.0
1402650 972.0
1402660 971.4
1402670 971.9
1402680 971.9
1402690 970.1
1402700 967.4
1402710 967.4
1402720 964.5
1402730 959.8
1402740 959.8
1402750 962.7
1402760 967.7
1402770 967.7
1402780 969.7
1402790 967.2
1402800 964.1
1402810 964.1
1402820 963.4
1402830 963.7
1402840 963.7
1402850 963.2
1402860 961.7
1402870 961.7
1402880 960.6
1402890 960.0
1402900 960.0
1402910 959.1
1402920 956.7
1402930 956.7
1402940 953.2
1402950 950.3
1402960 950.3
1402970 947.8
1402980 945.8
1402990 945.8
1403000 943.1
1403010 940.5
1403020 940.5
1403030 936.7
1403040 931.3
1403050 931.3
1403060 926.8
1403070 924.4
1403080 924.4
1403090 923.3
1403100 922.6
1403110 923.1
1403120 923.0
1403130 921.8
1403140 921.8
1403150 918.9
1403160 912.8
1403170 912.8
1403180 906.2
1403190 898.8
1403200 892.6
1403210 892.6
1403220 884.4
1403230 876.0
1403240 876.0
1403250 871.3
1403260 869.5
1403270 869.5
1403280 868.8
1403290 871.3
1403300 871.3
1403310 872.5
1403320 872.8
1403330 872.8
1403340 873.6
1403350 873.0
1403360 873.0
1403370 872.8
1403380 873.2
1403390 873.2
1403400 873.5
1403410 873.2
1403420 873.2
1403430 872.9
1403440 874.6
1403450 874.6
1403460 877.0
1403470 879.1
1403480 879.1
1403490 882.1
1403500 885.0
1403510 885.0
1403520 887.4
1403530 890.6
1403540 890.6
1403550 892.7
1403560 894.3
1403570 894.3
1403580 895.3
1403590 894.2
1403600 894.2
1403610 892.9
1403620 894.0
1403630 894.4
1403640 894.4
1403650 893.0
1403660 890.8
1403670 890.8
1403680 887.5
1403690 882.7
1403700 882.7
1403710 877.8
1403720 873.9
1403730 873.9
1403740 872.5
1403750 872.5
1403760 872.5
1403770 873.2
1403780 873.5
1403790 873.5
1403800 873.0
1403810 869.3
1403820 869.3
1403830 865.7
1403840 863.3
1403850 863.3
1403860 862.1
1403870 861.3
1403880 861.3
1403890 859.3
1403900 857.7
1403910 857.7
1403920 855.4
1403930 853.9
1403940 853.9
1403950 852.7
1403960 850.8
1403970 850.8
1403980 850.0
1403990 848.8
1404000 848.8
1404010 845.7
1404020 844.9
1404030 844.3
1404040 844.3
1404050 843.4
1404060 842.8
1404070 842.8
1404080 842.5
1404090 842.4
1404100 842.4
1404110 842.8
1404120 844.5
1404130 844.5
1404140 848.0
1404150 849.4
1404160 849.4
1404170 850.3
1404180 854.8
1404190 854.8
1404200 859.1
1404210 861.0
1404220 861.0
1404230 860.9
1404240 861.2
1404250 861.2
1404260 861.9
1404270 863.4
1404280 863.4
1404290 864.3
1404300 865.5
1404310 865.5
1404320 866.5
1404330 867.5
1404340 867.5
1404350 868.6
1404360 869.7
1404370 869.7
1404380 870.3
1404390 870.9
1404400 870.9
1404410 871.7
1404420 872.4
1404430 873.1
1404440 873.1
1404450 873.4
1404460 873.1
1404470 873.1
1404480 872.7
1404490 873.5
1404500 873.5
1404510 874.6
1404520 875.8
1404530 875.8
1404540 877.6
1404550 877.4
1404560 877.4
1404570 881.8
1404580 885.7
1404590 885.7
1404600 889.5
1404610 891.8
1404620 891.8
1404630 895.2
1404640 898.7
1404650 898.7
1404660 902.3
1404670 905.8
1404680 905.8
1404690 908.3
1404700 904.4
1404710 904.4
1404720 906.8
1404730 908.9
1404740 908.9
1404750 910.8
1404760 912.8
1404770 912.8
1404780 914.3
1404790 916.3
1404800 916.3
1404810 918.9
1404820 920.7
1404830 922.4
1404840 922.4
1404850 924.2
1404860 925.4
1404870 925.4
1404880 926.3
1404890 926.9
1404900 926.9
1404910 927.8
1404920 927.9
1404930 927.9
1404940 926.0
1404950 923.1
1404960 923.1
1404970 920.7
1404980 918.3
1404990 918.3
1405000 915.5
1405010 912.9
1405020 912.9
1405030 910.4
1405040 907.6
1405050 907.6
1405060 903.9
1405070 898.6
1405080 898.6
1405090 892.1
1405100 885.3
1405110 885.3
1405120 879.0
1405130 873.0
1405140 873.0
1405150 866.8
1405160 859.1
1405170 859.1
1405180 851.1
1405190 843.3
1405200 843.3
1405210 834.0
1405220 823.0
1405230 823.0
1405240 816.5
1405250 821.2
1405260 835.4
1405270 835.4
1405280 848.5
1405290 858.9
1405300 858.9
1405310 868.4
1405320 878.0
1405330 878.0
1405340 886.7
1405350 899.3
1405360 899.3
1405370 907.9
1405380 920.2
1405390 920.2
1405400 934.6
1405410 944.8
1405420 944.8
1405430 950.4
1405440 952.5
1405450 952.5
1405460 953.5
1405470 953.3
1405480 953.3
1405490 952.7
1405500 951.6
1405510 951.6
1405520 950.5
1405530 949.3
1405540 949.3
1405550 947.3
1405560 944.4
1405570 944.4
1405580 942.3
1405590 940.8
1405600 940.8
1405610 939.1
1405620 936.9
1405630 936.9
1405640 935.2
1405650 932.4
1405660 928.1
1405670 928.1
1405680 927.5
1405690 926.6
1405700 926.6
1405710 922.8
1405720 920.0
1405730 920.0
1405740 920.6
1405750 921.7
1405760 921.7
1405770 922.8
1405780 921.8
1405790 921.8
1405800 918.5
1405810 914.6
1405820 914.6
1405830 910.3
1405840 906.6
1405850 906.6
1405860 903.7
1405870 899.8
1405880 899.8
1405890 896.8
1405900 893.7
1405910 893.7
1405920 890.4
1405930 885.9
1405940 885.9
1405950 880.3
1405960 874.6
1405970 874.6
1405980 870.1
1405990 865.3
1406000 865.3
1406010 861.6
1406020 858.5
1406030 858.5
1406040 856.5
1406050 855.6
1406060 852.7
1406070 852.7
1406080 847.5
1406090 844.8
1406100 844.8
1406110 841.9
1406120 839.6
1406130 839.6
1406140 837.1
1406150 836.3
1406160 836.3
1406170 837.1
1406180 835.9
1406190 835.9
1406200 833.2
1406210 834.2
1406220 834.2
1406230 833.1
1406240 828.2
1406250 828.2
1406260 822.7
1406270 817.4
1406280 817.4
1406290 812.5
1406300 807.4
1406310 807.4
1406320 790.0
1406330 781.8
1406340 781.8
1406350 773.1
1406360 760.7
1406370 760.7
1406380 752.8
1406390 748.9
1406400 748.9
1406410 748.2
1406420 747.8
1406430 747.8
1406440 747.3
1406450 747.0
1406460 747.4
1406470 747.4
1406480 747.6
1406490 747.5
1406500 747.5
1406510 747.3
1406520 747.2
1406530 747.2
1406540 746.9
1406550 748.9
1406560 748.9
1406570 749.7
1406580 749.4
1406590 749.4
1406600 748.9
1406610 748.5
1406620 748.5
1406630 748.8
1406640 748.9
1406650 748.9
1406660 748.5
1406670 748.5
1406680 748.5
1406690 748.4
1406700 748.3
1406710 748.3
1406720 748.5
1406730 750.3
1406740 750.3
1406750 753.5
1406760 757.8
1406770 757.8
1406780 762.5
1406790 767.2
1406800 767.2
1406810 771.4
1406820 776.0
1406830 776.0
1406840 781.4
1406850 787.1
1406860 787.1
1406870 795.1
1406880 801.6
1406890 803.3
1406900 803.3
1406910 805.9
1406920 807.9
1406930 807.9
1406940 813.5
1406950 819.1
1406960 819.1
1406970 824.8
1406980 831.0
1406990 831.0
1407000 837.9
1407010 845.1
1407020 845.1
1407030 852.1
1407040 858.6
1407050 858.6
1407060 862.0
1407070 858.5
1407080 858.5
1407090 854.2
1407100 845.2
1407110 845.2
1407120 840.9
1407130 843.4
1407140 843.4
1407150 848.4
1407160 855.3
1407170 855.3
1407180 861.0
1407190 866.0
1407200 866.0
1407210 872.4
1407220 879.0
1407230 879.0
1407240 886.2
1407250 893.3
1407260 893.3
1407270 899.9
1407280 903.9
1407290 905.4
1407300 905.4
1407310 908.4
1407320 911.6
1407330 911.6
1407340 912.6
1407350 913.5
1407360 913.5
1407370 916.3
1407380 920.3
1407390 920.3
1407400 925.1
1407410 928.9
1407420 928.9
1407430 933.5
1407440 938.9
1407450 938.9
1407460 943.9
1407470 948.8
1407480 948.8
1407490 953.6
1407500 957.8
1407510 957.8
1407520 961.4
1407530 965.0
1407540 965.0
1407550 968.5
1407560 972.1
1407570 972.1
1407580 975.7
1407590 979.2
1407600 979.2
1407610 983.0
1407620 986.1
1407630 986.1
1407640 988.6
1407650 991.3
1407660 991.3
1407670 993.2
1407680 996.4
1407690 1000.0
1407700 1000.0
1407710 1002.2
1407720 1005.5
1407730 1005.5
1407740 1008.9
1407750 1011.8
1407760 1011.8
1407770 1014.8
1407780 1017.8
1407790 1017.8
1407800 1021.2
1407810 1024.2
1407820 1024.2
1407830 1027.1
1407840 1029.8
1407850 1029.8
1407860 1032.3
1407870 1034.9
1407880 1034.9
1407890 1038.0
1407900 1041.4
1407910 1041.4
1407920 1044.2
1407930 1047.1
1407940 1047.1
1407950 1048.9
1407960 1048.3
1407970 1055.1
1407980 1055.2
1407990 1056.2
1408000 1056.2
1408010 1058.8
1408020 1066.6
1408030 1066.6
1408040 1072.1
1408050 1076.8
1408060 1076.8
1408070 1080.3
1408080 1083.8
1408090 1087.6
1408100 1087.6
1408110 1092.8
1408120 1098.4
1408130 1098.4
1408140 1104.7
1408150 1110.8
1408160 1110.8
1408170 1116.1
1408180 1121.5
1408190 1121.5
1408200 1128.6
1408210 1136.6
1408220 1136.6
1408230 1145.6
1408240 1154.4
1408250 1154.4
1408260 1162.3
1408270 1170.2
1408280 1170.2
1408290 1179.0
1408300 1189.0
1408310 1189.0
1408320 1196.1
1408330 1203.0
1408340 1203.0
1408350 1209.1
1408360 1211.6
1408370 1211.6
1408380 1212.5
1408390 1213.7
1408400 1213.7
1408410 1215.6
1408420 1218.1
1408430 1218.1
1408440 1218.2
1408450 1215.8
1408460 1215.8
1408470 1212.4
1408480 1210.3
1408490 1210.3
1408500 1209.0
1408510 1207.5
1408520 1205.2
1408530 1205.2
1408540 1202.4
1408550 1199.1
1408560 1199.1
1408570 1195.7
1408580 1193.2
1408590 1193.2
1408600 1191.6
1408610 1188.8
1408620 1188.8
1408630 1185.6
1408640 1184.2
1408650 1184.2
1408660 1182.7
1408670 1180.9
1408680 1180.9
1408690 1179.3
1408700 1176.9
1408710 1176.9
1408720 1175.1
1408730 1172.9
1408740 1172.9
1408750 1170.7
1408760 1167.8
1408770 1167.8
1408780 1164.6
1408790 1160.3
1408800 1160.3
1408810 1158.4
1408820 1152.7
1408830 1152.7
1408840 1147.5
1408850 1142.6
1408860 1142.6
1408870 1138.2
1408880 1133.6
1408890 1133.6
1408900 1128.9
1408910 1123.4
1408920 1118.9
1408930 1118.9
1408940 1114.9
1408950 1110.6
1408960 1110.6
1408970 1106.3
1408980 1101.6
1408990 1101.6
1409000 1097.2
1409010 1092.6
1409020 1092.6
1409030 1088.5
1409040 1083.3
1409050 1083.3
1409060 1077.4
1409070 1072.3
1409080 1072.3
1409090 1067.9
1409100 1063.0
1409110 1063.0
1409120 1058.8
1409130 1054.5
1409140 1054.5
1409150 1051.0
1409160 1048.0
1409170 1048.0
1409180 1042.9
1409190 1036.3
1409200 1036.3
1409210 1029.5
1409220 1023.4
1409230 1023.4
1409240 1017.2
1409250 1013.6
1409260 1013.6
1409270 1006.8
1409280 1000.0
1409290 1000.0
1409300 994.4
1409310 989.5
1409320 983.7
1409330 983.7
1409340 978.5
1409350 974.5
1409360 974.5
1409370 967.7
1409380 959.5
1409390 959.5
1409400 953.5
1409410 945.2
1409420 945.2
1409430 939.0
1409440 934.1
1409450 934.1
1409460 927.4
1409470 918.7
1409480 918.7
1409490 911.6
1409500 904.9
1409510 904.9
1409520 898.7
1409530 893.1
1409540 893.1
1409550 888.2
1409560 883.8
1409570 883.8
1409580 878.7
1409590 878.8
1409600 878.8
1409610 883.4
1409620 890.9
1409630 890.9
1409640 899.5
1409650 903.8
1409660 910.4
1409670 907.8
1409680 905.6
1409690 905.6
1409700 902.8
1409710 906.3
1409720 914.5
1409730 914.5
1409740 922.5
1409750 930.7
1409760 930.7
1409770 940.1
1409780 949.0
1409790 949.0
1409800 953.7
1409810 956.0
1409820 956.0
1409830 957.6
1409840 959.0
1409850 959.0
1409860 961.2
1409870 965.2
1409880 965.2
1409890 969.7
1409900 973.8
1409910 973.8
1409920 977.1
1409930 980.1
1409940 980.1
1409950 982.6
1409960 986.4
1409970 986.4
1409980 991.1
1409990 995.6
1410000 995.6
1410010 1000.2
1410020 1005.1
1410030 1005.1
1410040 1010.3
1410050 1016.4
1410060 1016.4
1410070 1023.8
1410080 1031.2
1410090 1031.2
1410100 1037.9
1410110 1044.0
1410120 1044.0
1410130 1050.7
1410140 1056.7
1410150 1062.8
1410160 1062.8
1410170 1069.3
1410180 1075.6
1410190 1075.6
1410200 1082.0
1410210 1088.7
1410220 1088.7
1410230 1095.0
1410240 1099.8
1410250 1099.8
1410260 1104.5
1410270 1110.2
1410280 1110.2
1410290 1116.1
1410300 1122.0
1410310 1122.0
1410320 1128.0
1410330 1134.3
1410340 1134.3
1410350 1141.4
1410360 1148.1
1410370 1148.1
1410380 1155.1
1410390 1161.6
1410400 1161.6
1410410 1168.0
1410420 1173.9
1410430 1173.9
1410440 1179.8
1410450 1185.5
1410460 1185.5
1410470 1190.1
1410480 1194.3
1410490 1194.3
1410500 1199.0
1410510 1203.1
1410520 1203.1
1410530 1206.9
1410540 1210.7
1410550 1214.8
1410560 1214.8
1410570 1219.2
1410580 1223.0
1410590 1223.0
1410600 1226.9
1410610 1231.8
1410620 1231.8
1410630 1236.4
1410640 1240.3
1410650 1240.3
1410660 1243.2
1410670 1245.5
1410680 1245.5
1410690 1247.4
1410700 1248.8
1410710 1248.8
1410720 1249.4
1410730 1249.2
1410740 1249.2
1410750 1248.1
1410760 1246.4
1410770 1246.4
1410780 1244.5
1410790 1242.9
1410800 1242.9
1410810 1241.2
1410820 1239.7
1410830 1239.7
1410840 1237.9
1410850 1236.0
1410860 1236.0
1410870 1234.3
1410880 1232.0
1410890 1232.0
1410900 1229.3
1410910 1226.7
1410920 1226.7
1410930 1224.7
1410940 1222.9
1410950 1221.4
1410960 1221.4
1410970 1219.8
1410980 1218.2
1410990 1218.2
1411000 1215.2
1411010 1211.4
1411020 1211.4
1411030 1207.7
1411040 1205.2
1411050 1205.2
1411060 1202.8
1411070 1200.5
1411080 1200.5
1411090 1198.0
1411100 1195.2
1411110 1195.2
1411120 1192.1
1411130 1188.5
1411140 1188.5
1411150 1185.8
1411160 1182.7
1411170 1182.7
1411180 1179.5
1411190 1176.3
1411200 1176.3
1411210 1173.7
1411220 1170.8
1411230 1170.8
1411240 1167.3
1411250 1163.6
1411260 1163.6
1411270 1159.3
1411280 1154.6
1411290 1154.6
1411300 1150.1
1411310 1146.2
1411320 1146.2
1411330 1142.4
1411340 1138.3
1411350 1133.4
1411360 1133.4
1411370 1127.3
1411380 1120.9
1411390 1120.9
1411400 1113.2
1411410 1106.5
1411420 1106.5
1411430 1100.0
1411440 1093.3
1411450 1093.3
1411460 1086.3
1411470 1080.7
1411480 1080.7
1411490 1075.1
1411500 1069.0
1411510 1069.0
1411520 1062.2
1411530 1056.1
1411540 1056.1
1411550 1051.0
1411560 1045.5
1411570 1045.5
1411580 1038.2
1411590 1031.4
1411600 1031.4
1411610 1025.2
1411620 1019.1
1411630 1019.1
1411640 1012.6
1411650 1006.1
1411660 1006.1
1411670 999.3
1411680 993.0
1411690 993.0
1411700 987.1
1411710 981.8
1411720 981.8
1411730 979.0
1411740 975.5
1411750 969.6
1411760 969.6
1411770 964.8
1411780 959.2
1411790 959.2
1411800 953.7
1411810 946.8
1411820 946.8
1411830 942.7
1411840 943.3
1411850 943.3
1411860 947.1
1411870 954.5
1411880 954.5
1411890 958.4
1411900 961.2
1411910 961.2
1411920 964.9
1411930 967.8
1411940 967.8
1411950 970.3
1411960 972.6
1411970 972.6
1411980 974.6
1411990 976.1
1412000 976.1
1412010 977.3
1412020 978.2
1412030 978.2
1412040 977.0
1412050 976.5
1412060 976.5
1412070 976.9
1412080 977.2
1412090 977.2
1412100 977.4
1412110 977.8
1412120 977.8
1412130 980.3
1412140 982.5
1412150 982.5
1412160 987.2
1412170 992.6
1412180 996.5
1412190 996.5
1412200 998.4
1412210 998.8
1412220 998.8
1412230 997.5
1412240 994.4
1412250 994.4
1412260 991.4
1412270 989.0
1412280 989.0
1412290 986.8
1412300 983.3
1412310 983.3
1412320 976.7
1412330 972.2
1412340 972.2
1412350 970.5
1412360 968.8
1412370 968.8
1412380 966.6
1412390 964.8
1412400 964.8
1412410 964.5
1412420 964.4
1412430 964.4
1412440 962.3
1412450 959.8
1412460 959.8
1412470 958.3
1412480 956.9
1412490 956.9
1412500 956.3
1412510 955.3
1412520 955.3
1412530 954.3
1412540 953.0
1412550 953.0
1412560 952.2
1412570 951.1
1412580 947.9
1412590 947.9
1412600 947.6
1412610 948.7
1412620 948.7
1412630 946.7
1412640 942.3
1412650 942.3
1412660 935.9
1412670 930.6
1412680 930.6
1412690 927.8
1412700 929.5
1412710 929.5
1412720 927.6
1412730 929.5
1412740 929.5
1412750 928.6
1412760 926.6
1412770 926.6
1412780 924.9
1412790 922.5
1412800 922.5
1412810 921.1
1412820 919.9
1412830 919.9
1412840 918.8
1412850 917.2
1412860 917.2
1412870 915.8
1412880 914.1
1412890 914.1
1412900 912.4
1412910 910.9
1412920 910.9
1412930 911.0
1412940 911.0
1412950 911.0
1412960 909.0
1412970 906.5
1412980 904.8
1412990 904.8
1413000 901.2
1413010 897.7
1413020 897.7
1413030 894.9
1413040 892.1
1413050 892.1
1413060 890.0
1413070 888.2
1413080 888.2
1413090 885.5
1413100 882.9
1413110 882.9
1413120 880.2
1413130 878.3
1413140 878.3
1413150 877.2
1413160 876.9
1413170 880.3
1413180 879.6
1413190 875.0
1413200 875.0
1413210 870.7
1413220 868.2
1413230 868.2
1413240 864.8
1413250 862.5
1413260 862.5
1413270 862.4
1413280 860.7
1413290 860.7
1413300 857.1
1413310 857.8
1413320 857.8
1413330 865.4
1413340 867.4
1413350 867.4
1413360 869.1
1413370 870.8
1413380 871.7
1413390 871.7
1413400 875.6
1413410 881.4
1413420 881.4
1413430 888.2
1413440 895.1
1413450 895.1
1413460 901.7
1413470 909.7
1413480 909.7
1413490 920.0
1413500 929.1
1413510 929.1
1413520 935.5
1413530 941.2
1413540 941.2
1413550 945.4
1413560 947.0
1413570 947.0
1413580 947.7
1413590 946.4
1413600 946.4
1413610 945.5
1413620 943.6
1413630 943.6
1413640 941.9
1413650 942.6
1413660 942.6
1413670 943.3
1413680 941.0
1413690 941.0
1413700 941.9
1413710 947.6
1413720 947.6
1413730 958.3
1413740 970.9
1413750 970.9
1413760 982.3
1413770 993.2
1413780 993.2
1413790 1000.0
1413800 1005.2
1413810 1013.5
1413820 1013.5
1413830 1015.4
1413840 1016.5
1413850 1016.5
1413860 1015.9
1413870 1014.1
1413880 1014.1
1413890 1013.8
1413900 1014.9
1413910 1014.9
1413920 1016.0
1413930 1015.2
1413940 1015.2
1413950 1015.2
1413960 1014.9
1413970 1014.9
1413980 1015.4
1413990 1015.4
1414000 1015.4
1414010 1013.6
1414020 1013.4
1414030 1013.4
1414040 1012.9
1414050 1012.3
1414060 1012.3
1414070 1011.9
1414080 1006.4
1414090 1006.4
1414100 1001.6
1414110 997.2
1414120 997.2
1414130 994.0
1414140 993.0
1414150 993.0
1414160 991.5
1414170 988.9
1414180 988.9
1414190 980.5
1414200 972.0
1414210 954.7
1414220 954.7
1414230 940.8
1414240 928.3
1414250 928.3
1414260 918.1
1414270 909.4
1414280 909.4
1414290 900.3
1414300 890.8
1414310 890.8
1414320 881.1
1414330 874.5
1414340 874.5
1414350 867.7
1414360 861.3
1414370 861.3
1414380 854.8
1414390 849.0
1414400 849.0
1414410 842.2
1414420 835.0
1414430 835.0
1414440 828.6
1414450 824.4
1414460 824.4
1414470 820.4
1414480 818.3
1414490 818.3
1414500 817.5
1414510 817.5
1414520 817.5
1414530 818.9
1414540 822.4
1414550 822.4
1414560 828.4
1414570 839.5
1414580 839.5
1414590 848.1
1414600 857.2
1414610 867.3
1414620 867.3
1414630 877.4
1414640 884.8
1414650 884.8
1414660 889.3
1414670 891.6
1414680 891.6
1414690 892.6
1414700 893.0
1414710 893.0
1414720 893.9
1414730 894.6
1414740 894.6
1414750 895.1
1414760 896.3
1414770 896.3
1414780 897.0
1414790 897.3
1414800 897.3
1414810 898.9
1414820 899.4
1414830 899.4
1414840 899.7
1414850 899.6
1414860 899.6
1414870 900.4
1414880 900.3
1414890 900.3
1414900 898.8
1414910 898.9
1414920 898.9
1414930 901.0
1414940 903.7
1414950 903.7
1414960 906.8
1414970 910.2
1414980 910.2
1414990 904.8
1415000 907.4
1415010 910.1
1415020 910.1
1415030 912.4
1415040 912.9
1415050 912.9
1415060 911.9
1415070 912.7
1415080 912.7
1415090 914.6
1415100 916.7
1415110 916.7
1415120 918.5
1415130 918.3
1415140 918.3
1415150 917.1
1415160 916.6
1415170 916.6
1415180 916.5
1415190 917.0
1415200 917.0
1415210 919.0
1415220 919.1
1415230 919.1
1415240 919.4
1415250 920.0
1415260 920.0
1415270 921.8
1415280 925.5
1415290 925.5
1415300 930.4
1415310 930.2
1415320 930.2
1415330 931.9
1415340 935.5
1415350 935.5
1415360 939.3
1415370 943.4
1415380 943.4
1415390 947.0
1415400 947.5
1415410 947.5
1415420 949.2
1415430 952.8
1415440 957.3
1415450 957.3
1415460 963.4
1415470 970.4
1415480 970.4
1415490 985.9
1415500 1004.1
1415510 1004.1
1415520 1012.7
1415530 1013.0
1415540 1013.0
1415550 1018.6
1415560 1021.0
1415570 1021.0
1415580 1020.6
1415590 1017.0
1415600 1017.0
1415610 1014.3
1415620 1013.0
1415630 1013.0
1415640 1012.1
1415650 1010.9
1415660 1010.9
1415670 1015.7
1415680 1018.0
1415690 1018.0
1415700 1018.9
1415710 1020.4
1415720 1020.4
1415730 1019.5
1415740 1014.2
1415750 1014.2
1415760 1007.2
1415770 998.0
1415780 998.0
1415790 989.0
1415800 986.1
1415810 986.1
1415820 980.4
1415830 971.0
1415840 964.4
1415850 964.4
1415860 963.1
1415870 960.0
1415880 960.0
1415890 956.7
1415900 953.3
1415910 953.3
1415920 948.9
1415930 942.9
1415940 942.9
1415950 937.8
1415960 930.1
1415970 930.1
1415980 921.2
1415990 917.8
1416000 917.8
1416010 920.5
1416020 918.6
1416030 918.6
1416040 912.9
1416050 906.5
1416060 906.5
1416070 903.7
1416080 900.5
1416090 900.5
1416100 900.0
1416110 896.7
1416120 896.7
1416130 891.2
1416140 886.9
1416150 886.9
1416160 879.0
1416170 870.1
1416180 870.1
1416190 867.2
1416200 865.7
1416210 865.7
1416220 863.8
1416230 855.8
1416240 849.8
1416250 849.8
1416260 845.7
1416270 845.5
1416280 845.5
1416290 845.9
1416300 844.9
1416310 844.9
1416320 842.2
1416330 839.4
1416340 839.4
1416350 838.7
1416360 835.3
1416370 835.3
1416380 831.9
1416390 829.3
1416400 829.3
1416410 825.1
1416420 820.8
1416430 820.8
1416440 816.6
1416450 812.1
1416460 812.1
1416470 811.9
1416480 808.1
1416490 808.1
1416500 804.5
1416510 801.2
1416520 801.2
1416530 794.7
1416540 788.4
1416550 788.4
1416560 779.4
1416570 769.7
1416580 769.7
1416590 756.5
1416600 739.2
1416610 739.2
1416620 725.3
1416630 712.3
1416640 697.4
1416650 697.4
1416660 684.7
1416670 670.6
1416680 670.6
1416690 660.4
1416700 654.4
1416710 654.4
1416720 648.3
1416730 641.8
1416740 641.8
1416750 630.5
1416760 616.4
1416770 616.4
1416780 603.9
1416790 595.2
1416800 595.2
1416810 584.3
1416820 576.8
1416830 576.8
1416840 560.1
1416850 553.8
1416860 553.8
1416870 550.1
1416880 545.5
1416890 545.5
1416900 545.2
1416910 545.5
1416920 545.5
1416930 548.7
1416940 553.9
1416950 553.9
1416960 562.0
1416970 572.2
1416980 572.2
1416990 591.1
1417000 615.4
1417010 615.4
1417020 642.6
1417030 655.0
1417040 666.5
1417050 666.5
1417060 674.8
1417070 677.7
1417080 677.7
1417090 682.3
1417100 686.8
1417110 686.8
1417120 685.5
1417130 685.7
1417140 685.7
1417150 685.8
1417160 685.2
1417170 685.2
1417180 683.8
1417190 680.6
1417200 680.6
1417210 674.8
1417220 665.4
1417230 665.4
1417240 662.6
1417250 665.8
1417260 665.8
1417270 671.4
1417280 673.8
1417290 673.8
1417300 674.7
1417310 678.2
1417320 678.2
1417330 682.5
1417340 685.9
1417350 685.9
1417360 688.8
1417370 693.6
1417380 693.6
1417390 698.1
1417400 702.6
1417410 702.6
1417420 708.7
1417430 716.4
1417440 716.4
1417450 721.9
1417460 726.0
1417470 724.5
1417480 724.5
1417490 724.6
1417500 726.8
1417510 726.8
1417520 729.1
1417530 732.3
1417540 732.3
1417550 736.4
1417560 740.8
1417570 740.8
1417580 744.3
1417590 746.2
1417600 746.2
1417610 747.3
1417620 747.6
1417630 747.6
1417640 747.2
1417650 745.7
1417660 745.7
1417670 744.0
1417680 741.9
1417690 741.9
1417700 739.9
1417710 735.6
1417720 735.6
1417730 729.9
1417740 720.7
1417750 720.7
1417760 714.2
1417770 709.8
1417780 709.8
1417790 706.3
1417800 703.2
1417810 703.2
1417820 700.7
1417830 699.0
1417840 699.0
1417850 697.5
1417860 696.7
1417870 695.5
1417880 695.5
1417890 695.7
1417900 694.9
1417910 694.9
1417920 694.5
1417930 694.2
1417940 694.2
1417950 693.8
1417960 693.6
1417970 693.6
1417980 693.5
1417990 693.0
1418000 693.0
1418010 691.9
1418020 690.6
1418030 690.6
1418040 691.1
1418050 691.9
1418060 691.9
1418070 692.3
1418080 692.2
1418090 692.2
1418100 691.6
1418110 690.1
1418120 690.1
1418130 688.3
1418140 687.7
1418150 687.7
1418160 689.2
1418170 690.3
1418180 690.3
1418190 690.4
1418200 690.3
1418210 690.3
1418220 687.8
1418230 686.8
1418240 686.8
1418250 684.7
1418260 678.9
1418270 672.4
1418280 672.4
1418290 663.7
1418300 653.5
1418310 653.5
1418320 650.6
1418330 653.8
1418340 653.8
1418350 662.8
1418360 672.3
1418370 672.3
1418380 681.5
1418390 688.5
1418400 688.5
1418410 694.3
1418420 699.0
1418430 699.0
1418440 702.4
1418450 704.2
1418460 704.2
1418470 706.0
1418480 708.7
1418490 708.7
1418500 710.9
1418510 712.7
1418520 712.7
1418530 713.2
1418540 709.6
1418550 709.6
1418560 704.2
1418570 701.7
1418580 701.7
1418590 703.7
1418600 707.5
1418610 707.5
1418620 707.1
1418630 707.6
1418640 707.6
1418650 709.3
1418660 710.3
1418670 709.6
1418680 709.6
1418690 711.2
1418700 716.6
1418710 716.6
1418720 717.6
1418730 720.2
1418740 720.2
1418750 726.2
1418760 734.5
1418770 736.2
1418780 744.2
1418790 750.5
1418800 750.5
1418810 758.1
1418820 765.4
1418830 765.4
1418840 772.4
1418850 779.8
1418860 779.8
1418870 787.5
1418880 794.2
1418890 794.2
1418900 800.0
1418910 805.5
1418920 805.5
1418930 811.9
1418940 817.7
1418950 817.7
1418960 822.9
1418970 828.5
1418980 828.5
1418990 833.8
1419000 835.3
1419010 835.3
1419020 834.6
1419030 834.4
1419040 834.4
1419050 836.3
1419060 838.5
1419070 838.5
1419080 841.7
1419090 846.8
1419100 853.0
1419110 853.0
1419120 859.5
1419130 862.8
1419140 862.8
1419150 863.4
1419160 863.1
1419170 863.1
1419180 862.6
1419190 861.2
1419200 861.2
1419210 860.2
1419220 858.0
1419230 858.0
1419240 854.8
1419250 852.8
1419260 852.8
1419270 851.9
1419280 850.8
1419290 850.8
1419300 850.6
1419310 851.1
1419320 851.1
1419330 852.1
1419340 853.1
1419350 853.1
1419360 854.2
1419370 854.6
1419380 854.6
1419390 854.6
1419400 854.0
1419410 854.0
1419420 853.0
1419430 851.4
1419440 851.4
1419450 849.3
1419460 846.9
1419470 846.9
1419480 844.2
1419490 842.2
1419500 840.8
1419510 840.8
1419520 841.6
1419530 844.5
1419540 844.5
1419550 846.1
1419560 846.2
1419570 846.2
1419580 845.5
1419590 841.7
1419600 841.7
1419610 837.7
1419620 835.9
1419630 835.9
1419640 837.5
1419650 841.5
1419660 841.5
1419670 847.0
1419680 850.2
1419690 850.2
1419700 849.0
1419710 846.5
1419720 846.5
1419730 844.5
1419740 843.6
1419750 843.6
1419760 843.6
1419770 838.4
1419780 838.4
1419790 831.8
1419800 829.3
1419810 829.3
1419820 829.3
1419830 830.1
1419840 830.1
1419850 830.5
1419860 832.5
1419870 832.5
1419880 834.8
1419890 837.9
1419900 841.0
1419910 841.0
1419920 844.0
1419930 847.1
1419940 847.1
1419950 851.4
1419960 855.2
1419970 855.2
1419980 855.3
1419990 854.7
