1400000 1412.0
1400010 1412.0
1400020 1412.2
1400030 1411.0
1400040 1411.0
1400050 1409.2
1400060 1407.9
1400070 1407.9
1400080 1406.7
1400090 1405.3
1400100 1405.3
1400110 1403.8
1400120 1402.2
1400130 1402.2
1400140 1400.6
1400150 1398.4
1400160 1398.4
1400170 1394.8
1400180 1390.6
1400190 1390.6
1400200 1385.9
1400210 1381.3
1400220 1381.3
1400230 1377.1
1400240 1373.4
1400250 1373.4
1400260 1370.4
1400270 1367.5
1400280 1367.5
1400290 1365.0
1400300 1363.1
1400310 1361.0
1400320 1361.0
1400330 1359.3
1400340 1358.0
1400350 1358.0
1400360 1356.7
1400370 1355.2
1400380 1355.2
1400390 1353.3
1400400 1351.4
1400410 1351.4
1400420 1349.3
1400430 1346.5
1400440 1346.5
1400450 1342.4
1400460 1339.9
1400470 1339.9
1400480 1339.9
1400490 1340.2
1400500 1340.2
1400510 1339.3
1400520 1338.1
1400530 1338.1
1400540 1336.5
1400550 1334.3
1400560 1334.3
1400570 1331.7
1400580 1329.2
1400590 1331.0
1400600 1328.5
1400610 1324.3
1400620 1324.3
1400630 1320.0
1400640 1315.8
1400650 1315.8
1400660 1311.2
1400670 1307.6
1400680 1307.6
1400690 1305.0
1400700 1300.7
1400710 1296.1
1400720 1296.1
1400730 1291.0
1400740 1285.2
1400750 1285.2
1400760 1279.6
1400770 1273.6
1400780 1273.6
1400790 1268.5
1400800 1263.7
1400810 1263.7
1400820 1259.0
1400830 1252.9
1400840 1252.9
1400850 1247.6
1400860 1240.9
1400870 1240.9
1400880 1234.9
1400890 1228.8
1400900 1228.8
1400910 1223.6
1400920 1219.4
1400930 1219.4
1400940 1214.0
1400950 1208.7
1400960 1208.7
1400970 1204.6
1400980 1200.7
1400990 1200.7
1401000 1195.7
1401010 1193.7
1401020 1193.7
1401030 1192.0
1401040 1189.4
1401050 1189.4
1401060 1186.1
1401070 1184.0
1401080 1184.0
1401090 1181.5
1401100 1179.4
1401110 1177.9
1401120 1177.9
1401130 1174.4
1401140 1170.2
1401150 1170.2
1401160 1166.4
1401170 1163.8
1401180 1163.8
1401190 1161.1
1401200 1159.5
1401210 1159.5
1401220 1157.3
1401230 1154.7
1401240 1154.7
1401250 1152.8
1401260 1152.2
1401270 1152.2
1401280 1150.0
1401290 1148.6
1401300 1148.6
1401310 1147.5
1401320 1146.7
1401330 1146.7
1401340 1145.2
1401350 1143.1
1401360 1143.1
1401370 1140.1
1401380 1135.7
1401390 1135.7
1401400 1133.5
1401410 1132.3
1401420 1132.3
1401430 1130.9
1401440 1129.5
1401450 1129.5
1401460 1127.5
1401470 1127.1
1401480 1127.1
1401490 1126.8
1401500 1126.4
1401510 1125.7
1401520 1125.7
1401530 1124.9
1401540 1123.6
1401550 1123.6
1401560 1122.6
1401570 1121.8
1401580 1121.8
1401590 1121.2
1401600 1120.1
1401610 1120.1
1401620 1118.1
1401630 1116.0
1401640 1116.0
1401650 1114.4
1401660 1112.6
1401670 1112.6
1401680 1110.1
1401690 1107.5
1401700 1107.5
1401710 1104.5
1401720 1102.4
1401730 1102.4
1401740 1099.9
1401750 1097.1
1401760 1097.1
1401770 1092.5
1401780 1088.4
1401790 1088.4
1401800 1083.6
1401810 1079.5
1401820 1079.5
1401830 1075.6
1401840 1073.4
1401850 1073.4
1401860 1071.7
1401870 1067.2
1401880 1067.2
1401890 1062.4
1401900 1059.8
1401910 1059.8
1401920 1057.4
1401930 1056.0
1401940 1055.0
1401950 1055.0
1401960 1054.0
1401970 1053.1
1401980 1053.1
1401990 1052.5
1402000 1050.8
1402010 1050.8
1402020 1049.4
1402030 1047.9
1402040 1047.9
1402050 1045.3
1402060 1042.2
1402070 1042.2
1402080 1039.3
1402090 1036.1
1402100 1036.1
1402110 1033.8
1402120 1031.6
1402130 1031.6
1402140 1028.9
1402150 1028.0
1402160 1028.0
1402170 1027.1
1402180 1026.9
1402190 1026.9
1402200 1026.7
1402210 1024.8
1402220 1024.8
1402230 1022.7
1402240 1021.7
1402250 1021.7
1402260 1020.6
1402270 1018.9
1402280 1018.9
1402290 1017.4
1402300 1017.1
1402310 1017.1
1402320 1016.9
1402330 1015.8
1402340 1014.1
1402350 1014.1
1402360 1012.4
1402370 1011.1
1402380 1011.1
1402390 1009.8
1402400 1008.7
1402410 1008.7
1402420 1007.9
1402430 1006.0
1402440 1006.0
1402450 1005.0
1402460 1003.1
1402470 1003.1
1402480 1001.2
1402490 998.2
1402500 998.2
1402510 996.5
1402520 995.4
1402530 995.4
1402540 994.3
1402550 991.0
1402560 991.0
1402570 985.9
1402580 981.8
1402590 981.8
1402600 979.6
1402610 979.8
1402620 979.8
1402630 980.2
1402640 980.4
1402650 980.4
1402660 977.9
1402670 974.1
1402680 974.1
1402690 968.9
1402700 964.3
1402710 964.3
1402720 959.4
1402730 955.1
1402740 951.7
1402750 951.7
1402760 949.3
1402770 946.4
1402780 946.4
1402790 946.6
1402800 949.4
1402810 949.4
1402820 953.6
1402830 954.9
1402840 954.9
1402850 953.5
1402860 953.2
1402870 953.2
1402880 953.4
1402890 952.9
1402900 952.9
1402910 951.8
1402920 951.1
1402930 951.1
1402940 950.2
1402950 949.1
1402960 949.1
1402970 947.9
1402980 945.2
1402990 945.2
1403000 941.8
1403010 938.8
1403020 938.8
1403030 935.9
1403040 933.7
1403050 933.7
1403060 933.1
1403070 931.2
1403080 931.2
1403090 928.5
1403100 926.1
1403110 926.1
1403120 923.2
1403130 920.0
1403140 917.6
1403150 917.6
1403160 915.6
1403170 913.9
1403180 913.9
1403190 913.7
1403200 912.1
1403210 912.1
1403220 910.5
1403230 906.8
1403240 906.8
1403250 901.2
1403260 896.0
1403270 896.0
1403280 893.7
1403290 890.7
1403300 890.7
1403310 887.9
1403320 886.1
1403330 886.1
1403340 881.6
1403350 877.9
1403360 877.9
1403370 873.2
1403380 869.1
1403390 869.1
1403400 868.2
1403410 866.6
1403420 866.6
1403430 865.6
1403440 864.6
1403450 864.6
1403460 863.7
1403470 864.4
1403480 864.4
1403490 864.9
1403500 864.8
1403510 864.8
1403520 864.7
1403530 864.3
1403540 864.3
1403550 865.2
1403560 866.2
1403570 869.8
1403580 869.8
1403590 873.5
1403600 876.6
1403610 876.6
1403620 878.4
1403630 879.8
1403640 879.8
1403650 881.9
1403660 878.6
1403670 878.6
1403680 874.2
1403690 870.6
1403700 870.6
1403710 871.4
1403720 868.6
1403730 868.6
1403740 864.9
1403750 861.8
1403760 861.8
1403770 859.5
1403780 856.7
1403790 856.7
1403800 853.3
1403810 851.1
1403820 851.1
1403830 851.2
1403840 851.8
1403850 851.8
1403860 851.5
1403870 851.2
1403880 851.2
1403890 850.9
1403900 851.8
1403910 851.8
1403920 851.2
1403930 851.5
1403940 851.5
1403950 852.9
1403960 856.1
1403970 856.1
1403980 856.1
1403990 854.5
1404000 853.4
1404010 853.4
1404020 855.0
1404030 859.0
1404040 859.0
1404050 860.9
1404060 862.8
1404070 862.8
1404080 865.4
1404090 868.1
1404100 868.1
1404110 871.5
1404120 873.4
1404130 873.4
1404140 873.4
1404150 877.1
1404160 877.1
1404170 882.2
1404180 885.9
1404190 885.9
1404200 888.5
1404210 889.0
1404220 889.0
1404230 888.9
1404240 888.1
1404250 888.1
1404260 887.6
1404270 889.4
1404280 889.4
1404290 892.0
1404300 894.6
1404310 894.6
1404320 898.1
1404330 899.9
1404340 899.9
1404350 900.4
1404360 900.6
1404370 900.0
1404380 900.0
1404390 900.2
1404400 901.8
1404410 901.8
1404420 903.0
1404430 904.1
1404440 904.1
1404450 904.9
1404460 906.8
1404470 906.8
1404480 909.6
1404490 912.0
1404500 912.0
1404510 914.0
1404520 916.0
1404530 916.0
1404540 917.7
1404550 916.8
1404560 916.8
1404570 915.2
1404580 914.9
1404590 914.9
1404600 920.6
1404610 925.7
1404620 925.7
1404630 929.8
1404640 933.5
1404650 933.5
1404660 936.7
1404670 940.1
1404680 940.1
1404690 943.4
1404700 946.8
1404710 946.8
1404720 950.0
1404730 953.3
1404740 953.3
1404750 955.7
1404760 957.8
1404770 959.8
1404780 959.8
1404790 961.4
1404800 962.0
1404810 962.0
1404820 968.5
1404830 974.3
1404840 974.3
1404850 975.1
1404860 975.1
1404870 975.1
1404880 975.2
1404890 975.2
1404900 975.2
1404910 973.5
1404920 970.5
1404930 970.5
1404940 966.9
1404950 962.8
1404960 962.8
1404970 958.7
1404980 954.4
1404990 954.4
1405000 949.9
1405010 945.3
1405020 945.3
1405030 941.0
1405040 936.6
1405050 936.6
1405060 931.9
1405070 927.1
1405080 927.1
1405090 921.9
1405100 915.9
1405110 915.9
1405120 909.9
1405130 903.1
1405140 903.1
1405150 895.4
1405160 889.8
1405170 889.8
1405180 885.3
1405190 881.0
1405200 875.9
1405210 875.9
1405220 870.6
1405230 864.9
1405240 864.9
1405250 859.3
1405260 865.3
1405270 865.3
1405280 887.3
1405290 906.2
1405300 906.2
1405310 925.2
1405320 935.4
1405330 935.4
1405340 940.8
1405350 948.4
1405360 948.4
1405370 955.4
1405380 962.2
1405390 962.2
1405400 966.5
1405410 969.6
1405420 969.6
1405430 973.0
1405440 976.0
1405450 976.0
1405460 978.4
1405470 980.4
1405480 980.4
1405490 981.4
1405500 981.9
1405510 981.9
1405520 981.7
1405530 981.3
1405540 981.3
1405550 980.6
1405560 979.3
1405570 979.3
1405580 978.2
1405590 977.3
1405600 976.1
1405610 976.1
1405620 974.8
1405630 973.4
1405640 973.4
1405650 972.3
1405660 971.0
1405670 971.0
1405680 969.3
1405690 967.1
1405700 967.1
1405710 965.1
1405720 962.8
1405730 962.8
1405740 960.7
1405750 958.7
1405760 958.7
1405770 956.4
1405780 954.4
1405790 954.4
1405800 952.3
1405810 950.0
1405820 950.0
1405830 947.2
1405840 943.3
1405850 943.3
1405860 938.6
1405870 933.7
1405880 933.7
1405890 929.7
1405900 926.4
1405910 926.4
1405920 923.6
1405930 920.6
1405940 920.6
1405950 918.1
1405960 916.2
1405970 916.2
1405980 913.3
1405990 909.9
1406000 906.7
1406010 906.7
1406020 903.7
1406030 899.9
1406040 899.9
1406050 894.5
1406060 892.1
1406070 892.1
1406080 894.0
1406090 897.4
1406100 897.4
1406110 896.4
1406120 893.2
1406130 893.2
1406140 889.8
1406150 886.1
1406160 886.1
1406170 882.6
1406180 879.7
1406190 879.7
1406200 876.7
1406210 873.6
1406220 873.6
1406230 870.6
1406240 867.5
1406250 867.5
1406260 864.0
1406270 859.3
1406280 859.3
1406290 852.1
1406300 844.3
1406310 844.3
1406320 836.5
1406330 830.1
1406340 830.1
1406350 823.4
1406360 813.6
1406370 813.6
1406380 806.6
1406390 804.6
1406400 798.8
1406410 798.8
1406420 792.4
1406430 786.1
1406440 786.1
1406450 780.4
1406460 777.5
1406470 777.5
1406480 778.0
1406490 774.1
1406500 774.1
1406510 766.8
1406520 761.1
1406530 761.1
1406540 753.6
1406550 746.1
1406560 746.1
1406570 745.1
1406580 745.5
1406590 745.5
1406600 745.9
1406610 745.5
1406620 745.5
1406630 745.0
1406640 744.8
1406650 744.8
1406660 744.7
1406670 745.3
1406680 745.3
1406690 746.3
1406700 747.0
1406710 747.0
1406720 747.4
1406730 747.2
1406740 747.2
1406750 746.9
1406760 746.6
1406770 746.6
1406780 746.8
1406790 747.1
1406800 747.1
1406810 747.6
1406820 748.0
1406830 748.9
1406840 748.9
1406850 751.8
1406860 755.4
1406870 755.4
1406880 758.0
1406890 761.5
1406900 761.5
1406910 764.5
1406920 772.4
1406930 772.4
1406940 780.5
1406950 794.3
1406960 794.3
1406970 802.6
1406980 809.8
1406990 809.8
1407000 816.8
1407010 823.5
1407020 823.5
1407030 828.4
1407040 832.5
1407050 832.5
1407060 836.6
1407070 839.4
1407080 839.4
1407090 836.2
1407100 834.7
1407110 834.7
1407120 839.5
1407130 844.5
1407140 844.5
1407150 850.7
1407160 855.4
1407170 855.4
1407180 860.9
1407190 867.6
1407200 867.6
1407210 874.6
1407220 881.8
1407230 889.2
1407240 889.2
1407250 892.8
1407260 893.2
1407270 893.2
1407280 893.5
1407290 894.3
1407300 894.3
1407310 895.5
1407320 896.6
1407330 896.6
1407340 898.6
1407350 900.9
1407360 900.9
1407370 905.4
1407380 910.4
1407390 910.4
1407400 915.6
1407410 920.5
1407420 920.5
1407430 924.4
1407440 927.5
1407450 927.5
1407460 930.9
1407470 934.2
1407480 934.2
1407490 936.7
1407500 939.6
1407510 939.6
1407520 943.0
1407530 946.2
1407540 946.2
1407550 949.6
1407560 952.8
1407570 952.8
1407580 954.2
1407590 953.9
1407600 953.9
1407610 954.6
1407620 957.0
1407630 959.6
1407640 959.6
1407650 962.7
1407660 968.1
1407670 968.1
1407680 971.9
1407690 973.3
1407700 973.3
1407710 973.8
1407720 977.6
1407730 977.6
1407740 981.1
1407750 983.7
1407760 983.7
1407770 986.5
1407780 989.9
1407790 989.9
1407800 992.4
1407810 994.9
1407820 994.9
1407830 997.6
1407840 999.7
1407850 999.7
1407860 1003.1
1407870 1006.5
1407880 1006.5
1407890 1008.0
1407900 1007.7
1407910 1007.7
1407920 1007.3
1407930 1005.7
1407940 1005.7
1407950 1010.9
1407960 1018.0
1407970 1018.0
1407980 1023.8
1407990 1030.3
1408000 1030.3
1408010 1037.1
1408020 1044.0
1408030 1047.3
1408040 1047.3
1408050 1053.4
1408060 1057.4
1408070 1057.4
1408080 1061.8
1408090 1066.3
1408100 1066.3
1408110 1069.7
1408120 1073.1
1408130 1073.1
1408140 1076.6
1408150 1081.2
1408160 1081.2
1408170 1085.6
1408180 1090.1
1408190 1090.1
1408200 1095.0
1408210 1100.0
1408220 1100.0
1408230 1106.2
1408240 1115.6
1408250 1115.6
1408260 1126.7
1408270 1134.5
1408280 1134.5
1408290 1142.4
1408300 1150.3
1408310 1150.3
1408320 1158.7
1408330 1168.4
1408340 1168.4
1408350 1179.2
1408360 1190.7
1408370 1190.7
1408380 1199.7
1408390 1204.9
1408400 1204.9
1408410 1209.1
1408420 1212.4
1408430 1212.4
1408440 1213.5
1408450 1214.0
1408460 1214.5
1408470 1214.5
1408480 1214.1
1408490 1212.9
1408500 1212.9
1408510 1210.2
1408520 1206.3
1408530 1206.3
1408540 1202.6
1408550 1198.5
1408560 1198.5
1408570 1195.2
1408580 1192.9
1408590 1192.9
1408600 1190.2
1408610 1188.4
1408620 1188.4
1408630 1185.7
1408640 1183.2
1408650 1183.2
1408660 1180.9
1408670 1177.6
1408680 1177.6
1408690 1175.4
1408700 1173.4
1408710 1173.4
1408720 1171.6
1408730 1169.9
1408740 1169.9
1408750 1168.7
1408760 1165.9
1408770 1165.9
1408780 1163.4
1408790 1160.5
1408800 1160.5
1408810 1157.2
1408820 1154.1
1408830 1154.1
1408840 1150.7
1408850 1146.8
1408860 1142.6
1408870 1142.6
1408880 1137.5
1408890 1132.3
1408900 1132.3
1408910 1126.9
1408920 1120.7
1408930 1120.7
1408940 1115.0
1408950 1110.5
1408960 1110.5
1408970 1106.8
1408980 1102.7
1408990 1102.7
1409000 1098.0
1409010 1093.9
1409020 1093.9
1409030 1089.5
1409040 1084.6
1409050 1084.6
1409060 1079.1
1409070 1073.3
1409080 1073.3
1409090 1067.8
1409100 1062.2
1409110 1062.2
1409120 1058.3
1409130 1054.7
1409140 1054.7
1409150 1050.2
1409160 1045.3
1409170 1045.3
1409180 1040.7
1409190 1036.8
1409200 1036.8
1409210 1033.3
1409220 1027.8
1409230 1027.8
1409240 1022.5
1409250 1017.2
1409260 1013.1
1409270 1013.1
1409280 1007.4
1409290 1000.3
1409300 1000.3
1409310 993.7
1409320 988.3
1409330 988.3
1409340 984.3
1409350 978.2
1409360 978.2
1409370 969.4
1409380 961.8
1409390 961.8
1409400 955.5
1409410 950.1
1409420 950.1
1409430 943.6
1409440 938.9
1409450 938.9
1409460 932.3
1409470 926.7
1409480 926.7
1409490 920.4
1409500 913.1
1409510 913.1
1409520 906.2
1409530 899.7
1409540 899.7
1409550 891.8
1409560 885.4
1409570 885.4
1409580 881.1
1409590 879.0
1409600 879.0
1409610 872.9
1409620 870.0
1409630 870.0
1409640 873.9
1409650 880.9
1409660 888.8
1409670 888.8
1409680 894.6
1409690 900.0
1409700 900.0
1409710 907.3
1409720 917.7
1409730 917.7
1409740 924.7
1409750 923.7
1409760 923.7
1409770 924.6
1409780 927.5
1409790 927.5
1409800 930.6
1409810 936.7
1409820 936.7
1409830 942.4
1409840 945.1
1409850 945.1
1409860 945.8
1409870 949.0
1409880 949.0
1409890 952.4
1409900 955.0
1409910 955.0
1409920 958.5
1409930 963.0
1409940 963.0
1409950 967.4
1409960 973.0
1409970 973.0
1409980 978.6
1409990 983.6
1410000 983.6
1410010 987.0
1410020 989.3
1410030 989.3
1410040 993.6
1410050 999.4
1410060 999.4
1410070 1005.5
1410080 1011.4
1410090 1016.5
1410100 1016.5
1410110 1021.6
1410120 1026.8
1410130 1026.8
1410140 1031.4
1410150 1036.5
1410160 1036.5
1410170 1040.8
1410180 1046.3
1410190 1046.3
1410200 1053.2
1410210 1060.1
1410220 1060.1
1410230 1067.2
1410240 1074.0
1410250 1074.0
1410260 1080.3
1410270 1087.0
1410280 1087.0
1410290 1095.3
1410300 1103.8
1410310 1103.8
1410320 1114.4
1410330 1120.2
1410340 1120.2
1410350 1127.7
1410360 1133.9
1410370 1133.9
1410380 1140.8
1410390 1147.2
1410400 1147.2
1410410 1152.8
1410420 1158.3
1410430 1158.3
1410440 1163.4
1410450 1168.6
1410460 1168.6
1410470 1173.2
1410480 1177.3
1410490 1180.7
1410500 1180.7
1410510 1183.7
1410520 1186.8
1410530 1186.8
1410540 1190.3
1410550 1194.1
1410560 1194.1
1410570 1197.6
1410580 1200.6
1410590 1200.6
1410600 1203.7
1410610 1206.6
1410620 1206.6
1410630 1210.2
1410640 1213.8
1410650 1213.8
1410660 1218.3
1410670 1223.0
1410680 1223.0
1410690 1227.2
1410700 1230.9
1410710 1230.9
1410720 1233.6
1410730 1235.6
1410740 1235.6
1410750 1237.0
1410760 1236.8
1410770 1236.8
1410780 1236.0
1410790 1235.0
1410800 1235.0
1410810 1234.1
1410820 1233.5
1410830 1233.5
1410840 1232.6
1410850 1231.3
1410860 1231.3
1410870 1229.2
1410880 1227.0
1410890 1225.5
1410900 1225.5
1410910 1223.9
1410920 1222.6
1410930 1222.6
1410940 1221.6
1410950 1220.7
1410960 1220.7
1410970 1219.2
1410980 1216.4
1410990 1216.4
1411000 1213.4
1411010 1210.7
1411020 1210.7
1411030 1207.9
1411040 1205.1
1411050 1205.1
1411060 1202.2
1411070 1198.9
1411080 1198.9
1411090 1195.9
1411100 1193.1
1411110 1193.1
1411120 1190.4
1411130 1187.2
1411140 1187.2
1411150 1184.4
1411160 1181.1
1411170 1181.1
1411180 1177.4
1411190 1173.6
1411200 1173.6
1411210 1169.8
1411220 1166.3
1411230 1166.3
1411240 1162.9
1411250 1159.4
1411260 1159.4
1411270 1156.1
1411280 1152.9
1411290 1149.8
1411300 1149.8
1411310 1146.7
1411320 1143.4
1411330 1143.4
1411340 1139.8
1411350 1135.6
1411360 1135.6
1411370 1132.0
1411380 1127.5
1411390 1127.5
1411400 1122.6
1411410 1119.0
1411420 1119.0
1411430 1112.7
1411440 1105.8
1411450 1105.8
1411460 1099.8
1411470 1094.2
1411480 1094.2
1411490 1087.9
1411500 1081.4
1411510 1081.4
1411520 1074.5
1411530 1068.1
1411540 1068.1
1411550 1062.1
1411560 1056.6
1411570 1056.6
1411580 1050.1
1411590 1043.7
1411600 1043.7
1411610 1036.7
1411620 1029.9
1411630 1029.9
1411640 1022.8
1411650 1014.7
1411660 1014.7
1411670 1007.2
1411680 1000.4
1411690 1000.4
1411700 994.1
1411710 987.3
1411720 980.5
1411730 980.5
1411740 973.7
1411750 967.5
1411760 967.5
1411770 960.6
1411780 952.6
1411790 952.6
1411800 947.4
1411810 940.7
1411820 940.7
1411830 935.8
1411840 933.0
1411850 933.0
1411860 928.4
1411870 924.0
1411880 924.0
1411890 922.9
1411900 928.0
1411910 928.0
1411920 935.2
1411930 940.2
1411940 940.2
1411950 943.3
1411960 945.8
1411970 945.8
1411980 947.2
1411990 948.6
1412000 948.6
1412010 949.7
1412020 951.3
1412030 951.3
1412040 952.3
1412050 953.3
1412060 953.3
1412070 959.4
1412080 957.5
1412090 957.5
1412100 958.9
1412110 959.2
1412120 961.9
1412130 961.9
1412140 964.5
1412150 967.8
1412160 967.8
1412170 972.7
1412180 978.2
1412190 978.2
1412200 984.0
1412210 992.3
1412220 992.3
1412230 992.2
1412240 989.9
1412250 989.9
1412260 987.9
1412270 985.5
1412280 985.5
1412290 983.3
1412300 981.5
1412310 981.5
1412320 979.5
1412330 976.9
1412340 976.9
1412350 973.8
1412360 970.4
1412370 970.4
1412380 965.2
1412390 960.9
1412400 960.9
1412410 957.9
1412420 956.8
1412430 956.8
1412440 955.3
1412450 954.3
1412460 954.3
1412470 953.3
1412480 951.8
1412490 951.8
1412500 950.2
1412510 949.6
1412520 948.9
1412530 948.9
1412540 948.4
1412550 947.5
1412560 947.5
1412570 946.1
1412580 944.3
1412590 944.3
1412600 942.1
1412610 940.9
1412620 940.9
1412630 940.5
1412640 939.4
1412650 939.4
1412660 938.0
1412670 934.8
1412680 934.8
1412690 930.8
1412700 926.2
1412710 926.2
1412720 922.2
1412730 918.0
1412740 918.0
1412750 915.8
1412760 915.4
1412770 915.4
1412780 914.2
1412790 913.2
1412800 913.2
1412810 912.4
1412820 911.9
1412830 911.9
1412840 911.2
1412850 910.1
1412860 910.1
1412870 908.8
1412880 905.5
1412890 905.5
1412900 902.1
1412910 899.0
1412920 896.7
1412930 896.7
1412940 894.5
1412950 891.6
1412960 891.6
1412970 889.5
1412980 887.9
1412990 887.9
1413000 886.5
1413010 884.9
1413020 884.9
1413030 882.2
1413040 879.6
1413050 879.6
1413060 877.9
1413070 876.0
1413080 876.0
1413090 874.0
1413100 873.7
1413110 873.7
1413120 872.4
1413130 871.4
1413140 871.4
1413150 869.6
1413160 867.8
1413170 867.8
1413180 865.5
1413190 863.8
1413200 863.8
1413210 862.6
1413220 861.7
1413230 861.7
1413240 859.0
1413250 855.8
1413260 855.8
1413270 850.4
1413280 846.5
1413290 846.5
1413300 852.8
1413310 855.1
1413320 855.1
1413330 854.7
1413340 854.2
1413350 855.8
1413360 855.8
1413370 860.4
1413380 865.9
1413390 865.9
1413400 871.2
1413410 876.5
1413420 876.5
1413430 882.2
1413440 888.1
1413450 888.1
1413460 894.5
1413470 904.3
1413480 904.3
1413490 911.0
1413500 916.8
1413510 916.8
1413520 927.0
1413530 934.1
1413540 934.1
1413550 937.9
1413560 943.8
1413570 943.8
1413580 948.5
1413590 951.4
1413600 951.4
1413610 950.9
1413620 949.3
1413630 949.3
1413640 948.4
1413650 948.6
1413660 948.6
1413670 949.6
1413680 948.5
1413690 948.5
1413700 945.8
1413710 943.8
1413720 943.8
1413730 943.9
1413740 945.7
1413750 951.3
1413760 951.3
1413770 964.8
1413780 984.0
1413790 984.0
1413800 997.6
1413810 1004.0
1413820 1004.0
1413830 1010.4
1413840 1013.0
1413850 1013.0
1413860 1015.8
1413870 1019.1
1413880 1019.1
1413890 1021.8
1413900 1022.2
1413910 1022.2
1413920 1023.1
1413930 1023.5
1413940 1023.5
1413950 1024.0
1413960 1021.7
1413970 1021.7
1413980 1020.1
1413990 1019.3
1414000 1019.3
1414010 1019.0
1414020 1015.6
1414030 1015.6
1414040 1013.7
1414050 1008.3
1414060 1008.3
1414070 1003.0
1414080 993.6
1414090 993.6
1414100 989.6
1414110 987.6
1414120 987.6
1414130 985.5
1414140 982.5
1414150 978.4
1414160 978.4
1414170 971.4
1414180 960.3
1414190 960.3
1414200 949.8
1414210 938.7
1414220 938.7
1414230 925.7
1414240 915.4
1414250 915.4
1414260 906.2
1414270 897.1
1414280 897.1
1414290 889.4
1414300 882.5
1414310 882.5
1414320 877.3
1414330 870.1
1414340 870.1
1414350 861.9
1414360 851.6
1414370 851.6
1414380 845.0
1414390 839.8
1414400 839.8
1414410 835.3
1414420 830.8
1414430 830.8
1414440 826.6
1414450 823.3
1414460 823.3
1414470 822.3
1414480 821.8
1414490 821.8
1414500 823.8
1414510 827.7
1414520 827.7
1414530 833.4
1414540 842.0
1414550 848.6
1414560 848.6
1414570 855.8
1414580 861.7
1414590 861.7
1414600 869.1
1414610 875.3
1414620 875.3
1414630 884.9
1414640 901.6
1414650 901.6
1414660 914.4
1414670 917.8
1414680 917.8
1414690 920.6
1414700 922.9
1414710 922.9
1414720 924.4
1414730 925.6
1414740 925.6
1414750 926.5
1414760 926.9
1414770 926.9
1414780 927.1
1414790 928.3
1414800 928.3
1414810 929.3
1414820 930.0
1414830 930.0
1414840 930.4
1414850 930.7
1414860 930.7
1414870 931.1
1414880 930.3
1414890 930.3
1414900 929.6
1414910 929.8
1414920 929.8
1414930 930.4
1414940 930.9
1414950 930.9
1414960 932.2
1414970 933.1
1414980 933.2
1414990 933.2
1415000 932.8
1415010 932.8
1415020 932.8
1415030 933.3
1415040 934.0
1415050 934.0
1415060 935.5
1415070 937.9
1415080 937.9
1415090 941.3
1415100 945.6
1415110 945.6
1415120 952.9
1415130 955.9
1415140 955.9
1415150 957.3
1415160 958.6
1415170 958.6
1415180 960.0
1415190 960.8
1415200 960.8
1415210 961.3
1415220 962.1
1415230 962.1
1415240 962.0
1415250 961.0
1415260 961.0
1415270 959.9
1415280 962.9
1415290 962.9
1415300 965.8
1415310 967.0
1415320 967.0
1415330 970.2
1415340 972.8
1415350 972.8
1415360 970.7
1415370 973.9
1415380 979.6
1415390 979.6
1415400 982.2
1415410 984.7
1415420 984.7
1415430 988.9
1415440 990.5
1415450 990.5
1415460 991.0
1415470 992.1
1415480 992.1
1415490 992.4
1415500 994.1
1415510 994.1
1415520 996.6
1415530 999.7
1415540 999.7
1415550 1003.7
1415560 1010.3
1415570 1010.3
1415580 1010.3
1415590 1009.3
1415600 1009.3
1415610 1006.8
1415620 1004.2
1415630 1004.2
1415640 1002.2
1415650 998.2
1415660 998.2
1415670 996.8
1415680 996.6
1415690 996.6
1415700 1000.3
1415710 997.6
1415720 997.6
1415730 993.4
1415740 989.3
1415750 989.3
1415760 985.6
1415770 979.5
1415780 964.5
1415790 964.5
1415800 951.6
1415810 949.2
1415820 949.2
1415830 950.3
1415840 948.9
1415850 948.9
1415860 943.5
1415870 934.5
1415880 934.5
1415890 927.2
1415900 921.3
1415910 921.3
1415920 917.5
1415930 913.5
1415940 913.5
1415950 908.6
1415960 905.2
1415970 905.2
1415980 902.2
1415990 897.6
1416000 897.6
1416010 891.1
1416020 885.8
1416030 885.8
1416040 876.8
1416050 866.5
1416060 866.5
1416070 855.4
1416080 852.6
1416090 852.6
1416100 848.7
1416110 844.1
1416120 844.1
1416130 842.6
1416140 837.2
1416150 837.2
1416160 829.0
1416170 822.0
1416180 817.6
1416190 817.6
1416200 815.0
1416210 809.3
1416220 809.3
1416230 802.4
1416240 794.8
1416250 794.8
1416260 789.8
1416270 783.3
1416280 783.3
1416290 777.6
1416300 772.7
1416310 772.7
1416320 770.4
1416330 766.1
1416340 766.1
1416350 758.9
1416360 763.8
1416370 763.8
1416380 763.9
1416390 774.7
1416400 774.7
1416410 787.0
1416420 787.4
1416430 787.4
1416440 785.6
1416450 783.8
1416460 783.8
1416470 779.6
1416480 778.0
1416490 778.0
1416500 778.1
1416510 775.3
1416520 775.3
1416530 771.3
1416540 763.6
1416550 763.6
1416560 754.5
1416570 746.6
1416580 746.6
1416590 736.8
1416600 727.6
1416610 718.6
1416620 718.6
1416630 701.9
1416640 684.7
1416650 684.7
1416660 677.7
1416670 669.6
1416680 669.6
1416690 660.4
1416700 650.9
1416710 650.9
1416720 637.8
1416730 626.1
1416740 626.1
1416750 615.9
1416760 605.5
1416770 605.5
1416780 597.9
1416790 589.2
1416800 589.2
1416810 576.2
1416820 565.6
1416830 565.6
1416840 557.4
1416850 553.1
1416860 553.1
1416870 553.2
1416880 551.3
1416890 551.3
1416900 545.4
1416910 545.0
1416920 545.0
1416930 545.2
1416940 549.7
1416950 549.7
1416960 570.2
1416970 581.0
1416980 581.0
1416990 594.8
1417000 613.5
1417010 637.7
1417020 637.7
1417030 666.9
1417040 687.5
1417050 687.5
1417060 702.1
1417070 718.2
1417080 718.2
1417090 727.1
1417100 730.6
1417110 730.6
1417120 733.3
1417130 734.7
1417140 734.7
1417150 731.7
1417160 729.8
1417170 729.8
1417180 726.5
1417190 722.3
1417200 722.3
1417210 719.7
1417220 715.9
1417230 715.9
1417240 713.7
1417250 712.8
1417260 712.8
1417270 713.4
1417280 713.1
1417290 713.1
1417300 713.4
1417310 713.3
1417320 713.3
1417330 714.9
1417340 718.2
1417350 718.2
1417360 722.6
1417370 727.0
1417380 727.0
1417390 729.1
1417400 731.4
1417410 735.8
1417420 735.8
1417430 741.7
1417440 748.4
1417450 748.4
1417460 755.6
1417470 763.1
1417480 763.1
1417490 777.4
1417500 786.6
1417510 786.6
1417520 789.1
1417530 791.2
1417540 791.2
1417550 792.3
1417560 795.4
1417570 795.4
1417580 792.2
1417590 795.9
1417600 795.9
1417610 795.2
1417620 788.4
1417630 788.4
1417640 781.5
1417650 774.6
1417660 774.6
1417670 768.3
1417680 763.5
1417690 763.5
1417700 758.3
1417710 751.1
1417720 751.1
1417730 746.0
1417740 742.1
1417750 742.1
1417760 740.6
1417770 739.9
1417780 739.9
1417790 738.3
1417800 736.9
1417810 734.8
1417820 734.8
1417830 733.1
1417840 731.8
1417850 731.8
1417860 729.5
1417870 726.3
1417880 726.3
1417890 723.7
1417900 721.5
1417910 721.5
1417920 718.8
1417930 716.2
1417940 716.2
1417950 713.7
1417960 710.3
1417970 710.3
1417980 706.3
1417990 703.3
1418000 703.3
1418010 701.4
1418020 700.7
1418030 700.7
1418040 700.4
1418050 701.5
1418060 701.5
1418070 702.3
1418080 702.7
1418090 702.7
1418100 702.8
1418110 701.8
1418120 701.8
1418130 699.5
1418140 699.6
1418150 699.6
1418160 700.4
1418170 699.7
1418180 699.7
1418190 699.4
1418200 699.8
1418210 697.6
1418220 697.6
1418230 692.6
1418240 686.2
1418250 686.2
1418260 679.8
1418270 673.2
1418280 673.2
1418290 666.8
1418300 662.1
1418310 662.1
1418320 658.6
1418330 658.9
1418340 658.9
1418350 656.5
1418360 656.5
1418370 656.5
1418380 660.0
1418390 662.7
1418400 662.7
1418410 661.7
1418420 662.9
1418430 662.9
1418440 669.5
1418450 674.6
1418460 674.6
1418470 674.8
1418480 672.3
1418490 672.3
1418500 675.1
1418510 679.4
1418520 679.4
1418530 681.2
1418540 677.4
1418550 677.4
1418560 679.6
1418570 679.7
1418580 679.7
1418590 682.8
1418600 690.0
1418610 690.0
1418620 694.6
1418630 702.6
1418640 708.7
1418650 708.7
1418660 712.6
1418670 717.5
1418680 717.5
1418690 723.3
1418700 729.0
1418710 729.0
1418720 734.5
1418730 739.5
1418740 739.5
1418750 742.5
1418760 745.1
1418770 745.1
1418780 748.8
1418790 752.3
1418800 752.3
1418810 756.5
1418820 760.0
1418830 760.0
1418840 763.1
1418850 766.6
1418860 766.6
1418870 771.0
1418880 775.7
1418890 775.7
1418900 780.1
1418910 784.0
1418920 784.0
1418930 788.0
1418940 791.6
1418950 791.6
1418960 795.0
1418970 798.2
1418980 798.2
1418990 801.0
1419000 802.7
1419010 802.7
1419020 804.6
1419030 808.9
1419040 814.2
1419050 814.2
1419060 818.8
1419070 823.0
1419080 823.0
1419090 825.9
1419100 828.3
1419110 828.3
1419120 830.5
1419130 831.4
1419140 831.4
1419150 831.0
1419160 830.6
1419170 830.6
1419180 830.2
1419190 829.7
1419200 829.7
1419210 828.6
1419220 827.7
1419230 827.7
1419240 827.0
1419250 826.4
1419260 826.4
1419270 826.2
1419280 826.0
1419290 826.0
1419300 826.4
1419310 827.4
1419320 827.4
1419330 828.9
1419340 830.5
1419350 830.5
1419360 831.9
1419370 832.7
1419380 832.7
1419390 833.6
1419400 834.8
1419410 834.8
1419420 835.9
1419430 836.8
1419440 837.5
1419450 837.5
1419460 838.0
1419470 837.8
1419480 837.8
1419490 837.5
1419500 836.0
1419510 836.0
1419520 833.5
1419530 831.5
1419540 831.5
1419550 831.5
1419560 830.9
1419570 830.9
1419580 828.9
1419590 827.4
1419600 827.4
1419610 826.1
1419620 824.4
1419630 824.4
1419640 824.5
1419650 828.8
1419660 828.8
1419670 828.7
1419680 827.8
1419690 827.8
1419700 827.2
1419710 827.8
1419720 827.8
1419730 829.3
1419740 831.2
1419750 831.2
1419760 833.2
1419770 829.2
1419780 829.2
1419790 821.5
1419800 817.1
1419810 817.1
1419820 818.1
1419830 821.9
1419840 828.2
1419850 828.2
1419860 834.1
1419870 835.7
1419880 835.7
1419890 836.2
1419900 836.5
1419910 836.5
1419920 840.4
1419930 845.4
1419940 845.4
1419950 850.4
1419960 855.4
1419970 855.4
1419980 859.8
1419990 864.0
