1400230 1266.5
1400240 1268.0
1400250 1268.0
1400260 1269.9
1400270 1271.6
1400280 1271.6
1400290 1273.1
1400300 1274.3
1400310 1274.3
1400320 1275.4
1400330 1276.2
1400340 1276.2
1400350 1276.7
1400360 1276.9
1400370 1276.9
1400380 1277.4
1400390 1278.6
1400400 1278.6
1400410 1280.0
1400420 1281.2
1400430 1281.2
1400440 1282.1
1400450 1282.8
1400460 1282.8
1400470 1283.4
1400480 1283.7
1400490 1283.7
1400500 1283.1
1400510 1282.8
1400520 1282.8
1400530 1282.3
1400540 1281.8
1400550 1281.0
1400560 1281.0
1400570 1280.3
1400580 1279.4
1400590 1279.4
1400600 1278.0
1400610 1275.5
1400620 1275.5
1400630 1272.7
1400640 1270.0
1400650 1270.0
1400660 1266.8
1400670 1263.7
1400680 1263.7
1400690 1261.1
1400700 1258.9
1400710 1259.9
1400720 1257.8
1400730 1256.6
1400740 1256.6
1400750 1255.9
1400760 1255.8
1400770 1255.8
1400780 1256.4
1400790 1257.5
1400800 1257.5
1400810 1258.6
1400820 1259.2
1400830 1259.2
1400840 1259.5
1400850 1258.9
1400860 1258.9
1400870 1257.8
1400880 1255.6
1400890 1255.6
1400900 1253.7
1400910 1252.1
1400920 1252.1
1400930 1251.0
1400940 1250.3
1400950 1249.6
1400960 1249.6
1400970 1249.1
1400980 1248.2
1400990 1248.2
1401000 1247.7
1401010 1248.4
1401020 1248.4
1401030 1249.0
1401040 1249.5
1401050 1249.5
1401060 1249.7
1401070 1249.5
1401080 1249.5
1401090 1248.4
1401100 1246.2
1401110 1246.2
1401120 1244.8
1401130 1243.1
1401140 1243.1
1401150 1241.1
1401160 1237.9
1401170 1237.9
1401180 1234.8
1401190 1232.4
1401200 1232.4
1401210 1230.2
1401220 1228.7
1401230 1228.7
1401240 1228.0
1401250 1226.4
1401260 1226.4
1401270 1224.6
1401280 1223.2
1401290 1223.2
1401300 1222.7
1401310 1222.3
1401320 1222.3
1401330 1221.5
1401340 1220.4
1401350 1220.4
1401360 1219.2
1401370 1217.9
1401380 1216.6
1401390 1216.6
1401400 1215.7
1401410 1214.7
1401420 1214.7
1401430 1212.9
1401440 1211.3
1401450 1211.3
1401460 1208.8
1401470 1204.9
1401480 1204.9
1401490 1201.3
1401500 1198.1
1401510 1198.1
1401520 1194.9
1401530 1192.0
1401540 1192.0
1401550 1189.0
1401560 1186.6
1401570 1186.6
1401580 1184.2
1401590 1180.8
1401600 1180.8
1401610 1176.7
1401620 1173.0
1401630 1173.0
1401640 1169.9
1401650 1167.6
1401660 1167.6
1401670 1165.3
1401680 1162.5
1401690 1162.5
1401700 1159.0
1401710 1155.8
1401720 1155.8
1401730 1153.7
1401740 1151.9
1401750 1151.9
1401760 1150.1
1401770 1148.3
1401780 1146.2
1401790 1146.2
1401800 1143.9
1401810 1141.3
1401820 1141.3
1401830 1138.8
1401840 1135.3
1401850 1135.3
1401860 1131.8
1401870 1129.0
1401880 1129.0
1401890 1126.0
1401900 1122.7
1401910 1122.7
1401920 1119.7
1401930 1117.1
1401940 1117.1
1401950 1114.6
1401960 1112.0
1401970 1112.0
1401980 1108.4
1401990 1106.0
1402000 1106.0
1402010 1104.0
1402020 1100.2
1402030 1100.2
1402040 1097.4
1402050 1095.3
1402060 1095.3
1402070 1092.6
1402080 1090.0
1402090 1090.0
1402100 1088.2
1402110 1085.9
1402120 1085.9
1402130 1083.0
1402140 1079.5
1402150 1079.5
1402160 1075.2
1402170 1071.1
1402180 1071.1
1402190 1067.5
1402200 1063.8
1402210 1060.5
1402220 1060.5
1402230 1058.3
1402240 1057.0
1402250 1057.0
1402260 1049.2
1402270 1047.3
1402280 1047.3
1402290 1044.6
1402300 1044.3
1402310 1044.3
1402320 1044.8
1402330 1044.2
1402340 1044.2
1402350 1042.6
1402360 1042.3
1402370 1042.3
1402380 1040.2
1402390 1033.4
1402400 1033.4
1402410 1022.0
1402420 1009.4
1402430 1009.4
1402440 996.3
1402450 999.3
1402460 999.3
1402470 1010.7
1402480 1027.4
1402490 1027.4
1402500 1040.6
1402510 1046.7
1402520 1046.7
1402530 1050.7
1402540 1054.1
1402550 1054.1
1402560 1057.2
1402570 1060.4
1402580 1060.4
1402590 1062.9
1402600 1064.7
1402610 1066.2
1402620 1066.2
1402630 1068.2
1402640 1069.9
1402650 1069.9
1402660 1071.1
1402670 1072.5
1402680 1072.5
1402690 1074.1
1402700 1075.4
1402710 1075.4
1402720 1076.5
1402730 1077.1
1402740 1077.1
1402750 1077.6
1402760 1078.3
1402770 1078.3
1402780 1079.0
1402790 1079.7
1402800 1079.7
1402810 1080.4
1402820 1080.3
1402830 1080.3
1402840 1079.7
1402850 1079.1
1402860 1079.1
1402870 1078.3
1402880 1077.6
1402890 1077.6
1402900 1077.1
1402910 1076.8
1402920 1076.8
1402930 1075.9
1402940 1075.0
1402950 1075.0
1402960 1073.4
1402970 1072.2
1402980 1072.2
1402990 1071.6
1403000 1070.4
1403010 1067.9
1403020 1067.9
1403030 1065.2
1403040 1064.4
1403050 1064.4
1403060 1062.9
1403070 1060.0
1403080 1060.0
1403090 1057.3
1403100 1054.6
1403110 1054.6
1403120 1050.5
1403130 1045.9
1403140 1045.9
1403150 1039.9
1403160 1033.2
1403170 1033.2
1403180 1025.3
1403190 1025.3
1403200 1025.3
1403210 1023.7
1403220 1016.7
1403230 1016.7
1403240 1014.9
1403250 1013.4
1403260 1013.4
1403270 1009.9
1403280 1007.0
1403290 1007.0
1403300 1004.8
1403310 1003.1
1403320 1003.1
1403330 1001.4
1403340 998.6
1403350 998.6
1403360 994.3
1403370 995.4
1403380 995.4
1403390 1008.5
1403400 1018.5
1403410 1018.5
1403420 1027.2
1403430 1033.2
1403440 1035.9
1403450 1035.9
1403460 1039.1
1403470 1044.1
1403480 1044.1
1403490 1050.7
1403500 1056.8
1403510 1056.8
1403520 1062.6
1403530 1067.5
1403540 1067.5
1403550 1070.0
1403560 1073.0
1403570 1073.0
1403580 1081.5
1403590 1090.1
1403600 1090.1
1403610 1097.1
1403620 1103.8
1403630 1103.8
1403640 1108.7
1403650 1115.5
1403660 1115.5
1403670 1121.1
1403680 1122.5
1403690 1122.5
1403700 1121.6
1403710 1119.6
1403720 1119.6
1403730 1118.0
1403740 1120.7
1403750 1120.7
1403760 1128.5
1403770 1135.9
1403780 1135.9
1403790 1142.6
1403800 1149.3
1403810 1149.3
1403820 1156.3
1403830 1162.8
1403840 1169.9
1403850 1169.9
1403860 1176.7
1403870 1183.6
1403880 1183.6
1403890 1190.4
1403900 1197.2
1403910 1197.2
1403920 1203.6
1403930 1209.9
1403940 1209.9
1403950 1215.9
1403960 1221.3
1403970 1221.3
1403980 1226.0
1403990 1230.1
1404000 1230.1
1404010 1233.9
1404020 1236.9
1404030 1236.9
1404040 1239.7
1404050 1242.3
1404060 1242.3
1404070 1244.7
1404080 1247.0
1404090 1247.0
1404100 1249.1
1404110 1250.9
1404120 1250.9
1404130 1252.6
1404140 1254.3
1404150 1254.3
1404160 1256.2
1404170 1257.8
1404180 1257.8
1404190 1259.6
1404200 1261.3
1404210 1261.3
1404220 1262.5
1404230 1263.2
1404240 1263.6
1404250 1263.6
1404260 1263.6
1404270 1263.2
1404280 1263.2
1404290 1262.5
1404300 1261.8
1404310 1261.8
1404320 1261.2
1404330 1260.6
1404340 1260.6
1404350 1260.0
1404360 1259.1
1404370 1259.1
1404380 1258.0
1404390 1256.8
1404400 1256.8
1404410 1255.3
1404420 1254.0
1404430 1254.0
1404440 1252.2
1404450 1249.4
1404460 1249.4
1404470 1246.4
1404480 1244.3
1404490 1244.3
1404500 1241.5
1404510 1238.6
1404520 1238.6
1404530 1235.5
1404540 1231.9
1404550 1231.9
1404560 1228.4
1404570 1225.1
1404580 1225.1
1404590 1221.7
1404600 1217.8
1404610 1217.8
1404620 1214.2
1404630 1210.7
1404640 1210.7
1404650 1207.3
1404660 1205.3
1404670 1204.0
1404680 1204.0
1404690 1202.0
1404700 1201.2
1404710 1201.2
1404720 1199.6
1404730 1197.0
1404740 1197.0
1404750 1193.2
1404760 1187.4
1404770 1187.4
1404780 1180.5
1404790 1173.6
1404800 1173.6
1404810 1166.6
1404820 1160.0
1404830 1160.0
1404840 1155.2
1404850 1150.3
1404860 1150.3
1404870 1147.6
1404880 1146.2
1404890 1146.2
1404900 1145.5
1404910 1145.2
1404920 1145.2
1404930 1143.9
1404940 1139.4
1404950 1139.4
1404960 1132.1
1404970 1130.9
1404980 1130.9
1404990 1135.7
1405000 1138.9
1405010 1138.9
1405020 1140.2
1405030 1140.9
1405040 1140.9
1405050 1143.4
1405060 1146.5
1405070 1149.6
1405080 1149.6
1405090 1152.1
1405100 1154.6
1405110 1154.6
1405120 1156.4
1405130 1158.1
1405140 1158.1
1405150 1159.6
1405160 1161.2
1405170 1161.2
1405180 1162.6
1405190 1163.5
1405200 1163.5
1405210 1164.0
1405220 1163.9
1405230 1163.9
1405240 1163.2
1405250 1162.1
1405260 1162.1
1405270 1160.5
1405280 1158.0
1405290 1158.0
1405300 1155.3
1405310 1152.7
1405320 1152.7
1405330 1149.5
1405340 1145.6
1405350 1145.6
1405360 1141.5
1405370 1136.8
1405380 1136.8
1405390 1131.3
1405400 1125.1
1405410 1125.1
1405420 1118.7
1405430 1113.2
1405440 1113.2
1405450 1108.7
1405460 1109.8
1405470 1109.8
1405480 1116.6
1405490 1121.6
1405500 1124.4
1405510 1124.4
1405520 1126.5
1405530 1128.1
1405540 1128.1
1405550 1129.5
1405560 1130.5
1405570 1130.5
1405580 1131.4
1405590 1132.5
1405600 1132.5
1405610 1133.6
1405620 1134.2
1405630 1134.2
1405640 1134.6
1405650 1135.1
1405660 1135.1
1405670 1136.3
1405680 1137.1
1405690 1137.1
1405700 1135.2
1405710 1134.4
1405720 1134.4
1405730 1137.5
1405740 1139.0
1405750 1139.0
1405760 1139.4
1405770 1139.6
1405780 1139.6
1405790 1139.7
1405800 1139.8
1405810 1139.8
1405820 1139.7
1405830 1139.6
1405840 1139.6
1405850 1139.5
1405860 1138.6
1405870 1138.6
1405880 1137.2
1405890 1135.2
1405900 1131.9
1405910 1131.9
1405920 1128.6
1405930 1125.4
1405940 1125.4
1405950 1121.0
1405960 1116.6
1405970 1116.6
1405980 1113.3
1405990 1110.5
1406000 1110.5
1406010 1107.8
1406020 1105.1
1406030 1105.1
1406040 1101.3
1406050 1097.4
1406060 1097.4
1406070 1093.8
1406080 1090.2
1406090 1090.2
1406100 1086.2
1406110 1083.2
1406120 1083.2
1406130 1080.4
1406140 1077.3
1406150 1077.3
1406160 1072.6
1406170 1068.7
1406180 1068.7
1406190 1066.3
1406200 1063.4
1406210 1063.4
1406220 1060.1
1406230 1056.6
1406240 1056.6
1406250 1053.0
1406260 1050.8
1406270 1050.8
1406280 1048.2
1406290 1044.5
1406300 1044.5
1406310 1041.1
1406320 1037.4
1406330 1033.1
1406340 1033.1
1406350 1028.3
1406360 1023.0
1406370 1023.0
1406380 1018.3
1406390 1013.4
1406400 1013.4
1406410 1007.3
1406420 1000.7
1406430 1000.7
1406440 995.7
1406450 991.4
1406460 991.4
1406470 987.3
1406480 983.4
1406490 983.4
1406500 979.6
1406510 975.4
1406520 975.4
1406530 971.0
1406540 966.5
1406550 966.5
1406560 962.3
1406570 958.5
1406580 958.5
1406590 953.5
1406600 947.9
1406610 947.9
1406620 941.9
1406630 935.5
1406640 935.5
1406650 928.0
1406660 921.4
1406670 921.4
1406680 921.8
1406690 927.8
1406700 927.8
1406710 932.6
1406720 932.6
1406730 933.7
1406740 933.7
1406750 936.4
1406760 936.3
1406770 936.3
1406780 936.5
1406790 940.7
1406800 940.7
1406810 946.9
1406820 952.2
1406830 952.2
1406840 957.2
1406850 960.5
1406860 960.5
1406870 960.7
1406880 959.3
1406890 959.3
1406900 958.4
1406910 957.0
1406920 957.0
1406930 953.8
1406940 949.6
1406950 949.6
1406960 944.5
1406970 941.5
1406980 941.5
1406990 939.3
1407000 935.0
1407010 935.0
1407020 930.6
1407030 925.7
1407040 925.7
1407050 920.5
1407060 916.8
1407070 913.7
1407080 909.5
1407090 905.4
1407100 905.4
1407110 902.3
1407120 899.3
1407130 895.0
1407140 895.0
1407150 892.4
1407160 890.3
1407170 890.3
1407180 886.8
1407190 881.2
1407200 881.2
1407210 876.6
1407220 872.5
1407230 872.5
1407240 868.2
1407250 864.7
1407260 864.7
1407270 861.1
1407280 856.2
1407290 856.2
1407300 850.1
1407310 844.8
1407320 844.8
1407330 842.5
1407340 839.4
1407350 839.4
1407360 835.7
1407370 831.8
1407380 831.8
1407390 828.5
1407400 826.4
1407410 826.4
1407420 824.5
1407430 819.9
1407440 819.9
1407450 814.4
1407460 810.0
1407470 810.0
1407480 805.3
1407490 799.9
1407500 799.9
1407510 794.8
1407520 789.6
1407530 789.6
1407540 785.2
1407550 779.8
1407560 775.6
1407570 775.6
1407580 771.6
1407590 767.3
1407600 767.3
1407610 762.8
1407620 757.8
1407630 757.8
1407640 753.8
1407650 750.4
1407660 750.4
1407670 745.7
1407680 742.3
1407690 742.3
1407700 740.0
1407710 736.9
1407720 736.9
1407730 733.6
1407740 729.7
1407750 729.7
1407760 725.0
1407770 721.7
1407780 721.7
1407790 721.8
1407800 722.1
1407810 722.1
1407820 721.9
1407830 722.6
1407840 722.6
1407850 722.7
1407860 722.5
1407870 722.5
1407880 722.2
1407890 722.0
1407900 722.0
1407910 721.8
1407920 724.3
1407930 724.3
1407940 727.5
1407950 727.2
1407960 727.4
1407970 727.4
1407980 727.4
1407990 727.5
1408000 727.5
1408010 727.8
1408020 728.2
1408030 728.2
1408040 729.0
1408050 730.6
1408060 730.6
1408070 732.3
1408080 737.7
1408090 737.7
1408100 743.1
1408110 748.0
1408120 748.0
1408130 752.1
1408140 755.5
1408150 755.5
1408160 757.9
1408170 760.5
1408180 760.5
1408190 763.5
1408200 767.2
1408210 767.2
1408220 772.6
1408230 779.1
1408240 779.1
1408250 786.5
1408260 793.8
1408270 793.8
1408280 800.8
1408290 806.1
1408300 806.1
1408310 807.1
1408320 809.3
1408330 809.3
1408340 810.9
1408350 810.8
1408360 810.8
1408370 808.0
1408380 804.8
1408390 801.7
1408400 801.7
1408410 796.8
1408420 791.3
1408430 791.3
1408440 785.7
1408450 786.1
1408460 786.1
1408470 793.7
1408480 800.5
1408490 800.5
1408500 807.7
1408510 814.0
1408520 814.0
1408530 813.9
1408540 809.9
1408550 809.9
1408560 809.7
1408570 813.8
1408580 813.8
1408590 822.6
1408600 830.5
1408610 830.5
1408620 836.3
1408630 838.7
1408640 838.7
1408650 841.0
1408660 848.0
1408670 848.0
1408680 851.1
1408690 852.5
1408700 852.5
1408710 852.7
1408720 851.8
1408730 851.8
1408740 858.3
1408750 858.9
1408760 858.9
1408770 859.7
1408780 860.3
1408790 860.3
1408800 860.3
1408810 860.2
1408820 859.6
1408830 859.6
1408840 859.1
1408850 859.5
1408860 859.5
1408870 857.9
1408880 856.6
1408890 856.6
1408900 859.9
1408910 860.8
1408920 860.8
1408930 861.2
1408940 861.6
1408950 861.6
1408960 858.8
1408970 856.5
1408980 856.5
1408990 849.6
1409000 840.5
1409010 840.5
1409020 833.4
1409030 836.7
1409040 836.7
1409050 838.0
1409060 835.5
1409070 835.5
1409080 837.8
1409090 843.2
1409100 843.2
1409110 848.6
1409120 853.8
1409130 853.8
1409140 858.8
1409150 863.4
1409160 863.4
1409170 866.3
1409180 867.0
1409190 867.4
1409200 867.4
1409210 867.9
1409220 868.6
1409230 868.6
1409240 869.0
1409250 868.8
1409260 868.8
1409270 868.5
1409280 868.2
1409290 868.2
1409300 867.0
1409310 866.1
1409320 866.1
1409330 864.4
1409340 861.4
1409350 861.4
1409360 859.3
1409370 858.5
1409380 858.5
1409390 857.2
1409400 856.0
1409410 856.0
1409420 854.5
1409430 853.8
1409440 853.8
1409450 852.8
1409460 852.1
1409470 852.1
1409480 850.1
1409490 847.1
1409500 847.1
1409510 843.2
1409520 838.7
1409530 838.7
1409540 833.2
1409550 825.8
1409560 825.8
1409570 816.7
1409580 807.6
1409590 807.6
1409600 797.9
1409610 788.6
1409620 779.1
1409630 779.1
1409640 770.7
1409650 766.1
1409660 766.1
1409670 764.7
1409680 760.1
1409690 760.1
1409700 749.1
1409710 738.0
1409720 738.0
1409730 738.7
1409740 739.9
1409750 739.9
1409760 742.3
1409770 744.0
1409780 744.0
1409790 745.3
1409800 751.6
1409810 751.6
1409820 761.7
1409830 770.7
1409840 770.7
1409850 777.9
1409860 783.7
1409870 783.7
1409880 790.6
1409890 796.6
1409900 796.6
1409910 802.0
1409920 803.4
1409930 803.4
1409940 803.3
1409950 805.6
1409960 805.6
1409970 810.0
1409980 814.3
1409990 814.3
1410000 818.0
1410010 822.8
1410020 829.7
1410030 829.7
1410040 836.4
1410050 843.2
1410060 843.2
1410070 849.0
1410080 854.6
1410090 854.6
1410100 860.6
1410110 866.4
1410120 866.4
1410130 872.8
1410140 878.3
1410150 878.3
1410160 882.5
1410170 886.4
1410180 886.4
1410190 890.1
1410200 893.8
1410210 893.8
1410220 897.6
1410230 901.8
1410240 901.8
1410250 905.8
1410260 909.7
1410270 909.7
1410280 913.7
1410290 917.6
1410300 917.6
1410310 922.0
1410320 926.4
1410330 926.4
1410340 930.7
1410350 934.9
1410360 934.9
1410370 938.6
1410380 942.0
1410390 942.0
1410400 944.7
1410410 947.4
1410420 947.4
1410430 948.5
1410440 950.3
1410450 955.1
1410460 955.1
1410470 957.0
1410480 958.9
1410490 958.9
1410500 960.3
1410510 961.3
1410520 961.3
1410530 961.4
1410540 961.3
1410550 961.3
1410560 961.2
1410570 960.4
1410580 960.4
1410590 961.1
1410600 961.6
1410610 961.6
1410620 963.6
1410630 965.4
1410640 965.4
1410650 967.0
1410660 969.0
1410670 969.0
1410680 970.2
1410690 971.9
1410700 971.9
1410710 972.8
1410720 974.3
1410730 974.3
1410740 977.8
1410750 981.3
1410760 981.3
1410770 984.5
1410780 986.7
1410790 986.7
1410800 988.9
1410810 990.8
1410820 990.8
1410830 993.2
1410840 995.2
1410850 996.8
1410860 996.8
1410870 998.8
1410880 1001.2
1410890 1001.2
1410900 1003.2
1410910 1005.3
1410920 1005.3
1410930 1007.1
1410940 1009.0
1410950 1009.0
1410960 1010.7
1410970 1012.0
1410980 1012.0
1410990 1013.3
1411000 1013.8
1411010 1013.8
1411020 1014.0
1411030 1013.3
1411040 1013.3
1411050 1012.7
1411060 1011.4
1411070 1011.4
1411080 1009.6
1411090 1007.6
1411100 1007.6
1411110 1004.8
1411120 1001.3
1411130 1001.3
1411140 996.0
1411150 989.6
1411160 989.6
1411170 983.0
1411180 976.7
1411190 976.7
1411200 972.4
1411210 968.6
1411220 968.6
1411230 964.2
1411240 959.4
1411250 959.4
1411260 955.8
1411270 954.3
1411280 953.1
1411290 953.1
1411300 950.0
1411310 946.1
1411320 946.1
1411330 942.1
1411340 936.8
1411350 936.8
1411360 931.0
1411370 926.0
1411380 926.0
1411390 920.3
1411400 915.4
1411410 915.4
1411420 910.1
1411430 905.3
1411440 905.3
1411450 898.9
1411460 887.6
1411470 887.6
1411480 877.9
1411490 882.5
1411500 882.5
1411510 890.4
1411520 895.3
1411530 895.3
1411540 898.5
1411550 901.9
1411560 901.9
1411570 905.8
1411580 907.2
1411590 907.2
1411600 908.6
1411610 908.9
1411620 908.9
1411630 909.7
1411640 910.9
1411650 910.9
1411660 911.2
1411670 912.5
1411680 913.1
1411690 913.1
1411700 913.5
1411710 913.0
1411720 913.0
1411730 912.1
1411740 912.5
1411750 912.5
1411760 911.6
1411770 909.1
1411780 909.1
1411790 907.4
1411800 907.3
1411810 907.3
1411820 910.6
1411830 914.3
1411840 914.3
1411850 915.4
1411860 916.2
1411870 916.2
1411880 917.4
1411890 919.2
1411900 919.2
1411910 921.0
1411920 922.6
1411930 922.6
1411940 923.4
1411950 923.9
1411960 923.9
1411970 923.8
1411980 922.6
1411990 922.6
1412000 921.7
1412010 919.8
1412020 919.8
1412030 917.1
1412040 914.4
1412050 914.4
1412060 911.1
1412070 907.3
1412080 901.9
1412090 901.9
1412100 894.1
1412110 884.3
1412120 884.3
1412130 874.1
1412140 864.2
1412150 864.2
1412160 855.6
1412170 849.7
1412180 849.7
1412190 844.1
1412200 841.6
1412210 841.6
1412220 836.5
1412230 831.9
1412240 831.9
1412250 828.4
1412260 824.7
1412270 824.7
1412280 820.8
1412290 817.0
1412300 817.0
1412310 814.1
1412320 810.9
1412330 810.9
1412340 807.8
1412350 803.6
1412360 803.6
1412370 797.7
1412380 790.6
1412390 790.6
1412400 783.1
1412410 775.2
1412420 775.2
1412430 767.9
1412440 761.3
1412450 761.3
1412460 755.4
1412470 749.8
1412480 749.8
1412490 743.5
1412500 738.6
1412510 733.5
1412520 733.5
1412530 726.3
1412540 726.0
1412550 726.0
1412560 736.6
1412570 749.5
1412580 749.5
1412590 762.5
1412600 770.3
1412610 770.3
1412620 774.9
1412630 777.6
1412640 777.6
1412650 777.2
1412660 777.0
1412670 777.0
1412680 777.1
1412690 777.8
1412700 777.8
1412710 778.8
1412720 780.5
1412730 780.5
1412740 782.1
1412750 783.9
1412760 783.9
1412770 785.5
1412780 787.4
1412790 787.4
1412800 789.5
1412810 792.3
1412820 792.3
1412830 795.4
1412840 798.5
1412850 798.5
1412860 801.9
1412870 805.6
1412880 805.6
1412890 810.0
1412900 814.8
1412910 817.5
1412920 817.5
1412930 817.4
1412940 816.5
1412950 816.5
1412960 813.9
1412970 810.6
1412980 810.6
1412990 806.8
1413000 803.7
1413010 803.7
1413020 800.5
1413030 797.5
1413040 797.5
1413050 794.1
1413060 790.3
1413070 790.3
1413080 786.5
1413090 783.1
1413100 783.1
1413110 779.7
1413120 775.8
1413130 775.8
1413140 773.5
1413150 772.5
1413160 772.5
1413170 771.3
1413180 768.7
1413190 768.7
1413200 766.8
1413210 764.4
1413220 764.4
1413230 762.4
1413240 760.8
1413250 760.8
1413260 759.1
1413270 757.6
1413280 757.6
1413290 755.7
1413300 754.1
1413310 754.1
1413320 752.6
1413330 750.9
1413340 749.9
1413350 749.9
1413360 749.2
1413370 749.4
1413380 749.4
1413390 750.1
1413400 750.7
1413410 750.7
1413420 750.8
1413430 750.8
1413440 750.8
1413450 751.0
1413460 751.2
1413470 751.2
1413480 751.3
1413490 751.4
1413500 751.4
1413510 751.3
1413520 751.3
1413530 751.3
1413540 751.7
1413550 752.2
1413560 752.2
1413570 752.5
1413580 752.7
1413590 752.7
1413600 752.9
1413610 753.1
1413620 753.1
1413630 753.5
1413640 754.0
1413650 754.0
1413660 754.7
1413670 755.0
1413680 755.0
1413690 754.6
1413700 754.1
1413710 754.1
1413720 754.5
1413730 755.6
1413740 757.0
1413750 757.0
1413760 758.3
1413770 759.0
1413780 759.0
1413790 760.0
1413800 761.5
1413810 761.5
1413820 763.0
1413830 763.7
1413840 763.7
1413850 762.6
1413860 759.1
1413870 759.1
1413880 755.3
1413890 753.8
1413900 753.8
1413910 752.9
1413920 751.9
1413930 751.9
1413940 750.8
1413950 749.3
1413960 749.3
1413970 747.5
1413980 746.3
1413990 746.3
1414000 741.7
1414010 740.5
1414020 740.5
1414030 739.1
1414040 737.8
1414050 737.8
1414060 736.8
1414070 735.9
1414080 735.9
1414090 735.2
1414100 734.9
1414110 734.9
1414120 734.4
1414130 733.8
1414140 733.1
1414150 733.1
1414160 732.3
1414170 731.4
1414180 731.4
1414190 730.2
1414200 728.6
1414210 728.6
1414220 726.7
1414230 724.6
1414240 724.6
1414250 722.3
1414260 720.0
1414270 720.0
1414280 718.0
1414290 716.5
1414300 716.5
1414310 715.4
1414320 714.1
1414330 714.1
1414340 711.8
1414350 708.6
1414360 708.6
1414370 703.5
1414380 699.5
1414390 699.5
1414400 697.5
1414410 695.6
1414420 695.6
1414430 694.1
1414440 693.0
1414450 693.0
1414460 691.8
1414470 690.9
1414480 690.9
1414490 690.4
1414500 689.9
1414510 689.9
1414520 689.0
1414530 686.8
1414540 686.8
1414550 684.2
1414560 682.0
1414570 679.4
1414580 679.4
1414590 675.9
1414600 672.4
1414610 672.4
1414620 669.3
1414630 666.7
1414640 666.7
1414650 664.7
1414660 662.7
1414670 662.7
1414680 660.5
1414690 658.5
1414700 658.5
1414710 657.0
1414720 655.7
1414730 655.7
1414740 654.7
1414750 654.0
1414760 654.0
1414770 653.2
1414780 652.0
1414790 652.0
1414800 650.5
1414810 648.9
1414820 648.9
1414830 647.9
1414840 646.6
1414850 646.6
1414860 645.6
1414870 644.6
1414880 644.6
1414890 643.3
1414900 640.4
1414910 640.4
1414920 637.6
1414930 636.4
1414940 636.4
1414950 635.2
1414960 633.3
1414970 632.4
1414980 632.4
1414990 631.5
1415000 628.3
1415010 628.3
1415020 627.3
1415030 626.1
1415040 626.1
1415050 624.2
1415060 623.1
1415070 623.1
1415080 621.3
1415090 619.5
1415100 619.5
1415110 618.2
1415120 617.1
1415130 617.1
1415140 615.6
1415150 614.3
1415160 614.3
1415170 612.2
1415180 609.9
1415190 609.9
1415200 607.4
1415210 604.7
1415220 604.7
1415230 604.1
1415240 602.0
1415250 602.0
1415260 602.4
1415270 603.6
1415280 603.6
1415290 604.9
1415300 606.1
1415310 606.1
1415320 606.4
1415330 606.2
1415340 606.2
1415350 605.7
1415360 605.3
1415370 605.3
1415380 604.9
1415390 604.7
1415400 604.4
1415410 604.4
1415420 604.3
1415430 604.5
1415440 604.5
1415450 605.5
1415460 607.2
1415470 607.2
1415480 609.0
1415490 610.3
1415500 610.3
1415510 610.3
1415520 607.5
1415530 607.5
1415540 603.3
1415550 600.6
1415560 600.6
1415570 599.3
1415580 598.0
1415590 598.0
1415600 597.1
1415610 597.4
1415620 597.4
1415630 598.7
1415640 600.7
1415650 600.7
1415660 602.7
1415670 603.7
1415680 603.7
1415690 605.2
1415700 607.0
1415710 607.0
1415720 610.3
1415730 613.9
1415740 613.9
1415750 615.3
1415760 614.6
1415770 614.6
1415780 613.2
1415790 608.7
1415800 603.2
1415810 603.2
1415820 601.1
1415830 599.6
1415840 595.3
1415850 592.8
1415860 590.6
1415870 590.6
1415880 589.1
1415890 587.4
1415900 587.4
1415910 585.5
1415920 583.3
1415930 583.3
1415940 581.2
1415950 579.4
1415960 579.4
1415970 578.0
1415980 577.1
1415990 577.1
1416000 576.8
1416010 576.7
1416020 576.7
1416030 576.8
1416040 576.9
1416050 576.9
1416060 576.7
1416070 574.8
1416080 574.8
1416090 569.9
1416100 566.6
1416110 566.6
1416120 563.8
1416130 559.2
1416140 559.2
1416150 555.6
1416160 554.8
1416170 554.8
1416180 554.5
1416190 554.2
1416200 553.9
1416210 553.9
1416220 553.3
1416230 552.8
1416240 552.8
1416250 553.1
1416260 554.1
1416270 554.1
1416280 556.4
1416290 559.0
1416300 559.0
1416310 565.8
1416320 575.0
1416330 575.0
1416340 579.7
1416350 581.7
1416360 581.7
1416370 577.9
1416380 574.2
1416390 574.2
1416400 574.2
1416410 576.4
1416420 576.4
1416430 579.6
1416440 583.6
1416450 583.6
1416460 587.5
1416470 589.7
1416480 589.7
1416490 594.5
1416500 596.2
1416510 596.2
1416520 598.1
1416530 598.2
1416540 598.2
1416550 597.5
1416560 594.8
1416570 594.8
1416580 591.9
1416590 586.4
1416600 586.4
1416610 580.7
1416620 575.7
1416630 572.9
1416640 572.9
1416650 570.2
1416660 568.7
1416670 568.7
1416680 565.9
1416690 561.3
1416700 561.3
1416710 556.8
1416720 553.0
1416730 553.0
1416740 551.3
1416750 547.4
1416760 547.4
1416770 546.8
1416780 549.6
1416790 549.6
1416800 548.9
1416810 546.4
1416820 546.4
1416830 542.4
1416840 542.1
1416850 542.1
1416860 542.1
1416870 542.5
1416880 542.5
1416890 543.8
1416900 543.5
1416910 543.5
1416920 544.4
1416930 547.4
1416940 547.4
1416950 548.2
1416960 550.4
1416970 550.4
1416980 553.9
1416990 554.3
1417000 554.3
1417010 554.1
1417020 553.8
1417030 553.6
1417040 553.6
1417050 553.8
1417060 554.0
1417070 554.0
1417080 554.1
1417090 555.0
1417100 555.0
1417110 556.4
1417120 560.0
1417130 560.0
1417140 567.5
1417150 574.6
1417160 574.6
1417170 579.5
1417180 585.2
1417190 585.2
1417200 592.3
1417210 597.2
1417220 597.2
1417230 599.4
1417240 601.0
1417250 601.0
1417260 605.6
1417270 606.5
1417280 606.5
1417290 609.7
1417300 611.2
1417310 611.2
1417320 616.7
1417330 620.0
1417340 620.0
1417350 625.8
1417360 633.4
1417370 633.4
1417380 633.5
1417390 633.9
1417400 633.9
1417410 640.5
1417420 645.4
1417430 645.4
1417440 652.7
1417450 662.8
1417460 668.2
1417470 668.2
1417480 672.5
1417490 675.8
1417500 675.8
1417510 679.8
1417520 685.7
1417530 685.7
1417540 697.3
1417550 701.3
1417560 701.3
1417570 702.1
1417580 704.1
1417590 704.1
1417600 707.3
1417610 711.3
1417620 711.3
1417630 716.4
1417640 721.8
1417650 721.8
1417660 727.6
1417670 733.8
1417680 733.8
1417690 739.6
1417700 750.8
1417710 750.8
1417720 774.3
1417730 794.9
1417740 794.9
1417750 804.1
1417760 815.7
1417770 815.7
1417780 825.3
1417790 834.1
1417800 834.1
1417810 842.7
1417820 849.3
1417830 849.3
1417840 859.4
1417850 868.9
1417860 877.3
1417870 877.3
1417880 884.3
1417890 890.7
1417900 890.7
1417910 898.5
1417920 906.4
1417930 906.4
1417940 916.6
1417950 929.9
1417960 929.9
1417970 940.2
1417980 948.1
1417990 948.1
1418000 957.5
1418010 962.1
1418020 962.1
1418030 972.5
1418040 985.5
1418050 985.5
1418060 994.5
1418070 1004.8
1418080 1004.8
1418090 1014.0
1418100 1027.2
1418110 1027.2
1418120 1042.8
1418130 1053.6
1418140 1053.6
1418150 1060.4
1418160 1063.6
1418170 1063.6
1418180 1066.5
1418190 1071.8
1418200 1071.8
1418210 1079.9
1418220 1085.9
1418230 1085.9
1418240 1087.6
1418250 1091.5
1418260 1098.8
1418270 1098.8
1418280 1114.0
1418290 1120.9
1418300 1120.9
1418310 1129.1
1418320 1134.0
1418330 1134.0
1418340 1137.7
1418350 1140.5
1418360 1140.5
1418370 1141.5
1418380 1143.2
1418390 1143.2
1418400 1147.8
1418410 1152.2
1418420 1152.2
1418430 1155.3
1418440 1158.5
1418450 1158.5
1418460 1160.5
1418470 1159.8
1418480 1159.8
1418490 1159.9
1418500 1163.0
1418510 1163.0
1418520 1169.6
1418530 1178.9
1418540 1178.9
1418550 1184.2
1418560 1184.9
1418570 1184.9
1418580 1186.0
1418590 1186.6
1418600 1186.6
1418610 1187.4
1418620 1189.8
1418630 1189.8
1418640 1192.1
1418650 1192.1
1418660 1192.1
1418670 1191.4
1418680 1188.4
1418690 1185.9
1418700 1185.9
1418710 1183.6
1418720 1182.1
1418730 1182.1
1418740 1179.5
1418750 1176.4
1418760 1176.4
1418770 1172.3
1418780 1167.8
1418790 1167.8
1418800 1162.8
1418810 1158.3
1418820 1158.3
1418830 1154.4
1418840 1150.5
1418850 1150.5
1418860 1145.4
1418870 1141.6
1418880 1141.6
1418890 1138.4
1418900 1134.6
1418910 1134.6
1418920 1130.5
1418930 1126.4
1418940 1126.4
1418950 1120.6
1418960 1111.8
1418970 1111.8
1418980 1109.0
1418990 1105.2
1419000 1105.2
1419010 1100.5
1419020 1093.1
1419030 1093.1
1419040 1089.2
1419050 1084.2
1419060 1084.2
1419070 1080.5
1419080 1074.7
1419090 1070.0
1419100 1070.0
1419110 1065.0
1419120 1058.7
1419130 1058.7
1419140 1050.1
1419150 1040.6
1419160 1040.6
1419170 1029.7
1419180 1021.4
1419190 1021.4
1419200 1014.4
1419210 1008.4
1419220 1008.4
1419230 999.5
1419240 988.7
1419250 988.7
1419260 979.7
1419270 971.2
1419280 971.2
1419290 962.2
1419300 955.1
1419310 955.1
1419320 949.7
1419330 945.1
1419340 945.1
1419350 941.1
1419360 937.9
1419370 937.9
1419380 934.3
1419390 929.5
1419400 929.5
1419410 925.8
1419420 919.2
1419430 919.2
1419440 911.0
1419450 905.4
1419460 905.4
1419470 898.5
1419480 891.3
1419490 891.3
1419500 882.6
1419510 876.5
1419520 871.1
1419530 871.1
1419540 865.7
1419550 858.6
1419560 858.6
1419570 851.5
1419580 845.4
1419590 845.4
1419600 839.1
1419610 832.5
1419620 832.5
1419630 824.1
1419640 820.6
1419650 820.6
1419660 813.0
1419670 805.2
1419680 805.2
1419690 803.4
1419700 801.2
1419710 801.2
1419720 800.1
1419730 800.2
1419740 800.2
1419750 799.2
1419760 796.4
1419770 796.4
1419780 795.5
1419790 796.2
1419800 796.2
1419810 796.2
1419820 796.0
1419830 796.0
1419840 795.5
1419850 792.2
1419860 792.2
1419870 790.0
1419880 790.5
1419890 790.5
1419900 792.1
1419910 794.7
1419920 797.7
1419930 797.7
1419940 801.6
1419950 804.7
1419960 804.7
1419970 807.4
1419980 809.7
1419990 809.7
