1400400 1204.0
1400410 1203.7
1400420 1203.7
1400430 1204.6
1400440 1205.3
1400450 1205.3
1400460 1205.7
1400470 1206.5
1400480 1206.5
1400490 1207.8
1400500 1208.7
1400510 1208.7
1400520 1209.5
1400530 1210.2
1400540 1210.2
1400550 1210.8
1400560 1210.9
1400570 1210.9
1400580 1210.7
1400590 1210.3
1400600 1210.3
1400610 1209.8
1400620 1209.0
1400630 1208.4
1400640 1208.4
1400650 1208.2
1400660 1208.4
1400670 1208.4
1400680 1209.3
1400690 1209.7
1400700 1209.7
1400710 1209.9
1400720 1209.9
1400730 1209.9
1400740 1209.6
1400750 1208.9
1400760 1208.9
1400770 1207.5
1400780 1206.1
1400790 1206.1
1400800 1205.1
1400810 1204.3
1400820 1204.3
1400830 1203.6
1400840 1202.8
1400850 1202.8
1400860 1202.2
1400870 1201.7
1400880 1201.7
1400890 1201.3
1400900 1200.9
1400910 1200.9
1400920 1200.7
1400930 1200.5
1400940 1200.5
1400950 1200.2
1400960 1199.4
1400970 1199.4
1400980 1198.4
1400990 1197.5
1401000 1197.5
1401010 1195.8
1401020 1192.7
1401030 1192.7
1401040 1198.1
1401050 1198.9
1401060 1198.8
1401070 1198.8
1401080 1198.6
1401090 1198.3
1401100 1198.3
1401110 1197.7
1401120 1197.0
1401130 1197.0
1401140 1196.0
1401150 1194.7
1401160 1194.7
1401170 1193.4
1401180 1191.4
1401190 1191.4
1401200 1189.7
1401210 1187.5
1401220 1187.5
1401230 1186.0
1401240 1184.7
1401250 1184.7
1401260 1183.8
1401270 1183.1
1401280 1183.1
1401290 1182.2
1401300 1180.9
1401310 1180.9
1401320 1179.3
1401330 1175.2
1401340 1175.2
1401350 1169.5
1401360 1166.6
1401370 1166.6
1401380 1164.3
1401390 1161.9
1401400 1161.9
1401410 1159.0
1401420 1156.7
1401430 1156.7
1401440 1155.3
1401450 1153.3
1401460 1151.8
1401470 1151.8
1401480 1149.9
1401490 1147.3
1401500 1147.3
1401510 1147.6
1401520 1147.0
1401530 1147.0
1401540 1145.2
1401550 1144.1
1401560 1144.1
1401570 1141.7
1401580 1140.2
1401590 1140.2
1401600 1138.7
1401610 1136.4
1401620 1136.4
1401630 1135.2
1401640 1137.0
1401650 1137.0
1401660 1135.8
1401670 1133.2
1401680 1133.2
1401690 1129.8
1401700 1126.0
1401710 1126.0
1401720 1123.3
1401730 1122.3
1401740 1122.3
1401750 1121.3
1401760 1117.1
1401770 1117.1
1401780 1112.0
1401790 1111.1
1401800 1111.1
1401810 1114.4
1401820 1117.9
1401830 1117.9
1401840 1120.0
1401850 1120.7
1401860 1120.7
1401870 1121.2
1401880 1121.6
1401890 1122.3
1401900 1122.3
1401910 1122.8
1401920 1123.5
1401930 1123.5
1401940 1124.2
1401950 1124.9
1401960 1124.9
1401970 1125.2
1401980 1125.8
1401990 1125.8
1402000 1126.2
1402010 1126.9
1402020 1126.9
1402030 1127.6
1402040 1128.5
1402050 1128.5
1402060 1129.6
1402070 1131.0
1402080 1131.0
1402090 1131.2
1402100 1129.8
1402110 1129.8
1402120 1126.5
1402130 1118.4
1402140 1118.4
1402150 1111.5
1402160 1115.6
1402170 1115.6
1402180 1125.8
1402190 1131.0
1402200 1131.0
1402210 1133.9
1402220 1135.0
1402230 1135.0
1402240 1136.7
1402250 1138.9
1402260 1138.9
1402270 1140.8
1402280 1142.8
1402290 1144.7
1402300 1144.7
1402310 1146.3
1402320 1147.8
1402330 1147.8
1402340 1149.2
1402350 1150.5
1402360 1150.5
1402370 1151.4
1402380 1152.0
1402390 1152.0
1402400 1152.3
1402410 1152.9
1402420 1152.9
1402430 1154.0
1402440 1156.3
1402450 1156.3
1402460 1157.4
1402470 1158.2
1402480 1158.2
1402490 1162.4
1402500 1167.3
1402510 1167.3
1402520 1173.0
1402530 1178.9
1402540 1178.9
1402550 1184.1
1402560 1188.3
1402570 1188.3
1402580 1191.3
1402590 1192.7
1402600 1192.7
1402610 1196.9
1402620 1201.0
1402630 1201.0
1402640 1203.9
1402650 1206.7
1402660 1206.7
1402670 1210.2
1402680 1214.1
1402690 1214.1
1402700 1217.9
1402710 1221.1
1402720 1223.9
1402730 1223.9
1402740 1225.4
1402750 1226.3
1402760 1226.3
1402770 1228.2
1402780 1230.6
1402790 1230.6
1402800 1233.2
1402810 1235.5
1402820 1235.5
1402830 1237.9
1402840 1241.3
1402850 1241.3
1402860 1244.8
1402870 1247.9
1402880 1247.9
1402890 1250.7
1402900 1253.9
1402910 1253.9
1402920 1256.8
1402930 1259.9
1402940 1259.9
1402950 1262.7
1402960 1265.6
1402970 1265.6
1402980 1269.0
1402990 1271.7
1403000 1271.7
1403010 1273.8
1403020 1275.8
1403030 1275.8
1403040 1277.4
1403050 1279.6
1403060 1279.6
1403070 1282.8
1403080 1286.7
1403090 1286.7
1403100 1290.1
1403110 1293.3
1403120 1296.0
1403130 1296.0
1403140 1298.5
1403150 1300.0
1403160 1300.0
1403170 1300.9
1403180 1301.7
1403190 1301.7
1403200 1302.5
1403210 1302.8
1403220 1302.8
1403230 1302.4
1403240 1302.4
1403250 1302.4
1403260 1302.2
1403270 1302.3
1403280 1302.3
1403290 1302.3
1403300 1301.8
1403310 1301.8
1403320 1301.3
1403330 1301.0
1403340 1301.0
1403350 1300.4
1403360 1299.9
1403370 1299.9
1403380 1299.1
1403390 1297.9
1403400 1297.9
1403410 1296.4
1403420 1295.0
1403430 1295.0
1403440 1294.1
1403450 1293.1
1403460 1293.1
1403470 1292.1
1403480 1290.7
1403490 1290.7
1403500 1289.2
1403510 1288.1
1403520 1288.1
1403530 1287.9
1403540 1287.6
1403550 1287.2
1403560 1287.2
1403570 1286.6
1403580 1285.2
1403590 1285.2
1403600 1282.9
1403610 1280.9
1403620 1280.9
1403630 1278.3
1403640 1276.1
1403650 1276.1
1403660 1274.3
1403670 1272.0
1403680 1272.0
1403690 1269.6
1403700 1267.4
1403710 1267.4
1403720 1265.3
1403730 1264.2
1403740 1264.2
1403750 1262.8
1403760 1261.7
1403770 1261.7
1403780 1261.3
1403790 1260.3
1403800 1260.3
1403810 1259.5
1403820 1258.2
1403830 1258.2
1403840 1257.4
1403850 1257.7
1403860 1257.7
1403870 1257.9
1403880 1257.5
1403890 1257.5
1403900 1257.1
1403910 1257.0
1403920 1257.0
1403930 1257.4
1403940 1257.0
1403950 1256.8
1403960 1256.8
1403970 1256.9
1403980 1257.5
1403990 1257.5
1404000 1257.4
1404010 1257.0
1404020 1257.0
1404030 1256.8
1404040 1256.4
1404050 1256.4
1404060 1255.6
1404070 1254.7
1404080 1254.7
1404090 1253.9
1404100 1253.0
1404110 1253.0
1404120 1252.9
1404130 1253.1
1404140 1253.1
1404150 1253.0
1404160 1252.8
1404170 1249.4
1404180 1249.9
1404190 1250.2
1404200 1250.2
1404210 1248.1
1404220 1249.2
1404230 1249.2
1404240 1251.6
1404250 1252.4
1404260 1252.4
1404270 1252.3
1404280 1253.2
1404290 1253.2
1404300 1253.8
1404310 1254.5
1404320 1254.5
1404330 1256.1
1404340 1257.9
1404350 1257.9
1404360 1259.1
1404370 1260.7
1404380 1263.1
1404390 1263.1
1404400 1265.5
1404410 1267.7
1404420 1267.7
1404430 1269.5
1404440 1271.2
1404450 1271.2
1404460 1272.8
1404470 1274.0
1404480 1274.0
1404490 1274.5
1404500 1274.7
1404510 1274.7
1404520 1275.1
1404530 1275.4
1404540 1275.4
1404550 1275.8
1404560 1276.4
1404570 1276.4
1404580 1276.6
1404590 1276.7
1404600 1276.7
1404610 1277.3
1404620 1277.4
1404630 1277.4
1404640 1277.6
1404650 1277.5
1404660 1277.5
1404670 1277.6
1404680 1277.7
1404690 1277.7
1404700 1277.9
1404710 1277.9
1404720 1277.9
1404730 1277.8
1404740 1277.8
1404750 1277.8
1404760 1277.8
1404770 1277.5
1404780 1277.1
1404790 1277.1
1404800 1276.7
1404810 1276.5
1404820 1276.5
1404830 1276.0
1404840 1275.4
1404850 1275.4
1404860 1274.7
1404870 1274.0
1404880 1274.0
1404890 1273.1
1404900 1271.8
1404910 1271.8
1404920 1270.7
1404930 1269.6
1404940 1269.6
1404950 1268.5
1404960 1267.3
1404970 1267.3
1404980 1266.3
1404990 1265.1
1405000 1265.1
1405010 1263.8
1405020 1262.5
1405030 1262.5
1405040 1261.3
1405050 1259.7
1405060 1259.7
1405070 1258.0
1405080 1255.8
1405090 1255.8
1405100 1252.6
1405110 1249.3
1405120 1249.3
1405130 1246.1
1405140 1242.8
1405150 1242.8
1405160 1238.8
1405170 1234.4
1405180 1234.4
1405190 1230.3
1405200 1227.8
1405210 1230.9
1405220 1230.9
1405230 1233.5
1405240 1234.7
1405250 1234.7
1405260 1234.4
1405270 1234.8
1405280 1234.8
1405290 1236.0
1405300 1237.6
1405310 1237.6
1405320 1238.8
1405330 1240.3
1405340 1240.3
1405350 1241.7
1405360 1242.9
1405370 1242.9
1405380 1243.9
1405390 1244.7
1405400 1244.7
1405410 1244.9
1405420 1245.3
1405430 1245.3
1405440 1246.0
1405450 1246.8
1405460 1246.8
1405470 1247.3
1405480 1247.5
1405490 1247.5
1405500 1247.6
1405510 1247.9
1405520 1247.9
1405530 1248.1
1405540 1248.3
1405550 1248.3
1405560 1248.4
1405570 1248.6
1405580 1248.6
1405590 1248.3
1405600 1247.8
1405610 1247.3
1405620 1247.3
1405630 1246.7
1405640 1245.8
1405650 1245.8
1405660 1245.1
1405670 1244.8
1405680 1244.8
1405690 1244.5
1405700 1243.8
1405710 1243.8
1405720 1242.2
1405730 1241.1
1405740 1241.1
1405750 1240.8
1405760 1240.8
1405770 1240.8
1405780 1240.2
1405790 1239.9
1405800 1239.9
1405810 1239.6
1405820 1239.0
1405830 1239.0
1405840 1238.4
1405850 1237.7
1405860 1237.7
1405870 1236.7
1405880 1235.9
1405890 1235.9
1405900 1234.7
1405910 1233.1
1405920 1233.1
1405930 1231.7
1405940 1230.6
1405950 1230.6
1405960 1230.0
1405970 1229.4
1405980 1229.4
1405990 1229.0
1406000 1228.1
1406010 1228.1
1406020 1226.3
1406030 1224.2
1406040 1222.5
1406050 1222.5
1406060 1220.1
1406070 1214.5
1406080 1214.5
1406090 1203.7
1406100 1191.7
1406110 1191.7
1406120 1184.6
1406130 1180.0
1406140 1180.0
1406150 1176.4
1406160 1173.9
1406170 1173.9
1406180 1169.2
1406190 1165.1
1406200 1165.1
1406210 1161.8
1406220 1157.8
1406230 1157.8
1406240 1152.3
1406250 1147.6
1406260 1147.6
1406270 1143.5
1406280 1139.1
1406290 1139.1
1406300 1134.8
1406310 1129.2
1406320 1129.2
1406330 1122.1
1406340 1114.8
1406350 1114.8
1406360 1107.6
1406370 1100.6
1406380 1100.6
1406390 1095.4
1406400 1091.5
1406410 1091.5
1406420 1087.5
1406430 1083.6
1406440 1083.6
1406450 1080.2
1406460 1077.0
1406470 1075.6
1406480 1075.6
1406490 1073.2
1406500 1070.4
1406510 1070.4
1406520 1067.4
1406530 1064.2
1406540 1064.2
1406550 1060.5
1406560 1057.4
1406570 1057.4
1406580 1054.3
1406590 1051.5
1406600 1051.5
1406610 1049.1
1406620 1046.8
1406630 1046.8
1406640 1044.3
1406650 1043.2
1406660 1043.2
1406670 1041.6
1406680 1039.7
1406690 1039.7
1406700 1038.0
1406710 1036.7
1406720 1036.7
1406730 1034.4
1406740 1031.8
1406750 1031.8
1406760 1029.1
1406770 1026.3
1406780 1026.3
1406790 1022.1
1406800 1017.1
1406810 1017.1
1406820 1012.3
1406830 1007.6
1406840 1007.6
1406850 1003.0
1406860 998.4
1406870 992.8
1406880 992.8
1406890 986.5
1406900 980.6
1406910 980.6
1406920 976.0
1406930 971.9
1406940 971.9
1406950 968.8
1406960 965.1
1406970 965.1
1406980 961.1
1406990 956.2
1407000 956.2
1407010 952.8
1407020 949.7
1407030 949.7
1407040 945.8
1407050 942.7
1407060 942.7
1407070 939.6
1407080 936.9
1407090 936.9
1407100 936.6
1407110 937.8
1407120 937.8
1407130 938.5
1407140 938.2
1407150 938.2
1407160 938.5
1407170 937.9
1407180 937.9
1407190 936.6
1407200 934.4
1407210 934.4
1407220 931.7
1407230 929.5
1407240 929.5
1407250 927.3
1407260 924.3
1407270 924.3
1407280 917.0
1407290 912.3
1407300 910.7
1407310 910.7
1407320 910.7
1407330 908.0
1407340 908.0
1407350 904.6
1407360 902.2
1407370 902.2
1407380 900.8
1407390 899.9
1407400 899.9
1407410 899.7
1407420 894.6
1407430 894.6
1407440 895.0
1407450 896.5
1407460 896.5
1407470 899.8
1407480 901.7
1407490 901.7
1407500 900.4
1407510 898.8
1407520 898.8
1407530 896.6
1407540 894.9
1407550 894.9
1407560 892.3
1407570 891.1
1407580 891.1
1407590 890.6
1407600 887.1
1407610 887.1
1407620 884.4
1407630 882.8
1407640 882.8
1407650 885.6
1407660 886.9
1407670 886.9
1407680 886.0
1407690 885.4
1407700 887.0
1407710 887.0
1407720 890.6
1407730 893.5
1407740 893.5
1407750 893.8
1407760 892.0
1407770 892.0
1407780 890.4
1407790 895.1
1407800 895.1
1407810 899.0
1407820 901.5
1407830 901.5
1407840 903.2
1407850 905.7
1407860 905.7
1407870 908.4
1407880 910.2
1407890 910.2
1407900 910.6
1407910 911.6
1407920 911.6
1407930 913.1
1407940 914.5
1407950 914.5
1407960 916.0
1407970 916.6
1407980 916.6
1407990 916.5
1408000 916.1
1408010 916.1
1408020 915.6
1408030 915.1
1408040 915.1
1408050 914.6
1408060 913.6
1408070 913.6
1408080 912.6
1408090 912.0
1408100 912.0
1408110 911.6
1408120 911.3
1408130 910.8
1408140 910.8
1408150 910.8
1408160 910.2
1408170 910.2
1408180 909.4
1408190 908.9
1408200 908.9
1408210 908.5
1408220 906.9
1408230 906.9
1408240 905.1
1408250 904.8
1408260 904.8
1408270 905.1
1408280 907.2
1408290 907.2
1408300 909.0
1408310 910.7
1408320 910.7
1408330 912.1
1408340 911.7
1408350 911.7
1408360 910.6
1408370 909.5
1408380 909.5
1408390 908.7
1408400 908.0
1408410 908.0
1408420 906.9
1408430 906.2
1408440 906.2
1408450 904.3
1408460 901.1
1408470 901.1
1408480 897.6
1408490 894.5
1408500 894.5
1408510 892.0
1408520 889.3
1408530 889.0
1408540 889.0
1408550 888.8
1408560 888.5
1408570 888.5
1408580 888.4
1408590 887.5
1408600 887.5
1408610 887.1
1408620 887.9
1408630 887.9
1408640 888.6
1408650 888.6
1408660 888.6
1408670 888.5
1408680 888.2
1408690 888.2
1408700 885.0
1408710 884.5
1408720 884.5
1408730 885.7
1408740 884.4
1408750 884.4
1408760 883.4
1408770 883.3
1408780 883.3
1408790 884.1
1408800 886.0
1408810 886.0
1408820 887.5
1408830 889.1
1408840 889.1
1408850 890.2
1408860 891.0
1408870 891.0
1408880 890.9
1408890 891.6
1408900 891.6
1408910 893.8
1408920 896.7
1408930 896.7
1408940 899.3
1408950 901.1
1408960 902.6
1408970 902.6
1408980 903.6
1408990 904.0
1409000 904.0
1409010 904.4
1409020 905.0
1409030 905.0
1409040 905.7
1409050 906.4
1409060 906.4
1409070 904.0
1409080 901.1
1409090 901.1
1409100 890.3
1409110 888.0
1409120 888.0
1409130 885.1
1409140 882.9
1409150 882.9
1409160 880.4
1409170 878.0
1409180 878.0
1409190 873.9
1409200 870.6
1409210 870.6
1409220 870.0
1409230 869.4
1409240 869.4
1409250 868.1
1409260 866.3
1409270 866.3
1409280 859.9
1409290 854.3
1409300 854.3
1409310 856.6
1409320 858.6
1409330 858.6
1409340 861.5
1409350 864.5
1409360 867.7
1409370 867.7
1409380 870.9
1409390 873.9
1409400 873.9
1409410 874.4
1409420 873.3
1409430 873.3
1409440 871.7
1409450 869.3
1409460 869.3
1409470 866.3
1409480 862.5
1409490 862.5
1409500 857.9
1409510 852.9
1409520 852.9
1409530 847.4
1409540 841.8
1409550 841.8
1409560 835.1
1409570 823.5
1409580 823.5
1409590 816.2
1409600 822.4
1409610 822.4
1409620 824.9
1409630 822.4
1409640 822.4
1409650 815.4
1409660 802.9
1409670 802.9
1409680 797.0
1409690 794.4
1409700 794.4
1409710 790.7
1409720 789.8
1409730 789.8
1409740 791.1
1409750 789.5
1409760 789.5
1409770 787.9
1409780 786.5
1409790 785.2
1409800 785.2
1409810 786.7
1409820 788.6
1409830 788.6
1409840 789.2
1409850 790.4
1409860 790.4
1409870 793.2
1409880 797.8
1409890 797.8
1409900 795.9
1409910 791.0
1409920 791.0
1409930 790.0
1409940 791.4
1409950 791.4
1409960 794.4
1409970 797.8
1409980 797.8
1409990 801.8
1410000 803.0
1410010 803.0
1410020 803.2
1410030 804.1
1410040 804.1
1410050 807.0
1410060 807.8
1410070 807.8
1410080 806.4
1410090 804.6
1410100 804.6
1410110 798.9
1410120 789.2
1410130 789.2
1410140 781.2
1410150 777.2
1410160 777.2
1410170 774.3
1410180 768.9
1410190 751.7
1410200 751.7
1410210 718.0
1410220 707.6
1410230 707.6
1410240 698.4
1410250 687.8
1410260 687.8
1410270 682.6
1410280 679.4
1410290 679.4
1410300 676.0
1410310 673.1
1410320 673.1
1410330 671.8
1410340 671.6
1410350 671.6
1410360 672.8
1410370 674.2
1410380 674.2
1410390 675.6
1410400 678.9
1410410 678.9
1410420 686.5
1410430 690.1
1410440 690.1
1410450 696.5
1410460 703.4
1410470 703.4
1410480 708.0
1410490 712.0
1410500 712.0
1410510 715.6
1410520 717.8
1410530 717.8
1410540 719.0
1410550 720.1
1410560 720.1
1410570 720.9
1410580 721.3
1410590 721.3
1410600 722.1
1410610 724.2
1410620 726.0
1410630 726.0
1410640 727.2
1410650 728.6
1410660 728.6
1410670 731.7
1410680 733.3
1410690 733.3
1410700 733.4
1410710 732.5
1410720 732.5
1410730 731.2
1410740 729.1
1410750 729.1
1410760 727.6
1410770 726.3
1410780 726.3
1410790 723.2
1410800 721.1
1410810 721.1
1410820 714.3
1410830 711.6
1410840 711.6
1410850 709.0
1410860 706.6
1410870 706.6
1410880 703.7
1410890 700.5
1410900 700.5
1410910 703.7
1410920 704.0
1410930 704.0
1410940 699.2
1410950 695.9
1410960 695.9
1410970 695.5
1410980 694.8
1410990 694.8
1411000 693.1
1411010 690.5
1411020 688.9
1411030 688.9
1411040 688.0
1411050 686.0
1411060 686.0
1411070 681.3
1411080 676.5
1411090 676.5
1411100 672.7
1411110 669.7
1411120 669.7
1411130 667.2
1411140 665.0
1411150 665.0
1411160 665.0
1411170 665.2
1411180 665.2
1411190 664.6
1411200 662.9
1411210 662.9
1411220 662.1
1411230 662.7
1411240 662.7
1411250 663.5
1411260 665.7
1411270 665.7
1411280 668.2
1411290 669.4
1411300 669.4
1411310 669.9
1411320 672.0
1411330 672.0
1411340 674.8
1411350 678.7
1411360 678.7
1411370 682.9
1411380 687.3
1411390 687.3
1411400 689.5
1411410 691.7
1411420 691.7
1411430 690.1
1411440 691.4
1411450 695.3
1411460 695.3
1411470 697.1
1411480 696.6
1411490 696.6
1411500 696.0
1411510 696.4
1411520 696.4
1411530 696.9
1411540 697.5
1411550 697.5
1411560 698.6
1411570 700.5
1411580 700.5
1411590 702.4
1411600 704.4
1411610 704.4
1411620 705.0
1411630 705.5
1411640 705.5
1411650 707.2
1411660 707.9
1411670 707.9
1411680 709.6
1411690 711.4
1411700 711.4
1411710 713.9
1411720 716.6
1411730 716.6
1411740 719.6
1411750 722.1
1411760 722.1
1411770 724.7
1411780 727.2
1411790 727.2
1411800 729.0
1411810 729.4
1411820 729.4
1411830 728.1
1411840 727.8
1411850 727.8
1411860 730.0
1411870 731.4
1411880 731.9
1411890 731.9
1411900 731.0
1411910 731.6
1411920 731.6
1411930 732.9
1411940 733.9
1411950 733.9
1411960 734.6
1411970 734.1
1411980 734.1
1411990 733.5
1412000 732.0
1412010 732.0
1412020 731.6
1412030 732.3
1412040 732.3
1412050 732.7
1412060 732.9
1412070 732.9
1412080 733.4
1412090 735.4
1412100 735.4
1412110 738.0
1412120 740.7
1412130 740.7
1412140 744.2
1412150 746.4
1412160 746.4
1412170 747.7
1412180 748.3
1412190 748.3
1412200 749.4
1412210 749.9
1412220 749.9
1412230 750.1
1412240 750.3
1412250 750.3
1412260 750.2
1412270 749.2
1412280 750.1
1412290 750.1
1412300 751.1
1412310 751.5
1412320 751.5
1412330 752.2
1412340 753.2
1412350 753.2
1412360 753.7
1412370 754.2
1412380 754.2
1412390 755.2
1412400 756.5
1412410 756.5
1412420 757.9
1412430 758.9
1412440 758.9
1412450 759.3
1412460 759.6
1412470 759.6
1412480 759.8
1412490 758.5
1412500 758.5
1412510 756.7
1412520 754.3
1412530 754.3
1412540 752.6
1412550 751.6
1412560 751.6
1412570 749.3
1412580 740.9
1412590 740.9
1412600 738.7
1412610 736.8
1412620 736.8
1412630 735.0
1412640 733.6
1412650 733.6
1412660 732.2
1412670 731.7
1412680 731.7
1412690 730.8
1412700 728.7
1412710 726.8
1412720 726.8
1412730 725.2
1412740 723.8
1412750 723.8
1412760 723.2
1412770 721.9
1412780 721.9
1412790 720.5
1412800 719.1
1412810 719.1
1412820 717.6
1412830 714.4
1412840 714.4
1412850 705.0
1412860 693.1
1412870 693.1
1412880 682.1
1412890 672.4
1412900 672.4
1412910 664.9
1412920 658.1
1412930 658.1
1412940 653.2
1412950 650.6
1412960 650.6
1412970 649.4
1412980 654.3
1412990 654.3
1413000 661.3
1413010 668.3
1413020 668.3
1413030 675.3
1413040 681.6
1413050 681.6
1413060 687.7
1413070 694.4
1413080 694.4
1413090 700.2
1413100 704.1
1413110 707.5
1413120 707.5
1413130 709.9
1413140 712.1
1413150 712.1
1413160 713.0
1413170 713.3
1413180 713.3
1413190 711.0
1413200 705.9
1413210 705.9
1413220 699.5
1413230 691.5
1413240 691.5
1413250 684.5
1413260 679.7
1413270 679.7
1413280 675.2
1413290 669.5
1413300 669.5
1413310 663.4
1413320 658.5
1413330 658.5
1413340 655.3
1413350 651.7
1413360 651.7
1413370 645.9
1413380 639.5
1413390 639.5
1413400 639.8
1413410 637.5
1413420 637.5
1413430 634.1
1413440 628.7
1413450 628.7
1413460 624.3
1413470 620.7
1413480 620.7
1413490 618.9
1413500 618.6
1413510 618.6
1413520 616.4
1413530 613.7
1413540 613.0
1413550 613.0
1413560 612.4
1413570 612.0
1413580 612.0
1413590 611.7
1413600 611.8
1413610 611.8
1413620 612.1
1413630 612.5
1413640 612.5
1413650 612.9
1413660 613.2
1413670 613.2
1413680 613.1
1413690 612.7
1413700 612.7
1413710 612.7
1413720 612.5
1413730 612.5
1413740 611.9
1413750 610.8
1413760 610.8
1413770 610.2
1413780 610.0
1413790 610.0
1413800 609.8
1413810 610.0
1413820 610.0
1413830 610.6
1413840 611.0
1413850 611.0
1413860 612.9
1413870 616.6
1413880 616.6
1413890 620.0
1413900 622.8
1413910 622.8
1413920 628.1
1413930 630.0
1413940 626.4
1413950 626.4
1413960 618.9
1413970 613.9
1413980 613.9
1413990 609.8
1414000 605.9
1414010 605.9
1414020 604.0
1414030 602.3
1414040 602.3
1414050 602.4
1414060 602.2
1414070 602.2
1414080 601.7
1414090 599.1
1414100 599.1
1414110 596.2
1414120 594.8
1414130 594.8
1414140 594.4
1414150 594.3
1414160 594.3
1414170 592.4
1414180 591.3
1414190 591.3
1414200 591.1
1414210 593.6
1414220 593.6
1414230 597.0
1414240 597.6
1414250 597.6
1414260 597.4
1414270 597.6
1414280 597.6
1414290 597.7
1414300 598.2
1414310 598.2
1414320 600.2
1414330 600.8
1414340 600.8
1414350 600.1
1414360 599.1
1414370 598.5
1414380 598.5
1414390 597.7
1414400 597.2
1414410 597.2
1414420 597.0
1414430 596.2
1414440 596.2
1414450 595.3
1414460 595.2
1414470 595.2
1414480 595.9
1414490 596.8
1414500 596.8
1414510 597.7
1414520 598.6
1414530 598.6
1414540 599.5
1414550 600.5
1414560 600.5
1414570 601.4
1414580 602.1
1414590 602.1
1414600 602.0
1414610 602.9
1414620 602.9
1414630 606.6
1414640 610.3
1414650 610.3
1414660 613.3
1414670 615.4
1414680 615.4
1414690 617.8
1414700 619.9
1414710 619.9
1414720 624.5
1414730 629.2
1414740 629.2
1414750 633.2
1414760 638.1
1414770 642.5
1414780 642.5
1414790 646.0
1414800 648.1
1414810 648.1
1414820 648.5
1414830 648.2
1414840 648.2
1414850 647.9
1414860 648.0
1414870 648.0
1414880 648.5
1414890 646.9
1414900 646.9
1414910 644.0
1414920 642.6
1414930 642.6
1414940 637.1
1414950 635.1
1414960 635.1
1414970 634.2
1414980 634.0
1414990 634.0
1415000 633.9
1415010 633.8
1415020 633.8
1415030 633.5
1415040 633.2
1415050 633.2
1415060 633.7
1415070 634.0
1415080 634.0
1415090 633.8
1415100 633.3
1415110 633.3
1415120 632.7
1415130 631.6
1415140 631.6
1415150 630.8
1415160 630.0
1415170 630.0
1415180 628.9
1415190 627.8
1415200 626.7
1415210 626.7
1415220 626.0
1415230 625.1
1415240 625.1
1415250 625.0
1415260 625.6
1415270 625.6
1415280 626.0
1415290 626.2
1415300 626.2
1415310 626.5
1415320 626.8
1415330 626.8
1415340 626.8
1415350 626.4
1415360 626.4
1415370 626.0
1415380 626.9
1415390 626.9
1415400 628.6
1415410 629.3
1415420 629.3
1415430 629.2
1415440 629.2
1415450 629.2
1415460 629.1
1415470 628.7
1415480 628.7
1415490 627.8
1415500 626.8
1415510 626.8
1415520 625.1
1415530 621.9
1415540 621.9
1415550 618.9
1415560 616.0
1415570 616.0
1415580 613.9
1415590 612.8
1415600 610.5
1415610 610.5
1415620 607.4
1415630 606.3
1415640 606.3
1415650 605.9
1415660 605.4
1415670 605.4
1415680 604.1
1415690 601.8
1415700 601.8
1415710 601.3
1415720 601.6
1415730 601.6
1415740 601.9
1415750 602.6
1415760 602.6
1415770 605.0
1415780 606.3
1415790 606.3
1415800 605.5
1415810 605.6
1415820 605.6
1415830 606.2
1415840 604.7
1415850 604.7
1415860 602.7
1415870 601.4
1415880 601.4
1415890 599.3
1415900 596.1
1415910 596.1
1415920 594.4
1415930 591.2
1415940 591.2
1415950 589.0
1415960 587.4
1415970 587.4
1415980 586.7
1415990 586.1
1416000 586.1
1416010 585.7
1416020 585.4
1416030 585.1
1416040 585.1
1416050 584.7
1416060 584.4
1416070 584.4
1416080 584.1
1416090 583.9
1416100 583.9
1416110 583.5
1416120 583.1
1416130 583.1
1416140 582.7
1416150 582.4
1416160 582.4
1416170 582.1
1416180 581.7
1416190 581.7
1416200 581.4
1416210 580.8
1416220 580.8
1416230 580.4
1416240 580.0
1416250 580.0
1416260 579.7
1416270 579.4
1416280 579.4
1416290 579.0
1416300 578.7
1416310 578.7
1416320 578.4
1416330 578.2
1416340 578.2
1416350 577.9
1416360 577.7
1416370 577.7
1416380 577.5
1416390 577.3
1416400 577.3
1416410 576.9
1416420 576.0
1416430 575.5
1416440 575.5
1416450 575.2
1416460 574.9
1416470 574.9
1416480 574.0
1416490 573.5
1416500 573.5
1416510 572.8
1416520 572.2
1416530 572.2
1416540 571.5
1416550 570.8
1416560 570.8
1416570 570.3
1416580 570.0
1416590 570.0
1416600 569.8
1416610 569.5
1416620 569.5
1416630 569.2
1416640 568.9
1416650 568.9
1416660 568.7
1416670 568.5
1416680 568.5
1416690 568.2
1416700 568.1
1416710 568.1
1416720 567.9
1416730 567.6
1416740 567.6
1416750 564.4
1416760 558.2
1416770 558.2
1416780 553.4
1416790 551.3
1416800 551.3
1416810 551.1
1416820 551.1
1416830 551.1
1416840 551.4
1416850 551.7
1416860 551.8
1416870 551.8
1416880 551.8
1416890 551.9
1416900 551.9
1416910 552.0
1416920 551.7
1416930 551.7
1416940 551.5
1416950 551.5
1416960 551.5
1416970 551.4
1416980 551.5
1416990 551.5
1417000 551.6
1417010 551.5
1417020 551.5
1417030 551.0
1417040 550.4
1417050 550.4
1417060 548.6
1417070 544.6
1417080 544.6
1417090 544.5
1417100 544.4
1417110 544.4
1417120 544.2
1417130 543.1
1417140 543.1
1417150 541.5
1417160 541.3
1417170 541.3
1417180 539.6
1417190 536.3
1417200 536.3
1417210 536.2
1417220 536.5
1417230 536.5
1417240 539.2
1417250 539.9
1417260 539.9
1417270 539.9
1417280 539.9
1417290 539.9
1417300 539.9
1417310 540.8
1417320 547.0
1417330 547.0
1417340 555.6
1417350 558.7
1417360 558.7
1417370 559.2
1417380 559.5
1417390 559.5
1417400 560.0
1417410 560.3
1417420 560.3
1417430 560.5
1417440 561.3
1417450 561.3
1417460 562.6
1417470 563.6
1417480 563.6
1417490 564.4
1417500 565.2
1417510 565.2
1417520 565.3
1417530 565.6
1417540 565.6
1417550 566.2
1417560 567.3
1417570 567.3
1417580 571.3
1417590 576.4
1417600 576.4
1417610 582.4
1417620 585.3
1417630 585.3
1417640 591.0
1417650 598.2
1417660 598.2
1417670 604.3
1417680 608.5
1417690 611.2
1417700 611.2
1417710 611.6
1417720 612.9
1417730 612.9
1417740 613.8
1417750 614.7
1417760 614.7
1417770 614.6
1417780 614.8
1417790 614.8
1417800 615.1
1417810 616.6
1417820 616.6
1417830 619.8
1417840 624.1
1417850 624.1
1417860 628.8
1417870 631.9
1417880 631.9
1417890 634.1
1417900 637.4
1417910 637.4
1417920 639.4
1417930 640.4
1417940 640.4
1417950 641.9
1417960 644.6
1417970 644.6
1417980 646.5
1417990 647.8
1418000 647.8
1418010 649.4
1418020 650.6
1418030 650.6
1418040 653.1
1418050 656.0
1418060 656.0
1418070 660.0
1418080 664.7
1418090 668.9
1418100 668.9
1418110 672.0
1418120 674.2
1418130 674.2
1418140 679.6
1418150 680.5
1418160 680.5
1418170 681.2
1418180 682.0
1418190 682.0
1418200 683.0
1418210 684.6
1418220 684.6
1418230 689.7
1418240 695.2
1418250 695.2
1418260 700.9
1418270 705.8
1418280 705.8
1418290 710.9
1418300 715.7
1418310 715.7
1418320 720.7
1418330 726.6
1418340 726.6
1418350 733.5
1418360 740.6
1418370 740.6
1418380 745.9
1418390 748.8
1418400 748.8
1418410 750.3
1418420 752.3
1418430 752.3
1418440 757.8
1418450 764.5
1418460 764.5
1418470 771.3
1418480 777.2
1418490 777.2
1418500 782.3
1418510 786.9
1418520 790.5
1418530 790.5
1418540 792.0
1418550 793.1
1418560 793.1
1418570 794.6
1418580 798.0
1418590 798.0
1418600 803.4
1418610 809.5
1418620 809.5
1418630 815.1
1418640 821.9
1418650 821.9
1418660 829.1
1418670 835.8
1418680 835.8
1418690 841.0
1418700 845.1
1418710 845.1
1418720 850.0
1418730 859.0
1418740 859.0
1418750 870.8
1418760 877.6
1418770 877.6
1418780 881.3
1418790 885.7
1418800 885.7
1418810 887.4
1418820 889.1
1418830 889.1
1418840 895.7
1418850 906.1
1418860 906.1
1418870 917.0
1418880 926.0
1418890 926.0
1418900 934.4
1418910 942.8
1418920 949.5
1418930 949.5
1418940 956.1
1418950 964.2
1418960 964.2
1418970 986.6
1418980 1005.1
1418990 1005.1
1419000 1022.7
1419010 1035.6
1419020 1035.6
1419030 1043.0
1419040 1055.7
1419050 1055.7
1419060 1082.9
1419070 1107.4
1419080 1107.4
1419090 1126.7
1419100 1136.5
1419110 1136.5
1419120 1152.5
1419130 1162.0
1419140 1162.0
1419150 1168.0
1419160 1178.2
1419170 1178.2
1419180 1191.3
1419190 1195.4
1419200 1195.4
1419210 1197.7
1419220 1204.6
1419230 1204.6
1419240 1204.5
1419250 1201.8
1419260 1201.8
1419270 1198.8
1419280 1212.7
1419290 1212.7
1419300 1227.8
1419310 1247.6
1419320 1247.6
1419330 1265.1
1419340 1267.2
1419350 1266.4
1419360 1266.4
1419370 1262.6
1419380 1258.9
1419390 1258.9
1419400 1258.8
1419410 1255.0
1419420 1255.0
1419430 1246.3
1419440 1239.4
1419450 1239.4
1419460 1234.0
1419470 1229.9
1419480 1229.9
1419490 1224.2
1419500 1218.3
1419510 1218.3
1419520 1214.3
1419530 1210.4
1419540 1210.4
1419550 1206.7
1419560 1203.8
1419570 1203.8
1419580 1199.1
1419590 1194.4
1419600 1194.4
1419610 1190.5
1419620 1187.5
1419630 1187.5
1419640 1183.6
1419650 1179.5
1419660 1179.5
1419670 1174.4
1419680 1168.9
1419690 1168.9
1419700 1164.0
1419710 1157.4
1419720 1157.4
1419730 1149.9
1419740 1142.9
1419750 1134.8
1419760 1134.8
1419770 1126.8
1419780 1119.3
1419790 1119.3
1419800 1109.7
1419810 1103.7
1419820 1103.7
1419830 1099.5
1419840 1090.3
1419850 1090.3
1419860 1081.2
1419870 1072.0
1419880 1072.0
1419890 1062.2
1419900 1051.3
1419910 1051.3
1419920 1039.3
1419930 1030.0
1419940 1030.0
1419950 1022.6
1419960 1016.8
1419970 1016.8
1419980 1008.1
1419990 993.9
