1401310 1159.4
1401320 1159.4
1401330 1159.4
1401340 1159.5
1401350 1159.5
1401360 1161.2
1401370 1163.0
1401380 1163.0
1401390 1165.5
1401400 1167.4
1401410 1167.4
1401420 1168.2
1401430 1168.1
1401440 1168.1
1401450 1167.2
1401460 1166.7
1401470 1166.7
1401480 1168.5
1401490 1171.1
1401500 1171.1
1401510 1173.1
1401520 1173.9
1401530 1173.9
1401540 1173.9
1401550 1173.8
1401560 1174.5
1401570 1174.5
1401580 1176.1
1401590 1178.5
1401600 1178.5
1401610 1180.0
1401620 1181.0
1401630 1181.0
1401640 1181.9
1401650 1182.6
1401660 1182.6
1401670 1183.5
1401680 1184.1
1401690 1184.1
1401700 1185.0
1401710 1185.4
1401720 1185.4
1401730 1185.6
1401740 1185.6
1401750 1185.6
1401760 1185.6
1401770 1185.5
1401780 1185.5
1401790 1185.6
1401800 1185.4
1401810 1185.4
1401820 1185.4
1401830 1185.6
1401840 1185.6
1401850 1186.1
1401860 1187.2
1401870 1187.2
1401880 1188.1
1401890 1188.8
1401900 1188.8
1401910 1190.4
1401920 1192.3
1401930 1192.3
1401940 1193.9
1401950 1195.5
1401960 1196.3
1401970 1196.3
1401980 1196.0
1401990 1195.8
1402000 1195.8
1402010 1196.0
1402020 1196.9
1402030 1196.9
1402040 1197.0
1402050 1196.2
1402060 1196.2
1402070 1196.7
1402080 1202.1
1402090 1202.1
1402100 1204.4
1402110 1205.6
1402120 1205.6
1402130 1206.8
1402140 1207.9
1402150 1207.9
1402160 1209.0
1402170 1210.3
1402180 1210.3
1402190 1211.4
1402200 1212.6
1402210 1212.6
1402220 1213.8
1402230 1214.8
1402240 1214.8
1402250 1215.6
1402260 1216.1
1402270 1216.1
1402280 1216.6
1402290 1216.9
1402300 1216.9
1402310 1217.1
1402320 1217.4
1402330 1217.4
1402340 1217.6
1402350 1217.7
1402360 1217.7
1402370 1217.7
1402380 1217.6
1402390 1217.7
1402400 1217.7
1402410 1217.7
1402420 1217.5
1402430 1217.5
1402440 1217.5
1402450 1217.7
1402460 1217.7
1402470 1218.0
1402480 1218.4
1402490 1218.4
1402500 1219.1
1402510 1219.9
1402520 1219.9
1402530 1221.0
1402540 1221.7
1402550 1221.7
1402560 1222.7
1402570 1223.9
1402580 1223.9
1402590 1225.2
1402600 1226.1
1402610 1226.1
1402620 1227.2
1402630 1228.5
1402640 1228.5
1402650 1229.4
1402660 1230.1
1402670 1230.1
1402680 1230.6
1402690 1231.0
1402700 1231.0
1402710 1231.2
1402720 1231.1
1402730 1231.1
1402740 1231.3
1402750 1231.6
1402760 1231.6
1402770 1232.4
1402780 1233.1
1402790 1233.1
1402800 1233.8
1402810 1234.4
1402820 1235.1
1402830 1235.1
1402840 1235.8
1402850 1236.9
1402860 1236.9
1402870 1237.6
1402880 1238.0
1402890 1238.0
1402900 1238.6
1402910 1239.0
1402920 1239.0
1402930 1239.6
1402940 1239.6
1402950 1239.6
1402960 1239.4
1402970 1239.2
1402980 1239.2
1402990 1239.2
1403000 1239.3
1403010 1239.3
1403020 1239.7
1403030 1240.5
1403040 1240.5
1403050 1241.1
1403060 1242.1
1403070 1242.1
1403080 1242.7
1403090 1243.2
1403100 1243.2
1403110 1243.7
1403120 1244.7
1403130 1244.7
1403140 1245.5
1403150 1245.1
1403160 1245.1
1403170 1243.2
1403180 1242.4
1403190 1242.4
1403200 1241.9
1403210 1244.1
1403220 1244.1
1403230 1251.2
1403240 1254.8
1403250 1256.5
1403260 1256.5
1403270 1258.0
1403280 1259.6
1403290 1259.6
1403300 1260.9
1403310 1261.9
1403320 1261.9
1403330 1262.7
1403340 1263.1
1403350 1263.1
1403360 1261.7
1403370 1262.0
1403380 1262.0
1403390 1262.7
1403400 1263.4
1403410 1263.4
1403420 1264.1
1403430 1264.5
1403440 1264.5
1403450 1264.8
1403460 1264.9
1403470 1264.9
1403480 1266.5
1403490 1268.7
1403500 1268.7
1403510 1270.3
1403520 1271.3
1403530 1271.3
1403540 1271.9
1403550 1272.1
1403560 1272.1
1403570 1271.9
1403580 1271.5
1403590 1271.5
1403600 1270.6
1403610 1269.1
1403620 1269.1
1403630 1267.3
1403640 1267.4
1403650 1266.5
1403660 1266.5
1403670 1265.2
1403680 1264.0
1403690 1264.0
1403700 1262.7
1403710 1261.7
1403720 1261.7
1403730 1261.9
1403740 1262.4
1403750 1262.4
1403760 1262.3
1403770 1262.6
1403780 1262.6
1403790 1263.8
1403800 1265.5
1403810 1265.5
1403820 1265.9
1403830 1266.9
1403840 1266.9
1403850 1267.4
1403860 1267.6
1403870 1267.6
1403880 1267.6
1403890 1267.5
1403900 1267.5
1403910 1268.6
1403920 1270.1
1403930 1270.1
1403940 1270.9
1403950 1271.7
1403960 1271.7
1403970 1272.5
1403980 1272.9
1403990 1272.9
1404000 1271.5
1404010 1271.7
1404020 1271.7
1404030 1272.8
1404040 1277.4
1404050 1277.4
1404060 1281.8
1404070 1283.0
1404080 1288.8
1404090 1288.8
1404100 1302.0
1404110 1307.3
1404120 1307.3
1404130 1310.2
1404140 1312.8
1404150 1312.8
1404160 1314.9
1404170 1316.4
1404180 1316.4
1404190 1317.8
1404200 1318.9
1404210 1318.9
1404220 1319.3
1404230 1320.5
1404240 1320.5
1404250 1322.9
1404260 1325.2
1404270 1325.2
1404280 1327.1
1404290 1329.1
1404300 1329.1
1404310 1331.0
1404320 1332.8
1404330 1332.8
1404340 1334.5
1404350 1336.1
1404360 1336.1
1404370 1337.6
1404380 1338.8
1404390 1338.8
1404400 1339.9
1404410 1340.9
1404420 1340.9
1404430 1341.3
1404440 1341.0
1404450 1341.0
1404460 1340.9
1404470 1341.0
1404480 1341.0
1404490 1341.3
1404500 1341.9
1404510 1342.6
1404520 1342.6
1404530 1342.6
1404540 1341.9
1404550 1341.9
1404560 1340.6
1404570 1338.8
1404580 1338.8
1404590 1336.4
1404600 1334.0
1404610 1334.0
1404620 1332.4
1404630 1331.4
1404640 1331.4
1404650 1330.4
1404660 1328.7
1404670 1328.7
1404680 1326.9
1404690 1323.8
1404700 1323.8
1404710 1317.3
1404720 1312.7
1404730 1312.7
1404740 1312.9
1404750 1318.3
1404760 1318.3
1404770 1322.4
1404780 1325.6
1404790 1325.6
1404800 1328.3
1404810 1330.9
1404820 1330.9
1404830 1332.8
1404840 1333.7
1404850 1333.7
1404860 1334.6
1404870 1335.5
1404880 1335.5
1404890 1336.3
1404900 1336.9
1404910 1336.9
1404920 1337.6
1404930 1338.7
1404940 1340.2
1404950 1340.2
1404960 1338.2
1404970 1339.1
1404980 1339.1
1404990 1340.2
1405000 1340.4
1405010 1340.4
1405020 1340.0
1405030 1339.4
1405040 1339.4
1405050 1339.0
1405060 1338.5
1405070 1338.5
1405080 1337.4
1405090 1337.0
1405100 1337.0
1405110 1336.4
1405120 1335.7
1405130 1335.7
1405140 1334.6
1405150 1333.6
1405160 1333.6
1405170 1331.9
1405180 1330.1
1405190 1330.1
1405200 1328.7
1405210 1327.9
1405220 1327.9
1405230 1327.5
1405240 1326.7
1405250 1326.7
1405260 1325.4
1405270 1324.0
1405280 1324.0
1405290 1323.0
1405300 1322.7
1405310 1322.7
1405320 1322.5
1405330 1322.8
1405340 1322.8
1405350 1322.8
1405360 1323.1
1405370 1323.2
1405380 1323.2
1405390 1322.9
1405400 1322.2
1405410 1322.2
1405420 1321.3
1405430 1320.3
1405440 1320.3
1405450 1319.1
1405460 1318.0
1405470 1318.0
1405480 1316.2
1405490 1314.4
1405500 1314.4
1405510 1312.6
1405520 1310.8
1405530 1310.8
1405540 1308.4
1405550 1304.7
1405560 1304.7
1405570 1301.3
1405580 1298.8
1405590 1298.8
1405600 1297.2
1405610 1295.1
1405620 1295.1
1405630 1292.7
1405640 1290.4
1405650 1290.4
1405660 1288.7
1405670 1287.0
1405680 1287.0
1405690 1284.9
1405700 1282.8
1405710 1282.8
1405720 1281.6
1405730 1280.6
1405740 1280.6
1405750 1279.4
1405760 1278.2
1405770 1277.0
1405780 1277.0
1405790 1275.2
1405800 1274.8
1405810 1274.8
1405820 1272.9
1405830 1270.2
1405840 1270.2
1405850 1269.2
1405860 1267.2
1405870 1267.2
1405880 1264.0
1405890 1260.8
1405900 1260.8
1405910 1258.1
1405920 1255.5
1405930 1255.5
1405940 1252.0
1405950 1250.0
1405960 1250.0
1405970 1247.2
1405980 1244.4
1405990 1244.4
1406000 1241.2
1406010 1239.6
1406020 1239.6
1406030 1237.0
1406040 1235.5
1406050 1235.5
1406060 1233.8
1406070 1232.1
1406080 1232.1
1406090 1230.4
1406100 1228.1
1406110 1228.1
1406120 1225.7
1406130 1223.5
1406140 1223.5
1406150 1221.8
1406160 1219.8
1406170 1219.8
1406180 1218.0
1406190 1216.3
1406200 1214.2
1406210 1214.2
1406220 1211.6
1406230 1208.1
1406240 1208.1
1406250 1204.0
1406260 1199.8
1406270 1199.8
1406280 1195.6
1406290 1191.7
1406300 1191.7
1406310 1187.3
1406320 1182.7
1406330 1182.7
1406340 1177.8
1406350 1173.4
1406360 1173.4
1406370 1169.3
1406380 1164.7
1406390 1164.7
1406400 1160.5
1406410 1157.1
1406420 1157.1
1406430 1154.0
1406440 1149.5
1406450 1149.5
1406460 1141.5
1406470 1138.6
1406480 1138.6
1406490 1139.4
1406500 1134.6
1406510 1134.6
1406520 1125.6
1406530 1123.8
1406540 1123.8
1406550 1126.3
1406560 1126.4
1406570 1126.4
1406580 1118.8
1406590 1115.5
1406600 1115.5
1406610 1114.2
1406620 1113.2
1406630 1111.7
1406640 1111.7
1406650 1110.2
1406660 1108.2
1406670 1108.2
1406680 1106.4
1406690 1104.0
1406700 1104.0
1406710 1101.5
1406720 1099.0
1406730 1099.0
1406740 1096.2
1406750 1093.6
1406760 1093.6
1406770 1090.9
1406780 1088.5
1406790 1088.5
1406800 1085.5
1406810 1082.8
1406820 1082.8
1406830 1081.1
1406840 1081.2
1406850 1081.2
1406860 1082.1
1406870 1081.7
1406880 1081.7
1406890 1080.7
1406900 1079.5
1406910 1079.5
1406920 1078.3
1406930 1077.1
1406940 1077.1
1406950 1075.7
1406960 1073.4
1406970 1073.4
1406980 1070.6
1406990 1068.3
1407000 1068.3
1407010 1066.2
1407020 1063.7
1407030 1063.7
1407040 1061.2
1407050 1059.5
1407060 1058.2
1407070 1058.2
1407080 1056.9
1407090 1055.8
1407100 1055.8
1407110 1054.1
1407120 1051.8
1407130 1051.8
1407140 1049.2
1407150 1046.5
1407160 1046.5
1407170 1043.5
1407180 1039.2
1407190 1039.2
1407200 1038.5
1407210 1038.7
1407220 1038.7
1407230 1037.3
1407240 1037.2
1407250 1037.2
1407260 1036.4
1407270 1034.3
1407280 1034.3
1407290 1033.2
1407300 1033.8
1407310 1033.8
1407320 1032.5
1407330 1029.6
1407340 1029.6
1407350 1029.9
1407360 1031.5
1407370 1031.5
1407380 1031.1
1407390 1030.2
1407400 1030.2
1407410 1028.8
1407420 1026.9
1407430 1026.9
1407440 1024.2
1407450 1020.9
1407460 1020.9
1407470 1017.9
1407480 1014.9
1407490 1011.6
1407500 1011.6
1407510 1008.3
1407520 1006.0
1407530 1006.0
1407540 1003.6
1407550 1002.8
1407560 1002.8
1407570 1004.0
1407580 1007.0
1407590 1007.0
1407600 1012.1
1407610 1019.1
1407620 1019.1
1407630 1025.5
1407640 1030.5
1407650 1030.5
1407660 1033.0
1407670 1034.2
1407680 1034.2
1407690 1033.7
1407700 1033.4
1407710 1033.4
1407720 1033.6
1407730 1033.4
1407740 1033.4
1407750 1033.2
1407760 1033.8
1407770 1033.8
1407780 1033.9
1407790 1034.2
1407800 1034.2
1407810 1034.2
1407820 1034.0
1407830 1034.0
1407840 1034.4
1407850 1035.0
1407860 1035.0
1407870 1033.3
1407880 1033.9
1407890 1034.5
1407900 1034.5
1407910 1034.1
1407920 1033.9
1407930 1033.9
1407940 1033.9
1407950 1035.0
1407960 1035.0
1407970 1036.3
1407980 1037.7
1407990 1037.7
1408000 1039.1
1408010 1041.5
1408020 1041.5
1408030 1044.5
1408040 1047.0
1408050 1047.0
1408060 1049.3
1408070 1052.2
1408080 1052.2
1408090 1054.4
1408100 1056.7
1408110 1056.7
1408120 1058.9
1408130 1060.7
1408140 1060.7
1408150 1062.5
1408160 1064.0
1408170 1064.0
1408180 1064.7
1408190 1065.6
1408200 1065.6
1408210 1065.9
1408220 1066.4
1408230 1066.4
1408240 1072.8
1408250 1072.8
1408260 1072.8
1408270 1073.9
1408280 1074.6
1408290 1074.6
1408300 1074.4
1408310 1074.8
1408320 1075.1
1408330 1075.1
1408340 1075.2
1408350 1074.0
1408360 1074.0
1408370 1072.3
1408380 1070.8
1408390 1070.8
1408400 1068.4
1408410 1065.5
1408420 1065.5
1408430 1062.7
1408440 1060.0
1408450 1060.0
1408460 1057.9
1408470 1055.4
1408480 1055.4
1408490 1051.7
1408500 1049.0
1408510 1049.0
1408520 1046.9
1408530 1044.3
1408540 1044.3
1408550 1041.4
1408560 1038.1
1408570 1038.1
1408580 1034.0
1408590 1029.4
1408600 1029.4
1408610 1025.4
1408620 1022.4
1408630 1022.4
1408640 1020.0
1408650 1018.1
1408660 1018.1
1408670 1014.7
1408680 1011.5
1408690 1011.5
1408700 1009.0
1408710 1005.7
1408720 1005.7
1408730 1002.2
1408740 999.7
1408750 997.8
1408760 997.8
1408770 995.1
1408780 991.3
1408790 991.3
1408800 985.1
1408810 979.1
1408820 979.1
1408830 981.8
1408840 989.8
1408850 989.8
1408860 994.5
1408870 997.5
1408880 997.5
1408890 998.8
1408900 1000.6
1408910 1000.6
1408920 1002.0
1408930 1003.2
1408940 1003.2
1408950 1004.2
1408960 1004.4
1408970 1004.4
1408980 1004.2
1408990 1004.1
1409000 1004.1
1409010 1004.6
1409020 1004.7
1409030 1004.7
1409040 1004.4
1409050 1004.1
1409060 1004.1
1409070 1004.3
1409080 1003.9
1409090 1003.9
1409100 1003.3
1409110 1002.7
1409120 1002.7
1409130 1001.9
1409140 1000.3
1409150 1000.3
1409160 998.0
1409170 995.8
1409180 993.7
1409190 993.7
1409200 991.5
1409210 990.8
1409220 990.8
1409230 990.3
1409240 989.8
1409250 989.8
1409260 989.6
1409270 989.3
1409280 989.3
1409290 988.5
1409300 988.1
1409310 988.1
1409320 988.0
1409330 987.9
1409340 987.9
1409350 987.1
1409360 985.2
1409370 985.2
1409380 984.0
1409390 984.6
1409400 984.6
1409410 985.1
1409420 985.3
1409430 985.3
1409440 985.8
1409450 985.5
1409460 985.5
1409470 984.9
1409480 982.9
1409490 982.9
1409500 980.3
1409510 979.3
1409520 979.3
1409530 979.6
1409540 982.0
1409550 982.0
1409560 982.1
1409570 981.8
1409580 981.8
1409590 979.6
1409600 975.9
1409610 973.0
1409620 973.0
1409630 971.2
1409640 970.6
1409650 970.6
1409660 970.7
1409670 971.0
1409680 971.0
1409690 971.2
1409700 971.3
1409710 971.3
1409720 971.5
1409730 971.7
1409740 971.7
1409750 971.7
1409760 971.7
1409770 971.7
1409780 971.5
1409790 971.6
1409800 971.6
1409810 971.3
1409820 971.0
1409830 971.0
1409840 971.0
1409850 971.1
1409860 971.1
1409870 971.0
1409880 970.9
1409890 970.9
1409900 970.9
1409910 970.9
1409920 970.9
1409930 970.7
1409940 970.1
1409950 970.1
1409960 969.8
1409970 970.1
1409980 970.1
1409990 970.5
1410000 970.8
1410010 970.9
1410020 970.9
1410030 971.1
1410040 971.1
1410050 971.1
1410060 971.2
1410070 971.5
1410080 971.5
1410090 973.0
1410100 974.3
1410110 974.3
1410120 975.5
1410130 977.3
1410140 977.3
1410150 978.4
1410160 979.3
1410170 979.3
1410180 980.3
1410190 980.5
1410200 980.5
1410210 981.8
1410220 983.3
1410230 983.3
1410240 983.4
1410250 983.1
1410260 983.1
1410270 982.2
1410280 984.1
1410290 984.1
1410300 986.7
1410310 989.0
1410320 989.0
1410330 990.3
1410340 992.1
1410350 992.1
1410360 994.6
1410370 996.4
1410380 996.4
1410390 997.8
1410400 1000.1
1410410 1000.1
1410420 1004.0
1410430 1006.8
1410440 1009.1
1410450 1009.1
1410460 1011.6
1410470 1015.2
1410480 1015.2
1410490 1019.3
1410500 1022.9
1410510 1022.9
1410520 1027.0
1410530 1030.6
1410540 1030.6
1410550 1033.6
1410560 1036.7
1410570 1036.7
1410580 1040.5
1410590 1043.0
1410600 1043.0
1410610 1044.9
1410620 1046.7
1410630 1046.7
1410640 1048.3
1410650 1049.7
1410660 1049.7
1410670 1052.3
1410680 1054.7
1410690 1054.7
1410700 1057.9
1410710 1060.4
1410720 1060.4
1410730 1061.3
1410740 1061.4
1410750 1061.4
1410760 1062.0
1410770 1063.2
1410780 1063.2
1410790 1065.2
1410800 1066.1
1410810 1066.1
1410820 1068.0
1410830 1071.2
1410840 1071.2
1410850 1074.3
1410860 1076.0
1410870 1077.6
1410880 1077.6
1410890 1081.2
1410900 1085.1
1410910 1085.1
1410920 1086.4
1410930 1084.0
1410940 1084.0
1410950 1085.3
1410960 1087.5
1410970 1087.5
1410980 1093.1
1410990 1096.5
1411000 1096.5
1411010 1097.2
1411020 1097.6
1411030 1097.6
1411040 1098.7
1411050 1100.3
1411060 1100.3
1411070 1103.4
1411080 1106.8
1411090 1106.8
1411100 1108.6
1411110 1109.1
1411120 1109.1
1411130 1110.3
1411140 1112.6
1411150 1112.6
1411160 1115.3
1411170 1119.0
1411180 1119.0
1411190 1122.3
1411200 1123.6
1411210 1123.6
1411220 1122.6
1411230 1121.6
1411240 1121.6
1411250 1122.1
1411260 1123.0
1411270 1123.0
1411280 1123.2
1411290 1123.2
1411300 1125.2
1411310 1125.2
1411320 1126.7
1411330 1127.7
1411340 1127.7
1411350 1131.1
1411360 1136.3
1411370 1136.3
1411380 1140.4
1411390 1141.7
1411400 1141.7
1411410 1144.2
1411420 1147.6
1411430 1147.6
1411440 1153.1
1411450 1156.4
1411460 1156.4
1411470 1159.7
1411480 1163.7
1411490 1163.7
1411500 1167.8
1411510 1170.7
1411520 1170.7
1411530 1172.5
1411540 1174.6
1411550 1174.6
1411560 1176.6
1411570 1176.2
1411580 1176.2
1411590 1177.1
1411600 1176.9
1411610 1176.9
1411620 1176.8
1411630 1177.0
1411640 1177.0
1411650 1176.2
1411660 1175.0
1411670 1175.0
1411680 1169.6
1411690 1168.0
1411700 1168.0
1411710 1163.4
1411720 1159.3
1411730 1154.4
1411740 1154.4
1411750 1149.0
1411760 1145.7
1411770 1145.7
1411780 1143.8
1411790 1144.1
1411800 1144.1
1411810 1144.2
1411820 1143.7
1411830 1143.7
1411840 1143.7
1411850 1145.1
1411860 1145.1
1411870 1147.6
1411880 1150.0
1411890 1150.0
1411900 1152.3
1411910 1154.6
1411920 1154.6
1411930 1157.7
1411940 1161.6
1411950 1161.6
1411960 1165.6
1411970 1169.6
1411980 1169.6
1411990 1173.3
1412000 1176.5
1412010 1176.5
1412020 1179.8
1412030 1183.9
1412040 1183.9
1412050 1188.9
1412060 1199.2
1412070 1199.2
1412080 1234.3
1412090 1248.7
1412100 1248.7
1412110 1259.4
1412120 1264.5
1412130 1267.5
1412140 1267.5
1412150 1267.9
1412160 1267.6
1412170 1267.6
1412180 1267.4
1412190 1267.4
1412200 1267.4
1412210 1268.1
1412220 1269.1
1412230 1269.1
1412240 1270.3
1412250 1272.7
1412260 1272.7
1412270 1275.7
1412280 1277.8
1412290 1277.8
1412300 1279.6
1412310 1281.6
1412320 1281.6
1412330 1282.3
1412340 1281.4
1412350 1281.4
1412360 1280.6
1412370 1280.3
1412380 1280.3
1412390 1279.9
1412400 1278.8
1412410 1278.8
1412420 1277.6
1412430 1276.1
1412440 1276.1
1412450 1275.6
1412460 1276.1
1412470 1276.1
1412480 1277.2
1412490 1277.6
1412500 1277.6
1412510 1277.6
1412520 1278.9
1412530 1278.9
1412540 1281.9
1412550 1284.8
1412560 1288.0
1412570 1288.0
1412580 1290.9
1412590 1293.6
1412600 1293.6
1412610 1296.6
1412620 1299.8
1412630 1299.8
1412640 1302.8
1412650 1305.4
1412660 1305.4
1412670 1308.0
1412680 1311.4
1412690 1311.4
1412700 1313.5
1412710 1318.1
1412720 1318.1
1412730 1323.6
1412740 1328.6
1412750 1328.6
1412760 1334.4
1412770 1339.2
1412780 1339.2
1412790 1344.2
1412800 1349.2
1412810 1349.2
1412820 1355.0
1412830 1359.9
1412840 1359.9
1412850 1365.7
1412860 1370.0
1412870 1370.0
1412880 1376.0
1412890 1382.4
1412900 1382.4
1412910 1386.0
1412920 1391.9
1412930 1391.9
1412940 1398.3
1412950 1403.0
1412960 1403.0
1412970 1407.7
1412980 1409.7
1412990 1410.6
1413000 1410.6
1413010 1411.6
1413020 1411.8
1413030 1411.8
1413040 1412.5
1413050 1412.9
1413060 1412.9
1413070 1414.0
1413080 1414.9
1413090 1414.9
1413100 1415.4
1413110 1416.0
1413120 1416.0
1413130 1416.8
1413140 1417.3
1413150 1417.3
1413160 1417.7
1413170 1418.3
1413180 1418.3
1413190 1419.0
1413200 1419.8
1413210 1419.8
1413220 1421.1
1413230 1422.3
1413240 1422.3
1413250 1423.0
1413260 1423.1
1413270 1423.1
1413280 1424.0
1413290 1424.8
1413300 1424.8
1413310 1426.0
1413320 1428.2
1413330 1428.2
1413340 1428.8
1413350 1429.7
1413360 1429.7
1413370 1432.0
1413380 1434.6
1413390 1434.6
1413400 1437.0
1413410 1437.2
1413420 1438.0
1413430 1438.0
1413440 1438.4
1413450 1439.8
1413460 1439.8
1413470 1436.9
1413480 1439.0
1413490 1439.0
1413500 1441.4
1413510 1441.9
1413520 1441.9
1413530 1441.4
1413540 1442.0
1413550 1442.0
1413560 1442.4
1413570 1442.6
1413580 1442.6
1413590 1443.0
1413600 1443.1
1413610 1443.1
1413620 1443.5
1413630 1444.4
1413640 1444.4
1413650 1441.5
1413660 1439.9
1413670 1439.9
1413680 1438.7
1413690 1437.4
1413700 1437.4
1413710 1434.5
1413720 1433.0
1413730 1433.0
1413740 1429.5
1413750 1426.5
1413760 1426.5
1413770 1425.6
1413780 1421.1
1413790 1421.1
1413800 1417.1
1413810 1359.5
1413820 1359.5
1413830 1341.5
1413840 1327.9
1413850 1309.6
1413860 1309.6
1413870 1298.9
1413880 1293.2
1413890 1293.2
1413900 1287.6
1413910 1282.1
1413920 1282.1
1413930 1276.1
1413940 1272.3
1413950 1272.3
1413960 1269.8
1413970 1269.9
1413980 1269.9
1413990 1271.2
1414000 1271.9
1414010 1271.9
1414020 1272.2
1414030 1272.0
1414040 1272.0
1414050 1271.1
1414060 1270.2
1414070 1270.2
1414080 1268.5
1414090 1265.7
1414100 1265.7
1414110 1264.8
1414120 1263.7
1414130 1263.7
1414140 1261.3
1414150 1259.6
1414160 1259.6
1414170 1258.4
1414180 1257.0
1414190 1257.0
1414200 1254.7
1414210 1251.2
1414220 1251.2
1414230 1246.4
1414240 1241.0
1414250 1241.0
1414260 1236.5
1414270 1238.5
1414280 1232.7
1414290 1232.7
1414300 1225.3
1414310 1224.5
1414320 1224.5
1414330 1224.8
1414340 1225.1
1414350 1225.1
1414360 1225.0
1414370 1225.6
1414380 1225.6
1414390 1225.0
1414400 1225.2
1414410 1225.2
1414420 1224.3
1414430 1225.2
1414440 1225.2
1414450 1225.4
1414460 1220.5
1414470 1220.5
1414480 1211.5
1414490 1205.3
1414500 1205.3
1414510 1202.2
1414520 1201.8
1414530 1201.8
1414540 1201.9
1414550 1201.8
1414560 1201.8
1414570 1201.3
1414580 1200.3
1414590 1200.3
1414600 1199.6
1414610 1199.4
1414620 1199.4
1414630 1197.5
1414640 1196.8
1414650 1196.8
1414660 1194.6
1414670 1192.2
1414680 1190.9
1414690 1190.9
1414700 1189.7
1414710 1185.2
1414720 1185.2
1414730 1180.6
1414740 1176.4
1414750 1176.4
1414760 1169.2
1414770 1166.5
1414780 1166.5
1414790 1161.0
1414800 1146.8
1414810 1146.8
1414820 1140.9
1414830 1140.7
1414840 1140.7
1414850 1137.7
1414860 1132.8
1414870 1132.8
1414880 1127.5
1414890 1125.1
1414900 1125.1
1414910 1124.8
1414920 1123.1
1414930 1123.1
1414940 1119.3
1414950 1115.3
1414960 1115.3
1414970 1112.1
1414980 1111.2
1414990 1111.2
1415000 1111.7
1415010 1113.8
1415020 1113.8
1415030 1112.8
1415040 1110.5
1415050 1110.5
1415060 1104.3
1415070 1096.0
1415080 1096.0
1415090 1086.2
1415100 1076.6
1415110 1069.6
1415120 1069.6
1415130 1065.0
1415140 1054.5
1415150 1054.5
1415160 1048.2
1415170 1042.3
1415180 1042.3
1415190 1036.3
1415200 1032.1
1415210 1032.1
1415220 1028.4
1415230 1024.8
1415240 1024.8
1415250 1020.7
1415260 1016.8
1415270 1016.8
1415280 1012.9
1415290 1008.4
1415300 1002.7
1415310 998.3
1415320 993.3
1415330 993.3
1415340 987.9
1415350 982.6
1415360 982.6
1415370 977.2
1415380 972.2
1415390 972.2
1415400 967.6
1415410 963.2
1415420 963.2
1415430 959.3
1415440 954.8
1415450 954.8
1415460 949.1
1415470 942.9
1415480 942.9
1415490 936.6
1415500 930.6
1415510 930.6
1415520 924.9
1415530 919.6
1415540 915.2
1415550 915.2
1415560 911.2
1415570 907.5
1415580 907.5
1415590 904.1
1415600 900.0
1415610 900.0
1415620 893.4
1415630 887.2
1415640 887.2
1415650 883.0
1415660 879.6
1415670 879.6
1415680 876.4
1415690 877.0
1415700 877.0
1415710 876.3
1415720 872.9
1415730 872.9
1415740 868.6
1415750 864.1
1415760 864.1
1415770 859.7
1415780 855.7
1415790 855.7
1415800 851.6
1415810 848.1
1415820 848.1
1415830 844.5
1415840 840.6
1415850 840.6
1415860 835.9
1415870 830.8
1415880 830.8
1415890 826.5
1415900 821.1
1415910 821.1
1415920 816.0
1415930 810.5
1415940 810.5
1415950 805.3
1415960 801.1
1415970 796.4
1415980 796.4
1415990 791.3
1416000 786.4
1416010 786.4
1416020 782.3
1416030 778.6
1416040 778.6
1416050 775.2
1416060 772.1
1416070 772.1
1416080 769.9
1416090 768.3
1416100 768.3
1416110 766.6
1416120 765.1
1416130 765.1
1416140 763.3
1416150 762.0
1416160 762.0
1416170 761.0
1416180 759.3
1416190 759.3
1416200 757.2
1416210 754.8
1416220 754.8
1416230 752.2
1416240 749.9
1416250 749.9
1416260 747.3
1416270 745.1
1416280 745.1
1416290 742.2
1416300 738.8
1416310 738.8
1416320 735.0
1416330 725.5
1416340 725.5
1416350 712.4
1416360 708.7
1416370 708.7
1416380 714.1
1416390 717.4
1416400 714.3
1416410 714.3
1416420 707.8
1416430 705.9
1416440 705.9
1416450 707.7
1416460 707.0
1416470 707.0
1416480 702.5
1416490 698.3
1416500 698.3
1416510 695.2
1416520 691.4
1416530 691.4
1416540 688.5
1416550 685.8
1416560 685.8
1416570 682.5
1416580 679.1
1416590 679.1
1416600 676.0
1416610 672.9
1416620 672.9
1416630 669.0
1416640 665.8
1416650 665.8
1416660 662.7
1416670 659.4
1416680 659.4
1416690 656.2
1416700 653.4
1416710 653.4
1416720 650.1
1416730 646.8
1416740 646.8
1416750 644.3
1416760 641.8
1416770 641.8
1416780 639.2
1416790 636.6
1416800 633.5
1416810 633.5
1416820 631.2
1416830 629.9
1416840 629.9
1416850 627.3
1416860 624.9
1416870 624.9
1416880 622.7
1416890 620.4
1416900 620.4
1416910 617.5
1416920 615.0
1416930 615.0
1416940 611.6
1416950 608.2
1416960 608.2
1416970 605.6
1416980 603.6
1416990 603.6
1417000 601.9
1417010 600.4
1417020 600.4
1417030 599.2
1417040 598.1
1417050 598.1
1417060 597.3
1417070 596.5
1417080 596.5
1417090 596.0
1417100 595.1
1417110 595.1
1417120 593.4
1417130 591.6
1417140 591.6
1417150 588.7
1417160 585.5
1417170 585.5
1417180 583.4
1417190 580.2
1417200 580.2
1417210 579.2
1417220 578.1
1417230 576.9
1417240 576.9
1417250 575.7
1417260 574.8
1417270 574.8
1417280 574.2
1417290 573.5
1417300 573.5
1417310 572.6
1417320 572.0
1417330 572.0
1417340 571.6
1417350 569.1
1417360 569.1
1417370 562.3
1417380 559.6
1417390 559.6
1417400 560.0
1417410 560.0
1417420 560.0
1417430 560.1
1417440 560.1
1417450 560.1
1417460 560.2
1417470 560.2
1417480 560.2
1417490 560.2
1417500 560.1
1417510 560.1
1417520 560.1
1417530 560.0
1417540 560.0
1417550 559.9
1417560 559.7
1417570 559.7
1417580 559.0
1417590 555.1
1417600 555.1
1417610 548.7
1417620 548.1
1417630 548.1
1417640 551.0
1417650 551.4
1417660 547.0
1417670 547.0
1417680 543.1
1417690 541.0
1417700 541.0
1417710 540.1
1417720 539.0
1417730 539.0
1417740 538.8
1417750 538.9
1417760 538.9
1417770 538.5
1417780 537.6
1417790 537.6
1417800 536.8
1417810 536.7
1417820 536.7
1417830 536.8
1417840 536.7
1417850 536.7
1417860 536.7
1417870 536.7
1417880 536.7
1417890 536.8
1417900 536.8
1417910 536.8
1417920 536.9
1417930 537.1
1417940 537.1
1417950 537.1
1417960 537.1
1417970 537.1
1417980 537.1
1417990 537.2
1418000 537.2
1418010 537.1
1418020 537.2
1418030 537.2
1418040 537.1
1418050 537.1
1418060 537.1
1418070 537.0
1418080 536.9
1418090 537.0
1418100 537.0
1418110 537.0
1418120 537.1
1418130 537.1
1418140 537.3
1418150 537.2
1418160 537.2
1418170 537.1
1418180 537.1
1418190 537.1
1418200 536.7
1418210 536.4
1418220 536.4
1418230 536.5
1418240 536.3
1418250 536.3
1418260 535.0
1418270 534.0
1418280 534.0
1418290 533.8
1418300 533.8
1418310 533.8
1418320 534.0
1418330 534.2
1418340 534.2
1418350 534.1
1418360 533.9
1418370 533.9
1418380 533.7
1418390 533.7
1418400 533.7
1418410 533.5
1418420 533.6
1418430 533.6
1418440 533.7
1418450 533.9
1418460 533.9
1418470 533.9
1418480 534.1
1418490 534.1
1418500 534.4
1418510 534.4
1418520 534.3
1418530 534.3
1418540 534.2
1418550 534.4
1418560 534.4
1418570 534.3
1418580 534.4
1418590 534.4
1418600 534.0
1418610 533.7
1418620 533.7
1418630 531.9
1418640 529.7
1418650 529.7
1418660 530.2
1418670 530.7
1418680 530.7
1418690 532.0
1418700 531.8
1418710 531.8
1418720 531.1
1418730 531.2
1418740 531.2
1418750 529.7
1418760 528.2
1418770 528.2
1418780 528.1
1418790 528.1
1418800 528.1
1418810 528.3
1418820 529.9
1418830 529.9
1418840 530.6
1418850 530.5
1418860 530.5
1418870 530.2
1418880 529.8
1418890 529.8
1418900 531.3
1418910 534.3
1418920 539.0
1418930 539.0
1418940 544.1
1418950 550.7
1418960 550.7
1418970 557.7
1418980 562.1
1418990 562.1
1419000 564.5
1419010 566.3
1419020 566.3
1419030 566.8
1419040 565.7
1419050 565.7
1419060 565.6
1419070 566.3
1419080 566.3
1419090 568.7
1419100 569.8
1419110 569.8
1419120 572.3
1419130 575.3
1419140 575.3
1419150 579.4
1419160 581.7
1419170 581.7
1419180 582.8
1419190 584.5
1419200 584.5
1419210 586.3
1419220 587.0
1419230 587.0
1419240 587.6
1419250 588.9
1419260 588.9
1419270 590.5
1419280 591.8
1419290 591.8
1419300 593.8
1419310 597.5
1419320 597.5
1419330 603.2
1419340 610.1
1419350 616.1
1419360 616.1
1419370 620.3
1419380 622.2
1419390 622.2
1419400 623.3
1419410 623.6
1419420 623.6
1419430 624.1
1419440 624.7
1419450 624.7
1419460 625.5
1419470 627.8
1419480 627.8
1419490 631.0
1419500 632.0
1419510 632.0
1419520 630.6
1419530 631.5
1419540 631.5
1419550 634.5
1419560 637.5
1419570 637.5
1419580 640.4
1419590 644.1
1419600 644.1
1419610 647.3
1419620 649.9
1419630 649.9
1419640 652.3
1419650 654.4
1419660 654.4
1419670 656.6
1419680 659.6
1419690 659.6
1419700 663.5
1419710 666.5
1419720 666.5
1419730 670.2
1419740 674.8
1419750 674.8
1419760 679.5
1419770 683.6
1419780 686.1
1419790 686.1
1419800 689.3
1419810 691.8
1419820 691.8
1419830 694.3
1419840 696.5
1419850 696.5
1419860 698.3
1419870 701.1
1419880 701.1
1419890 703.1
1419900 703.6
1419910 703.6
1419920 704.7
1419930 705.9
1419940 705.9
1419950 708.3
1419960 710.6
1419970 710.6
1419980 711.9
1419990 712.5
