1401910 1406.9
1401920 1408.3
1401930 1408.3
1401940 1410.6
1401950 1413.2
1401960 1413.2
1401970 1416.0
1401980 1419.2
1401990 1419.2
1402000 1422.8
1402010 1425.8
1402020 1425.8
1402030 1427.9
1402040 1429.3
1402050 1429.3
1402060 1430.5
1402070 1431.4
1402080 1431.4
1402090 1431.8
1402100 1432.3
1402110 1432.3
1402120 1432.7
1402130 1433.6
1402140 1433.6
1402150 1434.0
1402160 1434.3
1402170 1434.3
1402180 1434.2
1402190 1433.8
1402200 1433.8
1402210 1433.6
1402220 1433.9
1402230 1433.9
1402240 1434.5
1402250 1434.6
1402260 1434.6
1402270 1434.8
1402280 1435.5
1402290 1436.9
1402300 1436.9
1402310 1438.3
1402320 1439.4
1402330 1439.4
1402340 1441.2
1402350 1442.8
1402360 1442.8
1402370 1444.3
1402380 1444.8
1402390 1444.8
1402400 1444.8
1402410 1445.1
1402420 1445.1
1402430 1446.1
1402440 1447.0
1402450 1447.0
1402460 1448.1
1402470 1449.1
1402480 1449.1
1402490 1449.5
1402500 1449.7
1402510 1449.7
1402520 1450.1
1402530 1450.1
1402540 1450.1
1402550 1450.2
1402560 1449.7
1402570 1449.7
1402580 1449.8
1402590 1449.4
1402600 1449.4
1402610 1448.7
1402620 1448.0
1402630 1448.0
1402640 1446.9
1402650 1446.8
1402660 1446.8
1402670 1446.3
1402680 1445.1
1402690 1445.1
1402700 1443.4
1402710 1441.5
1402720 1438.0
1402730 1438.0
1402740 1434.6
1402750 1431.5
1402760 1431.5
1402770 1427.7
1402780 1423.5
1402790 1423.5
1402800 1419.4
1402810 1416.2
1402820 1416.2
1402830 1412.7
1402840 1409.4
1402850 1405.1
1402860 1402.0
1402870 1398.0
1402880 1398.0
1402890 1393.4
1402900 1390.8
1402910 1390.8
1402920 1388.1
1402930 1385.9
1402940 1385.9
1402950 1383.3
1402960 1380.0
1402970 1380.0
1402980 1376.2
1402990 1373.2
1403000 1373.2
1403010 1370.3
1403020 1367.1
1403030 1367.1
1403040 1366.0
1403050 1365.7
1403060 1365.7
1403070 1366.7
1403080 1368.6
1403090 1368.6
1403100 1369.0
1403110 1368.9
1403120 1368.9
1403130 1368.9
1403140 1369.1
1403150 1368.4
1403160 1368.4
1403170 1367.7
1403180 1366.6
1403190 1366.6
1403200 1365.6
1403210 1364.6
1403220 1364.6
1403230 1362.9
1403240 1360.8
1403250 1360.8
1403260 1359.2
1403270 1358.0
1403280 1358.0
1403290 1357.5
1403300 1357.5
1403310 1357.5
1403320 1358.4
1403330 1358.4
1403340 1358.4
1403350 1358.8
1403360 1359.7
1403370 1359.7
1403380 1360.7
1403390 1361.5
1403400 1361.5
1403410 1361.9
1403420 1361.7
1403430 1361.7
1403440 1362.8
1403450 1365.1
1403460 1365.1
1403470 1366.7
1403480 1369.1
1403490 1369.1
1403500 1370.5
1403510 1371.7
1403520 1371.7
1403530 1373.2
1403540 1375.1
1403550 1375.1
1403560 1376.2
1403570 1377.4
1403580 1379.2
1403590 1379.2
1403600 1381.4
1403610 1384.7
1403620 1384.7
1403630 1389.7
1403640 1394.9
1403650 1394.9
1403660 1400.1
1403670 1405.2
1403680 1405.2
1403690 1410.2
1403700 1415.0
1403710 1415.0
1403720 1420.0
1403730 1424.8
1403740 1424.8
1403750 1429.8
1403760 1434.3
1403770 1434.3
1403780 1437.3
1403790 1440.3
1403800 1440.3
1403810 1442.8
1403820 1445.2
1403830 1445.2
1403840 1447.4
1403850 1449.6
1403860 1449.6
1403870 1452.8
1403880 1455.9
1403890 1455.9
1403900 1458.9
1403910 1461.1
1403920 1461.1
1403930 1462.6
1403940 1465.5
1403950 1465.5
1403960 1468.5
1403970 1470.6
1403980 1470.6
1403990 1473.3
1404000 1476.0
1404010 1478.8
1404020 1478.8
1404030 1481.2
1404040 1483.8
1404050 1483.8
1404060 1487.4
1404070 1489.9
1404080 1489.9
1404090 1491.3
1404100 1492.2
1404110 1492.2
1404120 1493.1
1404130 1494.1
1404140 1494.1
1404150 1494.9
1404160 1494.7
1404170 1494.7
1404180 1493.9
1404190 1492.9
1404200 1492.9
1404210 1492.3
1404220 1492.4
1404230 1492.4
1404240 1492.8
1404250 1493.0
1404260 1493.0
1404270 1492.7
1404280 1492.5
1404290 1492.5
1404300 1492.1
1404310 1490.7
1404320 1490.7
1404330 1486.3
1404340 1480.1
1404350 1480.1
1404360 1474.4
1404370 1469.6
1404380 1469.6
1404390 1464.8
1404400 1459.9
1404410 1459.9
1404420 1455.1
1404430 1454.9
1404440 1450.2
1404450 1450.2
1404460 1444.5
1404470 1438.0
1404480 1438.0
1404490 1431.9
1404500 1426.7
1404510 1426.7
1404520 1423.4
1404530 1419.9
1404540 1419.9
1404550 1415.9
1404560 1412.4
1404570 1412.4
1404580 1409.4
1404590 1405.8
1404600 1405.8
1404610 1402.3
1404620 1399.7
1404630 1399.7
1404640 1398.2
1404650 1396.2
1404660 1396.2
1404670 1394.6
1404680 1392.8
1404690 1392.8
1404700 1390.9
1404710 1386.9
1404720 1386.9
1404730 1382.6
1404740 1379.8
1404750 1379.8
1404760 1376.9
1404770 1374.6
1404780 1374.6
1404790 1372.2
1404800 1369.5
1404810 1369.5
1404820 1366.9
1404830 1364.1
1404840 1364.1
1404850 1361.9
1404860 1359.7
1404870 1358.3
1404880 1358.3
1404890 1357.0
1404900 1356.1
1404910 1356.1
1404920 1354.1
1404930 1351.8
1404940 1351.8
1404950 1349.3
1404960 1347.8
1404970 1347.8
1404980 1346.5
1404990 1345.0
1405000 1345.0
1405010 1344.3
1405020 1344.0
1405030 1344.0
1405040 1342.1
1405050 1339.9
1405060 1339.9
1405070 1338.4
1405080 1337.5
1405090 1337.5
1405100 1336.0
1405110 1334.8
1405120 1334.8
1405130 1333.7
1405140 1332.3
1405150 1332.3
1405160 1330.7
1405170 1328.9
1405180 1328.9
1405190 1328.2
1405200 1327.6
1405210 1327.6
1405220 1326.6
1405230 1325.5
1405240 1325.5
1405250 1324.8
1405260 1323.7
1405270 1323.7
1405280 1322.3
1405290 1322.2
1405300 1321.6
1405310 1321.6
1405320 1320.6
1405330 1319.3
1405340 1319.3
1405350 1318.9
1405360 1318.9
1405370 1318.9
1405380 1318.4
1405390 1316.6
1405400 1316.6
1405410 1317.1
1405420 1317.2
1405430 1317.2
1405440 1317.0
1405450 1316.6
1405460 1316.6
1405470 1315.7
1405480 1314.6
1405490 1314.6
1405500 1313.9
1405510 1313.2
1405520 1313.2
1405530 1311.9
1405540 1310.8
1405550 1310.8
1405560 1309.3
1405570 1308.4
1405580 1308.4
1405590 1307.4
1405600 1306.8
1405610 1306.8
1405620 1306.0
1405630 1304.9
1405640 1304.9
1405650 1304.3
1405660 1303.8
1405670 1303.8
1405680 1302.7
1405690 1301.5
1405700 1301.5
1405710 1299.9
1405720 1298.3
1405730 1296.4
1405740 1296.4
1405750 1294.1
1405760 1291.1
1405770 1291.1
1405780 1287.9
1405790 1284.1
1405800 1284.1
1405810 1279.1
1405820 1274.4
1405830 1274.4
1405840 1271.1
1405850 1268.7
1405860 1268.7
1405870 1267.2
1405880 1265.6
1405890 1265.6
1405900 1263.8
1405910 1263.6
1405920 1263.6
1405930 1264.9
1405940 1264.9
1405950 1264.9
1405960 1264.3
1405970 1264.4
1405980 1264.4
1405990 1263.5
1406000 1262.1
1406010 1262.1
1406020 1260.1
1406030 1258.8
1406040 1258.8
1406050 1254.3
1406060 1252.8
1406070 1252.8
1406080 1251.1
1406090 1249.8
1406100 1249.8
1406110 1249.2
1406120 1248.7
1406130 1248.7
1406140 1248.1
1406150 1247.1
1406160 1245.5
1406170 1245.5
1406180 1243.7
1406190 1241.6
1406200 1241.6
1406210 1238.2
1406220 1234.5
1406230 1234.5
1406240 1230.3
1406250 1228.6
1406260 1228.6
1406270 1226.9
1406280 1224.8
1406290 1224.8
1406300 1223.7
1406310 1223.3
1406320 1223.3
1406330 1222.4
1406340 1220.2
1406350 1220.2
1406360 1218.3
1406370 1216.4
1406380 1216.4
1406390 1214.5
1406400 1212.5
1406410 1212.5
1406420 1210.8
1406430 1208.0
1406440 1208.0
1406450 1205.8
1406460 1204.5
1406470 1204.5
1406480 1202.7
1406490 1200.8
1406500 1200.8
1406510 1198.8
1406520 1195.7
1406530 1195.7
1406540 1191.4
1406550 1193.1
1406560 1193.1
1406570 1198.5
1406580 1202.8
1406590 1204.0
1406600 1204.0
1406610 1202.9
1406620 1199.1
1406630 1199.1
1406640 1193.6
1406650 1189.5
1406660 1189.5
1406670 1186.4
1406680 1183.4
1406690 1183.4
1406700 1180.1
1406710 1178.3
1406720 1178.3
1406730 1175.7
1406740 1170.3
1406750 1170.3
1406760 1164.3
1406770 1160.0
1406780 1160.0
1406790 1156.2
1406800 1154.2
1406810 1154.2
1406820 1153.5
1406830 1152.7
1406840 1152.7
1406850 1146.9
1406860 1140.1
1406870 1140.1
1406880 1136.0
1406890 1134.9
1406900 1134.9
1406910 1131.4
1406920 1125.0
1406930 1125.0
1406940 1119.2
1406950 1114.0
1406960 1114.0
1406970 1108.1
1406980 1103.8
1406990 1097.0
1407000 1097.0
1407010 1092.1
1407020 1090.7
1407030 1090.7
1407040 1092.2
1407050 1092.8
1407060 1092.8
1407070 1093.0
1407080 1092.9
1407090 1092.9
1407100 1092.9
1407110 1092.7
1407120 1092.7
1407130 1092.8
1407140 1093.5
1407150 1093.5
1407160 1092.9
1407170 1091.6
1407180 1091.6
1407190 1090.5
1407200 1089.3
1407210 1089.3
1407220 1088.5
1407230 1087.5
1407240 1087.5
1407250 1086.3
1407260 1085.9
1407270 1085.9
1407280 1087.1
1407290 1089.0
1407300 1089.0
1407310 1092.6
1407320 1095.3
1407330 1095.3
1407340 1094.6
1407350 1090.2
1407360 1090.2
1407370 1085.6
1407380 1080.7
1407390 1080.7
1407400 1076.2
1407410 1074.8
1407420 1073.7
1407430 1073.7
1407440 1071.8
1407450 1070.3
1407460 1070.3
1407470 1070.6
1407480 1071.1
1407490 1071.1
1407500 1071.8
1407510 1072.1
1407520 1072.1
1407530 1071.7
1407540 1071.2
1407550 1071.2
1407560 1070.2
1407570 1068.6
1407580 1068.6
1407590 1064.7
1407600 1061.3
1407610 1061.3
1407620 1058.1
1407630 1054.6
1407640 1054.6
1407650 1052.2
1407660 1050.9
1407670 1050.9
1407680 1049.4
1407690 1047.8
1407700 1044.3
1407710 1043.0
1407720 1041.8
1407730 1041.8
1407740 1040.4
1407750 1039.1
1407760 1039.1
1407770 1037.6
1407780 1036.4
1407790 1036.4
1407800 1035.0
1407810 1033.7
1407820 1033.7
1407830 1032.7
1407840 1030.9
1407850 1029.5
1407860 1029.5
1407870 1027.2
1407880 1025.3
1407890 1025.3
1407900 1023.8
1407910 1022.2
1407920 1022.2
1407930 1020.9
1407940 1020.4
1407950 1020.4
1407960 1018.9
1407970 1016.9
1407980 1016.9
1407990 1015.5
1408000 1014.2
1408010 1014.2
1408020 1013.5
1408030 1012.9
1408040 1012.9
1408050 1012.7
1408060 1012.6
1408070 1012.6
1408080 1012.2
1408090 1011.0
1408100 1011.0
1408110 1009.0
1408120 1006.9
1408130 1006.9
1408140 1004.7
1408150 1002.7
1408160 1002.7
1408170 999.3
1408180 994.8
1408190 994.8
1408200 991.2
1408210 988.9
1408220 988.9
1408230 986.2
1408240 982.7
1408250 982.7
1408260 979.5
1408270 977.8
1408280 976.2
1408290 976.2
1408300 974.5
1408310 970.2
1408320 970.2
1408330 965.1
1408340 943.3
1408350 943.3
1408360 932.9
1408370 927.7
1408380 927.7
1408390 928.0
1408400 930.3
1408410 930.3
1408420 931.8
1408430 946.9
1408440 946.9
1408450 951.1
1408460 954.1
1408470 954.1
1408480 955.6
1408490 953.5
1408500 953.5
1408510 953.0
1408520 954.8
1408530 954.8
1408540 957.2
1408550 959.9
1408560 959.9
1408570 962.7
1408580 964.2
1408590 964.2
1408600 965.7
1408610 967.6
1408620 967.6
1408630 969.7
1408640 971.4
1408650 971.4
1408660 972.2
1408670 971.8
1408680 971.8
1408690 970.4
1408700 970.7
1408710 972.9
1408720 972.9
1408730 972.8
1408740 971.8
1408750 971.8
1408760 970.4
1408770 969.2
1408780 969.2
1408790 968.2
1408800 967.2
1408810 967.2
1408820 966.4
1408830 966.6
1408840 966.6
1408850 967.7
1408860 969.2
1408870 969.2
1408880 970.6
1408890 972.1
1408900 972.1
1408910 973.1
1408920 971.9
1408930 971.9
1408940 972.1
1408950 973.6
1408960 973.6
1408970 975.9
1408980 978.2
1408990 978.2
1409000 980.1
1409010 982.5
1409020 982.5
1409030 985.8
1409040 989.0
1409050 989.0
1409060 992.3
1409070 996.2
1409080 996.2
1409090 1001.4
1409100 1005.4
1409110 1005.4
1409120 1010.5
1409130 1015.4
1409140 1020.8
1409150 1020.8
1409160 1025.5
1409170 1029.3
1409180 1029.3
1409190 1031.9
1409200 1033.0
1409210 1033.0
1409220 1034.1
1409230 1033.8
1409240 1033.8
1409250 1033.1
1409260 1033.7
1409270 1033.7
1409280 1034.5
1409290 1035.8
1409300 1035.8
1409310 1037.4
1409320 1038.4
1409330 1038.4
1409340 1039.5
1409350 1041.2
1409360 1041.2
1409370 1042.5
1409380 1043.8
1409390 1040.0
1409400 1041.1
1409410 1041.5
1409420 1041.5
1409430 1041.9
1409440 1042.2
1409450 1042.2
1409460 1043.1
1409470 1044.2
1409480 1044.2
1409490 1045.1
1409500 1045.7
1409510 1045.7
1409520 1046.1
1409530 1046.6
1409540 1046.6
1409550 1047.6
1409560 1048.8
1409570 1049.8
1409580 1049.8
1409590 1050.6
1409600 1051.3
1409610 1051.3
1409620 1053.0
1409630 1054.2
1409640 1054.2
1409650 1055.4
1409660 1055.8
1409670 1055.8
1409680 1055.2
1409690 1055.4
1409700 1055.4
1409710 1056.3
1409720 1057.1
1409730 1057.1
1409740 1057.7
1409750 1056.6
1409760 1056.6
1409770 1055.6
1409780 1056.2
1409790 1056.2
1409800 1055.7
1409810 1054.8
1409820 1054.8
1409830 1051.6
1409840 1046.7
1409850 1046.7
1409860 1043.6
1409870 1041.3
1409880 1041.3
1409890 1036.9
1409900 1031.8
1409910 1031.8
1409920 1029.6
1409930 1032.6
1409940 1032.6
1409950 1035.9
1409960 1036.2
1409970 1036.2
1409980 1036.2
1409990 1037.5
1410000 1039.3
1410010 1039.3
1410020 1040.2
1410030 1043.2
1410040 1043.2
1410050 1047.5
1410060 1053.2
1410070 1053.2
1410080 1058.4
1410090 1062.2
1410100 1062.2
1410110 1065.1
1410120 1067.9
1410130 1067.9
1410140 1070.3
1410150 1072.9
1410160 1072.9
1410170 1075.7
1410180 1078.5
1410190 1078.5
1410200 1081.9
1410210 1084.9
1410220 1084.9
1410230 1088.7
1410240 1091.7
1410250 1091.7
1410260 1094.9
1410270 1095.3
1410280 1095.3
1410290 1094.5
1410300 1097.5
1410310 1097.5
1410320 1101.7
1410330 1104.9
1410340 1104.9
1410350 1107.3
1410360 1108.5
1410370 1108.5
1410380 1108.9
1410390 1107.4
1410400 1107.4
1410410 1107.3
1410420 1109.3
1410430 1112.0
1410440 1112.0
1410450 1114.8
1410460 1117.1
1410470 1117.1
1410480 1119.4
1410490 1122.2
1410500 1122.2
1410510 1125.1
1410520 1127.3
1410530 1127.3
1410540 1129.2
1410550 1130.2
1410560 1130.2
1410570 1130.5
1410580 1132.4
1410590 1132.4
1410600 1134.8
1410610 1136.6
1410620 1136.6
1410630 1139.0
1410640 1141.9
1410650 1141.9
1410660 1145.5
1410670 1148.7
1410680 1148.7
1410690 1151.5
1410700 1154.2
1410710 1154.2
1410720 1157.2
1410730 1159.6
1410740 1159.6
1410750 1161.6
1410760 1164.0
1410770 1164.0
1410780 1166.4
1410790 1168.8
1410800 1168.8
1410810 1171.1
1410820 1173.7
1410830 1173.7
1410840 1176.2
1410850 1178.4
1410860 1179.7
1410870 1179.7
1410880 1181.1
1410890 1185.1
1410900 1185.1
1410910 1187.2
1410920 1189.2
1410930 1189.2
1410940 1189.8
1410950 1190.3
1410960 1190.3
1410970 1194.4
1410980 1199.7
1410990 1199.7
1411000 1204.2
1411010 1207.3
1411020 1207.3
1411030 1209.6
1411040 1209.4
1411050 1209.4
1411060 1211.1
1411070 1215.2
1411080 1215.2
1411090 1218.4
1411100 1222.1
1411110 1222.1
1411120 1229.8
1411130 1233.4
1411140 1233.4
1411150 1236.5
1411160 1238.6
1411170 1238.6
1411180 1241.7
1411190 1246.0
1411200 1246.0
1411210 1246.9
1411220 1248.5
1411230 1248.5
1411240 1251.7
1411250 1255.8
1411260 1255.8
1411270 1260.1
1411280 1264.1
1411290 1268.5
1411300 1268.5
1411310 1273.1
1411320 1277.7
1411330 1277.7
1411340 1281.8
1411350 1286.1
1411360 1286.1
1411370 1289.7
1411380 1292.7
1411390 1292.7
1411400 1295.1
1411410 1297.0
1411420 1297.0
1411430 1299.9
1411440 1302.8
1411450 1302.8
1411460 1305.7
1411470 1308.5
1411480 1308.5
1411490 1310.9
1411500 1313.3
1411510 1313.3
1411520 1315.8
1411530 1319.0
1411540 1319.0
1411550 1321.7
1411560 1325.7
1411570 1325.7
1411580 1328.6
1411590 1331.2
1411600 1331.2
1411610 1334.3
1411620 1337.6
1411630 1337.6
1411640 1340.9
1411650 1343.9
1411660 1343.9
1411670 1345.6
1411680 1347.8
1411690 1347.8
1411700 1350.0
1411710 1352.4
1411720 1354.5
1411730 1354.5
1411740 1356.3
1411750 1357.9
1411760 1357.9
1411770 1358.3
1411780 1358.7
1411790 1358.7
1411800 1359.6
1411810 1361.1
1411820 1361.1
1411830 1363.1
1411840 1364.7
1411850 1364.7
1411860 1364.7
1411870 1365.6
1411880 1365.6
1411890 1367.8
1411900 1370.2
1411910 1370.2
1411920 1371.9
1411930 1372.3
1411940 1372.3
1411950 1373.4
1411960 1374.5
1411970 1374.5
1411980 1374.5
1411990 1373.6
1412000 1373.6
1412010 1373.2
1412020 1374.5
1412030 1374.5
1412040 1378.4
1412050 1382.3
1412060 1382.3
1412070 1383.6
1412080 1384.1
1412090 1384.1
1412100 1386.2
1412110 1388.0
1412120 1388.0
1412130 1391.4
1412140 1396.5
1412150 1401.1
1412160 1401.1
1412170 1404.9
1412180 1409.2
1412190 1409.2
1412200 1412.7
1412210 1416.0
1412220 1416.0
1412230 1419.4
1412240 1423.7
1412250 1423.7
1412260 1428.2
1412270 1433.2
1412280 1433.2
1412290 1438.3
1412300 1444.1
1412310 1444.1
1412320 1449.8
1412330 1455.2
1412340 1455.2
1412350 1460.5
1412360 1464.8
1412370 1464.8
1412380 1469.6
1412390 1474.9
1412400 1474.9
1412410 1479.1
1412420 1482.6
1412430 1482.6
1412440 1487.4
1412450 1495.0
1412460 1495.0
1412470 1502.0
1412480 1507.9
1412490 1507.9
1412500 1513.9
1412510 1519.8
1412520 1519.8
1412530 1526.2
1412540 1533.6
1412550 1533.6
1412560 1547.2
1412570 1554.6
1412580 1566.3
1412590 1566.3
1412600 1572.6
1412610 1578.6
1412620 1578.6
1412630 1584.7
1412640 1593.2
1412650 1593.2
1412660 1607.3
1412670 1612.1
1412680 1612.1
1412690 1611.2
1412700 1610.6
1412710 1610.6
1412720 1609.9
1412730 1608.3
1412740 1608.3
1412750 1606.7
1412760 1605.4
1412770 1605.4
1412780 1604.1
1412790 1602.6
1412800 1602.6
1412810 1600.6
1412820 1599.2
1412830 1599.2
1412840 1599.7
1412850 1598.6
1412860 1598.6
1412870 1601.3
1412880 1597.9
1412890 1597.9
1412900 1598.6
1412910 1598.9
1412920 1598.9
1412930 1599.9
1412940 1599.7
1412950 1599.7
1412960 1597.4
1412970 1594.9
1412980 1594.9
1412990 1593.3
1413000 1592.0
1413010 1589.0
1413020 1589.0
1413030 1584.6
1413040 1584.1
1413050 1584.1
1413060 1582.3
1413070 1580.8
1413080 1580.8
1413090 1580.0
1413100 1579.2
1413110 1579.2
1413120 1578.6
1413130 1579.7
1413140 1579.7
1413150 1580.6
1413160 1581.4
1413170 1581.4
1413180 1581.8
1413190 1582.5
1413200 1582.5
1413210 1582.2
1413220 1581.2
1413230 1581.2
1413240 1579.8
1413250 1578.5
1413260 1578.5
1413270 1577.3
1413280 1575.1
1413290 1575.1
1413300 1574.1
1413310 1573.0
1413320 1573.0
1413330 1572.2
1413340 1572.1
1413350 1572.1
1413360 1573.6
1413370 1574.7
1413380 1574.7
1413390 1576.4
1413400 1578.3
1413410 1578.3
1413420 1580.1
1413430 1582.5
1413440 1584.1
1413450 1584.1
1413460 1585.3
1413470 1586.1
1413480 1586.1
1413490 1588.3
1413500 1590.7
1413510 1590.7
1413520 1593.7
1413530 1596.5
1413540 1596.5
1413550 1599.1
1413560 1601.6
1413570 1601.6
1413580 1604.1
1413590 1606.2
1413600 1606.2
1413610 1606.6
1413620 1607.7
1413630 1607.7
1413640 1610.6
1413650 1612.3
1413660 1612.3
1413670 1613.1
1413680 1613.7
1413690 1613.7
1413700 1614.1
1413710 1614.5
1413720 1614.5
1413730 1613.8
1413740 1614.2
1413750 1614.2
1413760 1613.7
1413770 1614.4
1413780 1614.4
1413790 1613.8
1413800 1595.1
1413810 1595.1
1413820 1584.7
1413830 1581.0
1413840 1581.0
1413850 1580.0
1413860 1578.3
1413870 1576.7
1413880 1576.7
1413890 1575.9
1413900 1575.5
1413910 1575.5
1413920 1572.4
1413930 1566.8
1413940 1566.8
1413950 1556.8
1413960 1551.0
1413970 1551.0
1413980 1546.3
1413990 1542.2
1414000 1542.2
1414010 1533.5
1414020 1523.9
1414030 1523.9
1414040 1516.1
1414050 1509.4
1414060 1509.4
1414070 1502.3
1414080 1495.1
1414090 1495.1
1414100 1489.6
1414110 1483.5
1414120 1483.5
1414130 1478.0
1414140 1473.9
1414150 1473.9
1414160 1472.8
1414170 1473.6
1414180 1473.6
1414190 1472.6
1414200 1470.7
1414210 1470.7
1414220 1469.9
1414230 1468.5
1414240 1468.5
1414250 1467.4
1414260 1465.4
1414270 1465.4
1414280 1461.6
1414290 1460.5
1414300 1459.9
1414310 1459.9
1414320 1458.5
1414330 1455.0
1414340 1455.0
1414350 1452.9
1414360 1453.8
1414370 1453.8
1414380 1452.1
1414390 1450.4
1414400 1450.4
1414410 1448.2
1414420 1446.4
1414430 1446.4
1414440 1447.8
1414450 1450.9
1414460 1450.9
1414470 1451.8
1414480 1451.3
1414490 1451.3
1414500 1455.3
1414510 1459.6
1414520 1459.6
1414530 1463.2
1414540 1464.0
1414550 1464.0
1414560 1463.4
1414570 1466.6
1414580 1466.6
1414590 1466.8
1414600 1463.7
1414610 1463.7
1414620 1465.1
1414630 1467.6
1414640 1467.6
1414650 1469.8
1414660 1471.7
1414670 1471.7
1414680 1473.5
1414690 1475.3
1414700 1475.6
1414710 1477.6
1414720 1480.4
1414730 1483.3
1414740 1483.3
1414750 1486.7
1414760 1490.3
1414770 1490.3
1414780 1493.0
1414790 1495.6
1414800 1495.6
1414810 1498.4
1414820 1501.3
1414830 1501.3
1414840 1504.8
1414850 1507.9
1414860 1507.9
1414870 1512.3
1414880 1515.6
1414890 1515.6
1414900 1517.5
1414910 1519.4
1414920 1519.4
1414930 1521.1
1414940 1522.2
1414950 1522.2
1414960 1522.5
1414970 1521.5
1414980 1521.5
1414990 1520.4
1415000 1519.9
1415010 1519.9
1415020 1520.5
1415030 1521.0
1415040 1521.0
1415050 1522.0
1415060 1523.5
1415070 1523.5
1415080 1525.1
1415090 1525.8
1415100 1525.8
1415110 1524.3
1415120 1522.4
1415130 1522.4
1415140 1520.9
1415150 1520.5
1415160 1520.4
1415170 1520.4
1415180 1519.3
1415190 1519.1
1415200 1519.1
1415210 1519.5
1415220 1520.1
1415230 1520.1
1415240 1519.4
1415250 1518.4
1415260 1518.4
1415270 1518.2
1415280 1517.0
1415290 1517.0
1415300 1515.4
1415310 1513.8
1415320 1513.8
1415330 1513.2
1415340 1512.5
1415350 1512.5
1415360 1512.6
1415370 1513.6
1415380 1513.6
1415390 1513.7
1415400 1513.0
1415410 1513.0
1415420 1511.5
1415430 1510.1
1415440 1510.1
1415450 1509.8
1415460 1509.7
1415470 1509.7
1415480 1505.7
1415490 1498.4
1415500 1498.4
1415510 1490.7
1415520 1485.7
1415530 1485.7
1415540 1481.3
1415550 1476.8
1415560 1476.8
1415570 1472.2
1415580 1466.4
1415590 1460.7
1415600 1460.7
1415610 1456.3
1415620 1451.3
1415630 1451.3
1415640 1445.0
1415650 1438.7
1415660 1438.7
1415670 1431.8
1415680 1425.0
1415690 1425.0
1415700 1417.1
1415710 1406.6
1415720 1406.6
1415730 1397.1
1415740 1388.8
1415750 1388.8
1415760 1381.4
1415770 1371.6
1415780 1371.6
1415790 1364.7
1415800 1358.5
1415810 1358.5
1415820 1352.8
1415830 1346.9
1415840 1346.9
1415850 1338.3
1415860 1326.5
1415870 1326.5
1415880 1314.3
1415890 1303.2
1415900 1303.2
1415910 1291.5
1415920 1280.1
1415930 1280.1
1415940 1272.0
1415950 1266.4
1415960 1266.4
1415970 1263.5
1415980 1262.0
1415990 1262.0
1416000 1261.0
1416010 1259.5
1416020 1255.9
1416030 1255.9
1416040 1252.4
1416050 1249.0
1416060 1249.0
1416070 1247.4
1416080 1246.9
1416090 1246.9
1416100 1246.9
1416110 1247.8
1416120 1247.8
1416130 1248.5
1416140 1247.9
1416150 1247.9
1416160 1246.7
1416170 1243.7
1416180 1243.7
1416190 1237.4
1416200 1227.7
1416210 1227.7
1416220 1218.3
1416230 1210.6
1416240 1210.6
1416250 1204.2
1416260 1199.4
1416270 1199.4
1416280 1195.8
1416290 1192.5
1416300 1192.5
1416310 1189.6
1416320 1187.5
1416330 1187.5
1416340 1185.3
1416350 1183.1
1416360 1183.1
1416370 1179.8
1416380 1173.8
1416390 1173.8
1416400 1164.5
1416410 1154.7
1416420 1154.7
1416430 1145.0
1416440 1135.9
1416450 1126.5
1416460 1126.5
1416470 1117.7
1416480 1109.5
1416490 1109.5
1416500 1102.2
1416510 1095.1
1416520 1095.1
1416530 1087.7
1416540 1080.8
1416550 1080.8
1416560 1080.2
1416570 1072.7
1416580 1072.7
1416590 1072.7
1416600 1071.2
1416610 1071.2
1416620 1069.6
1416630 1068.3
1416640 1068.3
1416650 1062.0
1416660 1054.9
1416670 1054.9
1416680 1052.0
1416690 1055.3
1416700 1055.3
1416710 1060.8
1416720 1061.1
1416730 1061.1
1416740 1054.9
1416750 1047.9
1416760 1047.9
1416770 1041.6
1416780 1034.3
1416790 1034.3
1416800 1026.8
1416810 1020.0
1416820 1020.0
1416830 1019.3
1416840 1024.7
1416850 1024.7
1416860 1028.4
1416870 1031.5
1416880 1034.1
1416890 1034.1
1416900 1036.5
1416910 1038.9
1416920 1038.9
1416930 1039.2
1416940 1037.4
1416950 1037.4
1416960 1034.1
1416970 1030.3
1416980 1030.3
1416990 1026.9
1417000 1021.8
1417010 1021.8
1417020 1016.5
1417030 1009.5
1417040 1009.5
1417050 999.3
1417060 992.1
1417070 992.1
1417080 986.5
1417090 980.8
1417100 980.8
1417110 976.2
1417120 971.7
1417130 971.7
1417140 967.5
1417150 962.1
1417160 962.1
1417170 954.7
1417180 941.7
1417190 941.7
1417200 932.9
1417210 926.4
1417220 926.4
1417230 920.0
1417240 913.9
1417250 913.9
1417260 907.1
1417270 900.3
1417280 900.3
1417290 893.8
1417300 889.0
1417310 884.6
1417320 884.6
1417330 879.7
1417340 872.8
1417350 872.8
1417360 865.4
1417370 857.5
1417380 857.5
1417390 850.2
1417400 844.0
1417410 844.0
1417420 838.3
1417430 834.0
1417440 834.0
1417450 826.4
1417460 818.4
1417470 818.4
1417480 810.7
1417490 802.2
1417500 802.2
1417510 791.9
1417520 785.1
1417530 785.1
1417540 779.7
1417550 774.7
1417560 774.7
1417570 770.7
1417580 770.5
1417590 770.5
1417600 770.5
1417610 770.5
1417620 770.5
1417630 771.2
1417640 775.1
1417650 775.1
1417660 780.6
1417670 784.0
1417680 784.0
1417690 785.5
1417700 786.7
1417710 786.7
1417720 786.7
1417730 786.1
1417740 785.3
1417750 785.3
1417760 786.1
1417770 787.6
1417780 787.6
1417790 787.7
1417800 785.8
1417810 785.8
1417820 783.7
1417830 783.2
1417840 783.2
1417850 782.4
1417860 780.1
1417870 780.1
1417880 777.6
1417890 774.2
1417900 774.2
1417910 768.0
1417920 764.0
1417930 764.0
1417940 761.5
1417950 759.7
1417960 759.7
1417970 758.7
1417980 756.7
1417990 756.7
1418000 752.9
1418010 746.6
1418020 746.6
1418030 740.2
1418040 735.6
1418050 735.6
1418060 731.3
1418070 724.7
1418080 724.7
1418090 718.0
1418100 711.2
1418110 711.2
1418120 704.2
1418130 704.4
1418140 704.4
1418150 709.3
1418160 712.2
1418170 711.5
1418180 711.5
1418190 710.0
1418200 707.7
1418210 707.7
1418220 704.9
1418230 702.1
1418240 702.1
1418250 699.0
1418260 695.8
1418270 695.8
1418280 692.1
1418290 689.7
1418300 689.7
1418310 688.4
1418320 686.8
1418330 686.8
1418340 683.8
1418350 680.6
1418360 680.6
1418370 677.0
1418380 671.6
1418390 671.6
1418400 665.2
1418410 657.9
1418420 657.9
1418430 654.2
1418440 656.2
1418450 656.2
1418460 657.5
1418470 656.6
1418480 656.6
1418490 647.6
1418500 651.3
1418510 651.3
1418520 651.0
1418530 650.0
1418540 650.0
1418550 648.8
1418560 646.2
1418570 646.2
1418580 642.9
1418590 639.0
1418600 635.4
1418610 635.4
1418620 631.5
1418630 627.4
1418640 627.4
1418650 622.9
1418660 619.4
1418670 619.4
1418680 616.7
1418690 614.4
1418700 614.4
1418710 612.5
1418720 610.1
1418730 610.1
1418740 608.5
1418750 603.9
1418760 603.9
1418770 599.4
1418780 596.6
1418790 596.6
1418800 595.4
1418810 592.2
1418820 592.2
1418830 587.4
1418840 582.8
1418850 582.8
1418860 579.7
1418870 577.1
1418880 577.1
1418890 575.8
1418900 576.0
1418910 576.0
1418920 577.4
1418930 578.6
1418940 578.6
1418950 579.6
1418960 580.7
1418970 580.7
1418980 581.2
1418990 581.4
1419000 581.4
1419010 581.0
1419020 581.2
1419030 582.4
1419040 582.4
1419050 582.5
1419060 582.3
1419070 582.3
1419080 580.7
1419090 581.7
1419100 581.7
1419110 582.8
1419120 580.9
1419130 580.9
1419140 577.1
1419150 573.2
1419160 573.2
1419170 571.6
1419180 571.3
1419190 571.3
1419200 571.5
1419210 571.1
1419220 571.1
1419230 571.9
1419240 572.1
1419250 572.1
1419260 570.6
1419270 568.8
1419280 568.8
1419290 569.0
1419300 569.1
1419310 569.1
1419320 568.5
1419330 567.5
1419340 567.5
1419350 568.2
1419360 569.1
1419370 569.1
1419380 567.9
1419390 565.8
1419400 565.8
1419410 564.4
1419420 563.1
1419430 563.1
1419440 561.5
1419450 560.8
1419460 561.8
1419470 561.8
1419480 561.9
1419490 560.5
1419500 560.5
1419510 558.0
1419520 557.2
1419530 557.2
1419540 558.4
1419550 558.1
1419560 558.1
1419570 558.4
1419580 557.0
1419590 557.0
1419600 557.1
1419610 556.7
1419620 556.7
1419630 556.4
1419640 555.6
1419650 555.6
1419660 555.5
1419670 555.8
1419680 555.8
1419690 555.8
1419700 555.5
1419710 555.5
1419720 555.5
1419730 556.7
1419740 556.7
1419750 556.7
1419760 556.8
1419770 556.8
1419780 556.9
1419790 555.6
1419800 555.6
1419810 554.3
1419820 552.3
1419830 552.3
1419840 551.5
1419850 550.7
1419860 550.7
1419870 550.7
1419880 550.9
1419890 549.1
1419900 549.1
1419910 542.0
1419920 536.4
1419930 536.4
1419940 535.1
1419950 534.2
1419960 534.2
1419970 535.7
1419980 536.3
1419990 536.3
