1402960 1559.9
1402970 1559.9
1402980 1558.4
1402990 1559.9
1403000 1559.9
1403010 1563.3
1403020 1565.7
1403030 1565.7
1403040 1570.8
1403050 1575.4
1403060 1575.4
1403070 1572.5
1403080 1567.7
1403090 1567.7
1403100 1570.3
1403110 1578.5
1403120 1578.5
1403130 1583.3
1403140 1598.1
1403150 1598.1
1403160 1609.0
1403170 1618.3
1403180 1618.3
1403190 1624.1
1403200 1625.0
1403210 1625.0
1403220 1630.7
1403230 1632.9
1403240 1637.1
1403250 1637.1
1403260 1639.6
1403270 1645.3
1403280 1645.3
1403290 1649.0
1403300 1651.1
1403310 1651.1
1403320 1654.3
1403330 1654.9
1403340 1654.9
1403350 1656.8
1403360 1660.2
1403370 1660.2
1403380 1663.7
1403390 1663.8
1403400 1663.8
1403410 1665.7
1403420 1667.7
1403430 1667.7
1403440 1669.0
1403450 1671.7
1403460 1671.7
1403470 1672.2
1403480 1674.9
1403490 1674.9
1403500 1678.5
1403510 1682.0
1403520 1682.0
1403530 1686.4
1403540 1689.3
1403550 1689.3
1403560 1691.2
1403570 1695.1
1403580 1695.1
1403590 1698.0
1403600 1699.5
1403610 1699.5
1403620 1697.4
1403630 1663.9
1403640 1663.9
1403650 1633.9
1403660 1602.4
1403670 1586.5
1403680 1586.5
1403690 1578.8
1403700 1571.5
1403710 1571.5
1403720 1565.6
1403730 1562.5
1403740 1562.5
1403750 1561.1
1403760 1561.6
1403770 1561.6
1403780 1566.3
1403790 1570.0
1403800 1570.0
1403810 1570.4
1403820 1570.4
1403830 1570.4
1403840 1572.5
1403850 1578.3
1403860 1578.3
1403870 1585.0
1403880 1589.0
1403890 1589.0
1403900 1586.2
1403910 1589.0
1403920 1589.0
1403930 1587.8
1403940 1591.2
1403950 1591.2
1403960 1590.5
1403970 1588.1
1403980 1588.1
1403990 1582.5
1404000 1575.4
1404010 1575.4
1404020 1564.8
1404030 1556.3
1404040 1556.3
1404050 1543.4
1404060 1530.1
1404070 1530.1
1404080 1525.7
1404090 1535.4
1404100 1553.1
1404110 1553.1
1404120 1562.4
1404130 1563.2
1404140 1563.2
1404150 1542.3
1404160 1557.4
1404170 1557.4
1404180 1525.8
1404190 1502.4
1404200 1502.4
1404210 1499.7
1404220 1512.2
1404230 1512.2
1404610 1511.6
1404620 1516.1
1404630 1516.1
1404640 1524.1
1404650 1533.8
1404660 1533.8
1404670 1543.9
1404680 1539.9
1404690 1539.9
1404700 1538.1
1404710 1551.3
1404720 1551.3
1404730 1562.2
1404740 1565.4
1404750 1565.4
1404760 1570.6
1404770 1577.5
1404780 1577.5
1404790 1582.2
1404800 1586.0
1404810 1586.0
1404820 1590.5
1404830 1589.9
1404840 1589.9
1404850 1594.4
1404860 1599.1
1404870 1599.1
1404880 1604.0
1404890 1607.5
1404900 1607.5
1404910 1608.2
1404920 1600.6
1404930 1600.6
1404940 1606.2
1404950 1610.9
1404960 1619.5
1404970 1619.5
1404980 1627.5
1404990 1635.8
1405000 1635.8
1405010 1643.4
1405020 1650.6
1405030 1650.6
1405040 1657.4
1405050 1664.2
1405060 1664.2
1405070 1671.2
1405080 1676.8
1405090 1676.8
1405100 1683.1
1405110 1690.4
1405120 1690.4
1405130 1695.3
1405140 1699.6
1405150 1699.6
1405160 1706.0
1405170 1713.4
1405180 1713.4
1405190 1718.6
1405200 1713.1
1405210 1713.1
1405220 1704.0
1405230 1700.4
1405240 1700.4
1405250 1697.5
1405260 1693.2
1405270 1693.2
1405280 1690.9
1405290 1684.3
1405300 1684.3
1405310 1678.5
1405320 1673.7
1405330 1673.7
1405340 1668.7
1405350 1664.9
1405360 1664.9
1405370 1664.7
1405380 1660.9
1405390 1660.9
1405400 1656.8
1405410 1653.5
1405420 1649.3
1405430 1649.3
1405440 1647.8
1405450 1646.6
1405460 1646.6
1405470 1646.6
1405480 1646.5
1405490 1646.5
1405500 1646.5
1405510 1647.9
1405520 1647.9
1405530 1649.9
1405540 1652.6
1405550 1652.6
1405560 1653.4
1405570 1653.4
1405580 1653.4
1405590 1654.7
1405600 1656.1
1405610 1656.1
1405620 1657.0
1405630 1659.4
1405640 1659.4
1405650 1660.7
1405660 1661.5
1405670 1661.5
1405680 1660.9
1405690 1659.9
1405700 1659.9
1405710 1657.9
1405720 1655.2
1405730 1655.2
1405740 1650.7
1405750 1643.7
1405760 1643.7
1405770 1632.9
1405780 1625.9
1405790 1625.9
1405800 1620.2
1405810 1614.6
1405820 1614.6
1405830 1609.6
1405840 1605.4
1405850 1601.1
1405860 1601.1
1405870 1596.6
1405880 1592.4
1405890 1592.4
1405900 1588.9
1405910 1585.7
1405920 1585.7
1405930 1584.0
1405940 1583.3
1405950 1583.3
1405960 1581.4
1405970 1578.3
1405980 1578.3
1405990 1576.5
1406000 1574.7
1406010 1574.7
1406020 1573.5
1406030 1568.3
1406040 1568.3
1406050 1562.6
1406060 1558.2
1406070 1558.2
1406080 1553.7
1406090 1552.0
1406100 1552.0
1406110 1554.5
1406120 1555.0
1406130 1555.0
1406140 1554.6
1406150 1552.8
1406160 1552.8
1406170 1550.9
1406180 1550.3
1406190 1550.3
1406200 1547.7
1406210 1547.7
1406220 1547.7
1406230 1548.0
1406240 1549.7
1406250 1549.7
1406260 1553.1
1406270 1556.0
1406280 1559.4
1406290 1559.4
1406300 1562.9
1406310 1567.5
1406320 1567.5
1406330 1570.7
1406340 1571.7
1406350 1571.7
1406360 1564.3
1406370 1553.9
1406380 1553.9
1406390 1543.9
1406400 1536.9
1406410 1536.9
1406420 1530.7
1406430 1521.7
1406440 1521.7
1406450 1522.5
1406460 1515.7
1406470 1515.7
1406480 1501.0
1406490 1486.0
1406500 1486.0
1406510 1473.0
1406520 1464.8
1406530 1464.8
1406540 1456.9
1406550 1449.2
1406560 1449.2
1406570 1441.4
1406580 1433.4
1406590 1433.4
1406600 1426.4
1406610 1417.3
1406620 1417.3
1406630 1406.4
1406640 1396.6
1406650 1396.6
1406660 1393.5
1406670 1394.1
1406680 1394.1
1406690 1394.9
1406700 1392.7
1406710 1397.7
1406720 1397.7
1406730 1401.3
1406740 1402.7
1406750 1402.7
1406760 1407.6
1406770 1408.4
1406780 1408.4
1406790 1404.9
1406800 1399.7
1406810 1399.7
1406820 1392.4
1406830 1383.8
1406840 1383.8
1406850 1374.2
1406860 1364.1
1406870 1364.1
1406880 1357.1
1407230 1139.7
1407240 1139.7
1407250 1132.1
1407260 1122.7
1407270 1122.7
1407280 1112.5
1407290 1102.2
1407300 1102.2
1407310 1094.1
1407320 1085.9
1407330 1085.9
1407340 1077.7
1407350 1068.9
1407360 1068.9
1407370 1057.7
1407380 1046.1
1407390 1046.1
1407400 1035.6
1407410 1025.5
1407420 1027.4
1407430 1018.0
1407440 1008.2
1407450 1008.2
1407460 999.1
1407470 990.4
1407480 990.4
1407490 979.0
1407500 966.7
1407510 966.7
1407520 957.0
1407530 947.7
1407540 947.7
1407550 938.7
1407560 931.0
1407570 931.0
1407580 923.1
1407590 915.8
1407600 908.2
1407610 908.2
1407620 899.7
1407630 891.8
1407640 891.8
1407650 884.2
1407660 876.4
1407670 876.4
1407680 869.6
1407690 863.2
1407700 863.2
1407710 857.3
1407720 851.8
1407730 851.8
1407740 846.4
1407750 841.0
1407760 841.0
1407770 835.3
1407780 829.5
1407790 829.5
1407800 824.1
1407810 818.7
1407820 818.7
1407830 813.9
1407840 807.4
1407850 807.4
1407860 797.2
1407870 787.9
1407880 787.9
1407890 780.2
1407900 780.2
1407910 780.2
1407920 781.4
1407930 781.6
1407940 781.6
1407950 781.9
1407960 785.8
1407970 785.8
1407980 795.0
1407990 802.9
1408000 802.9
1408010 810.5
1408570 1182.7
1408580 1188.8
1408590 1188.8
1408600 1197.9
1408610 1207.5
1408620 1207.5
1408630 1216.2
1408640 1222.4
1408650 1222.4
1408660 1228.9
1408670 1234.5
1408680 1234.5
1408690 1237.8
1408700 1240.6
1408710 1240.6
1408720 1244.2
1408730 1249.6
1408740 1249.6
1408750 1256.8
1408760 1263.0
1408770 1263.0
1408780 1268.0
1408790 1273.1
1408800 1273.1
1408810 1279.4
1408820 1285.3
1408830 1285.3
1408840 1289.7
1408850 1295.2
1408860 1295.2
1408870 1301.1
1408880 1306.8
1408890 1312.2
1408900 1312.2
1408910 1317.7
1408920 1323.2
1408930 1323.2
1408940 1328.3
1408950 1332.0
1408960 1332.0
1408970 1334.8
1408980 1336.8
1408990 1336.8
1409000 1338.6
1409010 1339.4
1409020 1339.4
1409030 1340.1
1409040 1340.0
1409050 1340.0
1409060 1338.6
1409070 1336.5
1409080 1336.5
1409090 1333.8
1409100 1325.9
1409110 1325.9
1409120 1322.8
1409130 1319.1
1409140 1319.1
1409150 1316.2
1409160 1314.2
1409170 1314.2
1409180 1312.5
1409190 1310.8
1409200 1310.8
1409210 1309.1
1409220 1306.7
1409230 1306.7
1409240 1305.4
1409250 1305.4
1409260 1305.4
1409270 1306.3
1409280 1307.1
1409290 1307.1
1409300 1307.9
1409310 1309.4
1409320 1311.7
1409330 1311.7
1409340 1314.3
1409350 1317.3
1409360 1317.3
1409370 1320.8
1409380 1324.3
1409390 1324.3
1409400 1326.7
1409410 1328.6
1409420 1328.6
1409430 1330.4
1409440 1331.1
1409450 1331.1
1409460 1331.1
1409470 1330.4
1409480 1330.4
1409490 1329.5
1409500 1327.3
1409510 1327.3
1409520 1322.4
1409530 1318.7
1409540 1318.7
1409550 1322.1
1409560 1327.7
1409570 1327.7
1409580 1330.3
1409590 1331.8
1409600 1331.8
1409610 1336.1
1409620 1341.4
1409630 1341.4
1409640 1347.7
1409650 1353.9
1409660 1353.9
1409670 1359.3
1409680 1364.6
1409690 1364.6
1409700 1370.0
1409710 1375.4
1409720 1375.4
1409730 1380.9
1409740 1386.2
1409750 1386.2
1409760 1391.2
1409770 1396.1
1409780 1400.9
1409790 1400.9
1409800 1405.2
1409810 1409.3
1409820 1409.3
1409830 1413.3
1409840 1417.3
1409850 1417.3
1409860 1421.4
1409870 1424.5
1409880 1424.5
1409890 1426.6
1409900 1428.0
1409910 1428.0
1409920 1430.1
1409930 1431.9
1409940 1431.9
1409950 1434.1
1409960 1435.8
1409970 1435.8
1409980 1437.0
1409990 1438.0
1410000 1438.0
1410010 1438.5
1410020 1439.0
1410030 1439.0
1410040 1438.8
1410050 1438.3
1410060 1438.3
1410070 1437.6
1410080 1436.7
1410090 1436.7
1410100 1434.1
1410110 1430.3
1410120 1430.3
1410130 1425.4
1410140 1420.8
1410150 1420.8
1410160 1416.1
1410170 1411.5
1410180 1411.5
1410190 1407.0
1410200 1402.6
1410210 1396.0
1410220 1396.0
1410230 1390.5
1410240 1386.7
1410250 1386.7
1410260 1383.4
1410270 1381.0
1410280 1381.0
1410290 1378.6
1410300 1377.1
1410310 1377.1
1410320 1375.7
1410330 1376.3
1410340 1376.3
1410350 1377.9
1410360 1380.3
1410370 1380.3
1410380 1381.0
1410390 1381.3
1410400 1381.3
1410410 1382.5
1410420 1385.3
1410430 1385.3
1410440 1389.3
1410450 1393.5
1410460 1393.5
1410470 1398.1
1410480 1403.2
1410490 1403.2
1410500 1408.5
1410510 1413.6
1410520 1413.6
1410530 1418.7
1410540 1423.4
1410550 1423.4
1410560 1427.9
1410570 1432.1
1410580 1432.1
1410590 1435.9
1410600 1439.3
1410610 1439.3
1410620 1442.3
1410630 1445.6
1410640 1448.1
1410650 1448.1
1410660 1450.7
1410670 1454.0
1410680 1454.0
1410690 1456.5
1410700 1458.8
1410710 1458.8
1410720 1460.5
1410730 1461.9
1410740 1461.9
1410750 1463.0
1410760 1463.9
1410770 1463.9
1410780 1463.7
1410790 1460.2
1410800 1460.2
1410810 1452.6
1410820 1444.3
1410830 1442.9
1410840 1433.5
1410850 1424.2
1410860 1424.2
1410870 1416.4
1410880 1411.1
1410890 1411.1
1410900 1406.8
1410910 1404.1
1410920 1404.1
1410930 1401.7
1410940 1401.5
1410950 1401.5
1410960 1402.5
1410970 1403.2
1410980 1403.2
1410990 1403.1
1411000 1403.0
1411010 1403.0
1411020 1404.5
1411030 1406.6
1411040 1406.6
1411050 1409.4
1411060 1412.1
1411070 1414.5
1411080 1414.5
1411090 1415.8
1411100 1416.4
1411110 1416.4
1411120 1415.5
1411130 1413.4
1411140 1413.4
1411150 1411.9
1411160 1414.8
1411170 1414.8
1411180 1419.6
1411190 1425.0
1411200 1425.0
1411210 1430.6
1411220 1437.0
1411230 1437.0
1411240 1442.7
1411250 1448.1
1411260 1448.1
1411270 1451.9
1411280 1454.4
1411290 1454.4
1411300 1456.3
1411310 1457.3
1411320 1457.3
1411330 1457.8
1411340 1457.6
1411350 1457.6
1411360 1456.8
1411370 1454.6
1411380 1454.6
1411390 1450.3
1411400 1445.3
1411410 1445.3
1411420 1441.3
1411430 1438.0
1411440 1438.0
1411450 1435.6
1411460 1434.3
1411470 1434.3
1411480 1433.3
1411490 1430.8
1411500 1428.3
1411510 1428.3
1411520 1426.0
1411530 1423.2
1411540 1423.2
1411550 1421.6
1411560 1421.0
1411570 1421.0
1411580 1419.1
1411590 1418.7
1411600 1418.7
1411610 1419.7
1411620 1421.4
1411630 1421.4
1411640 1425.2
1411650 1429.2
1411660 1429.2
1411670 1433.0
1411680 1435.6
1411690 1435.6
1411700 1437.3
1411710 1438.6
1411720 1438.6
1411730 1440.9
1411740 1443.7
1411750 1443.7
1411760 1445.8
1411770 1448.5
1411780 1448.5
1411790 1453.4
1411800 1458.5
1411810 1458.5
1411820 1464.2
1411830 1469.4
1411840 1469.4
1411850 1473.7
1411860 1476.7
1411870 1476.7
1411880 1478.0
1411890 1478.3
1411900 1478.3
1411910 1477.7
1411920 1477.4
1411930 1477.4
1411940 1476.8
1411950 1476.5
1411960 1475.5
1411970 1475.5
1411980 1474.6
1411990 1474.0
1412000 1474.0
1412010 1473.2
1412020 1473.4
1412030 1473.4
1412040 1474.3
1412050 1475.9
1412060 1475.9
1412070 1478.5
1412080 1481.7
1412090 1481.7
1412100 1485.1
1412110 1488.4
1412120 1488.4
1412130 1492.3
1412140 1496.4
1412150 1496.4
1412160 1499.9
1412170 1503.0
1412180 1503.0
1412190 1505.5
1412200 1507.7
1412210 1507.7
1412220 1509.6
1412230 1510.2
1412240 1510.2
1412250 1509.9
1412260 1506.7
1412270 1506.7
1412280 1501.1
1412290 1494.9
1412300 1494.9
1412310 1489.0
1412320 1483.1
1412330 1483.1
1412340 1477.6
1412350 1472.4
1412360 1472.4
1412370 1468.1
1412380 1466.3
1412390 1467.3
1412400 1467.3
1412410 1468.5
1412420 1466.6
1412430 1466.6
1412440 1465.1
1412450 1462.8
1412460 1462.8
1412470 1461.3
1412480 1460.4
1412490 1460.4
1412500 1459.2
1412510 1458.5
1412520 1458.5
1412530 1457.9
1412540 1454.9
1412550 1454.9
1412560 1454.0
1412570 1454.2
1412580 1454.2
1412590 1453.8
1412600 1454.9
1412610 1454.9
1412620 1456.7
1412630 1458.7
1412640 1458.7
1412650 1460.2
1412660 1461.7
1412670 1461.7
1412680 1464.4
1412690 1466.7
1412700 1466.7
1412710 1467.6
1412720 1468.0
1412730 1468.0
1412740 1468.6
1412750 1468.9
1412760 1468.9
1412770 1469.9
1412780 1471.5
1412790 1471.5
1412800 1474.6
1412810 1477.4
1412820 1479.6
1412830 1479.6
1412840 1481.9
1412850 1484.2
1412860 1484.2
1412870 1486.7
1412880 1488.6
1412890 1488.6
1412900 1491.8
1412910 1496.0
1412920 1496.0
1412930 1500.1
1412940 1502.8
1412950 1502.8
1412960 1503.0
1412970 1503.4
1412980 1503.4
1412990 1505.0
1413000 1507.4
1413010 1507.4
1413020 1509.7
1413030 1511.8
1413040 1511.8
1413050 1515.2
1413060 1518.3
1413070 1518.3
1413080 1521.2
1413090 1524.1
1413100 1524.1
1413110 1527.9
1413120 1532.0
1413130 1532.0
1413140 1536.4
1413150 1541.6
1413160 1541.6
1413170 1547.7
1413180 1553.8
1413190 1553.8
1413200 1559.4
1413210 1568.1
1413220 1568.1
1413230 1576.8
1413240 1583.6
1413250 1588.5
1413260 1588.5
1413270 1592.0
1413280 1596.7
1413290 1596.7
1413300 1604.6
1413310 1612.6
1413320 1612.6
1413330 1616.9
1413340 1617.6
1413350 1617.6
1413360 1622.7
1413370 1630.7
1413380 1630.7
1413390 1635.5
1413400 1637.7
1413410 1637.7
1413420 1639.2
1413430 1640.7
1413440 1640.7
1413450 1642.4
1413460 1644.0
1413470 1644.0
1413480 1645.7
1413490 1647.3
1413500 1647.3
1413510 1648.4
1413520 1650.1
1413530 1650.1
1413540 1651.5
1413550 1652.8
1413560 1652.8
1413570 1649.9
1413580 1643.4
1413590 1643.4
1413600 1637.7
1413610 1631.4
1413620 1631.4
1413630 1623.8
1413640 1616.7
1413650 1616.7
1413660 1610.3
1413670 1602.2
1413680 1595.0
1413690 1595.0
1413700 1587.5
1413710 1580.2
1413720 1580.2
1413730 1574.6
1413740 1569.0
1413750 1569.0
1413760 1563.9
1413770 1558.7
1413780 1558.7
1413790 1554.1
1413800 1549.6
1413810 1549.6
1413820 1544.8
1413830 1540.0
1413840 1540.0
1413850 1535.6
1413860 1531.9
1413870 1531.9
1413880 1528.6
1413890 1525.3
1413900 1525.3
1413910 1521.6
1413920 1518.0
1413930 1518.0
1413940 1514.6
1413950 1512.0
1413960 1512.0
1413970 1510.2
1413980 1509.1
1413990 1509.1
1414000 1508.1
1414010 1506.9
1414020 1506.9
1414030 1504.9
1414040 1501.0
1414050 1501.0
1414060 1496.6
1414070 1493.0
1414080 1493.0
1414090 1490.1
1414100 1485.9
1414110 1485.9
1414120 1480.8
1414130 1475.3
1414140 1468.5
1414150 1468.5
1414160 1465.7
1414170 1463.8
1414180 1463.8
1414190 1460.9
1414200 1458.5
1414210 1458.5
1414220 1457.2
1414230 1456.4
1414240 1456.4
1414250 1455.2
1414260 1453.3
1414270 1453.3
1414280 1451.7
1414290 1451.3
1414300 1451.3
1414310 1450.9
1414320 1447.5
1414330 1447.5
1414340 1445.1
1414350 1443.7
1414360 1443.7
1414370 1441.3
1414380 1438.8
1414390 1438.8
1414400 1435.2
1414410 1433.4
1414420 1433.4
1414430 1431.4
1414440 1430.2
1414450 1430.2
1414460 1428.5
1414470 1427.7
1414480 1427.7
1414490 1426.6
1414500 1424.3
1414510 1424.3
1414520 1422.2
1414530 1420.3
1414540 1420.3
1414550 1418.2
1414560 1416.0
1414570 1414.0
1414580 1414.0
1414590 1412.5
1414600 1410.5
1414610 1410.5
1414620 1408.4
1414630 1406.8
1414640 1406.8
1414650 1405.1
1414660 1403.3
1414670 1403.3
1414680 1401.6
1414690 1399.0
1414700 1399.0
1414710 1396.6
1414720 1393.9
1414730 1393.9
1414740 1391.1
1414750 1387.5
1414760 1387.5
1414770 1383.5
1414780 1379.9
1414790 1379.9
1414800 1376.9
1414810 1374.5
1414820 1374.5
1414830 1373.3
1414840 1373.8
1414850 1373.8
1414860 1373.0
1414870 1372.5
1414880 1372.5
1414890 1371.5
1414900 1370.4
1414910 1370.4
1414920 1368.6
1414930 1366.0
1414940 1366.0
1414950 1364.0
1414960 1362.7
1414970 1362.7
1414980 1361.5
1414990 1361.6
1415000 1361.9
1415010 1361.9
1415020 1361.4
1415030 1360.6
1415040 1360.6
1415050 1359.3
1415060 1358.2
1415070 1358.2
1415080 1356.9
1415090 1355.4
1415100 1355.4
1415110 1352.4
1415120 1349.3
1415130 1349.3
1415140 1347.0
1415150 1345.2
1415160 1345.2
1415170 1343.2
1415180 1341.0
1415190 1341.0
1415200 1339.2
1415210 1338.4
1415220 1338.4
1415230 1338.0
1415240 1337.6
1415250 1337.6
1415260 1337.0
1415270 1335.9
1415280 1335.9
1415290 1335.3
1415300 1334.5
1415310 1334.5
1415320 1333.5
1415330 1332.7
1415340 1332.7
1415350 1331.9
1415360 1330.0
1415370 1330.0
1415380 1328.1
1415390 1325.5
1415400 1325.5
1415410 1322.1
1415420 1316.8
1415430 1310.3
1415440 1310.3
1415450 1303.3
1415460 1295.6
1415470 1295.6
1415480 1288.2
1415490 1281.4
1415500 1281.4
1415510 1273.2
1415520 1262.6
1415530 1262.6
1415540 1252.7
1415550 1245.8
1415560 1245.8
1415570 1239.1
1415580 1232.8
1415590 1232.8
1415600 1226.8
1415610 1220.6
1415620 1220.6
1415630 1214.9
1415640 1209.6
1415650 1209.6
1415660 1204.1
1415670 1198.6
1415680 1198.6
1415690 1193.4
1415700 1188.9
1415710 1188.9
1415720 1183.8
1415730 1178.5
1415740 1178.5
1415750 1173.0
1415760 1166.9
1415770 1166.9
1415780 1160.6
1415790 1154.4
1415800 1154.4
1415810 1144.3
1415820 1132.1
1415830 1132.1
1415840 1120.9
1415850 1110.4
1415860 1101.3
1415870 1101.3
1415880 1093.0
1415890 1087.6
1415900 1087.6
1415910 1086.5
1415920 1084.3
1415930 1084.3
1415940 1084.5
1415950 1084.8
1415960 1084.8
1415970 1082.2
1415980 1081.8
1415990 1081.8
1416000 1082.0
1416010 1081.6
1416020 1081.6
1416030 1082.0
1416040 1082.2
1416050 1082.2
1416060 1082.7
1416070 1083.8
1416080 1083.8
1416090 1085.7
1416100 1087.5
1416110 1087.5
1416120 1088.5
1416130 1084.9
1416140 1084.9
1416150 1079.5
1416160 1078.3
1416170 1078.3
1416180 1077.1
1416190 1076.7
1416200 1076.7
1416210 1073.9
1416220 1071.0
1416230 1071.0
1416240 1070.4
1416250 1080.3
1416260 1080.3
1416270 1081.0
1416280 1081.8
1416290 1083.2
1416300 1083.2
1416310 1084.8
1416320 1087.9
1416330 1087.9
1416340 1092.3
1416350 1095.2
1416360 1095.2
1416370 1095.6
1416380 1096.3
1416390 1096.3
1416400 1097.5
1416410 1098.1
1416420 1098.1
1416430 1097.8
1416440 1099.6
1416450 1099.6
1416460 1102.0
1416470 1104.4
1416480 1104.4
1416490 1106.2
1416500 1107.8
1416510 1107.8
1416520 1109.5
1416530 1110.8
1416540 1110.8
1416550 1112.2
1416560 1114.4
1416570 1114.4
1416580 1117.0
1416590 1120.0
1416600 1120.0
1416610 1121.0
1416620 1119.6
1416630 1119.6
1416640 1116.1
1416650 1111.7
1416660 1111.7
1416670 1111.5
1416680 1112.2
1416690 1112.2
1416700 1114.4
1416710 1117.5
1416720 1117.5
1416730 1120.8
1416740 1124.3
1416750 1127.3
1416760 1127.3
1416770 1131.0
1416780 1134.8
1416790 1134.8
1416800 1138.1
1416810 1141.4
1416820 1141.4
1416830 1144.4
1416840 1146.4
1416850 1146.4
1416860 1149.1
1416870 1152.9
1416880 1152.9
1416890 1156.3
1416900 1159.6
1416910 1159.6
1416920 1163.0
1416930 1166.2
1416940 1166.2
1416950 1169.1
1416960 1171.7
1416970 1171.7
1416980 1173.1
1416990 1173.7
1417000 1173.7
1417010 1175.1
1417020 1177.7
1417030 1177.7
1417040 1178.5
1417050 1174.6
1417060 1174.6
1417070 1165.6
1417080 1156.2
1417090 1156.2
1417100 1146.5
1417110 1137.0
1417120 1137.0
1417130 1127.6
1417140 1118.3
1417150 1118.3
1417160 1109.8
1417170 1097.1
1417180 1070.5
1417190 1070.5
1417200 1057.0
1417210 1043.9
1417220 1043.9
1417230 1033.4
1417240 1023.1
1417250 1023.1
1417260 1012.9
1417270 1003.8
1417280 1003.8
1417290 992.9
1417300 983.9
1417310 983.9
1417320 973.7
1417330 961.9
1417340 961.9
1417350 952.9
1417360 944.0
1417370 944.0
1417380 935.2
1417390 927.1
1417400 927.1
1417410 921.3
1417420 921.3
1417430 921.3
1417440 919.4
1417450 915.4
1417460 915.4
1417470 910.9
1417480 907.6
1417490 907.6
1417500 900.2
1417510 891.5
1417520 891.5
1417530 884.9
1417540 876.6
1417550 876.6
1417560 866.5
1417570 860.5
1417580 860.5
1417590 856.0
1417600 851.1
1417610 845.8
1417620 845.8
1417630 838.6
1417640 830.4
1417650 830.4
1417660 822.4
1417670 814.0
1417680 814.0
1417690 805.5
1417700 801.6
1417710 801.6
1417720 798.5
1417730 794.9
1417740 794.9
1417750 787.3
1417760 778.8
1417770 778.8
1417780 771.2
1417790 765.5
1417800 765.5
1417810 764.9
1417820 770.3
1417830 770.3
1417840 777.1
1417850 780.6
1417860 780.6
1417870 785.6
1417880 793.0
1417890 793.0
1417900 799.5
1417910 806.0
1417920 806.0
1417930 813.3
1417940 819.8
1417950 819.8
1417960 824.2
1417970 825.6
1417980 825.6
1417990 825.2
1418000 825.5
1418010 825.5
1418020 828.1
1418030 832.4
1418040 836.6
1418050 836.6
1418060 839.7
1418070 842.6
1418080 842.6
1418090 844.8
1418100 844.9
1418110 844.9
1418120 837.2
1418130 828.6
1418140 828.6
1418150 822.8
1418160 826.3
1418170 826.3
1418180 820.9
1418190 819.9
1418200 819.9
1418210 820.8
1418220 821.5
1418230 821.5
1418240 818.3
1418250 815.7
1418260 815.7
1418270 815.9
1418280 816.7
1418290 816.7
1418300 815.3
1418310 813.4
1418320 813.4
1418330 812.9
1418340 814.9
1418350 814.9
1418360 812.0
1418370 812.2
1418380 812.2
1418390 814.8
1418400 818.2
1418410 818.2
1418420 820.5
1418430 821.7
1418440 821.7
1418450 822.5
1418460 821.1
1418470 821.7
1418480 821.7
1418490 821.1
1418500 815.3
1418510 815.3
1418520 808.0
1418530 802.0
1418540 802.0
1418550 796.7
1418560 795.3
1418570 795.3
1418580 794.3
1418590 790.0
1418600 790.0
1418610 789.2
1418620 795.6
1418630 795.6
1418640 795.1
1418650 787.2
1418660 787.2
1418670 776.0
1418680 764.2
1418690 764.2
1418700 754.8
1418710 742.8
1418720 742.8
1418730 728.2
1418740 714.6
1418750 714.6
1418760 703.4
1418770 692.9
1418780 692.9
1418790 682.1
1418800 674.2
1418810 674.2
1418820 669.9
1418830 664.6
1418840 664.6
1418850 652.2
1418860 635.5
1418870 635.5
1418880 623.4
1418890 612.0
1418900 602.1
1418910 602.1
1418920 596.1
1418930 597.3
1418940 597.3
1418950 597.9
1418960 598.0
1418970 598.0
1418980 600.7
1418990 608.2
1419000 608.2
1419010 616.7
1419020 634.1
1419030 634.1
1419040 658.1
1419050 673.5
1419060 673.5
1419070 682.5
1419080 692.4
1419090 692.4
1419100 702.3
1419110 711.6
1419120 711.6
1419130 721.4
1419140 729.7
1419150 729.7
1419160 736.1
1419170 741.4
1419180 741.4
1419190 741.1
1419200 728.9
1419210 728.9
1419220 711.1
1419230 706.4
1419240 706.4
1419250 713.2
1419260 721.1
1419270 721.1
1419280 725.0
1419290 730.8
1419300 730.8
1419310 737.1
1419320 742.0
1419330 742.0
1419340 747.6
1419350 753.7
