1403260 1575.9
1403270 1580.3
1403280 1580.3
1403290 1593.8
1403300 1596.0
1403310 1596.0
1403320 1595.0
1403330 1598.4
1403340 1598.4
1403350 1600.2
1403360 1600.3
1403370 1600.3
1403380 1601.3
1403390 1603.7
1403400 1603.7
1403410 1606.4
1403420 1608.2
1403430 1608.2
1403440 1611.9
1403450 1613.5
1403460 1613.5
1403470 1616.3
1403480 1622.1
1403490 1622.1
1403500 1626.3
1403510 1627.3
1403520 1627.3
1403530 1627.9
1403540 1627.7
1403550 1627.7
1403560 1632.5
1403570 1635.1
1403580 1637.8
1403590 1637.8
1403600 1641.2
1403610 1642.9
1403620 1642.9
1403630 1642.5
1403640 1638.2
1403650 1638.2
1403660 1629.3
1403670 1604.6
1403680 1604.6
1403690 1586.8
1403700 1566.9
1403710 1566.9
1403720 1560.0
1403730 1552.3
1403740 1552.3
1403750 1547.8
1403760 1541.6
1403770 1541.6
1403780 1520.5
1403790 1512.2
1403800 1512.2
1403810 1507.0
1403820 1501.2
1403830 1501.2
1403840 1495.0
1403850 1490.1
1403860 1490.1
1404880 1550.3
1404890 1555.4
1404900 1563.5
1404910 1563.5
1404920 1571.3
1404930 1576.6
1404940 1576.6
1404950 1579.8
1404960 1583.7
1404970 1583.7
1404980 1588.4
1404990 1595.3
1405000 1595.3
1405010 1602.6
1405020 1610.3
1405030 1610.3
1405040 1618.4
1405050 1626.6
1405060 1626.6
1405070 1635.3
1405080 1639.3
1405090 1639.3
1405100 1643.4
1405110 1649.5
1405120 1649.5
1405130 1656.6
1405140 1665.6
1405150 1665.6
1405160 1672.5
1405170 1679.9
1405180 1679.9
1405190 1686.2
1405200 1692.6
1405210 1692.6
1405220 1699.3
1405230 1696.1
1405240 1696.1
1405250 1688.4
1405260 1681.2
1405270 1681.2
1405280 1676.8
1405290 1673.8
1405300 1673.8
1405310 1669.3
1405320 1666.3
1405330 1665.7
1405340 1665.7
1405350 1665.7
1405360 1662.3
1405370 1662.3
1405380 1658.2
1405390 1651.1
1405400 1651.1
1405410 1643.6
1405420 1637.4
1405430 1637.4
1405440 1626.7
1405450 1610.2
1405460 1610.2
1405470 1585.1
1405480 1580.4
1405490 1580.4
1405500 1588.1
1405510 1597.3
1405520 1597.3
1405530 1605.9
1405540 1607.5
1405550 1607.5
1405560 1618.4
1405570 1633.7
1405580 1633.7
1405590 1644.1
1405600 1651.1
1405610 1651.1
1405620 1661.3
1405630 1666.6
1405640 1666.6
1405650 1668.5
1405660 1670.0
1405670 1670.0
1405680 1672.4
1405690 1681.9
1405700 1681.9
1405710 1688.1
1405720 1686.1
1405730 1686.1
1405740 1682.5
1405750 1678.2
1405760 1673.7
1405770 1673.7
1405780 1669.1
1405790 1665.0
1405800 1665.0
1405810 1660.5
1405820 1655.8
1405830 1655.8
1405840 1651.3
1405850 1645.8
1405860 1645.8
1405870 1637.7
1405880 1628.9
1405890 1628.9
1405900 1623.3
1405910 1619.3
1405920 1619.3
1405930 1616.8
1405940 1614.9
1405950 1614.9
1405960 1612.9
1405970 1610.0
1405980 1610.0
1405990 1606.8
1406000 1604.8
1406010 1604.8
1406020 1601.8
1406030 1600.8
1406040 1600.8
1406050 1595.9
1406060 1593.8
1406070 1593.8
1406080 1592.9
1406090 1592.5
1406100 1592.5
1406110 1591.8
1406120 1591.3
1406130 1591.3
1406140 1591.3
1406150 1590.5
1406160 1590.5
1406170 1590.6
1406180 1593.4
1406190 1596.4
1406200 1596.4
1406210 1598.7
1406220 1601.1
1406230 1601.1
1406240 1603.8
1406250 1602.0
1406260 1602.0
1406270 1593.4
1406280 1582.6
1406290 1582.6
1406300 1573.1
1406310 1565.5
1406320 1565.5
1406330 1556.9
1406340 1549.0
1406350 1549.0
1406360 1540.4
1406370 1531.1
1406380 1531.1
1406390 1520.0
1406400 1509.7
1406410 1509.7
1406420 1505.2
1406430 1494.3
1406440 1494.3
1406450 1482.8
1406460 1472.8
1406470 1472.8
1406480 1464.3
1406490 1454.8
1406500 1454.8
1406510 1446.2
1406520 1438.7
1406530 1438.7
1406540 1431.1
1406550 1423.2
1406560 1423.2
1406570 1414.1
1406580 1404.9
1406590 1404.9
1406600 1397.7
1406610 1385.0
1406620 1378.2
1406630 1378.2
1406640 1370.4
1406650 1357.9
1406660 1357.9
1406670 1347.2
1406680 1346.4
1406690 1346.4
1406700 1346.2
1407430 996.8
1407440 989.2
1407450 989.2
1407460 982.3
1407470 975.3
1407480 975.3
1407490 967.6
1407500 961.1
1407510 954.4
1407520 954.4
1407530 948.3
1407540 942.3
1407550 942.3
1407560 938.0
1407570 933.4
1407580 933.4
1407590 927.8
1407600 920.4
1407610 920.4
1407620 912.6
1407630 905.8
1407640 905.8
1407650 891.0
1407660 845.6
1407670 845.6
1407680 840.9
1407690 829.8
1407700 829.8
1407710 832.2
1407720 832.7
1407730 832.7
1407740 823.8
1407750 815.3
1407760 815.3
1407770 811.3
1407780 808.6
1407790 808.6
1407800 802.2
1407810 794.9
1407820 794.9
1408690 1219.8
1408700 1222.8
1408710 1222.8
1408720 1227.9
1408730 1233.1
1408740 1233.1
1408750 1240.1
1408760 1248.7
1408770 1248.7
1408780 1258.3
1408790 1265.5
1408800 1272.5
1408810 1272.5
1408820 1280.0
1408830 1288.0
1408840 1288.0
1408850 1296.5
1408860 1304.6
1408870 1304.6
1408880 1313.1
1408890 1323.7
1408900 1323.7
1408910 1333.3
1408920 1341.1
1408930 1341.1
1408940 1351.0
1408950 1357.7
1408960 1357.7
1408970 1362.5
1408980 1366.0
1408990 1366.0
1409000 1369.0
1409010 1371.5
1409020 1371.5
1409030 1373.2
1409040 1374.4
1409050 1374.4
1409060 1373.3
1409070 1370.6
1409080 1370.6
1409090 1366.9
1409100 1364.6
1409110 1364.6
1409120 1362.9
1409130 1361.6
1409140 1361.6
1409150 1360.4
1409160 1358.9
1409170 1358.9
1409180 1357.1
1409190 1355.5
1409200 1355.5
1409210 1354.0
1409220 1352.5
1409230 1352.5
1409240 1350.5
1409250 1349.1
1409260 1348.7
1409270 1348.7
1409280 1349.0
1409290 1349.9
1409300 1349.9
1409310 1352.0
1409320 1354.5
1409330 1354.5
1409340 1356.6
1409350 1358.3
1409360 1358.3
1409370 1359.8
1409380 1361.8
1409390 1361.8
1409400 1364.8
1409410 1368.7
1409420 1368.7
1409430 1372.3
1409440 1373.1
1409450 1373.1
1409460 1373.0
1409470 1373.4
1409480 1373.4
1409490 1373.1
1409500 1371.6
1409510 1371.6
1409520 1367.3
1409530 1362.4
1409540 1362.4
1409550 1357.8
1409560 1354.3
1409570 1354.3
1409580 1352.1
1409590 1353.9
1409600 1353.9
1409610 1361.6
1409620 1368.4
1409630 1368.4
1409640 1374.1
1409650 1379.0
1409660 1379.0
1409670 1381.9
1409680 1384.2
1409690 1385.8
1409700 1385.8
1409710 1386.9
1409720 1386.5
1409730 1386.5
1409740 1388.5
1409750 1391.8
1409760 1391.8
1409770 1396.4
1409780 1404.6
1409790 1404.6
1409800 1409.2
1409810 1413.7
1409820 1413.7
1409830 1418.3
1409840 1423.0
1409850 1423.0
1409860 1427.0
1409870 1431.4
1409880 1431.4
1409890 1435.9
1409900 1440.1
1409910 1440.1
1409920 1444.5
1409930 1448.9
1409940 1448.9
1409950 1452.9
1409960 1456.4
1409970 1456.4
1409980 1459.6
1409990 1462.2
1410000 1462.2
1410010 1464.7
1410020 1466.8
1410030 1466.8
1410040 1468.4
1410050 1469.0
1410060 1469.0
1410070 1469.4
1410080 1469.4
1410090 1469.4
1410100 1468.3
1410110 1466.0
1410120 1462.4
1410130 1462.4
1410140 1458.2
1410150 1453.2
1410160 1453.2
1410170 1446.4
1410180 1441.8
1410190 1441.8
1410200 1438.3
1410210 1435.4
1410220 1435.4
1410230 1432.6
1410240 1430.2
1410250 1430.2
1410260 1428.4
1410270 1425.9
1410280 1425.9
1410290 1420.8
1410300 1415.9
1410310 1415.9
1410320 1412.2
1410330 1409.5
1410340 1409.5
1410350 1408.5
1410360 1410.1
1410370 1410.1
1410380 1411.5
1410390 1410.3
1410400 1410.3
1410410 1413.4
1410420 1415.5
1410430 1415.5
1410440 1419.0
1410450 1422.9
1410460 1422.9
1410470 1427.3
1410480 1432.5
1410490 1432.5
1410500 1437.7
1410510 1442.9
1410520 1442.9
1410530 1447.8
1410540 1452.8
1410550 1457.7
1410560 1457.7
1410570 1462.3
1410580 1467.0
1410590 1467.0
1410600 1471.3
1410610 1475.0
1410620 1475.0
1410630 1478.3
1410640 1481.7
1410650 1481.7
1410660 1484.4
1410670 1487.5
1410680 1487.5
1410690 1490.2
1410700 1492.8
1410710 1492.8
1410720 1495.0
1410730 1496.9
1410740 1496.9
1410750 1498.1
1410760 1497.7
1410770 1497.7
1410780 1493.4
1410790 1485.7
1410800 1485.7
1410810 1476.8
1410820 1469.5
1410830 1469.5
1410840 1461.0
1410850 1454.1
1410860 1454.1
1410870 1449.4
1410880 1445.5
1410890 1445.5
1410900 1442.1
1410910 1438.6
1410920 1438.6
1410930 1435.8
1410940 1433.9
1410950 1433.9
1410960 1433.2
1410970 1433.3
1410980 1433.4
1410990 1433.4
1411000 1433.8
1411010 1435.7
1411020 1435.7
1411030 1438.3
1411040 1438.3
1411050 1438.3
1411060 1439.7
1411070 1440.9
1411080 1440.9
1411090 1441.4
1411100 1441.2
1411110 1441.2
1411120 1440.3
1411130 1440.6
1411140 1440.6
1411150 1441.7
1411160 1445.5
1411170 1445.5
1411180 1451.4
1411190 1457.3
1411200 1457.3
1411210 1464.0
1411220 1470.6
1411230 1470.6
1411240 1476.9
1411250 1483.4
1411260 1483.4
1411270 1489.2
1411280 1494.3
1411290 1494.3
1411300 1498.1
1411310 1500.6
1411320 1500.6
1411330 1502.3
1411340 1503.0
1411350 1503.0
1411360 1502.6
1411370 1501.0
1411380 1501.0
1411390 1497.3
1411400 1490.2
1411410 1490.2
1411420 1482.9
1411430 1477.0
1411440 1471.7
1411450 1471.7
1411460 1467.1
1411470 1464.2
1411480 1464.2
1411490 1461.7
1411500 1459.0
1411510 1459.0
1411520 1452.4
1411530 1451.1
1411540 1451.1
1411550 1449.7
1411560 1447.8
1411570 1447.8
1411580 1446.5
1411590 1447.3
1411600 1447.3
1411610 1447.6
1411620 1448.1
1411630 1448.1
1411640 1447.6
1411650 1446.0
1411660 1446.0
1411670 1446.6
1411680 1447.5
1411690 1447.5
1411700 1448.7
1411710 1450.9
1411720 1450.9
1411730 1453.0
1411740 1454.7
1411750 1454.7
1411760 1456.7
1411770 1459.6
1411780 1459.6
1411790 1463.2
1411800 1468.0
1411810 1468.0
1411820 1473.6
1411830 1479.3
1411840 1479.3
1411850 1485.1
1411860 1491.8
1411870 1498.1
1411880 1498.1
1411890 1502.0
1411900 1504.7
1411910 1504.7
1411920 1507.1
1411930 1509.9
1411940 1509.9
1411950 1512.2
1411960 1512.7
1411970 1512.7
1411980 1513.1
1411990 1512.9
1412000 1512.9
1412010 1512.9
1412020 1513.3
1412030 1513.3
1412040 1513.6
1412050 1513.9
1412060 1513.9
1412070 1514.2
1412080 1513.8
1412090 1513.8
1412100 1513.0
1412110 1512.4
1412120 1512.4
1412130 1512.1
1412140 1510.6
1412150 1510.6
1412160 1510.3
1412170 1511.5
1412180 1511.5
1412190 1514.0
1412200 1516.0
1412210 1516.0
1412220 1517.4
1412230 1518.9
1412240 1518.9
1412250 1520.8
1412260 1522.6
1412270 1522.6
1412280 1523.3
1412290 1522.4
1412300 1519.7
1412310 1519.7
1412320 1515.6
1412330 1509.1
1412340 1509.1
1412350 1501.6
1412360 1495.3
1412370 1495.3
1412380 1490.0
1412390 1486.6
1412400 1486.6
1412410 1484.0
1412420 1481.4
1412430 1481.4
1412440 1479.4
1412450 1478.6
1412460 1478.6
1412470 1478.4
1412480 1479.1
1412490 1479.1
1412500 1479.5
1412510 1476.3
1412520 1476.3
1412530 1471.1
1412540 1468.9
1412550 1468.9
1412560 1466.2
1412570 1464.7
1412580 1464.7
1412590 1463.4
1412600 1463.5
1412610 1463.5
1412620 1464.1
1412630 1464.5
1412640 1464.5
1412650 1465.5
1412660 1468.1
1412670 1468.1
1412680 1471.1
1412690 1474.1
1412700 1474.1
1412710 1476.5
1412720 1480.3
1412730 1484.8
1412740 1484.8
1412750 1488.1
1412760 1490.4
1412770 1490.4
1412780 1491.8
1412790 1494.7
1412800 1494.7
1412810 1497.9
1412820 1502.3
1412830 1502.3
1412840 1506.1
1412850 1509.8
1412860 1509.8
1412870 1514.3
1412880 1517.2
1412890 1517.2
1412900 1518.0
1412910 1519.5
1412920 1519.5
1412930 1521.3
1412940 1522.0
1412950 1522.0
1412960 1523.2
1412970 1525.8
1412980 1525.8
1412990 1529.7
1413000 1534.0
1413010 1534.0
1413020 1537.6
1413030 1542.0
1413040 1542.0
1413050 1547.1
1413060 1552.2
1413070 1552.2
1413080 1558.5
1413090 1563.9
1413100 1563.9
1413110 1565.5
1413120 1566.6
1413130 1566.6
1413140 1569.5
1413150 1571.6
1413160 1574.3
1413170 1574.3
1413180 1576.8
1413190 1577.7
1413200 1577.7
1413210 1579.4
1413220 1579.8
1413230 1579.8
1413240 1581.2
1413250 1581.7
1413260 1581.7
1413270 1582.4
1413280 1584.6
1413290 1584.6
1413300 1586.2
1413310 1590.6
1413320 1590.6
1413330 1595.5
1413340 1600.1
1413350 1600.1
1413360 1605.3
1413370 1611.4
1413380 1611.4
1413390 1617.9
1413400 1625.3
1413410 1625.3
1413420 1632.0
1413430 1638.6
1413440 1638.6
1413450 1645.6
1413460 1653.8
1413470 1653.8
1413480 1659.0
1413490 1660.8
1413500 1660.8
1413510 1661.6
1413520 1659.7
1413530 1659.7
1413540 1653.1
1413550 1641.6
1413560 1641.6
1413570 1632.8
1413580 1623.7
1413590 1623.7
1413600 1614.7
1413610 1608.2
1413620 1603.3
1413630 1603.3
1413640 1597.8
1413650 1592.2
1413660 1592.2
1413670 1585.4
1413680 1580.1
1413690 1580.1
1413700 1574.6
1413710 1569.1
1413720 1569.1
1413730 1563.1
1413740 1557.6
1413750 1557.6
1413760 1552.1
1413770 1547.6
1413780 1547.6
1413790 1543.7
1413800 1540.2
1413810 1540.2
1413820 1537.0
1413830 1534.0
1413840 1534.0
1413850 1530.9
1413860 1528.0
1413870 1528.0
1413880 1525.2
1413890 1522.4
1413900 1522.4
1413910 1519.6
1413920 1517.0
1413930 1517.0
1413940 1514.8
1413950 1512.3
1413960 1512.3
1413970 1509.6
1413980 1507.5
1413990 1507.5
1414000 1506.0
1414010 1504.9
1414020 1504.9
1414030 1504.4
1414040 1504.9
1414050 1505.9
1414060 1505.9
1414070 1505.6
1414080 1504.5
1414090 1504.5
1414100 1502.4
1414110 1499.5
1414120 1499.5
1414130 1497.5
1414140 1494.6
1414150 1494.6
1414160 1491.8
1414170 1489.7
1414180 1489.7
1414190 1487.8
1414200 1485.7
1414210 1485.7
1414220 1483.7
1414230 1482.7
1414240 1482.7
1414250 1481.8
1414260 1480.0
1414270 1480.0
1414280 1476.3
1414290 1471.5
1414300 1471.5
1414310 1473.4
1414320 1475.1
1414330 1475.1
1414340 1473.8
1414350 1471.2
1414360 1471.2
1414370 1468.4
1414380 1465.2
1414390 1465.2
1414400 1461.2
1414410 1456.6
1414420 1456.6
1414430 1452.9
1414440 1449.9
1414450 1449.9
1414460 1447.7
1414470 1446.5
1414480 1448.1
1414490 1448.1
1414500 1449.8
1414510 1450.7
1414520 1450.7
1414530 1450.6
1414540 1451.1
1414550 1451.1
1414560 1452.0
1414570 1451.6
1414580 1451.6
1414590 1450.6
1414600 1449.0
1414610 1449.0
1414620 1446.5
1414630 1443.2
1414640 1443.2
1414650 1439.9
1414660 1437.0
1414670 1437.0
1414680 1434.1
1414690 1431.7
1414700 1431.7
1414710 1429.4
1414720 1427.2
1414730 1427.2
1414740 1424.4
1414750 1421.1
1414760 1421.1
1414770 1418.2
1414780 1414.6
1414790 1414.6
1414800 1410.0
1414810 1405.0
1414820 1405.0
1414830 1401.0
1414840 1399.0
1414850 1399.0
1414860 1396.8
1414870 1395.3
1414880 1395.3
1414890 1393.6
1414900 1391.1
1414910 1388.5
1414920 1388.5
1414930 1385.8
1414940 1381.8
1414950 1381.8
1414960 1378.0
1414970 1374.9
1414980 1374.9
1414990 1374.2
1415000 1373.8
1415010 1373.8
1415020 1373.9
1415030 1372.5
1415040 1372.5
1415050 1371.1
1415060 1370.7
1415070 1370.7
1415080 1371.6
1415090 1371.8
1415100 1371.8
1415110 1371.3
1415120 1368.4
1415130 1368.4
1415140 1367.3
1415150 1366.0
1415160 1366.0
1415170 1364.6
1415180 1363.4
1415190 1363.4
1415200 1362.4
1415210 1361.7
1415220 1361.7
1415230 1360.7
1415240 1359.6
1415250 1359.6
1415260 1358.4
1415270 1357.6
1415280 1357.6
1415290 1356.5
1415300 1355.1
1415310 1355.1
1415320 1353.4
1415330 1351.6
1415340 1348.6
1415350 1348.6
1415360 1346.1
1415370 1345.0
1415380 1345.0
1415390 1344.7
1415400 1344.1
1415410 1344.1
1415420 1343.0
1415430 1339.3
1415440 1339.3
1415450 1332.5
1415460 1327.8
1415470 1327.8
1415480 1325.0
1415490 1318.4
1415500 1318.4
1415510 1306.3
1415520 1296.8
1415530 1296.8
1415540 1287.7
1415550 1279.7
1415560 1279.7
1415570 1272.2
1415580 1264.6
1415590 1264.6
1415600 1256.8
1415610 1250.0
1415620 1250.0
1415630 1243.9
1415640 1237.9
1415650 1237.9
1415660 1231.1
1415670 1224.7
1415680 1224.7
1415690 1218.4
1415700 1211.3
1415710 1211.3
1415720 1200.9
1415730 1192.1
1415740 1192.1
1415750 1183.8
1415760 1174.9
1415770 1174.9
1415780 1166.8
1415790 1159.4
1415800 1151.6
1415810 1151.6
1415820 1143.9
1415830 1137.6
1415840 1137.6
1415850 1132.7
1415860 1128.2
1415870 1128.2
1415880 1121.6
1415890 1112.7
1415900 1112.7
1415910 1102.9
1415920 1097.4
1415930 1097.4
1415940 1087.8
1415950 1075.2
1415960 1075.2
1415970 1068.5
1415980 1061.9
1415990 1061.9
1416000 1052.9
1416010 1044.3
1416020 1044.3
1416030 1035.6
1416040 1029.5
1416050 1029.5
1416060 1031.2
1416070 1032.0
1416080 1032.0
1416090 1034.0
1416100 1034.0
1416110 1034.0
1416120 1034.4
1416130 1034.8
1416140 1034.8
1416150 1033.3
1416160 1031.7
1416170 1031.7
1416180 1028.8
1416190 1029.7
1416200 1029.7
1416210 1031.9
1416220 1029.2
1416230 1027.6
1416240 1027.6
1416250 1027.7
1416260 1027.8
1416270 1027.8
1416280 1025.9
1416290 1027.7
1416300 1027.7
1416310 1029.9
1416320 1033.0
1416330 1033.0
1416340 1033.2
1416350 1033.1
1416360 1033.1
1416370 1031.6
1416380 1032.3
1416390 1032.3
1416400 1033.9
1416410 1035.6
1416420 1035.6
1416430 1035.0
1416440 1034.3
1416450 1034.3
1416460 1034.9
1416470 1036.9
1416480 1036.9
1416490 1039.5
1416500 1039.6
1416510 1039.6
1416520 1039.0
1416530 1040.4
1416540 1040.4
1416550 1042.6
1416560 1045.1
1416570 1045.1
1416580 1048.8
1416590 1049.6
1416600 1049.6
1416610 1052.3
1416620 1056.9
1416630 1056.9
1416640 1058.8
1416650 1058.8
1416660 1054.5
1416670 1054.5
1416680 1051.4
1416690 1051.0
1416700 1051.0
1416710 1052.5
1416720 1055.0
1416730 1055.0
1416740 1057.2
1416750 1059.3
1416760 1059.3
1416770 1061.6
1416780 1063.5
1416790 1063.5
1416800 1065.3
1416810 1067.8
1416820 1067.8
1416830 1070.9
1416840 1074.3
1416850 1074.3
1416860 1076.8
1416870 1080.9
1416880 1080.9
1416890 1084.8
1416900 1087.6
1416910 1087.6
1416920 1089.2
1416930 1089.4
1416940 1089.4
1416950 1090.9
1416960 1093.1
1416970 1093.1
1416980 1094.9
1416990 1096.8
1417000 1107.9
1417010 1108.1
1417020 1105.9
1417030 1105.9
1417040 1108.2
1417050 1112.6
1417060 1112.6
1417070 1117.0
1417080 1126.1
1417090 1131.0
1417100 1131.0
1417110 1128.3
1417120 1118.7
1417130 1118.7
1417140 1106.9
1417150 1097.5
1417160 1097.5
1417170 1088.7
1417180 1076.7
1417190 1076.7
1417200 1064.2
1417210 1052.8
1417220 1052.8
1417230 1042.1
1417240 1032.2
1417250 1032.2
1417260 1021.4
1417270 1010.8
1417280 1010.8
1417290 1001.1
1417300 992.3
1417310 992.3
1417320 981.5
1417330 971.9
1417340 971.9
1417350 962.2
1417360 951.4
1417370 951.4
1417380 942.9
1417390 934.4
1417400 934.4
1417410 925.5
1417420 914.0
1417430 914.0
1417440 900.6
1417450 888.2
1417460 888.2
1417470 878.4
1417480 869.7
1417490 869.7
1417500 862.2
1417510 855.5
1417520 849.3
1417530 849.3
1417540 842.5
1417550 836.5
1417560 836.5
1417570 830.4
1417580 823.7
1417590 823.7
1417600 816.7
1417610 809.0
1417620 809.0
1417630 801.7
1417640 795.2
1417650 795.2
1417660 787.6
1417670 779.3
1417680 779.3
1417690 775.4
1417700 773.1
1417710 773.1
1417720 767.4
1417730 762.8
1417740 762.8
1417750 758.7
1417760 755.3
1417770 755.3
1417780 751.1
1417790 749.1
1417800 749.1
1417810 744.6
1417820 737.0
1417830 737.0
1417840 738.2
1417850 743.6
1417860 743.6
1417870 750.3
1417880 757.7
1417890 757.7
1417900 763.8
1417910 769.9
1417920 769.9
1417930 776.7
1417940 779.8
1417950 779.8
1417960 780.1
1417970 776.7
1417980 773.3
1417990 773.3
1418000 772.9
1418010 773.9
1418020 773.9
1418030 776.0
1418040 775.9
1418050 775.9
1418060 775.7
1418070 777.5
1418080 777.5
1418090 781.2
1418100 780.2
1418110 780.2
1418120 773.8
1418130 760.5
1418140 760.5
1418150 747.0
1418160 737.6
1418170 737.6
1418180 733.4
1418190 731.0
1418200 731.0
1418210 729.8
1418220 726.1
1418230 726.1
1418240 723.2
1418250 720.9
1418260 720.9
1418270 717.5
1418280 712.9
1418290 712.9
1418300 708.2
1418310 705.7
1418320 705.7
1418330 707.0
1418340 711.0
1418350 711.0
1418360 710.1
1418370 711.3
1418380 711.3
1418390 710.6
1418400 711.6
1418410 714.4
1418420 714.4
1418430 717.8
1418440 720.2
1418450 720.2
1418460 721.2
1418470 721.0
1418480 721.0
1418490 719.2
1418500 716.5
1418510 716.5
1418520 716.8
1418530 719.2
1418540 719.2
1418550 722.6
1418560 725.4
1418570 725.4
1418580 722.6
1418590 718.3
1418600 718.3
1418610 710.5
1418620 703.4
1418630 703.4
1418640 701.7
1418650 700.1
1418660 700.1
1418670 696.6
1418680 692.3
1418690 692.3
1418700 689.2
1418710 680.7
1418720 680.7
1418730 670.6
1418740 663.4
1418750 663.4
1418760 654.7
1418770 643.3
1418780 643.3
1418790 627.6
1418800 615.3
1418810 615.3
1418820 603.5
1418830 600.6
1418840 599.6
1418850 599.6
1418860 600.3
1418870 600.3
1418880 600.3
1418890 604.5
1418900 622.3
1418910 622.3
1418920 635.3
1418930 637.9
1418940 637.9
1418950 646.2
1418960 655.1
1418970 655.1
1418980 680.5
1418990 694.8
1419000 694.8
1419010 700.6
1419020 705.3
1419030 705.3
1419040 709.9
1419050 716.3
1419060 716.3
1419070 722.9
1419080 730.0
1419090 730.0
1419100 738.2
1419110 745.5
1419120 745.5
1419130 751.7
1419140 759.3
1419150 759.3
1419160 767.5
1419170 775.6
1419180 775.6
1419190 783.4
1419200 789.6
1419210 789.6
1419220 795.5
