1402640 1581.4
1402650 1581.4
1402660 1584.9
1402670 1589.7
1402680 1589.7
1402690 1594.4
1402700 1599.2
1402710 1599.2
1402720 1603.8
1402730 1608.3
1402740 1608.3
1402750 1612.6
1402760 1616.5
1402770 1616.5
1402780 1620.2
1402790 1624.2
1402800 1627.8
1402810 1627.8
1402820 1631.6
1402830 1635.4
1402840 1635.4
1402850 1638.4
1402860 1641.8
1402870 1641.8
1402880 1645.4
1402890 1648.6
1402900 1648.6
1402910 1651.8
1402920 1654.7
1402930 1654.7
1402940 1657.6
1402950 1658.8
1402960 1658.8
1402970 1658.8
1402980 1655.2
1402990 1655.2
1403000 1649.5
1403010 1644.6
1403020 1644.6
1403030 1640.7
1403040 1637.5
1403050 1637.5
1403060 1634.1
1403070 1631.9
1403080 1631.9
1403090 1629.8
1403100 1628.1
1403110 1628.1
1403120 1626.5
1403130 1626.2
1403140 1626.2
1403150 1625.7
1403160 1625.5
1403170 1625.5
1403180 1625.7
1403190 1626.5
1403200 1626.5
1403210 1627.6
1403220 1629.5
1403230 1631.1
1403240 1631.1
1403250 1633.9
1403260 1636.8
1403270 1636.8
1403280 1639.4
1403290 1642.6
1403300 1642.6
1403310 1645.1
1403320 1647.7
1403330 1647.7
1403340 1649.7
1403350 1650.2
1403360 1650.2
1403370 1646.3
1403380 1638.5
1403390 1638.5
1403400 1627.7
1403410 1620.0
1403420 1620.0
1403430 1614.8
1403440 1610.1
1403450 1610.1
1403460 1605.4
1403470 1601.4
1403480 1601.4
1403490 1599.0
1403500 1597.2
1403510 1597.2
1403520 1595.6
1403530 1594.8
1403540 1594.8
1403550 1593.5
1403560 1592.4
1403570 1592.4
1403580 1591.6
1403590 1590.7
1403600 1590.7
1403610 1591.2
1403620 1591.9
1403630 1591.9
1403640 1593.1
1403650 1593.9
1403660 1596.1
1403670 1596.1
1403680 1598.4
1403690 1601.1
1403700 1601.1
1403710 1604.7
1403720 1608.2
1403730 1608.2
1403740 1607.4
1403750 1607.8
1403760 1607.8
1403770 1608.6
1403780 1610.5
1403790 1610.5
1403800 1611.5
1403810 1611.2
1403820 1611.2
1403830 1611.6
1403840 1612.1
1403850 1612.1
1403860 1615.7
1403870 1619.0
1403880 1619.0
1403890 1622.4
1403900 1625.8
1403910 1625.8
1403920 1628.6
1403930 1631.6
1403940 1631.6
1403950 1634.4
1403960 1637.0
1403970 1637.0
1403980 1640.1
1403990 1642.7
1404000 1642.7
1404010 1644.9
1404020 1647.2
1404030 1647.2
1404040 1648.9
1404050 1650.1
1404060 1650.1
1404070 1651.9
1404080 1652.9
1404090 1653.7
1404100 1653.7
1404110 1655.3
1404120 1657.6
1404130 1657.6
1404140 1660.6
1404150 1663.2
1404160 1663.2
1404170 1665.8
1404180 1668.6
1404190 1668.6
1404200 1670.9
1404210 1672.0
1404220 1672.0
1404230 1665.0
1404240 1663.0
1404250 1663.0
1404260 1661.2
1404270 1658.8
1404280 1658.8
1404290 1655.9
1404300 1653.2
1404310 1653.2
1404320 1650.0
1404330 1646.3
1404340 1646.3
1404350 1643.2
1404360 1640.8
1404370 1640.8
1404380 1638.0
1404390 1636.6
1404400 1636.6
1404410 1635.5
1404420 1634.8
1404430 1634.8
1404440 1634.9
1404450 1633.2
1404460 1633.2
1404470 1631.3
1404480 1629.4
1404490 1629.4
1404500 1627.0
1404510 1624.9
1404520 1624.4
1404530 1624.4
1404540 1624.5
1404550 1624.2
1404560 1624.2
1404570 1623.8
1404580 1624.6
1404590 1624.6
1404600 1625.5
1404610 1626.3
1404620 1626.3
1404630 1626.9
1404640 1628.7
1404650 1628.7
1404660 1627.8
1404670 1627.0
1404680 1627.0
1404690 1626.4
1404700 1625.9
1404710 1625.9
1404720 1625.2
1404730 1624.6
1404740 1624.6
1404750 1624.7
1404760 1624.6
1404770 1624.6
1404780 1622.4
1404790 1621.0
1404800 1621.0
1404810 1620.0
1404820 1618.5
1404830 1618.5
1404840 1617.3
1404850 1616.3
1404860 1616.3
1404870 1614.9
1404880 1614.0
1404890 1614.0
1404900 1613.1
1404910 1612.2
1404920 1612.2
1404930 1612.3
1404940 1611.3
1404950 1608.8
1404960 1608.8
1404970 1607.3
1404980 1605.6
1404990 1605.6
1405000 1603.7
1405010 1601.8
1405020 1601.8
1405030 1599.4
1405040 1598.3
1405050 1598.3
1405060 1596.0
1405070 1594.7
1405080 1594.7
1405090 1593.6
1405100 1592.7
1405110 1592.7
1405120 1592.0
1405130 1591.1
1405140 1591.1
1405150 1590.3
1405160 1589.1
1405170 1589.1
1405180 1588.0
1405190 1586.9
1405200 1586.9
1405210 1586.0
1405220 1583.8
1405230 1583.8
1405240 1582.8
1405250 1581.4
1405260 1581.4
1405270 1580.6
1405280 1578.9
1405290 1578.9
1405300 1571.2
1405310 1555.9
1405320 1555.9
1405330 1548.1
1405340 1541.3
1405350 1541.3
1405360 1534.6
1405370 1526.9
1405380 1519.2
1405390 1519.2
1405400 1512.5
1405410 1508.8
1405420 1508.8
1405430 1504.3
1405440 1500.1
1405450 1500.1
1405460 1496.2
1405470 1493.7
1405480 1493.7
1405490 1492.1
1405500 1488.6
1405510 1488.6
1405520 1481.8
1405530 1474.7
1405540 1474.7
1405550 1477.5
1405560 1476.8
1405570 1476.8
1405580 1473.6
1405590 1471.3
1405600 1471.3
1405610 1470.0
1405620 1471.2
1405630 1471.2
1405640 1473.5
1405650 1475.1
1405660 1475.1
1405670 1477.0
1405680 1478.7
1405690 1478.7
1405700 1478.4
1405710 1478.2
1405720 1478.2
1405730 1479.1
1405740 1479.4
1405750 1479.4
1405760 1478.5
1405770 1475.9
1405780 1475.9
1405790 1476.0
1405800 1478.4
1405810 1478.4
1405820 1482.4
1405830 1484.5
1405840 1474.5
1405850 1474.5
1405860 1475.9
1405870 1478.7
1405880 1478.7
1405890 1482.2
1405900 1482.7
1405910 1482.7
1405920 1483.7
1405930 1485.0
1405940 1485.0
1405950 1484.2
1405960 1484.1
1405970 1484.1
1405980 1484.2
1405990 1483.8
1406000 1483.8
1406010 1483.2
1406020 1482.1
1406030 1482.1
1406040 1479.8
1406050 1477.2
1406060 1477.2
1406070 1473.0
1406080 1466.0
1406090 1466.0
1406100 1456.6
1406110 1448.6
1406120 1448.6
1406130 1442.2
1406140 1435.8
1406150 1435.8
1406160 1430.4
1406170 1425.8
1406180 1425.8
1406190 1421.8
1406200 1417.9
1406210 1417.9
1406220 1413.5
1406230 1409.0
1406240 1409.0
1406250 1404.0
1406260 1397.9
1406270 1392.0
1406280 1392.0
1406290 1386.6
1406300 1380.4
1406310 1380.4
1406320 1376.2
1406330 1375.2
1406340 1375.2
1406350 1375.6
1406360 1375.6
1406370 1375.6
1406380 1375.4
1406390 1374.7
1406400 1374.7
1406410 1374.1
1406420 1373.4
1406430 1373.4
1406440 1372.9
1406450 1373.4
1406460 1373.4
1406470 1374.6
1406480 1377.1
1406490 1377.1
1406500 1380.4
1406510 1382.7
1406520 1382.7
1406530 1384.3
1406540 1386.3
1406550 1386.3
1406560 1389.3
1406570 1392.7
1406580 1392.7
1406590 1395.3
1406600 1397.0
1406610 1397.0
1406620 1397.3
1406630 1397.3
1406640 1397.3
1406650 1398.6
1406660 1399.6
1406670 1399.6
1406680 1400.0
1406690 1399.4
1406700 1398.8
1406710 1398.8
1406720 1398.2
1406730 1398.3
1406740 1398.3
1406750 1398.5
1406760 1398.8
1406770 1398.8
1406780 1398.6
1406790 1398.5
1406800 1398.5
1406810 1398.3
1406820 1398.0
1406830 1398.0
1406840 1397.5
1406850 1395.8
1406860 1395.8
1406870 1393.6
1406880 1388.6
1406890 1388.6
1406900 1377.9
1406910 1362.3
1406920 1362.3
1406930 1348.1
1406940 1338.4
1406950 1338.4
1406960 1329.6
1406970 1322.4
1406980 1322.4
1406990 1316.5
1407000 1308.9
1407010 1308.9
1407020 1301.1
1407030 1294.4
1407040 1294.4
1407050 1286.7
1407060 1280.2
1407070 1280.2
1407080 1273.2
1407090 1265.8
1407100 1265.8
1407110 1256.3
1407120 1247.0
1407130 1242.5
1407140 1242.5
1407150 1237.8
1407160 1235.2
1407170 1235.2
1407180 1231.4
1407190 1226.7
1407200 1226.7
1407210 1227.1
1407220 1228.5
1407230 1228.5
1407240 1229.0
1407250 1228.2
1407260 1228.2
1407270 1225.1
1407280 1221.7
1407290 1221.7
1407300 1217.8
1407310 1212.0
1407320 1212.0
1407330 1205.8
1407340 1199.9
1407350 1199.9
1407360 1194.6
1407370 1189.0
1407380 1189.0
1407390 1182.3
1407400 1175.4
1407410 1175.4
1407420 1162.8
1407430 1145.2
1407440 1145.2
1407450 1134.5
1407460 1124.2
1407470 1124.2
1407480 1115.4
1407490 1085.7
1407500 1085.7
1407510 1075.3
1407520 1065.0
1407530 1065.0
1407540 1051.0
1407550 1031.0
1407560 1017.6
1407570 1017.6
1407580 1005.1
1407590 992.6
1407600 992.6
1407610 977.0
1407620 968.1
1407630 968.1
1407640 960.0
1407650 952.4
1407660 952.4
1407670 944.8
1407680 936.5
1407690 936.5
1407700 927.7
1407710 919.5
1407720 919.5
1407730 911.2
1407740 903.9
1407750 903.9
1407760 895.4
1407770 883.5
1407780 883.5
1407790 867.2
1407800 853.5
1407810 853.5
1407820 845.8
1407830 838.8
1407840 838.8
1407850 832.5
1407860 826.6
1407870 826.6
1407880 818.5
1407890 806.7
1407900 806.7
1407910 802.2
1407920 808.5
1407930 808.5
1407940 828.8
1407950 844.9
1407960 844.9
1407970 850.6
1407980 853.3
1407990 858.1
1408000 858.1
1408010 869.0
1408020 882.7
1408030 882.7
1408040 894.9
1408050 914.4
1408060 914.4
1408070 922.1
1408080 929.3
1408090 929.3
1408100 937.5
1408110 958.7
1408120 958.7
1408130 968.7
1408140 975.2
1408150 975.2
1408160 979.6
1408170 983.4
1408180 983.4
1408190 989.1
1408200 993.2
1408210 993.2
1408220 995.3
1408230 1001.0
1408240 1001.0
1408250 1007.9
1408260 1016.3
1408270 1016.3
1408280 1023.4
1408290 1030.6
1408300 1030.6
1408310 1036.2
1408320 1041.1
1408330 1041.1
1408340 1048.8
1408350 1056.1
1408360 1056.1
1408370 1064.6
1408380 1073.0
1408390 1073.0
1408400 1082.4
1408410 1092.0
1408420 1101.6
1408430 1101.6
1408440 1110.9
1408450 1123.0
1408460 1123.0
1408470 1139.1
1408480 1155.7
1408490 1155.7
1408500 1168.3
1408510 1177.3
1408520 1177.3
1408530 1186.3
1408540 1194.5
1408550 1194.5
1408560 1202.4
1408570 1208.7
1408580 1208.7
1408590 1214.8
1408600 1218.8
1408610 1218.8
1408620 1224.2
1408630 1228.7
1408640 1228.7
1408650 1232.1
1408660 1236.6
1408670 1236.6
1408680 1240.0
1408690 1242.9
1408700 1242.9
1408710 1244.3
1408720 1244.0
1408730 1244.0
1408740 1242.8
1408750 1240.9
1408760 1240.9
1408770 1239.0
1408780 1237.8
1408790 1237.8
1408800 1235.9
1408810 1232.9
1408820 1232.9
1408830 1229.3
1408840 1224.5
1408850 1220.9
1408860 1220.9
1408870 1218.9
1408880 1218.1
1408890 1218.1
1408900 1217.2
1408910 1216.0
1408920 1216.0
1408930 1213.0
1408940 1209.7
1408950 1209.7
1408960 1205.4
1408970 1202.5
1408980 1202.5
1408990 1199.8
1409000 1194.9
1409010 1194.9
1409020 1189.1
1409030 1183.6
1409040 1183.6
1409050 1178.5
1409060 1175.9
1409070 1175.9
1409080 1172.8
1409090 1169.4
1409100 1169.4
1409110 1167.0
1409120 1164.3
1409130 1164.3
1409140 1166.5
1409150 1173.1
1409160 1173.1
1409170 1178.0
1409180 1182.9
1409190 1182.9
1409200 1188.1
1409210 1194.8
1409220 1194.8
1409230 1201.0
1409240 1206.4
1409250 1206.4
1409260 1212.8
1409270 1219.5
1409280 1226.1
1409290 1226.1
1409300 1231.2
1409310 1235.6
1409320 1235.6
1409330 1239.0
1409340 1244.0
1409350 1244.0
1409360 1250.3
1409370 1255.8
1409380 1255.8
1409390 1261.6
1409400 1268.1
1409410 1268.1
1409420 1275.7
1409430 1282.6
1409440 1282.6
1409450 1285.3
1409460 1288.0
1409470 1288.0
1409480 1291.0
1409490 1294.4
1409500 1294.4
1409510 1297.3
1409520 1300.3
1409530 1300.3
1409540 1302.7
1409550 1305.2
1409560 1305.2
1409570 1307.7
1409580 1309.8
1409590 1309.8
1409600 1311.2
1409610 1311.1
1409620 1311.1
1409630 1309.9
1409640 1308.3
1409650 1308.3
1409660 1306.2
1409670 1304.2
1409680 1304.2
1409690 1302.1
1409700 1300.1
1409710 1300.1
1409720 1298.1
1409730 1295.7
1409740 1293.1
1409750 1293.1
1409760 1290.6
1409770 1288.1
1409780 1288.1
1409790 1285.5
1409800 1282.2
1409810 1282.2
1409820 1278.7
1409830 1274.8
1409840 1274.8
1409850 1271.3
1409860 1268.7
1409870 1268.7
1409880 1265.9
1409890 1263.3
1409900 1263.3
1409910 1261.1
1409920 1258.5
1409930 1258.5
1409940 1255.6
1409950 1253.0
1409960 1253.0
1409970 1250.8
1409980 1249.1
1409990 1249.1
1410000 1248.4
1410010 1248.5
1410020 1248.5
1410030 1248.0
1410040 1247.5
1410050 1247.5
1410060 1246.2
1410070 1244.3
1410080 1244.3
1410090 1243.5
1410100 1242.8
1410110 1242.8
1410120 1242.8
1410130 1243.3
1410140 1243.3
1410150 1244.1
1410160 1244.3
1410170 1243.0
1410180 1243.0
1410190 1242.2
1410200 1241.0
1410210 1241.0
1410220 1238.4
1410230 1234.8
1410240 1234.8
1410250 1231.4
1410260 1228.0
1410270 1228.0
1410280 1225.4
1410290 1222.9
1410300 1222.9
1410310 1221.4
1410320 1221.9
1410330 1221.9
1410340 1221.3
1410350 1221.6
1410360 1221.6
1410370 1223.6
1410380 1227.2
1410390 1227.2
1410400 1230.6
1410410 1233.9
1410420 1233.9
1410430 1237.0
1410440 1239.8
1410450 1239.8
1410460 1242.6
1410470 1246.0
1410480 1246.0
1410490 1249.4
1410500 1252.4
1410510 1252.4
1410520 1254.9
1410530 1256.9
1410540 1256.9
1410550 1259.3
1410560 1261.7
1410570 1261.7
1410580 1263.9
1410590 1266.3
1410600 1268.3
1410610 1268.3
1410620 1268.9
1410630 1271.1
1410640 1271.1
1410650 1272.2
1410660 1273.6
1410670 1273.6
1410680 1274.7
1410690 1275.4
1410700 1275.4
1410710 1276.2
1410720 1276.4
1410730 1276.4
1410740 1276.4
1410750 1276.1
1410760 1276.1
1410770 1275.3
1410780 1274.5
1410790 1274.5
1410800 1273.2
1410810 1271.3
1410820 1271.3
1410830 1269.6
1410840 1267.6
1410850 1267.6
1410860 1264.8
1410870 1261.6
1410880 1261.6
1410890 1259.3
1410900 1253.6
1410910 1253.6
1410920 1252.1
1410930 1251.3
1410940 1251.3
1410950 1251.5
1410960 1251.7
1410970 1251.7
1410980 1252.2
1410990 1252.6
1411000 1252.6
1411010 1253.1
1411020 1253.2
1411030 1253.9
1411040 1253.9
1411050 1255.0
1411060 1255.6
1411070 1255.6
1411080 1256.8
1411090 1258.9
1411100 1258.9
1411110 1261.9
1411120 1265.5
1411130 1265.5
1411140 1270.9
1411150 1276.3
1411160 1276.3
1411170 1281.6
1411180 1286.7
1411190 1286.7
1411200 1291.0
1411210 1295.0
1411220 1295.0
1411230 1298.5
1411240 1301.5
1411250 1301.5
1411260 1304.0
1411270 1305.4
1411280 1305.4
1411290 1305.8
1411300 1305.1
1411310 1305.1
1411320 1302.7
1411330 1300.0
1411340 1300.0
1411350 1297.3
1411360 1295.0
1411370 1295.0
1411380 1293.7
1411390 1292.9
1411400 1292.9
1411410 1292.8
1411420 1291.7
1411430 1291.7
1411440 1287.1
1411450 1281.1
1411460 1277.1
1411470 1277.1
1411480 1276.7
1411490 1281.6
1411500 1281.6
1411510 1286.1
1411520 1285.7
1411530 1285.7
1411540 1287.6
1411550 1292.2
1411560 1292.2
1411570 1296.6
1411580 1301.4
1411590 1301.4
1411600 1306.9
1411610 1311.9
1411620 1311.9
1411630 1316.3
1411640 1320.2
1411650 1320.2
1411660 1323.9
1411670 1327.3
1411680 1327.3
1411690 1330.5
1411700 1333.1
1411710 1333.1
1411720 1335.9
1411730 1338.2
1411740 1338.2
1411750 1340.2
1411760 1342.0
1411770 1342.0
1411780 1343.5
1411790 1345.0
1411800 1345.0
1411810 1346.4
1411820 1348.0
1411830 1348.0
1411840 1348.4
1411850 1349.4
1411860 1349.4
1411870 1350.7
1411880 1351.4
1411890 1349.5
1411900 1349.5
1411910 1348.5
1411920 1350.8
1411930 1350.8
1411940 1354.6
1411950 1356.9
1411960 1356.9
1411970 1358.6
1411980 1359.2
1411990 1359.2
1412000 1360.3
1412010 1362.1
1412020 1362.1
1412030 1363.8
1412040 1365.4
1412050 1365.4
1412060 1366.6
1412070 1367.2
1412080 1367.2
1412090 1366.8
1412100 1366.0
1412110 1366.0
1412120 1365.5
1412130 1364.8
1412140 1364.8
1412150 1364.7
1412160 1364.7
1412170 1364.7
1412180 1365.0
1412190 1364.6
1412200 1364.6
1412210 1368.2
1412220 1372.3
1412230 1372.3
1412240 1375.4
1412250 1377.6
1412260 1377.6
1412270 1380.3
1412280 1383.2
1412290 1383.2
1412300 1385.0
1412310 1386.0
1412320 1385.0
1412330 1385.0
1412340 1383.6
1412350 1384.3
1412360 1384.3
1412370 1388.4
1412380 1390.2
1412390 1390.2
1412400 1393.1
1412410 1395.6
1412420 1395.6
1412430 1398.4
1412440 1400.7
1412450 1400.7
1412460 1401.4
1412470 1402.5
1412480 1402.5
1412490 1403.6
1412500 1404.7
1412510 1404.7
1412520 1405.3
1412530 1405.9
1412540 1405.9
1412550 1407.0
1412560 1409.8
1412570 1409.8
1412580 1411.2
1412590 1413.3
1412600 1413.3
1412610 1414.8
1412620 1416.0
1412630 1416.0
1412640 1418.0
1412650 1421.0
1412660 1422.8
1412670 1427.2
1412680 1432.5
1412690 1432.5
1412700 1437.6
1412710 1443.7
1412720 1443.7
1412730 1449.5
1412740 1455.4
1412750 1461.9
1412760 1461.9
1412770 1470.6
1412780 1478.9
1412790 1478.9
1412800 1484.1
1412810 1486.8
1412820 1486.8
1412830 1488.0
1412840 1488.7
1412850 1488.7
1412860 1489.0
1412870 1489.3
1412880 1489.3
1412890 1489.8
1412900 1490.3
1412910 1490.3
1412920 1490.7
1412930 1490.8
1412940 1490.8
1412950 1490.8
1412960 1490.9
1412970 1490.9
1412980 1491.4
1412990 1492.2
1413000 1492.2
1413010 1492.8
1413020 1493.2
1413030 1493.2
1413040 1494.7
1413050 1496.3
1413060 1496.3
1413070 1498.5
1413080 1500.8
1413090 1500.8
1413100 1503.0
1413110 1505.8
1413120 1505.8
1413130 1508.3
1413140 1510.8
1413150 1510.8
1413160 1513.3
1413170 1515.7
1413180 1515.7
1413190 1518.4
1413200 1520.9
1413210 1523.7
1413220 1523.7
1413230 1526.3
1413240 1528.9
1413250 1528.9
1413260 1532.3
1413270 1535.6
1413280 1535.6
1413290 1538.5
1413300 1541.6
1413310 1541.6
1413320 1544.3
1413330 1547.1
1413340 1547.1
1413350 1550.4
1413360 1553.1
1413370 1553.1
1413380 1556.4
1413390 1559.5
1413400 1559.5
1413410 1561.9
1413420 1564.9
1413430 1564.9
1413440 1568.0
1413450 1571.0
1413460 1571.0
1413470 1573.7
1413480 1575.2
1413490 1575.2
1413500 1576.5
1413510 1577.2
1413520 1577.2
1413530 1577.9
1413540 1578.5
1413550 1578.5
1413560 1580.6
1413570 1583.5
1413580 1583.5
1413590 1588.2
1413600 1593.5
1413610 1593.5
1413620 1598.5
1413630 1603.1
1413640 1607.6
1413650 1607.6
1413660 1612.3
1413670 1616.9
1413680 1616.9
1413690 1621.1
1413700 1625.0
1413710 1625.0
1413720 1629.3
1413730 1634.3
1413740 1634.3
1413750 1638.9
1413760 1643.1
1413770 1643.1
1413780 1647.1
1413790 1651.0
1413800 1651.0
1413810 1655.0
1413820 1653.3
1413830 1653.3
1413840 1637.4
1413850 1616.7
1413860 1616.7
1413870 1610.9
1413880 1618.1
1413890 1618.1
1413900 1618.4
1413910 1591.4
1413920 1591.4
1413930 1567.2
1413940 1560.6
1413950 1560.6
1413960 1554.6
1413970 1548.4
1413980 1548.4
1413990 1543.2
1414000 1538.2
1414010 1538.2
1414020 1533.5
1414030 1528.1
1414040 1528.1
1414050 1521.8
1414060 1515.9
1414070 1510.2
1414080 1510.2
1414090 1505.0
1414100 1500.3
1414110 1500.3
1414120 1496.4
1414130 1491.6
1414140 1491.6
1414150 1486.4
1414160 1481.3
1414170 1481.3
1414180 1476.3
1414190 1472.2
1414200 1472.2
1414210 1467.8
1414220 1463.2
1414230 1463.2
1414240 1458.3
1414250 1453.3
1414260 1453.3
1414270 1447.7
1414280 1442.5
1414290 1442.5
1414300 1438.0
1414310 1432.7
1414320 1432.7
1414330 1427.8
1414340 1423.3
1414350 1423.3
1414360 1417.5
1414370 1411.6
1414380 1411.6
1414390 1406.9
1414400 1402.2
1414410 1402.2
1414420 1397.5
1414430 1393.7
1414440 1393.7
1414450 1390.3
1414460 1386.8
1414470 1389.6
1414480 1387.1
1414490 1385.2
1414500 1383.9
1414510 1383.9
1414520 1382.5
1414530 1381.6
1414540 1381.6
1414550 1380.8
1414560 1380.0
1414570 1380.0
1414580 1378.7
1414590 1377.4
1414600 1377.4
1414610 1376.2
1414620 1375.0
1414630 1375.0
1414640 1373.8
1414650 1372.7
1414660 1372.7
1414670 1372.0
1414680 1370.8
1414690 1370.8
1414700 1371.0
1414710 1370.9
1414720 1370.9
1414730 1371.3
1414740 1372.1
1414750 1372.1
1414760 1373.1
1414770 1374.1
1414780 1374.1
1414790 1375.0
1414800 1376.1
1414810 1376.1
1414820 1377.8
1414830 1379.7
1414840 1379.7
1414850 1381.5
1414860 1382.7
1414870 1382.7
1414880 1384.6
1414890 1387.0
1414900 1387.0
1414910 1389.5
1414920 1392.2
1414930 1394.5
1414940 1394.5
1414950 1396.8
1414960 1397.2
1414970 1397.2
1414980 1400.6
1414990 1408.2
1415000 1408.2
1415010 1411.1
1415020 1414.9
1415030 1414.9
1415040 1416.4
1415050 1417.2
1415060 1417.2
1415070 1417.5
1415080 1421.1
1415090 1421.1
1415100 1423.7
1415110 1423.5
1415120 1423.5
1415130 1420.2
1415140 1417.2
1415150 1417.2
1415160 1412.8
1415170 1409.9
1415180 1409.9
1415190 1404.0
1415200 1402.7
1415210 1402.7
1415220 1404.0
1415230 1406.3
1415240 1406.3
1415250 1406.6
1415260 1407.5
1415270 1407.5
1415280 1411.0
1415290 1407.5
1415300 1407.5
1415310 1393.9
1415320 1380.8
1415330 1380.8
1415340 1380.7
1415350 1382.9
1415360 1383.6
1415370 1383.6
1415380 1382.3
1415390 1379.5
1415400 1379.5
1415410 1378.9
1415420 1379.3
1415430 1379.3
1415440 1380.5
1415450 1380.9
1415460 1380.9
1415470 1379.7
1415480 1377.9
1415490 1377.9
1415500 1375.9
1415510 1369.5
1415520 1369.5
1415530 1356.1
1415540 1358.6
1415550 1358.6
1415560 1362.2
1415570 1362.7
1415580 1362.7
1415590 1360.5
1415600 1357.8
1415610 1357.8
1415620 1356.8
1415630 1355.8
1415640 1355.8
1415650 1355.2
1415660 1357.1
1415670 1357.1
1415680 1358.7
1415690 1358.2
1415700 1358.2
1415710 1355.8
1415720 1351.7
1415730 1351.7
1415740 1349.2
1415750 1347.5
1415760 1347.5
1415770 1345.1
1415780 1341.1
1415790 1340.4
1415800 1340.4
1415810 1340.4
1415820 1339.7
1415830 1339.7
1415840 1340.4
1415850 1341.6
1415860 1341.6
1415870 1336.8
1415880 1337.7
1415890 1337.7
1415900 1339.0
1415910 1335.3
1415920 1335.3
1415930 1326.9
1415940 1333.1
1415950 1333.1
1415960 1339.9
1415970 1347.8
1415980 1347.8
1415990 1355.5
1416000 1361.9
1416010 1361.9
1416020 1365.6
1416030 1365.3
1416040 1365.3
1416050 1361.6
1416060 1357.2
1416070 1357.2
1416080 1353.1
1416090 1349.5
1416100 1349.5
1416110 1346.9
1416120 1345.2
1416130 1345.2
1416140 1343.8
1416150 1343.4
1416160 1343.4
1416170 1343.9
1416180 1344.7
1416190 1344.7
1416200 1345.5
1416210 1346.0
1416220 1348.8
1416230 1348.8
1416240 1351.9
1416250 1355.5
1416260 1355.5
1416270 1359.4
1416280 1364.2
1416290 1364.2
1416300 1370.0
1416310 1375.3
1416320 1375.3
1416330 1390.5
1416340 1394.4
1416350 1394.4
1416360 1399.2
1416370 1402.2
1416380 1402.2
1416390 1403.3
1416400 1402.9
1416410 1402.9
1416420 1401.5
1416430 1401.2
1416440 1401.2
1416450 1401.0
1416460 1401.0
1416470 1401.0
1416480 1402.3
1416490 1404.3
1416500 1404.3
1416510 1406.7
1416520 1408.8
1416530 1408.8
1416540 1412.7
1416550 1416.7
1416560 1416.7
1416570 1418.1
1416580 1416.8
1416590 1416.8
1416600 1414.4
1416610 1412.3
1416620 1412.3
1416630 1411.1
1416640 1407.8
1416650 1407.3
1416660 1407.3
1416670 1405.4
1416680 1398.5
1416690 1398.5
1416700 1387.7
1416710 1378.3
1416720 1378.3
1416730 1369.6
1416740 1361.1
1416750 1361.1
1416760 1353.5
1416770 1341.5
1416780 1341.5
1416790 1334.7
1416800 1330.0
1416810 1330.0
1416820 1323.2
1416830 1316.6
1416840 1316.6
1416850 1309.3
1416860 1303.6
1416870 1303.6
1416880 1298.0
1416890 1293.7
1416900 1293.7
1416910 1290.5
1416920 1287.9
1416930 1287.9
1416940 1286.1
1416950 1283.7
1416960 1283.7
1416970 1281.3
1416980 1278.3
1416990 1278.3
1417000 1274.9
1417010 1271.7
1417020 1271.7
1417030 1268.4
1417040 1266.0
1417050 1266.0
1417060 1264.3
1417070 1262.8
1417080 1260.6
1417090 1260.6
1417100 1257.8
1417110 1255.0
1417120 1255.0
1417130 1251.8
1417140 1248.0
1417150 1248.0
1417160 1245.9
1417170 1244.3
1417180 1244.3
1417190 1239.9
1417200 1237.2
1417210 1237.2
1417220 1236.0
1417230 1234.8
1417240 1234.8
1417250 1232.0
1417260 1227.0
1417270 1227.0
1417280 1223.7
1417290 1218.2
1417300 1218.2
1417310 1215.8
1417320 1209.4
1417330 1209.4
1417340 1202.1
1417350 1197.3
1417360 1197.3
1417370 1195.8
1417380 1194.0
1417390 1194.0
1417400 1192.9
1417410 1188.8
1417420 1188.8
1417430 1179.8
1417440 1171.1
1417450 1171.1
1417460 1164.5
1417470 1159.8
1417480 1159.8
1417490 1156.3
1417500 1148.5
1417510 1148.5
1417520 1132.4
1417530 1117.0
1417540 1109.0
1417550 1109.0
1417560 1102.0
1417570 1093.6
1417580 1093.6
1417590 1083.4
1417600 1073.2
1417610 1073.2
1417620 1060.6
1417630 1050.0
1417640 1050.0
1417650 1035.6
1417660 1019.3
1417670 1019.3
1417680 1009.9
1417690 1004.6
1417700 1004.6
1417710 1002.0
1417720 1004.0
1417730 1004.0
1417740 1006.4
1417750 1006.5
1417760 1006.5
1417770 1006.0
1417780 1005.7
1417790 1005.7
1417800 1004.6
1417810 1003.8
1417820 1003.8
1417830 1005.7
1417840 1007.7
1417850 1007.7
1417860 1004.7
1417870 999.7
1417880 999.7
1417890 997.9
1417900 1000.6
1417910 1000.6
1417920 1003.0
1417930 1003.8
1417940 1003.8
1417950 1006.1
1417960 1010.0
1417970 1013.7
1417980 1013.7
1417990 1019.1
1418000 1025.4
1418010 1025.4
1418020 1030.7
1418030 1034.4
1418040 1034.4
1418050 1038.2
1418060 1043.3
1418070 1043.3
1418080 1048.0
1418090 1053.1
1418100 1053.1
1418110 1058.3
1418120 1061.2
1418130 1061.2
1418140 1065.9
1418150 1073.1
1418160 1073.1
1418170 1078.0
1418180 1079.7
1418190 1079.7
1418200 1080.3
1418210 1080.5
1418220 1080.5
1418230 1080.4
1418240 1076.4
1418250 1076.4
1418260 1075.6
1418270 1075.5
1418280 1075.5
1418290 1076.0
1418300 1072.1
1418310 1072.1
1418320 1067.9
1418330 1063.6
1418340 1063.6
1418350 1060.8
1418360 1059.1
1418370 1059.1
1418380 1055.6
1418390 1052.8
1418400 1050.8
1418410 1050.8
1418420 1046.2
1418430 1037.6
1418440 1037.6
1418450 1029.3
1418460 1023.9
1418470 1023.9
1418480 1021.8
1418490 1017.7
1418500 1017.7
1418510 1011.7
1418520 1004.7
1418530 1004.7
1418540 999.2
1418550 991.8
1418560 991.8
1418570 984.6
1418580 978.6
1418590 978.6
1418600 974.1
1418610 968.6
1418620 968.6
1418630 960.0
1418640 950.4
1418650 950.4
1418660 943.1
1418670 936.2
1418680 936.2
1418690 928.4
1418700 919.3
1418710 919.3
1418720 909.1
1418730 900.5
1418740 900.5
1418750 893.7
1418760 886.8
1418770 886.8
1418780 878.7
1418790 870.3
1418800 870.3
1418810 863.6
1418820 859.7
1418830 855.7
1418840 855.7
1418850 850.4
1418860 842.3
1418870 842.3
1418880 835.5
1418890 828.2
1418900 828.2
1418910 820.8
1418920 812.4
1418930 812.4
1418940 803.0
1418950 792.9
1418960 792.9
1418970 785.7
1418980 780.9
1418990 780.9
1419000 778.0
1419010 769.0
1419020 769.0
1419030 760.8
1419040 752.7
1419050 752.7
1419060 741.2
1419070 731.6
1419080 731.6
1419090 724.8
1419100 718.3
1419110 718.3
1419120 710.0
1419130 699.2
1419140 699.2
1419150 687.9
1419160 681.0
1419170 681.0
1419180 675.4
1419190 668.6
1419200 668.6
1419210 663.7
1419220 656.7
1419230 656.7
1419240 648.2
1419250 642.0
1419260 636.0
1419270 636.0
1419280 628.9
1419290 620.5
1419300 620.5
1419310 610.5
1419320 599.5
1419330 599.5
1419340 589.8
1419350 582.5
1419360 582.5
1419370 580.7
1419380 580.1
1419390 580.1
1419400 579.0
1419410 576.9
1419420 576.9
1419430 579.5
1419440 592.5
1419450 592.5
1419460 601.8
1419470 610.2
1419480 610.2
1419490 618.5
1419500 627.3
1419510 627.3
1419520 641.9
1419530 660.0
1419540 660.0
1419550 672.6
1419560 681.4
1419570 681.4
1419580 691.2
1419590 702.4
1419600 702.4
1419610 708.5
1419620 709.9
1419630 709.9
1419640 709.3
1419650 706.1
1419660 706.1
1419670 700.1
1419680 691.2
1419690 682.9
1419700 682.9
1419710 676.6
