1419230 459.9
1419240 459.6
1419250 459.6
1419260 459.2
1419270 459.0
1419280 459.0
1419290 458.8
1419300 458.8
1419310 458.8
1419320 458.9
1419330 459.0
1419340 459.0
1419350 459.2
1419360 459.4
1419370 459.4
1419380 459.6
1419390 459.8
1419400 459.8
1419410 459.9
1419420 459.7
1419430 459.7
1419440 459.6
1419450 459.4
1419460 459.4
1419470 459.4
1419480 459.4
1419490 459.4
1419500 459.7
1419510 460.1
1419520 460.1
1419530 460.5
1419540 460.7
1419550 460.7
1419560 461.0
1419570 461.2
1419580 461.2
1419590 461.3
1419600 461.2
1419610 461.2
1419620 461.0
1419630 460.6
1419640 460.6
1419650 460.0
1419660 459.3
1419670 459.3
1419680 458.8
1419690 458.5
1419700 458.5
1419710 458.4
1419720 458.6
1419730 458.6
1419740 459.0
1419750 459.5
1419760 459.5
1419770 460.0
1419780 460.4
1419790 460.4
1419800 460.7
1419810 461.0
1419820 461.0
1419830 461.4
1419840 461.8
1419850 461.8
1419860 462.1
1419870 462.4
1419880 462.4
1419890 462.4
1419900 462.5
1419910 462.5
1419920 462.7
1419930 462.7
1419940 462.7
1419950 462.6
1419960 462.1
1419970 462.1
1419980 461.4
1419990 460.7
