1418360 471.6
1418370 471.6
1418380 470.7
1418390 469.5
1418400 469.5
1418410 468.7
1418420 468.3
1418430 468.3
1418440 468.0
1418450 467.8
1418460 467.8
1418470 467.7
1418480 467.6
1418490 467.6
1418500 467.6
1418510 467.5
1418520 467.5
1418530 467.5
1418540 467.5
1418550 467.5
1418560 467.6
1418570 467.7
1418580 467.7
1418590 467.7
1418600 467.7
1418610 467.7
1418620 467.6
1418630 467.5
1418640 467.5
1418650 467.5
1418660 467.4
1418670 467.4
1418680 467.3
1418690 467.0
1418700 467.0
1418710 466.8
1418720 466.7
1418730 466.7
1418740 466.7
1418750 466.7
1418760 466.7
1418770 466.9
1418780 464.5
1418790 464.5
1418800 460.6
1418810 455.2
1418820 455.2
1418830 450.9
1418840 448.1
1418850 448.1
1418860 443.9
1418870 440.2
1418880 440.2
1418890 434.4
1418900 427.0
1418910 427.0
1418920 420.8
1418930 417.8
1418940 417.8
1418950 416.5
1418960 415.8
1418970 415.8
1418980 415.7
1418990 417.4
1419000 417.4
1419010 416.7
1419020 414.0
1419030 414.0
1419040 411.0
1419050 408.7
1419060 408.7
1419070 407.1
1419080 406.1
1419090 406.1
1419100 405.5
1419110 404.6
1419120 404.6
1419130 403.5
1419140 401.8
1419150 401.8
1419160 399.9
1419170 398.6
1419180 398.6
1419190 397.9
1419200 397.0
1419210 397.0
1419220 395.4
1419230 393.1
1419240 393.1
1419250 391.5
1419260 390.8
1419270 390.8
1419280 390.0
1419290 388.8
1419300 388.8
1419310 387.3
1419320 385.4
1419330 385.4
1419340 383.4
1419350 381.4
1419360 379.3
1419370 379.3
1419380 377.2
1419390 375.6
1419400 375.6
1419410 374.6
1419420 374.0
1419430 374.0
1419440 373.4
1419450 372.9
1419460 372.9
1419470 372.5
1419480 372.5
1419490 372.5
1419500 372.7
1419510 372.9
1419520 372.9
1419530 373.0
1419540 373.0
1419550 373.0
1419560 372.8
1419570 372.2
1419580 372.2
1419590 369.4
1419600 367.6
1419610 367.6
1419620 366.9
1419630 368.3
1419640 368.3
1419650 369.3
1419660 368.6
1419670 368.6
1419680 368.1
1419690 368.0
1419700 368.0
1419710 368.4
1419720 368.8
1419730 368.8
1419740 368.9
1419750 368.8
1419760 368.8
1419770 368.4
1419780 368.8
1419790 368.8
1419800 369.3
1419810 369.4
1419820 369.4
1419830 368.7
1419840 369.3
1419850 369.3
1419860 370.0
1419870 370.3
1419880 370.3
1419890 370.5
1419900 368.3
1419910 368.3
1419920 366.3
1419930 365.9
1419940 365.9
1419950 366.0
1419960 366.0
1419970 366.0
1419980 365.9
1419990 365.9
