1418350 472.6
1418360 472.4
1418370 472.4
1418380 471.8
1418390 470.5
1418400 470.5
1418410 469.5
1418420 468.9
1418430 468.9
1418440 468.5
1418450 468.1
1418460 468.1
1418470 467.8
1418480 467.7
1418490 467.7
1418500 467.6
1418510 467.5
1418520 467.5
1418530 467.5
1418540 467.6
1418550 467.6
1418560 467.6
1418570 467.7
1418580 467.7
1418590 467.7
1418600 467.6
1418610 467.6
1418620 467.5
1418630 467.4
1418640 467.4
1418650 467.4
1418660 467.3
1418670 467.3
1418680 467.2
1418690 466.9
1418700 466.9
1418710 466.7
1418720 466.6
1418730 466.6
1418740 466.6
1418750 466.7
1418760 466.7
1418770 466.8
1418780 464.9
1418790 464.9
1418800 460.7
1418810 455.4
1418820 455.4
1418830 449.3
1418840 445.2
1418850 445.2
1418860 442.1
1418870 438.3
1418880 438.3
1418890 432.6
1418900 426.0
1418910 426.0
1418920 420.6
1418930 417.8
1418940 417.8
1418950 416.5
1418960 415.6
1418970 415.6
1418980 416.3
1418990 417.2
1419000 417.2
1419010 414.5
1419020 411.4
1419030 411.4
1419040 408.6
1419050 406.6
1419060 406.6
1419070 405.2
1419080 404.3
1419090 404.3
1419100 404.1
1419110 404.2
1419120 404.2
1419130 403.8
1419140 402.4
1419150 402.4
1419160 400.2
1419170 398.5
1419180 398.5
1419190 397.7
1419200 397.1
1419210 397.1
1419220 396.1
1419230 394.4
1419240 394.4
1419250 392.7
1419260 391.8
1419270 391.8
1419280 390.8
1419290 389.1
1419300 389.1
1419310 387.4
1419320 385.9
1419330 384.3
1419340 384.3
1419350 382.6
1419360 380.4
1419370 380.4
1419380 378.3
1419390 376.3
1419400 376.3
1419410 374.7
1419420 373.8
1419430 373.8
1419440 373.2
1419450 372.8
1419460 372.8
1419470 372.6
1419480 372.6
1419490 372.6
1419500 372.7
1419510 372.8
1419520 372.9
1419530 373.0
1419540 373.0
1419550 373.0
1419560 372.8
1419570 372.2
1419580 372.2
1419590 369.4
1419600 367.6
1419610 367.6
1419620 366.9
1419630 368.3
1419640 368.3
1419650 369.3
1419660 368.6
1419670 368.6
1419680 368.1
1419690 368.0
1419700 368.0
1419710 368.4
1419720 368.8
1419730 368.8
1419740 368.9
1419750 368.8
1419760 368.8
1419770 368.4
1419780 368.8
1419790 368.8
1419800 369.3
1419810 369.4
1419820 369.4
1419830 368.7
1419840 369.3
1419850 369.3
1419860 370.0
1419870 370.3
1419880 370.3
1419890 370.5
1419900 368.3
1419910 368.3
1419920 366.3
1419930 365.9
1419940 365.9
1419950 366.0
1419960 366.0
1419970 366.0
1419980 365.9
1419990 365.9
