1418270 478.6
1418280 478.6
1418290 478.9
1418300 479.3
1418310 479.3
1418320 479.8
1418330 480.3
1418340 480.3
1418350 480.9
1418360 481.6
1418370 481.6
1418380 481.8
1418390 481.5
1418400 481.5
1418410 481.2
1418420 480.7
1418430 480.7
1418440 480.1
1418450 479.5
1418460 479.5
1418470 479.4
1418480 479.2
1418490 479.2
1418500 478.3
1418510 477.4
1418520 477.4
1418530 475.8
1418540 475.5
1418550 475.5
1418560 475.5
1418570 474.8
1418580 474.8
1418590 473.9
1418600 472.0
1418610 472.0
1418620 470.4
1418630 469.4
1418640 469.4
1418650 468.6
1418660 467.7
1418670 467.7
1418680 467.1
1418690 466.6
1418700 466.6
1418710 466.1
1418720 465.7
1418730 465.7
1418740 465.2
1418750 462.2
1418760 462.2
1418770 458.5
1418780 455.0
1418790 455.0
1418800 451.8
1418810 447.2
1418820 440.4
1418830 440.4
1418840 433.7
1418850 429.0
1418860 429.0
1418870 426.8
1418880 427.0
1418890 427.0
1418900 425.5
1418910 422.4
1418920 422.4
1418930 417.6
1418940 413.1
1418950 413.1
1418960 409.0
1418970 406.3
1418980 406.3
1418990 404.6
1419000 403.8
1419010 403.8
1419020 404.6
1419030 405.8
1419040 405.8
1419050 405.6
1419060 404.1
1419070 404.1
1419080 402.6
1419090 400.3
1419100 400.3
1419110 396.6
1419120 392.6
1419130 392.6
1419140 389.8
1419150 388.2
1419160 388.2
1419170 386.5
1419180 384.7
1419190 384.7
1419200 383.4
1419210 382.1
1419220 382.1
1419230 380.9
1419240 379.6
1419250 379.6
1419260 378.5
1419270 377.5
1419280 377.5
1419290 376.5
1419300 375.6
1419310 375.6
1419320 374.7
1419330 372.6
1419340 372.6
1419350 370.0
1419360 368.2
1419370 368.2
1419380 367.5
1419390 367.5
1419400 367.5
1419410 367.5
1419420 367.5
1419430 367.5
1419440 367.6
1419450 367.8
1419460 367.8
1419470 368.1
1419480 368.4
1419490 368.4
1419500 368.4
1419510 367.6
1419520 367.6
1419530 367.5
1419540 368.3
1419550 368.3
1419560 369.1
1419570 368.5
1419580 368.5
1419590 368.1
1419600 368.1
1419610 368.1
1419620 368.2
1419630 368.3
1419640 368.3
1419650 368.1
1419660 368.1
1419670 368.1
1419680 368.4
1419690 368.8
1419700 368.8
1419710 368.5
1419720 368.9
1419730 368.9
1419740 369.3
1419750 369.2
1419760 369.2
1419770 369.3
1419780 369.7
1419790 369.7
1419800 370.1
1419810 369.6
1419820 369.6
1419830 366.9
1419840 365.6
1419850 365.6
1419860 365.7
1419870 365.6
1419880 365.6
1419890 365.6
1419900 365.5
1419910 365.5
1419920 365.5
1419930 365.6
1419940 365.6
1419950 365.6
1419960 365.6
1419970 365.6
1419980 365.7
1419990 368.2
