1417880 483.9
1417890 483.9
1417900 483.1
1417910 481.9
1417920 481.9
1417930 480.3
1417940 478.6
1417950 477.1
1417960 477.1
1417970 475.7
1417980 474.3
1417990 474.3
1418000 473.2
1418010 472.5
1418020 472.5
1418030 471.8
1418040 471.1
1418050 471.1
1418060 470.2
1418070 468.9
1418080 468.9
1418090 467.8
1418100 466.8
1418110 466.8
1418120 466.0
1418130 465.4
1418140 465.4
1418150 464.9
1418160 464.9
1418170 464.9
1418180 465.3
1418190 465.6
1418200 465.6
1418210 462.9
1418220 456.9
1418230 456.9
1418240 450.4
1418250 443.5
1418260 443.5
1418270 439.6
1418280 437.7
1418290 437.7
1418300 436.4
1418310 435.8
1418320 435.8
1418330 435.7
1418340 435.5
1418350 435.5
1418360 436.6
1418370 435.9
1418380 433.7
1418390 431.9
1418400 429.6
1418410 429.6
1418420 427.5
1418430 425.7
1418440 425.7
1418450 425.1
1418460 425.4
1418470 425.4
1418480 426.5
1418490 426.8
1418500 426.8
1418510 426.2
1418520 423.8
1418530 423.8
1418540 418.3
1418550 412.6
1418560 412.6
1418570 408.3
1418580 406.3
1418590 406.3
1418600 404.3
1418610 402.3
1418620 402.3
1418630 400.4
1418640 398.1
1418650 398.1
1418660 396.5
1418670 394.7
1418680 394.7
1418690 393.4
1418700 392.2
1418710 392.2
1418720 390.9
1418730 390.1
1418740 390.1
1418750 388.6
1418760 386.6
1418770 386.6
1418780 385.4
1418790 384.5
1418800 384.5
1418810 383.2
1418820 382.1
1418830 382.1
1418840 381.2
1418850 380.4
1418860 380.4
1418870 378.7
1418880 376.3
1418890 376.3
1418900 374.5
1418910 372.9
1418920 372.9
1418930 371.2
1418940 369.1
1418950 369.1
1418960 367.0
1418970 366.3
1418980 366.3
1418990 366.6
1419000 366.3
1419010 366.3
1419020 366.3
1419030 365.1
1419040 365.1
1419050 366.3
1419060 366.8
1419070 366.8
1419080 366.4
1419090 366.5
1419100 366.5
1419110 366.9
1419120 366.9
1419130 366.9
1419140 366.8
1419150 366.8
1419160 366.8
1419170 366.5
1419180 366.7
1419190 366.7
1419200 366.8
1419210 367.3
1419220 367.3
1419230 367.5
1419240 367.3
1419250 367.3
1419260 367.1
1419270 367.2
1419280 367.2
1419290 367.3
1419300 367.3
1419310 367.3
1419320 367.8
1419330 368.3
1419340 368.3
1419350 368.6
1419360 368.7
1419370 368.7
1419380 367.1
1419390 365.1
1419400 365.1
1419410 364.4
1419420 364.5
1419430 364.5
1419440 364.5
1419450 364.5
1419460 364.5
1419470 364.5
1419480 364.5
1419490 364.5
1419500 364.5
1419510 364.5
1419520 364.5
1419530 364.5
1419540 365.8
1419550 367.7
1419560 367.7
1419570 368.1
1419580 367.5
1419590 367.5
1419600 367.3
1419610 367.4
1419620 367.4
1419630 365.8
1419640 366.6
1419650 366.6
1419660 367.2
1419670 366.9
1419680 366.9
1419690 366.7
1419700 366.6
1419710 366.6
1419720 366.5
1419730 366.4
1419740 366.4
1419750 366.3
1419760 366.3
1419770 366.3
1419780 366.2
1419790 366.1
1419800 366.1
1419810 366.1
1419820 366.2
1419830 366.2
1419840 366.1
1419850 365.9
1419860 365.9
1419870 365.9
1419880 366.1
1419890 366.1
1419900 366.1
1419910 366.2
1419920 366.2
1419930 366.2
1419940 366.3
1419950 366.3
1419960 366.2
1419970 366.1
1419980 366.1
1419990 365.9
