1417740 481.7
1417750 481.7
1417760 481.7
1417770 481.7
1417780 481.7
1417790 481.7
1417800 481.9
1417810 481.9
1417820 482.1
1417830 482.1
1417840 482.1
1417850 482.0
1417860 481.5
1417870 481.5
1417880 480.6
1417890 479.9
1417900 479.9
1417910 480.0
1417920 480.9
1417930 480.9
1417940 481.8
1417950 482.2
1417960 482.2
1417970 482.4
1417980 482.7
1417990 482.7
1418000 483.2
1418010 483.2
1418020 483.2
1418030 482.9
1418040 482.8
1418050 482.8
1418060 482.7
1418070 482.7
1418080 482.7
1418090 482.9
1418100 483.3
1418110 483.3
1418120 483.7
1418130 484.1
1418140 484.1
1418150 484.5
1418160 485.2
1418170 485.2
1418180 485.6
1418190 485.7
1418200 485.7
1418210 485.8
1418220 485.6
1418230 485.6
1418240 485.9
1418250 486.4
1418260 486.4
1418270 487.0
1418280 487.3
1418290 487.3
1418300 487.0
1418310 486.8
1418320 486.8
1418330 487.0
1418340 487.3
1418350 487.3
1418360 487.5
1418370 487.6
1418380 487.6
1418390 487.4
1418400 487.0
1418410 487.0
1418420 486.8
1418430 486.6
1418440 486.6
1418450 485.7
1418460 484.6
1418470 484.6
1418480 482.4
1418490 478.2
1418500 478.2
1418510 472.6
1418520 465.7
1418530 465.7
1418540 457.9
1418550 453.6
1418560 453.6
1418570 452.7
1418580 453.8
1418590 453.8
1418600 455.7
1418610 455.4
1418620 455.4
1418630 453.1
1418640 451.3
1418650 451.3
1418660 447.3
1418670 442.0
1418680 442.0
1418690 437.5
1418700 434.1
1418710 434.1
1418720 434.7
1418730 434.5
1418740 434.5
1418750 432.7
1418760 432.1
1418770 432.1
1418780 431.1
1418790 429.3
1418800 429.3
1418810 426.8
1418820 425.1
1418830 425.1
1418840 424.8
1418850 424.8
1418860 424.8
1418870 425.0
1418880 424.5
1418890 424.5
1418900 423.5
1418910 422.0
1418920 422.0
1418930 419.7
1418940 417.1
1418950 417.1
1418960 415.0
1418970 411.7
1418980 411.7
1418990 407.1
1419000 402.3
1419010 402.3
1419020 398.6
1419030 393.6
1419040 393.6
1419050 386.7
1419060 379.3
1419070 379.3
1419080 372.3
1419090 367.5
1419100 366.7
1419110 366.7
1419120 368.2
1419130 368.7
1419140 368.7
1419150 365.1
1419160 363.2
1419170 363.2
1419180 363.2
1419190 363.2
1419200 363.2
1419210 363.2
1419220 363.1
1419230 363.1
1419240 363.1
1419250 363.3
1419260 363.3
1419270 363.1
1419280 363.0
1419290 363.0
1419300 363.0
1419310 364.4
1419320 364.4
1419330 366.4
1419340 365.3
1419350 365.3
1419360 364.5
1419370 365.7
1419380 365.7
1419390 365.7
1419400 365.7
1419410 365.7
1419420 366.6
1419430 369.9
1419440 369.9
1419450 375.1
1419460 381.3
1419470 381.3
1419480 388.8
1419490 397.4
1419500 397.4
1419510 402.6
1419520 406.2
1419530 406.2
1419540 409.9
1419550 413.9
1419560 413.9
1419570 415.5
1419580 416.6
1419590 416.6
1419600 419.0
1419610 421.8
1419620 421.8
1419630 424.3
1419640 425.8
1419650 425.8
1419660 427.0
1419670 428.3
1419680 428.3
1419690 429.1
1419700 429.7
1419710 429.7
1419720 430.8
1419730 431.4
1419740 431.4
1419750 431.9
1419760 432.5
1419770 432.5
1419780 433.3
1419790 434.7
1419800 434.7
1419810 436.6
1419820 438.7
1419830 438.7
1419840 440.8
1419850 444.0
1419860 444.0
1419870 449.1
1419880 454.9
1419890 454.9
1419900 460.2
1419910 465.7
1419920 465.7
1419930 471.6
1419940 474.5
1419950 474.5
1419960 474.7
1419970 475.2
1419980 475.2
1419990 476.4
