1417930 489.0
1417940 489.0
1417950 489.2
1417960 489.9
1417970 489.9
1417980 490.6
1417990 491.4
1418000 491.4
1418010 492.3
1418020 493.3
1418030 493.3
1418040 493.8
1418050 493.8
1418060 493.8
1418070 493.8
1418080 493.8
1418090 493.8
1418100 493.7
1418110 492.9
1418120 492.9
1418130 491.6
1418140 490.3
1418150 490.3
1418160 489.5
1418170 488.8
1418180 488.8
1418190 488.2
1418200 487.6
1418210 486.9
1418220 486.9
1418230 486.2
1418240 485.4
1418250 485.4
1418260 484.8
1418270 484.6
1418280 484.6
1418290 484.0
1418300 483.1
1418310 483.1
1418320 482.5
1418330 482.3
1418340 482.3
1418350 481.9
1418360 481.0
1418370 481.0
1418380 479.8
1418390 478.4
1418400 478.4
1418410 477.2
1418420 476.8
1418430 476.8
1418440 476.6
1418450 476.4
1418460 476.4
1418470 476.2
1418480 473.4
1418490 473.4
1418500 467.3
1418510 461.3
1418520 461.3
1418530 455.7
1418540 451.0
1418550 451.0
1418560 448.7
1418570 447.2
1418580 447.2
1418590 445.6
1418600 443.9
1418610 443.9
1418620 441.9
1418630 440.0
1418640 440.0
1418650 437.5
1418660 435.2
1418670 435.2
1418680 433.6
1418690 431.9
1418700 431.9
1418710 431.1
1418720 430.7
1418730 430.7
1418740 431.4
1418750 431.0
1418760 431.0
1418770 428.9
1418780 426.3
1418790 426.3
1418800 424.3
1418810 422.8
1418820 422.8
1418830 421.8
1418840 420.5
1418850 420.5
1418860 418.9
1418870 417.2
1418880 417.2
1418890 416.4
1418900 415.9
1418910 415.9
1418920 415.1
1418930 414.7
1418940 414.7
1418950 415.8
1418960 417.6
1418970 417.6
1418980 417.4
1418990 415.9
1419000 415.9
1419010 415.7
1419020 416.1
1419030 416.1
1419040 416.7
1419050 417.3
1419060 417.3
1419070 417.9
1419080 418.4
1419090 418.4
1419100 418.0
1419110 416.9
1419120 415.7
1419130 414.6
1419140 412.9
1419150 412.9
1419160 411.3
1419170 409.5
1419180 409.5
1419190 407.4
1419200 405.0
1419210 405.0
1419220 402.7
1419230 400.1
1419240 400.1
1419250 396.2
1419260 394.1
1419270 394.1
1419280 393.5
1419290 393.9
1419300 393.9
1419310 393.2
1419320 392.6
1419330 392.6
1419340 391.9
1419350 390.1
1419360 390.1
1419370 388.9
1419380 386.8
1419390 386.8
1419400 384.9
1419410 384.0
1419420 384.0
1419430 383.1
1419440 381.6
1419450 381.6
1419460 380.7
1419470 380.4
1419480 380.4
1419490 380.0
1419500 380.2
1419510 380.2
1419520 378.8
1419530 377.1
1419540 377.1
1419550 375.3
1419560 372.0
1419570 372.0
1419580 369.9
1419590 368.5
1419600 368.5
1419610 367.0
1419620 365.2
1419630 365.2
1419640 363.3
1419650 362.4
1419660 362.4
1419670 362.3
1419680 362.3
1419690 362.3
1419700 362.3
1419710 362.3
1419720 362.3
1419730 362.4
1419740 362.3
1419750 362.3
1419760 362.3
1419770 362.3
1419780 362.3
1419790 362.3
1419800 362.4
1419810 362.4
1419820 362.5
1419830 362.6
1419840 362.6
1419850 364.2
1419860 366.2
1419870 367.2
1419880 367.2
1419890 366.6
1419900 366.2
1419910 366.2
1419920 367.0
1419930 369.7
1419940 369.7
1419950 373.4
1419960 377.3
1419970 377.3
1419980 380.4
1419990 384.5
