1417900 492.2
1417910 492.2
1417920 492.5
1417930 492.9
1417940 492.9
1417950 493.3
1417960 493.7
1417970 493.7
1417980 493.9
1417990 493.7
1418000 493.7
1418010 493.1
1418020 492.3
1418030 492.3
1418040 491.7
1418050 491.4
1418060 491.4
1418070 491.7
1418080 492.2
1418090 492.2
1418100 492.3
1418110 491.6
1418120 491.6
1418130 490.4
1418140 489.4
1418150 489.4
1418160 488.5
1418170 487.8
1418180 487.8
1418190 487.1
1418200 486.5
1418210 486.5
1418220 485.9
1418230 485.3
1418240 485.3
1418250 484.5
1418260 483.8
1418270 483.8
1418280 482.9
1418290 481.5
1418300 481.5
1418310 480.8
1418320 479.9
1418330 479.9
1418340 478.8
1418350 478.0
1418360 477.2
1418370 477.2
1418380 476.9
1418390 477.0
1418400 477.0
1418410 476.9
1418420 476.7
1418430 476.7
1418440 476.4
1418450 473.0
1418460 473.0
1418470 467.1
1418480 459.6
1418490 459.6
1418500 452.8
1418510 449.8
1418520 449.8
1418530 448.4
1418540 447.9
1418550 447.9
1418560 447.2
1418570 445.9
1418580 445.9
1418590 443.6
1418600 439.6
1418610 439.6
1418620 434.7
1418630 433.5
1418640 433.5
1418650 434.6
1418660 435.3
1418670 435.3
1418680 436.3
1418690 437.1
1418700 437.1
1418710 435.7
1418720 433.3
1418730 433.3
1418740 431.7
1418750 429.5
1418760 429.5
1418770 427.6
1418780 426.7
1418790 426.7
1418800 425.7
1418810 423.0
1418820 423.0
1418830 419.1
1418840 416.0
1418850 416.0
1418860 414.4
1418870 414.4
1418880 414.4
1418890 415.1
1418900 416.0
1418910 416.0
1418920 415.7
1418930 414.3
1418940 414.3
1418950 412.9
1418960 412.7
1418970 412.7
1418980 413.8
1418990 414.8
1419000 414.8
1419010 415.1
1419020 414.5
1419030 414.5
1419040 413.7
1419050 412.9
1419060 412.9
1419070 411.1
1419080 409.1
1419090 409.1
1419100 407.5
1419110 406.7
1419120 408.5
1419130 408.9
1419140 408.8
1419150 408.8
1419160 406.6
1419170 401.9
1419180 401.9
1419190 397.2
1419200 395.8
1419210 395.8
1419220 395.6
1419230 395.5
1419240 395.5
1419250 394.8
1419260 394.5
1419270 394.5
1419280 393.8
1419290 392.3
1419300 392.3
1419310 391.6
1419320 389.6
1419330 389.6
1419340 387.1
1419350 385.7
1419360 385.7
1419370 384.2
1419380 382.3
1419390 382.3
1419400 380.8
1419410 379.6
1419420 379.6
1419430 378.1
1419440 377.2
1419450 377.2
1419460 376.9
1419470 375.9
1419480 375.9
1419490 375.7
1419500 375.0
1419510 375.0
1419520 371.8
1419530 369.4
1419540 369.4
1419550 367.5
1419560 366.2
1419570 366.2
1419580 363.9
1419590 362.5
1419600 362.5
1419610 362.4
1419620 362.4
1419630 362.4
1419640 362.4
1419650 362.4
1419660 362.4
1419670 362.4
1419680 362.3
1419690 362.3
1419700 362.3
1419710 362.3
1419720 362.3
1419730 362.5
1419740 362.7
1419750 362.7
1419760 362.7
1419770 362.6
1419780 362.6
1419790 363.4
1419800 365.7
1419810 365.7
1419820 367.3
1419830 367.2
1419840 367.2
1419850 366.9
1419860 367.6
1419870 367.6
1419880 369.3
1419890 373.0
1419900 373.0
1419910 377.5
1419920 382.0
1419930 382.0
1419940 386.5
1419950 391.8
1419960 391.8
1419970 396.2
1419980 399.0
1419990 399.0
