1418150 490.1
1418160 490.1
1418170 490.1
1418180 490.2
1418190 490.2
1418200 490.2
1418210 489.9
1418220 489.9
1418230 489.4
1418240 488.7
1418250 488.7
1418260 488.0
1418270 487.4
1418280 487.4
1418290 486.8
1418300 486.3
1418310 486.3
1418320 485.7
1418330 485.2
1418340 485.2
1418350 484.8
1418360 484.4
1418370 484.4
1418380 484.1
1418390 484.0
1418400 484.0
1418410 483.9
1418420 483.9
1418430 483.9
1418440 483.9
1418450 483.6
1418460 483.6
1418470 483.2
1418480 482.8
1418490 482.8
1418500 482.4
1418510 481.7
1418520 481.7
1418530 480.7
1418540 479.4
1418550 479.4
1418560 478.0
1418570 476.5
1418580 476.5
1418590 475.1
1418600 474.4
1418610 474.4
1418620 474.1
1418630 474.0
1418640 474.0
1418650 474.2
1418660 473.8
1418670 473.8
1418680 473.4
1418690 473.4
1418700 473.4
1418710 473.4
1418720 473.3
1418730 473.3
1418740 473.2
1418750 473.1
1418760 473.1
1418770 473.1
1418780 472.9
1418790 472.9
1418800 472.8
1418810 472.8
1418820 472.9
1418830 472.9
1418840 472.9
1418850 472.6
1418860 472.6
1418870 469.4
1418880 463.7
1418890 463.7
1418900 459.7
1418910 457.8
1418920 457.8
1418930 457.2
1418940 455.7
1418950 455.7
1418960 452.6
1418970 449.8
1418980 449.8
1418990 448.0
1419000 446.5
1419010 446.5
1419020 444.3
1419030 440.5
1419040 440.5
1419050 437.4
1419060 435.5
1419070 435.5
1419080 434.1
1419090 432.6
1419100 432.6
1419110 430.8
1419120 429.7
1419130 429.7
1419140 430.0
1419150 429.3
1419160 429.3
1419170 426.1
1419180 422.9
1419190 422.9
1419200 422.1
1419210 422.0
1419220 422.0
1419230 422.0
1419240 421.4
1419250 421.4
1419260 419.7
1419270 418.0
1419280 418.0
1419290 417.3
1419300 417.5
1419310 417.5
1419320 417.9
1419330 418.8
1419340 418.8
1419350 420.7
1419360 421.9
1419370 421.9
1419380 422.6
1419390 423.1
1419400 423.1
1419410 422.9
1419420 422.3
1419430 422.3
1419440 421.8
1419450 420.6
1419460 420.6
1419470 419.4
1419480 417.0
1419490 417.0
1419500 415.1
1419510 414.1
1419520 414.1
1419530 413.6
1419540 413.5
1419550 413.5
1419560 412.9
1419570 411.6
1419580 411.6
1419590 410.0
1419600 409.6
1419610 409.6
1419620 409.9
1419630 409.6
1419640 409.6
1419650 409.2
1419660 408.8
1419670 408.8
1419680 408.7
1419690 408.8
1419700 408.8
1419710 408.9
1419720 408.6
1419730 408.6
1419740 408.5
1419750 408.3
1419760 408.3
1419770 408.2
1419780 407.6
1419790 407.6
1419800 408.3
1419810 408.5
1419820 408.5
1419830 408.4
1419840 405.8
1419850 405.8
1419860 401.2
1419870 398.3
1419880 398.3
1419890 395.4
1419900 390.3
1419910 390.3
1419920 384.4
1419930 379.8
1419940 379.8
1419950 374.8
1419960 369.9
1419970 369.9
1419980 367.0
1419990 364.8
